Chemical species: H2 He H2O CH4 SO2
P (bar) | log_H2: -2σ | log_H2: -1σ | log_H2: median | log_H2: +1σ | log_H2: +2σ 
1.00000000e+02 -0.11842270 -0.08869051 -0.07290866 -0.06883806 -0.06828859 
8.11130831e+01 -0.11842270 -0.08869051 -0.07290866 -0.06883806 -0.06828859 
6.57933225e+01 -0.11842270 -0.08869051 -0.07290866 -0.06883806 -0.06828859 
5.33669923e+01 -0.11842270 -0.08869051 -0.07290866 -0.06883806 -0.06828859 
4.32876128e+01 -0.11842270 -0.08869051 -0.07290866 -0.06883806 -0.06828859 
3.51119173e+01 -0.11842270 -0.08869051 -0.07290866 -0.06883806 -0.06828859 
2.84803587e+01 -0.11842270 -0.08869051 -0.07290866 -0.06883806 -0.06828859 
2.31012970e+01 -0.11842270 -0.08869051 -0.07290866 -0.06883806 -0.06828859 
1.87381742e+01 -0.11842270 -0.08869051 -0.07290866 -0.06883806 -0.06828859 
1.51991108e+01 -0.11842270 -0.08869051 -0.07290866 -0.06883806 -0.06828859 
1.23284674e+01 -0.11842270 -0.08869051 -0.07290866 -0.06883806 -0.06828859 
1.00000000e+01 -0.11842270 -0.08869051 -0.07290866 -0.06883806 -0.06828859 
8.11130831e+00 -0.11842270 -0.08869051 -0.07290866 -0.06883806 -0.06828859 
6.57933225e+00 -0.11842270 -0.08869051 -0.07290866 -0.06883806 -0.06828859 
5.33669923e+00 -0.11842270 -0.08869051 -0.07290866 -0.06883806 -0.06828859 
4.32876128e+00 -0.11842270 -0.08869051 -0.07290866 -0.06883806 -0.06828859 
3.51119173e+00 -0.11842270 -0.08869051 -0.07290866 -0.06883806 -0.06828859 
2.84803587e+00 -0.11842270 -0.08869051 -0.07290866 -0.06883806 -0.06828859 
2.31012970e+00 -0.11842270 -0.08869051 -0.07290866 -0.06883806 -0.06828859 
1.87381742e+00 -0.11842270 -0.08869051 -0.07290866 -0.06883806 -0.06828859 
1.51991108e+00 -0.11842270 -0.08869051 -0.07290866 -0.06883806 -0.06828859 
1.23284674e+00 -0.11842270 -0.08869051 -0.07290866 -0.06883806 -0.06828859 
1.00000000e+00 -0.11842270 -0.08869051 -0.07290866 -0.06883806 -0.06828859 
8.11130831e-01 -0.11842270 -0.08869051 -0.07290866 -0.06883806 -0.06828859 
6.57933225e-01 -0.11842270 -0.08869051 -0.07290866 -0.06883806 -0.06828859 
5.33669923e-01 -0.11842270 -0.08869051 -0.07290866 -0.06883806 -0.06828859 
4.32876128e-01 -0.11842270 -0.08869051 -0.07290866 -0.06883806 -0.06828859 
3.51119173e-01 -0.11842270 -0.08869051 -0.07290866 -0.06883806 -0.06828859 
2.84803587e-01 -0.11842270 -0.08869051 -0.07290866 -0.06883806 -0.06828859 
2.31012970e-01 -0.11842270 -0.08869051 -0.07290866 -0.06883806 -0.06828859 
1.87381742e-01 -0.11842270 -0.08869051 -0.07290866 -0.06883806 -0.06828859 
1.51991108e-01 -0.11842270 -0.08869051 -0.07290866 -0.06883806 -0.06828859 
1.23284674e-01 -0.11842270 -0.08869051 -0.07290866 -0.06883806 -0.06828859 
1.00000000e-01 -0.11842270 -0.08869051 -0.07290866 -0.06883806 -0.06828859 
8.11130831e-02 -0.11842270 -0.08869051 -0.07290866 -0.06883806 -0.06828859 
6.57933225e-02 -0.11842270 -0.08869051 -0.07290866 -0.06883806 -0.06828859 
5.33669923e-02 -0.11842270 -0.08869051 -0.07290866 -0.06883806 -0.06828859 
4.32876128e-02 -0.11842270 -0.08869051 -0.07290866 -0.06883806 -0.06828859 
3.51119173e-02 -0.11842270 -0.08869051 -0.07290866 -0.06883806 -0.06828859 
2.84803587e-02 -0.11842270 -0.08869051 -0.07290866 -0.06883806 -0.06828859 
2.31012970e-02 -0.11842270 -0.08869051 -0.07290866 -0.06883806 -0.06828859 
1.87381742e-02 -0.11842270 -0.08869051 -0.07290866 -0.06883806 -0.06828859 
1.51991108e-02 -0.11842270 -0.08869051 -0.07290866 -0.06883806 -0.06828859 
1.23284674e-02 -0.11842270 -0.08869051 -0.07290866 -0.06883806 -0.06828859 
1.00000000e-02 -0.11842270 -0.08869051 -0.07290866 -0.06883806 -0.06828859 
8.11130831e-03 -0.11842270 -0.08869051 -0.07290866 -0.06883806 -0.06828859 
6.57933225e-03 -0.11842270 -0.08869051 -0.07290866 -0.06883806 -0.06828859 
5.33669923e-03 -0.11842270 -0.08869051 -0.07290866 -0.06883806 -0.06828859 
4.32876128e-03 -0.11842270 -0.08869051 -0.07290866 -0.06883806 -0.06828859 
3.51119173e-03 -0.11842270 -0.08869051 -0.07290866 -0.06883806 -0.06828859 
2.84803587e-03 -0.11842270 -0.08869051 -0.07290866 -0.06883806 -0.06828859 
2.31012970e-03 -0.11842270 -0.08869051 -0.07290866 -0.06883806 -0.06828859 
1.87381742e-03 -0.11842270 -0.08869051 -0.07290866 -0.06883806 -0.06828859 
1.51991108e-03 -0.11842270 -0.08869051 -0.07290866 -0.06883806 -0.06828859 
1.23284674e-03 -0.11842270 -0.08869051 -0.07290866 -0.06883806 -0.06828859 
1.00000000e-03 -0.11842270 -0.08869051 -0.07290866 -0.06883806 -0.06828859 
8.11130831e-04 -0.11842270 -0.08869051 -0.07290866 -0.06883806 -0.06828859 
6.57933225e-04 -0.11842270 -0.08869051 -0.07290866 -0.06883806 -0.06828859 
5.33669923e-04 -0.11842270 -0.08869051 -0.07290866 -0.06883806 -0.06828859 
4.32876128e-04 -0.11842270 -0.08869051 -0.07290866 -0.06883806 -0.06828859 
3.51119173e-04 -0.11842270 -0.08869051 -0.07290866 -0.06883806 -0.06828859 
2.84803587e-04 -0.11842270 -0.08869051 -0.07290866 -0.06883806 -0.06828859 
2.31012970e-04 -0.11842270 -0.08869051 -0.07290866 -0.06883806 -0.06828859 
1.87381742e-04 -0.11842270 -0.08869051 -0.07290866 -0.06883806 -0.06828859 
1.51991108e-04 -0.11842270 -0.08869051 -0.07290866 -0.06883806 -0.06828859 
1.23284674e-04 -0.11842270 -0.08869051 -0.07290866 -0.06883806 -0.06828859 
1.00000000e-04 -0.11842270 -0.08869051 -0.07290866 -0.06883806 -0.06828859 
8.11130831e-05 -0.11842270 -0.08869051 -0.07290866 -0.06883806 -0.06828859 
6.57933225e-05 -0.11842270 -0.08869051 -0.07290866 -0.06883806 -0.06828859 
5.33669923e-05 -0.11842270 -0.08869051 -0.07290866 -0.06883806 -0.06828859 
4.32876128e-05 -0.11842270 -0.08869051 -0.07290866 -0.06883806 -0.06828859 
3.51119173e-05 -0.11842270 -0.08869051 -0.07290866 -0.06883806 -0.06828859 
2.84803587e-05 -0.11842270 -0.08869051 -0.07290866 -0.06883806 -0.06828859 
2.31012970e-05 -0.11842270 -0.08869051 -0.07290866 -0.06883806 -0.06828859 
1.87381742e-05 -0.11842270 -0.08869051 -0.07290866 -0.06883806 -0.06828859 
1.51991108e-05 -0.11842270 -0.08869051 -0.07290866 -0.06883806 -0.06828859 
1.23284674e-05 -0.11842270 -0.08869051 -0.07290866 -0.06883806 -0.06828859 
1.00000000e-05 -0.11842270 -0.08869051 -0.07290866 -0.06883806 -0.06828859 
8.11130831e-06 -0.11842270 -0.08869051 -0.07290866 -0.06883806 -0.06828859 
6.57933225e-06 -0.11842270 -0.08869051 -0.07290866 -0.06883806 -0.06828859 
5.33669923e-06 -0.11842270 -0.08869051 -0.07290866 -0.06883806 -0.06828859 
4.32876128e-06 -0.11842270 -0.08869051 -0.07290866 -0.06883806 -0.06828859 
3.51119173e-06 -0.11842270 -0.08869051 -0.07290866 -0.06883806 -0.06828859 
2.84803587e-06 -0.11842270 -0.08869051 -0.07290866 -0.06883806 -0.06828859 
2.31012970e-06 -0.11842270 -0.08869051 -0.07290866 -0.06883806 -0.06828859 
1.87381742e-06 -0.11842270 -0.08869051 -0.07290866 -0.06883806 -0.06828859 
1.51991108e-06 -0.11842270 -0.08869051 -0.07290866 -0.06883806 -0.06828859 
1.23284674e-06 -0.11842270 -0.08869051 -0.07290866 -0.06883806 -0.06828859 
1.00000000e-06 -0.11842270 -0.08869051 -0.07290866 -0.06883806 -0.06828859 
8.11130831e-07 -0.11842270 -0.08869051 -0.07290866 -0.06883806 -0.06828859 
6.57933225e-07 -0.11842270 -0.08869051 -0.07290866 -0.06883806 -0.06828859 
5.33669923e-07 -0.11842270 -0.08869051 -0.07290866 -0.06883806 -0.06828859 
4.32876128e-07 -0.11842270 -0.08869051 -0.07290866 -0.06883806 -0.06828859 
3.51119173e-07 -0.11842270 -0.08869051 -0.07290866 -0.06883806 -0.06828859 
2.84803587e-07 -0.11842270 -0.08869051 -0.07290866 -0.06883806 -0.06828859 
2.31012970e-07 -0.11842270 -0.08869051 -0.07290866 -0.06883806 -0.06828859 
1.87381742e-07 -0.11842270 -0.08869051 -0.07290866 -0.06883806 -0.06828859 
1.51991108e-07 -0.11842270 -0.08869051 -0.07290866 -0.06883806 -0.06828859 
1.23284674e-07 -0.11842270 -0.08869051 -0.07290866 -0.06883806 -0.06828859 
1.00000000e-07 -0.11842270 -0.08869051 -0.07290866 -0.06883806 -0.06828859 
P (bar) | log_He: -2σ | log_He: -1σ | log_He: median | log_He: +1σ | log_He: +2σ 
1.00000000e+02 -0.88797378 -0.85824159 -0.84245974 -0.83838914 -0.83783967 
8.11130831e+01 -0.88797378 -0.85824159 -0.84245974 -0.83838914 -0.83783967 
6.57933225e+01 -0.88797378 -0.85824159 -0.84245974 -0.83838914 -0.83783967 
5.33669923e+01 -0.88797378 -0.85824159 -0.84245974 -0.83838914 -0.83783967 
4.32876128e+01 -0.88797378 -0.85824159 -0.84245974 -0.83838914 -0.83783967 
3.51119173e+01 -0.88797378 -0.85824159 -0.84245974 -0.83838914 -0.83783967 
2.84803587e+01 -0.88797378 -0.85824159 -0.84245974 -0.83838914 -0.83783967 
2.31012970e+01 -0.88797378 -0.85824159 -0.84245974 -0.83838914 -0.83783967 
1.87381742e+01 -0.88797378 -0.85824159 -0.84245974 -0.83838914 -0.83783967 
1.51991108e+01 -0.88797378 -0.85824159 -0.84245974 -0.83838914 -0.83783967 
1.23284674e+01 -0.88797378 -0.85824159 -0.84245974 -0.83838914 -0.83783967 
1.00000000e+01 -0.88797378 -0.85824159 -0.84245974 -0.83838914 -0.83783967 
8.11130831e+00 -0.88797378 -0.85824159 -0.84245974 -0.83838914 -0.83783967 
6.57933225e+00 -0.88797378 -0.85824159 -0.84245974 -0.83838914 -0.83783967 
5.33669923e+00 -0.88797378 -0.85824159 -0.84245974 -0.83838914 -0.83783967 
4.32876128e+00 -0.88797378 -0.85824159 -0.84245974 -0.83838914 -0.83783967 
3.51119173e+00 -0.88797378 -0.85824159 -0.84245974 -0.83838914 -0.83783967 
2.84803587e+00 -0.88797378 -0.85824159 -0.84245974 -0.83838914 -0.83783967 
2.31012970e+00 -0.88797378 -0.85824159 -0.84245974 -0.83838914 -0.83783967 
1.87381742e+00 -0.88797378 -0.85824159 -0.84245974 -0.83838914 -0.83783967 
1.51991108e+00 -0.88797378 -0.85824159 -0.84245974 -0.83838914 -0.83783967 
1.23284674e+00 -0.88797378 -0.85824159 -0.84245974 -0.83838914 -0.83783967 
1.00000000e+00 -0.88797378 -0.85824159 -0.84245974 -0.83838914 -0.83783967 
8.11130831e-01 -0.88797378 -0.85824159 -0.84245974 -0.83838914 -0.83783967 
6.57933225e-01 -0.88797378 -0.85824159 -0.84245974 -0.83838914 -0.83783967 
5.33669923e-01 -0.88797378 -0.85824159 -0.84245974 -0.83838914 -0.83783967 
4.32876128e-01 -0.88797378 -0.85824159 -0.84245974 -0.83838914 -0.83783967 
3.51119173e-01 -0.88797378 -0.85824159 -0.84245974 -0.83838914 -0.83783967 
2.84803587e-01 -0.88797378 -0.85824159 -0.84245974 -0.83838914 -0.83783967 
2.31012970e-01 -0.88797378 -0.85824159 -0.84245974 -0.83838914 -0.83783967 
1.87381742e-01 -0.88797378 -0.85824159 -0.84245974 -0.83838914 -0.83783967 
1.51991108e-01 -0.88797378 -0.85824159 -0.84245974 -0.83838914 -0.83783967 
1.23284674e-01 -0.88797378 -0.85824159 -0.84245974 -0.83838914 -0.83783967 
1.00000000e-01 -0.88797378 -0.85824159 -0.84245974 -0.83838914 -0.83783967 
8.11130831e-02 -0.88797378 -0.85824159 -0.84245974 -0.83838914 -0.83783967 
6.57933225e-02 -0.88797378 -0.85824159 -0.84245974 -0.83838914 -0.83783967 
5.33669923e-02 -0.88797378 -0.85824159 -0.84245974 -0.83838914 -0.83783967 
4.32876128e-02 -0.88797378 -0.85824159 -0.84245974 -0.83838914 -0.83783967 
3.51119173e-02 -0.88797378 -0.85824159 -0.84245974 -0.83838914 -0.83783967 
2.84803587e-02 -0.88797378 -0.85824159 -0.84245974 -0.83838914 -0.83783967 
2.31012970e-02 -0.88797378 -0.85824159 -0.84245974 -0.83838914 -0.83783967 
1.87381742e-02 -0.88797378 -0.85824159 -0.84245974 -0.83838914 -0.83783967 
1.51991108e-02 -0.88797378 -0.85824159 -0.84245974 -0.83838914 -0.83783967 
1.23284674e-02 -0.88797378 -0.85824159 -0.84245974 -0.83838914 -0.83783967 
1.00000000e-02 -0.88797378 -0.85824159 -0.84245974 -0.83838914 -0.83783967 
8.11130831e-03 -0.88797378 -0.85824159 -0.84245974 -0.83838914 -0.83783967 
6.57933225e-03 -0.88797378 -0.85824159 -0.84245974 -0.83838914 -0.83783967 
5.33669923e-03 -0.88797378 -0.85824159 -0.84245974 -0.83838914 -0.83783967 
4.32876128e-03 -0.88797378 -0.85824159 -0.84245974 -0.83838914 -0.83783967 
3.51119173e-03 -0.88797378 -0.85824159 -0.84245974 -0.83838914 -0.83783967 
2.84803587e-03 -0.88797378 -0.85824159 -0.84245974 -0.83838914 -0.83783967 
2.31012970e-03 -0.88797378 -0.85824159 -0.84245974 -0.83838914 -0.83783967 
1.87381742e-03 -0.88797378 -0.85824159 -0.84245974 -0.83838914 -0.83783967 
1.51991108e-03 -0.88797378 -0.85824159 -0.84245974 -0.83838914 -0.83783967 
1.23284674e-03 -0.88797378 -0.85824159 -0.84245974 -0.83838914 -0.83783967 
1.00000000e-03 -0.88797378 -0.85824159 -0.84245974 -0.83838914 -0.83783967 
8.11130831e-04 -0.88797378 -0.85824159 -0.84245974 -0.83838914 -0.83783967 
6.57933225e-04 -0.88797378 -0.85824159 -0.84245974 -0.83838914 -0.83783967 
5.33669923e-04 -0.88797378 -0.85824159 -0.84245974 -0.83838914 -0.83783967 
4.32876128e-04 -0.88797378 -0.85824159 -0.84245974 -0.83838914 -0.83783967 
3.51119173e-04 -0.88797378 -0.85824159 -0.84245974 -0.83838914 -0.83783967 
2.84803587e-04 -0.88797378 -0.85824159 -0.84245974 -0.83838914 -0.83783967 
2.31012970e-04 -0.88797378 -0.85824159 -0.84245974 -0.83838914 -0.83783967 
1.87381742e-04 -0.88797378 -0.85824159 -0.84245974 -0.83838914 -0.83783967 
1.51991108e-04 -0.88797378 -0.85824159 -0.84245974 -0.83838914 -0.83783967 
1.23284674e-04 -0.88797378 -0.85824159 -0.84245974 -0.83838914 -0.83783967 
1.00000000e-04 -0.88797378 -0.85824159 -0.84245974 -0.83838914 -0.83783967 
8.11130831e-05 -0.88797378 -0.85824159 -0.84245974 -0.83838914 -0.83783967 
6.57933225e-05 -0.88797378 -0.85824159 -0.84245974 -0.83838914 -0.83783967 
5.33669923e-05 -0.88797378 -0.85824159 -0.84245974 -0.83838914 -0.83783967 
4.32876128e-05 -0.88797378 -0.85824159 -0.84245974 -0.83838914 -0.83783967 
3.51119173e-05 -0.88797378 -0.85824159 -0.84245974 -0.83838914 -0.83783967 
2.84803587e-05 -0.88797378 -0.85824159 -0.84245974 -0.83838914 -0.83783967 
2.31012970e-05 -0.88797378 -0.85824159 -0.84245974 -0.83838914 -0.83783967 
1.87381742e-05 -0.88797378 -0.85824159 -0.84245974 -0.83838914 -0.83783967 
1.51991108e-05 -0.88797378 -0.85824159 -0.84245974 -0.83838914 -0.83783967 
1.23284674e-05 -0.88797378 -0.85824159 -0.84245974 -0.83838914 -0.83783967 
1.00000000e-05 -0.88797378 -0.85824159 -0.84245974 -0.83838914 -0.83783967 
8.11130831e-06 -0.88797378 -0.85824159 -0.84245974 -0.83838914 -0.83783967 
6.57933225e-06 -0.88797378 -0.85824159 -0.84245974 -0.83838914 -0.83783967 
5.33669923e-06 -0.88797378 -0.85824159 -0.84245974 -0.83838914 -0.83783967 
4.32876128e-06 -0.88797378 -0.85824159 -0.84245974 -0.83838914 -0.83783967 
3.51119173e-06 -0.88797378 -0.85824159 -0.84245974 -0.83838914 -0.83783967 
2.84803587e-06 -0.88797378 -0.85824159 -0.84245974 -0.83838914 -0.83783967 
2.31012970e-06 -0.88797378 -0.85824159 -0.84245974 -0.83838914 -0.83783967 
1.87381742e-06 -0.88797378 -0.85824159 -0.84245974 -0.83838914 -0.83783967 
1.51991108e-06 -0.88797378 -0.85824159 -0.84245974 -0.83838914 -0.83783967 
1.23284674e-06 -0.88797378 -0.85824159 -0.84245974 -0.83838914 -0.83783967 
1.00000000e-06 -0.88797378 -0.85824159 -0.84245974 -0.83838914 -0.83783967 
8.11130831e-07 -0.88797378 -0.85824159 -0.84245974 -0.83838914 -0.83783967 
6.57933225e-07 -0.88797378 -0.85824159 -0.84245974 -0.83838914 -0.83783967 
5.33669923e-07 -0.88797378 -0.85824159 -0.84245974 -0.83838914 -0.83783967 
4.32876128e-07 -0.88797378 -0.85824159 -0.84245974 -0.83838914 -0.83783967 
3.51119173e-07 -0.88797378 -0.85824159 -0.84245974 -0.83838914 -0.83783967 
2.84803587e-07 -0.88797378 -0.85824159 -0.84245974 -0.83838914 -0.83783967 
2.31012970e-07 -0.88797378 -0.85824159 -0.84245974 -0.83838914 -0.83783967 
1.87381742e-07 -0.88797378 -0.85824159 -0.84245974 -0.83838914 -0.83783967 
1.51991108e-07 -0.88797378 -0.85824159 -0.84245974 -0.83838914 -0.83783967 
1.23284674e-07 -0.88797378 -0.85824159 -0.84245974 -0.83838914 -0.83783967 
1.00000000e-07 -0.88797378 -0.85824159 -0.84245974 -0.83838914 -0.83783967 
P (bar) | log_H2O: -2σ | log_H2O: -1σ | log_H2O: median | log_H2O: +1σ | log_H2O: +2σ 
1.00000000e+02 -3.62730148 -2.83029476 -1.96614087 -1.34139734 -0.96342617 
8.11130831e+01 -3.62730148 -2.83029476 -1.96614087 -1.34139734 -0.96342617 
6.57933225e+01 -3.62730148 -2.83029476 -1.96614087 -1.34139734 -0.96342617 
5.33669923e+01 -3.62730148 -2.83029476 -1.96614087 -1.34139734 -0.96342617 
4.32876128e+01 -3.62730148 -2.83029476 -1.96614087 -1.34139734 -0.96342617 
3.51119173e+01 -3.62730148 -2.83029476 -1.96614087 -1.34139734 -0.96342617 
2.84803587e+01 -3.62730148 -2.83029476 -1.96614087 -1.34139734 -0.96342617 
2.31012970e+01 -3.62730148 -2.83029476 -1.96614087 -1.34139734 -0.96342617 
1.87381742e+01 -3.62730148 -2.83029476 -1.96614087 -1.34139734 -0.96342617 
1.51991108e+01 -3.62730148 -2.83029476 -1.96614087 -1.34139734 -0.96342617 
1.23284674e+01 -3.62730148 -2.83029476 -1.96614087 -1.34139734 -0.96342617 
1.00000000e+01 -3.62730148 -2.83029476 -1.96614087 -1.34139734 -0.96342617 
8.11130831e+00 -3.62730148 -2.83029476 -1.96614087 -1.34139734 -0.96342617 
6.57933225e+00 -3.62730148 -2.83029476 -1.96614087 -1.34139734 -0.96342617 
5.33669923e+00 -3.62730148 -2.83029476 -1.96614087 -1.34139734 -0.96342617 
4.32876128e+00 -3.62730148 -2.83029476 -1.96614087 -1.34139734 -0.96342617 
3.51119173e+00 -3.62730148 -2.83029476 -1.96614087 -1.34139734 -0.96342617 
2.84803587e+00 -3.62730148 -2.83029476 -1.96614087 -1.34139734 -0.96342617 
2.31012970e+00 -3.62730148 -2.83029476 -1.96614087 -1.34139734 -0.96342617 
1.87381742e+00 -3.62730148 -2.83029476 -1.96614087 -1.34139734 -0.96342617 
1.51991108e+00 -3.62730148 -2.83029476 -1.96614087 -1.34139734 -0.96342617 
1.23284674e+00 -3.62730148 -2.83029476 -1.96614087 -1.34139734 -0.96342617 
1.00000000e+00 -3.62730148 -2.83029476 -1.96614087 -1.34139734 -0.96342617 
8.11130831e-01 -3.62730148 -2.83029476 -1.96614087 -1.34139734 -0.96342617 
6.57933225e-01 -3.62730148 -2.83029476 -1.96614087 -1.34139734 -0.96342617 
5.33669923e-01 -3.62730148 -2.83029476 -1.96614087 -1.34139734 -0.96342617 
4.32876128e-01 -3.62730148 -2.83029476 -1.96614087 -1.34139734 -0.96342617 
3.51119173e-01 -3.62730148 -2.83029476 -1.96614087 -1.34139734 -0.96342617 
2.84803587e-01 -3.62730148 -2.83029476 -1.96614087 -1.34139734 -0.96342617 
2.31012970e-01 -3.62730148 -2.83029476 -1.96614087 -1.34139734 -0.96342617 
1.87381742e-01 -3.62730148 -2.83029476 -1.96614087 -1.34139734 -0.96342617 
1.51991108e-01 -3.62730148 -2.83029476 -1.96614087 -1.34139734 -0.96342617 
1.23284674e-01 -3.62730148 -2.83029476 -1.96614087 -1.34139734 -0.96342617 
1.00000000e-01 -3.62730148 -2.83029476 -1.96614087 -1.34139734 -0.96342617 
8.11130831e-02 -3.62730148 -2.83029476 -1.96614087 -1.34139734 -0.96342617 
6.57933225e-02 -3.62730148 -2.83029476 -1.96614087 -1.34139734 -0.96342617 
5.33669923e-02 -3.62730148 -2.83029476 -1.96614087 -1.34139734 -0.96342617 
4.32876128e-02 -3.62730148 -2.83029476 -1.96614087 -1.34139734 -0.96342617 
3.51119173e-02 -3.62730148 -2.83029476 -1.96614087 -1.34139734 -0.96342617 
2.84803587e-02 -3.62730148 -2.83029476 -1.96614087 -1.34139734 -0.96342617 
2.31012970e-02 -3.62730148 -2.83029476 -1.96614087 -1.34139734 -0.96342617 
1.87381742e-02 -3.62730148 -2.83029476 -1.96614087 -1.34139734 -0.96342617 
1.51991108e-02 -3.62730148 -2.83029476 -1.96614087 -1.34139734 -0.96342617 
1.23284674e-02 -3.62730148 -2.83029476 -1.96614087 -1.34139734 -0.96342617 
1.00000000e-02 -3.62730148 -2.83029476 -1.96614087 -1.34139734 -0.96342617 
8.11130831e-03 -3.62730148 -2.83029476 -1.96614087 -1.34139734 -0.96342617 
6.57933225e-03 -3.62730148 -2.83029476 -1.96614087 -1.34139734 -0.96342617 
5.33669923e-03 -3.62730148 -2.83029476 -1.96614087 -1.34139734 -0.96342617 
4.32876128e-03 -3.62730148 -2.83029476 -1.96614087 -1.34139734 -0.96342617 
3.51119173e-03 -3.62730148 -2.83029476 -1.96614087 -1.34139734 -0.96342617 
2.84803587e-03 -3.62730148 -2.83029476 -1.96614087 -1.34139734 -0.96342617 
2.31012970e-03 -3.62730148 -2.83029476 -1.96614087 -1.34139734 -0.96342617 
1.87381742e-03 -3.62730148 -2.83029476 -1.96614087 -1.34139734 -0.96342617 
1.51991108e-03 -3.62730148 -2.83029476 -1.96614087 -1.34139734 -0.96342617 
1.23284674e-03 -3.62730148 -2.83029476 -1.96614087 -1.34139734 -0.96342617 
1.00000000e-03 -3.62730148 -2.83029476 -1.96614087 -1.34139734 -0.96342617 
8.11130831e-04 -3.62730148 -2.83029476 -1.96614087 -1.34139734 -0.96342617 
6.57933225e-04 -3.62730148 -2.83029476 -1.96614087 -1.34139734 -0.96342617 
5.33669923e-04 -3.62730148 -2.83029476 -1.96614087 -1.34139734 -0.96342617 
4.32876128e-04 -3.62730148 -2.83029476 -1.96614087 -1.34139734 -0.96342617 
3.51119173e-04 -3.62730148 -2.83029476 -1.96614087 -1.34139734 -0.96342617 
2.84803587e-04 -3.62730148 -2.83029476 -1.96614087 -1.34139734 -0.96342617 
2.31012970e-04 -3.62730148 -2.83029476 -1.96614087 -1.34139734 -0.96342617 
1.87381742e-04 -3.62730148 -2.83029476 -1.96614087 -1.34139734 -0.96342617 
1.51991108e-04 -3.62730148 -2.83029476 -1.96614087 -1.34139734 -0.96342617 
1.23284674e-04 -3.62730148 -2.83029476 -1.96614087 -1.34139734 -0.96342617 
1.00000000e-04 -3.62730148 -2.83029476 -1.96614087 -1.34139734 -0.96342617 
8.11130831e-05 -3.62730148 -2.83029476 -1.96614087 -1.34139734 -0.96342617 
6.57933225e-05 -3.62730148 -2.83029476 -1.96614087 -1.34139734 -0.96342617 
5.33669923e-05 -3.62730148 -2.83029476 -1.96614087 -1.34139734 -0.96342617 
4.32876128e-05 -3.62730148 -2.83029476 -1.96614087 -1.34139734 -0.96342617 
3.51119173e-05 -3.62730148 -2.83029476 -1.96614087 -1.34139734 -0.96342617 
2.84803587e-05 -3.62730148 -2.83029476 -1.96614087 -1.34139734 -0.96342617 
2.31012970e-05 -3.62730148 -2.83029476 -1.96614087 -1.34139734 -0.96342617 
1.87381742e-05 -3.62730148 -2.83029476 -1.96614087 -1.34139734 -0.96342617 
1.51991108e-05 -3.62730148 -2.83029476 -1.96614087 -1.34139734 -0.96342617 
1.23284674e-05 -3.62730148 -2.83029476 -1.96614087 -1.34139734 -0.96342617 
1.00000000e-05 -3.62730148 -2.83029476 -1.96614087 -1.34139734 -0.96342617 
8.11130831e-06 -3.62730148 -2.83029476 -1.96614087 -1.34139734 -0.96342617 
6.57933225e-06 -3.62730148 -2.83029476 -1.96614087 -1.34139734 -0.96342617 
5.33669923e-06 -3.62730148 -2.83029476 -1.96614087 -1.34139734 -0.96342617 
4.32876128e-06 -3.62730148 -2.83029476 -1.96614087 -1.34139734 -0.96342617 
3.51119173e-06 -3.62730148 -2.83029476 -1.96614087 -1.34139734 -0.96342617 
2.84803587e-06 -3.62730148 -2.83029476 -1.96614087 -1.34139734 -0.96342617 
2.31012970e-06 -3.62730148 -2.83029476 -1.96614087 -1.34139734 -0.96342617 
1.87381742e-06 -3.62730148 -2.83029476 -1.96614087 -1.34139734 -0.96342617 
1.51991108e-06 -3.62730148 -2.83029476 -1.96614087 -1.34139734 -0.96342617 
1.23284674e-06 -3.62730148 -2.83029476 -1.96614087 -1.34139734 -0.96342617 
1.00000000e-06 -3.62730148 -2.83029476 -1.96614087 -1.34139734 -0.96342617 
8.11130831e-07 -3.62730148 -2.83029476 -1.96614087 -1.34139734 -0.96342617 
6.57933225e-07 -3.62730148 -2.83029476 -1.96614087 -1.34139734 -0.96342617 
5.33669923e-07 -3.62730148 -2.83029476 -1.96614087 -1.34139734 -0.96342617 
4.32876128e-07 -3.62730148 -2.83029476 -1.96614087 -1.34139734 -0.96342617 
3.51119173e-07 -3.62730148 -2.83029476 -1.96614087 -1.34139734 -0.96342617 
2.84803587e-07 -3.62730148 -2.83029476 -1.96614087 -1.34139734 -0.96342617 
2.31012970e-07 -3.62730148 -2.83029476 -1.96614087 -1.34139734 -0.96342617 
1.87381742e-07 -3.62730148 -2.83029476 -1.96614087 -1.34139734 -0.96342617 
1.51991108e-07 -3.62730148 -2.83029476 -1.96614087 -1.34139734 -0.96342617 
1.23284674e-07 -3.62730148 -2.83029476 -1.96614087 -1.34139734 -0.96342617 
1.00000000e-07 -3.62730148 -2.83029476 -1.96614087 -1.34139734 -0.96342617 
P (bar) | log_CH4: -2σ | log_CH4: -1σ | log_CH4: median | log_CH4: +1σ | log_CH4: +2σ 
1.00000000e+02 -7.93359562 -7.65044155 -6.93492144 -6.03723678 -5.16201565 
8.11130831e+01 -7.93359562 -7.65044155 -6.93492144 -6.03723678 -5.16201565 
6.57933225e+01 -7.93359562 -7.65044155 -6.93492144 -6.03723678 -5.16201565 
5.33669923e+01 -7.93359562 -7.65044155 -6.93492144 -6.03723678 -5.16201565 
4.32876128e+01 -7.93359562 -7.65044155 -6.93492144 -6.03723678 -5.16201565 
3.51119173e+01 -7.93359562 -7.65044155 -6.93492144 -6.03723678 -5.16201565 
2.84803587e+01 -7.93359562 -7.65044155 -6.93492144 -6.03723678 -5.16201565 
2.31012970e+01 -7.93359562 -7.65044155 -6.93492144 -6.03723678 -5.16201565 
1.87381742e+01 -7.93359562 -7.65044155 -6.93492144 -6.03723678 -5.16201565 
1.51991108e+01 -7.93359562 -7.65044155 -6.93492144 -6.03723678 -5.16201565 
1.23284674e+01 -7.93359562 -7.65044155 -6.93492144 -6.03723678 -5.16201565 
1.00000000e+01 -7.93359562 -7.65044155 -6.93492144 -6.03723678 -5.16201565 
8.11130831e+00 -7.93359562 -7.65044155 -6.93492144 -6.03723678 -5.16201565 
6.57933225e+00 -7.93359562 -7.65044155 -6.93492144 -6.03723678 -5.16201565 
5.33669923e+00 -7.93359562 -7.65044155 -6.93492144 -6.03723678 -5.16201565 
4.32876128e+00 -7.93359562 -7.65044155 -6.93492144 -6.03723678 -5.16201565 
3.51119173e+00 -7.93359562 -7.65044155 -6.93492144 -6.03723678 -5.16201565 
2.84803587e+00 -7.93359562 -7.65044155 -6.93492144 -6.03723678 -5.16201565 
2.31012970e+00 -7.93359562 -7.65044155 -6.93492144 -6.03723678 -5.16201565 
1.87381742e+00 -7.93359562 -7.65044155 -6.93492144 -6.03723678 -5.16201565 
1.51991108e+00 -7.93359562 -7.65044155 -6.93492144 -6.03723678 -5.16201565 
1.23284674e+00 -7.93359562 -7.65044155 -6.93492144 -6.03723678 -5.16201565 
1.00000000e+00 -7.93359562 -7.65044155 -6.93492144 -6.03723678 -5.16201565 
8.11130831e-01 -7.93359562 -7.65044155 -6.93492144 -6.03723678 -5.16201565 
6.57933225e-01 -7.93359562 -7.65044155 -6.93492144 -6.03723678 -5.16201565 
5.33669923e-01 -7.93359562 -7.65044155 -6.93492144 -6.03723678 -5.16201565 
4.32876128e-01 -7.93359562 -7.65044155 -6.93492144 -6.03723678 -5.16201565 
3.51119173e-01 -7.93359562 -7.65044155 -6.93492144 -6.03723678 -5.16201565 
2.84803587e-01 -7.93359562 -7.65044155 -6.93492144 -6.03723678 -5.16201565 
2.31012970e-01 -7.93359562 -7.65044155 -6.93492144 -6.03723678 -5.16201565 
1.87381742e-01 -7.93359562 -7.65044155 -6.93492144 -6.03723678 -5.16201565 
1.51991108e-01 -7.93359562 -7.65044155 -6.93492144 -6.03723678 -5.16201565 
1.23284674e-01 -7.93359562 -7.65044155 -6.93492144 -6.03723678 -5.16201565 
1.00000000e-01 -7.93359562 -7.65044155 -6.93492144 -6.03723678 -5.16201565 
8.11130831e-02 -7.93359562 -7.65044155 -6.93492144 -6.03723678 -5.16201565 
6.57933225e-02 -7.93359562 -7.65044155 -6.93492144 -6.03723678 -5.16201565 
5.33669923e-02 -7.93359562 -7.65044155 -6.93492144 -6.03723678 -5.16201565 
4.32876128e-02 -7.93359562 -7.65044155 -6.93492144 -6.03723678 -5.16201565 
3.51119173e-02 -7.93359562 -7.65044155 -6.93492144 -6.03723678 -5.16201565 
2.84803587e-02 -7.93359562 -7.65044155 -6.93492144 -6.03723678 -5.16201565 
2.31012970e-02 -7.93359562 -7.65044155 -6.93492144 -6.03723678 -5.16201565 
1.87381742e-02 -7.93359562 -7.65044155 -6.93492144 -6.03723678 -5.16201565 
1.51991108e-02 -7.93359562 -7.65044155 -6.93492144 -6.03723678 -5.16201565 
1.23284674e-02 -7.93359562 -7.65044155 -6.93492144 -6.03723678 -5.16201565 
1.00000000e-02 -7.93359562 -7.65044155 -6.93492144 -6.03723678 -5.16201565 
8.11130831e-03 -7.93359562 -7.65044155 -6.93492144 -6.03723678 -5.16201565 
6.57933225e-03 -7.93359562 -7.65044155 -6.93492144 -6.03723678 -5.16201565 
5.33669923e-03 -7.93359562 -7.65044155 -6.93492144 -6.03723678 -5.16201565 
4.32876128e-03 -7.93359562 -7.65044155 -6.93492144 -6.03723678 -5.16201565 
3.51119173e-03 -7.93359562 -7.65044155 -6.93492144 -6.03723678 -5.16201565 
2.84803587e-03 -7.93359562 -7.65044155 -6.93492144 -6.03723678 -5.16201565 
2.31012970e-03 -7.93359562 -7.65044155 -6.93492144 -6.03723678 -5.16201565 
1.87381742e-03 -7.93359562 -7.65044155 -6.93492144 -6.03723678 -5.16201565 
1.51991108e-03 -7.93359562 -7.65044155 -6.93492144 -6.03723678 -5.16201565 
1.23284674e-03 -7.93359562 -7.65044155 -6.93492144 -6.03723678 -5.16201565 
1.00000000e-03 -7.93359562 -7.65044155 -6.93492144 -6.03723678 -5.16201565 
8.11130831e-04 -7.93359562 -7.65044155 -6.93492144 -6.03723678 -5.16201565 
6.57933225e-04 -7.93359562 -7.65044155 -6.93492144 -6.03723678 -5.16201565 
5.33669923e-04 -7.93359562 -7.65044155 -6.93492144 -6.03723678 -5.16201565 
4.32876128e-04 -7.93359562 -7.65044155 -6.93492144 -6.03723678 -5.16201565 
3.51119173e-04 -7.93359562 -7.65044155 -6.93492144 -6.03723678 -5.16201565 
2.84803587e-04 -7.93359562 -7.65044155 -6.93492144 -6.03723678 -5.16201565 
2.31012970e-04 -7.93359562 -7.65044155 -6.93492144 -6.03723678 -5.16201565 
1.87381742e-04 -7.93359562 -7.65044155 -6.93492144 -6.03723678 -5.16201565 
1.51991108e-04 -7.93359562 -7.65044155 -6.93492144 -6.03723678 -5.16201565 
1.23284674e-04 -7.93359562 -7.65044155 -6.93492144 -6.03723678 -5.16201565 
1.00000000e-04 -7.93359562 -7.65044155 -6.93492144 -6.03723678 -5.16201565 
8.11130831e-05 -7.93359562 -7.65044155 -6.93492144 -6.03723678 -5.16201565 
6.57933225e-05 -7.93359562 -7.65044155 -6.93492144 -6.03723678 -5.16201565 
5.33669923e-05 -7.93359562 -7.65044155 -6.93492144 -6.03723678 -5.16201565 
4.32876128e-05 -7.93359562 -7.65044155 -6.93492144 -6.03723678 -5.16201565 
3.51119173e-05 -7.93359562 -7.65044155 -6.93492144 -6.03723678 -5.16201565 
2.84803587e-05 -7.93359562 -7.65044155 -6.93492144 -6.03723678 -5.16201565 
2.31012970e-05 -7.93359562 -7.65044155 -6.93492144 -6.03723678 -5.16201565 
1.87381742e-05 -7.93359562 -7.65044155 -6.93492144 -6.03723678 -5.16201565 
1.51991108e-05 -7.93359562 -7.65044155 -6.93492144 -6.03723678 -5.16201565 
1.23284674e-05 -7.93359562 -7.65044155 -6.93492144 -6.03723678 -5.16201565 
1.00000000e-05 -7.93359562 -7.65044155 -6.93492144 -6.03723678 -5.16201565 
8.11130831e-06 -7.93359562 -7.65044155 -6.93492144 -6.03723678 -5.16201565 
6.57933225e-06 -7.93359562 -7.65044155 -6.93492144 -6.03723678 -5.16201565 
5.33669923e-06 -7.93359562 -7.65044155 -6.93492144 -6.03723678 -5.16201565 
4.32876128e-06 -7.93359562 -7.65044155 -6.93492144 -6.03723678 -5.16201565 
3.51119173e-06 -7.93359562 -7.65044155 -6.93492144 -6.03723678 -5.16201565 
2.84803587e-06 -7.93359562 -7.65044155 -6.93492144 -6.03723678 -5.16201565 
2.31012970e-06 -7.93359562 -7.65044155 -6.93492144 -6.03723678 -5.16201565 
1.87381742e-06 -7.93359562 -7.65044155 -6.93492144 -6.03723678 -5.16201565 
1.51991108e-06 -7.93359562 -7.65044155 -6.93492144 -6.03723678 -5.16201565 
1.23284674e-06 -7.93359562 -7.65044155 -6.93492144 -6.03723678 -5.16201565 
1.00000000e-06 -7.93359562 -7.65044155 -6.93492144 -6.03723678 -5.16201565 
8.11130831e-07 -7.93359562 -7.65044155 -6.93492144 -6.03723678 -5.16201565 
6.57933225e-07 -7.93359562 -7.65044155 -6.93492144 -6.03723678 -5.16201565 
5.33669923e-07 -7.93359562 -7.65044155 -6.93492144 -6.03723678 -5.16201565 
4.32876128e-07 -7.93359562 -7.65044155 -6.93492144 -6.03723678 -5.16201565 
3.51119173e-07 -7.93359562 -7.65044155 -6.93492144 -6.03723678 -5.16201565 
2.84803587e-07 -7.93359562 -7.65044155 -6.93492144 -6.03723678 -5.16201565 
2.31012970e-07 -7.93359562 -7.65044155 -6.93492144 -6.03723678 -5.16201565 
1.87381742e-07 -7.93359562 -7.65044155 -6.93492144 -6.03723678 -5.16201565 
1.51991108e-07 -7.93359562 -7.65044155 -6.93492144 -6.03723678 -5.16201565 
1.23284674e-07 -7.93359562 -7.65044155 -6.93492144 -6.03723678 -5.16201565 
1.00000000e-07 -7.93359562 -7.65044155 -6.93492144 -6.03723678 -5.16201565 
P (bar) | log_SO2: -2σ | log_SO2: -1σ | log_SO2: median | log_SO2: +1σ | log_SO2: +2σ 
1.00000000e+02 -11.58412495 -10.08306406 -6.91913251 -5.01583297 -3.49910786 
8.11130831e+01 -11.58412495 -10.08306406 -6.91913251 -5.01583297 -3.49910786 
6.57933225e+01 -11.58412495 -10.08306406 -6.91913251 -5.01583297 -3.49910786 
5.33669923e+01 -11.58412495 -10.08306406 -6.91913251 -5.01583297 -3.49910786 
4.32876128e+01 -11.58412495 -10.08306406 -6.91913251 -5.01583297 -3.49910786 
3.51119173e+01 -11.58412495 -10.08306406 -6.91913251 -5.01583297 -3.49910786 
2.84803587e+01 -11.58412495 -10.08306406 -6.91913251 -5.01583297 -3.49910786 
2.31012970e+01 -11.58412495 -10.08306406 -6.91913251 -5.01583297 -3.49910786 
1.87381742e+01 -11.58412495 -10.08306406 -6.91913251 -5.01583297 -3.49910786 
1.51991108e+01 -11.58412495 -10.08306406 -6.91913251 -5.01583297 -3.49910786 
1.23284674e+01 -11.58412495 -10.08306406 -6.91913251 -5.01583297 -3.49910786 
1.00000000e+01 -11.58412495 -10.08306406 -6.91913251 -5.01583297 -3.49910786 
8.11130831e+00 -11.58412495 -10.08306406 -6.91913251 -5.01583297 -3.49910786 
6.57933225e+00 -11.58412495 -10.08306406 -6.91913251 -5.01583297 -3.49910786 
5.33669923e+00 -11.58412495 -10.08306406 -6.91913251 -5.01583297 -3.49910786 
4.32876128e+00 -11.58412495 -10.08306406 -6.91913251 -5.01583297 -3.49910786 
3.51119173e+00 -11.58412495 -10.08306406 -6.91913251 -5.01583297 -3.49910786 
2.84803587e+00 -11.58412495 -10.08306406 -6.91913251 -5.01583297 -3.49910786 
2.31012970e+00 -11.58412495 -10.08306406 -6.91913251 -5.01583297 -3.49910786 
1.87381742e+00 -11.58412495 -10.08306406 -6.91913251 -5.01583297 -3.49910786 
1.51991108e+00 -11.58412495 -10.08306406 -6.91913251 -5.01583297 -3.49910786 
1.23284674e+00 -11.58412495 -10.08306406 -6.91913251 -5.01583297 -3.49910786 
1.00000000e+00 -11.58412495 -10.08306406 -6.91913251 -5.01583297 -3.49910786 
8.11130831e-01 -11.58412495 -10.08306406 -6.91913251 -5.01583297 -3.49910786 
6.57933225e-01 -11.58412495 -10.08306406 -6.91913251 -5.01583297 -3.49910786 
5.33669923e-01 -11.58412495 -10.08306406 -6.91913251 -5.01583297 -3.49910786 
4.32876128e-01 -11.58412495 -10.08306406 -6.91913251 -5.01583297 -3.49910786 
3.51119173e-01 -11.58412495 -10.08306406 -6.91913251 -5.01583297 -3.49910786 
2.84803587e-01 -11.58412495 -10.08306406 -6.91913251 -5.01583297 -3.49910786 
2.31012970e-01 -11.58412495 -10.08306406 -6.91913251 -5.01583297 -3.49910786 
1.87381742e-01 -11.58412495 -10.08306406 -6.91913251 -5.01583297 -3.49910786 
1.51991108e-01 -11.58412495 -10.08306406 -6.91913251 -5.01583297 -3.49910786 
1.23284674e-01 -11.58412495 -10.08306406 -6.91913251 -5.01583297 -3.49910786 
1.00000000e-01 -11.58412495 -10.08306406 -6.91913251 -5.01583297 -3.49910786 
8.11130831e-02 -11.58412495 -10.08306406 -6.91913251 -5.01583297 -3.49910786 
6.57933225e-02 -11.58412495 -10.08306406 -6.91913251 -5.01583297 -3.49910786 
5.33669923e-02 -11.58412495 -10.08306406 -6.91913251 -5.01583297 -3.49910786 
4.32876128e-02 -11.58412495 -10.08306406 -6.91913251 -5.01583297 -3.49910786 
3.51119173e-02 -11.58412495 -10.08306406 -6.91913251 -5.01583297 -3.49910786 
2.84803587e-02 -11.58412495 -10.08306406 -6.91913251 -5.01583297 -3.49910786 
2.31012970e-02 -11.58412495 -10.08306406 -6.91913251 -5.01583297 -3.49910786 
1.87381742e-02 -11.58412495 -10.08306406 -6.91913251 -5.01583297 -3.49910786 
1.51991108e-02 -11.58412495 -10.08306406 -6.91913251 -5.01583297 -3.49910786 
1.23284674e-02 -11.58412495 -10.08306406 -6.91913251 -5.01583297 -3.49910786 
1.00000000e-02 -11.58412495 -10.08306406 -6.91913251 -5.01583297 -3.49910786 
8.11130831e-03 -11.58412495 -10.08306406 -6.91913251 -5.01583297 -3.49910786 
6.57933225e-03 -11.58412495 -10.08306406 -6.91913251 -5.01583297 -3.49910786 
5.33669923e-03 -11.58412495 -10.08306406 -6.91913251 -5.01583297 -3.49910786 
4.32876128e-03 -11.58412495 -10.08306406 -6.91913251 -5.01583297 -3.49910786 
3.51119173e-03 -11.58412495 -10.08306406 -6.91913251 -5.01583297 -3.49910786 
2.84803587e-03 -11.58412495 -10.08306406 -6.91913251 -5.01583297 -3.49910786 
2.31012970e-03 -11.58412495 -10.08306406 -6.91913251 -5.01583297 -3.49910786 
1.87381742e-03 -11.58412495 -10.08306406 -6.91913251 -5.01583297 -3.49910786 
1.51991108e-03 -11.58412495 -10.08306406 -6.91913251 -5.01583297 -3.49910786 
1.23284674e-03 -11.58412495 -10.08306406 -6.91913251 -5.01583297 -3.49910786 
1.00000000e-03 -11.58412495 -10.08306406 -6.91913251 -5.01583297 -3.49910786 
8.11130831e-04 -11.58412495 -10.08306406 -6.91913251 -5.01583297 -3.49910786 
6.57933225e-04 -11.58412495 -10.08306406 -6.91913251 -5.01583297 -3.49910786 
5.33669923e-04 -11.58412495 -10.08306406 -6.91913251 -5.01583297 -3.49910786 
4.32876128e-04 -11.58412495 -10.08306406 -6.91913251 -5.01583297 -3.49910786 
3.51119173e-04 -11.58412495 -10.08306406 -6.91913251 -5.01583297 -3.49910786 
2.84803587e-04 -11.58412495 -10.08306406 -6.91913251 -5.01583297 -3.49910786 
2.31012970e-04 -11.58412495 -10.08306406 -6.91913251 -5.01583297 -3.49910786 
1.87381742e-04 -11.58412495 -10.08306406 -6.91913251 -5.01583297 -3.49910786 
1.51991108e-04 -11.58412495 -10.08306406 -6.91913251 -5.01583297 -3.49910786 
1.23284674e-04 -11.58412495 -10.08306406 -6.91913251 -5.01583297 -3.49910786 
1.00000000e-04 -11.58412495 -10.08306406 -6.91913251 -5.01583297 -3.49910786 
8.11130831e-05 -11.58412495 -10.08306406 -6.91913251 -5.01583297 -3.49910786 
6.57933225e-05 -11.58412495 -10.08306406 -6.91913251 -5.01583297 -3.49910786 
5.33669923e-05 -11.58412495 -10.08306406 -6.91913251 -5.01583297 -3.49910786 
4.32876128e-05 -11.58412495 -10.08306406 -6.91913251 -5.01583297 -3.49910786 
3.51119173e-05 -11.58412495 -10.08306406 -6.91913251 -5.01583297 -3.49910786 
2.84803587e-05 -11.58412495 -10.08306406 -6.91913251 -5.01583297 -3.49910786 
2.31012970e-05 -11.58412495 -10.08306406 -6.91913251 -5.01583297 -3.49910786 
1.87381742e-05 -11.58412495 -10.08306406 -6.91913251 -5.01583297 -3.49910786 
1.51991108e-05 -11.58412495 -10.08306406 -6.91913251 -5.01583297 -3.49910786 
1.23284674e-05 -11.58412495 -10.08306406 -6.91913251 -5.01583297 -3.49910786 
1.00000000e-05 -11.58412495 -10.08306406 -6.91913251 -5.01583297 -3.49910786 
8.11130831e-06 -11.58412495 -10.08306406 -6.91913251 -5.01583297 -3.49910786 
6.57933225e-06 -11.58412495 -10.08306406 -6.91913251 -5.01583297 -3.49910786 
5.33669923e-06 -11.58412495 -10.08306406 -6.91913251 -5.01583297 -3.49910786 
4.32876128e-06 -11.58412495 -10.08306406 -6.91913251 -5.01583297 -3.49910786 
3.51119173e-06 -11.58412495 -10.08306406 -6.91913251 -5.01583297 -3.49910786 
2.84803587e-06 -11.58412495 -10.08306406 -6.91913251 -5.01583297 -3.49910786 
2.31012970e-06 -11.58412495 -10.08306406 -6.91913251 -5.01583297 -3.49910786 
1.87381742e-06 -11.58412495 -10.08306406 -6.91913251 -5.01583297 -3.49910786 
1.51991108e-06 -11.58412495 -10.08306406 -6.91913251 -5.01583297 -3.49910786 
1.23284674e-06 -11.58412495 -10.08306406 -6.91913251 -5.01583297 -3.49910786 
1.00000000e-06 -11.58412495 -10.08306406 -6.91913251 -5.01583297 -3.49910786 
8.11130831e-07 -11.58412495 -10.08306406 -6.91913251 -5.01583297 -3.49910786 
6.57933225e-07 -11.58412495 -10.08306406 -6.91913251 -5.01583297 -3.49910786 
5.33669923e-07 -11.58412495 -10.08306406 -6.91913251 -5.01583297 -3.49910786 
4.32876128e-07 -11.58412495 -10.08306406 -6.91913251 -5.01583297 -3.49910786 
3.51119173e-07 -11.58412495 -10.08306406 -6.91913251 -5.01583297 -3.49910786 
2.84803587e-07 -11.58412495 -10.08306406 -6.91913251 -5.01583297 -3.49910786 
2.31012970e-07 -11.58412495 -10.08306406 -6.91913251 -5.01583297 -3.49910786 
1.87381742e-07 -11.58412495 -10.08306406 -6.91913251 -5.01583297 -3.49910786 
1.51991108e-07 -11.58412495 -10.08306406 -6.91913251 -5.01583297 -3.49910786 
1.23284674e-07 -11.58412495 -10.08306406 -6.91913251 -5.01583297 -3.49910786 
1.00000000e-07 -11.58412495 -10.08306406 -6.91913251 -5.01583297 -3.49910786 
