Chemical species: H2O CH4
P (bar) | log_H2O: -2σ | log_H2O: -1σ | log_H2O: median | log_H2O: +1σ | log_H2O: +2σ 
1.00000000e+01 -0.09879795 -0.01330477 -0.00177551 -0.00035409 -0.00008052 
8.30217568e+00 -0.09849475 -0.01274380 -0.00171139 -0.00033458 -0.00007610 
6.89261210e+00 -0.09716152 -0.01232199 -0.00166571 -0.00033075 -0.00007226 
5.72236766e+00 -0.09709531 -0.01215965 -0.00163530 -0.00032035 -0.00007377 
4.75081016e+00 -0.09699505 -0.01180565 -0.00157704 -0.00031528 -0.00006421 
3.94420606e+00 -0.09533299 -0.01104302 -0.00151200 -0.00030871 -0.00006421 
3.27454916e+00 -0.09209064 -0.01061162 -0.00144667 -0.00029880 -0.00005699 
2.71858824e+00 -0.08747858 -0.01054570 -0.00140791 -0.00028833 -0.00005431 
2.25701972e+00 -0.08302151 -0.01012589 -0.00138811 -0.00027342 -0.00004983 
1.87381742e+00 -0.07881777 -0.00963771 -0.00133970 -0.00026656 -0.00004422 
1.55567614e+00 -0.07485100 -0.00907802 -0.00129728 -0.00024586 -0.00004040 
1.29154967e+00 -0.07110581 -0.00879494 -0.00125966 -0.00024232 -0.00003510 
1.07226722e+00 -0.06756792 -0.00855931 -0.00122426 -0.00023510 -0.00003510 
8.90215085e-01 -0.06527501 -0.00817387 -0.00119481 -0.00022799 -0.00003153 
7.39072203e-01 -0.06429792 -0.00796471 -0.00116751 -0.00022017 -0.00002867 
6.13590727e-01 -0.06148276 -0.00783993 -0.00112505 -0.00021445 -0.00002646 
5.09413801e-01 -0.05967103 -0.00776616 -0.00110196 -0.00020728 -0.00002341 
4.22924287e-01 -0.05790196 -0.00764993 -0.00106241 -0.00020303 -0.00002090 
3.51119173e-01 -0.05617490 -0.00747089 -0.00103871 -0.00019841 -0.00001914 
2.91505306e-01 -0.05176037 -0.00720825 -0.00101380 -0.00019242 -0.00001753 
2.42012826e-01 -0.04978955 -0.00710921 -0.00100825 -0.00019166 -0.00001596 
2.00923300e-01 -0.04877598 -0.00692915 -0.00097975 -0.00018925 -0.00001458 
1.66810054e-01 -0.04605310 -0.00672815 -0.00095929 -0.00018017 -0.00001328 
1.38488637e-01 -0.04489002 -0.00653575 -0.00093989 -0.00016970 -0.00001230 
1.14975700e-01 -0.04345464 -0.00609211 -0.00090913 -0.00016734 -0.00001136 
9.54548457e-02 -0.04230988 -0.00588983 -0.00088319 -0.00016193 -0.00001056 
7.92482898e-02 -0.04065384 -0.00573485 -0.00087503 -0.00015728 -0.00000984 
6.57933225e-02 -0.03923243 -0.00558630 -0.00086154 -0.00015484 -0.00000931 
5.46227722e-02 -0.03650983 -0.00549514 -0.00084627 -0.00015176 -0.00000892 
4.53487851e-02 -0.03600122 -0.00544717 -0.00080325 -0.00015011 -0.00000860 
3.76493581e-02 -0.03466050 -0.00541991 -0.00078613 -0.00014916 -0.00000813 
3.12571585e-02 -0.03250276 -0.00528258 -0.00077950 -0.00014158 -0.00000718 
2.59502421e-02 -0.03148632 -0.00500973 -0.00076343 -0.00013950 -0.00000680 
2.15443469e-02 -0.03056254 -0.00488544 -0.00073768 -0.00013754 -0.00000697 
1.78864953e-02 -0.03019992 -0.00468407 -0.00072152 -0.00013677 -0.00000692 
1.48496826e-02 -0.02935913 -0.00459145 -0.00071515 -0.00013424 -0.00000639 
1.23284674e-02 -0.02737311 -0.00454371 -0.00070076 -0.00013284 -0.00000650 
1.02353102e-02 -0.02677087 -0.00429566 -0.00068884 -0.00013192 -0.00000669 
8.49753436e-03 -0.02593635 -0.00412154 -0.00066867 -0.00012658 -0.00000678 
7.05480231e-03 -0.02491720 -0.00398430 -0.00064994 -0.00012494 -0.00000691 
5.85702082e-03 -0.02340045 -0.00381047 -0.00063525 -0.00012435 -0.00000712 
4.86260158e-03 -0.02231546 -0.00361317 -0.00062398 -0.00012290 -0.00000714 
4.03701726e-03 -0.02127934 -0.00347492 -0.00060717 -0.00012219 -0.00000775 
3.35160265e-03 -0.02022344 -0.00334677 -0.00059843 -0.00012231 -0.00000850 
2.78255940e-03 -0.01858343 -0.00323803 -0.00058716 -0.00012056 -0.00000908 
2.31012970e-03 -0.01678600 -0.00313182 -0.00057373 -0.00011901 -0.00000986 
1.91791026e-03 -0.01569069 -0.00292685 -0.00055871 -0.00011845 -0.00001073 
1.59228279e-03 -0.01497414 -0.00275602 -0.00054395 -0.00011721 -0.00001139 
1.32194115e-03 -0.01401893 -0.00274094 -0.00053720 -0.00011589 -0.00001379 
1.09749877e-03 -0.01359620 -0.00260377 -0.00052139 -0.00011602 -0.00001511 
9.11162756e-04 -0.01282938 -0.00251659 -0.00050938 -0.00011842 -0.00001360 
7.56463328e-04 -0.01274768 -0.00248512 -0.00050197 -0.00011579 -0.00001639 
6.28029144e-04 -0.01158422 -0.00245547 -0.00049857 -0.00011869 -0.00001797 
5.21400829e-04 -0.01160503 -0.00239400 -0.00049691 -0.00012084 -0.00002290 
4.32876128e-04 -0.01177932 -0.00231121 -0.00049655 -0.00011830 -0.00002497 
3.59381366e-04 -0.01129939 -0.00226658 -0.00049572 -0.00012259 -0.00002464 
2.98364724e-04 -0.01052802 -0.00217928 -0.00049073 -0.00012047 -0.00002468 
2.47707636e-04 -0.00903116 -0.00219323 -0.00048017 -0.00011972 -0.00002306 
2.05651231e-04 -0.00820841 -0.00213765 -0.00048930 -0.00011846 -0.00002160 
1.70735265e-04 -0.00777637 -0.00205836 -0.00049903 -0.00012392 -0.00002201 
1.41747416e-04 -0.00710486 -0.00203315 -0.00049522 -0.00012436 -0.00001810 
1.17681195e-04 -0.00711267 -0.00198995 -0.00050510 -0.00012918 -0.00001753 
9.77009957e-05 -0.00706640 -0.00196002 -0.00053266 -0.00012408 -0.00001367 
8.11130831e-05 -0.00679237 -0.00192937 -0.00053033 -0.00011883 -0.00000936 
6.73415066e-05 -0.00695549 -0.00191366 -0.00052663 -0.00011599 -0.00000654 
5.59081018e-05 -0.00659764 -0.00189771 -0.00052442 -0.00011748 -0.00000510 
4.64158883e-05 -0.00661118 -0.00190532 -0.00053047 -0.00011572 -0.00000320 
3.85352859e-05 -0.00592633 -0.00187982 -0.00051637 -0.00011433 -0.00000217 
3.19926714e-05 -0.00714212 -0.00187442 -0.00051185 -0.00011014 -0.00000158 
2.65608778e-05 -0.00879487 -0.00181687 -0.00049644 -0.00010477 -0.00000104 
2.20513074e-05 -0.01006468 -0.00179678 -0.00049354 -0.00010145 -0.00000062 
1.83073828e-05 -0.01171547 -0.00173826 -0.00047714 -0.00009744 -0.00000034 
1.51991108e-05 -0.01187690 -0.00172984 -0.00046141 -0.00009370 -0.00000019 
1.26185688e-05 -0.01241994 -0.00168832 -0.00044623 -0.00008775 -0.00000014 
1.04761575e-05 -0.01299455 -0.00165729 -0.00042747 -0.00007994 -0.00000008 
8.69749003e-06 -0.01278197 -0.00161418 -0.00040318 -0.00007580 -0.00000005 
7.22080902e-06 -0.01339588 -0.00155351 -0.00038205 -0.00007154 -0.00000003 
5.99484250e-06 -0.01240492 -0.00152418 -0.00036147 -0.00006401 -0.00000002 
4.97702356e-06 -0.01240388 -0.00144924 -0.00034178 -0.00005793 -0.00000001 
4.13201240e-06 -0.01205324 -0.00139813 -0.00032110 -0.00005319 -0.00000001 
3.43046929e-06 -0.01188223 -0.00130478 -0.00030598 -0.00004893 -0.00000001 
2.84803587e-06 -0.01086709 -0.00125218 -0.00028653 -0.00004244 -0.00000000 
2.36448941e-06 -0.00974079 -0.00112757 -0.00025816 -0.00003664 -0.00000000 
1.96304065e-06 -0.00905867 -0.00106889 -0.00024258 -0.00003138 -0.00000000 
1.62975083e-06 -0.00845368 -0.00101274 -0.00022062 -0.00002706 -0.00000000 
1.35304777e-06 -0.00788798 -0.00094899 -0.00019986 -0.00002286 -0.00000000 
1.12332403e-06 -0.00735994 -0.00088530 -0.00018167 -0.00002007 -0.00000000 
9.32603347e-07 -0.00675068 -0.00084849 -0.00016656 -0.00001656 -0.00000000 
7.74263683e-07 -0.00601797 -0.00081380 -0.00015028 -0.00001379 -0.00000000 
6.42807312e-07 -0.00537015 -0.00074862 -0.00013118 -0.00001136 -0.00000000 
5.33669923e-07 -0.00478518 -0.00069440 -0.00011561 -0.00000937 -0.00000000 
4.43062146e-07 -0.00442542 -0.00066521 -0.00010356 -0.00000786 -0.00000000 
3.67837977e-07 -0.00406133 -0.00063233 -0.00009607 -0.00000645 -0.00000000 
3.05385551e-07 -0.00369001 -0.00058564 -0.00008617 -0.00000537 -0.00000000 
2.53536449e-07 -0.00324947 -0.00055231 -0.00007680 -0.00000434 -0.00000000 
2.10490414e-07 -0.00315953 -0.00051655 -0.00006707 -0.00000364 -0.00000000 
1.74752840e-07 -0.00284522 -0.00049827 -0.00006029 -0.00000282 -0.00000000 
1.45082878e-07 -0.00282180 -0.00047469 -0.00005473 -0.00000230 -0.00000000 
1.20450354e-07 -0.00270467 -0.00044496 -0.00004846 -0.00000189 -0.00000000 
1.00000000e-07 -0.00264011 -0.00043082 -0.00004124 -0.00000154 -0.00000000 
P (bar) | log_CH4: -2σ | log_CH4: -1σ | log_CH4: median | log_CH4: +1σ | log_CH4: +2σ 
1.00000000e+01 -3.73323355 -3.09289477 -2.38997029 -1.53077678 -0.69789631 
8.30217568e+00 -3.76327618 -3.11377156 -2.40776019 -1.54029073 -0.69790172 
6.89261210e+00 -3.78105992 -3.12083266 -2.41792339 -1.55436532 -0.69966297 
5.72236766e+00 -3.78105834 -3.13845653 -2.43148030 -1.56305353 -0.70022075 
4.75081016e+00 -3.83684921 -3.14054594 -2.44588390 -1.58548781 -0.70073088 
3.94420606e+00 -3.85889643 -3.14889884 -2.46572363 -1.60628120 -0.70817485 
3.27454916e+00 -3.88721059 -3.16497535 -2.48209297 -1.62742366 -0.71942490 
2.71858824e+00 -3.93376015 -3.18303526 -2.49023626 -1.63148840 -0.74382012 
2.25701972e+00 -3.94890980 -3.20155919 -2.49723858 -1.65083247 -0.76979095 
1.87381742e+00 -4.00772618 -3.21459690 -2.51239444 -1.66638532 -0.79410102 
1.55567614e+00 -4.05266251 -3.24848812 -2.52776082 -1.68748468 -0.81335129 
1.29154967e+00 -4.09321874 -3.25448823 -2.53925477 -1.70021175 -0.83259308 
1.07226722e+00 -4.14544075 -3.26833481 -2.55065413 -1.71197985 -0.84537499 
8.90215085e-01 -4.16635191 -3.28235874 -2.56120761 -1.73002023 -0.85550162 
7.39072203e-01 -4.18930608 -3.29531837 -2.57399979 -1.74225168 -0.86740535 
6.13590727e-01 -4.22190509 -3.30755558 -2.58762632 -1.75017038 -0.88085008 
5.09413801e-01 -4.27502734 -3.32486163 -2.59705142 -1.75471090 -0.89968361 
4.22924287e-01 -4.31976078 -3.33176688 -2.61546745 -1.76139743 -0.90505240 
3.51119173e-01 -4.36922099 -3.34682236 -2.62262594 -1.77941901 -0.93062276 
2.91505306e-01 -4.41421873 -3.35407848 -2.63250902 -1.78491295 -0.95146766 
2.42012826e-01 -4.45330272 -3.36058355 -2.63541486 -1.78988212 -0.96805095 
2.00923300e-01 -4.48999087 -3.37081108 -2.64749868 -1.80162298 -0.98711208 
1.66810054e-01 -4.51877149 -3.39266310 -2.65733543 -1.82077640 -1.00216987 
1.38488637e-01 -4.55550520 -3.41326756 -2.67348295 -1.84085937 -1.01902737 
1.14975700e-01 -4.58568035 -3.41895791 -2.67984009 -1.85688733 -1.02431017 
9.54548457e-02 -4.61656511 -3.42976032 -2.69232291 -1.87220600 -1.03242473 
7.92482898e-02 -4.64598552 -3.44366367 -2.69734439 -1.88411270 -1.05348113 
6.57933225e-02 -4.67752164 -3.45164467 -2.70456993 -1.89447466 -1.07384005 
5.46227722e-02 -4.71003253 -3.45700213 -2.71131835 -1.90209585 -1.10090617 
4.53487851e-02 -4.74055554 -3.46879207 -2.73401397 -1.90990321 -1.10518007 
3.76493581e-02 -4.76822374 -3.47491675 -2.74486520 -1.91134155 -1.13073190 
3.12571585e-02 -4.78781088 -3.49068733 -2.74765156 -1.92059483 -1.14772317 
2.59502421e-02 -4.82020541 -3.49777257 -2.76124326 -1.94780468 -1.16075654 
2.15443469e-02 -4.82832568 -3.50377387 -2.77257963 -1.96097539 -1.17053233 
1.78864953e-02 -4.83887646 -3.50635903 -2.78016326 -1.96970137 -1.17358911 
1.48496826e-02 -4.83442232 -3.51281327 -2.78655935 -1.98068625 -1.19285848 
1.23284674e-02 -4.82901718 -3.51647393 -2.79343777 -1.99792460 -1.21469632 
1.02353102e-02 -4.81750738 -3.52512379 -2.80037580 -2.01130901 -1.22530222 
8.49753436e-03 -4.81027769 -3.53660618 -2.81305680 -2.02660681 -1.24046392 
7.05480231e-03 -4.85258541 -3.54224616 -2.82612991 -2.04177535 -1.25973685 
5.85702082e-03 -4.83826472 -3.54726144 -2.83674285 -2.06022469 -1.28215823 
4.86260158e-03 -4.79488563 -3.55104635 -2.84541004 -2.08585737 -1.30187650 
4.03701726e-03 -4.81080095 -3.55834516 -2.85526152 -2.10235942 -1.32474321 
3.35160265e-03 -4.76449682 -3.55687447 -2.86234156 -2.11747472 -1.34880784 
2.78255940e-03 -4.71858085 -3.56020164 -2.87227342 -2.13206308 -1.38376866 
2.31012970e-03 -4.67290993 -3.56316781 -2.88081728 -2.14616481 -1.42482509 
1.91791026e-03 -4.62710179 -3.56630979 -2.89157535 -2.17612334 -1.46194435 
1.59228279e-03 -4.63318905 -3.57455217 -2.90564309 -2.20192640 -1.48307753 
1.32194115e-03 -4.56276920 -3.57763096 -2.91112603 -2.20460369 -1.50164804 
1.09749877e-03 -4.54814834 -3.57718180 -2.92237421 -2.22792705 -1.51382126 
9.11162756e-04 -4.50766013 -3.56646000 -2.93247615 -2.24006897 -1.53635005 
7.56463328e-04 -4.43296698 -3.57580325 -2.93776616 -2.24419692 -1.56821199 
6.28029144e-04 -4.38401478 -3.57110172 -2.94116670 -2.25000789 -1.59453302 
5.21400829e-04 -4.30212040 -3.55973594 -2.94274574 -2.26186054 -1.61747171 
4.32876128e-04 -4.25265269 -3.56935503 -2.94265979 -2.27613137 -1.62076622 
3.59381366e-04 -4.26353307 -3.55425341 -2.94301301 -2.28713423 -1.61917423 
2.98364724e-04 -4.25843641 -3.56111645 -2.94825640 -2.30155670 -1.66250777 
2.47707636e-04 -4.28401299 -3.56418630 -2.95678048 -2.30144766 -1.69965207 
2.05651231e-04 -4.31252597 -3.57215962 -2.94937599 -2.31221247 -1.73118523 
1.70735265e-04 -4.31631063 -3.54866592 -2.94207500 -2.32875937 -1.76600514 
1.41747416e-04 -4.44694867 -3.54476487 -2.94465055 -2.33400184 -1.79424873 
1.17681195e-04 -4.45126829 -3.53468361 -2.93472128 -2.34591883 -1.80211962 
9.77009957e-05 -4.63788465 -3.54844167 -2.91196684 -2.35387358 -1.79880357 
8.11130831e-05 -4.74254707 -3.56736457 -2.91411252 -2.35484167 -1.82711947 
6.73415066e-05 -4.89936607 -3.57489489 -2.91669878 -2.36141132 -1.79941598 
5.59081018e-05 -4.98189993 -3.57437737 -2.91868465 -2.36199555 -1.83908119 
4.64158883e-05 -5.14170330 -3.57824681 -2.91346163 -2.36005636 -1.83820814 
3.85352859e-05 -5.33787653 -3.58380063 -2.92775615 -2.36628858 -1.88781500 
3.19926714e-05 -5.46121926 -3.59681413 -2.93088557 -2.36661387 -1.81361961 
2.65608778e-05 -5.62886063 -3.61786636 -2.94329914 -2.38095848 -1.72906651 
2.20513074e-05 -5.90223877 -3.63275593 -2.94572361 -2.38692498 -1.64291513 
1.83073828e-05 -6.17875412 -3.65057008 -2.96119520 -2.39867719 -1.59556769 
1.51991108e-05 -6.38342673 -3.66744735 -2.97581360 -2.40172259 -1.57299999 
1.26185688e-05 -6.56710889 -3.70046282 -2.98858668 -2.41468182 -1.55396945 
1.04761575e-05 -6.73323324 -3.73753372 -3.00743252 -2.42046746 -1.54642185 
8.69749003e-06 -6.92510856 -3.75830526 -3.03293718 -2.43432603 -1.55184023 
7.22080902e-06 -7.12255132 -3.78871901 -3.05590478 -2.44892746 -1.55423589 
5.99484250e-06 -7.30877514 -3.83289350 -3.07998584 -2.45791197 -1.55360324 
4.97702356e-06 -7.48615994 -3.87621148 -3.10532282 -2.48199118 -1.55074418 
4.13201240e-06 -7.65730222 -3.92063912 -3.13151181 -2.49586645 -1.56547694 
3.43046929e-06 -7.82449094 -3.96030829 -3.15422927 -2.52414793 -1.58206637 
2.84803587e-06 -7.99012612 -4.01519150 -3.18090344 -2.54139487 -1.62658887 
2.36448941e-06 -8.15515392 -4.07634768 -3.22746308 -2.58935903 -1.65571545 
1.96304065e-06 -8.31965784 -4.14293912 -3.25355442 -2.61017291 -1.70646045 
1.62975083e-06 -8.48394697 -4.20994962 -3.29580134 -2.63419012 -1.75893194 
1.35304777e-06 -8.64815707 -4.28088994 -3.33767638 -2.66162244 -1.80036509 
1.12332403e-06 -8.81234105 -4.33565596 -3.37938027 -2.69117390 -1.83662617 
9.32603347e-07 -8.97734130 -4.42318351 -3.41723412 -2.71408635 -1.86832494 
7.74263683e-07 -9.14371371 -4.49930816 -3.46133268 -2.72888747 -1.87207840 
6.42807312e-07 -9.31008613 -4.58699329 -3.52199968 -2.76530441 -1.91087178 
5.33669923e-07 -9.47645854 -4.66905931 -3.57571832 -2.80359011 -1.96040381 
4.43062146e-07 -9.64283095 -4.74611573 -3.62487368 -2.81851595 -2.00097591 
3.67837977e-07 -9.80920336 -4.83448358 -3.66100515 -2.84204049 -2.05304224 
3.05385551e-07 -9.97599919 -4.90986492 -3.70300324 -2.87419426 -2.07428918 
2.53536449e-07 -10.14462982 -5.00525058 -3.75358157 -2.90031953 -2.16462916 
2.10490414e-07 -10.31326045 -5.08469213 -3.81271558 -2.92730036 -2.18502660 
1.74752840e-07 -10.48439484 -5.19369858 -3.85776916 -2.94148796 -2.18857713 
1.45082878e-07 -10.66922629 -5.27763812 -3.90431274 -2.96399477 -2.20839219 
1.20450354e-07 -10.85405775 -5.36353368 -3.95383597 -2.99298805 -2.21293660 
1.00000000e-07 -11.03888920 -5.46033956 -4.02581118 -3.00543208 -2.22944922 
