Chemical species: H2 He H2O CO2 SO2 CO H2S NH3 CH4
P (bar) | log_H2: -2σ | log_H2: -1σ | log_H2: median | log_H2: +1σ | log_H2: +2σ 
1.00000000e+02 -0.19082799 -0.17265201 -0.15696418 -0.13368288 -0.11169153 
8.11130831e+01 -0.19082799 -0.17265201 -0.15696418 -0.13368288 -0.11169153 
6.57933225e+01 -0.19082799 -0.17265201 -0.15696418 -0.13368288 -0.11169153 
5.33669923e+01 -0.19082799 -0.17265201 -0.15696418 -0.13368288 -0.11169153 
4.32876128e+01 -0.19082799 -0.17265201 -0.15696418 -0.13368288 -0.11169153 
3.51119173e+01 -0.19082799 -0.17265201 -0.15696418 -0.13368288 -0.11169153 
2.84803587e+01 -0.19082799 -0.17265201 -0.15696418 -0.13368288 -0.11169153 
2.31012970e+01 -0.19082799 -0.17265201 -0.15696418 -0.13368288 -0.11169153 
1.87381742e+01 -0.19082799 -0.17265201 -0.15696418 -0.13368288 -0.11169153 
1.51991108e+01 -0.19082799 -0.17265201 -0.15696418 -0.13368288 -0.11169153 
1.23284674e+01 -0.19082799 -0.17265201 -0.15696418 -0.13368288 -0.11169153 
1.00000000e+01 -0.19082799 -0.17265201 -0.15696418 -0.13368288 -0.11169153 
8.11130831e+00 -0.19082799 -0.17265201 -0.15696418 -0.13368288 -0.11169153 
6.57933225e+00 -0.19082799 -0.17265201 -0.15696418 -0.13368288 -0.11169153 
5.33669923e+00 -0.19082799 -0.17265201 -0.15696418 -0.13368288 -0.11169153 
4.32876128e+00 -0.19082799 -0.17265201 -0.15696418 -0.13368288 -0.11169153 
3.51119173e+00 -0.19082799 -0.17265201 -0.15696418 -0.13368288 -0.11169153 
2.84803587e+00 -0.19082799 -0.17265201 -0.15696418 -0.13368288 -0.11169153 
2.31012970e+00 -0.19082799 -0.17265201 -0.15696418 -0.13368288 -0.11169153 
1.87381742e+00 -0.19082799 -0.17265201 -0.15696418 -0.13368288 -0.11169153 
1.51991108e+00 -0.19082799 -0.17265201 -0.15696418 -0.13368288 -0.11169153 
1.23284674e+00 -0.19082799 -0.17265201 -0.15696418 -0.13368288 -0.11169153 
1.00000000e+00 -0.19082799 -0.17265201 -0.15696418 -0.13368288 -0.11169153 
8.11130831e-01 -0.19082799 -0.17265201 -0.15696418 -0.13368288 -0.11169153 
6.57933225e-01 -0.19082799 -0.17265201 -0.15696418 -0.13368288 -0.11169153 
5.33669923e-01 -0.19082799 -0.17265201 -0.15696418 -0.13368288 -0.11169153 
4.32876128e-01 -0.19082799 -0.17265201 -0.15696418 -0.13368288 -0.11169153 
3.51119173e-01 -0.19082799 -0.17265201 -0.15696418 -0.13368288 -0.11169153 
2.84803587e-01 -0.19082799 -0.17265201 -0.15696418 -0.13368288 -0.11169153 
2.31012970e-01 -0.19082799 -0.17265201 -0.15696418 -0.13368288 -0.11169153 
1.87381742e-01 -0.19082799 -0.17265201 -0.15696418 -0.13368288 -0.11169153 
1.51991108e-01 -0.19082799 -0.17265201 -0.15696418 -0.13368288 -0.11169153 
1.23284674e-01 -0.19082799 -0.17265201 -0.15696418 -0.13368288 -0.11169153 
1.00000000e-01 -0.19082799 -0.17265201 -0.15696418 -0.13368288 -0.11169153 
8.11130831e-02 -0.19082799 -0.17265201 -0.15696418 -0.13368288 -0.11169153 
6.57933225e-02 -0.19082799 -0.17265201 -0.15696418 -0.13368288 -0.11169153 
5.33669923e-02 -0.19082799 -0.17265201 -0.15696418 -0.13368288 -0.11169153 
4.32876128e-02 -0.19082799 -0.17265201 -0.15696418 -0.13368288 -0.11169153 
3.51119173e-02 -0.19082799 -0.17265201 -0.15696418 -0.13368288 -0.11169153 
2.84803587e-02 -0.19082799 -0.17265201 -0.15696418 -0.13368288 -0.11169153 
2.31012970e-02 -0.19082799 -0.17265201 -0.15696418 -0.13368288 -0.11169153 
1.87381742e-02 -0.19082799 -0.17265201 -0.15696418 -0.13368288 -0.11169153 
1.51991108e-02 -0.19082799 -0.17265201 -0.15696418 -0.13368288 -0.11169153 
1.23284674e-02 -0.19082799 -0.17265201 -0.15696418 -0.13368288 -0.11169153 
1.00000000e-02 -0.19082799 -0.17265201 -0.15696418 -0.13368288 -0.11169153 
8.11130831e-03 -0.19082799 -0.17265201 -0.15696418 -0.13368288 -0.11169153 
6.57933225e-03 -0.19082799 -0.17265201 -0.15696418 -0.13368288 -0.11169153 
5.33669923e-03 -0.19082799 -0.17265201 -0.15696418 -0.13368288 -0.11169153 
4.32876128e-03 -0.19082799 -0.17265201 -0.15696418 -0.13368288 -0.11169153 
3.51119173e-03 -0.19082799 -0.17265201 -0.15696418 -0.13368288 -0.11169153 
2.84803587e-03 -0.19082799 -0.17265201 -0.15696418 -0.13368288 -0.11169153 
2.31012970e-03 -0.19082799 -0.17265201 -0.15696418 -0.13368288 -0.11169153 
1.87381742e-03 -0.19082799 -0.17265201 -0.15696418 -0.13368288 -0.11169153 
1.51991108e-03 -0.19082799 -0.17265201 -0.15696418 -0.13368288 -0.11169153 
1.23284674e-03 -0.19082799 -0.17265201 -0.15696418 -0.13368288 -0.11169153 
1.00000000e-03 -0.19082799 -0.17265201 -0.15696418 -0.13368288 -0.11169153 
8.11130831e-04 -0.19082799 -0.17265201 -0.15696418 -0.13368288 -0.11169153 
6.57933225e-04 -0.19082799 -0.17265201 -0.15696418 -0.13368288 -0.11169153 
5.33669923e-04 -0.19082799 -0.17265201 -0.15696418 -0.13368288 -0.11169153 
4.32876128e-04 -0.19082799 -0.17265201 -0.15696418 -0.13368288 -0.11169153 
3.51119173e-04 -0.19082799 -0.17265201 -0.15696418 -0.13368288 -0.11169153 
2.84803587e-04 -0.19082799 -0.17265201 -0.15696418 -0.13368288 -0.11169153 
2.31012970e-04 -0.19082799 -0.17265201 -0.15696418 -0.13368288 -0.11169153 
1.87381742e-04 -0.19082799 -0.17265201 -0.15696418 -0.13368288 -0.11169153 
1.51991108e-04 -0.19082799 -0.17265201 -0.15696418 -0.13368288 -0.11169153 
1.23284674e-04 -0.19082799 -0.17265201 -0.15696418 -0.13368288 -0.11169153 
1.00000000e-04 -0.19082799 -0.17265201 -0.15696418 -0.13368288 -0.11169153 
8.11130831e-05 -0.19082799 -0.17265201 -0.15696418 -0.13368288 -0.11169153 
6.57933225e-05 -0.19082799 -0.17265201 -0.15696418 -0.13368288 -0.11169153 
5.33669923e-05 -0.19082799 -0.17265201 -0.15696418 -0.13368288 -0.11169153 
4.32876128e-05 -0.19082799 -0.17265201 -0.15696418 -0.13368288 -0.11169153 
3.51119173e-05 -0.19082799 -0.17265201 -0.15696418 -0.13368288 -0.11169153 
2.84803587e-05 -0.19082799 -0.17265201 -0.15696418 -0.13368288 -0.11169153 
2.31012970e-05 -0.19082799 -0.17265201 -0.15696418 -0.13368288 -0.11169153 
1.87381742e-05 -0.19082799 -0.17265201 -0.15696418 -0.13368288 -0.11169153 
1.51991108e-05 -0.19082799 -0.17265201 -0.15696418 -0.13368288 -0.11169153 
1.23284674e-05 -0.19082799 -0.17265201 -0.15696418 -0.13368288 -0.11169153 
1.00000000e-05 -0.19082799 -0.17265201 -0.15696418 -0.13368288 -0.11169153 
8.11130831e-06 -0.19082799 -0.17265201 -0.15696418 -0.13368288 -0.11169153 
6.57933225e-06 -0.19082799 -0.17265201 -0.15696418 -0.13368288 -0.11169153 
5.33669923e-06 -0.19082799 -0.17265201 -0.15696418 -0.13368288 -0.11169153 
4.32876128e-06 -0.19082799 -0.17265201 -0.15696418 -0.13368288 -0.11169153 
3.51119173e-06 -0.19082799 -0.17265201 -0.15696418 -0.13368288 -0.11169153 
2.84803587e-06 -0.19082799 -0.17265201 -0.15696418 -0.13368288 -0.11169153 
2.31012970e-06 -0.19082799 -0.17265201 -0.15696418 -0.13368288 -0.11169153 
1.87381742e-06 -0.19082799 -0.17265201 -0.15696418 -0.13368288 -0.11169153 
1.51991108e-06 -0.19082799 -0.17265201 -0.15696418 -0.13368288 -0.11169153 
1.23284674e-06 -0.19082799 -0.17265201 -0.15696418 -0.13368288 -0.11169153 
1.00000000e-06 -0.19082799 -0.17265201 -0.15696418 -0.13368288 -0.11169153 
8.11130831e-07 -0.19082799 -0.17265201 -0.15696418 -0.13368288 -0.11169153 
6.57933225e-07 -0.19082799 -0.17265201 -0.15696418 -0.13368288 -0.11169153 
5.33669923e-07 -0.19082799 -0.17265201 -0.15696418 -0.13368288 -0.11169153 
4.32876128e-07 -0.19082799 -0.17265201 -0.15696418 -0.13368288 -0.11169153 
3.51119173e-07 -0.19082799 -0.17265201 -0.15696418 -0.13368288 -0.11169153 
2.84803587e-07 -0.19082799 -0.17265201 -0.15696418 -0.13368288 -0.11169153 
2.31012970e-07 -0.19082799 -0.17265201 -0.15696418 -0.13368288 -0.11169153 
1.87381742e-07 -0.19082799 -0.17265201 -0.15696418 -0.13368288 -0.11169153 
1.51991108e-07 -0.19082799 -0.17265201 -0.15696418 -0.13368288 -0.11169153 
1.23284674e-07 -0.19082799 -0.17265201 -0.15696418 -0.13368288 -0.11169153 
1.00000000e-07 -0.19082799 -0.17265201 -0.15696418 -0.13368288 -0.11169153 
P (bar) | log_He: -2σ | log_He: -1σ | log_He: median | log_He: +1σ | log_He: +2σ 
1.00000000e+02 -0.96037907 -0.94220309 -0.92651526 -0.90323396 -0.88124261 
8.11130831e+01 -0.96037907 -0.94220309 -0.92651526 -0.90323396 -0.88124261 
6.57933225e+01 -0.96037907 -0.94220309 -0.92651526 -0.90323396 -0.88124261 
5.33669923e+01 -0.96037907 -0.94220309 -0.92651526 -0.90323396 -0.88124261 
4.32876128e+01 -0.96037907 -0.94220309 -0.92651526 -0.90323396 -0.88124261 
3.51119173e+01 -0.96037907 -0.94220309 -0.92651526 -0.90323396 -0.88124261 
2.84803587e+01 -0.96037907 -0.94220309 -0.92651526 -0.90323396 -0.88124261 
2.31012970e+01 -0.96037907 -0.94220309 -0.92651526 -0.90323396 -0.88124261 
1.87381742e+01 -0.96037907 -0.94220309 -0.92651526 -0.90323396 -0.88124261 
1.51991108e+01 -0.96037907 -0.94220309 -0.92651526 -0.90323396 -0.88124261 
1.23284674e+01 -0.96037907 -0.94220309 -0.92651526 -0.90323396 -0.88124261 
1.00000000e+01 -0.96037907 -0.94220309 -0.92651526 -0.90323396 -0.88124261 
8.11130831e+00 -0.96037907 -0.94220309 -0.92651526 -0.90323396 -0.88124261 
6.57933225e+00 -0.96037907 -0.94220309 -0.92651526 -0.90323396 -0.88124261 
5.33669923e+00 -0.96037907 -0.94220309 -0.92651526 -0.90323396 -0.88124261 
4.32876128e+00 -0.96037907 -0.94220309 -0.92651526 -0.90323396 -0.88124261 
3.51119173e+00 -0.96037907 -0.94220309 -0.92651526 -0.90323396 -0.88124261 
2.84803587e+00 -0.96037907 -0.94220309 -0.92651526 -0.90323396 -0.88124261 
2.31012970e+00 -0.96037907 -0.94220309 -0.92651526 -0.90323396 -0.88124261 
1.87381742e+00 -0.96037907 -0.94220309 -0.92651526 -0.90323396 -0.88124261 
1.51991108e+00 -0.96037907 -0.94220309 -0.92651526 -0.90323396 -0.88124261 
1.23284674e+00 -0.96037907 -0.94220309 -0.92651526 -0.90323396 -0.88124261 
1.00000000e+00 -0.96037907 -0.94220309 -0.92651526 -0.90323396 -0.88124261 
8.11130831e-01 -0.96037907 -0.94220309 -0.92651526 -0.90323396 -0.88124261 
6.57933225e-01 -0.96037907 -0.94220309 -0.92651526 -0.90323396 -0.88124261 
5.33669923e-01 -0.96037907 -0.94220309 -0.92651526 -0.90323396 -0.88124261 
4.32876128e-01 -0.96037907 -0.94220309 -0.92651526 -0.90323396 -0.88124261 
3.51119173e-01 -0.96037907 -0.94220309 -0.92651526 -0.90323396 -0.88124261 
2.84803587e-01 -0.96037907 -0.94220309 -0.92651526 -0.90323396 -0.88124261 
2.31012970e-01 -0.96037907 -0.94220309 -0.92651526 -0.90323396 -0.88124261 
1.87381742e-01 -0.96037907 -0.94220309 -0.92651526 -0.90323396 -0.88124261 
1.51991108e-01 -0.96037907 -0.94220309 -0.92651526 -0.90323396 -0.88124261 
1.23284674e-01 -0.96037907 -0.94220309 -0.92651526 -0.90323396 -0.88124261 
1.00000000e-01 -0.96037907 -0.94220309 -0.92651526 -0.90323396 -0.88124261 
8.11130831e-02 -0.96037907 -0.94220309 -0.92651526 -0.90323396 -0.88124261 
6.57933225e-02 -0.96037907 -0.94220309 -0.92651526 -0.90323396 -0.88124261 
5.33669923e-02 -0.96037907 -0.94220309 -0.92651526 -0.90323396 -0.88124261 
4.32876128e-02 -0.96037907 -0.94220309 -0.92651526 -0.90323396 -0.88124261 
3.51119173e-02 -0.96037907 -0.94220309 -0.92651526 -0.90323396 -0.88124261 
2.84803587e-02 -0.96037907 -0.94220309 -0.92651526 -0.90323396 -0.88124261 
2.31012970e-02 -0.96037907 -0.94220309 -0.92651526 -0.90323396 -0.88124261 
1.87381742e-02 -0.96037907 -0.94220309 -0.92651526 -0.90323396 -0.88124261 
1.51991108e-02 -0.96037907 -0.94220309 -0.92651526 -0.90323396 -0.88124261 
1.23284674e-02 -0.96037907 -0.94220309 -0.92651526 -0.90323396 -0.88124261 
1.00000000e-02 -0.96037907 -0.94220309 -0.92651526 -0.90323396 -0.88124261 
8.11130831e-03 -0.96037907 -0.94220309 -0.92651526 -0.90323396 -0.88124261 
6.57933225e-03 -0.96037907 -0.94220309 -0.92651526 -0.90323396 -0.88124261 
5.33669923e-03 -0.96037907 -0.94220309 -0.92651526 -0.90323396 -0.88124261 
4.32876128e-03 -0.96037907 -0.94220309 -0.92651526 -0.90323396 -0.88124261 
3.51119173e-03 -0.96037907 -0.94220309 -0.92651526 -0.90323396 -0.88124261 
2.84803587e-03 -0.96037907 -0.94220309 -0.92651526 -0.90323396 -0.88124261 
2.31012970e-03 -0.96037907 -0.94220309 -0.92651526 -0.90323396 -0.88124261 
1.87381742e-03 -0.96037907 -0.94220309 -0.92651526 -0.90323396 -0.88124261 
1.51991108e-03 -0.96037907 -0.94220309 -0.92651526 -0.90323396 -0.88124261 
1.23284674e-03 -0.96037907 -0.94220309 -0.92651526 -0.90323396 -0.88124261 
1.00000000e-03 -0.96037907 -0.94220309 -0.92651526 -0.90323396 -0.88124261 
8.11130831e-04 -0.96037907 -0.94220309 -0.92651526 -0.90323396 -0.88124261 
6.57933225e-04 -0.96037907 -0.94220309 -0.92651526 -0.90323396 -0.88124261 
5.33669923e-04 -0.96037907 -0.94220309 -0.92651526 -0.90323396 -0.88124261 
4.32876128e-04 -0.96037907 -0.94220309 -0.92651526 -0.90323396 -0.88124261 
3.51119173e-04 -0.96037907 -0.94220309 -0.92651526 -0.90323396 -0.88124261 
2.84803587e-04 -0.96037907 -0.94220309 -0.92651526 -0.90323396 -0.88124261 
2.31012970e-04 -0.96037907 -0.94220309 -0.92651526 -0.90323396 -0.88124261 
1.87381742e-04 -0.96037907 -0.94220309 -0.92651526 -0.90323396 -0.88124261 
1.51991108e-04 -0.96037907 -0.94220309 -0.92651526 -0.90323396 -0.88124261 
1.23284674e-04 -0.96037907 -0.94220309 -0.92651526 -0.90323396 -0.88124261 
1.00000000e-04 -0.96037907 -0.94220309 -0.92651526 -0.90323396 -0.88124261 
8.11130831e-05 -0.96037907 -0.94220309 -0.92651526 -0.90323396 -0.88124261 
6.57933225e-05 -0.96037907 -0.94220309 -0.92651526 -0.90323396 -0.88124261 
5.33669923e-05 -0.96037907 -0.94220309 -0.92651526 -0.90323396 -0.88124261 
4.32876128e-05 -0.96037907 -0.94220309 -0.92651526 -0.90323396 -0.88124261 
3.51119173e-05 -0.96037907 -0.94220309 -0.92651526 -0.90323396 -0.88124261 
2.84803587e-05 -0.96037907 -0.94220309 -0.92651526 -0.90323396 -0.88124261 
2.31012970e-05 -0.96037907 -0.94220309 -0.92651526 -0.90323396 -0.88124261 
1.87381742e-05 -0.96037907 -0.94220309 -0.92651526 -0.90323396 -0.88124261 
1.51991108e-05 -0.96037907 -0.94220309 -0.92651526 -0.90323396 -0.88124261 
1.23284674e-05 -0.96037907 -0.94220309 -0.92651526 -0.90323396 -0.88124261 
1.00000000e-05 -0.96037907 -0.94220309 -0.92651526 -0.90323396 -0.88124261 
8.11130831e-06 -0.96037907 -0.94220309 -0.92651526 -0.90323396 -0.88124261 
6.57933225e-06 -0.96037907 -0.94220309 -0.92651526 -0.90323396 -0.88124261 
5.33669923e-06 -0.96037907 -0.94220309 -0.92651526 -0.90323396 -0.88124261 
4.32876128e-06 -0.96037907 -0.94220309 -0.92651526 -0.90323396 -0.88124261 
3.51119173e-06 -0.96037907 -0.94220309 -0.92651526 -0.90323396 -0.88124261 
2.84803587e-06 -0.96037907 -0.94220309 -0.92651526 -0.90323396 -0.88124261 
2.31012970e-06 -0.96037907 -0.94220309 -0.92651526 -0.90323396 -0.88124261 
1.87381742e-06 -0.96037907 -0.94220309 -0.92651526 -0.90323396 -0.88124261 
1.51991108e-06 -0.96037907 -0.94220309 -0.92651526 -0.90323396 -0.88124261 
1.23284674e-06 -0.96037907 -0.94220309 -0.92651526 -0.90323396 -0.88124261 
1.00000000e-06 -0.96037907 -0.94220309 -0.92651526 -0.90323396 -0.88124261 
8.11130831e-07 -0.96037907 -0.94220309 -0.92651526 -0.90323396 -0.88124261 
6.57933225e-07 -0.96037907 -0.94220309 -0.92651526 -0.90323396 -0.88124261 
5.33669923e-07 -0.96037907 -0.94220309 -0.92651526 -0.90323396 -0.88124261 
4.32876128e-07 -0.96037907 -0.94220309 -0.92651526 -0.90323396 -0.88124261 
3.51119173e-07 -0.96037907 -0.94220309 -0.92651526 -0.90323396 -0.88124261 
2.84803587e-07 -0.96037907 -0.94220309 -0.92651526 -0.90323396 -0.88124261 
2.31012970e-07 -0.96037907 -0.94220309 -0.92651526 -0.90323396 -0.88124261 
1.87381742e-07 -0.96037907 -0.94220309 -0.92651526 -0.90323396 -0.88124261 
1.51991108e-07 -0.96037907 -0.94220309 -0.92651526 -0.90323396 -0.88124261 
1.23284674e-07 -0.96037907 -0.94220309 -0.92651526 -0.90323396 -0.88124261 
1.00000000e-07 -0.96037907 -0.94220309 -0.92651526 -0.90323396 -0.88124261 
P (bar) | log_H2O: -2σ | log_H2O: -1σ | log_H2O: median | log_H2O: +1σ | log_H2O: +2σ 
1.00000000e+02 -1.02892460 -0.85774345 -0.73404758 -0.67140274 -0.61173482 
8.11130831e+01 -1.02892460 -0.85774345 -0.73404758 -0.67140274 -0.61173482 
6.57933225e+01 -1.02892460 -0.85774345 -0.73404758 -0.67140274 -0.61173482 
5.33669923e+01 -1.02892460 -0.85774345 -0.73404758 -0.67140274 -0.61173482 
4.32876128e+01 -1.02892460 -0.85774345 -0.73404758 -0.67140274 -0.61173482 
3.51119173e+01 -1.02892460 -0.85774345 -0.73404758 -0.67140274 -0.61173482 
2.84803587e+01 -1.02892460 -0.85774345 -0.73404758 -0.67140274 -0.61173482 
2.31012970e+01 -1.02892460 -0.85774345 -0.73404758 -0.67140274 -0.61173482 
1.87381742e+01 -1.02892460 -0.85774345 -0.73404758 -0.67140274 -0.61173482 
1.51991108e+01 -1.02892460 -0.85774345 -0.73404758 -0.67140274 -0.61173482 
1.23284674e+01 -1.02892460 -0.85774345 -0.73404758 -0.67140274 -0.61173482 
1.00000000e+01 -1.02892460 -0.85774345 -0.73404758 -0.67140274 -0.61173482 
8.11130831e+00 -1.02892460 -0.85774345 -0.73404758 -0.67140274 -0.61173482 
6.57933225e+00 -1.02892460 -0.85774345 -0.73404758 -0.67140274 -0.61173482 
5.33669923e+00 -1.02892460 -0.85774345 -0.73404758 -0.67140274 -0.61173482 
4.32876128e+00 -1.02892460 -0.85774345 -0.73404758 -0.67140274 -0.61173482 
3.51119173e+00 -1.02892460 -0.85774345 -0.73404758 -0.67140274 -0.61173482 
2.84803587e+00 -1.02892460 -0.85774345 -0.73404758 -0.67140274 -0.61173482 
2.31012970e+00 -1.02892460 -0.85774345 -0.73404758 -0.67140274 -0.61173482 
1.87381742e+00 -1.02892460 -0.85774345 -0.73404758 -0.67140274 -0.61173482 
1.51991108e+00 -1.02892460 -0.85774345 -0.73404758 -0.67140274 -0.61173482 
1.23284674e+00 -1.02892460 -0.85774345 -0.73404758 -0.67140274 -0.61173482 
1.00000000e+00 -1.02892460 -0.85774345 -0.73404758 -0.67140274 -0.61173482 
8.11130831e-01 -1.02892460 -0.85774345 -0.73404758 -0.67140274 -0.61173482 
6.57933225e-01 -1.02892460 -0.85774345 -0.73404758 -0.67140274 -0.61173482 
5.33669923e-01 -1.02892460 -0.85774345 -0.73404758 -0.67140274 -0.61173482 
4.32876128e-01 -1.02892460 -0.85774345 -0.73404758 -0.67140274 -0.61173482 
3.51119173e-01 -1.02892460 -0.85774345 -0.73404758 -0.67140274 -0.61173482 
2.84803587e-01 -1.02892460 -0.85774345 -0.73404758 -0.67140274 -0.61173482 
2.31012970e-01 -1.02892460 -0.85774345 -0.73404758 -0.67140274 -0.61173482 
1.87381742e-01 -1.02892460 -0.85774345 -0.73404758 -0.67140274 -0.61173482 
1.51991108e-01 -1.02892460 -0.85774345 -0.73404758 -0.67140274 -0.61173482 
1.23284674e-01 -1.02892460 -0.85774345 -0.73404758 -0.67140274 -0.61173482 
1.00000000e-01 -1.02892460 -0.85774345 -0.73404758 -0.67140274 -0.61173482 
8.11130831e-02 -1.02892460 -0.85774345 -0.73404758 -0.67140274 -0.61173482 
6.57933225e-02 -1.02892460 -0.85774345 -0.73404758 -0.67140274 -0.61173482 
5.33669923e-02 -1.02892460 -0.85774345 -0.73404758 -0.67140274 -0.61173482 
4.32876128e-02 -1.02892460 -0.85774345 -0.73404758 -0.67140274 -0.61173482 
3.51119173e-02 -1.02892460 -0.85774345 -0.73404758 -0.67140274 -0.61173482 
2.84803587e-02 -1.02892460 -0.85774345 -0.73404758 -0.67140274 -0.61173482 
2.31012970e-02 -1.02892460 -0.85774345 -0.73404758 -0.67140274 -0.61173482 
1.87381742e-02 -1.02892460 -0.85774345 -0.73404758 -0.67140274 -0.61173482 
1.51991108e-02 -1.02892460 -0.85774345 -0.73404758 -0.67140274 -0.61173482 
1.23284674e-02 -1.02892460 -0.85774345 -0.73404758 -0.67140274 -0.61173482 
1.00000000e-02 -1.02892460 -0.85774345 -0.73404758 -0.67140274 -0.61173482 
8.11130831e-03 -1.02892460 -0.85774345 -0.73404758 -0.67140274 -0.61173482 
6.57933225e-03 -1.02892460 -0.85774345 -0.73404758 -0.67140274 -0.61173482 
5.33669923e-03 -1.02892460 -0.85774345 -0.73404758 -0.67140274 -0.61173482 
4.32876128e-03 -1.02892460 -0.85774345 -0.73404758 -0.67140274 -0.61173482 
3.51119173e-03 -1.02892460 -0.85774345 -0.73404758 -0.67140274 -0.61173482 
2.84803587e-03 -1.02892460 -0.85774345 -0.73404758 -0.67140274 -0.61173482 
2.31012970e-03 -1.02892460 -0.85774345 -0.73404758 -0.67140274 -0.61173482 
1.87381742e-03 -1.02892460 -0.85774345 -0.73404758 -0.67140274 -0.61173482 
1.51991108e-03 -1.02892460 -0.85774345 -0.73404758 -0.67140274 -0.61173482 
1.23284674e-03 -1.02892460 -0.85774345 -0.73404758 -0.67140274 -0.61173482 
1.00000000e-03 -1.02892460 -0.85774345 -0.73404758 -0.67140274 -0.61173482 
8.11130831e-04 -1.02892460 -0.85774345 -0.73404758 -0.67140274 -0.61173482 
6.57933225e-04 -1.02892460 -0.85774345 -0.73404758 -0.67140274 -0.61173482 
5.33669923e-04 -1.02892460 -0.85774345 -0.73404758 -0.67140274 -0.61173482 
4.32876128e-04 -1.02892460 -0.85774345 -0.73404758 -0.67140274 -0.61173482 
3.51119173e-04 -1.02892460 -0.85774345 -0.73404758 -0.67140274 -0.61173482 
2.84803587e-04 -1.02892460 -0.85774345 -0.73404758 -0.67140274 -0.61173482 
2.31012970e-04 -1.02892460 -0.85774345 -0.73404758 -0.67140274 -0.61173482 
1.87381742e-04 -1.02892460 -0.85774345 -0.73404758 -0.67140274 -0.61173482 
1.51991108e-04 -1.02892460 -0.85774345 -0.73404758 -0.67140274 -0.61173482 
1.23284674e-04 -1.02892460 -0.85774345 -0.73404758 -0.67140274 -0.61173482 
1.00000000e-04 -1.02892460 -0.85774345 -0.73404758 -0.67140274 -0.61173482 
8.11130831e-05 -1.02892460 -0.85774345 -0.73404758 -0.67140274 -0.61173482 
6.57933225e-05 -1.02892460 -0.85774345 -0.73404758 -0.67140274 -0.61173482 
5.33669923e-05 -1.02892460 -0.85774345 -0.73404758 -0.67140274 -0.61173482 
4.32876128e-05 -1.02892460 -0.85774345 -0.73404758 -0.67140274 -0.61173482 
3.51119173e-05 -1.02892460 -0.85774345 -0.73404758 -0.67140274 -0.61173482 
2.84803587e-05 -1.02892460 -0.85774345 -0.73404758 -0.67140274 -0.61173482 
2.31012970e-05 -1.02892460 -0.85774345 -0.73404758 -0.67140274 -0.61173482 
1.87381742e-05 -1.02892460 -0.85774345 -0.73404758 -0.67140274 -0.61173482 
1.51991108e-05 -1.02892460 -0.85774345 -0.73404758 -0.67140274 -0.61173482 
1.23284674e-05 -1.02892460 -0.85774345 -0.73404758 -0.67140274 -0.61173482 
1.00000000e-05 -1.02892460 -0.85774345 -0.73404758 -0.67140274 -0.61173482 
8.11130831e-06 -1.02892460 -0.85774345 -0.73404758 -0.67140274 -0.61173482 
6.57933225e-06 -1.02892460 -0.85774345 -0.73404758 -0.67140274 -0.61173482 
5.33669923e-06 -1.02892460 -0.85774345 -0.73404758 -0.67140274 -0.61173482 
4.32876128e-06 -1.02892460 -0.85774345 -0.73404758 -0.67140274 -0.61173482 
3.51119173e-06 -1.02892460 -0.85774345 -0.73404758 -0.67140274 -0.61173482 
2.84803587e-06 -1.02892460 -0.85774345 -0.73404758 -0.67140274 -0.61173482 
2.31012970e-06 -1.02892460 -0.85774345 -0.73404758 -0.67140274 -0.61173482 
1.87381742e-06 -1.02892460 -0.85774345 -0.73404758 -0.67140274 -0.61173482 
1.51991108e-06 -1.02892460 -0.85774345 -0.73404758 -0.67140274 -0.61173482 
1.23284674e-06 -1.02892460 -0.85774345 -0.73404758 -0.67140274 -0.61173482 
1.00000000e-06 -1.02892460 -0.85774345 -0.73404758 -0.67140274 -0.61173482 
8.11130831e-07 -1.02892460 -0.85774345 -0.73404758 -0.67140274 -0.61173482 
6.57933225e-07 -1.02892460 -0.85774345 -0.73404758 -0.67140274 -0.61173482 
5.33669923e-07 -1.02892460 -0.85774345 -0.73404758 -0.67140274 -0.61173482 
4.32876128e-07 -1.02892460 -0.85774345 -0.73404758 -0.67140274 -0.61173482 
3.51119173e-07 -1.02892460 -0.85774345 -0.73404758 -0.67140274 -0.61173482 
2.84803587e-07 -1.02892460 -0.85774345 -0.73404758 -0.67140274 -0.61173482 
2.31012970e-07 -1.02892460 -0.85774345 -0.73404758 -0.67140274 -0.61173482 
1.87381742e-07 -1.02892460 -0.85774345 -0.73404758 -0.67140274 -0.61173482 
1.51991108e-07 -1.02892460 -0.85774345 -0.73404758 -0.67140274 -0.61173482 
1.23284674e-07 -1.02892460 -0.85774345 -0.73404758 -0.67140274 -0.61173482 
1.00000000e-07 -1.02892460 -0.85774345 -0.73404758 -0.67140274 -0.61173482 
P (bar) | log_CO2: -2σ | log_CO2: -1σ | log_CO2: median | log_CO2: +1σ | log_CO2: +2σ 
1.00000000e+02 -6.38868984 -5.42077114 -4.52327741 -3.39026630 -2.54515998 
8.11130831e+01 -6.38868984 -5.42077114 -4.52327741 -3.39026630 -2.54515998 
6.57933225e+01 -6.38868984 -5.42077114 -4.52327741 -3.39026630 -2.54515998 
5.33669923e+01 -6.38868984 -5.42077114 -4.52327741 -3.39026630 -2.54515998 
4.32876128e+01 -6.38868984 -5.42077114 -4.52327741 -3.39026630 -2.54515998 
3.51119173e+01 -6.38868984 -5.42077114 -4.52327741 -3.39026630 -2.54515998 
2.84803587e+01 -6.38868984 -5.42077114 -4.52327741 -3.39026630 -2.54515998 
2.31012970e+01 -6.38868984 -5.42077114 -4.52327741 -3.39026630 -2.54515998 
1.87381742e+01 -6.38868984 -5.42077114 -4.52327741 -3.39026630 -2.54515998 
1.51991108e+01 -6.38868984 -5.42077114 -4.52327741 -3.39026630 -2.54515998 
1.23284674e+01 -6.38868984 -5.42077114 -4.52327741 -3.39026630 -2.54515998 
1.00000000e+01 -6.38868984 -5.42077114 -4.52327741 -3.39026630 -2.54515998 
8.11130831e+00 -6.38868984 -5.42077114 -4.52327741 -3.39026630 -2.54515998 
6.57933225e+00 -6.38868984 -5.42077114 -4.52327741 -3.39026630 -2.54515998 
5.33669923e+00 -6.38868984 -5.42077114 -4.52327741 -3.39026630 -2.54515998 
4.32876128e+00 -6.38868984 -5.42077114 -4.52327741 -3.39026630 -2.54515998 
3.51119173e+00 -6.38868984 -5.42077114 -4.52327741 -3.39026630 -2.54515998 
2.84803587e+00 -6.38868984 -5.42077114 -4.52327741 -3.39026630 -2.54515998 
2.31012970e+00 -6.38868984 -5.42077114 -4.52327741 -3.39026630 -2.54515998 
1.87381742e+00 -6.38868984 -5.42077114 -4.52327741 -3.39026630 -2.54515998 
1.51991108e+00 -6.38868984 -5.42077114 -4.52327741 -3.39026630 -2.54515998 
1.23284674e+00 -6.38868984 -5.42077114 -4.52327741 -3.39026630 -2.54515998 
1.00000000e+00 -6.38868984 -5.42077114 -4.52327741 -3.39026630 -2.54515998 
8.11130831e-01 -6.38868984 -5.42077114 -4.52327741 -3.39026630 -2.54515998 
6.57933225e-01 -6.38868984 -5.42077114 -4.52327741 -3.39026630 -2.54515998 
5.33669923e-01 -6.38868984 -5.42077114 -4.52327741 -3.39026630 -2.54515998 
4.32876128e-01 -6.38868984 -5.42077114 -4.52327741 -3.39026630 -2.54515998 
3.51119173e-01 -6.38868984 -5.42077114 -4.52327741 -3.39026630 -2.54515998 
2.84803587e-01 -6.38868984 -5.42077114 -4.52327741 -3.39026630 -2.54515998 
2.31012970e-01 -6.38868984 -5.42077114 -4.52327741 -3.39026630 -2.54515998 
1.87381742e-01 -6.38868984 -5.42077114 -4.52327741 -3.39026630 -2.54515998 
1.51991108e-01 -6.38868984 -5.42077114 -4.52327741 -3.39026630 -2.54515998 
1.23284674e-01 -6.38868984 -5.42077114 -4.52327741 -3.39026630 -2.54515998 
1.00000000e-01 -6.38868984 -5.42077114 -4.52327741 -3.39026630 -2.54515998 
8.11130831e-02 -6.38868984 -5.42077114 -4.52327741 -3.39026630 -2.54515998 
6.57933225e-02 -6.38868984 -5.42077114 -4.52327741 -3.39026630 -2.54515998 
5.33669923e-02 -6.38868984 -5.42077114 -4.52327741 -3.39026630 -2.54515998 
4.32876128e-02 -6.38868984 -5.42077114 -4.52327741 -3.39026630 -2.54515998 
3.51119173e-02 -6.38868984 -5.42077114 -4.52327741 -3.39026630 -2.54515998 
2.84803587e-02 -6.38868984 -5.42077114 -4.52327741 -3.39026630 -2.54515998 
2.31012970e-02 -6.38868984 -5.42077114 -4.52327741 -3.39026630 -2.54515998 
1.87381742e-02 -6.38868984 -5.42077114 -4.52327741 -3.39026630 -2.54515998 
1.51991108e-02 -6.38868984 -5.42077114 -4.52327741 -3.39026630 -2.54515998 
1.23284674e-02 -6.38868984 -5.42077114 -4.52327741 -3.39026630 -2.54515998 
1.00000000e-02 -6.38868984 -5.42077114 -4.52327741 -3.39026630 -2.54515998 
8.11130831e-03 -6.38868984 -5.42077114 -4.52327741 -3.39026630 -2.54515998 
6.57933225e-03 -6.38868984 -5.42077114 -4.52327741 -3.39026630 -2.54515998 
5.33669923e-03 -6.38868984 -5.42077114 -4.52327741 -3.39026630 -2.54515998 
4.32876128e-03 -6.38868984 -5.42077114 -4.52327741 -3.39026630 -2.54515998 
3.51119173e-03 -6.38868984 -5.42077114 -4.52327741 -3.39026630 -2.54515998 
2.84803587e-03 -6.38868984 -5.42077114 -4.52327741 -3.39026630 -2.54515998 
2.31012970e-03 -6.38868984 -5.42077114 -4.52327741 -3.39026630 -2.54515998 
1.87381742e-03 -6.38868984 -5.42077114 -4.52327741 -3.39026630 -2.54515998 
1.51991108e-03 -6.38868984 -5.42077114 -4.52327741 -3.39026630 -2.54515998 
1.23284674e-03 -6.38868984 -5.42077114 -4.52327741 -3.39026630 -2.54515998 
1.00000000e-03 -6.38868984 -5.42077114 -4.52327741 -3.39026630 -2.54515998 
8.11130831e-04 -6.38868984 -5.42077114 -4.52327741 -3.39026630 -2.54515998 
6.57933225e-04 -6.38868984 -5.42077114 -4.52327741 -3.39026630 -2.54515998 
5.33669923e-04 -6.38868984 -5.42077114 -4.52327741 -3.39026630 -2.54515998 
4.32876128e-04 -6.38868984 -5.42077114 -4.52327741 -3.39026630 -2.54515998 
3.51119173e-04 -6.38868984 -5.42077114 -4.52327741 -3.39026630 -2.54515998 
2.84803587e-04 -6.38868984 -5.42077114 -4.52327741 -3.39026630 -2.54515998 
2.31012970e-04 -6.38868984 -5.42077114 -4.52327741 -3.39026630 -2.54515998 
1.87381742e-04 -6.38868984 -5.42077114 -4.52327741 -3.39026630 -2.54515998 
1.51991108e-04 -6.38868984 -5.42077114 -4.52327741 -3.39026630 -2.54515998 
1.23284674e-04 -6.38868984 -5.42077114 -4.52327741 -3.39026630 -2.54515998 
1.00000000e-04 -6.38868984 -5.42077114 -4.52327741 -3.39026630 -2.54515998 
8.11130831e-05 -6.38868984 -5.42077114 -4.52327741 -3.39026630 -2.54515998 
6.57933225e-05 -6.38868984 -5.42077114 -4.52327741 -3.39026630 -2.54515998 
5.33669923e-05 -6.38868984 -5.42077114 -4.52327741 -3.39026630 -2.54515998 
4.32876128e-05 -6.38868984 -5.42077114 -4.52327741 -3.39026630 -2.54515998 
3.51119173e-05 -6.38868984 -5.42077114 -4.52327741 -3.39026630 -2.54515998 
2.84803587e-05 -6.38868984 -5.42077114 -4.52327741 -3.39026630 -2.54515998 
2.31012970e-05 -6.38868984 -5.42077114 -4.52327741 -3.39026630 -2.54515998 
1.87381742e-05 -6.38868984 -5.42077114 -4.52327741 -3.39026630 -2.54515998 
1.51991108e-05 -6.38868984 -5.42077114 -4.52327741 -3.39026630 -2.54515998 
1.23284674e-05 -6.38868984 -5.42077114 -4.52327741 -3.39026630 -2.54515998 
1.00000000e-05 -6.38868984 -5.42077114 -4.52327741 -3.39026630 -2.54515998 
8.11130831e-06 -6.38868984 -5.42077114 -4.52327741 -3.39026630 -2.54515998 
6.57933225e-06 -6.38868984 -5.42077114 -4.52327741 -3.39026630 -2.54515998 
5.33669923e-06 -6.38868984 -5.42077114 -4.52327741 -3.39026630 -2.54515998 
4.32876128e-06 -6.38868984 -5.42077114 -4.52327741 -3.39026630 -2.54515998 
3.51119173e-06 -6.38868984 -5.42077114 -4.52327741 -3.39026630 -2.54515998 
2.84803587e-06 -6.38868984 -5.42077114 -4.52327741 -3.39026630 -2.54515998 
2.31012970e-06 -6.38868984 -5.42077114 -4.52327741 -3.39026630 -2.54515998 
1.87381742e-06 -6.38868984 -5.42077114 -4.52327741 -3.39026630 -2.54515998 
1.51991108e-06 -6.38868984 -5.42077114 -4.52327741 -3.39026630 -2.54515998 
1.23284674e-06 -6.38868984 -5.42077114 -4.52327741 -3.39026630 -2.54515998 
1.00000000e-06 -6.38868984 -5.42077114 -4.52327741 -3.39026630 -2.54515998 
8.11130831e-07 -6.38868984 -5.42077114 -4.52327741 -3.39026630 -2.54515998 
6.57933225e-07 -6.38868984 -5.42077114 -4.52327741 -3.39026630 -2.54515998 
5.33669923e-07 -6.38868984 -5.42077114 -4.52327741 -3.39026630 -2.54515998 
4.32876128e-07 -6.38868984 -5.42077114 -4.52327741 -3.39026630 -2.54515998 
3.51119173e-07 -6.38868984 -5.42077114 -4.52327741 -3.39026630 -2.54515998 
2.84803587e-07 -6.38868984 -5.42077114 -4.52327741 -3.39026630 -2.54515998 
2.31012970e-07 -6.38868984 -5.42077114 -4.52327741 -3.39026630 -2.54515998 
1.87381742e-07 -6.38868984 -5.42077114 -4.52327741 -3.39026630 -2.54515998 
1.51991108e-07 -6.38868984 -5.42077114 -4.52327741 -3.39026630 -2.54515998 
1.23284674e-07 -6.38868984 -5.42077114 -4.52327741 -3.39026630 -2.54515998 
1.00000000e-07 -6.38868984 -5.42077114 -4.52327741 -3.39026630 -2.54515998 
P (bar) | log_SO2: -2σ | log_SO2: -1σ | log_SO2: median | log_SO2: +1σ | log_SO2: +2σ 
1.00000000e+02 -5.65180714 -5.37233258 -5.14288276 -4.95100683 -4.78180256 
8.11130831e+01 -5.65180714 -5.37233258 -5.14288276 -4.95100683 -4.78180256 
6.57933225e+01 -5.65180714 -5.37233258 -5.14288276 -4.95100683 -4.78180256 
5.33669923e+01 -5.65180714 -5.37233258 -5.14288276 -4.95100683 -4.78180256 
4.32876128e+01 -5.65180714 -5.37233258 -5.14288276 -4.95100683 -4.78180256 
3.51119173e+01 -5.65180714 -5.37233258 -5.14288276 -4.95100683 -4.78180256 
2.84803587e+01 -5.65180714 -5.37233258 -5.14288276 -4.95100683 -4.78180256 
2.31012970e+01 -5.65180714 -5.37233258 -5.14288276 -4.95100683 -4.78180256 
1.87381742e+01 -5.65180714 -5.37233258 -5.14288276 -4.95100683 -4.78180256 
1.51991108e+01 -5.65180714 -5.37233258 -5.14288276 -4.95100683 -4.78180256 
1.23284674e+01 -5.65180714 -5.37233258 -5.14288276 -4.95100683 -4.78180256 
1.00000000e+01 -5.65180714 -5.37233258 -5.14288276 -4.95100683 -4.78180256 
8.11130831e+00 -5.65180714 -5.37233258 -5.14288276 -4.95100683 -4.78180256 
6.57933225e+00 -5.65180714 -5.37233258 -5.14288276 -4.95100683 -4.78180256 
5.33669923e+00 -5.65180714 -5.37233258 -5.14288276 -4.95100683 -4.78180256 
4.32876128e+00 -5.65180714 -5.37233258 -5.14288276 -4.95100683 -4.78180256 
3.51119173e+00 -5.65180714 -5.37233258 -5.14288276 -4.95100683 -4.78180256 
2.84803587e+00 -5.65180714 -5.37233258 -5.14288276 -4.95100683 -4.78180256 
2.31012970e+00 -5.65180714 -5.37233258 -5.14288276 -4.95100683 -4.78180256 
1.87381742e+00 -5.65180714 -5.37233258 -5.14288276 -4.95100683 -4.78180256 
1.51991108e+00 -5.65180714 -5.37233258 -5.14288276 -4.95100683 -4.78180256 
1.23284674e+00 -5.65180714 -5.37233258 -5.14288276 -4.95100683 -4.78180256 
1.00000000e+00 -5.65180714 -5.37233258 -5.14288276 -4.95100683 -4.78180256 
8.11130831e-01 -5.65180714 -5.37233258 -5.14288276 -4.95100683 -4.78180256 
6.57933225e-01 -5.65180714 -5.37233258 -5.14288276 -4.95100683 -4.78180256 
5.33669923e-01 -5.65180714 -5.37233258 -5.14288276 -4.95100683 -4.78180256 
4.32876128e-01 -5.65180714 -5.37233258 -5.14288276 -4.95100683 -4.78180256 
3.51119173e-01 -5.65180714 -5.37233258 -5.14288276 -4.95100683 -4.78180256 
2.84803587e-01 -5.65180714 -5.37233258 -5.14288276 -4.95100683 -4.78180256 
2.31012970e-01 -5.65180714 -5.37233258 -5.14288276 -4.95100683 -4.78180256 
1.87381742e-01 -5.65180714 -5.37233258 -5.14288276 -4.95100683 -4.78180256 
1.51991108e-01 -5.65180714 -5.37233258 -5.14288276 -4.95100683 -4.78180256 
1.23284674e-01 -5.65180714 -5.37233258 -5.14288276 -4.95100683 -4.78180256 
1.00000000e-01 -5.65180714 -5.37233258 -5.14288276 -4.95100683 -4.78180256 
8.11130831e-02 -5.65180714 -5.37233258 -5.14288276 -4.95100683 -4.78180256 
6.57933225e-02 -5.65180714 -5.37233258 -5.14288276 -4.95100683 -4.78180256 
5.33669923e-02 -5.65180714 -5.37233258 -5.14288276 -4.95100683 -4.78180256 
4.32876128e-02 -5.65180714 -5.37233258 -5.14288276 -4.95100683 -4.78180256 
3.51119173e-02 -5.65180714 -5.37233258 -5.14288276 -4.95100683 -4.78180256 
2.84803587e-02 -5.65180714 -5.37233258 -5.14288276 -4.95100683 -4.78180256 
2.31012970e-02 -5.65180714 -5.37233258 -5.14288276 -4.95100683 -4.78180256 
1.87381742e-02 -5.65180714 -5.37233258 -5.14288276 -4.95100683 -4.78180256 
1.51991108e-02 -5.65180714 -5.37233258 -5.14288276 -4.95100683 -4.78180256 
1.23284674e-02 -5.65180714 -5.37233258 -5.14288276 -4.95100683 -4.78180256 
1.00000000e-02 -5.65180714 -5.37233258 -5.14288276 -4.95100683 -4.78180256 
8.11130831e-03 -5.65180714 -5.37233258 -5.14288276 -4.95100683 -4.78180256 
6.57933225e-03 -5.65180714 -5.37233258 -5.14288276 -4.95100683 -4.78180256 
5.33669923e-03 -5.65180714 -5.37233258 -5.14288276 -4.95100683 -4.78180256 
4.32876128e-03 -5.65180714 -5.37233258 -5.14288276 -4.95100683 -4.78180256 
3.51119173e-03 -5.65180714 -5.37233258 -5.14288276 -4.95100683 -4.78180256 
2.84803587e-03 -5.65180714 -5.37233258 -5.14288276 -4.95100683 -4.78180256 
2.31012970e-03 -5.65180714 -5.37233258 -5.14288276 -4.95100683 -4.78180256 
1.87381742e-03 -5.65180714 -5.37233258 -5.14288276 -4.95100683 -4.78180256 
1.51991108e-03 -5.65180714 -5.37233258 -5.14288276 -4.95100683 -4.78180256 
1.23284674e-03 -5.65180714 -5.37233258 -5.14288276 -4.95100683 -4.78180256 
1.00000000e-03 -5.65180714 -5.37233258 -5.14288276 -4.95100683 -4.78180256 
8.11130831e-04 -5.65180714 -5.37233258 -5.14288276 -4.95100683 -4.78180256 
6.57933225e-04 -5.65180714 -5.37233258 -5.14288276 -4.95100683 -4.78180256 
5.33669923e-04 -5.65180714 -5.37233258 -5.14288276 -4.95100683 -4.78180256 
4.32876128e-04 -5.65180714 -5.37233258 -5.14288276 -4.95100683 -4.78180256 
3.51119173e-04 -5.65180714 -5.37233258 -5.14288276 -4.95100683 -4.78180256 
2.84803587e-04 -5.65180714 -5.37233258 -5.14288276 -4.95100683 -4.78180256 
2.31012970e-04 -5.65180714 -5.37233258 -5.14288276 -4.95100683 -4.78180256 
1.87381742e-04 -5.65180714 -5.37233258 -5.14288276 -4.95100683 -4.78180256 
1.51991108e-04 -5.65180714 -5.37233258 -5.14288276 -4.95100683 -4.78180256 
1.23284674e-04 -5.65180714 -5.37233258 -5.14288276 -4.95100683 -4.78180256 
1.00000000e-04 -5.65180714 -5.37233258 -5.14288276 -4.95100683 -4.78180256 
8.11130831e-05 -5.65180714 -5.37233258 -5.14288276 -4.95100683 -4.78180256 
6.57933225e-05 -5.65180714 -5.37233258 -5.14288276 -4.95100683 -4.78180256 
5.33669923e-05 -5.65180714 -5.37233258 -5.14288276 -4.95100683 -4.78180256 
4.32876128e-05 -5.65180714 -5.37233258 -5.14288276 -4.95100683 -4.78180256 
3.51119173e-05 -5.65180714 -5.37233258 -5.14288276 -4.95100683 -4.78180256 
2.84803587e-05 -5.65180714 -5.37233258 -5.14288276 -4.95100683 -4.78180256 
2.31012970e-05 -5.65180714 -5.37233258 -5.14288276 -4.95100683 -4.78180256 
1.87381742e-05 -5.65180714 -5.37233258 -5.14288276 -4.95100683 -4.78180256 
1.51991108e-05 -5.65180714 -5.37233258 -5.14288276 -4.95100683 -4.78180256 
1.23284674e-05 -5.65180714 -5.37233258 -5.14288276 -4.95100683 -4.78180256 
1.00000000e-05 -5.65180714 -5.37233258 -5.14288276 -4.95100683 -4.78180256 
8.11130831e-06 -5.65180714 -5.37233258 -5.14288276 -4.95100683 -4.78180256 
6.57933225e-06 -5.65180714 -5.37233258 -5.14288276 -4.95100683 -4.78180256 
5.33669923e-06 -5.65180714 -5.37233258 -5.14288276 -4.95100683 -4.78180256 
4.32876128e-06 -5.65180714 -5.37233258 -5.14288276 -4.95100683 -4.78180256 
3.51119173e-06 -5.65180714 -5.37233258 -5.14288276 -4.95100683 -4.78180256 
2.84803587e-06 -5.65180714 -5.37233258 -5.14288276 -4.95100683 -4.78180256 
2.31012970e-06 -5.65180714 -5.37233258 -5.14288276 -4.95100683 -4.78180256 
1.87381742e-06 -5.65180714 -5.37233258 -5.14288276 -4.95100683 -4.78180256 
1.51991108e-06 -5.65180714 -5.37233258 -5.14288276 -4.95100683 -4.78180256 
1.23284674e-06 -5.65180714 -5.37233258 -5.14288276 -4.95100683 -4.78180256 
1.00000000e-06 -5.65180714 -5.37233258 -5.14288276 -4.95100683 -4.78180256 
8.11130831e-07 -5.65180714 -5.37233258 -5.14288276 -4.95100683 -4.78180256 
6.57933225e-07 -5.65180714 -5.37233258 -5.14288276 -4.95100683 -4.78180256 
5.33669923e-07 -5.65180714 -5.37233258 -5.14288276 -4.95100683 -4.78180256 
4.32876128e-07 -5.65180714 -5.37233258 -5.14288276 -4.95100683 -4.78180256 
3.51119173e-07 -5.65180714 -5.37233258 -5.14288276 -4.95100683 -4.78180256 
2.84803587e-07 -5.65180714 -5.37233258 -5.14288276 -4.95100683 -4.78180256 
2.31012970e-07 -5.65180714 -5.37233258 -5.14288276 -4.95100683 -4.78180256 
1.87381742e-07 -5.65180714 -5.37233258 -5.14288276 -4.95100683 -4.78180256 
1.51991108e-07 -5.65180714 -5.37233258 -5.14288276 -4.95100683 -4.78180256 
1.23284674e-07 -5.65180714 -5.37233258 -5.14288276 -4.95100683 -4.78180256 
1.00000000e-07 -5.65180714 -5.37233258 -5.14288276 -4.95100683 -4.78180256 
P (bar) | log_CO: -2σ | log_CO: -1σ | log_CO: median | log_CO: +1σ | log_CO: +2σ 
1.00000000e+02 -3.98719075 -3.91492879 -3.76277660 -3.51258603 -3.19862189 
8.11130831e+01 -3.98719075 -3.91492879 -3.76277660 -3.51258603 -3.19862189 
6.57933225e+01 -3.98719075 -3.91492879 -3.76277660 -3.51258603 -3.19862189 
5.33669923e+01 -3.98719075 -3.91492879 -3.76277660 -3.51258603 -3.19862189 
4.32876128e+01 -3.98719075 -3.91492879 -3.76277660 -3.51258603 -3.19862189 
3.51119173e+01 -3.98719075 -3.91492879 -3.76277660 -3.51258603 -3.19862189 
2.84803587e+01 -3.98719075 -3.91492879 -3.76277660 -3.51258603 -3.19862189 
2.31012970e+01 -3.98719075 -3.91492879 -3.76277660 -3.51258603 -3.19862189 
1.87381742e+01 -3.98719075 -3.91492879 -3.76277660 -3.51258603 -3.19862189 
1.51991108e+01 -3.98719075 -3.91492879 -3.76277660 -3.51258603 -3.19862189 
1.23284674e+01 -3.98719075 -3.91492879 -3.76277660 -3.51258603 -3.19862189 
1.00000000e+01 -3.98719075 -3.91492879 -3.76277660 -3.51258603 -3.19862189 
8.11130831e+00 -3.98719075 -3.91492879 -3.76277660 -3.51258603 -3.19862189 
6.57933225e+00 -3.98719075 -3.91492879 -3.76277660 -3.51258603 -3.19862189 
5.33669923e+00 -3.98719075 -3.91492879 -3.76277660 -3.51258603 -3.19862189 
4.32876128e+00 -3.98719075 -3.91492879 -3.76277660 -3.51258603 -3.19862189 
3.51119173e+00 -3.98719075 -3.91492879 -3.76277660 -3.51258603 -3.19862189 
2.84803587e+00 -3.98719075 -3.91492879 -3.76277660 -3.51258603 -3.19862189 
2.31012970e+00 -3.98719075 -3.91492879 -3.76277660 -3.51258603 -3.19862189 
1.87381742e+00 -3.98719075 -3.91492879 -3.76277660 -3.51258603 -3.19862189 
1.51991108e+00 -3.98719075 -3.91492879 -3.76277660 -3.51258603 -3.19862189 
1.23284674e+00 -3.98719075 -3.91492879 -3.76277660 -3.51258603 -3.19862189 
1.00000000e+00 -3.98719075 -3.91492879 -3.76277660 -3.51258603 -3.19862189 
8.11130831e-01 -3.98719075 -3.91492879 -3.76277660 -3.51258603 -3.19862189 
6.57933225e-01 -3.98719075 -3.91492879 -3.76277660 -3.51258603 -3.19862189 
5.33669923e-01 -3.98719075 -3.91492879 -3.76277660 -3.51258603 -3.19862189 
4.32876128e-01 -3.98719075 -3.91492879 -3.76277660 -3.51258603 -3.19862189 
3.51119173e-01 -3.98719075 -3.91492879 -3.76277660 -3.51258603 -3.19862189 
2.84803587e-01 -3.98719075 -3.91492879 -3.76277660 -3.51258603 -3.19862189 
2.31012970e-01 -3.98719075 -3.91492879 -3.76277660 -3.51258603 -3.19862189 
1.87381742e-01 -3.98719075 -3.91492879 -3.76277660 -3.51258603 -3.19862189 
1.51991108e-01 -3.98719075 -3.91492879 -3.76277660 -3.51258603 -3.19862189 
1.23284674e-01 -3.98719075 -3.91492879 -3.76277660 -3.51258603 -3.19862189 
1.00000000e-01 -3.98719075 -3.91492879 -3.76277660 -3.51258603 -3.19862189 
8.11130831e-02 -3.98719075 -3.91492879 -3.76277660 -3.51258603 -3.19862189 
6.57933225e-02 -3.98719075 -3.91492879 -3.76277660 -3.51258603 -3.19862189 
5.33669923e-02 -3.98719075 -3.91492879 -3.76277660 -3.51258603 -3.19862189 
4.32876128e-02 -3.98719075 -3.91492879 -3.76277660 -3.51258603 -3.19862189 
3.51119173e-02 -3.98719075 -3.91492879 -3.76277660 -3.51258603 -3.19862189 
2.84803587e-02 -3.98719075 -3.91492879 -3.76277660 -3.51258603 -3.19862189 
2.31012970e-02 -3.98719075 -3.91492879 -3.76277660 -3.51258603 -3.19862189 
1.87381742e-02 -3.98719075 -3.91492879 -3.76277660 -3.51258603 -3.19862189 
1.51991108e-02 -3.98719075 -3.91492879 -3.76277660 -3.51258603 -3.19862189 
1.23284674e-02 -3.98719075 -3.91492879 -3.76277660 -3.51258603 -3.19862189 
1.00000000e-02 -3.98719075 -3.91492879 -3.76277660 -3.51258603 -3.19862189 
8.11130831e-03 -3.98719075 -3.91492879 -3.76277660 -3.51258603 -3.19862189 
6.57933225e-03 -3.98719075 -3.91492879 -3.76277660 -3.51258603 -3.19862189 
5.33669923e-03 -3.98719075 -3.91492879 -3.76277660 -3.51258603 -3.19862189 
4.32876128e-03 -3.98719075 -3.91492879 -3.76277660 -3.51258603 -3.19862189 
3.51119173e-03 -3.98719075 -3.91492879 -3.76277660 -3.51258603 -3.19862189 
2.84803587e-03 -3.98719075 -3.91492879 -3.76277660 -3.51258603 -3.19862189 
2.31012970e-03 -3.98719075 -3.91492879 -3.76277660 -3.51258603 -3.19862189 
1.87381742e-03 -3.98719075 -3.91492879 -3.76277660 -3.51258603 -3.19862189 
1.51991108e-03 -3.98719075 -3.91492879 -3.76277660 -3.51258603 -3.19862189 
1.23284674e-03 -3.98719075 -3.91492879 -3.76277660 -3.51258603 -3.19862189 
1.00000000e-03 -3.98719075 -3.91492879 -3.76277660 -3.51258603 -3.19862189 
8.11130831e-04 -3.98719075 -3.91492879 -3.76277660 -3.51258603 -3.19862189 
6.57933225e-04 -3.98719075 -3.91492879 -3.76277660 -3.51258603 -3.19862189 
5.33669923e-04 -3.98719075 -3.91492879 -3.76277660 -3.51258603 -3.19862189 
4.32876128e-04 -3.98719075 -3.91492879 -3.76277660 -3.51258603 -3.19862189 
3.51119173e-04 -3.98719075 -3.91492879 -3.76277660 -3.51258603 -3.19862189 
2.84803587e-04 -3.98719075 -3.91492879 -3.76277660 -3.51258603 -3.19862189 
2.31012970e-04 -3.98719075 -3.91492879 -3.76277660 -3.51258603 -3.19862189 
1.87381742e-04 -3.98719075 -3.91492879 -3.76277660 -3.51258603 -3.19862189 
1.51991108e-04 -3.98719075 -3.91492879 -3.76277660 -3.51258603 -3.19862189 
1.23284674e-04 -3.98719075 -3.91492879 -3.76277660 -3.51258603 -3.19862189 
1.00000000e-04 -3.98719075 -3.91492879 -3.76277660 -3.51258603 -3.19862189 
8.11130831e-05 -3.98719075 -3.91492879 -3.76277660 -3.51258603 -3.19862189 
6.57933225e-05 -3.98719075 -3.91492879 -3.76277660 -3.51258603 -3.19862189 
5.33669923e-05 -3.98719075 -3.91492879 -3.76277660 -3.51258603 -3.19862189 
4.32876128e-05 -3.98719075 -3.91492879 -3.76277660 -3.51258603 -3.19862189 
3.51119173e-05 -3.98719075 -3.91492879 -3.76277660 -3.51258603 -3.19862189 
2.84803587e-05 -3.98719075 -3.91492879 -3.76277660 -3.51258603 -3.19862189 
2.31012970e-05 -3.98719075 -3.91492879 -3.76277660 -3.51258603 -3.19862189 
1.87381742e-05 -3.98719075 -3.91492879 -3.76277660 -3.51258603 -3.19862189 
1.51991108e-05 -3.98719075 -3.91492879 -3.76277660 -3.51258603 -3.19862189 
1.23284674e-05 -3.98719075 -3.91492879 -3.76277660 -3.51258603 -3.19862189 
1.00000000e-05 -3.98719075 -3.91492879 -3.76277660 -3.51258603 -3.19862189 
8.11130831e-06 -3.98719075 -3.91492879 -3.76277660 -3.51258603 -3.19862189 
6.57933225e-06 -3.98719075 -3.91492879 -3.76277660 -3.51258603 -3.19862189 
5.33669923e-06 -3.98719075 -3.91492879 -3.76277660 -3.51258603 -3.19862189 
4.32876128e-06 -3.98719075 -3.91492879 -3.76277660 -3.51258603 -3.19862189 
3.51119173e-06 -3.98719075 -3.91492879 -3.76277660 -3.51258603 -3.19862189 
2.84803587e-06 -3.98719075 -3.91492879 -3.76277660 -3.51258603 -3.19862189 
2.31012970e-06 -3.98719075 -3.91492879 -3.76277660 -3.51258603 -3.19862189 
1.87381742e-06 -3.98719075 -3.91492879 -3.76277660 -3.51258603 -3.19862189 
1.51991108e-06 -3.98719075 -3.91492879 -3.76277660 -3.51258603 -3.19862189 
1.23284674e-06 -3.98719075 -3.91492879 -3.76277660 -3.51258603 -3.19862189 
1.00000000e-06 -3.98719075 -3.91492879 -3.76277660 -3.51258603 -3.19862189 
8.11130831e-07 -3.98719075 -3.91492879 -3.76277660 -3.51258603 -3.19862189 
6.57933225e-07 -3.98719075 -3.91492879 -3.76277660 -3.51258603 -3.19862189 
5.33669923e-07 -3.98719075 -3.91492879 -3.76277660 -3.51258603 -3.19862189 
4.32876128e-07 -3.98719075 -3.91492879 -3.76277660 -3.51258603 -3.19862189 
3.51119173e-07 -3.98719075 -3.91492879 -3.76277660 -3.51258603 -3.19862189 
2.84803587e-07 -3.98719075 -3.91492879 -3.76277660 -3.51258603 -3.19862189 
2.31012970e-07 -3.98719075 -3.91492879 -3.76277660 -3.51258603 -3.19862189 
1.87381742e-07 -3.98719075 -3.91492879 -3.76277660 -3.51258603 -3.19862189 
1.51991108e-07 -3.98719075 -3.91492879 -3.76277660 -3.51258603 -3.19862189 
1.23284674e-07 -3.98719075 -3.91492879 -3.76277660 -3.51258603 -3.19862189 
1.00000000e-07 -3.98719075 -3.91492879 -3.76277660 -3.51258603 -3.19862189 
P (bar) | log_H2S: -2σ | log_H2S: -1σ | log_H2S: median | log_H2S: +1σ | log_H2S: +2σ 
1.00000000e+02 -5.40969961 -5.03715554 -4.36704841 -3.75406550 -3.32133922 
8.11130831e+01 -5.40969961 -5.03715554 -4.36704841 -3.75406550 -3.32133922 
6.57933225e+01 -5.40969961 -5.03715554 -4.36704841 -3.75406550 -3.32133922 
5.33669923e+01 -5.40969961 -5.03715554 -4.36704841 -3.75406550 -3.32133922 
4.32876128e+01 -5.40969961 -5.03715554 -4.36704841 -3.75406550 -3.32133922 
3.51119173e+01 -5.40969961 -5.03715554 -4.36704841 -3.75406550 -3.32133922 
2.84803587e+01 -5.40969961 -5.03715554 -4.36704841 -3.75406550 -3.32133922 
2.31012970e+01 -5.40969961 -5.03715554 -4.36704841 -3.75406550 -3.32133922 
1.87381742e+01 -5.40969961 -5.03715554 -4.36704841 -3.75406550 -3.32133922 
1.51991108e+01 -5.40969961 -5.03715554 -4.36704841 -3.75406550 -3.32133922 
1.23284674e+01 -5.40969961 -5.03715554 -4.36704841 -3.75406550 -3.32133922 
1.00000000e+01 -5.40969961 -5.03715554 -4.36704841 -3.75406550 -3.32133922 
8.11130831e+00 -5.40969961 -5.03715554 -4.36704841 -3.75406550 -3.32133922 
6.57933225e+00 -5.40969961 -5.03715554 -4.36704841 -3.75406550 -3.32133922 
5.33669923e+00 -5.40969961 -5.03715554 -4.36704841 -3.75406550 -3.32133922 
4.32876128e+00 -5.40969961 -5.03715554 -4.36704841 -3.75406550 -3.32133922 
3.51119173e+00 -5.40969961 -5.03715554 -4.36704841 -3.75406550 -3.32133922 
2.84803587e+00 -5.40969961 -5.03715554 -4.36704841 -3.75406550 -3.32133922 
2.31012970e+00 -5.40969961 -5.03715554 -4.36704841 -3.75406550 -3.32133922 
1.87381742e+00 -5.40969961 -5.03715554 -4.36704841 -3.75406550 -3.32133922 
1.51991108e+00 -5.40969961 -5.03715554 -4.36704841 -3.75406550 -3.32133922 
1.23284674e+00 -5.40969961 -5.03715554 -4.36704841 -3.75406550 -3.32133922 
1.00000000e+00 -5.40969961 -5.03715554 -4.36704841 -3.75406550 -3.32133922 
8.11130831e-01 -5.40969961 -5.03715554 -4.36704841 -3.75406550 -3.32133922 
6.57933225e-01 -5.40969961 -5.03715554 -4.36704841 -3.75406550 -3.32133922 
5.33669923e-01 -5.40969961 -5.03715554 -4.36704841 -3.75406550 -3.32133922 
4.32876128e-01 -5.40969961 -5.03715554 -4.36704841 -3.75406550 -3.32133922 
3.51119173e-01 -5.40969961 -5.03715554 -4.36704841 -3.75406550 -3.32133922 
2.84803587e-01 -5.40969961 -5.03715554 -4.36704841 -3.75406550 -3.32133922 
2.31012970e-01 -5.40969961 -5.03715554 -4.36704841 -3.75406550 -3.32133922 
1.87381742e-01 -5.40969961 -5.03715554 -4.36704841 -3.75406550 -3.32133922 
1.51991108e-01 -5.40969961 -5.03715554 -4.36704841 -3.75406550 -3.32133922 
1.23284674e-01 -5.40969961 -5.03715554 -4.36704841 -3.75406550 -3.32133922 
1.00000000e-01 -5.40969961 -5.03715554 -4.36704841 -3.75406550 -3.32133922 
8.11130831e-02 -5.40969961 -5.03715554 -4.36704841 -3.75406550 -3.32133922 
6.57933225e-02 -5.40969961 -5.03715554 -4.36704841 -3.75406550 -3.32133922 
5.33669923e-02 -5.40969961 -5.03715554 -4.36704841 -3.75406550 -3.32133922 
4.32876128e-02 -5.40969961 -5.03715554 -4.36704841 -3.75406550 -3.32133922 
3.51119173e-02 -5.40969961 -5.03715554 -4.36704841 -3.75406550 -3.32133922 
2.84803587e-02 -5.40969961 -5.03715554 -4.36704841 -3.75406550 -3.32133922 
2.31012970e-02 -5.40969961 -5.03715554 -4.36704841 -3.75406550 -3.32133922 
1.87381742e-02 -5.40969961 -5.03715554 -4.36704841 -3.75406550 -3.32133922 
1.51991108e-02 -5.40969961 -5.03715554 -4.36704841 -3.75406550 -3.32133922 
1.23284674e-02 -5.40969961 -5.03715554 -4.36704841 -3.75406550 -3.32133922 
1.00000000e-02 -5.40969961 -5.03715554 -4.36704841 -3.75406550 -3.32133922 
8.11130831e-03 -5.40969961 -5.03715554 -4.36704841 -3.75406550 -3.32133922 
6.57933225e-03 -5.40969961 -5.03715554 -4.36704841 -3.75406550 -3.32133922 
5.33669923e-03 -5.40969961 -5.03715554 -4.36704841 -3.75406550 -3.32133922 
4.32876128e-03 -5.40969961 -5.03715554 -4.36704841 -3.75406550 -3.32133922 
3.51119173e-03 -5.40969961 -5.03715554 -4.36704841 -3.75406550 -3.32133922 
2.84803587e-03 -5.40969961 -5.03715554 -4.36704841 -3.75406550 -3.32133922 
2.31012970e-03 -5.40969961 -5.03715554 -4.36704841 -3.75406550 -3.32133922 
1.87381742e-03 -5.40969961 -5.03715554 -4.36704841 -3.75406550 -3.32133922 
1.51991108e-03 -5.40969961 -5.03715554 -4.36704841 -3.75406550 -3.32133922 
1.23284674e-03 -5.40969961 -5.03715554 -4.36704841 -3.75406550 -3.32133922 
1.00000000e-03 -5.40969961 -5.03715554 -4.36704841 -3.75406550 -3.32133922 
8.11130831e-04 -5.40969961 -5.03715554 -4.36704841 -3.75406550 -3.32133922 
6.57933225e-04 -5.40969961 -5.03715554 -4.36704841 -3.75406550 -3.32133922 
5.33669923e-04 -5.40969961 -5.03715554 -4.36704841 -3.75406550 -3.32133922 
4.32876128e-04 -5.40969961 -5.03715554 -4.36704841 -3.75406550 -3.32133922 
3.51119173e-04 -5.40969961 -5.03715554 -4.36704841 -3.75406550 -3.32133922 
2.84803587e-04 -5.40969961 -5.03715554 -4.36704841 -3.75406550 -3.32133922 
2.31012970e-04 -5.40969961 -5.03715554 -4.36704841 -3.75406550 -3.32133922 
1.87381742e-04 -5.40969961 -5.03715554 -4.36704841 -3.75406550 -3.32133922 
1.51991108e-04 -5.40969961 -5.03715554 -4.36704841 -3.75406550 -3.32133922 
1.23284674e-04 -5.40969961 -5.03715554 -4.36704841 -3.75406550 -3.32133922 
1.00000000e-04 -5.40969961 -5.03715554 -4.36704841 -3.75406550 -3.32133922 
8.11130831e-05 -5.40969961 -5.03715554 -4.36704841 -3.75406550 -3.32133922 
6.57933225e-05 -5.40969961 -5.03715554 -4.36704841 -3.75406550 -3.32133922 
5.33669923e-05 -5.40969961 -5.03715554 -4.36704841 -3.75406550 -3.32133922 
4.32876128e-05 -5.40969961 -5.03715554 -4.36704841 -3.75406550 -3.32133922 
3.51119173e-05 -5.40969961 -5.03715554 -4.36704841 -3.75406550 -3.32133922 
2.84803587e-05 -5.40969961 -5.03715554 -4.36704841 -3.75406550 -3.32133922 
2.31012970e-05 -5.40969961 -5.03715554 -4.36704841 -3.75406550 -3.32133922 
1.87381742e-05 -5.40969961 -5.03715554 -4.36704841 -3.75406550 -3.32133922 
1.51991108e-05 -5.40969961 -5.03715554 -4.36704841 -3.75406550 -3.32133922 
1.23284674e-05 -5.40969961 -5.03715554 -4.36704841 -3.75406550 -3.32133922 
1.00000000e-05 -5.40969961 -5.03715554 -4.36704841 -3.75406550 -3.32133922 
8.11130831e-06 -5.40969961 -5.03715554 -4.36704841 -3.75406550 -3.32133922 
6.57933225e-06 -5.40969961 -5.03715554 -4.36704841 -3.75406550 -3.32133922 
5.33669923e-06 -5.40969961 -5.03715554 -4.36704841 -3.75406550 -3.32133922 
4.32876128e-06 -5.40969961 -5.03715554 -4.36704841 -3.75406550 -3.32133922 
3.51119173e-06 -5.40969961 -5.03715554 -4.36704841 -3.75406550 -3.32133922 
2.84803587e-06 -5.40969961 -5.03715554 -4.36704841 -3.75406550 -3.32133922 
2.31012970e-06 -5.40969961 -5.03715554 -4.36704841 -3.75406550 -3.32133922 
1.87381742e-06 -5.40969961 -5.03715554 -4.36704841 -3.75406550 -3.32133922 
1.51991108e-06 -5.40969961 -5.03715554 -4.36704841 -3.75406550 -3.32133922 
1.23284674e-06 -5.40969961 -5.03715554 -4.36704841 -3.75406550 -3.32133922 
1.00000000e-06 -5.40969961 -5.03715554 -4.36704841 -3.75406550 -3.32133922 
8.11130831e-07 -5.40969961 -5.03715554 -4.36704841 -3.75406550 -3.32133922 
6.57933225e-07 -5.40969961 -5.03715554 -4.36704841 -3.75406550 -3.32133922 
5.33669923e-07 -5.40969961 -5.03715554 -4.36704841 -3.75406550 -3.32133922 
4.32876128e-07 -5.40969961 -5.03715554 -4.36704841 -3.75406550 -3.32133922 
3.51119173e-07 -5.40969961 -5.03715554 -4.36704841 -3.75406550 -3.32133922 
2.84803587e-07 -5.40969961 -5.03715554 -4.36704841 -3.75406550 -3.32133922 
2.31012970e-07 -5.40969961 -5.03715554 -4.36704841 -3.75406550 -3.32133922 
1.87381742e-07 -5.40969961 -5.03715554 -4.36704841 -3.75406550 -3.32133922 
1.51991108e-07 -5.40969961 -5.03715554 -4.36704841 -3.75406550 -3.32133922 
1.23284674e-07 -5.40969961 -5.03715554 -4.36704841 -3.75406550 -3.32133922 
1.00000000e-07 -5.40969961 -5.03715554 -4.36704841 -3.75406550 -3.32133922 
P (bar) | log_NH3: -2σ | log_NH3: -1σ | log_NH3: median | log_NH3: +1σ | log_NH3: +2σ 
1.00000000e+02 -7.91233833 -7.38139915 -6.23202053 -5.26655566 -5.03399395 
8.11130831e+01 -7.91233833 -7.38139915 -6.23202053 -5.26655566 -5.03399395 
6.57933225e+01 -7.91233833 -7.38139915 -6.23202053 -5.26655566 -5.03399395 
5.33669923e+01 -7.91233833 -7.38139915 -6.23202053 -5.26655566 -5.03399395 
4.32876128e+01 -7.91233833 -7.38139915 -6.23202053 -5.26655566 -5.03399395 
3.51119173e+01 -7.91233833 -7.38139915 -6.23202053 -5.26655566 -5.03399395 
2.84803587e+01 -7.91233833 -7.38139915 -6.23202053 -5.26655566 -5.03399395 
2.31012970e+01 -7.91233833 -7.38139915 -6.23202053 -5.26655566 -5.03399395 
1.87381742e+01 -7.91233833 -7.38139915 -6.23202053 -5.26655566 -5.03399395 
1.51991108e+01 -7.91233833 -7.38139915 -6.23202053 -5.26655566 -5.03399395 
1.23284674e+01 -7.91233833 -7.38139915 -6.23202053 -5.26655566 -5.03399395 
1.00000000e+01 -7.91233833 -7.38139915 -6.23202053 -5.26655566 -5.03399395 
8.11130831e+00 -7.91233833 -7.38139915 -6.23202053 -5.26655566 -5.03399395 
6.57933225e+00 -7.91233833 -7.38139915 -6.23202053 -5.26655566 -5.03399395 
5.33669923e+00 -7.91233833 -7.38139915 -6.23202053 -5.26655566 -5.03399395 
4.32876128e+00 -7.91233833 -7.38139915 -6.23202053 -5.26655566 -5.03399395 
3.51119173e+00 -7.91233833 -7.38139915 -6.23202053 -5.26655566 -5.03399395 
2.84803587e+00 -7.91233833 -7.38139915 -6.23202053 -5.26655566 -5.03399395 
2.31012970e+00 -7.91233833 -7.38139915 -6.23202053 -5.26655566 -5.03399395 
1.87381742e+00 -7.91233833 -7.38139915 -6.23202053 -5.26655566 -5.03399395 
1.51991108e+00 -7.91233833 -7.38139915 -6.23202053 -5.26655566 -5.03399395 
1.23284674e+00 -7.91233833 -7.38139915 -6.23202053 -5.26655566 -5.03399395 
1.00000000e+00 -7.91233833 -7.38139915 -6.23202053 -5.26655566 -5.03399395 
8.11130831e-01 -7.91233833 -7.38139915 -6.23202053 -5.26655566 -5.03399395 
6.57933225e-01 -7.91233833 -7.38139915 -6.23202053 -5.26655566 -5.03399395 
5.33669923e-01 -7.91233833 -7.38139915 -6.23202053 -5.26655566 -5.03399395 
4.32876128e-01 -7.91233833 -7.38139915 -6.23202053 -5.26655566 -5.03399395 
3.51119173e-01 -7.91233833 -7.38139915 -6.23202053 -5.26655566 -5.03399395 
2.84803587e-01 -7.91233833 -7.38139915 -6.23202053 -5.26655566 -5.03399395 
2.31012970e-01 -7.91233833 -7.38139915 -6.23202053 -5.26655566 -5.03399395 
1.87381742e-01 -7.91233833 -7.38139915 -6.23202053 -5.26655566 -5.03399395 
1.51991108e-01 -7.91233833 -7.38139915 -6.23202053 -5.26655566 -5.03399395 
1.23284674e-01 -7.91233833 -7.38139915 -6.23202053 -5.26655566 -5.03399395 
1.00000000e-01 -7.91233833 -7.38139915 -6.23202053 -5.26655566 -5.03399395 
8.11130831e-02 -7.91233833 -7.38139915 -6.23202053 -5.26655566 -5.03399395 
6.57933225e-02 -7.91233833 -7.38139915 -6.23202053 -5.26655566 -5.03399395 
5.33669923e-02 -7.91233833 -7.38139915 -6.23202053 -5.26655566 -5.03399395 
4.32876128e-02 -7.91233833 -7.38139915 -6.23202053 -5.26655566 -5.03399395 
3.51119173e-02 -7.91233833 -7.38139915 -6.23202053 -5.26655566 -5.03399395 
2.84803587e-02 -7.91233833 -7.38139915 -6.23202053 -5.26655566 -5.03399395 
2.31012970e-02 -7.91233833 -7.38139915 -6.23202053 -5.26655566 -5.03399395 
1.87381742e-02 -7.91233833 -7.38139915 -6.23202053 -5.26655566 -5.03399395 
1.51991108e-02 -7.91233833 -7.38139915 -6.23202053 -5.26655566 -5.03399395 
1.23284674e-02 -7.91233833 -7.38139915 -6.23202053 -5.26655566 -5.03399395 
1.00000000e-02 -7.91233833 -7.38139915 -6.23202053 -5.26655566 -5.03399395 
8.11130831e-03 -7.91233833 -7.38139915 -6.23202053 -5.26655566 -5.03399395 
6.57933225e-03 -7.91233833 -7.38139915 -6.23202053 -5.26655566 -5.03399395 
5.33669923e-03 -7.91233833 -7.38139915 -6.23202053 -5.26655566 -5.03399395 
4.32876128e-03 -7.91233833 -7.38139915 -6.23202053 -5.26655566 -5.03399395 
3.51119173e-03 -7.91233833 -7.38139915 -6.23202053 -5.26655566 -5.03399395 
2.84803587e-03 -7.91233833 -7.38139915 -6.23202053 -5.26655566 -5.03399395 
2.31012970e-03 -7.91233833 -7.38139915 -6.23202053 -5.26655566 -5.03399395 
1.87381742e-03 -7.91233833 -7.38139915 -6.23202053 -5.26655566 -5.03399395 
1.51991108e-03 -7.91233833 -7.38139915 -6.23202053 -5.26655566 -5.03399395 
1.23284674e-03 -7.91233833 -7.38139915 -6.23202053 -5.26655566 -5.03399395 
1.00000000e-03 -7.91233833 -7.38139915 -6.23202053 -5.26655566 -5.03399395 
8.11130831e-04 -7.91233833 -7.38139915 -6.23202053 -5.26655566 -5.03399395 
6.57933225e-04 -7.91233833 -7.38139915 -6.23202053 -5.26655566 -5.03399395 
5.33669923e-04 -7.91233833 -7.38139915 -6.23202053 -5.26655566 -5.03399395 
4.32876128e-04 -7.91233833 -7.38139915 -6.23202053 -5.26655566 -5.03399395 
3.51119173e-04 -7.91233833 -7.38139915 -6.23202053 -5.26655566 -5.03399395 
2.84803587e-04 -7.91233833 -7.38139915 -6.23202053 -5.26655566 -5.03399395 
2.31012970e-04 -7.91233833 -7.38139915 -6.23202053 -5.26655566 -5.03399395 
1.87381742e-04 -7.91233833 -7.38139915 -6.23202053 -5.26655566 -5.03399395 
1.51991108e-04 -7.91233833 -7.38139915 -6.23202053 -5.26655566 -5.03399395 
1.23284674e-04 -7.91233833 -7.38139915 -6.23202053 -5.26655566 -5.03399395 
1.00000000e-04 -7.91233833 -7.38139915 -6.23202053 -5.26655566 -5.03399395 
8.11130831e-05 -7.91233833 -7.38139915 -6.23202053 -5.26655566 -5.03399395 
6.57933225e-05 -7.91233833 -7.38139915 -6.23202053 -5.26655566 -5.03399395 
5.33669923e-05 -7.91233833 -7.38139915 -6.23202053 -5.26655566 -5.03399395 
4.32876128e-05 -7.91233833 -7.38139915 -6.23202053 -5.26655566 -5.03399395 
3.51119173e-05 -7.91233833 -7.38139915 -6.23202053 -5.26655566 -5.03399395 
2.84803587e-05 -7.91233833 -7.38139915 -6.23202053 -5.26655566 -5.03399395 
2.31012970e-05 -7.91233833 -7.38139915 -6.23202053 -5.26655566 -5.03399395 
1.87381742e-05 -7.91233833 -7.38139915 -6.23202053 -5.26655566 -5.03399395 
1.51991108e-05 -7.91233833 -7.38139915 -6.23202053 -5.26655566 -5.03399395 
1.23284674e-05 -7.91233833 -7.38139915 -6.23202053 -5.26655566 -5.03399395 
1.00000000e-05 -7.91233833 -7.38139915 -6.23202053 -5.26655566 -5.03399395 
8.11130831e-06 -7.91233833 -7.38139915 -6.23202053 -5.26655566 -5.03399395 
6.57933225e-06 -7.91233833 -7.38139915 -6.23202053 -5.26655566 -5.03399395 
5.33669923e-06 -7.91233833 -7.38139915 -6.23202053 -5.26655566 -5.03399395 
4.32876128e-06 -7.91233833 -7.38139915 -6.23202053 -5.26655566 -5.03399395 
3.51119173e-06 -7.91233833 -7.38139915 -6.23202053 -5.26655566 -5.03399395 
2.84803587e-06 -7.91233833 -7.38139915 -6.23202053 -5.26655566 -5.03399395 
2.31012970e-06 -7.91233833 -7.38139915 -6.23202053 -5.26655566 -5.03399395 
1.87381742e-06 -7.91233833 -7.38139915 -6.23202053 -5.26655566 -5.03399395 
1.51991108e-06 -7.91233833 -7.38139915 -6.23202053 -5.26655566 -5.03399395 
1.23284674e-06 -7.91233833 -7.38139915 -6.23202053 -5.26655566 -5.03399395 
1.00000000e-06 -7.91233833 -7.38139915 -6.23202053 -5.26655566 -5.03399395 
8.11130831e-07 -7.91233833 -7.38139915 -6.23202053 -5.26655566 -5.03399395 
6.57933225e-07 -7.91233833 -7.38139915 -6.23202053 -5.26655566 -5.03399395 
5.33669923e-07 -7.91233833 -7.38139915 -6.23202053 -5.26655566 -5.03399395 
4.32876128e-07 -7.91233833 -7.38139915 -6.23202053 -5.26655566 -5.03399395 
3.51119173e-07 -7.91233833 -7.38139915 -6.23202053 -5.26655566 -5.03399395 
2.84803587e-07 -7.91233833 -7.38139915 -6.23202053 -5.26655566 -5.03399395 
2.31012970e-07 -7.91233833 -7.38139915 -6.23202053 -5.26655566 -5.03399395 
1.87381742e-07 -7.91233833 -7.38139915 -6.23202053 -5.26655566 -5.03399395 
1.51991108e-07 -7.91233833 -7.38139915 -6.23202053 -5.26655566 -5.03399395 
1.23284674e-07 -7.91233833 -7.38139915 -6.23202053 -5.26655566 -5.03399395 
1.00000000e-07 -7.91233833 -7.38139915 -6.23202053 -5.26655566 -5.03399395 
P (bar) | log_CH4: -2σ | log_CH4: -1σ | log_CH4: median | log_CH4: +1σ | log_CH4: +2σ 
1.00000000e+02 -5.54719026 -5.37436151 -5.18281419 -5.06275661 -5.01121115 
8.11130831e+01 -5.54719026 -5.37436151 -5.18281419 -5.06275661 -5.01121115 
6.57933225e+01 -5.54719026 -5.37436151 -5.18281419 -5.06275661 -5.01121115 
5.33669923e+01 -5.54719026 -5.37436151 -5.18281419 -5.06275661 -5.01121115 
4.32876128e+01 -5.54719026 -5.37436151 -5.18281419 -5.06275661 -5.01121115 
3.51119173e+01 -5.54719026 -5.37436151 -5.18281419 -5.06275661 -5.01121115 
2.84803587e+01 -5.54719026 -5.37436151 -5.18281419 -5.06275661 -5.01121115 
2.31012970e+01 -5.54719026 -5.37436151 -5.18281419 -5.06275661 -5.01121115 
1.87381742e+01 -5.54719026 -5.37436151 -5.18281419 -5.06275661 -5.01121115 
1.51991108e+01 -5.54719026 -5.37436151 -5.18281419 -5.06275661 -5.01121115 
1.23284674e+01 -5.54719026 -5.37436151 -5.18281419 -5.06275661 -5.01121115 
1.00000000e+01 -5.54719026 -5.37436151 -5.18281419 -5.06275661 -5.01121115 
8.11130831e+00 -5.54719026 -5.37436151 -5.18281419 -5.06275661 -5.01121115 
6.57933225e+00 -5.54719026 -5.37436151 -5.18281419 -5.06275661 -5.01121115 
5.33669923e+00 -5.54719026 -5.37436151 -5.18281419 -5.06275661 -5.01121115 
4.32876128e+00 -5.54719026 -5.37436151 -5.18281419 -5.06275661 -5.01121115 
3.51119173e+00 -5.54719026 -5.37436151 -5.18281419 -5.06275661 -5.01121115 
2.84803587e+00 -5.54719026 -5.37436151 -5.18281419 -5.06275661 -5.01121115 
2.31012970e+00 -5.54719026 -5.37436151 -5.18281419 -5.06275661 -5.01121115 
1.87381742e+00 -5.54719026 -5.37436151 -5.18281419 -5.06275661 -5.01121115 
1.51991108e+00 -5.54719026 -5.37436151 -5.18281419 -5.06275661 -5.01121115 
1.23284674e+00 -5.54719026 -5.37436151 -5.18281419 -5.06275661 -5.01121115 
1.00000000e+00 -5.54719026 -5.37436151 -5.18281419 -5.06275661 -5.01121115 
8.11130831e-01 -5.54719026 -5.37436151 -5.18281419 -5.06275661 -5.01121115 
6.57933225e-01 -5.54719026 -5.37436151 -5.18281419 -5.06275661 -5.01121115 
5.33669923e-01 -5.54719026 -5.37436151 -5.18281419 -5.06275661 -5.01121115 
4.32876128e-01 -5.54719026 -5.37436151 -5.18281419 -5.06275661 -5.01121115 
3.51119173e-01 -5.54719026 -5.37436151 -5.18281419 -5.06275661 -5.01121115 
2.84803587e-01 -5.54719026 -5.37436151 -5.18281419 -5.06275661 -5.01121115 
2.31012970e-01 -5.54719026 -5.37436151 -5.18281419 -5.06275661 -5.01121115 
1.87381742e-01 -5.54719026 -5.37436151 -5.18281419 -5.06275661 -5.01121115 
1.51991108e-01 -5.54719026 -5.37436151 -5.18281419 -5.06275661 -5.01121115 
1.23284674e-01 -5.54719026 -5.37436151 -5.18281419 -5.06275661 -5.01121115 
1.00000000e-01 -5.54719026 -5.37436151 -5.18281419 -5.06275661 -5.01121115 
8.11130831e-02 -5.54719026 -5.37436151 -5.18281419 -5.06275661 -5.01121115 
6.57933225e-02 -5.54719026 -5.37436151 -5.18281419 -5.06275661 -5.01121115 
5.33669923e-02 -5.54719026 -5.37436151 -5.18281419 -5.06275661 -5.01121115 
4.32876128e-02 -5.54719026 -5.37436151 -5.18281419 -5.06275661 -5.01121115 
3.51119173e-02 -5.54719026 -5.37436151 -5.18281419 -5.06275661 -5.01121115 
2.84803587e-02 -5.54719026 -5.37436151 -5.18281419 -5.06275661 -5.01121115 
2.31012970e-02 -5.54719026 -5.37436151 -5.18281419 -5.06275661 -5.01121115 
1.87381742e-02 -5.54719026 -5.37436151 -5.18281419 -5.06275661 -5.01121115 
1.51991108e-02 -5.54719026 -5.37436151 -5.18281419 -5.06275661 -5.01121115 
1.23284674e-02 -5.54719026 -5.37436151 -5.18281419 -5.06275661 -5.01121115 
1.00000000e-02 -5.54719026 -5.37436151 -5.18281419 -5.06275661 -5.01121115 
8.11130831e-03 -5.54719026 -5.37436151 -5.18281419 -5.06275661 -5.01121115 
6.57933225e-03 -5.54719026 -5.37436151 -5.18281419 -5.06275661 -5.01121115 
5.33669923e-03 -5.54719026 -5.37436151 -5.18281419 -5.06275661 -5.01121115 
4.32876128e-03 -5.54719026 -5.37436151 -5.18281419 -5.06275661 -5.01121115 
3.51119173e-03 -5.54719026 -5.37436151 -5.18281419 -5.06275661 -5.01121115 
2.84803587e-03 -5.54719026 -5.37436151 -5.18281419 -5.06275661 -5.01121115 
2.31012970e-03 -5.54719026 -5.37436151 -5.18281419 -5.06275661 -5.01121115 
1.87381742e-03 -5.54719026 -5.37436151 -5.18281419 -5.06275661 -5.01121115 
1.51991108e-03 -5.54719026 -5.37436151 -5.18281419 -5.06275661 -5.01121115 
1.23284674e-03 -5.54719026 -5.37436151 -5.18281419 -5.06275661 -5.01121115 
1.00000000e-03 -5.54719026 -5.37436151 -5.18281419 -5.06275661 -5.01121115 
8.11130831e-04 -5.54719026 -5.37436151 -5.18281419 -5.06275661 -5.01121115 
6.57933225e-04 -5.54719026 -5.37436151 -5.18281419 -5.06275661 -5.01121115 
5.33669923e-04 -5.54719026 -5.37436151 -5.18281419 -5.06275661 -5.01121115 
4.32876128e-04 -5.54719026 -5.37436151 -5.18281419 -5.06275661 -5.01121115 
3.51119173e-04 -5.54719026 -5.37436151 -5.18281419 -5.06275661 -5.01121115 
2.84803587e-04 -5.54719026 -5.37436151 -5.18281419 -5.06275661 -5.01121115 
2.31012970e-04 -5.54719026 -5.37436151 -5.18281419 -5.06275661 -5.01121115 
1.87381742e-04 -5.54719026 -5.37436151 -5.18281419 -5.06275661 -5.01121115 
1.51991108e-04 -5.54719026 -5.37436151 -5.18281419 -5.06275661 -5.01121115 
1.23284674e-04 -5.54719026 -5.37436151 -5.18281419 -5.06275661 -5.01121115 
1.00000000e-04 -5.54719026 -5.37436151 -5.18281419 -5.06275661 -5.01121115 
8.11130831e-05 -5.54719026 -5.37436151 -5.18281419 -5.06275661 -5.01121115 
6.57933225e-05 -5.54719026 -5.37436151 -5.18281419 -5.06275661 -5.01121115 
5.33669923e-05 -5.54719026 -5.37436151 -5.18281419 -5.06275661 -5.01121115 
4.32876128e-05 -5.54719026 -5.37436151 -5.18281419 -5.06275661 -5.01121115 
3.51119173e-05 -5.54719026 -5.37436151 -5.18281419 -5.06275661 -5.01121115 
2.84803587e-05 -5.54719026 -5.37436151 -5.18281419 -5.06275661 -5.01121115 
2.31012970e-05 -5.54719026 -5.37436151 -5.18281419 -5.06275661 -5.01121115 
1.87381742e-05 -5.54719026 -5.37436151 -5.18281419 -5.06275661 -5.01121115 
1.51991108e-05 -5.54719026 -5.37436151 -5.18281419 -5.06275661 -5.01121115 
1.23284674e-05 -5.54719026 -5.37436151 -5.18281419 -5.06275661 -5.01121115 
1.00000000e-05 -5.54719026 -5.37436151 -5.18281419 -5.06275661 -5.01121115 
8.11130831e-06 -5.54719026 -5.37436151 -5.18281419 -5.06275661 -5.01121115 
6.57933225e-06 -5.54719026 -5.37436151 -5.18281419 -5.06275661 -5.01121115 
5.33669923e-06 -5.54719026 -5.37436151 -5.18281419 -5.06275661 -5.01121115 
4.32876128e-06 -5.54719026 -5.37436151 -5.18281419 -5.06275661 -5.01121115 
3.51119173e-06 -5.54719026 -5.37436151 -5.18281419 -5.06275661 -5.01121115 
2.84803587e-06 -5.54719026 -5.37436151 -5.18281419 -5.06275661 -5.01121115 
2.31012970e-06 -5.54719026 -5.37436151 -5.18281419 -5.06275661 -5.01121115 
1.87381742e-06 -5.54719026 -5.37436151 -5.18281419 -5.06275661 -5.01121115 
1.51991108e-06 -5.54719026 -5.37436151 -5.18281419 -5.06275661 -5.01121115 
1.23284674e-06 -5.54719026 -5.37436151 -5.18281419 -5.06275661 -5.01121115 
1.00000000e-06 -5.54719026 -5.37436151 -5.18281419 -5.06275661 -5.01121115 
8.11130831e-07 -5.54719026 -5.37436151 -5.18281419 -5.06275661 -5.01121115 
6.57933225e-07 -5.54719026 -5.37436151 -5.18281419 -5.06275661 -5.01121115 
5.33669923e-07 -5.54719026 -5.37436151 -5.18281419 -5.06275661 -5.01121115 
4.32876128e-07 -5.54719026 -5.37436151 -5.18281419 -5.06275661 -5.01121115 
3.51119173e-07 -5.54719026 -5.37436151 -5.18281419 -5.06275661 -5.01121115 
2.84803587e-07 -5.54719026 -5.37436151 -5.18281419 -5.06275661 -5.01121115 
2.31012970e-07 -5.54719026 -5.37436151 -5.18281419 -5.06275661 -5.01121115 
1.87381742e-07 -5.54719026 -5.37436151 -5.18281419 -5.06275661 -5.01121115 
1.51991108e-07 -5.54719026 -5.37436151 -5.18281419 -5.06275661 -5.01121115 
1.23284674e-07 -5.54719026 -5.37436151 -5.18281419 -5.06275661 -5.01121115 
1.00000000e-07 -5.54719026 -5.37436151 -5.18281419 -5.06275661 -5.01121115 
