Chemical species: H2 He H2O CO2 SO2 CO H2S NH3 CH4
P (bar) | log_H2: -2σ | log_H2: -1σ | log_H2: median | log_H2: +1σ | log_H2: +2σ 
1.00000000e+02 -0.07969836 -0.07561147 -0.07262431 -0.07037123 -0.06904755 
8.11130831e+01 -0.07969836 -0.07561147 -0.07262431 -0.07037123 -0.06904755 
6.57933225e+01 -0.07969836 -0.07561147 -0.07262431 -0.07037123 -0.06904755 
5.33669923e+01 -0.07969836 -0.07561147 -0.07262431 -0.07037123 -0.06904755 
4.32876128e+01 -0.07969836 -0.07561147 -0.07262431 -0.07037123 -0.06904755 
3.51119173e+01 -0.07969836 -0.07561147 -0.07262431 -0.07037123 -0.06904755 
2.84803587e+01 -0.07969836 -0.07561147 -0.07262431 -0.07037123 -0.06904755 
2.31012970e+01 -0.07969836 -0.07561147 -0.07262431 -0.07037123 -0.06904755 
1.87381742e+01 -0.07969836 -0.07561147 -0.07262431 -0.07037123 -0.06904755 
1.51991108e+01 -0.07969836 -0.07561147 -0.07262431 -0.07037123 -0.06904755 
1.23284674e+01 -0.07969836 -0.07561147 -0.07262431 -0.07037123 -0.06904755 
1.00000000e+01 -0.07969836 -0.07561147 -0.07262431 -0.07037123 -0.06904755 
8.11130831e+00 -0.07969836 -0.07561147 -0.07262431 -0.07037123 -0.06904755 
6.57933225e+00 -0.07969836 -0.07561147 -0.07262431 -0.07037123 -0.06904755 
5.33669923e+00 -0.07969836 -0.07561147 -0.07262431 -0.07037123 -0.06904755 
4.32876128e+00 -0.07969836 -0.07561147 -0.07262431 -0.07037123 -0.06904755 
3.51119173e+00 -0.07969836 -0.07561147 -0.07262431 -0.07037123 -0.06904755 
2.84803587e+00 -0.07969836 -0.07561147 -0.07262431 -0.07037123 -0.06904755 
2.31012970e+00 -0.07969836 -0.07561147 -0.07262431 -0.07037123 -0.06904755 
1.87381742e+00 -0.07969836 -0.07561147 -0.07262431 -0.07037123 -0.06904755 
1.51991108e+00 -0.07969836 -0.07561147 -0.07262431 -0.07037123 -0.06904755 
1.23284674e+00 -0.07969836 -0.07561147 -0.07262431 -0.07037123 -0.06904755 
1.00000000e+00 -0.07969836 -0.07561147 -0.07262431 -0.07037123 -0.06904755 
8.11130831e-01 -0.07969836 -0.07561147 -0.07262431 -0.07037123 -0.06904755 
6.57933225e-01 -0.07969836 -0.07561147 -0.07262431 -0.07037123 -0.06904755 
5.33669923e-01 -0.07969836 -0.07561147 -0.07262431 -0.07037123 -0.06904755 
4.32876128e-01 -0.07969836 -0.07561147 -0.07262431 -0.07037123 -0.06904755 
3.51119173e-01 -0.07969836 -0.07561147 -0.07262431 -0.07037123 -0.06904755 
2.84803587e-01 -0.07969836 -0.07561147 -0.07262431 -0.07037123 -0.06904755 
2.31012970e-01 -0.07969836 -0.07561147 -0.07262431 -0.07037123 -0.06904755 
1.87381742e-01 -0.07969836 -0.07561147 -0.07262431 -0.07037123 -0.06904755 
1.51991108e-01 -0.07969836 -0.07561147 -0.07262431 -0.07037123 -0.06904755 
1.23284674e-01 -0.07969836 -0.07561147 -0.07262431 -0.07037123 -0.06904755 
1.00000000e-01 -0.07969836 -0.07561147 -0.07262431 -0.07037123 -0.06904755 
8.11130831e-02 -0.07969836 -0.07561147 -0.07262431 -0.07037123 -0.06904755 
6.57933225e-02 -0.07969836 -0.07561147 -0.07262431 -0.07037123 -0.06904755 
5.33669923e-02 -0.07969836 -0.07561147 -0.07262431 -0.07037123 -0.06904755 
4.32876128e-02 -0.07969836 -0.07561147 -0.07262431 -0.07037123 -0.06904755 
3.51119173e-02 -0.07969836 -0.07561147 -0.07262431 -0.07037123 -0.06904755 
2.84803587e-02 -0.07969836 -0.07561147 -0.07262431 -0.07037123 -0.06904755 
2.31012970e-02 -0.07969836 -0.07561147 -0.07262431 -0.07037123 -0.06904755 
1.87381742e-02 -0.07969836 -0.07561147 -0.07262431 -0.07037123 -0.06904755 
1.51991108e-02 -0.07969836 -0.07561147 -0.07262431 -0.07037123 -0.06904755 
1.23284674e-02 -0.07969836 -0.07561147 -0.07262431 -0.07037123 -0.06904755 
1.00000000e-02 -0.07969836 -0.07561147 -0.07262431 -0.07037123 -0.06904755 
8.11130831e-03 -0.07969836 -0.07561147 -0.07262431 -0.07037123 -0.06904755 
6.57933225e-03 -0.07969836 -0.07561147 -0.07262431 -0.07037123 -0.06904755 
5.33669923e-03 -0.07969836 -0.07561147 -0.07262431 -0.07037123 -0.06904755 
4.32876128e-03 -0.07969836 -0.07561147 -0.07262431 -0.07037123 -0.06904755 
3.51119173e-03 -0.07969836 -0.07561147 -0.07262431 -0.07037123 -0.06904755 
2.84803587e-03 -0.07969836 -0.07561147 -0.07262431 -0.07037123 -0.06904755 
2.31012970e-03 -0.07969836 -0.07561147 -0.07262431 -0.07037123 -0.06904755 
1.87381742e-03 -0.07969836 -0.07561147 -0.07262431 -0.07037123 -0.06904755 
1.51991108e-03 -0.07969836 -0.07561147 -0.07262431 -0.07037123 -0.06904755 
1.23284674e-03 -0.07969836 -0.07561147 -0.07262431 -0.07037123 -0.06904755 
1.00000000e-03 -0.07969836 -0.07561147 -0.07262431 -0.07037123 -0.06904755 
8.11130831e-04 -0.07969836 -0.07561147 -0.07262431 -0.07037123 -0.06904755 
6.57933225e-04 -0.07969836 -0.07561147 -0.07262431 -0.07037123 -0.06904755 
5.33669923e-04 -0.07969836 -0.07561147 -0.07262431 -0.07037123 -0.06904755 
4.32876128e-04 -0.07969836 -0.07561147 -0.07262431 -0.07037123 -0.06904755 
3.51119173e-04 -0.07969836 -0.07561147 -0.07262431 -0.07037123 -0.06904755 
2.84803587e-04 -0.07969836 -0.07561147 -0.07262431 -0.07037123 -0.06904755 
2.31012970e-04 -0.07969836 -0.07561147 -0.07262431 -0.07037123 -0.06904755 
1.87381742e-04 -0.07969836 -0.07561147 -0.07262431 -0.07037123 -0.06904755 
1.51991108e-04 -0.07969836 -0.07561147 -0.07262431 -0.07037123 -0.06904755 
1.23284674e-04 -0.07969836 -0.07561147 -0.07262431 -0.07037123 -0.06904755 
1.00000000e-04 -0.07969836 -0.07561147 -0.07262431 -0.07037123 -0.06904755 
8.11130831e-05 -0.07969836 -0.07561147 -0.07262431 -0.07037123 -0.06904755 
6.57933225e-05 -0.07969836 -0.07561147 -0.07262431 -0.07037123 -0.06904755 
5.33669923e-05 -0.07969836 -0.07561147 -0.07262431 -0.07037123 -0.06904755 
4.32876128e-05 -0.07969836 -0.07561147 -0.07262431 -0.07037123 -0.06904755 
3.51119173e-05 -0.07969836 -0.07561147 -0.07262431 -0.07037123 -0.06904755 
2.84803587e-05 -0.07969836 -0.07561147 -0.07262431 -0.07037123 -0.06904755 
2.31012970e-05 -0.07969836 -0.07561147 -0.07262431 -0.07037123 -0.06904755 
1.87381742e-05 -0.07969836 -0.07561147 -0.07262431 -0.07037123 -0.06904755 
1.51991108e-05 -0.07969836 -0.07561147 -0.07262431 -0.07037123 -0.06904755 
1.23284674e-05 -0.07969836 -0.07561147 -0.07262431 -0.07037123 -0.06904755 
1.00000000e-05 -0.07969836 -0.07561147 -0.07262431 -0.07037123 -0.06904755 
8.11130831e-06 -0.07969836 -0.07561147 -0.07262431 -0.07037123 -0.06904755 
6.57933225e-06 -0.07969836 -0.07561147 -0.07262431 -0.07037123 -0.06904755 
5.33669923e-06 -0.07969836 -0.07561147 -0.07262431 -0.07037123 -0.06904755 
4.32876128e-06 -0.07969836 -0.07561147 -0.07262431 -0.07037123 -0.06904755 
3.51119173e-06 -0.07969836 -0.07561147 -0.07262431 -0.07037123 -0.06904755 
2.84803587e-06 -0.07969836 -0.07561147 -0.07262431 -0.07037123 -0.06904755 
2.31012970e-06 -0.07969836 -0.07561147 -0.07262431 -0.07037123 -0.06904755 
1.87381742e-06 -0.07969836 -0.07561147 -0.07262431 -0.07037123 -0.06904755 
1.51991108e-06 -0.07969836 -0.07561147 -0.07262431 -0.07037123 -0.06904755 
1.23284674e-06 -0.07969836 -0.07561147 -0.07262431 -0.07037123 -0.06904755 
1.00000000e-06 -0.07969836 -0.07561147 -0.07262431 -0.07037123 -0.06904755 
8.11130831e-07 -0.07969836 -0.07561147 -0.07262431 -0.07037123 -0.06904755 
6.57933225e-07 -0.07969836 -0.07561147 -0.07262431 -0.07037123 -0.06904755 
5.33669923e-07 -0.07969836 -0.07561147 -0.07262431 -0.07037123 -0.06904755 
4.32876128e-07 -0.07969836 -0.07561147 -0.07262431 -0.07037123 -0.06904755 
3.51119173e-07 -0.07969836 -0.07561147 -0.07262431 -0.07037123 -0.06904755 
2.84803587e-07 -0.07969836 -0.07561147 -0.07262431 -0.07037123 -0.06904755 
2.31012970e-07 -0.07969836 -0.07561147 -0.07262431 -0.07037123 -0.06904755 
1.87381742e-07 -0.07969836 -0.07561147 -0.07262431 -0.07037123 -0.06904755 
1.51991108e-07 -0.07969836 -0.07561147 -0.07262431 -0.07037123 -0.06904755 
1.23284674e-07 -0.07969836 -0.07561147 -0.07262431 -0.07037123 -0.06904755 
1.00000000e-07 -0.07969836 -0.07561147 -0.07262431 -0.07037123 -0.06904755 
P (bar) | log_He: -2σ | log_He: -1σ | log_He: median | log_He: +1σ | log_He: +2σ 
1.00000000e+02 -0.84924944 -0.84516255 -0.84217539 -0.83992231 -0.83859863 
8.11130831e+01 -0.84924944 -0.84516255 -0.84217539 -0.83992231 -0.83859863 
6.57933225e+01 -0.84924944 -0.84516255 -0.84217539 -0.83992231 -0.83859863 
5.33669923e+01 -0.84924944 -0.84516255 -0.84217539 -0.83992231 -0.83859863 
4.32876128e+01 -0.84924944 -0.84516255 -0.84217539 -0.83992231 -0.83859863 
3.51119173e+01 -0.84924944 -0.84516255 -0.84217539 -0.83992231 -0.83859863 
2.84803587e+01 -0.84924944 -0.84516255 -0.84217539 -0.83992231 -0.83859863 
2.31012970e+01 -0.84924944 -0.84516255 -0.84217539 -0.83992231 -0.83859863 
1.87381742e+01 -0.84924944 -0.84516255 -0.84217539 -0.83992231 -0.83859863 
1.51991108e+01 -0.84924944 -0.84516255 -0.84217539 -0.83992231 -0.83859863 
1.23284674e+01 -0.84924944 -0.84516255 -0.84217539 -0.83992231 -0.83859863 
1.00000000e+01 -0.84924944 -0.84516255 -0.84217539 -0.83992231 -0.83859863 
8.11130831e+00 -0.84924944 -0.84516255 -0.84217539 -0.83992231 -0.83859863 
6.57933225e+00 -0.84924944 -0.84516255 -0.84217539 -0.83992231 -0.83859863 
5.33669923e+00 -0.84924944 -0.84516255 -0.84217539 -0.83992231 -0.83859863 
4.32876128e+00 -0.84924944 -0.84516255 -0.84217539 -0.83992231 -0.83859863 
3.51119173e+00 -0.84924944 -0.84516255 -0.84217539 -0.83992231 -0.83859863 
2.84803587e+00 -0.84924944 -0.84516255 -0.84217539 -0.83992231 -0.83859863 
2.31012970e+00 -0.84924944 -0.84516255 -0.84217539 -0.83992231 -0.83859863 
1.87381742e+00 -0.84924944 -0.84516255 -0.84217539 -0.83992231 -0.83859863 
1.51991108e+00 -0.84924944 -0.84516255 -0.84217539 -0.83992231 -0.83859863 
1.23284674e+00 -0.84924944 -0.84516255 -0.84217539 -0.83992231 -0.83859863 
1.00000000e+00 -0.84924944 -0.84516255 -0.84217539 -0.83992231 -0.83859863 
8.11130831e-01 -0.84924944 -0.84516255 -0.84217539 -0.83992231 -0.83859863 
6.57933225e-01 -0.84924944 -0.84516255 -0.84217539 -0.83992231 -0.83859863 
5.33669923e-01 -0.84924944 -0.84516255 -0.84217539 -0.83992231 -0.83859863 
4.32876128e-01 -0.84924944 -0.84516255 -0.84217539 -0.83992231 -0.83859863 
3.51119173e-01 -0.84924944 -0.84516255 -0.84217539 -0.83992231 -0.83859863 
2.84803587e-01 -0.84924944 -0.84516255 -0.84217539 -0.83992231 -0.83859863 
2.31012970e-01 -0.84924944 -0.84516255 -0.84217539 -0.83992231 -0.83859863 
1.87381742e-01 -0.84924944 -0.84516255 -0.84217539 -0.83992231 -0.83859863 
1.51991108e-01 -0.84924944 -0.84516255 -0.84217539 -0.83992231 -0.83859863 
1.23284674e-01 -0.84924944 -0.84516255 -0.84217539 -0.83992231 -0.83859863 
1.00000000e-01 -0.84924944 -0.84516255 -0.84217539 -0.83992231 -0.83859863 
8.11130831e-02 -0.84924944 -0.84516255 -0.84217539 -0.83992231 -0.83859863 
6.57933225e-02 -0.84924944 -0.84516255 -0.84217539 -0.83992231 -0.83859863 
5.33669923e-02 -0.84924944 -0.84516255 -0.84217539 -0.83992231 -0.83859863 
4.32876128e-02 -0.84924944 -0.84516255 -0.84217539 -0.83992231 -0.83859863 
3.51119173e-02 -0.84924944 -0.84516255 -0.84217539 -0.83992231 -0.83859863 
2.84803587e-02 -0.84924944 -0.84516255 -0.84217539 -0.83992231 -0.83859863 
2.31012970e-02 -0.84924944 -0.84516255 -0.84217539 -0.83992231 -0.83859863 
1.87381742e-02 -0.84924944 -0.84516255 -0.84217539 -0.83992231 -0.83859863 
1.51991108e-02 -0.84924944 -0.84516255 -0.84217539 -0.83992231 -0.83859863 
1.23284674e-02 -0.84924944 -0.84516255 -0.84217539 -0.83992231 -0.83859863 
1.00000000e-02 -0.84924944 -0.84516255 -0.84217539 -0.83992231 -0.83859863 
8.11130831e-03 -0.84924944 -0.84516255 -0.84217539 -0.83992231 -0.83859863 
6.57933225e-03 -0.84924944 -0.84516255 -0.84217539 -0.83992231 -0.83859863 
5.33669923e-03 -0.84924944 -0.84516255 -0.84217539 -0.83992231 -0.83859863 
4.32876128e-03 -0.84924944 -0.84516255 -0.84217539 -0.83992231 -0.83859863 
3.51119173e-03 -0.84924944 -0.84516255 -0.84217539 -0.83992231 -0.83859863 
2.84803587e-03 -0.84924944 -0.84516255 -0.84217539 -0.83992231 -0.83859863 
2.31012970e-03 -0.84924944 -0.84516255 -0.84217539 -0.83992231 -0.83859863 
1.87381742e-03 -0.84924944 -0.84516255 -0.84217539 -0.83992231 -0.83859863 
1.51991108e-03 -0.84924944 -0.84516255 -0.84217539 -0.83992231 -0.83859863 
1.23284674e-03 -0.84924944 -0.84516255 -0.84217539 -0.83992231 -0.83859863 
1.00000000e-03 -0.84924944 -0.84516255 -0.84217539 -0.83992231 -0.83859863 
8.11130831e-04 -0.84924944 -0.84516255 -0.84217539 -0.83992231 -0.83859863 
6.57933225e-04 -0.84924944 -0.84516255 -0.84217539 -0.83992231 -0.83859863 
5.33669923e-04 -0.84924944 -0.84516255 -0.84217539 -0.83992231 -0.83859863 
4.32876128e-04 -0.84924944 -0.84516255 -0.84217539 -0.83992231 -0.83859863 
3.51119173e-04 -0.84924944 -0.84516255 -0.84217539 -0.83992231 -0.83859863 
2.84803587e-04 -0.84924944 -0.84516255 -0.84217539 -0.83992231 -0.83859863 
2.31012970e-04 -0.84924944 -0.84516255 -0.84217539 -0.83992231 -0.83859863 
1.87381742e-04 -0.84924944 -0.84516255 -0.84217539 -0.83992231 -0.83859863 
1.51991108e-04 -0.84924944 -0.84516255 -0.84217539 -0.83992231 -0.83859863 
1.23284674e-04 -0.84924944 -0.84516255 -0.84217539 -0.83992231 -0.83859863 
1.00000000e-04 -0.84924944 -0.84516255 -0.84217539 -0.83992231 -0.83859863 
8.11130831e-05 -0.84924944 -0.84516255 -0.84217539 -0.83992231 -0.83859863 
6.57933225e-05 -0.84924944 -0.84516255 -0.84217539 -0.83992231 -0.83859863 
5.33669923e-05 -0.84924944 -0.84516255 -0.84217539 -0.83992231 -0.83859863 
4.32876128e-05 -0.84924944 -0.84516255 -0.84217539 -0.83992231 -0.83859863 
3.51119173e-05 -0.84924944 -0.84516255 -0.84217539 -0.83992231 -0.83859863 
2.84803587e-05 -0.84924944 -0.84516255 -0.84217539 -0.83992231 -0.83859863 
2.31012970e-05 -0.84924944 -0.84516255 -0.84217539 -0.83992231 -0.83859863 
1.87381742e-05 -0.84924944 -0.84516255 -0.84217539 -0.83992231 -0.83859863 
1.51991108e-05 -0.84924944 -0.84516255 -0.84217539 -0.83992231 -0.83859863 
1.23284674e-05 -0.84924944 -0.84516255 -0.84217539 -0.83992231 -0.83859863 
1.00000000e-05 -0.84924944 -0.84516255 -0.84217539 -0.83992231 -0.83859863 
8.11130831e-06 -0.84924944 -0.84516255 -0.84217539 -0.83992231 -0.83859863 
6.57933225e-06 -0.84924944 -0.84516255 -0.84217539 -0.83992231 -0.83859863 
5.33669923e-06 -0.84924944 -0.84516255 -0.84217539 -0.83992231 -0.83859863 
4.32876128e-06 -0.84924944 -0.84516255 -0.84217539 -0.83992231 -0.83859863 
3.51119173e-06 -0.84924944 -0.84516255 -0.84217539 -0.83992231 -0.83859863 
2.84803587e-06 -0.84924944 -0.84516255 -0.84217539 -0.83992231 -0.83859863 
2.31012970e-06 -0.84924944 -0.84516255 -0.84217539 -0.83992231 -0.83859863 
1.87381742e-06 -0.84924944 -0.84516255 -0.84217539 -0.83992231 -0.83859863 
1.51991108e-06 -0.84924944 -0.84516255 -0.84217539 -0.83992231 -0.83859863 
1.23284674e-06 -0.84924944 -0.84516255 -0.84217539 -0.83992231 -0.83859863 
1.00000000e-06 -0.84924944 -0.84516255 -0.84217539 -0.83992231 -0.83859863 
8.11130831e-07 -0.84924944 -0.84516255 -0.84217539 -0.83992231 -0.83859863 
6.57933225e-07 -0.84924944 -0.84516255 -0.84217539 -0.83992231 -0.83859863 
5.33669923e-07 -0.84924944 -0.84516255 -0.84217539 -0.83992231 -0.83859863 
4.32876128e-07 -0.84924944 -0.84516255 -0.84217539 -0.83992231 -0.83859863 
3.51119173e-07 -0.84924944 -0.84516255 -0.84217539 -0.83992231 -0.83859863 
2.84803587e-07 -0.84924944 -0.84516255 -0.84217539 -0.83992231 -0.83859863 
2.31012970e-07 -0.84924944 -0.84516255 -0.84217539 -0.83992231 -0.83859863 
1.87381742e-07 -0.84924944 -0.84516255 -0.84217539 -0.83992231 -0.83859863 
1.51991108e-07 -0.84924944 -0.84516255 -0.84217539 -0.83992231 -0.83859863 
1.23284674e-07 -0.84924944 -0.84516255 -0.84217539 -0.83992231 -0.83859863 
1.00000000e-07 -0.84924944 -0.84516255 -0.84217539 -0.83992231 -0.83859863 
P (bar) | log_H2O: -2σ | log_H2O: -1σ | log_H2O: median | log_H2O: +1σ | log_H2O: +2σ 
1.00000000e+02 -3.18386315 -2.61102829 -2.16657308 -1.88146888 -1.65116395 
8.11130831e+01 -3.18386315 -2.61102829 -2.16657308 -1.88146888 -1.65116395 
6.57933225e+01 -3.18386315 -2.61102829 -2.16657308 -1.88146888 -1.65116395 
5.33669923e+01 -3.18386315 -2.61102829 -2.16657308 -1.88146888 -1.65116395 
4.32876128e+01 -3.18386315 -2.61102829 -2.16657308 -1.88146888 -1.65116395 
3.51119173e+01 -3.18386315 -2.61102829 -2.16657308 -1.88146888 -1.65116395 
2.84803587e+01 -3.18386315 -2.61102829 -2.16657308 -1.88146888 -1.65116395 
2.31012970e+01 -3.18386315 -2.61102829 -2.16657308 -1.88146888 -1.65116395 
1.87381742e+01 -3.18386315 -2.61102829 -2.16657308 -1.88146888 -1.65116395 
1.51991108e+01 -3.18386315 -2.61102829 -2.16657308 -1.88146888 -1.65116395 
1.23284674e+01 -3.18386315 -2.61102829 -2.16657308 -1.88146888 -1.65116395 
1.00000000e+01 -3.18386315 -2.61102829 -2.16657308 -1.88146888 -1.65116395 
8.11130831e+00 -3.18386315 -2.61102829 -2.16657308 -1.88146888 -1.65116395 
6.57933225e+00 -3.18386315 -2.61102829 -2.16657308 -1.88146888 -1.65116395 
5.33669923e+00 -3.18386315 -2.61102829 -2.16657308 -1.88146888 -1.65116395 
4.32876128e+00 -3.18386315 -2.61102829 -2.16657308 -1.88146888 -1.65116395 
3.51119173e+00 -3.18386315 -2.61102829 -2.16657308 -1.88146888 -1.65116395 
2.84803587e+00 -3.18386315 -2.61102829 -2.16657308 -1.88146888 -1.65116395 
2.31012970e+00 -3.18386315 -2.61102829 -2.16657308 -1.88146888 -1.65116395 
1.87381742e+00 -3.18386315 -2.61102829 -2.16657308 -1.88146888 -1.65116395 
1.51991108e+00 -3.18386315 -2.61102829 -2.16657308 -1.88146888 -1.65116395 
1.23284674e+00 -3.18386315 -2.61102829 -2.16657308 -1.88146888 -1.65116395 
1.00000000e+00 -3.18386315 -2.61102829 -2.16657308 -1.88146888 -1.65116395 
8.11130831e-01 -3.18386315 -2.61102829 -2.16657308 -1.88146888 -1.65116395 
6.57933225e-01 -3.18386315 -2.61102829 -2.16657308 -1.88146888 -1.65116395 
5.33669923e-01 -3.18386315 -2.61102829 -2.16657308 -1.88146888 -1.65116395 
4.32876128e-01 -3.18386315 -2.61102829 -2.16657308 -1.88146888 -1.65116395 
3.51119173e-01 -3.18386315 -2.61102829 -2.16657308 -1.88146888 -1.65116395 
2.84803587e-01 -3.18386315 -2.61102829 -2.16657308 -1.88146888 -1.65116395 
2.31012970e-01 -3.18386315 -2.61102829 -2.16657308 -1.88146888 -1.65116395 
1.87381742e-01 -3.18386315 -2.61102829 -2.16657308 -1.88146888 -1.65116395 
1.51991108e-01 -3.18386315 -2.61102829 -2.16657308 -1.88146888 -1.65116395 
1.23284674e-01 -3.18386315 -2.61102829 -2.16657308 -1.88146888 -1.65116395 
1.00000000e-01 -3.18386315 -2.61102829 -2.16657308 -1.88146888 -1.65116395 
8.11130831e-02 -3.18386315 -2.61102829 -2.16657308 -1.88146888 -1.65116395 
6.57933225e-02 -3.18386315 -2.61102829 -2.16657308 -1.88146888 -1.65116395 
5.33669923e-02 -3.18386315 -2.61102829 -2.16657308 -1.88146888 -1.65116395 
4.32876128e-02 -3.18386315 -2.61102829 -2.16657308 -1.88146888 -1.65116395 
3.51119173e-02 -3.18386315 -2.61102829 -2.16657308 -1.88146888 -1.65116395 
2.84803587e-02 -3.18386315 -2.61102829 -2.16657308 -1.88146888 -1.65116395 
2.31012970e-02 -3.18386315 -2.61102829 -2.16657308 -1.88146888 -1.65116395 
1.87381742e-02 -3.18386315 -2.61102829 -2.16657308 -1.88146888 -1.65116395 
1.51991108e-02 -3.18386315 -2.61102829 -2.16657308 -1.88146888 -1.65116395 
1.23284674e-02 -3.18386315 -2.61102829 -2.16657308 -1.88146888 -1.65116395 
1.00000000e-02 -3.18386315 -2.61102829 -2.16657308 -1.88146888 -1.65116395 
8.11130831e-03 -3.18386315 -2.61102829 -2.16657308 -1.88146888 -1.65116395 
6.57933225e-03 -3.18386315 -2.61102829 -2.16657308 -1.88146888 -1.65116395 
5.33669923e-03 -3.18386315 -2.61102829 -2.16657308 -1.88146888 -1.65116395 
4.32876128e-03 -3.18386315 -2.61102829 -2.16657308 -1.88146888 -1.65116395 
3.51119173e-03 -3.18386315 -2.61102829 -2.16657308 -1.88146888 -1.65116395 
2.84803587e-03 -3.18386315 -2.61102829 -2.16657308 -1.88146888 -1.65116395 
2.31012970e-03 -3.18386315 -2.61102829 -2.16657308 -1.88146888 -1.65116395 
1.87381742e-03 -3.18386315 -2.61102829 -2.16657308 -1.88146888 -1.65116395 
1.51991108e-03 -3.18386315 -2.61102829 -2.16657308 -1.88146888 -1.65116395 
1.23284674e-03 -3.18386315 -2.61102829 -2.16657308 -1.88146888 -1.65116395 
1.00000000e-03 -3.18386315 -2.61102829 -2.16657308 -1.88146888 -1.65116395 
8.11130831e-04 -3.18386315 -2.61102829 -2.16657308 -1.88146888 -1.65116395 
6.57933225e-04 -3.18386315 -2.61102829 -2.16657308 -1.88146888 -1.65116395 
5.33669923e-04 -3.18386315 -2.61102829 -2.16657308 -1.88146888 -1.65116395 
4.32876128e-04 -3.18386315 -2.61102829 -2.16657308 -1.88146888 -1.65116395 
3.51119173e-04 -3.18386315 -2.61102829 -2.16657308 -1.88146888 -1.65116395 
2.84803587e-04 -3.18386315 -2.61102829 -2.16657308 -1.88146888 -1.65116395 
2.31012970e-04 -3.18386315 -2.61102829 -2.16657308 -1.88146888 -1.65116395 
1.87381742e-04 -3.18386315 -2.61102829 -2.16657308 -1.88146888 -1.65116395 
1.51991108e-04 -3.18386315 -2.61102829 -2.16657308 -1.88146888 -1.65116395 
1.23284674e-04 -3.18386315 -2.61102829 -2.16657308 -1.88146888 -1.65116395 
1.00000000e-04 -3.18386315 -2.61102829 -2.16657308 -1.88146888 -1.65116395 
8.11130831e-05 -3.18386315 -2.61102829 -2.16657308 -1.88146888 -1.65116395 
6.57933225e-05 -3.18386315 -2.61102829 -2.16657308 -1.88146888 -1.65116395 
5.33669923e-05 -3.18386315 -2.61102829 -2.16657308 -1.88146888 -1.65116395 
4.32876128e-05 -3.18386315 -2.61102829 -2.16657308 -1.88146888 -1.65116395 
3.51119173e-05 -3.18386315 -2.61102829 -2.16657308 -1.88146888 -1.65116395 
2.84803587e-05 -3.18386315 -2.61102829 -2.16657308 -1.88146888 -1.65116395 
2.31012970e-05 -3.18386315 -2.61102829 -2.16657308 -1.88146888 -1.65116395 
1.87381742e-05 -3.18386315 -2.61102829 -2.16657308 -1.88146888 -1.65116395 
1.51991108e-05 -3.18386315 -2.61102829 -2.16657308 -1.88146888 -1.65116395 
1.23284674e-05 -3.18386315 -2.61102829 -2.16657308 -1.88146888 -1.65116395 
1.00000000e-05 -3.18386315 -2.61102829 -2.16657308 -1.88146888 -1.65116395 
8.11130831e-06 -3.18386315 -2.61102829 -2.16657308 -1.88146888 -1.65116395 
6.57933225e-06 -3.18386315 -2.61102829 -2.16657308 -1.88146888 -1.65116395 
5.33669923e-06 -3.18386315 -2.61102829 -2.16657308 -1.88146888 -1.65116395 
4.32876128e-06 -3.18386315 -2.61102829 -2.16657308 -1.88146888 -1.65116395 
3.51119173e-06 -3.18386315 -2.61102829 -2.16657308 -1.88146888 -1.65116395 
2.84803587e-06 -3.18386315 -2.61102829 -2.16657308 -1.88146888 -1.65116395 
2.31012970e-06 -3.18386315 -2.61102829 -2.16657308 -1.88146888 -1.65116395 
1.87381742e-06 -3.18386315 -2.61102829 -2.16657308 -1.88146888 -1.65116395 
1.51991108e-06 -3.18386315 -2.61102829 -2.16657308 -1.88146888 -1.65116395 
1.23284674e-06 -3.18386315 -2.61102829 -2.16657308 -1.88146888 -1.65116395 
1.00000000e-06 -3.18386315 -2.61102829 -2.16657308 -1.88146888 -1.65116395 
8.11130831e-07 -3.18386315 -2.61102829 -2.16657308 -1.88146888 -1.65116395 
6.57933225e-07 -3.18386315 -2.61102829 -2.16657308 -1.88146888 -1.65116395 
5.33669923e-07 -3.18386315 -2.61102829 -2.16657308 -1.88146888 -1.65116395 
4.32876128e-07 -3.18386315 -2.61102829 -2.16657308 -1.88146888 -1.65116395 
3.51119173e-07 -3.18386315 -2.61102829 -2.16657308 -1.88146888 -1.65116395 
2.84803587e-07 -3.18386315 -2.61102829 -2.16657308 -1.88146888 -1.65116395 
2.31012970e-07 -3.18386315 -2.61102829 -2.16657308 -1.88146888 -1.65116395 
1.87381742e-07 -3.18386315 -2.61102829 -2.16657308 -1.88146888 -1.65116395 
1.51991108e-07 -3.18386315 -2.61102829 -2.16657308 -1.88146888 -1.65116395 
1.23284674e-07 -3.18386315 -2.61102829 -2.16657308 -1.88146888 -1.65116395 
1.00000000e-07 -3.18386315 -2.61102829 -2.16657308 -1.88146888 -1.65116395 
P (bar) | log_CO2: -2σ | log_CO2: -1σ | log_CO2: median | log_CO2: +1σ | log_CO2: +2σ 
1.00000000e+02 -4.23812512 -3.35590064 -2.71538739 -2.31194857 -2.10155859 
8.11130831e+01 -4.23812512 -3.35590064 -2.71538739 -2.31194857 -2.10155859 
6.57933225e+01 -4.23812512 -3.35590064 -2.71538739 -2.31194857 -2.10155859 
5.33669923e+01 -4.23812512 -3.35590064 -2.71538739 -2.31194857 -2.10155859 
4.32876128e+01 -4.23812512 -3.35590064 -2.71538739 -2.31194857 -2.10155859 
3.51119173e+01 -4.23812512 -3.35590064 -2.71538739 -2.31194857 -2.10155859 
2.84803587e+01 -4.23812512 -3.35590064 -2.71538739 -2.31194857 -2.10155859 
2.31012970e+01 -4.23812512 -3.35590064 -2.71538739 -2.31194857 -2.10155859 
1.87381742e+01 -4.23812512 -3.35590064 -2.71538739 -2.31194857 -2.10155859 
1.51991108e+01 -4.23812512 -3.35590064 -2.71538739 -2.31194857 -2.10155859 
1.23284674e+01 -4.23812512 -3.35590064 -2.71538739 -2.31194857 -2.10155859 
1.00000000e+01 -4.23812512 -3.35590064 -2.71538739 -2.31194857 -2.10155859 
8.11130831e+00 -4.23812512 -3.35590064 -2.71538739 -2.31194857 -2.10155859 
6.57933225e+00 -4.23812512 -3.35590064 -2.71538739 -2.31194857 -2.10155859 
5.33669923e+00 -4.23812512 -3.35590064 -2.71538739 -2.31194857 -2.10155859 
4.32876128e+00 -4.23812512 -3.35590064 -2.71538739 -2.31194857 -2.10155859 
3.51119173e+00 -4.23812512 -3.35590064 -2.71538739 -2.31194857 -2.10155859 
2.84803587e+00 -4.23812512 -3.35590064 -2.71538739 -2.31194857 -2.10155859 
2.31012970e+00 -4.23812512 -3.35590064 -2.71538739 -2.31194857 -2.10155859 
1.87381742e+00 -4.23812512 -3.35590064 -2.71538739 -2.31194857 -2.10155859 
1.51991108e+00 -4.23812512 -3.35590064 -2.71538739 -2.31194857 -2.10155859 
1.23284674e+00 -4.23812512 -3.35590064 -2.71538739 -2.31194857 -2.10155859 
1.00000000e+00 -4.23812512 -3.35590064 -2.71538739 -2.31194857 -2.10155859 
8.11130831e-01 -4.23812512 -3.35590064 -2.71538739 -2.31194857 -2.10155859 
6.57933225e-01 -4.23812512 -3.35590064 -2.71538739 -2.31194857 -2.10155859 
5.33669923e-01 -4.23812512 -3.35590064 -2.71538739 -2.31194857 -2.10155859 
4.32876128e-01 -4.23812512 -3.35590064 -2.71538739 -2.31194857 -2.10155859 
3.51119173e-01 -4.23812512 -3.35590064 -2.71538739 -2.31194857 -2.10155859 
2.84803587e-01 -4.23812512 -3.35590064 -2.71538739 -2.31194857 -2.10155859 
2.31012970e-01 -4.23812512 -3.35590064 -2.71538739 -2.31194857 -2.10155859 
1.87381742e-01 -4.23812512 -3.35590064 -2.71538739 -2.31194857 -2.10155859 
1.51991108e-01 -4.23812512 -3.35590064 -2.71538739 -2.31194857 -2.10155859 
1.23284674e-01 -4.23812512 -3.35590064 -2.71538739 -2.31194857 -2.10155859 
1.00000000e-01 -4.23812512 -3.35590064 -2.71538739 -2.31194857 -2.10155859 
8.11130831e-02 -4.23812512 -3.35590064 -2.71538739 -2.31194857 -2.10155859 
6.57933225e-02 -4.23812512 -3.35590064 -2.71538739 -2.31194857 -2.10155859 
5.33669923e-02 -4.23812512 -3.35590064 -2.71538739 -2.31194857 -2.10155859 
4.32876128e-02 -4.23812512 -3.35590064 -2.71538739 -2.31194857 -2.10155859 
3.51119173e-02 -4.23812512 -3.35590064 -2.71538739 -2.31194857 -2.10155859 
2.84803587e-02 -4.23812512 -3.35590064 -2.71538739 -2.31194857 -2.10155859 
2.31012970e-02 -4.23812512 -3.35590064 -2.71538739 -2.31194857 -2.10155859 
1.87381742e-02 -4.23812512 -3.35590064 -2.71538739 -2.31194857 -2.10155859 
1.51991108e-02 -4.23812512 -3.35590064 -2.71538739 -2.31194857 -2.10155859 
1.23284674e-02 -4.23812512 -3.35590064 -2.71538739 -2.31194857 -2.10155859 
1.00000000e-02 -4.23812512 -3.35590064 -2.71538739 -2.31194857 -2.10155859 
8.11130831e-03 -4.23812512 -3.35590064 -2.71538739 -2.31194857 -2.10155859 
6.57933225e-03 -4.23812512 -3.35590064 -2.71538739 -2.31194857 -2.10155859 
5.33669923e-03 -4.23812512 -3.35590064 -2.71538739 -2.31194857 -2.10155859 
4.32876128e-03 -4.23812512 -3.35590064 -2.71538739 -2.31194857 -2.10155859 
3.51119173e-03 -4.23812512 -3.35590064 -2.71538739 -2.31194857 -2.10155859 
2.84803587e-03 -4.23812512 -3.35590064 -2.71538739 -2.31194857 -2.10155859 
2.31012970e-03 -4.23812512 -3.35590064 -2.71538739 -2.31194857 -2.10155859 
1.87381742e-03 -4.23812512 -3.35590064 -2.71538739 -2.31194857 -2.10155859 
1.51991108e-03 -4.23812512 -3.35590064 -2.71538739 -2.31194857 -2.10155859 
1.23284674e-03 -4.23812512 -3.35590064 -2.71538739 -2.31194857 -2.10155859 
1.00000000e-03 -4.23812512 -3.35590064 -2.71538739 -2.31194857 -2.10155859 
8.11130831e-04 -4.23812512 -3.35590064 -2.71538739 -2.31194857 -2.10155859 
6.57933225e-04 -4.23812512 -3.35590064 -2.71538739 -2.31194857 -2.10155859 
5.33669923e-04 -4.23812512 -3.35590064 -2.71538739 -2.31194857 -2.10155859 
4.32876128e-04 -4.23812512 -3.35590064 -2.71538739 -2.31194857 -2.10155859 
3.51119173e-04 -4.23812512 -3.35590064 -2.71538739 -2.31194857 -2.10155859 
2.84803587e-04 -4.23812512 -3.35590064 -2.71538739 -2.31194857 -2.10155859 
2.31012970e-04 -4.23812512 -3.35590064 -2.71538739 -2.31194857 -2.10155859 
1.87381742e-04 -4.23812512 -3.35590064 -2.71538739 -2.31194857 -2.10155859 
1.51991108e-04 -4.23812512 -3.35590064 -2.71538739 -2.31194857 -2.10155859 
1.23284674e-04 -4.23812512 -3.35590064 -2.71538739 -2.31194857 -2.10155859 
1.00000000e-04 -4.23812512 -3.35590064 -2.71538739 -2.31194857 -2.10155859 
8.11130831e-05 -4.23812512 -3.35590064 -2.71538739 -2.31194857 -2.10155859 
6.57933225e-05 -4.23812512 -3.35590064 -2.71538739 -2.31194857 -2.10155859 
5.33669923e-05 -4.23812512 -3.35590064 -2.71538739 -2.31194857 -2.10155859 
4.32876128e-05 -4.23812512 -3.35590064 -2.71538739 -2.31194857 -2.10155859 
3.51119173e-05 -4.23812512 -3.35590064 -2.71538739 -2.31194857 -2.10155859 
2.84803587e-05 -4.23812512 -3.35590064 -2.71538739 -2.31194857 -2.10155859 
2.31012970e-05 -4.23812512 -3.35590064 -2.71538739 -2.31194857 -2.10155859 
1.87381742e-05 -4.23812512 -3.35590064 -2.71538739 -2.31194857 -2.10155859 
1.51991108e-05 -4.23812512 -3.35590064 -2.71538739 -2.31194857 -2.10155859 
1.23284674e-05 -4.23812512 -3.35590064 -2.71538739 -2.31194857 -2.10155859 
1.00000000e-05 -4.23812512 -3.35590064 -2.71538739 -2.31194857 -2.10155859 
8.11130831e-06 -4.23812512 -3.35590064 -2.71538739 -2.31194857 -2.10155859 
6.57933225e-06 -4.23812512 -3.35590064 -2.71538739 -2.31194857 -2.10155859 
5.33669923e-06 -4.23812512 -3.35590064 -2.71538739 -2.31194857 -2.10155859 
4.32876128e-06 -4.23812512 -3.35590064 -2.71538739 -2.31194857 -2.10155859 
3.51119173e-06 -4.23812512 -3.35590064 -2.71538739 -2.31194857 -2.10155859 
2.84803587e-06 -4.23812512 -3.35590064 -2.71538739 -2.31194857 -2.10155859 
2.31012970e-06 -4.23812512 -3.35590064 -2.71538739 -2.31194857 -2.10155859 
1.87381742e-06 -4.23812512 -3.35590064 -2.71538739 -2.31194857 -2.10155859 
1.51991108e-06 -4.23812512 -3.35590064 -2.71538739 -2.31194857 -2.10155859 
1.23284674e-06 -4.23812512 -3.35590064 -2.71538739 -2.31194857 -2.10155859 
1.00000000e-06 -4.23812512 -3.35590064 -2.71538739 -2.31194857 -2.10155859 
8.11130831e-07 -4.23812512 -3.35590064 -2.71538739 -2.31194857 -2.10155859 
6.57933225e-07 -4.23812512 -3.35590064 -2.71538739 -2.31194857 -2.10155859 
5.33669923e-07 -4.23812512 -3.35590064 -2.71538739 -2.31194857 -2.10155859 
4.32876128e-07 -4.23812512 -3.35590064 -2.71538739 -2.31194857 -2.10155859 
3.51119173e-07 -4.23812512 -3.35590064 -2.71538739 -2.31194857 -2.10155859 
2.84803587e-07 -4.23812512 -3.35590064 -2.71538739 -2.31194857 -2.10155859 
2.31012970e-07 -4.23812512 -3.35590064 -2.71538739 -2.31194857 -2.10155859 
1.87381742e-07 -4.23812512 -3.35590064 -2.71538739 -2.31194857 -2.10155859 
1.51991108e-07 -4.23812512 -3.35590064 -2.71538739 -2.31194857 -2.10155859 
1.23284674e-07 -4.23812512 -3.35590064 -2.71538739 -2.31194857 -2.10155859 
1.00000000e-07 -4.23812512 -3.35590064 -2.71538739 -2.31194857 -2.10155859 
P (bar) | log_SO2: -2σ | log_SO2: -1σ | log_SO2: median | log_SO2: +1σ | log_SO2: +2σ 
1.00000000e+02 -5.46317482 -5.23711674 -4.99553191 -4.80352812 -4.65428617 
8.11130831e+01 -5.46317482 -5.23711674 -4.99553191 -4.80352812 -4.65428617 
6.57933225e+01 -5.46317482 -5.23711674 -4.99553191 -4.80352812 -4.65428617 
5.33669923e+01 -5.46317482 -5.23711674 -4.99553191 -4.80352812 -4.65428617 
4.32876128e+01 -5.46317482 -5.23711674 -4.99553191 -4.80352812 -4.65428617 
3.51119173e+01 -5.46317482 -5.23711674 -4.99553191 -4.80352812 -4.65428617 
2.84803587e+01 -5.46317482 -5.23711674 -4.99553191 -4.80352812 -4.65428617 
2.31012970e+01 -5.46317482 -5.23711674 -4.99553191 -4.80352812 -4.65428617 
1.87381742e+01 -5.46317482 -5.23711674 -4.99553191 -4.80352812 -4.65428617 
1.51991108e+01 -5.46317482 -5.23711674 -4.99553191 -4.80352812 -4.65428617 
1.23284674e+01 -5.46317482 -5.23711674 -4.99553191 -4.80352812 -4.65428617 
1.00000000e+01 -5.46317482 -5.23711674 -4.99553191 -4.80352812 -4.65428617 
8.11130831e+00 -5.46317482 -5.23711674 -4.99553191 -4.80352812 -4.65428617 
6.57933225e+00 -5.46317482 -5.23711674 -4.99553191 -4.80352812 -4.65428617 
5.33669923e+00 -5.46317482 -5.23711674 -4.99553191 -4.80352812 -4.65428617 
4.32876128e+00 -5.46317482 -5.23711674 -4.99553191 -4.80352812 -4.65428617 
3.51119173e+00 -5.46317482 -5.23711674 -4.99553191 -4.80352812 -4.65428617 
2.84803587e+00 -5.46317482 -5.23711674 -4.99553191 -4.80352812 -4.65428617 
2.31012970e+00 -5.46317482 -5.23711674 -4.99553191 -4.80352812 -4.65428617 
1.87381742e+00 -5.46317482 -5.23711674 -4.99553191 -4.80352812 -4.65428617 
1.51991108e+00 -5.46317482 -5.23711674 -4.99553191 -4.80352812 -4.65428617 
1.23284674e+00 -5.46317482 -5.23711674 -4.99553191 -4.80352812 -4.65428617 
1.00000000e+00 -5.46317482 -5.23711674 -4.99553191 -4.80352812 -4.65428617 
8.11130831e-01 -5.46317482 -5.23711674 -4.99553191 -4.80352812 -4.65428617 
6.57933225e-01 -5.46317482 -5.23711674 -4.99553191 -4.80352812 -4.65428617 
5.33669923e-01 -5.46317482 -5.23711674 -4.99553191 -4.80352812 -4.65428617 
4.32876128e-01 -5.46317482 -5.23711674 -4.99553191 -4.80352812 -4.65428617 
3.51119173e-01 -5.46317482 -5.23711674 -4.99553191 -4.80352812 -4.65428617 
2.84803587e-01 -5.46317482 -5.23711674 -4.99553191 -4.80352812 -4.65428617 
2.31012970e-01 -5.46317482 -5.23711674 -4.99553191 -4.80352812 -4.65428617 
1.87381742e-01 -5.46317482 -5.23711674 -4.99553191 -4.80352812 -4.65428617 
1.51991108e-01 -5.46317482 -5.23711674 -4.99553191 -4.80352812 -4.65428617 
1.23284674e-01 -5.46317482 -5.23711674 -4.99553191 -4.80352812 -4.65428617 
1.00000000e-01 -5.46317482 -5.23711674 -4.99553191 -4.80352812 -4.65428617 
8.11130831e-02 -5.46317482 -5.23711674 -4.99553191 -4.80352812 -4.65428617 
6.57933225e-02 -5.46317482 -5.23711674 -4.99553191 -4.80352812 -4.65428617 
5.33669923e-02 -5.46317482 -5.23711674 -4.99553191 -4.80352812 -4.65428617 
4.32876128e-02 -5.46317482 -5.23711674 -4.99553191 -4.80352812 -4.65428617 
3.51119173e-02 -5.46317482 -5.23711674 -4.99553191 -4.80352812 -4.65428617 
2.84803587e-02 -5.46317482 -5.23711674 -4.99553191 -4.80352812 -4.65428617 
2.31012970e-02 -5.46317482 -5.23711674 -4.99553191 -4.80352812 -4.65428617 
1.87381742e-02 -5.46317482 -5.23711674 -4.99553191 -4.80352812 -4.65428617 
1.51991108e-02 -5.46317482 -5.23711674 -4.99553191 -4.80352812 -4.65428617 
1.23284674e-02 -5.46317482 -5.23711674 -4.99553191 -4.80352812 -4.65428617 
1.00000000e-02 -5.46317482 -5.23711674 -4.99553191 -4.80352812 -4.65428617 
8.11130831e-03 -5.46317482 -5.23711674 -4.99553191 -4.80352812 -4.65428617 
6.57933225e-03 -5.46317482 -5.23711674 -4.99553191 -4.80352812 -4.65428617 
5.33669923e-03 -5.46317482 -5.23711674 -4.99553191 -4.80352812 -4.65428617 
4.32876128e-03 -5.46317482 -5.23711674 -4.99553191 -4.80352812 -4.65428617 
3.51119173e-03 -5.46317482 -5.23711674 -4.99553191 -4.80352812 -4.65428617 
2.84803587e-03 -5.46317482 -5.23711674 -4.99553191 -4.80352812 -4.65428617 
2.31012970e-03 -5.46317482 -5.23711674 -4.99553191 -4.80352812 -4.65428617 
1.87381742e-03 -5.46317482 -5.23711674 -4.99553191 -4.80352812 -4.65428617 
1.51991108e-03 -5.46317482 -5.23711674 -4.99553191 -4.80352812 -4.65428617 
1.23284674e-03 -5.46317482 -5.23711674 -4.99553191 -4.80352812 -4.65428617 
1.00000000e-03 -5.46317482 -5.23711674 -4.99553191 -4.80352812 -4.65428617 
8.11130831e-04 -5.46317482 -5.23711674 -4.99553191 -4.80352812 -4.65428617 
6.57933225e-04 -5.46317482 -5.23711674 -4.99553191 -4.80352812 -4.65428617 
5.33669923e-04 -5.46317482 -5.23711674 -4.99553191 -4.80352812 -4.65428617 
4.32876128e-04 -5.46317482 -5.23711674 -4.99553191 -4.80352812 -4.65428617 
3.51119173e-04 -5.46317482 -5.23711674 -4.99553191 -4.80352812 -4.65428617 
2.84803587e-04 -5.46317482 -5.23711674 -4.99553191 -4.80352812 -4.65428617 
2.31012970e-04 -5.46317482 -5.23711674 -4.99553191 -4.80352812 -4.65428617 
1.87381742e-04 -5.46317482 -5.23711674 -4.99553191 -4.80352812 -4.65428617 
1.51991108e-04 -5.46317482 -5.23711674 -4.99553191 -4.80352812 -4.65428617 
1.23284674e-04 -5.46317482 -5.23711674 -4.99553191 -4.80352812 -4.65428617 
1.00000000e-04 -5.46317482 -5.23711674 -4.99553191 -4.80352812 -4.65428617 
8.11130831e-05 -5.46317482 -5.23711674 -4.99553191 -4.80352812 -4.65428617 
6.57933225e-05 -5.46317482 -5.23711674 -4.99553191 -4.80352812 -4.65428617 
5.33669923e-05 -5.46317482 -5.23711674 -4.99553191 -4.80352812 -4.65428617 
4.32876128e-05 -5.46317482 -5.23711674 -4.99553191 -4.80352812 -4.65428617 
3.51119173e-05 -5.46317482 -5.23711674 -4.99553191 -4.80352812 -4.65428617 
2.84803587e-05 -5.46317482 -5.23711674 -4.99553191 -4.80352812 -4.65428617 
2.31012970e-05 -5.46317482 -5.23711674 -4.99553191 -4.80352812 -4.65428617 
1.87381742e-05 -5.46317482 -5.23711674 -4.99553191 -4.80352812 -4.65428617 
1.51991108e-05 -5.46317482 -5.23711674 -4.99553191 -4.80352812 -4.65428617 
1.23284674e-05 -5.46317482 -5.23711674 -4.99553191 -4.80352812 -4.65428617 
1.00000000e-05 -5.46317482 -5.23711674 -4.99553191 -4.80352812 -4.65428617 
8.11130831e-06 -5.46317482 -5.23711674 -4.99553191 -4.80352812 -4.65428617 
6.57933225e-06 -5.46317482 -5.23711674 -4.99553191 -4.80352812 -4.65428617 
5.33669923e-06 -5.46317482 -5.23711674 -4.99553191 -4.80352812 -4.65428617 
4.32876128e-06 -5.46317482 -5.23711674 -4.99553191 -4.80352812 -4.65428617 
3.51119173e-06 -5.46317482 -5.23711674 -4.99553191 -4.80352812 -4.65428617 
2.84803587e-06 -5.46317482 -5.23711674 -4.99553191 -4.80352812 -4.65428617 
2.31012970e-06 -5.46317482 -5.23711674 -4.99553191 -4.80352812 -4.65428617 
1.87381742e-06 -5.46317482 -5.23711674 -4.99553191 -4.80352812 -4.65428617 
1.51991108e-06 -5.46317482 -5.23711674 -4.99553191 -4.80352812 -4.65428617 
1.23284674e-06 -5.46317482 -5.23711674 -4.99553191 -4.80352812 -4.65428617 
1.00000000e-06 -5.46317482 -5.23711674 -4.99553191 -4.80352812 -4.65428617 
8.11130831e-07 -5.46317482 -5.23711674 -4.99553191 -4.80352812 -4.65428617 
6.57933225e-07 -5.46317482 -5.23711674 -4.99553191 -4.80352812 -4.65428617 
5.33669923e-07 -5.46317482 -5.23711674 -4.99553191 -4.80352812 -4.65428617 
4.32876128e-07 -5.46317482 -5.23711674 -4.99553191 -4.80352812 -4.65428617 
3.51119173e-07 -5.46317482 -5.23711674 -4.99553191 -4.80352812 -4.65428617 
2.84803587e-07 -5.46317482 -5.23711674 -4.99553191 -4.80352812 -4.65428617 
2.31012970e-07 -5.46317482 -5.23711674 -4.99553191 -4.80352812 -4.65428617 
1.87381742e-07 -5.46317482 -5.23711674 -4.99553191 -4.80352812 -4.65428617 
1.51991108e-07 -5.46317482 -5.23711674 -4.99553191 -4.80352812 -4.65428617 
1.23284674e-07 -5.46317482 -5.23711674 -4.99553191 -4.80352812 -4.65428617 
1.00000000e-07 -5.46317482 -5.23711674 -4.99553191 -4.80352812 -4.65428617 
P (bar) | log_CO: -2σ | log_CO: -1σ | log_CO: median | log_CO: +1σ | log_CO: +2σ 
1.00000000e+02 -3.96090861 -3.78879300 -3.47866443 -3.08713882 -2.77243817 
8.11130831e+01 -3.96090861 -3.78879300 -3.47866443 -3.08713882 -2.77243817 
6.57933225e+01 -3.96090861 -3.78879300 -3.47866443 -3.08713882 -2.77243817 
5.33669923e+01 -3.96090861 -3.78879300 -3.47866443 -3.08713882 -2.77243817 
4.32876128e+01 -3.96090861 -3.78879300 -3.47866443 -3.08713882 -2.77243817 
3.51119173e+01 -3.96090861 -3.78879300 -3.47866443 -3.08713882 -2.77243817 
2.84803587e+01 -3.96090861 -3.78879300 -3.47866443 -3.08713882 -2.77243817 
2.31012970e+01 -3.96090861 -3.78879300 -3.47866443 -3.08713882 -2.77243817 
1.87381742e+01 -3.96090861 -3.78879300 -3.47866443 -3.08713882 -2.77243817 
1.51991108e+01 -3.96090861 -3.78879300 -3.47866443 -3.08713882 -2.77243817 
1.23284674e+01 -3.96090861 -3.78879300 -3.47866443 -3.08713882 -2.77243817 
1.00000000e+01 -3.96090861 -3.78879300 -3.47866443 -3.08713882 -2.77243817 
8.11130831e+00 -3.96090861 -3.78879300 -3.47866443 -3.08713882 -2.77243817 
6.57933225e+00 -3.96090861 -3.78879300 -3.47866443 -3.08713882 -2.77243817 
5.33669923e+00 -3.96090861 -3.78879300 -3.47866443 -3.08713882 -2.77243817 
4.32876128e+00 -3.96090861 -3.78879300 -3.47866443 -3.08713882 -2.77243817 
3.51119173e+00 -3.96090861 -3.78879300 -3.47866443 -3.08713882 -2.77243817 
2.84803587e+00 -3.96090861 -3.78879300 -3.47866443 -3.08713882 -2.77243817 
2.31012970e+00 -3.96090861 -3.78879300 -3.47866443 -3.08713882 -2.77243817 
1.87381742e+00 -3.96090861 -3.78879300 -3.47866443 -3.08713882 -2.77243817 
1.51991108e+00 -3.96090861 -3.78879300 -3.47866443 -3.08713882 -2.77243817 
1.23284674e+00 -3.96090861 -3.78879300 -3.47866443 -3.08713882 -2.77243817 
1.00000000e+00 -3.96090861 -3.78879300 -3.47866443 -3.08713882 -2.77243817 
8.11130831e-01 -3.96090861 -3.78879300 -3.47866443 -3.08713882 -2.77243817 
6.57933225e-01 -3.96090861 -3.78879300 -3.47866443 -3.08713882 -2.77243817 
5.33669923e-01 -3.96090861 -3.78879300 -3.47866443 -3.08713882 -2.77243817 
4.32876128e-01 -3.96090861 -3.78879300 -3.47866443 -3.08713882 -2.77243817 
3.51119173e-01 -3.96090861 -3.78879300 -3.47866443 -3.08713882 -2.77243817 
2.84803587e-01 -3.96090861 -3.78879300 -3.47866443 -3.08713882 -2.77243817 
2.31012970e-01 -3.96090861 -3.78879300 -3.47866443 -3.08713882 -2.77243817 
1.87381742e-01 -3.96090861 -3.78879300 -3.47866443 -3.08713882 -2.77243817 
1.51991108e-01 -3.96090861 -3.78879300 -3.47866443 -3.08713882 -2.77243817 
1.23284674e-01 -3.96090861 -3.78879300 -3.47866443 -3.08713882 -2.77243817 
1.00000000e-01 -3.96090861 -3.78879300 -3.47866443 -3.08713882 -2.77243817 
8.11130831e-02 -3.96090861 -3.78879300 -3.47866443 -3.08713882 -2.77243817 
6.57933225e-02 -3.96090861 -3.78879300 -3.47866443 -3.08713882 -2.77243817 
5.33669923e-02 -3.96090861 -3.78879300 -3.47866443 -3.08713882 -2.77243817 
4.32876128e-02 -3.96090861 -3.78879300 -3.47866443 -3.08713882 -2.77243817 
3.51119173e-02 -3.96090861 -3.78879300 -3.47866443 -3.08713882 -2.77243817 
2.84803587e-02 -3.96090861 -3.78879300 -3.47866443 -3.08713882 -2.77243817 
2.31012970e-02 -3.96090861 -3.78879300 -3.47866443 -3.08713882 -2.77243817 
1.87381742e-02 -3.96090861 -3.78879300 -3.47866443 -3.08713882 -2.77243817 
1.51991108e-02 -3.96090861 -3.78879300 -3.47866443 -3.08713882 -2.77243817 
1.23284674e-02 -3.96090861 -3.78879300 -3.47866443 -3.08713882 -2.77243817 
1.00000000e-02 -3.96090861 -3.78879300 -3.47866443 -3.08713882 -2.77243817 
8.11130831e-03 -3.96090861 -3.78879300 -3.47866443 -3.08713882 -2.77243817 
6.57933225e-03 -3.96090861 -3.78879300 -3.47866443 -3.08713882 -2.77243817 
5.33669923e-03 -3.96090861 -3.78879300 -3.47866443 -3.08713882 -2.77243817 
4.32876128e-03 -3.96090861 -3.78879300 -3.47866443 -3.08713882 -2.77243817 
3.51119173e-03 -3.96090861 -3.78879300 -3.47866443 -3.08713882 -2.77243817 
2.84803587e-03 -3.96090861 -3.78879300 -3.47866443 -3.08713882 -2.77243817 
2.31012970e-03 -3.96090861 -3.78879300 -3.47866443 -3.08713882 -2.77243817 
1.87381742e-03 -3.96090861 -3.78879300 -3.47866443 -3.08713882 -2.77243817 
1.51991108e-03 -3.96090861 -3.78879300 -3.47866443 -3.08713882 -2.77243817 
1.23284674e-03 -3.96090861 -3.78879300 -3.47866443 -3.08713882 -2.77243817 
1.00000000e-03 -3.96090861 -3.78879300 -3.47866443 -3.08713882 -2.77243817 
8.11130831e-04 -3.96090861 -3.78879300 -3.47866443 -3.08713882 -2.77243817 
6.57933225e-04 -3.96090861 -3.78879300 -3.47866443 -3.08713882 -2.77243817 
5.33669923e-04 -3.96090861 -3.78879300 -3.47866443 -3.08713882 -2.77243817 
4.32876128e-04 -3.96090861 -3.78879300 -3.47866443 -3.08713882 -2.77243817 
3.51119173e-04 -3.96090861 -3.78879300 -3.47866443 -3.08713882 -2.77243817 
2.84803587e-04 -3.96090861 -3.78879300 -3.47866443 -3.08713882 -2.77243817 
2.31012970e-04 -3.96090861 -3.78879300 -3.47866443 -3.08713882 -2.77243817 
1.87381742e-04 -3.96090861 -3.78879300 -3.47866443 -3.08713882 -2.77243817 
1.51991108e-04 -3.96090861 -3.78879300 -3.47866443 -3.08713882 -2.77243817 
1.23284674e-04 -3.96090861 -3.78879300 -3.47866443 -3.08713882 -2.77243817 
1.00000000e-04 -3.96090861 -3.78879300 -3.47866443 -3.08713882 -2.77243817 
8.11130831e-05 -3.96090861 -3.78879300 -3.47866443 -3.08713882 -2.77243817 
6.57933225e-05 -3.96090861 -3.78879300 -3.47866443 -3.08713882 -2.77243817 
5.33669923e-05 -3.96090861 -3.78879300 -3.47866443 -3.08713882 -2.77243817 
4.32876128e-05 -3.96090861 -3.78879300 -3.47866443 -3.08713882 -2.77243817 
3.51119173e-05 -3.96090861 -3.78879300 -3.47866443 -3.08713882 -2.77243817 
2.84803587e-05 -3.96090861 -3.78879300 -3.47866443 -3.08713882 -2.77243817 
2.31012970e-05 -3.96090861 -3.78879300 -3.47866443 -3.08713882 -2.77243817 
1.87381742e-05 -3.96090861 -3.78879300 -3.47866443 -3.08713882 -2.77243817 
1.51991108e-05 -3.96090861 -3.78879300 -3.47866443 -3.08713882 -2.77243817 
1.23284674e-05 -3.96090861 -3.78879300 -3.47866443 -3.08713882 -2.77243817 
1.00000000e-05 -3.96090861 -3.78879300 -3.47866443 -3.08713882 -2.77243817 
8.11130831e-06 -3.96090861 -3.78879300 -3.47866443 -3.08713882 -2.77243817 
6.57933225e-06 -3.96090861 -3.78879300 -3.47866443 -3.08713882 -2.77243817 
5.33669923e-06 -3.96090861 -3.78879300 -3.47866443 -3.08713882 -2.77243817 
4.32876128e-06 -3.96090861 -3.78879300 -3.47866443 -3.08713882 -2.77243817 
3.51119173e-06 -3.96090861 -3.78879300 -3.47866443 -3.08713882 -2.77243817 
2.84803587e-06 -3.96090861 -3.78879300 -3.47866443 -3.08713882 -2.77243817 
2.31012970e-06 -3.96090861 -3.78879300 -3.47866443 -3.08713882 -2.77243817 
1.87381742e-06 -3.96090861 -3.78879300 -3.47866443 -3.08713882 -2.77243817 
1.51991108e-06 -3.96090861 -3.78879300 -3.47866443 -3.08713882 -2.77243817 
1.23284674e-06 -3.96090861 -3.78879300 -3.47866443 -3.08713882 -2.77243817 
1.00000000e-06 -3.96090861 -3.78879300 -3.47866443 -3.08713882 -2.77243817 
8.11130831e-07 -3.96090861 -3.78879300 -3.47866443 -3.08713882 -2.77243817 
6.57933225e-07 -3.96090861 -3.78879300 -3.47866443 -3.08713882 -2.77243817 
5.33669923e-07 -3.96090861 -3.78879300 -3.47866443 -3.08713882 -2.77243817 
4.32876128e-07 -3.96090861 -3.78879300 -3.47866443 -3.08713882 -2.77243817 
3.51119173e-07 -3.96090861 -3.78879300 -3.47866443 -3.08713882 -2.77243817 
2.84803587e-07 -3.96090861 -3.78879300 -3.47866443 -3.08713882 -2.77243817 
2.31012970e-07 -3.96090861 -3.78879300 -3.47866443 -3.08713882 -2.77243817 
1.87381742e-07 -3.96090861 -3.78879300 -3.47866443 -3.08713882 -2.77243817 
1.51991108e-07 -3.96090861 -3.78879300 -3.47866443 -3.08713882 -2.77243817 
1.23284674e-07 -3.96090861 -3.78879300 -3.47866443 -3.08713882 -2.77243817 
1.00000000e-07 -3.96090861 -3.78879300 -3.47866443 -3.08713882 -2.77243817 
P (bar) | log_H2S: -2σ | log_H2S: -1σ | log_H2S: median | log_H2S: +1σ | log_H2S: +2σ 
1.00000000e+02 -5.15104431 -4.51350327 -3.94101714 -3.56072900 -3.29052279 
8.11130831e+01 -5.15104431 -4.51350327 -3.94101714 -3.56072900 -3.29052279 
6.57933225e+01 -5.15104431 -4.51350327 -3.94101714 -3.56072900 -3.29052279 
5.33669923e+01 -5.15104431 -4.51350327 -3.94101714 -3.56072900 -3.29052279 
4.32876128e+01 -5.15104431 -4.51350327 -3.94101714 -3.56072900 -3.29052279 
3.51119173e+01 -5.15104431 -4.51350327 -3.94101714 -3.56072900 -3.29052279 
2.84803587e+01 -5.15104431 -4.51350327 -3.94101714 -3.56072900 -3.29052279 
2.31012970e+01 -5.15104431 -4.51350327 -3.94101714 -3.56072900 -3.29052279 
1.87381742e+01 -5.15104431 -4.51350327 -3.94101714 -3.56072900 -3.29052279 
1.51991108e+01 -5.15104431 -4.51350327 -3.94101714 -3.56072900 -3.29052279 
1.23284674e+01 -5.15104431 -4.51350327 -3.94101714 -3.56072900 -3.29052279 
1.00000000e+01 -5.15104431 -4.51350327 -3.94101714 -3.56072900 -3.29052279 
8.11130831e+00 -5.15104431 -4.51350327 -3.94101714 -3.56072900 -3.29052279 
6.57933225e+00 -5.15104431 -4.51350327 -3.94101714 -3.56072900 -3.29052279 
5.33669923e+00 -5.15104431 -4.51350327 -3.94101714 -3.56072900 -3.29052279 
4.32876128e+00 -5.15104431 -4.51350327 -3.94101714 -3.56072900 -3.29052279 
3.51119173e+00 -5.15104431 -4.51350327 -3.94101714 -3.56072900 -3.29052279 
2.84803587e+00 -5.15104431 -4.51350327 -3.94101714 -3.56072900 -3.29052279 
2.31012970e+00 -5.15104431 -4.51350327 -3.94101714 -3.56072900 -3.29052279 
1.87381742e+00 -5.15104431 -4.51350327 -3.94101714 -3.56072900 -3.29052279 
1.51991108e+00 -5.15104431 -4.51350327 -3.94101714 -3.56072900 -3.29052279 
1.23284674e+00 -5.15104431 -4.51350327 -3.94101714 -3.56072900 -3.29052279 
1.00000000e+00 -5.15104431 -4.51350327 -3.94101714 -3.56072900 -3.29052279 
8.11130831e-01 -5.15104431 -4.51350327 -3.94101714 -3.56072900 -3.29052279 
6.57933225e-01 -5.15104431 -4.51350327 -3.94101714 -3.56072900 -3.29052279 
5.33669923e-01 -5.15104431 -4.51350327 -3.94101714 -3.56072900 -3.29052279 
4.32876128e-01 -5.15104431 -4.51350327 -3.94101714 -3.56072900 -3.29052279 
3.51119173e-01 -5.15104431 -4.51350327 -3.94101714 -3.56072900 -3.29052279 
2.84803587e-01 -5.15104431 -4.51350327 -3.94101714 -3.56072900 -3.29052279 
2.31012970e-01 -5.15104431 -4.51350327 -3.94101714 -3.56072900 -3.29052279 
1.87381742e-01 -5.15104431 -4.51350327 -3.94101714 -3.56072900 -3.29052279 
1.51991108e-01 -5.15104431 -4.51350327 -3.94101714 -3.56072900 -3.29052279 
1.23284674e-01 -5.15104431 -4.51350327 -3.94101714 -3.56072900 -3.29052279 
1.00000000e-01 -5.15104431 -4.51350327 -3.94101714 -3.56072900 -3.29052279 
8.11130831e-02 -5.15104431 -4.51350327 -3.94101714 -3.56072900 -3.29052279 
6.57933225e-02 -5.15104431 -4.51350327 -3.94101714 -3.56072900 -3.29052279 
5.33669923e-02 -5.15104431 -4.51350327 -3.94101714 -3.56072900 -3.29052279 
4.32876128e-02 -5.15104431 -4.51350327 -3.94101714 -3.56072900 -3.29052279 
3.51119173e-02 -5.15104431 -4.51350327 -3.94101714 -3.56072900 -3.29052279 
2.84803587e-02 -5.15104431 -4.51350327 -3.94101714 -3.56072900 -3.29052279 
2.31012970e-02 -5.15104431 -4.51350327 -3.94101714 -3.56072900 -3.29052279 
1.87381742e-02 -5.15104431 -4.51350327 -3.94101714 -3.56072900 -3.29052279 
1.51991108e-02 -5.15104431 -4.51350327 -3.94101714 -3.56072900 -3.29052279 
1.23284674e-02 -5.15104431 -4.51350327 -3.94101714 -3.56072900 -3.29052279 
1.00000000e-02 -5.15104431 -4.51350327 -3.94101714 -3.56072900 -3.29052279 
8.11130831e-03 -5.15104431 -4.51350327 -3.94101714 -3.56072900 -3.29052279 
6.57933225e-03 -5.15104431 -4.51350327 -3.94101714 -3.56072900 -3.29052279 
5.33669923e-03 -5.15104431 -4.51350327 -3.94101714 -3.56072900 -3.29052279 
4.32876128e-03 -5.15104431 -4.51350327 -3.94101714 -3.56072900 -3.29052279 
3.51119173e-03 -5.15104431 -4.51350327 -3.94101714 -3.56072900 -3.29052279 
2.84803587e-03 -5.15104431 -4.51350327 -3.94101714 -3.56072900 -3.29052279 
2.31012970e-03 -5.15104431 -4.51350327 -3.94101714 -3.56072900 -3.29052279 
1.87381742e-03 -5.15104431 -4.51350327 -3.94101714 -3.56072900 -3.29052279 
1.51991108e-03 -5.15104431 -4.51350327 -3.94101714 -3.56072900 -3.29052279 
1.23284674e-03 -5.15104431 -4.51350327 -3.94101714 -3.56072900 -3.29052279 
1.00000000e-03 -5.15104431 -4.51350327 -3.94101714 -3.56072900 -3.29052279 
8.11130831e-04 -5.15104431 -4.51350327 -3.94101714 -3.56072900 -3.29052279 
6.57933225e-04 -5.15104431 -4.51350327 -3.94101714 -3.56072900 -3.29052279 
5.33669923e-04 -5.15104431 -4.51350327 -3.94101714 -3.56072900 -3.29052279 
4.32876128e-04 -5.15104431 -4.51350327 -3.94101714 -3.56072900 -3.29052279 
3.51119173e-04 -5.15104431 -4.51350327 -3.94101714 -3.56072900 -3.29052279 
2.84803587e-04 -5.15104431 -4.51350327 -3.94101714 -3.56072900 -3.29052279 
2.31012970e-04 -5.15104431 -4.51350327 -3.94101714 -3.56072900 -3.29052279 
1.87381742e-04 -5.15104431 -4.51350327 -3.94101714 -3.56072900 -3.29052279 
1.51991108e-04 -5.15104431 -4.51350327 -3.94101714 -3.56072900 -3.29052279 
1.23284674e-04 -5.15104431 -4.51350327 -3.94101714 -3.56072900 -3.29052279 
1.00000000e-04 -5.15104431 -4.51350327 -3.94101714 -3.56072900 -3.29052279 
8.11130831e-05 -5.15104431 -4.51350327 -3.94101714 -3.56072900 -3.29052279 
6.57933225e-05 -5.15104431 -4.51350327 -3.94101714 -3.56072900 -3.29052279 
5.33669923e-05 -5.15104431 -4.51350327 -3.94101714 -3.56072900 -3.29052279 
4.32876128e-05 -5.15104431 -4.51350327 -3.94101714 -3.56072900 -3.29052279 
3.51119173e-05 -5.15104431 -4.51350327 -3.94101714 -3.56072900 -3.29052279 
2.84803587e-05 -5.15104431 -4.51350327 -3.94101714 -3.56072900 -3.29052279 
2.31012970e-05 -5.15104431 -4.51350327 -3.94101714 -3.56072900 -3.29052279 
1.87381742e-05 -5.15104431 -4.51350327 -3.94101714 -3.56072900 -3.29052279 
1.51991108e-05 -5.15104431 -4.51350327 -3.94101714 -3.56072900 -3.29052279 
1.23284674e-05 -5.15104431 -4.51350327 -3.94101714 -3.56072900 -3.29052279 
1.00000000e-05 -5.15104431 -4.51350327 -3.94101714 -3.56072900 -3.29052279 
8.11130831e-06 -5.15104431 -4.51350327 -3.94101714 -3.56072900 -3.29052279 
6.57933225e-06 -5.15104431 -4.51350327 -3.94101714 -3.56072900 -3.29052279 
5.33669923e-06 -5.15104431 -4.51350327 -3.94101714 -3.56072900 -3.29052279 
4.32876128e-06 -5.15104431 -4.51350327 -3.94101714 -3.56072900 -3.29052279 
3.51119173e-06 -5.15104431 -4.51350327 -3.94101714 -3.56072900 -3.29052279 
2.84803587e-06 -5.15104431 -4.51350327 -3.94101714 -3.56072900 -3.29052279 
2.31012970e-06 -5.15104431 -4.51350327 -3.94101714 -3.56072900 -3.29052279 
1.87381742e-06 -5.15104431 -4.51350327 -3.94101714 -3.56072900 -3.29052279 
1.51991108e-06 -5.15104431 -4.51350327 -3.94101714 -3.56072900 -3.29052279 
1.23284674e-06 -5.15104431 -4.51350327 -3.94101714 -3.56072900 -3.29052279 
1.00000000e-06 -5.15104431 -4.51350327 -3.94101714 -3.56072900 -3.29052279 
8.11130831e-07 -5.15104431 -4.51350327 -3.94101714 -3.56072900 -3.29052279 
6.57933225e-07 -5.15104431 -4.51350327 -3.94101714 -3.56072900 -3.29052279 
5.33669923e-07 -5.15104431 -4.51350327 -3.94101714 -3.56072900 -3.29052279 
4.32876128e-07 -5.15104431 -4.51350327 -3.94101714 -3.56072900 -3.29052279 
3.51119173e-07 -5.15104431 -4.51350327 -3.94101714 -3.56072900 -3.29052279 
2.84803587e-07 -5.15104431 -4.51350327 -3.94101714 -3.56072900 -3.29052279 
2.31012970e-07 -5.15104431 -4.51350327 -3.94101714 -3.56072900 -3.29052279 
1.87381742e-07 -5.15104431 -4.51350327 -3.94101714 -3.56072900 -3.29052279 
1.51991108e-07 -5.15104431 -4.51350327 -3.94101714 -3.56072900 -3.29052279 
1.23284674e-07 -5.15104431 -4.51350327 -3.94101714 -3.56072900 -3.29052279 
1.00000000e-07 -5.15104431 -4.51350327 -3.94101714 -3.56072900 -3.29052279 
P (bar) | log_NH3: -2σ | log_NH3: -1σ | log_NH3: median | log_NH3: +1σ | log_NH3: +2σ 
1.00000000e+02 -7.81285510 -7.28497925 -6.34029236 -5.71923084 -5.29164094 
8.11130831e+01 -7.81285510 -7.28497925 -6.34029236 -5.71923084 -5.29164094 
6.57933225e+01 -7.81285510 -7.28497925 -6.34029236 -5.71923084 -5.29164094 
5.33669923e+01 -7.81285510 -7.28497925 -6.34029236 -5.71923084 -5.29164094 
4.32876128e+01 -7.81285510 -7.28497925 -6.34029236 -5.71923084 -5.29164094 
3.51119173e+01 -7.81285510 -7.28497925 -6.34029236 -5.71923084 -5.29164094 
2.84803587e+01 -7.81285510 -7.28497925 -6.34029236 -5.71923084 -5.29164094 
2.31012970e+01 -7.81285510 -7.28497925 -6.34029236 -5.71923084 -5.29164094 
1.87381742e+01 -7.81285510 -7.28497925 -6.34029236 -5.71923084 -5.29164094 
1.51991108e+01 -7.81285510 -7.28497925 -6.34029236 -5.71923084 -5.29164094 
1.23284674e+01 -7.81285510 -7.28497925 -6.34029236 -5.71923084 -5.29164094 
1.00000000e+01 -7.81285510 -7.28497925 -6.34029236 -5.71923084 -5.29164094 
8.11130831e+00 -7.81285510 -7.28497925 -6.34029236 -5.71923084 -5.29164094 
6.57933225e+00 -7.81285510 -7.28497925 -6.34029236 -5.71923084 -5.29164094 
5.33669923e+00 -7.81285510 -7.28497925 -6.34029236 -5.71923084 -5.29164094 
4.32876128e+00 -7.81285510 -7.28497925 -6.34029236 -5.71923084 -5.29164094 
3.51119173e+00 -7.81285510 -7.28497925 -6.34029236 -5.71923084 -5.29164094 
2.84803587e+00 -7.81285510 -7.28497925 -6.34029236 -5.71923084 -5.29164094 
2.31012970e+00 -7.81285510 -7.28497925 -6.34029236 -5.71923084 -5.29164094 
1.87381742e+00 -7.81285510 -7.28497925 -6.34029236 -5.71923084 -5.29164094 
1.51991108e+00 -7.81285510 -7.28497925 -6.34029236 -5.71923084 -5.29164094 
1.23284674e+00 -7.81285510 -7.28497925 -6.34029236 -5.71923084 -5.29164094 
1.00000000e+00 -7.81285510 -7.28497925 -6.34029236 -5.71923084 -5.29164094 
8.11130831e-01 -7.81285510 -7.28497925 -6.34029236 -5.71923084 -5.29164094 
6.57933225e-01 -7.81285510 -7.28497925 -6.34029236 -5.71923084 -5.29164094 
5.33669923e-01 -7.81285510 -7.28497925 -6.34029236 -5.71923084 -5.29164094 
4.32876128e-01 -7.81285510 -7.28497925 -6.34029236 -5.71923084 -5.29164094 
3.51119173e-01 -7.81285510 -7.28497925 -6.34029236 -5.71923084 -5.29164094 
2.84803587e-01 -7.81285510 -7.28497925 -6.34029236 -5.71923084 -5.29164094 
2.31012970e-01 -7.81285510 -7.28497925 -6.34029236 -5.71923084 -5.29164094 
1.87381742e-01 -7.81285510 -7.28497925 -6.34029236 -5.71923084 -5.29164094 
1.51991108e-01 -7.81285510 -7.28497925 -6.34029236 -5.71923084 -5.29164094 
1.23284674e-01 -7.81285510 -7.28497925 -6.34029236 -5.71923084 -5.29164094 
1.00000000e-01 -7.81285510 -7.28497925 -6.34029236 -5.71923084 -5.29164094 
8.11130831e-02 -7.81285510 -7.28497925 -6.34029236 -5.71923084 -5.29164094 
6.57933225e-02 -7.81285510 -7.28497925 -6.34029236 -5.71923084 -5.29164094 
5.33669923e-02 -7.81285510 -7.28497925 -6.34029236 -5.71923084 -5.29164094 
4.32876128e-02 -7.81285510 -7.28497925 -6.34029236 -5.71923084 -5.29164094 
3.51119173e-02 -7.81285510 -7.28497925 -6.34029236 -5.71923084 -5.29164094 
2.84803587e-02 -7.81285510 -7.28497925 -6.34029236 -5.71923084 -5.29164094 
2.31012970e-02 -7.81285510 -7.28497925 -6.34029236 -5.71923084 -5.29164094 
1.87381742e-02 -7.81285510 -7.28497925 -6.34029236 -5.71923084 -5.29164094 
1.51991108e-02 -7.81285510 -7.28497925 -6.34029236 -5.71923084 -5.29164094 
1.23284674e-02 -7.81285510 -7.28497925 -6.34029236 -5.71923084 -5.29164094 
1.00000000e-02 -7.81285510 -7.28497925 -6.34029236 -5.71923084 -5.29164094 
8.11130831e-03 -7.81285510 -7.28497925 -6.34029236 -5.71923084 -5.29164094 
6.57933225e-03 -7.81285510 -7.28497925 -6.34029236 -5.71923084 -5.29164094 
5.33669923e-03 -7.81285510 -7.28497925 -6.34029236 -5.71923084 -5.29164094 
4.32876128e-03 -7.81285510 -7.28497925 -6.34029236 -5.71923084 -5.29164094 
3.51119173e-03 -7.81285510 -7.28497925 -6.34029236 -5.71923084 -5.29164094 
2.84803587e-03 -7.81285510 -7.28497925 -6.34029236 -5.71923084 -5.29164094 
2.31012970e-03 -7.81285510 -7.28497925 -6.34029236 -5.71923084 -5.29164094 
1.87381742e-03 -7.81285510 -7.28497925 -6.34029236 -5.71923084 -5.29164094 
1.51991108e-03 -7.81285510 -7.28497925 -6.34029236 -5.71923084 -5.29164094 
1.23284674e-03 -7.81285510 -7.28497925 -6.34029236 -5.71923084 -5.29164094 
1.00000000e-03 -7.81285510 -7.28497925 -6.34029236 -5.71923084 -5.29164094 
8.11130831e-04 -7.81285510 -7.28497925 -6.34029236 -5.71923084 -5.29164094 
6.57933225e-04 -7.81285510 -7.28497925 -6.34029236 -5.71923084 -5.29164094 
5.33669923e-04 -7.81285510 -7.28497925 -6.34029236 -5.71923084 -5.29164094 
4.32876128e-04 -7.81285510 -7.28497925 -6.34029236 -5.71923084 -5.29164094 
3.51119173e-04 -7.81285510 -7.28497925 -6.34029236 -5.71923084 -5.29164094 
2.84803587e-04 -7.81285510 -7.28497925 -6.34029236 -5.71923084 -5.29164094 
2.31012970e-04 -7.81285510 -7.28497925 -6.34029236 -5.71923084 -5.29164094 
1.87381742e-04 -7.81285510 -7.28497925 -6.34029236 -5.71923084 -5.29164094 
1.51991108e-04 -7.81285510 -7.28497925 -6.34029236 -5.71923084 -5.29164094 
1.23284674e-04 -7.81285510 -7.28497925 -6.34029236 -5.71923084 -5.29164094 
1.00000000e-04 -7.81285510 -7.28497925 -6.34029236 -5.71923084 -5.29164094 
8.11130831e-05 -7.81285510 -7.28497925 -6.34029236 -5.71923084 -5.29164094 
6.57933225e-05 -7.81285510 -7.28497925 -6.34029236 -5.71923084 -5.29164094 
5.33669923e-05 -7.81285510 -7.28497925 -6.34029236 -5.71923084 -5.29164094 
4.32876128e-05 -7.81285510 -7.28497925 -6.34029236 -5.71923084 -5.29164094 
3.51119173e-05 -7.81285510 -7.28497925 -6.34029236 -5.71923084 -5.29164094 
2.84803587e-05 -7.81285510 -7.28497925 -6.34029236 -5.71923084 -5.29164094 
2.31012970e-05 -7.81285510 -7.28497925 -6.34029236 -5.71923084 -5.29164094 
1.87381742e-05 -7.81285510 -7.28497925 -6.34029236 -5.71923084 -5.29164094 
1.51991108e-05 -7.81285510 -7.28497925 -6.34029236 -5.71923084 -5.29164094 
1.23284674e-05 -7.81285510 -7.28497925 -6.34029236 -5.71923084 -5.29164094 
1.00000000e-05 -7.81285510 -7.28497925 -6.34029236 -5.71923084 -5.29164094 
8.11130831e-06 -7.81285510 -7.28497925 -6.34029236 -5.71923084 -5.29164094 
6.57933225e-06 -7.81285510 -7.28497925 -6.34029236 -5.71923084 -5.29164094 
5.33669923e-06 -7.81285510 -7.28497925 -6.34029236 -5.71923084 -5.29164094 
4.32876128e-06 -7.81285510 -7.28497925 -6.34029236 -5.71923084 -5.29164094 
3.51119173e-06 -7.81285510 -7.28497925 -6.34029236 -5.71923084 -5.29164094 
2.84803587e-06 -7.81285510 -7.28497925 -6.34029236 -5.71923084 -5.29164094 
2.31012970e-06 -7.81285510 -7.28497925 -6.34029236 -5.71923084 -5.29164094 
1.87381742e-06 -7.81285510 -7.28497925 -6.34029236 -5.71923084 -5.29164094 
1.51991108e-06 -7.81285510 -7.28497925 -6.34029236 -5.71923084 -5.29164094 
1.23284674e-06 -7.81285510 -7.28497925 -6.34029236 -5.71923084 -5.29164094 
1.00000000e-06 -7.81285510 -7.28497925 -6.34029236 -5.71923084 -5.29164094 
8.11130831e-07 -7.81285510 -7.28497925 -6.34029236 -5.71923084 -5.29164094 
6.57933225e-07 -7.81285510 -7.28497925 -6.34029236 -5.71923084 -5.29164094 
5.33669923e-07 -7.81285510 -7.28497925 -6.34029236 -5.71923084 -5.29164094 
4.32876128e-07 -7.81285510 -7.28497925 -6.34029236 -5.71923084 -5.29164094 
3.51119173e-07 -7.81285510 -7.28497925 -6.34029236 -5.71923084 -5.29164094 
2.84803587e-07 -7.81285510 -7.28497925 -6.34029236 -5.71923084 -5.29164094 
2.31012970e-07 -7.81285510 -7.28497925 -6.34029236 -5.71923084 -5.29164094 
1.87381742e-07 -7.81285510 -7.28497925 -6.34029236 -5.71923084 -5.29164094 
1.51991108e-07 -7.81285510 -7.28497925 -6.34029236 -5.71923084 -5.29164094 
1.23284674e-07 -7.81285510 -7.28497925 -6.34029236 -5.71923084 -5.29164094 
1.00000000e-07 -7.81285510 -7.28497925 -6.34029236 -5.71923084 -5.29164094 
P (bar) | log_CH4: -2σ | log_CH4: -1σ | log_CH4: median | log_CH4: +1σ | log_CH4: +2σ 
1.00000000e+02 -6.70771186 -6.36478895 -6.07743054 -5.83414675 -5.64797025 
8.11130831e+01 -6.70771186 -6.36478895 -6.07743054 -5.83414675 -5.64797025 
6.57933225e+01 -6.70771186 -6.36478895 -6.07743054 -5.83414675 -5.64797025 
5.33669923e+01 -6.70771186 -6.36478895 -6.07743054 -5.83414675 -5.64797025 
4.32876128e+01 -6.70771186 -6.36478895 -6.07743054 -5.83414675 -5.64797025 
3.51119173e+01 -6.70771186 -6.36478895 -6.07743054 -5.83414675 -5.64797025 
2.84803587e+01 -6.70771186 -6.36478895 -6.07743054 -5.83414675 -5.64797025 
2.31012970e+01 -6.70771186 -6.36478895 -6.07743054 -5.83414675 -5.64797025 
1.87381742e+01 -6.70771186 -6.36478895 -6.07743054 -5.83414675 -5.64797025 
1.51991108e+01 -6.70771186 -6.36478895 -6.07743054 -5.83414675 -5.64797025 
1.23284674e+01 -6.70771186 -6.36478895 -6.07743054 -5.83414675 -5.64797025 
1.00000000e+01 -6.70771186 -6.36478895 -6.07743054 -5.83414675 -5.64797025 
8.11130831e+00 -6.70771186 -6.36478895 -6.07743054 -5.83414675 -5.64797025 
6.57933225e+00 -6.70771186 -6.36478895 -6.07743054 -5.83414675 -5.64797025 
5.33669923e+00 -6.70771186 -6.36478895 -6.07743054 -5.83414675 -5.64797025 
4.32876128e+00 -6.70771186 -6.36478895 -6.07743054 -5.83414675 -5.64797025 
3.51119173e+00 -6.70771186 -6.36478895 -6.07743054 -5.83414675 -5.64797025 
2.84803587e+00 -6.70771186 -6.36478895 -6.07743054 -5.83414675 -5.64797025 
2.31012970e+00 -6.70771186 -6.36478895 -6.07743054 -5.83414675 -5.64797025 
1.87381742e+00 -6.70771186 -6.36478895 -6.07743054 -5.83414675 -5.64797025 
1.51991108e+00 -6.70771186 -6.36478895 -6.07743054 -5.83414675 -5.64797025 
1.23284674e+00 -6.70771186 -6.36478895 -6.07743054 -5.83414675 -5.64797025 
1.00000000e+00 -6.70771186 -6.36478895 -6.07743054 -5.83414675 -5.64797025 
8.11130831e-01 -6.70771186 -6.36478895 -6.07743054 -5.83414675 -5.64797025 
6.57933225e-01 -6.70771186 -6.36478895 -6.07743054 -5.83414675 -5.64797025 
5.33669923e-01 -6.70771186 -6.36478895 -6.07743054 -5.83414675 -5.64797025 
4.32876128e-01 -6.70771186 -6.36478895 -6.07743054 -5.83414675 -5.64797025 
3.51119173e-01 -6.70771186 -6.36478895 -6.07743054 -5.83414675 -5.64797025 
2.84803587e-01 -6.70771186 -6.36478895 -6.07743054 -5.83414675 -5.64797025 
2.31012970e-01 -6.70771186 -6.36478895 -6.07743054 -5.83414675 -5.64797025 
1.87381742e-01 -6.70771186 -6.36478895 -6.07743054 -5.83414675 -5.64797025 
1.51991108e-01 -6.70771186 -6.36478895 -6.07743054 -5.83414675 -5.64797025 
1.23284674e-01 -6.70771186 -6.36478895 -6.07743054 -5.83414675 -5.64797025 
1.00000000e-01 -6.70771186 -6.36478895 -6.07743054 -5.83414675 -5.64797025 
8.11130831e-02 -6.70771186 -6.36478895 -6.07743054 -5.83414675 -5.64797025 
6.57933225e-02 -6.70771186 -6.36478895 -6.07743054 -5.83414675 -5.64797025 
5.33669923e-02 -6.70771186 -6.36478895 -6.07743054 -5.83414675 -5.64797025 
4.32876128e-02 -6.70771186 -6.36478895 -6.07743054 -5.83414675 -5.64797025 
3.51119173e-02 -6.70771186 -6.36478895 -6.07743054 -5.83414675 -5.64797025 
2.84803587e-02 -6.70771186 -6.36478895 -6.07743054 -5.83414675 -5.64797025 
2.31012970e-02 -6.70771186 -6.36478895 -6.07743054 -5.83414675 -5.64797025 
1.87381742e-02 -6.70771186 -6.36478895 -6.07743054 -5.83414675 -5.64797025 
1.51991108e-02 -6.70771186 -6.36478895 -6.07743054 -5.83414675 -5.64797025 
1.23284674e-02 -6.70771186 -6.36478895 -6.07743054 -5.83414675 -5.64797025 
1.00000000e-02 -6.70771186 -6.36478895 -6.07743054 -5.83414675 -5.64797025 
8.11130831e-03 -6.70771186 -6.36478895 -6.07743054 -5.83414675 -5.64797025 
6.57933225e-03 -6.70771186 -6.36478895 -6.07743054 -5.83414675 -5.64797025 
5.33669923e-03 -6.70771186 -6.36478895 -6.07743054 -5.83414675 -5.64797025 
4.32876128e-03 -6.70771186 -6.36478895 -6.07743054 -5.83414675 -5.64797025 
3.51119173e-03 -6.70771186 -6.36478895 -6.07743054 -5.83414675 -5.64797025 
2.84803587e-03 -6.70771186 -6.36478895 -6.07743054 -5.83414675 -5.64797025 
2.31012970e-03 -6.70771186 -6.36478895 -6.07743054 -5.83414675 -5.64797025 
1.87381742e-03 -6.70771186 -6.36478895 -6.07743054 -5.83414675 -5.64797025 
1.51991108e-03 -6.70771186 -6.36478895 -6.07743054 -5.83414675 -5.64797025 
1.23284674e-03 -6.70771186 -6.36478895 -6.07743054 -5.83414675 -5.64797025 
1.00000000e-03 -6.70771186 -6.36478895 -6.07743054 -5.83414675 -5.64797025 
8.11130831e-04 -6.70771186 -6.36478895 -6.07743054 -5.83414675 -5.64797025 
6.57933225e-04 -6.70771186 -6.36478895 -6.07743054 -5.83414675 -5.64797025 
5.33669923e-04 -6.70771186 -6.36478895 -6.07743054 -5.83414675 -5.64797025 
4.32876128e-04 -6.70771186 -6.36478895 -6.07743054 -5.83414675 -5.64797025 
3.51119173e-04 -6.70771186 -6.36478895 -6.07743054 -5.83414675 -5.64797025 
2.84803587e-04 -6.70771186 -6.36478895 -6.07743054 -5.83414675 -5.64797025 
2.31012970e-04 -6.70771186 -6.36478895 -6.07743054 -5.83414675 -5.64797025 
1.87381742e-04 -6.70771186 -6.36478895 -6.07743054 -5.83414675 -5.64797025 
1.51991108e-04 -6.70771186 -6.36478895 -6.07743054 -5.83414675 -5.64797025 
1.23284674e-04 -6.70771186 -6.36478895 -6.07743054 -5.83414675 -5.64797025 
1.00000000e-04 -6.70771186 -6.36478895 -6.07743054 -5.83414675 -5.64797025 
8.11130831e-05 -6.70771186 -6.36478895 -6.07743054 -5.83414675 -5.64797025 
6.57933225e-05 -6.70771186 -6.36478895 -6.07743054 -5.83414675 -5.64797025 
5.33669923e-05 -6.70771186 -6.36478895 -6.07743054 -5.83414675 -5.64797025 
4.32876128e-05 -6.70771186 -6.36478895 -6.07743054 -5.83414675 -5.64797025 
3.51119173e-05 -6.70771186 -6.36478895 -6.07743054 -5.83414675 -5.64797025 
2.84803587e-05 -6.70771186 -6.36478895 -6.07743054 -5.83414675 -5.64797025 
2.31012970e-05 -6.70771186 -6.36478895 -6.07743054 -5.83414675 -5.64797025 
1.87381742e-05 -6.70771186 -6.36478895 -6.07743054 -5.83414675 -5.64797025 
1.51991108e-05 -6.70771186 -6.36478895 -6.07743054 -5.83414675 -5.64797025 
1.23284674e-05 -6.70771186 -6.36478895 -6.07743054 -5.83414675 -5.64797025 
1.00000000e-05 -6.70771186 -6.36478895 -6.07743054 -5.83414675 -5.64797025 
8.11130831e-06 -6.70771186 -6.36478895 -6.07743054 -5.83414675 -5.64797025 
6.57933225e-06 -6.70771186 -6.36478895 -6.07743054 -5.83414675 -5.64797025 
5.33669923e-06 -6.70771186 -6.36478895 -6.07743054 -5.83414675 -5.64797025 
4.32876128e-06 -6.70771186 -6.36478895 -6.07743054 -5.83414675 -5.64797025 
3.51119173e-06 -6.70771186 -6.36478895 -6.07743054 -5.83414675 -5.64797025 
2.84803587e-06 -6.70771186 -6.36478895 -6.07743054 -5.83414675 -5.64797025 
2.31012970e-06 -6.70771186 -6.36478895 -6.07743054 -5.83414675 -5.64797025 
1.87381742e-06 -6.70771186 -6.36478895 -6.07743054 -5.83414675 -5.64797025 
1.51991108e-06 -6.70771186 -6.36478895 -6.07743054 -5.83414675 -5.64797025 
1.23284674e-06 -6.70771186 -6.36478895 -6.07743054 -5.83414675 -5.64797025 
1.00000000e-06 -6.70771186 -6.36478895 -6.07743054 -5.83414675 -5.64797025 
8.11130831e-07 -6.70771186 -6.36478895 -6.07743054 -5.83414675 -5.64797025 
6.57933225e-07 -6.70771186 -6.36478895 -6.07743054 -5.83414675 -5.64797025 
5.33669923e-07 -6.70771186 -6.36478895 -6.07743054 -5.83414675 -5.64797025 
4.32876128e-07 -6.70771186 -6.36478895 -6.07743054 -5.83414675 -5.64797025 
3.51119173e-07 -6.70771186 -6.36478895 -6.07743054 -5.83414675 -5.64797025 
2.84803587e-07 -6.70771186 -6.36478895 -6.07743054 -5.83414675 -5.64797025 
2.31012970e-07 -6.70771186 -6.36478895 -6.07743054 -5.83414675 -5.64797025 
1.87381742e-07 -6.70771186 -6.36478895 -6.07743054 -5.83414675 -5.64797025 
1.51991108e-07 -6.70771186 -6.36478895 -6.07743054 -5.83414675 -5.64797025 
1.23284674e-07 -6.70771186 -6.36478895 -6.07743054 -5.83414675 -5.64797025 
1.00000000e-07 -6.70771186 -6.36478895 -6.07743054 -5.83414675 -5.64797025 
