Chemical species: H2 He H2O CO2 SO2
P (bar) | log_H2: -2σ | log_H2: -1σ | log_H2: median | log_H2: +1σ | log_H2: +2σ 
1.00000000e+02 -0.13867905 -0.13132899 -0.12488233 -0.11914834 -0.11401139 
8.11130831e+01 -0.13867905 -0.13132899 -0.12488233 -0.11914834 -0.11401139 
6.57933225e+01 -0.13867905 -0.13132899 -0.12488233 -0.11914834 -0.11401139 
5.33669923e+01 -0.13867905 -0.13132899 -0.12488233 -0.11914834 -0.11401139 
4.32876128e+01 -0.13867905 -0.13132899 -0.12488233 -0.11914834 -0.11401139 
3.51119173e+01 -0.13867905 -0.13132899 -0.12488233 -0.11914834 -0.11401139 
2.84803587e+01 -0.13867905 -0.13132899 -0.12488233 -0.11914834 -0.11401139 
2.31012970e+01 -0.13867905 -0.13132899 -0.12488233 -0.11914834 -0.11401139 
1.87381742e+01 -0.13867905 -0.13132899 -0.12488233 -0.11914834 -0.11401139 
1.51991108e+01 -0.13867905 -0.13132899 -0.12488233 -0.11914834 -0.11401139 
1.23284674e+01 -0.13867905 -0.13132899 -0.12488233 -0.11914834 -0.11401139 
1.00000000e+01 -0.13867905 -0.13132899 -0.12488233 -0.11914834 -0.11401139 
8.11130831e+00 -0.13867905 -0.13132899 -0.12488233 -0.11914834 -0.11401139 
6.57933225e+00 -0.13867905 -0.13132899 -0.12488233 -0.11914834 -0.11401139 
5.33669923e+00 -0.13867905 -0.13132899 -0.12488233 -0.11914834 -0.11401139 
4.32876128e+00 -0.13867905 -0.13132899 -0.12488233 -0.11914834 -0.11401139 
3.51119173e+00 -0.13867905 -0.13132899 -0.12488233 -0.11914834 -0.11401139 
2.84803587e+00 -0.13867905 -0.13132899 -0.12488233 -0.11914834 -0.11401139 
2.31012970e+00 -0.13867905 -0.13132899 -0.12488233 -0.11914834 -0.11401139 
1.87381742e+00 -0.13867905 -0.13132899 -0.12488233 -0.11914834 -0.11401139 
1.51991108e+00 -0.13867905 -0.13132899 -0.12488233 -0.11914834 -0.11401139 
1.23284674e+00 -0.13867905 -0.13132899 -0.12488233 -0.11914834 -0.11401139 
1.00000000e+00 -0.13867905 -0.13132899 -0.12488233 -0.11914834 -0.11401139 
8.11130831e-01 -0.13867905 -0.13132899 -0.12488233 -0.11914834 -0.11401139 
6.57933225e-01 -0.13867905 -0.13132899 -0.12488233 -0.11914834 -0.11401139 
5.33669923e-01 -0.13867905 -0.13132899 -0.12488233 -0.11914834 -0.11401139 
4.32876128e-01 -0.13867905 -0.13132899 -0.12488233 -0.11914834 -0.11401139 
3.51119173e-01 -0.13867905 -0.13132899 -0.12488233 -0.11914834 -0.11401139 
2.84803587e-01 -0.13867905 -0.13132899 -0.12488233 -0.11914834 -0.11401139 
2.31012970e-01 -0.13867905 -0.13132899 -0.12488233 -0.11914834 -0.11401139 
1.87381742e-01 -0.13867905 -0.13132899 -0.12488233 -0.11914834 -0.11401139 
1.51991108e-01 -0.13867905 -0.13132899 -0.12488233 -0.11914834 -0.11401139 
1.23284674e-01 -0.13867905 -0.13132899 -0.12488233 -0.11914834 -0.11401139 
1.00000000e-01 -0.13867905 -0.13132899 -0.12488233 -0.11914834 -0.11401139 
8.11130831e-02 -0.13867905 -0.13132899 -0.12488233 -0.11914834 -0.11401139 
6.57933225e-02 -0.13867905 -0.13132899 -0.12488233 -0.11914834 -0.11401139 
5.33669923e-02 -0.13867905 -0.13132899 -0.12488233 -0.11914834 -0.11401139 
4.32876128e-02 -0.13867905 -0.13132899 -0.12488233 -0.11914834 -0.11401139 
3.51119173e-02 -0.13867905 -0.13132899 -0.12488233 -0.11914834 -0.11401139 
2.84803587e-02 -0.13867905 -0.13132899 -0.12488233 -0.11914834 -0.11401139 
2.31012970e-02 -0.13867905 -0.13132899 -0.12488233 -0.11914834 -0.11401139 
1.87381742e-02 -0.13867905 -0.13132899 -0.12488233 -0.11914834 -0.11401139 
1.51991108e-02 -0.13867905 -0.13132899 -0.12488233 -0.11914834 -0.11401139 
1.23284674e-02 -0.13867905 -0.13132899 -0.12488233 -0.11914834 -0.11401139 
1.00000000e-02 -0.13867905 -0.13132899 -0.12488233 -0.11914834 -0.11401139 
8.11130831e-03 -0.13867905 -0.13132899 -0.12488233 -0.11914834 -0.11401139 
6.57933225e-03 -0.13867905 -0.13132899 -0.12488233 -0.11914834 -0.11401139 
5.33669923e-03 -0.13867905 -0.13132899 -0.12488233 -0.11914834 -0.11401139 
4.32876128e-03 -0.13867905 -0.13132899 -0.12488233 -0.11914834 -0.11401139 
3.51119173e-03 -0.13867905 -0.13132899 -0.12488233 -0.11914834 -0.11401139 
2.84803587e-03 -0.13867905 -0.13132899 -0.12488233 -0.11914834 -0.11401139 
2.31012970e-03 -0.13867905 -0.13132899 -0.12488233 -0.11914834 -0.11401139 
1.87381742e-03 -0.13867905 -0.13132899 -0.12488233 -0.11914834 -0.11401139 
1.51991108e-03 -0.13867905 -0.13132899 -0.12488233 -0.11914834 -0.11401139 
1.23284674e-03 -0.13867905 -0.13132899 -0.12488233 -0.11914834 -0.11401139 
1.00000000e-03 -0.13867905 -0.13132899 -0.12488233 -0.11914834 -0.11401139 
8.11130831e-04 -0.13867905 -0.13132899 -0.12488233 -0.11914834 -0.11401139 
6.57933225e-04 -0.13867905 -0.13132899 -0.12488233 -0.11914834 -0.11401139 
5.33669923e-04 -0.13867905 -0.13132899 -0.12488233 -0.11914834 -0.11401139 
4.32876128e-04 -0.13867905 -0.13132899 -0.12488233 -0.11914834 -0.11401139 
3.51119173e-04 -0.13867905 -0.13132899 -0.12488233 -0.11914834 -0.11401139 
2.84803587e-04 -0.13867905 -0.13132899 -0.12488233 -0.11914834 -0.11401139 
2.31012970e-04 -0.13867905 -0.13132899 -0.12488233 -0.11914834 -0.11401139 
1.87381742e-04 -0.13867905 -0.13132899 -0.12488233 -0.11914834 -0.11401139 
1.51991108e-04 -0.13867905 -0.13132899 -0.12488233 -0.11914834 -0.11401139 
1.23284674e-04 -0.13867905 -0.13132899 -0.12488233 -0.11914834 -0.11401139 
1.00000000e-04 -0.13867905 -0.13132899 -0.12488233 -0.11914834 -0.11401139 
8.11130831e-05 -0.13867905 -0.13132899 -0.12488233 -0.11914834 -0.11401139 
6.57933225e-05 -0.13867905 -0.13132899 -0.12488233 -0.11914834 -0.11401139 
5.33669923e-05 -0.13867905 -0.13132899 -0.12488233 -0.11914834 -0.11401139 
4.32876128e-05 -0.13867905 -0.13132899 -0.12488233 -0.11914834 -0.11401139 
3.51119173e-05 -0.13867905 -0.13132899 -0.12488233 -0.11914834 -0.11401139 
2.84803587e-05 -0.13867905 -0.13132899 -0.12488233 -0.11914834 -0.11401139 
2.31012970e-05 -0.13867905 -0.13132899 -0.12488233 -0.11914834 -0.11401139 
1.87381742e-05 -0.13867905 -0.13132899 -0.12488233 -0.11914834 -0.11401139 
1.51991108e-05 -0.13867905 -0.13132899 -0.12488233 -0.11914834 -0.11401139 
1.23284674e-05 -0.13867905 -0.13132899 -0.12488233 -0.11914834 -0.11401139 
1.00000000e-05 -0.13867905 -0.13132899 -0.12488233 -0.11914834 -0.11401139 
8.11130831e-06 -0.13867905 -0.13132899 -0.12488233 -0.11914834 -0.11401139 
6.57933225e-06 -0.13867905 -0.13132899 -0.12488233 -0.11914834 -0.11401139 
5.33669923e-06 -0.13867905 -0.13132899 -0.12488233 -0.11914834 -0.11401139 
4.32876128e-06 -0.13867905 -0.13132899 -0.12488233 -0.11914834 -0.11401139 
3.51119173e-06 -0.13867905 -0.13132899 -0.12488233 -0.11914834 -0.11401139 
2.84803587e-06 -0.13867905 -0.13132899 -0.12488233 -0.11914834 -0.11401139 
2.31012970e-06 -0.13867905 -0.13132899 -0.12488233 -0.11914834 -0.11401139 
1.87381742e-06 -0.13867905 -0.13132899 -0.12488233 -0.11914834 -0.11401139 
1.51991108e-06 -0.13867905 -0.13132899 -0.12488233 -0.11914834 -0.11401139 
1.23284674e-06 -0.13867905 -0.13132899 -0.12488233 -0.11914834 -0.11401139 
1.00000000e-06 -0.13867905 -0.13132899 -0.12488233 -0.11914834 -0.11401139 
8.11130831e-07 -0.13867905 -0.13132899 -0.12488233 -0.11914834 -0.11401139 
6.57933225e-07 -0.13867905 -0.13132899 -0.12488233 -0.11914834 -0.11401139 
5.33669923e-07 -0.13867905 -0.13132899 -0.12488233 -0.11914834 -0.11401139 
4.32876128e-07 -0.13867905 -0.13132899 -0.12488233 -0.11914834 -0.11401139 
3.51119173e-07 -0.13867905 -0.13132899 -0.12488233 -0.11914834 -0.11401139 
2.84803587e-07 -0.13867905 -0.13132899 -0.12488233 -0.11914834 -0.11401139 
2.31012970e-07 -0.13867905 -0.13132899 -0.12488233 -0.11914834 -0.11401139 
1.87381742e-07 -0.13867905 -0.13132899 -0.12488233 -0.11914834 -0.11401139 
1.51991108e-07 -0.13867905 -0.13132899 -0.12488233 -0.11914834 -0.11401139 
1.23284674e-07 -0.13867905 -0.13132899 -0.12488233 -0.11914834 -0.11401139 
1.00000000e-07 -0.13867905 -0.13132899 -0.12488233 -0.11914834 -0.11401139 
P (bar) | log_He: -2σ | log_He: -1σ | log_He: median | log_He: +1σ | log_He: +2σ 
1.00000000e+02 -0.90823013 -0.90088007 -0.89443341 -0.88869942 -0.88356247 
8.11130831e+01 -0.90823013 -0.90088007 -0.89443341 -0.88869942 -0.88356247 
6.57933225e+01 -0.90823013 -0.90088007 -0.89443341 -0.88869942 -0.88356247 
5.33669923e+01 -0.90823013 -0.90088007 -0.89443341 -0.88869942 -0.88356247 
4.32876128e+01 -0.90823013 -0.90088007 -0.89443341 -0.88869942 -0.88356247 
3.51119173e+01 -0.90823013 -0.90088007 -0.89443341 -0.88869942 -0.88356247 
2.84803587e+01 -0.90823013 -0.90088007 -0.89443341 -0.88869942 -0.88356247 
2.31012970e+01 -0.90823013 -0.90088007 -0.89443341 -0.88869942 -0.88356247 
1.87381742e+01 -0.90823013 -0.90088007 -0.89443341 -0.88869942 -0.88356247 
1.51991108e+01 -0.90823013 -0.90088007 -0.89443341 -0.88869942 -0.88356247 
1.23284674e+01 -0.90823013 -0.90088007 -0.89443341 -0.88869942 -0.88356247 
1.00000000e+01 -0.90823013 -0.90088007 -0.89443341 -0.88869942 -0.88356247 
8.11130831e+00 -0.90823013 -0.90088007 -0.89443341 -0.88869942 -0.88356247 
6.57933225e+00 -0.90823013 -0.90088007 -0.89443341 -0.88869942 -0.88356247 
5.33669923e+00 -0.90823013 -0.90088007 -0.89443341 -0.88869942 -0.88356247 
4.32876128e+00 -0.90823013 -0.90088007 -0.89443341 -0.88869942 -0.88356247 
3.51119173e+00 -0.90823013 -0.90088007 -0.89443341 -0.88869942 -0.88356247 
2.84803587e+00 -0.90823013 -0.90088007 -0.89443341 -0.88869942 -0.88356247 
2.31012970e+00 -0.90823013 -0.90088007 -0.89443341 -0.88869942 -0.88356247 
1.87381742e+00 -0.90823013 -0.90088007 -0.89443341 -0.88869942 -0.88356247 
1.51991108e+00 -0.90823013 -0.90088007 -0.89443341 -0.88869942 -0.88356247 
1.23284674e+00 -0.90823013 -0.90088007 -0.89443341 -0.88869942 -0.88356247 
1.00000000e+00 -0.90823013 -0.90088007 -0.89443341 -0.88869942 -0.88356247 
8.11130831e-01 -0.90823013 -0.90088007 -0.89443341 -0.88869942 -0.88356247 
6.57933225e-01 -0.90823013 -0.90088007 -0.89443341 -0.88869942 -0.88356247 
5.33669923e-01 -0.90823013 -0.90088007 -0.89443341 -0.88869942 -0.88356247 
4.32876128e-01 -0.90823013 -0.90088007 -0.89443341 -0.88869942 -0.88356247 
3.51119173e-01 -0.90823013 -0.90088007 -0.89443341 -0.88869942 -0.88356247 
2.84803587e-01 -0.90823013 -0.90088007 -0.89443341 -0.88869942 -0.88356247 
2.31012970e-01 -0.90823013 -0.90088007 -0.89443341 -0.88869942 -0.88356247 
1.87381742e-01 -0.90823013 -0.90088007 -0.89443341 -0.88869942 -0.88356247 
1.51991108e-01 -0.90823013 -0.90088007 -0.89443341 -0.88869942 -0.88356247 
1.23284674e-01 -0.90823013 -0.90088007 -0.89443341 -0.88869942 -0.88356247 
1.00000000e-01 -0.90823013 -0.90088007 -0.89443341 -0.88869942 -0.88356247 
8.11130831e-02 -0.90823013 -0.90088007 -0.89443341 -0.88869942 -0.88356247 
6.57933225e-02 -0.90823013 -0.90088007 -0.89443341 -0.88869942 -0.88356247 
5.33669923e-02 -0.90823013 -0.90088007 -0.89443341 -0.88869942 -0.88356247 
4.32876128e-02 -0.90823013 -0.90088007 -0.89443341 -0.88869942 -0.88356247 
3.51119173e-02 -0.90823013 -0.90088007 -0.89443341 -0.88869942 -0.88356247 
2.84803587e-02 -0.90823013 -0.90088007 -0.89443341 -0.88869942 -0.88356247 
2.31012970e-02 -0.90823013 -0.90088007 -0.89443341 -0.88869942 -0.88356247 
1.87381742e-02 -0.90823013 -0.90088007 -0.89443341 -0.88869942 -0.88356247 
1.51991108e-02 -0.90823013 -0.90088007 -0.89443341 -0.88869942 -0.88356247 
1.23284674e-02 -0.90823013 -0.90088007 -0.89443341 -0.88869942 -0.88356247 
1.00000000e-02 -0.90823013 -0.90088007 -0.89443341 -0.88869942 -0.88356247 
8.11130831e-03 -0.90823013 -0.90088007 -0.89443341 -0.88869942 -0.88356247 
6.57933225e-03 -0.90823013 -0.90088007 -0.89443341 -0.88869942 -0.88356247 
5.33669923e-03 -0.90823013 -0.90088007 -0.89443341 -0.88869942 -0.88356247 
4.32876128e-03 -0.90823013 -0.90088007 -0.89443341 -0.88869942 -0.88356247 
3.51119173e-03 -0.90823013 -0.90088007 -0.89443341 -0.88869942 -0.88356247 
2.84803587e-03 -0.90823013 -0.90088007 -0.89443341 -0.88869942 -0.88356247 
2.31012970e-03 -0.90823013 -0.90088007 -0.89443341 -0.88869942 -0.88356247 
1.87381742e-03 -0.90823013 -0.90088007 -0.89443341 -0.88869942 -0.88356247 
1.51991108e-03 -0.90823013 -0.90088007 -0.89443341 -0.88869942 -0.88356247 
1.23284674e-03 -0.90823013 -0.90088007 -0.89443341 -0.88869942 -0.88356247 
1.00000000e-03 -0.90823013 -0.90088007 -0.89443341 -0.88869942 -0.88356247 
8.11130831e-04 -0.90823013 -0.90088007 -0.89443341 -0.88869942 -0.88356247 
6.57933225e-04 -0.90823013 -0.90088007 -0.89443341 -0.88869942 -0.88356247 
5.33669923e-04 -0.90823013 -0.90088007 -0.89443341 -0.88869942 -0.88356247 
4.32876128e-04 -0.90823013 -0.90088007 -0.89443341 -0.88869942 -0.88356247 
3.51119173e-04 -0.90823013 -0.90088007 -0.89443341 -0.88869942 -0.88356247 
2.84803587e-04 -0.90823013 -0.90088007 -0.89443341 -0.88869942 -0.88356247 
2.31012970e-04 -0.90823013 -0.90088007 -0.89443341 -0.88869942 -0.88356247 
1.87381742e-04 -0.90823013 -0.90088007 -0.89443341 -0.88869942 -0.88356247 
1.51991108e-04 -0.90823013 -0.90088007 -0.89443341 -0.88869942 -0.88356247 
1.23284674e-04 -0.90823013 -0.90088007 -0.89443341 -0.88869942 -0.88356247 
1.00000000e-04 -0.90823013 -0.90088007 -0.89443341 -0.88869942 -0.88356247 
8.11130831e-05 -0.90823013 -0.90088007 -0.89443341 -0.88869942 -0.88356247 
6.57933225e-05 -0.90823013 -0.90088007 -0.89443341 -0.88869942 -0.88356247 
5.33669923e-05 -0.90823013 -0.90088007 -0.89443341 -0.88869942 -0.88356247 
4.32876128e-05 -0.90823013 -0.90088007 -0.89443341 -0.88869942 -0.88356247 
3.51119173e-05 -0.90823013 -0.90088007 -0.89443341 -0.88869942 -0.88356247 
2.84803587e-05 -0.90823013 -0.90088007 -0.89443341 -0.88869942 -0.88356247 
2.31012970e-05 -0.90823013 -0.90088007 -0.89443341 -0.88869942 -0.88356247 
1.87381742e-05 -0.90823013 -0.90088007 -0.89443341 -0.88869942 -0.88356247 
1.51991108e-05 -0.90823013 -0.90088007 -0.89443341 -0.88869942 -0.88356247 
1.23284674e-05 -0.90823013 -0.90088007 -0.89443341 -0.88869942 -0.88356247 
1.00000000e-05 -0.90823013 -0.90088007 -0.89443341 -0.88869942 -0.88356247 
8.11130831e-06 -0.90823013 -0.90088007 -0.89443341 -0.88869942 -0.88356247 
6.57933225e-06 -0.90823013 -0.90088007 -0.89443341 -0.88869942 -0.88356247 
5.33669923e-06 -0.90823013 -0.90088007 -0.89443341 -0.88869942 -0.88356247 
4.32876128e-06 -0.90823013 -0.90088007 -0.89443341 -0.88869942 -0.88356247 
3.51119173e-06 -0.90823013 -0.90088007 -0.89443341 -0.88869942 -0.88356247 
2.84803587e-06 -0.90823013 -0.90088007 -0.89443341 -0.88869942 -0.88356247 
2.31012970e-06 -0.90823013 -0.90088007 -0.89443341 -0.88869942 -0.88356247 
1.87381742e-06 -0.90823013 -0.90088007 -0.89443341 -0.88869942 -0.88356247 
1.51991108e-06 -0.90823013 -0.90088007 -0.89443341 -0.88869942 -0.88356247 
1.23284674e-06 -0.90823013 -0.90088007 -0.89443341 -0.88869942 -0.88356247 
1.00000000e-06 -0.90823013 -0.90088007 -0.89443341 -0.88869942 -0.88356247 
8.11130831e-07 -0.90823013 -0.90088007 -0.89443341 -0.88869942 -0.88356247 
6.57933225e-07 -0.90823013 -0.90088007 -0.89443341 -0.88869942 -0.88356247 
5.33669923e-07 -0.90823013 -0.90088007 -0.89443341 -0.88869942 -0.88356247 
4.32876128e-07 -0.90823013 -0.90088007 -0.89443341 -0.88869942 -0.88356247 
3.51119173e-07 -0.90823013 -0.90088007 -0.89443341 -0.88869942 -0.88356247 
2.84803587e-07 -0.90823013 -0.90088007 -0.89443341 -0.88869942 -0.88356247 
2.31012970e-07 -0.90823013 -0.90088007 -0.89443341 -0.88869942 -0.88356247 
1.87381742e-07 -0.90823013 -0.90088007 -0.89443341 -0.88869942 -0.88356247 
1.51991108e-07 -0.90823013 -0.90088007 -0.89443341 -0.88869942 -0.88356247 
1.23284674e-07 -0.90823013 -0.90088007 -0.89443341 -0.88869942 -0.88356247 
1.00000000e-07 -0.90823013 -0.90088007 -0.89443341 -0.88869942 -0.88356247 
P (bar) | log_H2O: -2σ | log_H2O: -1σ | log_H2O: median | log_H2O: +1σ | log_H2O: +2σ 
1.00000000e+02 -1.00763713 -0.96452646 -0.92137204 -0.87892025 -0.83466515 
8.11130831e+01 -1.00763713 -0.96452646 -0.92137204 -0.87892025 -0.83466515 
6.57933225e+01 -1.00763713 -0.96452646 -0.92137204 -0.87892025 -0.83466515 
5.33669923e+01 -1.00763713 -0.96452646 -0.92137204 -0.87892025 -0.83466515 
4.32876128e+01 -1.00763713 -0.96452646 -0.92137204 -0.87892025 -0.83466515 
3.51119173e+01 -1.00763713 -0.96452646 -0.92137204 -0.87892025 -0.83466515 
2.84803587e+01 -1.00763713 -0.96452646 -0.92137204 -0.87892025 -0.83466515 
2.31012970e+01 -1.00763713 -0.96452646 -0.92137204 -0.87892025 -0.83466515 
1.87381742e+01 -1.00763713 -0.96452646 -0.92137204 -0.87892025 -0.83466515 
1.51991108e+01 -1.00763713 -0.96452646 -0.92137204 -0.87892025 -0.83466515 
1.23284674e+01 -1.00763713 -0.96452646 -0.92137204 -0.87892025 -0.83466515 
1.00000000e+01 -1.00763713 -0.96452646 -0.92137204 -0.87892025 -0.83466515 
8.11130831e+00 -1.00763713 -0.96452646 -0.92137204 -0.87892025 -0.83466515 
6.57933225e+00 -1.00763713 -0.96452646 -0.92137204 -0.87892025 -0.83466515 
5.33669923e+00 -1.00763713 -0.96452646 -0.92137204 -0.87892025 -0.83466515 
4.32876128e+00 -1.00763713 -0.96452646 -0.92137204 -0.87892025 -0.83466515 
3.51119173e+00 -1.00763713 -0.96452646 -0.92137204 -0.87892025 -0.83466515 
2.84803587e+00 -1.00763713 -0.96452646 -0.92137204 -0.87892025 -0.83466515 
2.31012970e+00 -1.00763713 -0.96452646 -0.92137204 -0.87892025 -0.83466515 
1.87381742e+00 -1.00763713 -0.96452646 -0.92137204 -0.87892025 -0.83466515 
1.51991108e+00 -1.00763713 -0.96452646 -0.92137204 -0.87892025 -0.83466515 
1.23284674e+00 -1.00763713 -0.96452646 -0.92137204 -0.87892025 -0.83466515 
1.00000000e+00 -1.00763713 -0.96452646 -0.92137204 -0.87892025 -0.83466515 
8.11130831e-01 -1.00763713 -0.96452646 -0.92137204 -0.87892025 -0.83466515 
6.57933225e-01 -1.00763713 -0.96452646 -0.92137204 -0.87892025 -0.83466515 
5.33669923e-01 -1.00763713 -0.96452646 -0.92137204 -0.87892025 -0.83466515 
4.32876128e-01 -1.00763713 -0.96452646 -0.92137204 -0.87892025 -0.83466515 
3.51119173e-01 -1.00763713 -0.96452646 -0.92137204 -0.87892025 -0.83466515 
2.84803587e-01 -1.00763713 -0.96452646 -0.92137204 -0.87892025 -0.83466515 
2.31012970e-01 -1.00763713 -0.96452646 -0.92137204 -0.87892025 -0.83466515 
1.87381742e-01 -1.00763713 -0.96452646 -0.92137204 -0.87892025 -0.83466515 
1.51991108e-01 -1.00763713 -0.96452646 -0.92137204 -0.87892025 -0.83466515 
1.23284674e-01 -1.00763713 -0.96452646 -0.92137204 -0.87892025 -0.83466515 
1.00000000e-01 -1.00763713 -0.96452646 -0.92137204 -0.87892025 -0.83466515 
8.11130831e-02 -1.00763713 -0.96452646 -0.92137204 -0.87892025 -0.83466515 
6.57933225e-02 -1.00763713 -0.96452646 -0.92137204 -0.87892025 -0.83466515 
5.33669923e-02 -1.00763713 -0.96452646 -0.92137204 -0.87892025 -0.83466515 
4.32876128e-02 -1.00763713 -0.96452646 -0.92137204 -0.87892025 -0.83466515 
3.51119173e-02 -1.00763713 -0.96452646 -0.92137204 -0.87892025 -0.83466515 
2.84803587e-02 -1.00763713 -0.96452646 -0.92137204 -0.87892025 -0.83466515 
2.31012970e-02 -1.00763713 -0.96452646 -0.92137204 -0.87892025 -0.83466515 
1.87381742e-02 -1.00763713 -0.96452646 -0.92137204 -0.87892025 -0.83466515 
1.51991108e-02 -1.00763713 -0.96452646 -0.92137204 -0.87892025 -0.83466515 
1.23284674e-02 -1.00763713 -0.96452646 -0.92137204 -0.87892025 -0.83466515 
1.00000000e-02 -1.00763713 -0.96452646 -0.92137204 -0.87892025 -0.83466515 
8.11130831e-03 -1.00763713 -0.96452646 -0.92137204 -0.87892025 -0.83466515 
6.57933225e-03 -1.00763713 -0.96452646 -0.92137204 -0.87892025 -0.83466515 
5.33669923e-03 -1.00763713 -0.96452646 -0.92137204 -0.87892025 -0.83466515 
4.32876128e-03 -1.00763713 -0.96452646 -0.92137204 -0.87892025 -0.83466515 
3.51119173e-03 -1.00763713 -0.96452646 -0.92137204 -0.87892025 -0.83466515 
2.84803587e-03 -1.00763713 -0.96452646 -0.92137204 -0.87892025 -0.83466515 
2.31012970e-03 -1.00763713 -0.96452646 -0.92137204 -0.87892025 -0.83466515 
1.87381742e-03 -1.00763713 -0.96452646 -0.92137204 -0.87892025 -0.83466515 
1.51991108e-03 -1.00763713 -0.96452646 -0.92137204 -0.87892025 -0.83466515 
1.23284674e-03 -1.00763713 -0.96452646 -0.92137204 -0.87892025 -0.83466515 
1.00000000e-03 -1.00763713 -0.96452646 -0.92137204 -0.87892025 -0.83466515 
8.11130831e-04 -1.00763713 -0.96452646 -0.92137204 -0.87892025 -0.83466515 
6.57933225e-04 -1.00763713 -0.96452646 -0.92137204 -0.87892025 -0.83466515 
5.33669923e-04 -1.00763713 -0.96452646 -0.92137204 -0.87892025 -0.83466515 
4.32876128e-04 -1.00763713 -0.96452646 -0.92137204 -0.87892025 -0.83466515 
3.51119173e-04 -1.00763713 -0.96452646 -0.92137204 -0.87892025 -0.83466515 
2.84803587e-04 -1.00763713 -0.96452646 -0.92137204 -0.87892025 -0.83466515 
2.31012970e-04 -1.00763713 -0.96452646 -0.92137204 -0.87892025 -0.83466515 
1.87381742e-04 -1.00763713 -0.96452646 -0.92137204 -0.87892025 -0.83466515 
1.51991108e-04 -1.00763713 -0.96452646 -0.92137204 -0.87892025 -0.83466515 
1.23284674e-04 -1.00763713 -0.96452646 -0.92137204 -0.87892025 -0.83466515 
1.00000000e-04 -1.00763713 -0.96452646 -0.92137204 -0.87892025 -0.83466515 
8.11130831e-05 -1.00763713 -0.96452646 -0.92137204 -0.87892025 -0.83466515 
6.57933225e-05 -1.00763713 -0.96452646 -0.92137204 -0.87892025 -0.83466515 
5.33669923e-05 -1.00763713 -0.96452646 -0.92137204 -0.87892025 -0.83466515 
4.32876128e-05 -1.00763713 -0.96452646 -0.92137204 -0.87892025 -0.83466515 
3.51119173e-05 -1.00763713 -0.96452646 -0.92137204 -0.87892025 -0.83466515 
2.84803587e-05 -1.00763713 -0.96452646 -0.92137204 -0.87892025 -0.83466515 
2.31012970e-05 -1.00763713 -0.96452646 -0.92137204 -0.87892025 -0.83466515 
1.87381742e-05 -1.00763713 -0.96452646 -0.92137204 -0.87892025 -0.83466515 
1.51991108e-05 -1.00763713 -0.96452646 -0.92137204 -0.87892025 -0.83466515 
1.23284674e-05 -1.00763713 -0.96452646 -0.92137204 -0.87892025 -0.83466515 
1.00000000e-05 -1.00763713 -0.96452646 -0.92137204 -0.87892025 -0.83466515 
8.11130831e-06 -1.00763713 -0.96452646 -0.92137204 -0.87892025 -0.83466515 
6.57933225e-06 -1.00763713 -0.96452646 -0.92137204 -0.87892025 -0.83466515 
5.33669923e-06 -1.00763713 -0.96452646 -0.92137204 -0.87892025 -0.83466515 
4.32876128e-06 -1.00763713 -0.96452646 -0.92137204 -0.87892025 -0.83466515 
3.51119173e-06 -1.00763713 -0.96452646 -0.92137204 -0.87892025 -0.83466515 
2.84803587e-06 -1.00763713 -0.96452646 -0.92137204 -0.87892025 -0.83466515 
2.31012970e-06 -1.00763713 -0.96452646 -0.92137204 -0.87892025 -0.83466515 
1.87381742e-06 -1.00763713 -0.96452646 -0.92137204 -0.87892025 -0.83466515 
1.51991108e-06 -1.00763713 -0.96452646 -0.92137204 -0.87892025 -0.83466515 
1.23284674e-06 -1.00763713 -0.96452646 -0.92137204 -0.87892025 -0.83466515 
1.00000000e-06 -1.00763713 -0.96452646 -0.92137204 -0.87892025 -0.83466515 
8.11130831e-07 -1.00763713 -0.96452646 -0.92137204 -0.87892025 -0.83466515 
6.57933225e-07 -1.00763713 -0.96452646 -0.92137204 -0.87892025 -0.83466515 
5.33669923e-07 -1.00763713 -0.96452646 -0.92137204 -0.87892025 -0.83466515 
4.32876128e-07 -1.00763713 -0.96452646 -0.92137204 -0.87892025 -0.83466515 
3.51119173e-07 -1.00763713 -0.96452646 -0.92137204 -0.87892025 -0.83466515 
2.84803587e-07 -1.00763713 -0.96452646 -0.92137204 -0.87892025 -0.83466515 
2.31012970e-07 -1.00763713 -0.96452646 -0.92137204 -0.87892025 -0.83466515 
1.87381742e-07 -1.00763713 -0.96452646 -0.92137204 -0.87892025 -0.83466515 
1.51991108e-07 -1.00763713 -0.96452646 -0.92137204 -0.87892025 -0.83466515 
1.23284674e-07 -1.00763713 -0.96452646 -0.92137204 -0.87892025 -0.83466515 
1.00000000e-07 -1.00763713 -0.96452646 -0.92137204 -0.87892025 -0.83466515 
P (bar) | log_CO2: -2σ | log_CO2: -1σ | log_CO2: median | log_CO2: +1σ | log_CO2: +2σ 
1.00000000e+02 -2.92996116 -2.77629121 -2.62479479 -2.47184505 -2.30518535 
8.11130831e+01 -2.92996116 -2.77629121 -2.62479479 -2.47184505 -2.30518535 
6.57933225e+01 -2.92996116 -2.77629121 -2.62479479 -2.47184505 -2.30518535 
5.33669923e+01 -2.92996116 -2.77629121 -2.62479479 -2.47184505 -2.30518535 
4.32876128e+01 -2.92996116 -2.77629121 -2.62479479 -2.47184505 -2.30518535 
3.51119173e+01 -2.92996116 -2.77629121 -2.62479479 -2.47184505 -2.30518535 
2.84803587e+01 -2.92996116 -2.77629121 -2.62479479 -2.47184505 -2.30518535 
2.31012970e+01 -2.92996116 -2.77629121 -2.62479479 -2.47184505 -2.30518535 
1.87381742e+01 -2.92996116 -2.77629121 -2.62479479 -2.47184505 -2.30518535 
1.51991108e+01 -2.92996116 -2.77629121 -2.62479479 -2.47184505 -2.30518535 
1.23284674e+01 -2.92996116 -2.77629121 -2.62479479 -2.47184505 -2.30518535 
1.00000000e+01 -2.92996116 -2.77629121 -2.62479479 -2.47184505 -2.30518535 
8.11130831e+00 -2.92996116 -2.77629121 -2.62479479 -2.47184505 -2.30518535 
6.57933225e+00 -2.92996116 -2.77629121 -2.62479479 -2.47184505 -2.30518535 
5.33669923e+00 -2.92996116 -2.77629121 -2.62479479 -2.47184505 -2.30518535 
4.32876128e+00 -2.92996116 -2.77629121 -2.62479479 -2.47184505 -2.30518535 
3.51119173e+00 -2.92996116 -2.77629121 -2.62479479 -2.47184505 -2.30518535 
2.84803587e+00 -2.92996116 -2.77629121 -2.62479479 -2.47184505 -2.30518535 
2.31012970e+00 -2.92996116 -2.77629121 -2.62479479 -2.47184505 -2.30518535 
1.87381742e+00 -2.92996116 -2.77629121 -2.62479479 -2.47184505 -2.30518535 
1.51991108e+00 -2.92996116 -2.77629121 -2.62479479 -2.47184505 -2.30518535 
1.23284674e+00 -2.92996116 -2.77629121 -2.62479479 -2.47184505 -2.30518535 
1.00000000e+00 -2.92996116 -2.77629121 -2.62479479 -2.47184505 -2.30518535 
8.11130831e-01 -2.92996116 -2.77629121 -2.62479479 -2.47184505 -2.30518535 
6.57933225e-01 -2.92996116 -2.77629121 -2.62479479 -2.47184505 -2.30518535 
5.33669923e-01 -2.92996116 -2.77629121 -2.62479479 -2.47184505 -2.30518535 
4.32876128e-01 -2.92996116 -2.77629121 -2.62479479 -2.47184505 -2.30518535 
3.51119173e-01 -2.92996116 -2.77629121 -2.62479479 -2.47184505 -2.30518535 
2.84803587e-01 -2.92996116 -2.77629121 -2.62479479 -2.47184505 -2.30518535 
2.31012970e-01 -2.92996116 -2.77629121 -2.62479479 -2.47184505 -2.30518535 
1.87381742e-01 -2.92996116 -2.77629121 -2.62479479 -2.47184505 -2.30518535 
1.51991108e-01 -2.92996116 -2.77629121 -2.62479479 -2.47184505 -2.30518535 
1.23284674e-01 -2.92996116 -2.77629121 -2.62479479 -2.47184505 -2.30518535 
1.00000000e-01 -2.92996116 -2.77629121 -2.62479479 -2.47184505 -2.30518535 
8.11130831e-02 -2.92996116 -2.77629121 -2.62479479 -2.47184505 -2.30518535 
6.57933225e-02 -2.92996116 -2.77629121 -2.62479479 -2.47184505 -2.30518535 
5.33669923e-02 -2.92996116 -2.77629121 -2.62479479 -2.47184505 -2.30518535 
4.32876128e-02 -2.92996116 -2.77629121 -2.62479479 -2.47184505 -2.30518535 
3.51119173e-02 -2.92996116 -2.77629121 -2.62479479 -2.47184505 -2.30518535 
2.84803587e-02 -2.92996116 -2.77629121 -2.62479479 -2.47184505 -2.30518535 
2.31012970e-02 -2.92996116 -2.77629121 -2.62479479 -2.47184505 -2.30518535 
1.87381742e-02 -2.92996116 -2.77629121 -2.62479479 -2.47184505 -2.30518535 
1.51991108e-02 -2.92996116 -2.77629121 -2.62479479 -2.47184505 -2.30518535 
1.23284674e-02 -2.92996116 -2.77629121 -2.62479479 -2.47184505 -2.30518535 
1.00000000e-02 -2.92996116 -2.77629121 -2.62479479 -2.47184505 -2.30518535 
8.11130831e-03 -2.92996116 -2.77629121 -2.62479479 -2.47184505 -2.30518535 
6.57933225e-03 -2.92996116 -2.77629121 -2.62479479 -2.47184505 -2.30518535 
5.33669923e-03 -2.92996116 -2.77629121 -2.62479479 -2.47184505 -2.30518535 
4.32876128e-03 -2.92996116 -2.77629121 -2.62479479 -2.47184505 -2.30518535 
3.51119173e-03 -2.92996116 -2.77629121 -2.62479479 -2.47184505 -2.30518535 
2.84803587e-03 -2.92996116 -2.77629121 -2.62479479 -2.47184505 -2.30518535 
2.31012970e-03 -2.92996116 -2.77629121 -2.62479479 -2.47184505 -2.30518535 
1.87381742e-03 -2.92996116 -2.77629121 -2.62479479 -2.47184505 -2.30518535 
1.51991108e-03 -2.92996116 -2.77629121 -2.62479479 -2.47184505 -2.30518535 
1.23284674e-03 -2.92996116 -2.77629121 -2.62479479 -2.47184505 -2.30518535 
1.00000000e-03 -2.92996116 -2.77629121 -2.62479479 -2.47184505 -2.30518535 
8.11130831e-04 -2.92996116 -2.77629121 -2.62479479 -2.47184505 -2.30518535 
6.57933225e-04 -2.92996116 -2.77629121 -2.62479479 -2.47184505 -2.30518535 
5.33669923e-04 -2.92996116 -2.77629121 -2.62479479 -2.47184505 -2.30518535 
4.32876128e-04 -2.92996116 -2.77629121 -2.62479479 -2.47184505 -2.30518535 
3.51119173e-04 -2.92996116 -2.77629121 -2.62479479 -2.47184505 -2.30518535 
2.84803587e-04 -2.92996116 -2.77629121 -2.62479479 -2.47184505 -2.30518535 
2.31012970e-04 -2.92996116 -2.77629121 -2.62479479 -2.47184505 -2.30518535 
1.87381742e-04 -2.92996116 -2.77629121 -2.62479479 -2.47184505 -2.30518535 
1.51991108e-04 -2.92996116 -2.77629121 -2.62479479 -2.47184505 -2.30518535 
1.23284674e-04 -2.92996116 -2.77629121 -2.62479479 -2.47184505 -2.30518535 
1.00000000e-04 -2.92996116 -2.77629121 -2.62479479 -2.47184505 -2.30518535 
8.11130831e-05 -2.92996116 -2.77629121 -2.62479479 -2.47184505 -2.30518535 
6.57933225e-05 -2.92996116 -2.77629121 -2.62479479 -2.47184505 -2.30518535 
5.33669923e-05 -2.92996116 -2.77629121 -2.62479479 -2.47184505 -2.30518535 
4.32876128e-05 -2.92996116 -2.77629121 -2.62479479 -2.47184505 -2.30518535 
3.51119173e-05 -2.92996116 -2.77629121 -2.62479479 -2.47184505 -2.30518535 
2.84803587e-05 -2.92996116 -2.77629121 -2.62479479 -2.47184505 -2.30518535 
2.31012970e-05 -2.92996116 -2.77629121 -2.62479479 -2.47184505 -2.30518535 
1.87381742e-05 -2.92996116 -2.77629121 -2.62479479 -2.47184505 -2.30518535 
1.51991108e-05 -2.92996116 -2.77629121 -2.62479479 -2.47184505 -2.30518535 
1.23284674e-05 -2.92996116 -2.77629121 -2.62479479 -2.47184505 -2.30518535 
1.00000000e-05 -2.92996116 -2.77629121 -2.62479479 -2.47184505 -2.30518535 
8.11130831e-06 -2.92996116 -2.77629121 -2.62479479 -2.47184505 -2.30518535 
6.57933225e-06 -2.92996116 -2.77629121 -2.62479479 -2.47184505 -2.30518535 
5.33669923e-06 -2.92996116 -2.77629121 -2.62479479 -2.47184505 -2.30518535 
4.32876128e-06 -2.92996116 -2.77629121 -2.62479479 -2.47184505 -2.30518535 
3.51119173e-06 -2.92996116 -2.77629121 -2.62479479 -2.47184505 -2.30518535 
2.84803587e-06 -2.92996116 -2.77629121 -2.62479479 -2.47184505 -2.30518535 
2.31012970e-06 -2.92996116 -2.77629121 -2.62479479 -2.47184505 -2.30518535 
1.87381742e-06 -2.92996116 -2.77629121 -2.62479479 -2.47184505 -2.30518535 
1.51991108e-06 -2.92996116 -2.77629121 -2.62479479 -2.47184505 -2.30518535 
1.23284674e-06 -2.92996116 -2.77629121 -2.62479479 -2.47184505 -2.30518535 
1.00000000e-06 -2.92996116 -2.77629121 -2.62479479 -2.47184505 -2.30518535 
8.11130831e-07 -2.92996116 -2.77629121 -2.62479479 -2.47184505 -2.30518535 
6.57933225e-07 -2.92996116 -2.77629121 -2.62479479 -2.47184505 -2.30518535 
5.33669923e-07 -2.92996116 -2.77629121 -2.62479479 -2.47184505 -2.30518535 
4.32876128e-07 -2.92996116 -2.77629121 -2.62479479 -2.47184505 -2.30518535 
3.51119173e-07 -2.92996116 -2.77629121 -2.62479479 -2.47184505 -2.30518535 
2.84803587e-07 -2.92996116 -2.77629121 -2.62479479 -2.47184505 -2.30518535 
2.31012970e-07 -2.92996116 -2.77629121 -2.62479479 -2.47184505 -2.30518535 
1.87381742e-07 -2.92996116 -2.77629121 -2.62479479 -2.47184505 -2.30518535 
1.51991108e-07 -2.92996116 -2.77629121 -2.62479479 -2.47184505 -2.30518535 
1.23284674e-07 -2.92996116 -2.77629121 -2.62479479 -2.47184505 -2.30518535 
1.00000000e-07 -2.92996116 -2.77629121 -2.62479479 -2.47184505 -2.30518535 
P (bar) | log_SO2: -2σ | log_SO2: -1σ | log_SO2: median | log_SO2: +1σ | log_SO2: +2σ 
1.00000000e+02 -5.57278535 -5.34894914 -5.15131410 -4.95058471 -4.76093021 
8.11130831e+01 -5.57278535 -5.34894914 -5.15131410 -4.95058471 -4.76093021 
6.57933225e+01 -5.57278535 -5.34894914 -5.15131410 -4.95058471 -4.76093021 
5.33669923e+01 -5.57278535 -5.34894914 -5.15131410 -4.95058471 -4.76093021 
4.32876128e+01 -5.57278535 -5.34894914 -5.15131410 -4.95058471 -4.76093021 
3.51119173e+01 -5.57278535 -5.34894914 -5.15131410 -4.95058471 -4.76093021 
2.84803587e+01 -5.57278535 -5.34894914 -5.15131410 -4.95058471 -4.76093021 
2.31012970e+01 -5.57278535 -5.34894914 -5.15131410 -4.95058471 -4.76093021 
1.87381742e+01 -5.57278535 -5.34894914 -5.15131410 -4.95058471 -4.76093021 
1.51991108e+01 -5.57278535 -5.34894914 -5.15131410 -4.95058471 -4.76093021 
1.23284674e+01 -5.57278535 -5.34894914 -5.15131410 -4.95058471 -4.76093021 
1.00000000e+01 -5.57278535 -5.34894914 -5.15131410 -4.95058471 -4.76093021 
8.11130831e+00 -5.57278535 -5.34894914 -5.15131410 -4.95058471 -4.76093021 
6.57933225e+00 -5.57278535 -5.34894914 -5.15131410 -4.95058471 -4.76093021 
5.33669923e+00 -5.57278535 -5.34894914 -5.15131410 -4.95058471 -4.76093021 
4.32876128e+00 -5.57278535 -5.34894914 -5.15131410 -4.95058471 -4.76093021 
3.51119173e+00 -5.57278535 -5.34894914 -5.15131410 -4.95058471 -4.76093021 
2.84803587e+00 -5.57278535 -5.34894914 -5.15131410 -4.95058471 -4.76093021 
2.31012970e+00 -5.57278535 -5.34894914 -5.15131410 -4.95058471 -4.76093021 
1.87381742e+00 -5.57278535 -5.34894914 -5.15131410 -4.95058471 -4.76093021 
1.51991108e+00 -5.57278535 -5.34894914 -5.15131410 -4.95058471 -4.76093021 
1.23284674e+00 -5.57278535 -5.34894914 -5.15131410 -4.95058471 -4.76093021 
1.00000000e+00 -5.57278535 -5.34894914 -5.15131410 -4.95058471 -4.76093021 
8.11130831e-01 -5.57278535 -5.34894914 -5.15131410 -4.95058471 -4.76093021 
6.57933225e-01 -5.57278535 -5.34894914 -5.15131410 -4.95058471 -4.76093021 
5.33669923e-01 -5.57278535 -5.34894914 -5.15131410 -4.95058471 -4.76093021 
4.32876128e-01 -5.57278535 -5.34894914 -5.15131410 -4.95058471 -4.76093021 
3.51119173e-01 -5.57278535 -5.34894914 -5.15131410 -4.95058471 -4.76093021 
2.84803587e-01 -5.57278535 -5.34894914 -5.15131410 -4.95058471 -4.76093021 
2.31012970e-01 -5.57278535 -5.34894914 -5.15131410 -4.95058471 -4.76093021 
1.87381742e-01 -5.57278535 -5.34894914 -5.15131410 -4.95058471 -4.76093021 
1.51991108e-01 -5.57278535 -5.34894914 -5.15131410 -4.95058471 -4.76093021 
1.23284674e-01 -5.57278535 -5.34894914 -5.15131410 -4.95058471 -4.76093021 
1.00000000e-01 -5.57278535 -5.34894914 -5.15131410 -4.95058471 -4.76093021 
8.11130831e-02 -5.57278535 -5.34894914 -5.15131410 -4.95058471 -4.76093021 
6.57933225e-02 -5.57278535 -5.34894914 -5.15131410 -4.95058471 -4.76093021 
5.33669923e-02 -5.57278535 -5.34894914 -5.15131410 -4.95058471 -4.76093021 
4.32876128e-02 -5.57278535 -5.34894914 -5.15131410 -4.95058471 -4.76093021 
3.51119173e-02 -5.57278535 -5.34894914 -5.15131410 -4.95058471 -4.76093021 
2.84803587e-02 -5.57278535 -5.34894914 -5.15131410 -4.95058471 -4.76093021 
2.31012970e-02 -5.57278535 -5.34894914 -5.15131410 -4.95058471 -4.76093021 
1.87381742e-02 -5.57278535 -5.34894914 -5.15131410 -4.95058471 -4.76093021 
1.51991108e-02 -5.57278535 -5.34894914 -5.15131410 -4.95058471 -4.76093021 
1.23284674e-02 -5.57278535 -5.34894914 -5.15131410 -4.95058471 -4.76093021 
1.00000000e-02 -5.57278535 -5.34894914 -5.15131410 -4.95058471 -4.76093021 
8.11130831e-03 -5.57278535 -5.34894914 -5.15131410 -4.95058471 -4.76093021 
6.57933225e-03 -5.57278535 -5.34894914 -5.15131410 -4.95058471 -4.76093021 
5.33669923e-03 -5.57278535 -5.34894914 -5.15131410 -4.95058471 -4.76093021 
4.32876128e-03 -5.57278535 -5.34894914 -5.15131410 -4.95058471 -4.76093021 
3.51119173e-03 -5.57278535 -5.34894914 -5.15131410 -4.95058471 -4.76093021 
2.84803587e-03 -5.57278535 -5.34894914 -5.15131410 -4.95058471 -4.76093021 
2.31012970e-03 -5.57278535 -5.34894914 -5.15131410 -4.95058471 -4.76093021 
1.87381742e-03 -5.57278535 -5.34894914 -5.15131410 -4.95058471 -4.76093021 
1.51991108e-03 -5.57278535 -5.34894914 -5.15131410 -4.95058471 -4.76093021 
1.23284674e-03 -5.57278535 -5.34894914 -5.15131410 -4.95058471 -4.76093021 
1.00000000e-03 -5.57278535 -5.34894914 -5.15131410 -4.95058471 -4.76093021 
8.11130831e-04 -5.57278535 -5.34894914 -5.15131410 -4.95058471 -4.76093021 
6.57933225e-04 -5.57278535 -5.34894914 -5.15131410 -4.95058471 -4.76093021 
5.33669923e-04 -5.57278535 -5.34894914 -5.15131410 -4.95058471 -4.76093021 
4.32876128e-04 -5.57278535 -5.34894914 -5.15131410 -4.95058471 -4.76093021 
3.51119173e-04 -5.57278535 -5.34894914 -5.15131410 -4.95058471 -4.76093021 
2.84803587e-04 -5.57278535 -5.34894914 -5.15131410 -4.95058471 -4.76093021 
2.31012970e-04 -5.57278535 -5.34894914 -5.15131410 -4.95058471 -4.76093021 
1.87381742e-04 -5.57278535 -5.34894914 -5.15131410 -4.95058471 -4.76093021 
1.51991108e-04 -5.57278535 -5.34894914 -5.15131410 -4.95058471 -4.76093021 
1.23284674e-04 -5.57278535 -5.34894914 -5.15131410 -4.95058471 -4.76093021 
1.00000000e-04 -5.57278535 -5.34894914 -5.15131410 -4.95058471 -4.76093021 
8.11130831e-05 -5.57278535 -5.34894914 -5.15131410 -4.95058471 -4.76093021 
6.57933225e-05 -5.57278535 -5.34894914 -5.15131410 -4.95058471 -4.76093021 
5.33669923e-05 -5.57278535 -5.34894914 -5.15131410 -4.95058471 -4.76093021 
4.32876128e-05 -5.57278535 -5.34894914 -5.15131410 -4.95058471 -4.76093021 
3.51119173e-05 -5.57278535 -5.34894914 -5.15131410 -4.95058471 -4.76093021 
2.84803587e-05 -5.57278535 -5.34894914 -5.15131410 -4.95058471 -4.76093021 
2.31012970e-05 -5.57278535 -5.34894914 -5.15131410 -4.95058471 -4.76093021 
1.87381742e-05 -5.57278535 -5.34894914 -5.15131410 -4.95058471 -4.76093021 
1.51991108e-05 -5.57278535 -5.34894914 -5.15131410 -4.95058471 -4.76093021 
1.23284674e-05 -5.57278535 -5.34894914 -5.15131410 -4.95058471 -4.76093021 
1.00000000e-05 -5.57278535 -5.34894914 -5.15131410 -4.95058471 -4.76093021 
8.11130831e-06 -5.57278535 -5.34894914 -5.15131410 -4.95058471 -4.76093021 
6.57933225e-06 -5.57278535 -5.34894914 -5.15131410 -4.95058471 -4.76093021 
5.33669923e-06 -5.57278535 -5.34894914 -5.15131410 -4.95058471 -4.76093021 
4.32876128e-06 -5.57278535 -5.34894914 -5.15131410 -4.95058471 -4.76093021 
3.51119173e-06 -5.57278535 -5.34894914 -5.15131410 -4.95058471 -4.76093021 
2.84803587e-06 -5.57278535 -5.34894914 -5.15131410 -4.95058471 -4.76093021 
2.31012970e-06 -5.57278535 -5.34894914 -5.15131410 -4.95058471 -4.76093021 
1.87381742e-06 -5.57278535 -5.34894914 -5.15131410 -4.95058471 -4.76093021 
1.51991108e-06 -5.57278535 -5.34894914 -5.15131410 -4.95058471 -4.76093021 
1.23284674e-06 -5.57278535 -5.34894914 -5.15131410 -4.95058471 -4.76093021 
1.00000000e-06 -5.57278535 -5.34894914 -5.15131410 -4.95058471 -4.76093021 
8.11130831e-07 -5.57278535 -5.34894914 -5.15131410 -4.95058471 -4.76093021 
6.57933225e-07 -5.57278535 -5.34894914 -5.15131410 -4.95058471 -4.76093021 
5.33669923e-07 -5.57278535 -5.34894914 -5.15131410 -4.95058471 -4.76093021 
4.32876128e-07 -5.57278535 -5.34894914 -5.15131410 -4.95058471 -4.76093021 
3.51119173e-07 -5.57278535 -5.34894914 -5.15131410 -4.95058471 -4.76093021 
2.84803587e-07 -5.57278535 -5.34894914 -5.15131410 -4.95058471 -4.76093021 
2.31012970e-07 -5.57278535 -5.34894914 -5.15131410 -4.95058471 -4.76093021 
1.87381742e-07 -5.57278535 -5.34894914 -5.15131410 -4.95058471 -4.76093021 
1.51991108e-07 -5.57278535 -5.34894914 -5.15131410 -4.95058471 -4.76093021 
1.23284674e-07 -5.57278535 -5.34894914 -5.15131410 -4.95058471 -4.76093021 
1.00000000e-07 -5.57278535 -5.34894914 -5.15131410 -4.95058471 -4.76093021 
