Chemical species: H2 He H2O SO2 CO Na H2S K CH4
P (bar) | log_H2: -2σ | log_H2: -1σ | log_H2: median | log_H2: +1σ | log_H2: +2σ 
1.00000000e+02 -0.08697108 -0.06929644 -0.06885939 -0.06871933 -0.06866911 
8.11130831e+01 -0.08697108 -0.06929644 -0.06885939 -0.06871933 -0.06866911 
6.57933225e+01 -0.08697108 -0.06929644 -0.06885939 -0.06871933 -0.06866911 
5.33669923e+01 -0.08697108 -0.06929644 -0.06885939 -0.06871933 -0.06866911 
4.32876128e+01 -0.08697108 -0.06929644 -0.06885939 -0.06871933 -0.06866911 
3.51119173e+01 -0.08697108 -0.06929644 -0.06885939 -0.06871933 -0.06866911 
2.84803587e+01 -0.08697108 -0.06929644 -0.06885939 -0.06871933 -0.06866911 
2.31012970e+01 -0.08697108 -0.06929644 -0.06885939 -0.06871933 -0.06866911 
1.87381742e+01 -0.08697108 -0.06929644 -0.06885939 -0.06871933 -0.06866911 
1.51991108e+01 -0.08697108 -0.06929644 -0.06885939 -0.06871933 -0.06866911 
1.23284674e+01 -0.08697108 -0.06929644 -0.06885939 -0.06871933 -0.06866911 
1.00000000e+01 -0.08697108 -0.06929644 -0.06885939 -0.06871933 -0.06866911 
8.11130831e+00 -0.08697108 -0.06929644 -0.06885939 -0.06871933 -0.06866911 
6.57933225e+00 -0.08697108 -0.06929644 -0.06885939 -0.06871933 -0.06866911 
5.33669923e+00 -0.08697108 -0.06929644 -0.06885939 -0.06871933 -0.06866911 
4.32876128e+00 -0.08697108 -0.06929644 -0.06885939 -0.06871933 -0.06866911 
3.51119173e+00 -0.08697108 -0.06929644 -0.06885939 -0.06871933 -0.06866911 
2.84803587e+00 -0.08697108 -0.06929644 -0.06885939 -0.06871933 -0.06866911 
2.31012970e+00 -0.08697108 -0.06929644 -0.06885939 -0.06871933 -0.06866911 
1.87381742e+00 -0.08697108 -0.06929644 -0.06885939 -0.06871933 -0.06866911 
1.51991108e+00 -0.08697108 -0.06929644 -0.06885939 -0.06871933 -0.06866911 
1.23284674e+00 -0.08697108 -0.06929644 -0.06885939 -0.06871933 -0.06866911 
1.00000000e+00 -0.08697108 -0.06929644 -0.06885939 -0.06871933 -0.06866911 
8.11130831e-01 -0.08697108 -0.06929644 -0.06885939 -0.06871933 -0.06866911 
6.57933225e-01 -0.08697108 -0.06929644 -0.06885939 -0.06871933 -0.06866911 
5.33669923e-01 -0.08697108 -0.06929644 -0.06885939 -0.06871933 -0.06866911 
4.32876128e-01 -0.08697108 -0.06929644 -0.06885939 -0.06871933 -0.06866911 
3.51119173e-01 -0.08697108 -0.06929644 -0.06885939 -0.06871933 -0.06866911 
2.84803587e-01 -0.08697108 -0.06929644 -0.06885939 -0.06871933 -0.06866911 
2.31012970e-01 -0.08697108 -0.06929644 -0.06885939 -0.06871933 -0.06866911 
1.87381742e-01 -0.08697108 -0.06929644 -0.06885939 -0.06871933 -0.06866911 
1.51991108e-01 -0.08697108 -0.06929644 -0.06885939 -0.06871933 -0.06866911 
1.23284674e-01 -0.08697108 -0.06929644 -0.06885939 -0.06871933 -0.06866911 
1.00000000e-01 -0.08697108 -0.06929644 -0.06885939 -0.06871933 -0.06866911 
8.11130831e-02 -0.08697108 -0.06929644 -0.06885939 -0.06871933 -0.06866911 
6.57933225e-02 -0.08697108 -0.06929644 -0.06885939 -0.06871933 -0.06866911 
5.33669923e-02 -0.08697108 -0.06929644 -0.06885939 -0.06871933 -0.06866911 
4.32876128e-02 -0.08697108 -0.06929644 -0.06885939 -0.06871933 -0.06866911 
3.51119173e-02 -0.08697108 -0.06929644 -0.06885939 -0.06871933 -0.06866911 
2.84803587e-02 -0.08697108 -0.06929644 -0.06885939 -0.06871933 -0.06866911 
2.31012970e-02 -0.08697108 -0.06929644 -0.06885939 -0.06871933 -0.06866911 
1.87381742e-02 -0.08697108 -0.06929644 -0.06885939 -0.06871933 -0.06866911 
1.51991108e-02 -0.08697108 -0.06929644 -0.06885939 -0.06871933 -0.06866911 
1.23284674e-02 -0.08697108 -0.06929644 -0.06885939 -0.06871933 -0.06866911 
1.00000000e-02 -0.08697108 -0.06929644 -0.06885939 -0.06871933 -0.06866911 
8.11130831e-03 -0.08697108 -0.06929644 -0.06885939 -0.06871933 -0.06866911 
6.57933225e-03 -0.08697108 -0.06929644 -0.06885939 -0.06871933 -0.06866911 
5.33669923e-03 -0.08697108 -0.06929644 -0.06885939 -0.06871933 -0.06866911 
4.32876128e-03 -0.08697108 -0.06929644 -0.06885939 -0.06871933 -0.06866911 
3.51119173e-03 -0.08697108 -0.06929644 -0.06885939 -0.06871933 -0.06866911 
2.84803587e-03 -0.08697108 -0.06929644 -0.06885939 -0.06871933 -0.06866911 
2.31012970e-03 -0.08697108 -0.06929644 -0.06885939 -0.06871933 -0.06866911 
1.87381742e-03 -0.08697108 -0.06929644 -0.06885939 -0.06871933 -0.06866911 
1.51991108e-03 -0.08697108 -0.06929644 -0.06885939 -0.06871933 -0.06866911 
1.23284674e-03 -0.08697108 -0.06929644 -0.06885939 -0.06871933 -0.06866911 
1.00000000e-03 -0.08697108 -0.06929644 -0.06885939 -0.06871933 -0.06866911 
8.11130831e-04 -0.08697108 -0.06929644 -0.06885939 -0.06871933 -0.06866911 
6.57933225e-04 -0.08697108 -0.06929644 -0.06885939 -0.06871933 -0.06866911 
5.33669923e-04 -0.08697108 -0.06929644 -0.06885939 -0.06871933 -0.06866911 
4.32876128e-04 -0.08697108 -0.06929644 -0.06885939 -0.06871933 -0.06866911 
3.51119173e-04 -0.08697108 -0.06929644 -0.06885939 -0.06871933 -0.06866911 
2.84803587e-04 -0.08697108 -0.06929644 -0.06885939 -0.06871933 -0.06866911 
2.31012970e-04 -0.08697108 -0.06929644 -0.06885939 -0.06871933 -0.06866911 
1.87381742e-04 -0.08697108 -0.06929644 -0.06885939 -0.06871933 -0.06866911 
1.51991108e-04 -0.08697108 -0.06929644 -0.06885939 -0.06871933 -0.06866911 
1.23284674e-04 -0.08697108 -0.06929644 -0.06885939 -0.06871933 -0.06866911 
1.00000000e-04 -0.08697108 -0.06929644 -0.06885939 -0.06871933 -0.06866911 
8.11130831e-05 -0.08697108 -0.06929644 -0.06885939 -0.06871933 -0.06866911 
6.57933225e-05 -0.08697108 -0.06929644 -0.06885939 -0.06871933 -0.06866911 
5.33669923e-05 -0.08697108 -0.06929644 -0.06885939 -0.06871933 -0.06866911 
4.32876128e-05 -0.08697108 -0.06929644 -0.06885939 -0.06871933 -0.06866911 
3.51119173e-05 -0.08697108 -0.06929644 -0.06885939 -0.06871933 -0.06866911 
2.84803587e-05 -0.08697108 -0.06929644 -0.06885939 -0.06871933 -0.06866911 
2.31012970e-05 -0.08697108 -0.06929644 -0.06885939 -0.06871933 -0.06866911 
1.87381742e-05 -0.08697108 -0.06929644 -0.06885939 -0.06871933 -0.06866911 
1.51991108e-05 -0.08697108 -0.06929644 -0.06885939 -0.06871933 -0.06866911 
1.23284674e-05 -0.08697108 -0.06929644 -0.06885939 -0.06871933 -0.06866911 
1.00000000e-05 -0.08697108 -0.06929644 -0.06885939 -0.06871933 -0.06866911 
8.11130831e-06 -0.08697108 -0.06929644 -0.06885939 -0.06871933 -0.06866911 
6.57933225e-06 -0.08697108 -0.06929644 -0.06885939 -0.06871933 -0.06866911 
5.33669923e-06 -0.08697108 -0.06929644 -0.06885939 -0.06871933 -0.06866911 
4.32876128e-06 -0.08697108 -0.06929644 -0.06885939 -0.06871933 -0.06866911 
3.51119173e-06 -0.08697108 -0.06929644 -0.06885939 -0.06871933 -0.06866911 
2.84803587e-06 -0.08697108 -0.06929644 -0.06885939 -0.06871933 -0.06866911 
2.31012970e-06 -0.08697108 -0.06929644 -0.06885939 -0.06871933 -0.06866911 
1.87381742e-06 -0.08697108 -0.06929644 -0.06885939 -0.06871933 -0.06866911 
1.51991108e-06 -0.08697108 -0.06929644 -0.06885939 -0.06871933 -0.06866911 
1.23284674e-06 -0.08697108 -0.06929644 -0.06885939 -0.06871933 -0.06866911 
1.00000000e-06 -0.08697108 -0.06929644 -0.06885939 -0.06871933 -0.06866911 
8.11130831e-07 -0.08697108 -0.06929644 -0.06885939 -0.06871933 -0.06866911 
6.57933225e-07 -0.08697108 -0.06929644 -0.06885939 -0.06871933 -0.06866911 
5.33669923e-07 -0.08697108 -0.06929644 -0.06885939 -0.06871933 -0.06866911 
4.32876128e-07 -0.08697108 -0.06929644 -0.06885939 -0.06871933 -0.06866911 
3.51119173e-07 -0.08697108 -0.06929644 -0.06885939 -0.06871933 -0.06866911 
2.84803587e-07 -0.08697108 -0.06929644 -0.06885939 -0.06871933 -0.06866911 
2.31012970e-07 -0.08697108 -0.06929644 -0.06885939 -0.06871933 -0.06866911 
1.87381742e-07 -0.08697108 -0.06929644 -0.06885939 -0.06871933 -0.06866911 
1.51991108e-07 -0.08697108 -0.06929644 -0.06885939 -0.06871933 -0.06866911 
1.23284674e-07 -0.08697108 -0.06929644 -0.06885939 -0.06871933 -0.06866911 
1.00000000e-07 -0.08697108 -0.06929644 -0.06885939 -0.06871933 -0.06866911 
P (bar) | log_He: -2σ | log_He: -1σ | log_He: median | log_He: +1σ | log_He: +2σ 
1.00000000e+02 -0.85652216 -0.83884752 -0.83841047 -0.83827041 -0.83822019 
8.11130831e+01 -0.85652216 -0.83884752 -0.83841047 -0.83827041 -0.83822019 
6.57933225e+01 -0.85652216 -0.83884752 -0.83841047 -0.83827041 -0.83822019 
5.33669923e+01 -0.85652216 -0.83884752 -0.83841047 -0.83827041 -0.83822019 
4.32876128e+01 -0.85652216 -0.83884752 -0.83841047 -0.83827041 -0.83822019 
3.51119173e+01 -0.85652216 -0.83884752 -0.83841047 -0.83827041 -0.83822019 
2.84803587e+01 -0.85652216 -0.83884752 -0.83841047 -0.83827041 -0.83822019 
2.31012970e+01 -0.85652216 -0.83884752 -0.83841047 -0.83827041 -0.83822019 
1.87381742e+01 -0.85652216 -0.83884752 -0.83841047 -0.83827041 -0.83822019 
1.51991108e+01 -0.85652216 -0.83884752 -0.83841047 -0.83827041 -0.83822019 
1.23284674e+01 -0.85652216 -0.83884752 -0.83841047 -0.83827041 -0.83822019 
1.00000000e+01 -0.85652216 -0.83884752 -0.83841047 -0.83827041 -0.83822019 
8.11130831e+00 -0.85652216 -0.83884752 -0.83841047 -0.83827041 -0.83822019 
6.57933225e+00 -0.85652216 -0.83884752 -0.83841047 -0.83827041 -0.83822019 
5.33669923e+00 -0.85652216 -0.83884752 -0.83841047 -0.83827041 -0.83822019 
4.32876128e+00 -0.85652216 -0.83884752 -0.83841047 -0.83827041 -0.83822019 
3.51119173e+00 -0.85652216 -0.83884752 -0.83841047 -0.83827041 -0.83822019 
2.84803587e+00 -0.85652216 -0.83884752 -0.83841047 -0.83827041 -0.83822019 
2.31012970e+00 -0.85652216 -0.83884752 -0.83841047 -0.83827041 -0.83822019 
1.87381742e+00 -0.85652216 -0.83884752 -0.83841047 -0.83827041 -0.83822019 
1.51991108e+00 -0.85652216 -0.83884752 -0.83841047 -0.83827041 -0.83822019 
1.23284674e+00 -0.85652216 -0.83884752 -0.83841047 -0.83827041 -0.83822019 
1.00000000e+00 -0.85652216 -0.83884752 -0.83841047 -0.83827041 -0.83822019 
8.11130831e-01 -0.85652216 -0.83884752 -0.83841047 -0.83827041 -0.83822019 
6.57933225e-01 -0.85652216 -0.83884752 -0.83841047 -0.83827041 -0.83822019 
5.33669923e-01 -0.85652216 -0.83884752 -0.83841047 -0.83827041 -0.83822019 
4.32876128e-01 -0.85652216 -0.83884752 -0.83841047 -0.83827041 -0.83822019 
3.51119173e-01 -0.85652216 -0.83884752 -0.83841047 -0.83827041 -0.83822019 
2.84803587e-01 -0.85652216 -0.83884752 -0.83841047 -0.83827041 -0.83822019 
2.31012970e-01 -0.85652216 -0.83884752 -0.83841047 -0.83827041 -0.83822019 
1.87381742e-01 -0.85652216 -0.83884752 -0.83841047 -0.83827041 -0.83822019 
1.51991108e-01 -0.85652216 -0.83884752 -0.83841047 -0.83827041 -0.83822019 
1.23284674e-01 -0.85652216 -0.83884752 -0.83841047 -0.83827041 -0.83822019 
1.00000000e-01 -0.85652216 -0.83884752 -0.83841047 -0.83827041 -0.83822019 
8.11130831e-02 -0.85652216 -0.83884752 -0.83841047 -0.83827041 -0.83822019 
6.57933225e-02 -0.85652216 -0.83884752 -0.83841047 -0.83827041 -0.83822019 
5.33669923e-02 -0.85652216 -0.83884752 -0.83841047 -0.83827041 -0.83822019 
4.32876128e-02 -0.85652216 -0.83884752 -0.83841047 -0.83827041 -0.83822019 
3.51119173e-02 -0.85652216 -0.83884752 -0.83841047 -0.83827041 -0.83822019 
2.84803587e-02 -0.85652216 -0.83884752 -0.83841047 -0.83827041 -0.83822019 
2.31012970e-02 -0.85652216 -0.83884752 -0.83841047 -0.83827041 -0.83822019 
1.87381742e-02 -0.85652216 -0.83884752 -0.83841047 -0.83827041 -0.83822019 
1.51991108e-02 -0.85652216 -0.83884752 -0.83841047 -0.83827041 -0.83822019 
1.23284674e-02 -0.85652216 -0.83884752 -0.83841047 -0.83827041 -0.83822019 
1.00000000e-02 -0.85652216 -0.83884752 -0.83841047 -0.83827041 -0.83822019 
8.11130831e-03 -0.85652216 -0.83884752 -0.83841047 -0.83827041 -0.83822019 
6.57933225e-03 -0.85652216 -0.83884752 -0.83841047 -0.83827041 -0.83822019 
5.33669923e-03 -0.85652216 -0.83884752 -0.83841047 -0.83827041 -0.83822019 
4.32876128e-03 -0.85652216 -0.83884752 -0.83841047 -0.83827041 -0.83822019 
3.51119173e-03 -0.85652216 -0.83884752 -0.83841047 -0.83827041 -0.83822019 
2.84803587e-03 -0.85652216 -0.83884752 -0.83841047 -0.83827041 -0.83822019 
2.31012970e-03 -0.85652216 -0.83884752 -0.83841047 -0.83827041 -0.83822019 
1.87381742e-03 -0.85652216 -0.83884752 -0.83841047 -0.83827041 -0.83822019 
1.51991108e-03 -0.85652216 -0.83884752 -0.83841047 -0.83827041 -0.83822019 
1.23284674e-03 -0.85652216 -0.83884752 -0.83841047 -0.83827041 -0.83822019 
1.00000000e-03 -0.85652216 -0.83884752 -0.83841047 -0.83827041 -0.83822019 
8.11130831e-04 -0.85652216 -0.83884752 -0.83841047 -0.83827041 -0.83822019 
6.57933225e-04 -0.85652216 -0.83884752 -0.83841047 -0.83827041 -0.83822019 
5.33669923e-04 -0.85652216 -0.83884752 -0.83841047 -0.83827041 -0.83822019 
4.32876128e-04 -0.85652216 -0.83884752 -0.83841047 -0.83827041 -0.83822019 
3.51119173e-04 -0.85652216 -0.83884752 -0.83841047 -0.83827041 -0.83822019 
2.84803587e-04 -0.85652216 -0.83884752 -0.83841047 -0.83827041 -0.83822019 
2.31012970e-04 -0.85652216 -0.83884752 -0.83841047 -0.83827041 -0.83822019 
1.87381742e-04 -0.85652216 -0.83884752 -0.83841047 -0.83827041 -0.83822019 
1.51991108e-04 -0.85652216 -0.83884752 -0.83841047 -0.83827041 -0.83822019 
1.23284674e-04 -0.85652216 -0.83884752 -0.83841047 -0.83827041 -0.83822019 
1.00000000e-04 -0.85652216 -0.83884752 -0.83841047 -0.83827041 -0.83822019 
8.11130831e-05 -0.85652216 -0.83884752 -0.83841047 -0.83827041 -0.83822019 
6.57933225e-05 -0.85652216 -0.83884752 -0.83841047 -0.83827041 -0.83822019 
5.33669923e-05 -0.85652216 -0.83884752 -0.83841047 -0.83827041 -0.83822019 
4.32876128e-05 -0.85652216 -0.83884752 -0.83841047 -0.83827041 -0.83822019 
3.51119173e-05 -0.85652216 -0.83884752 -0.83841047 -0.83827041 -0.83822019 
2.84803587e-05 -0.85652216 -0.83884752 -0.83841047 -0.83827041 -0.83822019 
2.31012970e-05 -0.85652216 -0.83884752 -0.83841047 -0.83827041 -0.83822019 
1.87381742e-05 -0.85652216 -0.83884752 -0.83841047 -0.83827041 -0.83822019 
1.51991108e-05 -0.85652216 -0.83884752 -0.83841047 -0.83827041 -0.83822019 
1.23284674e-05 -0.85652216 -0.83884752 -0.83841047 -0.83827041 -0.83822019 
1.00000000e-05 -0.85652216 -0.83884752 -0.83841047 -0.83827041 -0.83822019 
8.11130831e-06 -0.85652216 -0.83884752 -0.83841047 -0.83827041 -0.83822019 
6.57933225e-06 -0.85652216 -0.83884752 -0.83841047 -0.83827041 -0.83822019 
5.33669923e-06 -0.85652216 -0.83884752 -0.83841047 -0.83827041 -0.83822019 
4.32876128e-06 -0.85652216 -0.83884752 -0.83841047 -0.83827041 -0.83822019 
3.51119173e-06 -0.85652216 -0.83884752 -0.83841047 -0.83827041 -0.83822019 
2.84803587e-06 -0.85652216 -0.83884752 -0.83841047 -0.83827041 -0.83822019 
2.31012970e-06 -0.85652216 -0.83884752 -0.83841047 -0.83827041 -0.83822019 
1.87381742e-06 -0.85652216 -0.83884752 -0.83841047 -0.83827041 -0.83822019 
1.51991108e-06 -0.85652216 -0.83884752 -0.83841047 -0.83827041 -0.83822019 
1.23284674e-06 -0.85652216 -0.83884752 -0.83841047 -0.83827041 -0.83822019 
1.00000000e-06 -0.85652216 -0.83884752 -0.83841047 -0.83827041 -0.83822019 
8.11130831e-07 -0.85652216 -0.83884752 -0.83841047 -0.83827041 -0.83822019 
6.57933225e-07 -0.85652216 -0.83884752 -0.83841047 -0.83827041 -0.83822019 
5.33669923e-07 -0.85652216 -0.83884752 -0.83841047 -0.83827041 -0.83822019 
4.32876128e-07 -0.85652216 -0.83884752 -0.83841047 -0.83827041 -0.83822019 
3.51119173e-07 -0.85652216 -0.83884752 -0.83841047 -0.83827041 -0.83822019 
2.84803587e-07 -0.85652216 -0.83884752 -0.83841047 -0.83827041 -0.83822019 
2.31012970e-07 -0.85652216 -0.83884752 -0.83841047 -0.83827041 -0.83822019 
1.87381742e-07 -0.85652216 -0.83884752 -0.83841047 -0.83827041 -0.83822019 
1.51991108e-07 -0.85652216 -0.83884752 -0.83841047 -0.83827041 -0.83822019 
1.23284674e-07 -0.85652216 -0.83884752 -0.83841047 -0.83827041 -0.83822019 
1.00000000e-07 -0.85652216 -0.83884752 -0.83841047 -0.83827041 -0.83822019 
P (bar) | log_H2O: -2σ | log_H2O: -1σ | log_H2O: median | log_H2O: +1σ | log_H2O: +2σ 
1.00000000e+02 -4.20869838 -4.11629968 -3.99518908 -3.83643157 -3.20051639 
8.11130831e+01 -4.20869838 -4.11629968 -3.99518908 -3.83643157 -3.20051639 
6.57933225e+01 -4.20869838 -4.11629968 -3.99518908 -3.83643157 -3.20051639 
5.33669923e+01 -4.20869838 -4.11629968 -3.99518908 -3.83643157 -3.20051639 
4.32876128e+01 -4.20869838 -4.11629968 -3.99518908 -3.83643157 -3.20051639 
3.51119173e+01 -4.20869838 -4.11629968 -3.99518908 -3.83643157 -3.20051639 
2.84803587e+01 -4.20869838 -4.11629968 -3.99518908 -3.83643157 -3.20051639 
2.31012970e+01 -4.20869838 -4.11629968 -3.99518908 -3.83643157 -3.20051639 
1.87381742e+01 -4.20869838 -4.11629968 -3.99518908 -3.83643157 -3.20051639 
1.51991108e+01 -4.20869838 -4.11629968 -3.99518908 -3.83643157 -3.20051639 
1.23284674e+01 -4.20869838 -4.11629968 -3.99518908 -3.83643157 -3.20051639 
1.00000000e+01 -4.20869838 -4.11629968 -3.99518908 -3.83643157 -3.20051639 
8.11130831e+00 -4.20869838 -4.11629968 -3.99518908 -3.83643157 -3.20051639 
6.57933225e+00 -4.20869838 -4.11629968 -3.99518908 -3.83643157 -3.20051639 
5.33669923e+00 -4.20869838 -4.11629968 -3.99518908 -3.83643157 -3.20051639 
4.32876128e+00 -4.20869838 -4.11629968 -3.99518908 -3.83643157 -3.20051639 
3.51119173e+00 -4.20869838 -4.11629968 -3.99518908 -3.83643157 -3.20051639 
2.84803587e+00 -4.20869838 -4.11629968 -3.99518908 -3.83643157 -3.20051639 
2.31012970e+00 -4.20869838 -4.11629968 -3.99518908 -3.83643157 -3.20051639 
1.87381742e+00 -4.20869838 -4.11629968 -3.99518908 -3.83643157 -3.20051639 
1.51991108e+00 -4.20869838 -4.11629968 -3.99518908 -3.83643157 -3.20051639 
1.23284674e+00 -4.20869838 -4.11629968 -3.99518908 -3.83643157 -3.20051639 
1.00000000e+00 -4.20869838 -4.11629968 -3.99518908 -3.83643157 -3.20051639 
8.11130831e-01 -4.20869838 -4.11629968 -3.99518908 -3.83643157 -3.20051639 
6.57933225e-01 -4.20869838 -4.11629968 -3.99518908 -3.83643157 -3.20051639 
5.33669923e-01 -4.20869838 -4.11629968 -3.99518908 -3.83643157 -3.20051639 
4.32876128e-01 -4.20869838 -4.11629968 -3.99518908 -3.83643157 -3.20051639 
3.51119173e-01 -4.20869838 -4.11629968 -3.99518908 -3.83643157 -3.20051639 
2.84803587e-01 -4.20869838 -4.11629968 -3.99518908 -3.83643157 -3.20051639 
2.31012970e-01 -4.20869838 -4.11629968 -3.99518908 -3.83643157 -3.20051639 
1.87381742e-01 -4.20869838 -4.11629968 -3.99518908 -3.83643157 -3.20051639 
1.51991108e-01 -4.20869838 -4.11629968 -3.99518908 -3.83643157 -3.20051639 
1.23284674e-01 -4.20869838 -4.11629968 -3.99518908 -3.83643157 -3.20051639 
1.00000000e-01 -4.20869838 -4.11629968 -3.99518908 -3.83643157 -3.20051639 
8.11130831e-02 -4.20869838 -4.11629968 -3.99518908 -3.83643157 -3.20051639 
6.57933225e-02 -4.20869838 -4.11629968 -3.99518908 -3.83643157 -3.20051639 
5.33669923e-02 -4.20869838 -4.11629968 -3.99518908 -3.83643157 -3.20051639 
4.32876128e-02 -4.20869838 -4.11629968 -3.99518908 -3.83643157 -3.20051639 
3.51119173e-02 -4.20869838 -4.11629968 -3.99518908 -3.83643157 -3.20051639 
2.84803587e-02 -4.20869838 -4.11629968 -3.99518908 -3.83643157 -3.20051639 
2.31012970e-02 -4.20869838 -4.11629968 -3.99518908 -3.83643157 -3.20051639 
1.87381742e-02 -4.20869838 -4.11629968 -3.99518908 -3.83643157 -3.20051639 
1.51991108e-02 -4.20869838 -4.11629968 -3.99518908 -3.83643157 -3.20051639 
1.23284674e-02 -4.20869838 -4.11629968 -3.99518908 -3.83643157 -3.20051639 
1.00000000e-02 -4.20869838 -4.11629968 -3.99518908 -3.83643157 -3.20051639 
8.11130831e-03 -4.20869838 -4.11629968 -3.99518908 -3.83643157 -3.20051639 
6.57933225e-03 -4.20869838 -4.11629968 -3.99518908 -3.83643157 -3.20051639 
5.33669923e-03 -4.20869838 -4.11629968 -3.99518908 -3.83643157 -3.20051639 
4.32876128e-03 -4.20869838 -4.11629968 -3.99518908 -3.83643157 -3.20051639 
3.51119173e-03 -4.20869838 -4.11629968 -3.99518908 -3.83643157 -3.20051639 
2.84803587e-03 -4.20869838 -4.11629968 -3.99518908 -3.83643157 -3.20051639 
2.31012970e-03 -4.20869838 -4.11629968 -3.99518908 -3.83643157 -3.20051639 
1.87381742e-03 -4.20869838 -4.11629968 -3.99518908 -3.83643157 -3.20051639 
1.51991108e-03 -4.20869838 -4.11629968 -3.99518908 -3.83643157 -3.20051639 
1.23284674e-03 -4.20869838 -4.11629968 -3.99518908 -3.83643157 -3.20051639 
1.00000000e-03 -4.20869838 -4.11629968 -3.99518908 -3.83643157 -3.20051639 
8.11130831e-04 -4.20869838 -4.11629968 -3.99518908 -3.83643157 -3.20051639 
6.57933225e-04 -4.20869838 -4.11629968 -3.99518908 -3.83643157 -3.20051639 
5.33669923e-04 -4.20869838 -4.11629968 -3.99518908 -3.83643157 -3.20051639 
4.32876128e-04 -4.20869838 -4.11629968 -3.99518908 -3.83643157 -3.20051639 
3.51119173e-04 -4.20869838 -4.11629968 -3.99518908 -3.83643157 -3.20051639 
2.84803587e-04 -4.20869838 -4.11629968 -3.99518908 -3.83643157 -3.20051639 
2.31012970e-04 -4.20869838 -4.11629968 -3.99518908 -3.83643157 -3.20051639 
1.87381742e-04 -4.20869838 -4.11629968 -3.99518908 -3.83643157 -3.20051639 
1.51991108e-04 -4.20869838 -4.11629968 -3.99518908 -3.83643157 -3.20051639 
1.23284674e-04 -4.20869838 -4.11629968 -3.99518908 -3.83643157 -3.20051639 
1.00000000e-04 -4.20869838 -4.11629968 -3.99518908 -3.83643157 -3.20051639 
8.11130831e-05 -4.20869838 -4.11629968 -3.99518908 -3.83643157 -3.20051639 
6.57933225e-05 -4.20869838 -4.11629968 -3.99518908 -3.83643157 -3.20051639 
5.33669923e-05 -4.20869838 -4.11629968 -3.99518908 -3.83643157 -3.20051639 
4.32876128e-05 -4.20869838 -4.11629968 -3.99518908 -3.83643157 -3.20051639 
3.51119173e-05 -4.20869838 -4.11629968 -3.99518908 -3.83643157 -3.20051639 
2.84803587e-05 -4.20869838 -4.11629968 -3.99518908 -3.83643157 -3.20051639 
2.31012970e-05 -4.20869838 -4.11629968 -3.99518908 -3.83643157 -3.20051639 
1.87381742e-05 -4.20869838 -4.11629968 -3.99518908 -3.83643157 -3.20051639 
1.51991108e-05 -4.20869838 -4.11629968 -3.99518908 -3.83643157 -3.20051639 
1.23284674e-05 -4.20869838 -4.11629968 -3.99518908 -3.83643157 -3.20051639 
1.00000000e-05 -4.20869838 -4.11629968 -3.99518908 -3.83643157 -3.20051639 
8.11130831e-06 -4.20869838 -4.11629968 -3.99518908 -3.83643157 -3.20051639 
6.57933225e-06 -4.20869838 -4.11629968 -3.99518908 -3.83643157 -3.20051639 
5.33669923e-06 -4.20869838 -4.11629968 -3.99518908 -3.83643157 -3.20051639 
4.32876128e-06 -4.20869838 -4.11629968 -3.99518908 -3.83643157 -3.20051639 
3.51119173e-06 -4.20869838 -4.11629968 -3.99518908 -3.83643157 -3.20051639 
2.84803587e-06 -4.20869838 -4.11629968 -3.99518908 -3.83643157 -3.20051639 
2.31012970e-06 -4.20869838 -4.11629968 -3.99518908 -3.83643157 -3.20051639 
1.87381742e-06 -4.20869838 -4.11629968 -3.99518908 -3.83643157 -3.20051639 
1.51991108e-06 -4.20869838 -4.11629968 -3.99518908 -3.83643157 -3.20051639 
1.23284674e-06 -4.20869838 -4.11629968 -3.99518908 -3.83643157 -3.20051639 
1.00000000e-06 -4.20869838 -4.11629968 -3.99518908 -3.83643157 -3.20051639 
8.11130831e-07 -4.20869838 -4.11629968 -3.99518908 -3.83643157 -3.20051639 
6.57933225e-07 -4.20869838 -4.11629968 -3.99518908 -3.83643157 -3.20051639 
5.33669923e-07 -4.20869838 -4.11629968 -3.99518908 -3.83643157 -3.20051639 
4.32876128e-07 -4.20869838 -4.11629968 -3.99518908 -3.83643157 -3.20051639 
3.51119173e-07 -4.20869838 -4.11629968 -3.99518908 -3.83643157 -3.20051639 
2.84803587e-07 -4.20869838 -4.11629968 -3.99518908 -3.83643157 -3.20051639 
2.31012970e-07 -4.20869838 -4.11629968 -3.99518908 -3.83643157 -3.20051639 
1.87381742e-07 -4.20869838 -4.11629968 -3.99518908 -3.83643157 -3.20051639 
1.51991108e-07 -4.20869838 -4.11629968 -3.99518908 -3.83643157 -3.20051639 
1.23284674e-07 -4.20869838 -4.11629968 -3.99518908 -3.83643157 -3.20051639 
1.00000000e-07 -4.20869838 -4.11629968 -3.99518908 -3.83643157 -3.20051639 
P (bar) | log_SO2: -2σ | log_SO2: -1σ | log_SO2: median | log_SO2: +1σ | log_SO2: +2σ 
1.00000000e+02 -5.99472620 -5.96481964 -5.89340077 -5.78464499 -5.29801347 
8.11130831e+01 -5.99472620 -5.96481964 -5.89340077 -5.78464499 -5.29801347 
6.57933225e+01 -5.99472620 -5.96481964 -5.89340077 -5.78464499 -5.29801347 
5.33669923e+01 -5.99472620 -5.96481964 -5.89340077 -5.78464499 -5.29801347 
4.32876128e+01 -5.99472620 -5.96481964 -5.89340077 -5.78464499 -5.29801347 
3.51119173e+01 -5.99472620 -5.96481964 -5.89340077 -5.78464499 -5.29801347 
2.84803587e+01 -5.99472620 -5.96481964 -5.89340077 -5.78464499 -5.29801347 
2.31012970e+01 -5.99472620 -5.96481964 -5.89340077 -5.78464499 -5.29801347 
1.87381742e+01 -5.99472620 -5.96481964 -5.89340077 -5.78464499 -5.29801347 
1.51991108e+01 -5.99472620 -5.96481964 -5.89340077 -5.78464499 -5.29801347 
1.23284674e+01 -5.99472620 -5.96481964 -5.89340077 -5.78464499 -5.29801347 
1.00000000e+01 -5.99472620 -5.96481964 -5.89340077 -5.78464499 -5.29801347 
8.11130831e+00 -5.99472620 -5.96481964 -5.89340077 -5.78464499 -5.29801347 
6.57933225e+00 -5.99472620 -5.96481964 -5.89340077 -5.78464499 -5.29801347 
5.33669923e+00 -5.99472620 -5.96481964 -5.89340077 -5.78464499 -5.29801347 
4.32876128e+00 -5.99472620 -5.96481964 -5.89340077 -5.78464499 -5.29801347 
3.51119173e+00 -5.99472620 -5.96481964 -5.89340077 -5.78464499 -5.29801347 
2.84803587e+00 -5.99472620 -5.96481964 -5.89340077 -5.78464499 -5.29801347 
2.31012970e+00 -5.99472620 -5.96481964 -5.89340077 -5.78464499 -5.29801347 
1.87381742e+00 -5.99472620 -5.96481964 -5.89340077 -5.78464499 -5.29801347 
1.51991108e+00 -5.99472620 -5.96481964 -5.89340077 -5.78464499 -5.29801347 
1.23284674e+00 -5.99472620 -5.96481964 -5.89340077 -5.78464499 -5.29801347 
1.00000000e+00 -5.99472620 -5.96481964 -5.89340077 -5.78464499 -5.29801347 
8.11130831e-01 -5.99472620 -5.96481964 -5.89340077 -5.78464499 -5.29801347 
6.57933225e-01 -5.99472620 -5.96481964 -5.89340077 -5.78464499 -5.29801347 
5.33669923e-01 -5.99472620 -5.96481964 -5.89340077 -5.78464499 -5.29801347 
4.32876128e-01 -5.99472620 -5.96481964 -5.89340077 -5.78464499 -5.29801347 
3.51119173e-01 -5.99472620 -5.96481964 -5.89340077 -5.78464499 -5.29801347 
2.84803587e-01 -5.99472620 -5.96481964 -5.89340077 -5.78464499 -5.29801347 
2.31012970e-01 -5.99472620 -5.96481964 -5.89340077 -5.78464499 -5.29801347 
1.87381742e-01 -5.99472620 -5.96481964 -5.89340077 -5.78464499 -5.29801347 
1.51991108e-01 -5.99472620 -5.96481964 -5.89340077 -5.78464499 -5.29801347 
1.23284674e-01 -5.99472620 -5.96481964 -5.89340077 -5.78464499 -5.29801347 
1.00000000e-01 -5.99472620 -5.96481964 -5.89340077 -5.78464499 -5.29801347 
8.11130831e-02 -5.99472620 -5.96481964 -5.89340077 -5.78464499 -5.29801347 
6.57933225e-02 -5.99472620 -5.96481964 -5.89340077 -5.78464499 -5.29801347 
5.33669923e-02 -5.99472620 -5.96481964 -5.89340077 -5.78464499 -5.29801347 
4.32876128e-02 -5.99472620 -5.96481964 -5.89340077 -5.78464499 -5.29801347 
3.51119173e-02 -5.99472620 -5.96481964 -5.89340077 -5.78464499 -5.29801347 
2.84803587e-02 -5.99472620 -5.96481964 -5.89340077 -5.78464499 -5.29801347 
2.31012970e-02 -5.99472620 -5.96481964 -5.89340077 -5.78464499 -5.29801347 
1.87381742e-02 -5.99472620 -5.96481964 -5.89340077 -5.78464499 -5.29801347 
1.51991108e-02 -5.99472620 -5.96481964 -5.89340077 -5.78464499 -5.29801347 
1.23284674e-02 -5.99472620 -5.96481964 -5.89340077 -5.78464499 -5.29801347 
1.00000000e-02 -5.99472620 -5.96481964 -5.89340077 -5.78464499 -5.29801347 
8.11130831e-03 -5.99472620 -5.96481964 -5.89340077 -5.78464499 -5.29801347 
6.57933225e-03 -5.99472620 -5.96481964 -5.89340077 -5.78464499 -5.29801347 
5.33669923e-03 -5.99472620 -5.96481964 -5.89340077 -5.78464499 -5.29801347 
4.32876128e-03 -5.99472620 -5.96481964 -5.89340077 -5.78464499 -5.29801347 
3.51119173e-03 -5.99472620 -5.96481964 -5.89340077 -5.78464499 -5.29801347 
2.84803587e-03 -5.99472620 -5.96481964 -5.89340077 -5.78464499 -5.29801347 
2.31012970e-03 -5.99472620 -5.96481964 -5.89340077 -5.78464499 -5.29801347 
1.87381742e-03 -5.99472620 -5.96481964 -5.89340077 -5.78464499 -5.29801347 
1.51991108e-03 -5.99472620 -5.96481964 -5.89340077 -5.78464499 -5.29801347 
1.23284674e-03 -5.99472620 -5.96481964 -5.89340077 -5.78464499 -5.29801347 
1.00000000e-03 -5.99472620 -5.96481964 -5.89340077 -5.78464499 -5.29801347 
8.11130831e-04 -5.99472620 -5.96481964 -5.89340077 -5.78464499 -5.29801347 
6.57933225e-04 -5.99472620 -5.96481964 -5.89340077 -5.78464499 -5.29801347 
5.33669923e-04 -5.99472620 -5.96481964 -5.89340077 -5.78464499 -5.29801347 
4.32876128e-04 -5.99472620 -5.96481964 -5.89340077 -5.78464499 -5.29801347 
3.51119173e-04 -5.99472620 -5.96481964 -5.89340077 -5.78464499 -5.29801347 
2.84803587e-04 -5.99472620 -5.96481964 -5.89340077 -5.78464499 -5.29801347 
2.31012970e-04 -5.99472620 -5.96481964 -5.89340077 -5.78464499 -5.29801347 
1.87381742e-04 -5.99472620 -5.96481964 -5.89340077 -5.78464499 -5.29801347 
1.51991108e-04 -5.99472620 -5.96481964 -5.89340077 -5.78464499 -5.29801347 
1.23284674e-04 -5.99472620 -5.96481964 -5.89340077 -5.78464499 -5.29801347 
1.00000000e-04 -5.99472620 -5.96481964 -5.89340077 -5.78464499 -5.29801347 
8.11130831e-05 -5.99472620 -5.96481964 -5.89340077 -5.78464499 -5.29801347 
6.57933225e-05 -5.99472620 -5.96481964 -5.89340077 -5.78464499 -5.29801347 
5.33669923e-05 -5.99472620 -5.96481964 -5.89340077 -5.78464499 -5.29801347 
4.32876128e-05 -5.99472620 -5.96481964 -5.89340077 -5.78464499 -5.29801347 
3.51119173e-05 -5.99472620 -5.96481964 -5.89340077 -5.78464499 -5.29801347 
2.84803587e-05 -5.99472620 -5.96481964 -5.89340077 -5.78464499 -5.29801347 
2.31012970e-05 -5.99472620 -5.96481964 -5.89340077 -5.78464499 -5.29801347 
1.87381742e-05 -5.99472620 -5.96481964 -5.89340077 -5.78464499 -5.29801347 
1.51991108e-05 -5.99472620 -5.96481964 -5.89340077 -5.78464499 -5.29801347 
1.23284674e-05 -5.99472620 -5.96481964 -5.89340077 -5.78464499 -5.29801347 
1.00000000e-05 -5.99472620 -5.96481964 -5.89340077 -5.78464499 -5.29801347 
8.11130831e-06 -5.99472620 -5.96481964 -5.89340077 -5.78464499 -5.29801347 
6.57933225e-06 -5.99472620 -5.96481964 -5.89340077 -5.78464499 -5.29801347 
5.33669923e-06 -5.99472620 -5.96481964 -5.89340077 -5.78464499 -5.29801347 
4.32876128e-06 -5.99472620 -5.96481964 -5.89340077 -5.78464499 -5.29801347 
3.51119173e-06 -5.99472620 -5.96481964 -5.89340077 -5.78464499 -5.29801347 
2.84803587e-06 -5.99472620 -5.96481964 -5.89340077 -5.78464499 -5.29801347 
2.31012970e-06 -5.99472620 -5.96481964 -5.89340077 -5.78464499 -5.29801347 
1.87381742e-06 -5.99472620 -5.96481964 -5.89340077 -5.78464499 -5.29801347 
1.51991108e-06 -5.99472620 -5.96481964 -5.89340077 -5.78464499 -5.29801347 
1.23284674e-06 -5.99472620 -5.96481964 -5.89340077 -5.78464499 -5.29801347 
1.00000000e-06 -5.99472620 -5.96481964 -5.89340077 -5.78464499 -5.29801347 
8.11130831e-07 -5.99472620 -5.96481964 -5.89340077 -5.78464499 -5.29801347 
6.57933225e-07 -5.99472620 -5.96481964 -5.89340077 -5.78464499 -5.29801347 
5.33669923e-07 -5.99472620 -5.96481964 -5.89340077 -5.78464499 -5.29801347 
4.32876128e-07 -5.99472620 -5.96481964 -5.89340077 -5.78464499 -5.29801347 
3.51119173e-07 -5.99472620 -5.96481964 -5.89340077 -5.78464499 -5.29801347 
2.84803587e-07 -5.99472620 -5.96481964 -5.89340077 -5.78464499 -5.29801347 
2.31012970e-07 -5.99472620 -5.96481964 -5.89340077 -5.78464499 -5.29801347 
1.87381742e-07 -5.99472620 -5.96481964 -5.89340077 -5.78464499 -5.29801347 
1.51991108e-07 -5.99472620 -5.96481964 -5.89340077 -5.78464499 -5.29801347 
1.23284674e-07 -5.99472620 -5.96481964 -5.89340077 -5.78464499 -5.29801347 
1.00000000e-07 -5.99472620 -5.96481964 -5.89340077 -5.78464499 -5.29801347 
P (bar) | log_CO: -2σ | log_CO: -1σ | log_CO: median | log_CO: +1σ | log_CO: +2σ 
1.00000000e+02 -2.98882014 -2.95001357 -2.83960259 -2.62097715 -1.38300864 
8.11130831e+01 -2.98882014 -2.95001357 -2.83960259 -2.62097715 -1.38300864 
6.57933225e+01 -2.98882014 -2.95001357 -2.83960259 -2.62097715 -1.38300864 
5.33669923e+01 -2.98882014 -2.95001357 -2.83960259 -2.62097715 -1.38300864 
4.32876128e+01 -2.98882014 -2.95001357 -2.83960259 -2.62097715 -1.38300864 
3.51119173e+01 -2.98882014 -2.95001357 -2.83960259 -2.62097715 -1.38300864 
2.84803587e+01 -2.98882014 -2.95001357 -2.83960259 -2.62097715 -1.38300864 
2.31012970e+01 -2.98882014 -2.95001357 -2.83960259 -2.62097715 -1.38300864 
1.87381742e+01 -2.98882014 -2.95001357 -2.83960259 -2.62097715 -1.38300864 
1.51991108e+01 -2.98882014 -2.95001357 -2.83960259 -2.62097715 -1.38300864 
1.23284674e+01 -2.98882014 -2.95001357 -2.83960259 -2.62097715 -1.38300864 
1.00000000e+01 -2.98882014 -2.95001357 -2.83960259 -2.62097715 -1.38300864 
8.11130831e+00 -2.98882014 -2.95001357 -2.83960259 -2.62097715 -1.38300864 
6.57933225e+00 -2.98882014 -2.95001357 -2.83960259 -2.62097715 -1.38300864 
5.33669923e+00 -2.98882014 -2.95001357 -2.83960259 -2.62097715 -1.38300864 
4.32876128e+00 -2.98882014 -2.95001357 -2.83960259 -2.62097715 -1.38300864 
3.51119173e+00 -2.98882014 -2.95001357 -2.83960259 -2.62097715 -1.38300864 
2.84803587e+00 -2.98882014 -2.95001357 -2.83960259 -2.62097715 -1.38300864 
2.31012970e+00 -2.98882014 -2.95001357 -2.83960259 -2.62097715 -1.38300864 
1.87381742e+00 -2.98882014 -2.95001357 -2.83960259 -2.62097715 -1.38300864 
1.51991108e+00 -2.98882014 -2.95001357 -2.83960259 -2.62097715 -1.38300864 
1.23284674e+00 -2.98882014 -2.95001357 -2.83960259 -2.62097715 -1.38300864 
1.00000000e+00 -2.98882014 -2.95001357 -2.83960259 -2.62097715 -1.38300864 
8.11130831e-01 -2.98882014 -2.95001357 -2.83960259 -2.62097715 -1.38300864 
6.57933225e-01 -2.98882014 -2.95001357 -2.83960259 -2.62097715 -1.38300864 
5.33669923e-01 -2.98882014 -2.95001357 -2.83960259 -2.62097715 -1.38300864 
4.32876128e-01 -2.98882014 -2.95001357 -2.83960259 -2.62097715 -1.38300864 
3.51119173e-01 -2.98882014 -2.95001357 -2.83960259 -2.62097715 -1.38300864 
2.84803587e-01 -2.98882014 -2.95001357 -2.83960259 -2.62097715 -1.38300864 
2.31012970e-01 -2.98882014 -2.95001357 -2.83960259 -2.62097715 -1.38300864 
1.87381742e-01 -2.98882014 -2.95001357 -2.83960259 -2.62097715 -1.38300864 
1.51991108e-01 -2.98882014 -2.95001357 -2.83960259 -2.62097715 -1.38300864 
1.23284674e-01 -2.98882014 -2.95001357 -2.83960259 -2.62097715 -1.38300864 
1.00000000e-01 -2.98882014 -2.95001357 -2.83960259 -2.62097715 -1.38300864 
8.11130831e-02 -2.98882014 -2.95001357 -2.83960259 -2.62097715 -1.38300864 
6.57933225e-02 -2.98882014 -2.95001357 -2.83960259 -2.62097715 -1.38300864 
5.33669923e-02 -2.98882014 -2.95001357 -2.83960259 -2.62097715 -1.38300864 
4.32876128e-02 -2.98882014 -2.95001357 -2.83960259 -2.62097715 -1.38300864 
3.51119173e-02 -2.98882014 -2.95001357 -2.83960259 -2.62097715 -1.38300864 
2.84803587e-02 -2.98882014 -2.95001357 -2.83960259 -2.62097715 -1.38300864 
2.31012970e-02 -2.98882014 -2.95001357 -2.83960259 -2.62097715 -1.38300864 
1.87381742e-02 -2.98882014 -2.95001357 -2.83960259 -2.62097715 -1.38300864 
1.51991108e-02 -2.98882014 -2.95001357 -2.83960259 -2.62097715 -1.38300864 
1.23284674e-02 -2.98882014 -2.95001357 -2.83960259 -2.62097715 -1.38300864 
1.00000000e-02 -2.98882014 -2.95001357 -2.83960259 -2.62097715 -1.38300864 
8.11130831e-03 -2.98882014 -2.95001357 -2.83960259 -2.62097715 -1.38300864 
6.57933225e-03 -2.98882014 -2.95001357 -2.83960259 -2.62097715 -1.38300864 
5.33669923e-03 -2.98882014 -2.95001357 -2.83960259 -2.62097715 -1.38300864 
4.32876128e-03 -2.98882014 -2.95001357 -2.83960259 -2.62097715 -1.38300864 
3.51119173e-03 -2.98882014 -2.95001357 -2.83960259 -2.62097715 -1.38300864 
2.84803587e-03 -2.98882014 -2.95001357 -2.83960259 -2.62097715 -1.38300864 
2.31012970e-03 -2.98882014 -2.95001357 -2.83960259 -2.62097715 -1.38300864 
1.87381742e-03 -2.98882014 -2.95001357 -2.83960259 -2.62097715 -1.38300864 
1.51991108e-03 -2.98882014 -2.95001357 -2.83960259 -2.62097715 -1.38300864 
1.23284674e-03 -2.98882014 -2.95001357 -2.83960259 -2.62097715 -1.38300864 
1.00000000e-03 -2.98882014 -2.95001357 -2.83960259 -2.62097715 -1.38300864 
8.11130831e-04 -2.98882014 -2.95001357 -2.83960259 -2.62097715 -1.38300864 
6.57933225e-04 -2.98882014 -2.95001357 -2.83960259 -2.62097715 -1.38300864 
5.33669923e-04 -2.98882014 -2.95001357 -2.83960259 -2.62097715 -1.38300864 
4.32876128e-04 -2.98882014 -2.95001357 -2.83960259 -2.62097715 -1.38300864 
3.51119173e-04 -2.98882014 -2.95001357 -2.83960259 -2.62097715 -1.38300864 
2.84803587e-04 -2.98882014 -2.95001357 -2.83960259 -2.62097715 -1.38300864 
2.31012970e-04 -2.98882014 -2.95001357 -2.83960259 -2.62097715 -1.38300864 
1.87381742e-04 -2.98882014 -2.95001357 -2.83960259 -2.62097715 -1.38300864 
1.51991108e-04 -2.98882014 -2.95001357 -2.83960259 -2.62097715 -1.38300864 
1.23284674e-04 -2.98882014 -2.95001357 -2.83960259 -2.62097715 -1.38300864 
1.00000000e-04 -2.98882014 -2.95001357 -2.83960259 -2.62097715 -1.38300864 
8.11130831e-05 -2.98882014 -2.95001357 -2.83960259 -2.62097715 -1.38300864 
6.57933225e-05 -2.98882014 -2.95001357 -2.83960259 -2.62097715 -1.38300864 
5.33669923e-05 -2.98882014 -2.95001357 -2.83960259 -2.62097715 -1.38300864 
4.32876128e-05 -2.98882014 -2.95001357 -2.83960259 -2.62097715 -1.38300864 
3.51119173e-05 -2.98882014 -2.95001357 -2.83960259 -2.62097715 -1.38300864 
2.84803587e-05 -2.98882014 -2.95001357 -2.83960259 -2.62097715 -1.38300864 
2.31012970e-05 -2.98882014 -2.95001357 -2.83960259 -2.62097715 -1.38300864 
1.87381742e-05 -2.98882014 -2.95001357 -2.83960259 -2.62097715 -1.38300864 
1.51991108e-05 -2.98882014 -2.95001357 -2.83960259 -2.62097715 -1.38300864 
1.23284674e-05 -2.98882014 -2.95001357 -2.83960259 -2.62097715 -1.38300864 
1.00000000e-05 -2.98882014 -2.95001357 -2.83960259 -2.62097715 -1.38300864 
8.11130831e-06 -2.98882014 -2.95001357 -2.83960259 -2.62097715 -1.38300864 
6.57933225e-06 -2.98882014 -2.95001357 -2.83960259 -2.62097715 -1.38300864 
5.33669923e-06 -2.98882014 -2.95001357 -2.83960259 -2.62097715 -1.38300864 
4.32876128e-06 -2.98882014 -2.95001357 -2.83960259 -2.62097715 -1.38300864 
3.51119173e-06 -2.98882014 -2.95001357 -2.83960259 -2.62097715 -1.38300864 
2.84803587e-06 -2.98882014 -2.95001357 -2.83960259 -2.62097715 -1.38300864 
2.31012970e-06 -2.98882014 -2.95001357 -2.83960259 -2.62097715 -1.38300864 
1.87381742e-06 -2.98882014 -2.95001357 -2.83960259 -2.62097715 -1.38300864 
1.51991108e-06 -2.98882014 -2.95001357 -2.83960259 -2.62097715 -1.38300864 
1.23284674e-06 -2.98882014 -2.95001357 -2.83960259 -2.62097715 -1.38300864 
1.00000000e-06 -2.98882014 -2.95001357 -2.83960259 -2.62097715 -1.38300864 
8.11130831e-07 -2.98882014 -2.95001357 -2.83960259 -2.62097715 -1.38300864 
6.57933225e-07 -2.98882014 -2.95001357 -2.83960259 -2.62097715 -1.38300864 
5.33669923e-07 -2.98882014 -2.95001357 -2.83960259 -2.62097715 -1.38300864 
4.32876128e-07 -2.98882014 -2.95001357 -2.83960259 -2.62097715 -1.38300864 
3.51119173e-07 -2.98882014 -2.95001357 -2.83960259 -2.62097715 -1.38300864 
2.84803587e-07 -2.98882014 -2.95001357 -2.83960259 -2.62097715 -1.38300864 
2.31012970e-07 -2.98882014 -2.95001357 -2.83960259 -2.62097715 -1.38300864 
1.87381742e-07 -2.98882014 -2.95001357 -2.83960259 -2.62097715 -1.38300864 
1.51991108e-07 -2.98882014 -2.95001357 -2.83960259 -2.62097715 -1.38300864 
1.23284674e-07 -2.98882014 -2.95001357 -2.83960259 -2.62097715 -1.38300864 
1.00000000e-07 -2.98882014 -2.95001357 -2.83960259 -2.62097715 -1.38300864 
P (bar) | log_Na: -2σ | log_Na: -1σ | log_Na: median | log_Na: +1σ | log_Na: +2σ 
1.00000000e+02 -6.27104628 -6.16365530 -6.04529112 -5.89656043 -4.91116106 
8.11130831e+01 -6.27104628 -6.16365530 -6.04529112 -5.89656043 -4.91116106 
6.57933225e+01 -6.27104628 -6.16365530 -6.04529112 -5.89656043 -4.91116106 
5.33669923e+01 -6.27104628 -6.16365530 -6.04529112 -5.89656043 -4.91116106 
4.32876128e+01 -6.27104628 -6.16365530 -6.04529112 -5.89656043 -4.91116106 
3.51119173e+01 -6.27104628 -6.16365530 -6.04529112 -5.89656043 -4.91116106 
2.84803587e+01 -6.27104628 -6.16365530 -6.04529112 -5.89656043 -4.91116106 
2.31012970e+01 -6.27104628 -6.16365530 -6.04529112 -5.89656043 -4.91116106 
1.87381742e+01 -6.27104628 -6.16365530 -6.04529112 -5.89656043 -4.91116106 
1.51991108e+01 -6.27104628 -6.16365530 -6.04529112 -5.89656043 -4.91116106 
1.23284674e+01 -6.27104628 -6.16365530 -6.04529112 -5.89656043 -4.91116106 
1.00000000e+01 -6.27104628 -6.16365530 -6.04529112 -5.89656043 -4.91116106 
8.11130831e+00 -6.27104628 -6.16365530 -6.04529112 -5.89656043 -4.91116106 
6.57933225e+00 -6.27104628 -6.16365530 -6.04529112 -5.89656043 -4.91116106 
5.33669923e+00 -6.27104628 -6.16365530 -6.04529112 -5.89656043 -4.91116106 
4.32876128e+00 -6.27104628 -6.16365530 -6.04529112 -5.89656043 -4.91116106 
3.51119173e+00 -6.27104628 -6.16365530 -6.04529112 -5.89656043 -4.91116106 
2.84803587e+00 -6.27104628 -6.16365530 -6.04529112 -5.89656043 -4.91116106 
2.31012970e+00 -6.27104628 -6.16365530 -6.04529112 -5.89656043 -4.91116106 
1.87381742e+00 -6.27104628 -6.16365530 -6.04529112 -5.89656043 -4.91116106 
1.51991108e+00 -6.27104628 -6.16365530 -6.04529112 -5.89656043 -4.91116106 
1.23284674e+00 -6.27104628 -6.16365530 -6.04529112 -5.89656043 -4.91116106 
1.00000000e+00 -6.27104628 -6.16365530 -6.04529112 -5.89656043 -4.91116106 
8.11130831e-01 -6.27104628 -6.16365530 -6.04529112 -5.89656043 -4.91116106 
6.57933225e-01 -6.27104628 -6.16365530 -6.04529112 -5.89656043 -4.91116106 
5.33669923e-01 -6.27104628 -6.16365530 -6.04529112 -5.89656043 -4.91116106 
4.32876128e-01 -6.27104628 -6.16365530 -6.04529112 -5.89656043 -4.91116106 
3.51119173e-01 -6.27104628 -6.16365530 -6.04529112 -5.89656043 -4.91116106 
2.84803587e-01 -6.27104628 -6.16365530 -6.04529112 -5.89656043 -4.91116106 
2.31012970e-01 -6.27104628 -6.16365530 -6.04529112 -5.89656043 -4.91116106 
1.87381742e-01 -6.27104628 -6.16365530 -6.04529112 -5.89656043 -4.91116106 
1.51991108e-01 -6.27104628 -6.16365530 -6.04529112 -5.89656043 -4.91116106 
1.23284674e-01 -6.27104628 -6.16365530 -6.04529112 -5.89656043 -4.91116106 
1.00000000e-01 -6.27104628 -6.16365530 -6.04529112 -5.89656043 -4.91116106 
8.11130831e-02 -6.27104628 -6.16365530 -6.04529112 -5.89656043 -4.91116106 
6.57933225e-02 -6.27104628 -6.16365530 -6.04529112 -5.89656043 -4.91116106 
5.33669923e-02 -6.27104628 -6.16365530 -6.04529112 -5.89656043 -4.91116106 
4.32876128e-02 -6.27104628 -6.16365530 -6.04529112 -5.89656043 -4.91116106 
3.51119173e-02 -6.27104628 -6.16365530 -6.04529112 -5.89656043 -4.91116106 
2.84803587e-02 -6.27104628 -6.16365530 -6.04529112 -5.89656043 -4.91116106 
2.31012970e-02 -6.27104628 -6.16365530 -6.04529112 -5.89656043 -4.91116106 
1.87381742e-02 -6.27104628 -6.16365530 -6.04529112 -5.89656043 -4.91116106 
1.51991108e-02 -6.27104628 -6.16365530 -6.04529112 -5.89656043 -4.91116106 
1.23284674e-02 -6.27104628 -6.16365530 -6.04529112 -5.89656043 -4.91116106 
1.00000000e-02 -6.27104628 -6.16365530 -6.04529112 -5.89656043 -4.91116106 
8.11130831e-03 -6.27104628 -6.16365530 -6.04529112 -5.89656043 -4.91116106 
6.57933225e-03 -6.27104628 -6.16365530 -6.04529112 -5.89656043 -4.91116106 
5.33669923e-03 -6.27104628 -6.16365530 -6.04529112 -5.89656043 -4.91116106 
4.32876128e-03 -6.27104628 -6.16365530 -6.04529112 -5.89656043 -4.91116106 
3.51119173e-03 -6.27104628 -6.16365530 -6.04529112 -5.89656043 -4.91116106 
2.84803587e-03 -6.27104628 -6.16365530 -6.04529112 -5.89656043 -4.91116106 
2.31012970e-03 -6.27104628 -6.16365530 -6.04529112 -5.89656043 -4.91116106 
1.87381742e-03 -6.27104628 -6.16365530 -6.04529112 -5.89656043 -4.91116106 
1.51991108e-03 -6.27104628 -6.16365530 -6.04529112 -5.89656043 -4.91116106 
1.23284674e-03 -6.27104628 -6.16365530 -6.04529112 -5.89656043 -4.91116106 
1.00000000e-03 -6.27104628 -6.16365530 -6.04529112 -5.89656043 -4.91116106 
8.11130831e-04 -6.27104628 -6.16365530 -6.04529112 -5.89656043 -4.91116106 
6.57933225e-04 -6.27104628 -6.16365530 -6.04529112 -5.89656043 -4.91116106 
5.33669923e-04 -6.27104628 -6.16365530 -6.04529112 -5.89656043 -4.91116106 
4.32876128e-04 -6.27104628 -6.16365530 -6.04529112 -5.89656043 -4.91116106 
3.51119173e-04 -6.27104628 -6.16365530 -6.04529112 -5.89656043 -4.91116106 
2.84803587e-04 -6.27104628 -6.16365530 -6.04529112 -5.89656043 -4.91116106 
2.31012970e-04 -6.27104628 -6.16365530 -6.04529112 -5.89656043 -4.91116106 
1.87381742e-04 -6.27104628 -6.16365530 -6.04529112 -5.89656043 -4.91116106 
1.51991108e-04 -6.27104628 -6.16365530 -6.04529112 -5.89656043 -4.91116106 
1.23284674e-04 -6.27104628 -6.16365530 -6.04529112 -5.89656043 -4.91116106 
1.00000000e-04 -6.27104628 -6.16365530 -6.04529112 -5.89656043 -4.91116106 
8.11130831e-05 -6.27104628 -6.16365530 -6.04529112 -5.89656043 -4.91116106 
6.57933225e-05 -6.27104628 -6.16365530 -6.04529112 -5.89656043 -4.91116106 
5.33669923e-05 -6.27104628 -6.16365530 -6.04529112 -5.89656043 -4.91116106 
4.32876128e-05 -6.27104628 -6.16365530 -6.04529112 -5.89656043 -4.91116106 
3.51119173e-05 -6.27104628 -6.16365530 -6.04529112 -5.89656043 -4.91116106 
2.84803587e-05 -6.27104628 -6.16365530 -6.04529112 -5.89656043 -4.91116106 
2.31012970e-05 -6.27104628 -6.16365530 -6.04529112 -5.89656043 -4.91116106 
1.87381742e-05 -6.27104628 -6.16365530 -6.04529112 -5.89656043 -4.91116106 
1.51991108e-05 -6.27104628 -6.16365530 -6.04529112 -5.89656043 -4.91116106 
1.23284674e-05 -6.27104628 -6.16365530 -6.04529112 -5.89656043 -4.91116106 
1.00000000e-05 -6.27104628 -6.16365530 -6.04529112 -5.89656043 -4.91116106 
8.11130831e-06 -6.27104628 -6.16365530 -6.04529112 -5.89656043 -4.91116106 
6.57933225e-06 -6.27104628 -6.16365530 -6.04529112 -5.89656043 -4.91116106 
5.33669923e-06 -6.27104628 -6.16365530 -6.04529112 -5.89656043 -4.91116106 
4.32876128e-06 -6.27104628 -6.16365530 -6.04529112 -5.89656043 -4.91116106 
3.51119173e-06 -6.27104628 -6.16365530 -6.04529112 -5.89656043 -4.91116106 
2.84803587e-06 -6.27104628 -6.16365530 -6.04529112 -5.89656043 -4.91116106 
2.31012970e-06 -6.27104628 -6.16365530 -6.04529112 -5.89656043 -4.91116106 
1.87381742e-06 -6.27104628 -6.16365530 -6.04529112 -5.89656043 -4.91116106 
1.51991108e-06 -6.27104628 -6.16365530 -6.04529112 -5.89656043 -4.91116106 
1.23284674e-06 -6.27104628 -6.16365530 -6.04529112 -5.89656043 -4.91116106 
1.00000000e-06 -6.27104628 -6.16365530 -6.04529112 -5.89656043 -4.91116106 
8.11130831e-07 -6.27104628 -6.16365530 -6.04529112 -5.89656043 -4.91116106 
6.57933225e-07 -6.27104628 -6.16365530 -6.04529112 -5.89656043 -4.91116106 
5.33669923e-07 -6.27104628 -6.16365530 -6.04529112 -5.89656043 -4.91116106 
4.32876128e-07 -6.27104628 -6.16365530 -6.04529112 -5.89656043 -4.91116106 
3.51119173e-07 -6.27104628 -6.16365530 -6.04529112 -5.89656043 -4.91116106 
2.84803587e-07 -6.27104628 -6.16365530 -6.04529112 -5.89656043 -4.91116106 
2.31012970e-07 -6.27104628 -6.16365530 -6.04529112 -5.89656043 -4.91116106 
1.87381742e-07 -6.27104628 -6.16365530 -6.04529112 -5.89656043 -4.91116106 
1.51991108e-07 -6.27104628 -6.16365530 -6.04529112 -5.89656043 -4.91116106 
1.23284674e-07 -6.27104628 -6.16365530 -6.04529112 -5.89656043 -4.91116106 
1.00000000e-07 -6.27104628 -6.16365530 -6.04529112 -5.89656043 -4.91116106 
P (bar) | log_H2S: -2σ | log_H2S: -1σ | log_H2S: median | log_H2S: +1σ | log_H2S: +2σ 
1.00000000e+02 -5.41133361 -5.15641227 -4.98357920 -4.81235687 -4.14209952 
8.11130831e+01 -5.41133361 -5.15641227 -4.98357920 -4.81235687 -4.14209952 
6.57933225e+01 -5.41133361 -5.15641227 -4.98357920 -4.81235687 -4.14209952 
5.33669923e+01 -5.41133361 -5.15641227 -4.98357920 -4.81235687 -4.14209952 
4.32876128e+01 -5.41133361 -5.15641227 -4.98357920 -4.81235687 -4.14209952 
3.51119173e+01 -5.41133361 -5.15641227 -4.98357920 -4.81235687 -4.14209952 
2.84803587e+01 -5.41133361 -5.15641227 -4.98357920 -4.81235687 -4.14209952 
2.31012970e+01 -5.41133361 -5.15641227 -4.98357920 -4.81235687 -4.14209952 
1.87381742e+01 -5.41133361 -5.15641227 -4.98357920 -4.81235687 -4.14209952 
1.51991108e+01 -5.41133361 -5.15641227 -4.98357920 -4.81235687 -4.14209952 
1.23284674e+01 -5.41133361 -5.15641227 -4.98357920 -4.81235687 -4.14209952 
1.00000000e+01 -5.41133361 -5.15641227 -4.98357920 -4.81235687 -4.14209952 
8.11130831e+00 -5.41133361 -5.15641227 -4.98357920 -4.81235687 -4.14209952 
6.57933225e+00 -5.41133361 -5.15641227 -4.98357920 -4.81235687 -4.14209952 
5.33669923e+00 -5.41133361 -5.15641227 -4.98357920 -4.81235687 -4.14209952 
4.32876128e+00 -5.41133361 -5.15641227 -4.98357920 -4.81235687 -4.14209952 
3.51119173e+00 -5.41133361 -5.15641227 -4.98357920 -4.81235687 -4.14209952 
2.84803587e+00 -5.41133361 -5.15641227 -4.98357920 -4.81235687 -4.14209952 
2.31012970e+00 -5.41133361 -5.15641227 -4.98357920 -4.81235687 -4.14209952 
1.87381742e+00 -5.41133361 -5.15641227 -4.98357920 -4.81235687 -4.14209952 
1.51991108e+00 -5.41133361 -5.15641227 -4.98357920 -4.81235687 -4.14209952 
1.23284674e+00 -5.41133361 -5.15641227 -4.98357920 -4.81235687 -4.14209952 
1.00000000e+00 -5.41133361 -5.15641227 -4.98357920 -4.81235687 -4.14209952 
8.11130831e-01 -5.41133361 -5.15641227 -4.98357920 -4.81235687 -4.14209952 
6.57933225e-01 -5.41133361 -5.15641227 -4.98357920 -4.81235687 -4.14209952 
5.33669923e-01 -5.41133361 -5.15641227 -4.98357920 -4.81235687 -4.14209952 
4.32876128e-01 -5.41133361 -5.15641227 -4.98357920 -4.81235687 -4.14209952 
3.51119173e-01 -5.41133361 -5.15641227 -4.98357920 -4.81235687 -4.14209952 
2.84803587e-01 -5.41133361 -5.15641227 -4.98357920 -4.81235687 -4.14209952 
2.31012970e-01 -5.41133361 -5.15641227 -4.98357920 -4.81235687 -4.14209952 
1.87381742e-01 -5.41133361 -5.15641227 -4.98357920 -4.81235687 -4.14209952 
1.51991108e-01 -5.41133361 -5.15641227 -4.98357920 -4.81235687 -4.14209952 
1.23284674e-01 -5.41133361 -5.15641227 -4.98357920 -4.81235687 -4.14209952 
1.00000000e-01 -5.41133361 -5.15641227 -4.98357920 -4.81235687 -4.14209952 
8.11130831e-02 -5.41133361 -5.15641227 -4.98357920 -4.81235687 -4.14209952 
6.57933225e-02 -5.41133361 -5.15641227 -4.98357920 -4.81235687 -4.14209952 
5.33669923e-02 -5.41133361 -5.15641227 -4.98357920 -4.81235687 -4.14209952 
4.32876128e-02 -5.41133361 -5.15641227 -4.98357920 -4.81235687 -4.14209952 
3.51119173e-02 -5.41133361 -5.15641227 -4.98357920 -4.81235687 -4.14209952 
2.84803587e-02 -5.41133361 -5.15641227 -4.98357920 -4.81235687 -4.14209952 
2.31012970e-02 -5.41133361 -5.15641227 -4.98357920 -4.81235687 -4.14209952 
1.87381742e-02 -5.41133361 -5.15641227 -4.98357920 -4.81235687 -4.14209952 
1.51991108e-02 -5.41133361 -5.15641227 -4.98357920 -4.81235687 -4.14209952 
1.23284674e-02 -5.41133361 -5.15641227 -4.98357920 -4.81235687 -4.14209952 
1.00000000e-02 -5.41133361 -5.15641227 -4.98357920 -4.81235687 -4.14209952 
8.11130831e-03 -5.41133361 -5.15641227 -4.98357920 -4.81235687 -4.14209952 
6.57933225e-03 -5.41133361 -5.15641227 -4.98357920 -4.81235687 -4.14209952 
5.33669923e-03 -5.41133361 -5.15641227 -4.98357920 -4.81235687 -4.14209952 
4.32876128e-03 -5.41133361 -5.15641227 -4.98357920 -4.81235687 -4.14209952 
3.51119173e-03 -5.41133361 -5.15641227 -4.98357920 -4.81235687 -4.14209952 
2.84803587e-03 -5.41133361 -5.15641227 -4.98357920 -4.81235687 -4.14209952 
2.31012970e-03 -5.41133361 -5.15641227 -4.98357920 -4.81235687 -4.14209952 
1.87381742e-03 -5.41133361 -5.15641227 -4.98357920 -4.81235687 -4.14209952 
1.51991108e-03 -5.41133361 -5.15641227 -4.98357920 -4.81235687 -4.14209952 
1.23284674e-03 -5.41133361 -5.15641227 -4.98357920 -4.81235687 -4.14209952 
1.00000000e-03 -5.41133361 -5.15641227 -4.98357920 -4.81235687 -4.14209952 
8.11130831e-04 -5.41133361 -5.15641227 -4.98357920 -4.81235687 -4.14209952 
6.57933225e-04 -5.41133361 -5.15641227 -4.98357920 -4.81235687 -4.14209952 
5.33669923e-04 -5.41133361 -5.15641227 -4.98357920 -4.81235687 -4.14209952 
4.32876128e-04 -5.41133361 -5.15641227 -4.98357920 -4.81235687 -4.14209952 
3.51119173e-04 -5.41133361 -5.15641227 -4.98357920 -4.81235687 -4.14209952 
2.84803587e-04 -5.41133361 -5.15641227 -4.98357920 -4.81235687 -4.14209952 
2.31012970e-04 -5.41133361 -5.15641227 -4.98357920 -4.81235687 -4.14209952 
1.87381742e-04 -5.41133361 -5.15641227 -4.98357920 -4.81235687 -4.14209952 
1.51991108e-04 -5.41133361 -5.15641227 -4.98357920 -4.81235687 -4.14209952 
1.23284674e-04 -5.41133361 -5.15641227 -4.98357920 -4.81235687 -4.14209952 
1.00000000e-04 -5.41133361 -5.15641227 -4.98357920 -4.81235687 -4.14209952 
8.11130831e-05 -5.41133361 -5.15641227 -4.98357920 -4.81235687 -4.14209952 
6.57933225e-05 -5.41133361 -5.15641227 -4.98357920 -4.81235687 -4.14209952 
5.33669923e-05 -5.41133361 -5.15641227 -4.98357920 -4.81235687 -4.14209952 
4.32876128e-05 -5.41133361 -5.15641227 -4.98357920 -4.81235687 -4.14209952 
3.51119173e-05 -5.41133361 -5.15641227 -4.98357920 -4.81235687 -4.14209952 
2.84803587e-05 -5.41133361 -5.15641227 -4.98357920 -4.81235687 -4.14209952 
2.31012970e-05 -5.41133361 -5.15641227 -4.98357920 -4.81235687 -4.14209952 
1.87381742e-05 -5.41133361 -5.15641227 -4.98357920 -4.81235687 -4.14209952 
1.51991108e-05 -5.41133361 -5.15641227 -4.98357920 -4.81235687 -4.14209952 
1.23284674e-05 -5.41133361 -5.15641227 -4.98357920 -4.81235687 -4.14209952 
1.00000000e-05 -5.41133361 -5.15641227 -4.98357920 -4.81235687 -4.14209952 
8.11130831e-06 -5.41133361 -5.15641227 -4.98357920 -4.81235687 -4.14209952 
6.57933225e-06 -5.41133361 -5.15641227 -4.98357920 -4.81235687 -4.14209952 
5.33669923e-06 -5.41133361 -5.15641227 -4.98357920 -4.81235687 -4.14209952 
4.32876128e-06 -5.41133361 -5.15641227 -4.98357920 -4.81235687 -4.14209952 
3.51119173e-06 -5.41133361 -5.15641227 -4.98357920 -4.81235687 -4.14209952 
2.84803587e-06 -5.41133361 -5.15641227 -4.98357920 -4.81235687 -4.14209952 
2.31012970e-06 -5.41133361 -5.15641227 -4.98357920 -4.81235687 -4.14209952 
1.87381742e-06 -5.41133361 -5.15641227 -4.98357920 -4.81235687 -4.14209952 
1.51991108e-06 -5.41133361 -5.15641227 -4.98357920 -4.81235687 -4.14209952 
1.23284674e-06 -5.41133361 -5.15641227 -4.98357920 -4.81235687 -4.14209952 
1.00000000e-06 -5.41133361 -5.15641227 -4.98357920 -4.81235687 -4.14209952 
8.11130831e-07 -5.41133361 -5.15641227 -4.98357920 -4.81235687 -4.14209952 
6.57933225e-07 -5.41133361 -5.15641227 -4.98357920 -4.81235687 -4.14209952 
5.33669923e-07 -5.41133361 -5.15641227 -4.98357920 -4.81235687 -4.14209952 
4.32876128e-07 -5.41133361 -5.15641227 -4.98357920 -4.81235687 -4.14209952 
3.51119173e-07 -5.41133361 -5.15641227 -4.98357920 -4.81235687 -4.14209952 
2.84803587e-07 -5.41133361 -5.15641227 -4.98357920 -4.81235687 -4.14209952 
2.31012970e-07 -5.41133361 -5.15641227 -4.98357920 -4.81235687 -4.14209952 
1.87381742e-07 -5.41133361 -5.15641227 -4.98357920 -4.81235687 -4.14209952 
1.51991108e-07 -5.41133361 -5.15641227 -4.98357920 -4.81235687 -4.14209952 
1.23284674e-07 -5.41133361 -5.15641227 -4.98357920 -4.81235687 -4.14209952 
1.00000000e-07 -5.41133361 -5.15641227 -4.98357920 -4.81235687 -4.14209952 
P (bar) | log_K: -2σ | log_K: -1σ | log_K: median | log_K: +1σ | log_K: +2σ 
1.00000000e+02 -8.98409423 -8.87921213 -8.59487194 -8.16710691 -7.60898615 
8.11130831e+01 -8.98409423 -8.87921213 -8.59487194 -8.16710691 -7.60898615 
6.57933225e+01 -8.98409423 -8.87921213 -8.59487194 -8.16710691 -7.60898615 
5.33669923e+01 -8.98409423 -8.87921213 -8.59487194 -8.16710691 -7.60898615 
4.32876128e+01 -8.98409423 -8.87921213 -8.59487194 -8.16710691 -7.60898615 
3.51119173e+01 -8.98409423 -8.87921213 -8.59487194 -8.16710691 -7.60898615 
2.84803587e+01 -8.98409423 -8.87921213 -8.59487194 -8.16710691 -7.60898615 
2.31012970e+01 -8.98409423 -8.87921213 -8.59487194 -8.16710691 -7.60898615 
1.87381742e+01 -8.98409423 -8.87921213 -8.59487194 -8.16710691 -7.60898615 
1.51991108e+01 -8.98409423 -8.87921213 -8.59487194 -8.16710691 -7.60898615 
1.23284674e+01 -8.98409423 -8.87921213 -8.59487194 -8.16710691 -7.60898615 
1.00000000e+01 -8.98409423 -8.87921213 -8.59487194 -8.16710691 -7.60898615 
8.11130831e+00 -8.98409423 -8.87921213 -8.59487194 -8.16710691 -7.60898615 
6.57933225e+00 -8.98409423 -8.87921213 -8.59487194 -8.16710691 -7.60898615 
5.33669923e+00 -8.98409423 -8.87921213 -8.59487194 -8.16710691 -7.60898615 
4.32876128e+00 -8.98409423 -8.87921213 -8.59487194 -8.16710691 -7.60898615 
3.51119173e+00 -8.98409423 -8.87921213 -8.59487194 -8.16710691 -7.60898615 
2.84803587e+00 -8.98409423 -8.87921213 -8.59487194 -8.16710691 -7.60898615 
2.31012970e+00 -8.98409423 -8.87921213 -8.59487194 -8.16710691 -7.60898615 
1.87381742e+00 -8.98409423 -8.87921213 -8.59487194 -8.16710691 -7.60898615 
1.51991108e+00 -8.98409423 -8.87921213 -8.59487194 -8.16710691 -7.60898615 
1.23284674e+00 -8.98409423 -8.87921213 -8.59487194 -8.16710691 -7.60898615 
1.00000000e+00 -8.98409423 -8.87921213 -8.59487194 -8.16710691 -7.60898615 
8.11130831e-01 -8.98409423 -8.87921213 -8.59487194 -8.16710691 -7.60898615 
6.57933225e-01 -8.98409423 -8.87921213 -8.59487194 -8.16710691 -7.60898615 
5.33669923e-01 -8.98409423 -8.87921213 -8.59487194 -8.16710691 -7.60898615 
4.32876128e-01 -8.98409423 -8.87921213 -8.59487194 -8.16710691 -7.60898615 
3.51119173e-01 -8.98409423 -8.87921213 -8.59487194 -8.16710691 -7.60898615 
2.84803587e-01 -8.98409423 -8.87921213 -8.59487194 -8.16710691 -7.60898615 
2.31012970e-01 -8.98409423 -8.87921213 -8.59487194 -8.16710691 -7.60898615 
1.87381742e-01 -8.98409423 -8.87921213 -8.59487194 -8.16710691 -7.60898615 
1.51991108e-01 -8.98409423 -8.87921213 -8.59487194 -8.16710691 -7.60898615 
1.23284674e-01 -8.98409423 -8.87921213 -8.59487194 -8.16710691 -7.60898615 
1.00000000e-01 -8.98409423 -8.87921213 -8.59487194 -8.16710691 -7.60898615 
8.11130831e-02 -8.98409423 -8.87921213 -8.59487194 -8.16710691 -7.60898615 
6.57933225e-02 -8.98409423 -8.87921213 -8.59487194 -8.16710691 -7.60898615 
5.33669923e-02 -8.98409423 -8.87921213 -8.59487194 -8.16710691 -7.60898615 
4.32876128e-02 -8.98409423 -8.87921213 -8.59487194 -8.16710691 -7.60898615 
3.51119173e-02 -8.98409423 -8.87921213 -8.59487194 -8.16710691 -7.60898615 
2.84803587e-02 -8.98409423 -8.87921213 -8.59487194 -8.16710691 -7.60898615 
2.31012970e-02 -8.98409423 -8.87921213 -8.59487194 -8.16710691 -7.60898615 
1.87381742e-02 -8.98409423 -8.87921213 -8.59487194 -8.16710691 -7.60898615 
1.51991108e-02 -8.98409423 -8.87921213 -8.59487194 -8.16710691 -7.60898615 
1.23284674e-02 -8.98409423 -8.87921213 -8.59487194 -8.16710691 -7.60898615 
1.00000000e-02 -8.98409423 -8.87921213 -8.59487194 -8.16710691 -7.60898615 
8.11130831e-03 -8.98409423 -8.87921213 -8.59487194 -8.16710691 -7.60898615 
6.57933225e-03 -8.98409423 -8.87921213 -8.59487194 -8.16710691 -7.60898615 
5.33669923e-03 -8.98409423 -8.87921213 -8.59487194 -8.16710691 -7.60898615 
4.32876128e-03 -8.98409423 -8.87921213 -8.59487194 -8.16710691 -7.60898615 
3.51119173e-03 -8.98409423 -8.87921213 -8.59487194 -8.16710691 -7.60898615 
2.84803587e-03 -8.98409423 -8.87921213 -8.59487194 -8.16710691 -7.60898615 
2.31012970e-03 -8.98409423 -8.87921213 -8.59487194 -8.16710691 -7.60898615 
1.87381742e-03 -8.98409423 -8.87921213 -8.59487194 -8.16710691 -7.60898615 
1.51991108e-03 -8.98409423 -8.87921213 -8.59487194 -8.16710691 -7.60898615 
1.23284674e-03 -8.98409423 -8.87921213 -8.59487194 -8.16710691 -7.60898615 
1.00000000e-03 -8.98409423 -8.87921213 -8.59487194 -8.16710691 -7.60898615 
8.11130831e-04 -8.98409423 -8.87921213 -8.59487194 -8.16710691 -7.60898615 
6.57933225e-04 -8.98409423 -8.87921213 -8.59487194 -8.16710691 -7.60898615 
5.33669923e-04 -8.98409423 -8.87921213 -8.59487194 -8.16710691 -7.60898615 
4.32876128e-04 -8.98409423 -8.87921213 -8.59487194 -8.16710691 -7.60898615 
3.51119173e-04 -8.98409423 -8.87921213 -8.59487194 -8.16710691 -7.60898615 
2.84803587e-04 -8.98409423 -8.87921213 -8.59487194 -8.16710691 -7.60898615 
2.31012970e-04 -8.98409423 -8.87921213 -8.59487194 -8.16710691 -7.60898615 
1.87381742e-04 -8.98409423 -8.87921213 -8.59487194 -8.16710691 -7.60898615 
1.51991108e-04 -8.98409423 -8.87921213 -8.59487194 -8.16710691 -7.60898615 
1.23284674e-04 -8.98409423 -8.87921213 -8.59487194 -8.16710691 -7.60898615 
1.00000000e-04 -8.98409423 -8.87921213 -8.59487194 -8.16710691 -7.60898615 
8.11130831e-05 -8.98409423 -8.87921213 -8.59487194 -8.16710691 -7.60898615 
6.57933225e-05 -8.98409423 -8.87921213 -8.59487194 -8.16710691 -7.60898615 
5.33669923e-05 -8.98409423 -8.87921213 -8.59487194 -8.16710691 -7.60898615 
4.32876128e-05 -8.98409423 -8.87921213 -8.59487194 -8.16710691 -7.60898615 
3.51119173e-05 -8.98409423 -8.87921213 -8.59487194 -8.16710691 -7.60898615 
2.84803587e-05 -8.98409423 -8.87921213 -8.59487194 -8.16710691 -7.60898615 
2.31012970e-05 -8.98409423 -8.87921213 -8.59487194 -8.16710691 -7.60898615 
1.87381742e-05 -8.98409423 -8.87921213 -8.59487194 -8.16710691 -7.60898615 
1.51991108e-05 -8.98409423 -8.87921213 -8.59487194 -8.16710691 -7.60898615 
1.23284674e-05 -8.98409423 -8.87921213 -8.59487194 -8.16710691 -7.60898615 
1.00000000e-05 -8.98409423 -8.87921213 -8.59487194 -8.16710691 -7.60898615 
8.11130831e-06 -8.98409423 -8.87921213 -8.59487194 -8.16710691 -7.60898615 
6.57933225e-06 -8.98409423 -8.87921213 -8.59487194 -8.16710691 -7.60898615 
5.33669923e-06 -8.98409423 -8.87921213 -8.59487194 -8.16710691 -7.60898615 
4.32876128e-06 -8.98409423 -8.87921213 -8.59487194 -8.16710691 -7.60898615 
3.51119173e-06 -8.98409423 -8.87921213 -8.59487194 -8.16710691 -7.60898615 
2.84803587e-06 -8.98409423 -8.87921213 -8.59487194 -8.16710691 -7.60898615 
2.31012970e-06 -8.98409423 -8.87921213 -8.59487194 -8.16710691 -7.60898615 
1.87381742e-06 -8.98409423 -8.87921213 -8.59487194 -8.16710691 -7.60898615 
1.51991108e-06 -8.98409423 -8.87921213 -8.59487194 -8.16710691 -7.60898615 
1.23284674e-06 -8.98409423 -8.87921213 -8.59487194 -8.16710691 -7.60898615 
1.00000000e-06 -8.98409423 -8.87921213 -8.59487194 -8.16710691 -7.60898615 
8.11130831e-07 -8.98409423 -8.87921213 -8.59487194 -8.16710691 -7.60898615 
6.57933225e-07 -8.98409423 -8.87921213 -8.59487194 -8.16710691 -7.60898615 
5.33669923e-07 -8.98409423 -8.87921213 -8.59487194 -8.16710691 -7.60898615 
4.32876128e-07 -8.98409423 -8.87921213 -8.59487194 -8.16710691 -7.60898615 
3.51119173e-07 -8.98409423 -8.87921213 -8.59487194 -8.16710691 -7.60898615 
2.84803587e-07 -8.98409423 -8.87921213 -8.59487194 -8.16710691 -7.60898615 
2.31012970e-07 -8.98409423 -8.87921213 -8.59487194 -8.16710691 -7.60898615 
1.87381742e-07 -8.98409423 -8.87921213 -8.59487194 -8.16710691 -7.60898615 
1.51991108e-07 -8.98409423 -8.87921213 -8.59487194 -8.16710691 -7.60898615 
1.23284674e-07 -8.98409423 -8.87921213 -8.59487194 -8.16710691 -7.60898615 
1.00000000e-07 -8.98409423 -8.87921213 -8.59487194 -8.16710691 -7.60898615 
P (bar) | log_CH4: -2σ | log_CH4: -1σ | log_CH4: median | log_CH4: +1σ | log_CH4: +2σ 
1.00000000e+02 -7.97631790 -7.83597652 -7.59958792 -7.34759343 -7.13353263 
8.11130831e+01 -7.97631790 -7.83597652 -7.59958792 -7.34759343 -7.13353263 
6.57933225e+01 -7.97631790 -7.83597652 -7.59958792 -7.34759343 -7.13353263 
5.33669923e+01 -7.97631790 -7.83597652 -7.59958792 -7.34759343 -7.13353263 
4.32876128e+01 -7.97631790 -7.83597652 -7.59958792 -7.34759343 -7.13353263 
3.51119173e+01 -7.97631790 -7.83597652 -7.59958792 -7.34759343 -7.13353263 
2.84803587e+01 -7.97631790 -7.83597652 -7.59958792 -7.34759343 -7.13353263 
2.31012970e+01 -7.97631790 -7.83597652 -7.59958792 -7.34759343 -7.13353263 
1.87381742e+01 -7.97631790 -7.83597652 -7.59958792 -7.34759343 -7.13353263 
1.51991108e+01 -7.97631790 -7.83597652 -7.59958792 -7.34759343 -7.13353263 
1.23284674e+01 -7.97631790 -7.83597652 -7.59958792 -7.34759343 -7.13353263 
1.00000000e+01 -7.97631790 -7.83597652 -7.59958792 -7.34759343 -7.13353263 
8.11130831e+00 -7.97631790 -7.83597652 -7.59958792 -7.34759343 -7.13353263 
6.57933225e+00 -7.97631790 -7.83597652 -7.59958792 -7.34759343 -7.13353263 
5.33669923e+00 -7.97631790 -7.83597652 -7.59958792 -7.34759343 -7.13353263 
4.32876128e+00 -7.97631790 -7.83597652 -7.59958792 -7.34759343 -7.13353263 
3.51119173e+00 -7.97631790 -7.83597652 -7.59958792 -7.34759343 -7.13353263 
2.84803587e+00 -7.97631790 -7.83597652 -7.59958792 -7.34759343 -7.13353263 
2.31012970e+00 -7.97631790 -7.83597652 -7.59958792 -7.34759343 -7.13353263 
1.87381742e+00 -7.97631790 -7.83597652 -7.59958792 -7.34759343 -7.13353263 
1.51991108e+00 -7.97631790 -7.83597652 -7.59958792 -7.34759343 -7.13353263 
1.23284674e+00 -7.97631790 -7.83597652 -7.59958792 -7.34759343 -7.13353263 
1.00000000e+00 -7.97631790 -7.83597652 -7.59958792 -7.34759343 -7.13353263 
8.11130831e-01 -7.97631790 -7.83597652 -7.59958792 -7.34759343 -7.13353263 
6.57933225e-01 -7.97631790 -7.83597652 -7.59958792 -7.34759343 -7.13353263 
5.33669923e-01 -7.97631790 -7.83597652 -7.59958792 -7.34759343 -7.13353263 
4.32876128e-01 -7.97631790 -7.83597652 -7.59958792 -7.34759343 -7.13353263 
3.51119173e-01 -7.97631790 -7.83597652 -7.59958792 -7.34759343 -7.13353263 
2.84803587e-01 -7.97631790 -7.83597652 -7.59958792 -7.34759343 -7.13353263 
2.31012970e-01 -7.97631790 -7.83597652 -7.59958792 -7.34759343 -7.13353263 
1.87381742e-01 -7.97631790 -7.83597652 -7.59958792 -7.34759343 -7.13353263 
1.51991108e-01 -7.97631790 -7.83597652 -7.59958792 -7.34759343 -7.13353263 
1.23284674e-01 -7.97631790 -7.83597652 -7.59958792 -7.34759343 -7.13353263 
1.00000000e-01 -7.97631790 -7.83597652 -7.59958792 -7.34759343 -7.13353263 
8.11130831e-02 -7.97631790 -7.83597652 -7.59958792 -7.34759343 -7.13353263 
6.57933225e-02 -7.97631790 -7.83597652 -7.59958792 -7.34759343 -7.13353263 
5.33669923e-02 -7.97631790 -7.83597652 -7.59958792 -7.34759343 -7.13353263 
4.32876128e-02 -7.97631790 -7.83597652 -7.59958792 -7.34759343 -7.13353263 
3.51119173e-02 -7.97631790 -7.83597652 -7.59958792 -7.34759343 -7.13353263 
2.84803587e-02 -7.97631790 -7.83597652 -7.59958792 -7.34759343 -7.13353263 
2.31012970e-02 -7.97631790 -7.83597652 -7.59958792 -7.34759343 -7.13353263 
1.87381742e-02 -7.97631790 -7.83597652 -7.59958792 -7.34759343 -7.13353263 
1.51991108e-02 -7.97631790 -7.83597652 -7.59958792 -7.34759343 -7.13353263 
1.23284674e-02 -7.97631790 -7.83597652 -7.59958792 -7.34759343 -7.13353263 
1.00000000e-02 -7.97631790 -7.83597652 -7.59958792 -7.34759343 -7.13353263 
8.11130831e-03 -7.97631790 -7.83597652 -7.59958792 -7.34759343 -7.13353263 
6.57933225e-03 -7.97631790 -7.83597652 -7.59958792 -7.34759343 -7.13353263 
5.33669923e-03 -7.97631790 -7.83597652 -7.59958792 -7.34759343 -7.13353263 
4.32876128e-03 -7.97631790 -7.83597652 -7.59958792 -7.34759343 -7.13353263 
3.51119173e-03 -7.97631790 -7.83597652 -7.59958792 -7.34759343 -7.13353263 
2.84803587e-03 -7.97631790 -7.83597652 -7.59958792 -7.34759343 -7.13353263 
2.31012970e-03 -7.97631790 -7.83597652 -7.59958792 -7.34759343 -7.13353263 
1.87381742e-03 -7.97631790 -7.83597652 -7.59958792 -7.34759343 -7.13353263 
1.51991108e-03 -7.97631790 -7.83597652 -7.59958792 -7.34759343 -7.13353263 
1.23284674e-03 -7.97631790 -7.83597652 -7.59958792 -7.34759343 -7.13353263 
1.00000000e-03 -7.97631790 -7.83597652 -7.59958792 -7.34759343 -7.13353263 
8.11130831e-04 -7.97631790 -7.83597652 -7.59958792 -7.34759343 -7.13353263 
6.57933225e-04 -7.97631790 -7.83597652 -7.59958792 -7.34759343 -7.13353263 
5.33669923e-04 -7.97631790 -7.83597652 -7.59958792 -7.34759343 -7.13353263 
4.32876128e-04 -7.97631790 -7.83597652 -7.59958792 -7.34759343 -7.13353263 
3.51119173e-04 -7.97631790 -7.83597652 -7.59958792 -7.34759343 -7.13353263 
2.84803587e-04 -7.97631790 -7.83597652 -7.59958792 -7.34759343 -7.13353263 
2.31012970e-04 -7.97631790 -7.83597652 -7.59958792 -7.34759343 -7.13353263 
1.87381742e-04 -7.97631790 -7.83597652 -7.59958792 -7.34759343 -7.13353263 
1.51991108e-04 -7.97631790 -7.83597652 -7.59958792 -7.34759343 -7.13353263 
1.23284674e-04 -7.97631790 -7.83597652 -7.59958792 -7.34759343 -7.13353263 
1.00000000e-04 -7.97631790 -7.83597652 -7.59958792 -7.34759343 -7.13353263 
8.11130831e-05 -7.97631790 -7.83597652 -7.59958792 -7.34759343 -7.13353263 
6.57933225e-05 -7.97631790 -7.83597652 -7.59958792 -7.34759343 -7.13353263 
5.33669923e-05 -7.97631790 -7.83597652 -7.59958792 -7.34759343 -7.13353263 
4.32876128e-05 -7.97631790 -7.83597652 -7.59958792 -7.34759343 -7.13353263 
3.51119173e-05 -7.97631790 -7.83597652 -7.59958792 -7.34759343 -7.13353263 
2.84803587e-05 -7.97631790 -7.83597652 -7.59958792 -7.34759343 -7.13353263 
2.31012970e-05 -7.97631790 -7.83597652 -7.59958792 -7.34759343 -7.13353263 
1.87381742e-05 -7.97631790 -7.83597652 -7.59958792 -7.34759343 -7.13353263 
1.51991108e-05 -7.97631790 -7.83597652 -7.59958792 -7.34759343 -7.13353263 
1.23284674e-05 -7.97631790 -7.83597652 -7.59958792 -7.34759343 -7.13353263 
1.00000000e-05 -7.97631790 -7.83597652 -7.59958792 -7.34759343 -7.13353263 
8.11130831e-06 -7.97631790 -7.83597652 -7.59958792 -7.34759343 -7.13353263 
6.57933225e-06 -7.97631790 -7.83597652 -7.59958792 -7.34759343 -7.13353263 
5.33669923e-06 -7.97631790 -7.83597652 -7.59958792 -7.34759343 -7.13353263 
4.32876128e-06 -7.97631790 -7.83597652 -7.59958792 -7.34759343 -7.13353263 
3.51119173e-06 -7.97631790 -7.83597652 -7.59958792 -7.34759343 -7.13353263 
2.84803587e-06 -7.97631790 -7.83597652 -7.59958792 -7.34759343 -7.13353263 
2.31012970e-06 -7.97631790 -7.83597652 -7.59958792 -7.34759343 -7.13353263 
1.87381742e-06 -7.97631790 -7.83597652 -7.59958792 -7.34759343 -7.13353263 
1.51991108e-06 -7.97631790 -7.83597652 -7.59958792 -7.34759343 -7.13353263 
1.23284674e-06 -7.97631790 -7.83597652 -7.59958792 -7.34759343 -7.13353263 
1.00000000e-06 -7.97631790 -7.83597652 -7.59958792 -7.34759343 -7.13353263 
8.11130831e-07 -7.97631790 -7.83597652 -7.59958792 -7.34759343 -7.13353263 
6.57933225e-07 -7.97631790 -7.83597652 -7.59958792 -7.34759343 -7.13353263 
5.33669923e-07 -7.97631790 -7.83597652 -7.59958792 -7.34759343 -7.13353263 
4.32876128e-07 -7.97631790 -7.83597652 -7.59958792 -7.34759343 -7.13353263 
3.51119173e-07 -7.97631790 -7.83597652 -7.59958792 -7.34759343 -7.13353263 
2.84803587e-07 -7.97631790 -7.83597652 -7.59958792 -7.34759343 -7.13353263 
2.31012970e-07 -7.97631790 -7.83597652 -7.59958792 -7.34759343 -7.13353263 
1.87381742e-07 -7.97631790 -7.83597652 -7.59958792 -7.34759343 -7.13353263 
1.51991108e-07 -7.97631790 -7.83597652 -7.59958792 -7.34759343 -7.13353263 
1.23284674e-07 -7.97631790 -7.83597652 -7.59958792 -7.34759343 -7.13353263 
1.00000000e-07 -7.97631790 -7.83597652 -7.59958792 -7.34759343 -7.13353263 
