Chemical species: H2 He CO2 SO2 CO Na H2S K CH4
P (bar) | log_H2: -2σ | log_H2: -1σ | log_H2: median | log_H2: +1σ | log_H2: +2σ 
1.00000000e+02 -0.11454383 -0.11441823 -0.11402553 -0.11319338 -0.11165236 
8.11130831e+01 -0.11454383 -0.11441823 -0.11402553 -0.11319338 -0.11165236 
6.57933225e+01 -0.11454383 -0.11441823 -0.11402553 -0.11319338 -0.11165236 
5.33669923e+01 -0.11454383 -0.11441823 -0.11402553 -0.11319338 -0.11165236 
4.32876128e+01 -0.11454383 -0.11441823 -0.11402553 -0.11319338 -0.11165236 
3.51119173e+01 -0.11454383 -0.11441823 -0.11402553 -0.11319338 -0.11165236 
2.84803587e+01 -0.11454383 -0.11441823 -0.11402553 -0.11319338 -0.11165236 
2.31012970e+01 -0.11454383 -0.11441823 -0.11402553 -0.11319338 -0.11165236 
1.87381742e+01 -0.11454383 -0.11441823 -0.11402553 -0.11319338 -0.11165236 
1.51991108e+01 -0.11454383 -0.11441823 -0.11402553 -0.11319338 -0.11165236 
1.23284674e+01 -0.11454383 -0.11441823 -0.11402553 -0.11319338 -0.11165236 
1.00000000e+01 -0.11454383 -0.11441823 -0.11402553 -0.11319338 -0.11165236 
8.11130831e+00 -0.11454383 -0.11441823 -0.11402553 -0.11319338 -0.11165236 
6.57933225e+00 -0.11454383 -0.11441823 -0.11402553 -0.11319338 -0.11165236 
5.33669923e+00 -0.11454383 -0.11441823 -0.11402553 -0.11319338 -0.11165236 
4.32876128e+00 -0.11454383 -0.11441823 -0.11402553 -0.11319338 -0.11165236 
3.51119173e+00 -0.11454383 -0.11441823 -0.11402553 -0.11319338 -0.11165236 
2.84803587e+00 -0.11454383 -0.11441823 -0.11402553 -0.11319338 -0.11165236 
2.31012970e+00 -0.11454383 -0.11441823 -0.11402553 -0.11319338 -0.11165236 
1.87381742e+00 -0.11454383 -0.11441823 -0.11402553 -0.11319338 -0.11165236 
1.51991108e+00 -0.11454383 -0.11441823 -0.11402553 -0.11319338 -0.11165236 
1.23284674e+00 -0.11454383 -0.11441823 -0.11402553 -0.11319338 -0.11165236 
1.00000000e+00 -0.11454383 -0.11441823 -0.11402553 -0.11319338 -0.11165236 
8.11130831e-01 -0.11454383 -0.11441823 -0.11402553 -0.11319338 -0.11165236 
6.57933225e-01 -0.11454383 -0.11441823 -0.11402553 -0.11319338 -0.11165236 
5.33669923e-01 -0.11454383 -0.11441823 -0.11402553 -0.11319338 -0.11165236 
4.32876128e-01 -0.11454383 -0.11441823 -0.11402553 -0.11319338 -0.11165236 
3.51119173e-01 -0.11454383 -0.11441823 -0.11402553 -0.11319338 -0.11165236 
2.84803587e-01 -0.11454383 -0.11441823 -0.11402553 -0.11319338 -0.11165236 
2.31012970e-01 -0.11454383 -0.11441823 -0.11402553 -0.11319338 -0.11165236 
1.87381742e-01 -0.11454383 -0.11441823 -0.11402553 -0.11319338 -0.11165236 
1.51991108e-01 -0.11454383 -0.11441823 -0.11402553 -0.11319338 -0.11165236 
1.23284674e-01 -0.11454383 -0.11441823 -0.11402553 -0.11319338 -0.11165236 
1.00000000e-01 -0.11454383 -0.11441823 -0.11402553 -0.11319338 -0.11165236 
8.11130831e-02 -0.11454383 -0.11441823 -0.11402553 -0.11319338 -0.11165236 
6.57933225e-02 -0.11454383 -0.11441823 -0.11402553 -0.11319338 -0.11165236 
5.33669923e-02 -0.11454383 -0.11441823 -0.11402553 -0.11319338 -0.11165236 
4.32876128e-02 -0.11454383 -0.11441823 -0.11402553 -0.11319338 -0.11165236 
3.51119173e-02 -0.11454383 -0.11441823 -0.11402553 -0.11319338 -0.11165236 
2.84803587e-02 -0.11454383 -0.11441823 -0.11402553 -0.11319338 -0.11165236 
2.31012970e-02 -0.11454383 -0.11441823 -0.11402553 -0.11319338 -0.11165236 
1.87381742e-02 -0.11454383 -0.11441823 -0.11402553 -0.11319338 -0.11165236 
1.51991108e-02 -0.11454383 -0.11441823 -0.11402553 -0.11319338 -0.11165236 
1.23284674e-02 -0.11454383 -0.11441823 -0.11402553 -0.11319338 -0.11165236 
1.00000000e-02 -0.11454383 -0.11441823 -0.11402553 -0.11319338 -0.11165236 
8.11130831e-03 -0.11454383 -0.11441823 -0.11402553 -0.11319338 -0.11165236 
6.57933225e-03 -0.11454383 -0.11441823 -0.11402553 -0.11319338 -0.11165236 
5.33669923e-03 -0.11454383 -0.11441823 -0.11402553 -0.11319338 -0.11165236 
4.32876128e-03 -0.11454383 -0.11441823 -0.11402553 -0.11319338 -0.11165236 
3.51119173e-03 -0.11454383 -0.11441823 -0.11402553 -0.11319338 -0.11165236 
2.84803587e-03 -0.11454383 -0.11441823 -0.11402553 -0.11319338 -0.11165236 
2.31012970e-03 -0.11454383 -0.11441823 -0.11402553 -0.11319338 -0.11165236 
1.87381742e-03 -0.11454383 -0.11441823 -0.11402553 -0.11319338 -0.11165236 
1.51991108e-03 -0.11454383 -0.11441823 -0.11402553 -0.11319338 -0.11165236 
1.23284674e-03 -0.11454383 -0.11441823 -0.11402553 -0.11319338 -0.11165236 
1.00000000e-03 -0.11454383 -0.11441823 -0.11402553 -0.11319338 -0.11165236 
8.11130831e-04 -0.11454383 -0.11441823 -0.11402553 -0.11319338 -0.11165236 
6.57933225e-04 -0.11454383 -0.11441823 -0.11402553 -0.11319338 -0.11165236 
5.33669923e-04 -0.11454383 -0.11441823 -0.11402553 -0.11319338 -0.11165236 
4.32876128e-04 -0.11454383 -0.11441823 -0.11402553 -0.11319338 -0.11165236 
3.51119173e-04 -0.11454383 -0.11441823 -0.11402553 -0.11319338 -0.11165236 
2.84803587e-04 -0.11454383 -0.11441823 -0.11402553 -0.11319338 -0.11165236 
2.31012970e-04 -0.11454383 -0.11441823 -0.11402553 -0.11319338 -0.11165236 
1.87381742e-04 -0.11454383 -0.11441823 -0.11402553 -0.11319338 -0.11165236 
1.51991108e-04 -0.11454383 -0.11441823 -0.11402553 -0.11319338 -0.11165236 
1.23284674e-04 -0.11454383 -0.11441823 -0.11402553 -0.11319338 -0.11165236 
1.00000000e-04 -0.11454383 -0.11441823 -0.11402553 -0.11319338 -0.11165236 
8.11130831e-05 -0.11454383 -0.11441823 -0.11402553 -0.11319338 -0.11165236 
6.57933225e-05 -0.11454383 -0.11441823 -0.11402553 -0.11319338 -0.11165236 
5.33669923e-05 -0.11454383 -0.11441823 -0.11402553 -0.11319338 -0.11165236 
4.32876128e-05 -0.11454383 -0.11441823 -0.11402553 -0.11319338 -0.11165236 
3.51119173e-05 -0.11454383 -0.11441823 -0.11402553 -0.11319338 -0.11165236 
2.84803587e-05 -0.11454383 -0.11441823 -0.11402553 -0.11319338 -0.11165236 
2.31012970e-05 -0.11454383 -0.11441823 -0.11402553 -0.11319338 -0.11165236 
1.87381742e-05 -0.11454383 -0.11441823 -0.11402553 -0.11319338 -0.11165236 
1.51991108e-05 -0.11454383 -0.11441823 -0.11402553 -0.11319338 -0.11165236 
1.23284674e-05 -0.11454383 -0.11441823 -0.11402553 -0.11319338 -0.11165236 
1.00000000e-05 -0.11454383 -0.11441823 -0.11402553 -0.11319338 -0.11165236 
8.11130831e-06 -0.11454383 -0.11441823 -0.11402553 -0.11319338 -0.11165236 
6.57933225e-06 -0.11454383 -0.11441823 -0.11402553 -0.11319338 -0.11165236 
5.33669923e-06 -0.11454383 -0.11441823 -0.11402553 -0.11319338 -0.11165236 
4.32876128e-06 -0.11454383 -0.11441823 -0.11402553 -0.11319338 -0.11165236 
3.51119173e-06 -0.11454383 -0.11441823 -0.11402553 -0.11319338 -0.11165236 
2.84803587e-06 -0.11454383 -0.11441823 -0.11402553 -0.11319338 -0.11165236 
2.31012970e-06 -0.11454383 -0.11441823 -0.11402553 -0.11319338 -0.11165236 
1.87381742e-06 -0.11454383 -0.11441823 -0.11402553 -0.11319338 -0.11165236 
1.51991108e-06 -0.11454383 -0.11441823 -0.11402553 -0.11319338 -0.11165236 
1.23284674e-06 -0.11454383 -0.11441823 -0.11402553 -0.11319338 -0.11165236 
1.00000000e-06 -0.11454383 -0.11441823 -0.11402553 -0.11319338 -0.11165236 
8.11130831e-07 -0.11454383 -0.11441823 -0.11402553 -0.11319338 -0.11165236 
6.57933225e-07 -0.11454383 -0.11441823 -0.11402553 -0.11319338 -0.11165236 
5.33669923e-07 -0.11454383 -0.11441823 -0.11402553 -0.11319338 -0.11165236 
4.32876128e-07 -0.11454383 -0.11441823 -0.11402553 -0.11319338 -0.11165236 
3.51119173e-07 -0.11454383 -0.11441823 -0.11402553 -0.11319338 -0.11165236 
2.84803587e-07 -0.11454383 -0.11441823 -0.11402553 -0.11319338 -0.11165236 
2.31012970e-07 -0.11454383 -0.11441823 -0.11402553 -0.11319338 -0.11165236 
1.87381742e-07 -0.11454383 -0.11441823 -0.11402553 -0.11319338 -0.11165236 
1.51991108e-07 -0.11454383 -0.11441823 -0.11402553 -0.11319338 -0.11165236 
1.23284674e-07 -0.11454383 -0.11441823 -0.11402553 -0.11319338 -0.11165236 
1.00000000e-07 -0.11454383 -0.11441823 -0.11402553 -0.11319338 -0.11165236 
P (bar) | log_He: -2σ | log_He: -1σ | log_He: median | log_He: +1σ | log_He: +2σ 
1.00000000e+02 -0.88409491 -0.88396931 -0.88357661 -0.88274446 -0.88120344 
8.11130831e+01 -0.88409491 -0.88396931 -0.88357661 -0.88274446 -0.88120344 
6.57933225e+01 -0.88409491 -0.88396931 -0.88357661 -0.88274446 -0.88120344 
5.33669923e+01 -0.88409491 -0.88396931 -0.88357661 -0.88274446 -0.88120344 
4.32876128e+01 -0.88409491 -0.88396931 -0.88357661 -0.88274446 -0.88120344 
3.51119173e+01 -0.88409491 -0.88396931 -0.88357661 -0.88274446 -0.88120344 
2.84803587e+01 -0.88409491 -0.88396931 -0.88357661 -0.88274446 -0.88120344 
2.31012970e+01 -0.88409491 -0.88396931 -0.88357661 -0.88274446 -0.88120344 
1.87381742e+01 -0.88409491 -0.88396931 -0.88357661 -0.88274446 -0.88120344 
1.51991108e+01 -0.88409491 -0.88396931 -0.88357661 -0.88274446 -0.88120344 
1.23284674e+01 -0.88409491 -0.88396931 -0.88357661 -0.88274446 -0.88120344 
1.00000000e+01 -0.88409491 -0.88396931 -0.88357661 -0.88274446 -0.88120344 
8.11130831e+00 -0.88409491 -0.88396931 -0.88357661 -0.88274446 -0.88120344 
6.57933225e+00 -0.88409491 -0.88396931 -0.88357661 -0.88274446 -0.88120344 
5.33669923e+00 -0.88409491 -0.88396931 -0.88357661 -0.88274446 -0.88120344 
4.32876128e+00 -0.88409491 -0.88396931 -0.88357661 -0.88274446 -0.88120344 
3.51119173e+00 -0.88409491 -0.88396931 -0.88357661 -0.88274446 -0.88120344 
2.84803587e+00 -0.88409491 -0.88396931 -0.88357661 -0.88274446 -0.88120344 
2.31012970e+00 -0.88409491 -0.88396931 -0.88357661 -0.88274446 -0.88120344 
1.87381742e+00 -0.88409491 -0.88396931 -0.88357661 -0.88274446 -0.88120344 
1.51991108e+00 -0.88409491 -0.88396931 -0.88357661 -0.88274446 -0.88120344 
1.23284674e+00 -0.88409491 -0.88396931 -0.88357661 -0.88274446 -0.88120344 
1.00000000e+00 -0.88409491 -0.88396931 -0.88357661 -0.88274446 -0.88120344 
8.11130831e-01 -0.88409491 -0.88396931 -0.88357661 -0.88274446 -0.88120344 
6.57933225e-01 -0.88409491 -0.88396931 -0.88357661 -0.88274446 -0.88120344 
5.33669923e-01 -0.88409491 -0.88396931 -0.88357661 -0.88274446 -0.88120344 
4.32876128e-01 -0.88409491 -0.88396931 -0.88357661 -0.88274446 -0.88120344 
3.51119173e-01 -0.88409491 -0.88396931 -0.88357661 -0.88274446 -0.88120344 
2.84803587e-01 -0.88409491 -0.88396931 -0.88357661 -0.88274446 -0.88120344 
2.31012970e-01 -0.88409491 -0.88396931 -0.88357661 -0.88274446 -0.88120344 
1.87381742e-01 -0.88409491 -0.88396931 -0.88357661 -0.88274446 -0.88120344 
1.51991108e-01 -0.88409491 -0.88396931 -0.88357661 -0.88274446 -0.88120344 
1.23284674e-01 -0.88409491 -0.88396931 -0.88357661 -0.88274446 -0.88120344 
1.00000000e-01 -0.88409491 -0.88396931 -0.88357661 -0.88274446 -0.88120344 
8.11130831e-02 -0.88409491 -0.88396931 -0.88357661 -0.88274446 -0.88120344 
6.57933225e-02 -0.88409491 -0.88396931 -0.88357661 -0.88274446 -0.88120344 
5.33669923e-02 -0.88409491 -0.88396931 -0.88357661 -0.88274446 -0.88120344 
4.32876128e-02 -0.88409491 -0.88396931 -0.88357661 -0.88274446 -0.88120344 
3.51119173e-02 -0.88409491 -0.88396931 -0.88357661 -0.88274446 -0.88120344 
2.84803587e-02 -0.88409491 -0.88396931 -0.88357661 -0.88274446 -0.88120344 
2.31012970e-02 -0.88409491 -0.88396931 -0.88357661 -0.88274446 -0.88120344 
1.87381742e-02 -0.88409491 -0.88396931 -0.88357661 -0.88274446 -0.88120344 
1.51991108e-02 -0.88409491 -0.88396931 -0.88357661 -0.88274446 -0.88120344 
1.23284674e-02 -0.88409491 -0.88396931 -0.88357661 -0.88274446 -0.88120344 
1.00000000e-02 -0.88409491 -0.88396931 -0.88357661 -0.88274446 -0.88120344 
8.11130831e-03 -0.88409491 -0.88396931 -0.88357661 -0.88274446 -0.88120344 
6.57933225e-03 -0.88409491 -0.88396931 -0.88357661 -0.88274446 -0.88120344 
5.33669923e-03 -0.88409491 -0.88396931 -0.88357661 -0.88274446 -0.88120344 
4.32876128e-03 -0.88409491 -0.88396931 -0.88357661 -0.88274446 -0.88120344 
3.51119173e-03 -0.88409491 -0.88396931 -0.88357661 -0.88274446 -0.88120344 
2.84803587e-03 -0.88409491 -0.88396931 -0.88357661 -0.88274446 -0.88120344 
2.31012970e-03 -0.88409491 -0.88396931 -0.88357661 -0.88274446 -0.88120344 
1.87381742e-03 -0.88409491 -0.88396931 -0.88357661 -0.88274446 -0.88120344 
1.51991108e-03 -0.88409491 -0.88396931 -0.88357661 -0.88274446 -0.88120344 
1.23284674e-03 -0.88409491 -0.88396931 -0.88357661 -0.88274446 -0.88120344 
1.00000000e-03 -0.88409491 -0.88396931 -0.88357661 -0.88274446 -0.88120344 
8.11130831e-04 -0.88409491 -0.88396931 -0.88357661 -0.88274446 -0.88120344 
6.57933225e-04 -0.88409491 -0.88396931 -0.88357661 -0.88274446 -0.88120344 
5.33669923e-04 -0.88409491 -0.88396931 -0.88357661 -0.88274446 -0.88120344 
4.32876128e-04 -0.88409491 -0.88396931 -0.88357661 -0.88274446 -0.88120344 
3.51119173e-04 -0.88409491 -0.88396931 -0.88357661 -0.88274446 -0.88120344 
2.84803587e-04 -0.88409491 -0.88396931 -0.88357661 -0.88274446 -0.88120344 
2.31012970e-04 -0.88409491 -0.88396931 -0.88357661 -0.88274446 -0.88120344 
1.87381742e-04 -0.88409491 -0.88396931 -0.88357661 -0.88274446 -0.88120344 
1.51991108e-04 -0.88409491 -0.88396931 -0.88357661 -0.88274446 -0.88120344 
1.23284674e-04 -0.88409491 -0.88396931 -0.88357661 -0.88274446 -0.88120344 
1.00000000e-04 -0.88409491 -0.88396931 -0.88357661 -0.88274446 -0.88120344 
8.11130831e-05 -0.88409491 -0.88396931 -0.88357661 -0.88274446 -0.88120344 
6.57933225e-05 -0.88409491 -0.88396931 -0.88357661 -0.88274446 -0.88120344 
5.33669923e-05 -0.88409491 -0.88396931 -0.88357661 -0.88274446 -0.88120344 
4.32876128e-05 -0.88409491 -0.88396931 -0.88357661 -0.88274446 -0.88120344 
3.51119173e-05 -0.88409491 -0.88396931 -0.88357661 -0.88274446 -0.88120344 
2.84803587e-05 -0.88409491 -0.88396931 -0.88357661 -0.88274446 -0.88120344 
2.31012970e-05 -0.88409491 -0.88396931 -0.88357661 -0.88274446 -0.88120344 
1.87381742e-05 -0.88409491 -0.88396931 -0.88357661 -0.88274446 -0.88120344 
1.51991108e-05 -0.88409491 -0.88396931 -0.88357661 -0.88274446 -0.88120344 
1.23284674e-05 -0.88409491 -0.88396931 -0.88357661 -0.88274446 -0.88120344 
1.00000000e-05 -0.88409491 -0.88396931 -0.88357661 -0.88274446 -0.88120344 
8.11130831e-06 -0.88409491 -0.88396931 -0.88357661 -0.88274446 -0.88120344 
6.57933225e-06 -0.88409491 -0.88396931 -0.88357661 -0.88274446 -0.88120344 
5.33669923e-06 -0.88409491 -0.88396931 -0.88357661 -0.88274446 -0.88120344 
4.32876128e-06 -0.88409491 -0.88396931 -0.88357661 -0.88274446 -0.88120344 
3.51119173e-06 -0.88409491 -0.88396931 -0.88357661 -0.88274446 -0.88120344 
2.84803587e-06 -0.88409491 -0.88396931 -0.88357661 -0.88274446 -0.88120344 
2.31012970e-06 -0.88409491 -0.88396931 -0.88357661 -0.88274446 -0.88120344 
1.87381742e-06 -0.88409491 -0.88396931 -0.88357661 -0.88274446 -0.88120344 
1.51991108e-06 -0.88409491 -0.88396931 -0.88357661 -0.88274446 -0.88120344 
1.23284674e-06 -0.88409491 -0.88396931 -0.88357661 -0.88274446 -0.88120344 
1.00000000e-06 -0.88409491 -0.88396931 -0.88357661 -0.88274446 -0.88120344 
8.11130831e-07 -0.88409491 -0.88396931 -0.88357661 -0.88274446 -0.88120344 
6.57933225e-07 -0.88409491 -0.88396931 -0.88357661 -0.88274446 -0.88120344 
5.33669923e-07 -0.88409491 -0.88396931 -0.88357661 -0.88274446 -0.88120344 
4.32876128e-07 -0.88409491 -0.88396931 -0.88357661 -0.88274446 -0.88120344 
3.51119173e-07 -0.88409491 -0.88396931 -0.88357661 -0.88274446 -0.88120344 
2.84803587e-07 -0.88409491 -0.88396931 -0.88357661 -0.88274446 -0.88120344 
2.31012970e-07 -0.88409491 -0.88396931 -0.88357661 -0.88274446 -0.88120344 
1.87381742e-07 -0.88409491 -0.88396931 -0.88357661 -0.88274446 -0.88120344 
1.51991108e-07 -0.88409491 -0.88396931 -0.88357661 -0.88274446 -0.88120344 
1.23284674e-07 -0.88409491 -0.88396931 -0.88357661 -0.88274446 -0.88120344 
1.00000000e-07 -0.88409491 -0.88396931 -0.88357661 -0.88274446 -0.88120344 
P (bar) | log_CO2: -2σ | log_CO2: -1σ | log_CO2: median | log_CO2: +1σ | log_CO2: +2σ 
1.00000000e+02 -3.76822725 -3.66784647 -3.59285747 -3.53268604 -3.50515511 
8.11130831e+01 -3.76822725 -3.66784647 -3.59285747 -3.53268604 -3.50515511 
6.57933225e+01 -3.76822725 -3.66784647 -3.59285747 -3.53268604 -3.50515511 
5.33669923e+01 -3.76822725 -3.66784647 -3.59285747 -3.53268604 -3.50515511 
4.32876128e+01 -3.76822725 -3.66784647 -3.59285747 -3.53268604 -3.50515511 
3.51119173e+01 -3.76822725 -3.66784647 -3.59285747 -3.53268604 -3.50515511 
2.84803587e+01 -3.76822725 -3.66784647 -3.59285747 -3.53268604 -3.50515511 
2.31012970e+01 -3.76822725 -3.66784647 -3.59285747 -3.53268604 -3.50515511 
1.87381742e+01 -3.76822725 -3.66784647 -3.59285747 -3.53268604 -3.50515511 
1.51991108e+01 -3.76822725 -3.66784647 -3.59285747 -3.53268604 -3.50515511 
1.23284674e+01 -3.76822725 -3.66784647 -3.59285747 -3.53268604 -3.50515511 
1.00000000e+01 -3.76822725 -3.66784647 -3.59285747 -3.53268604 -3.50515511 
8.11130831e+00 -3.76822725 -3.66784647 -3.59285747 -3.53268604 -3.50515511 
6.57933225e+00 -3.76822725 -3.66784647 -3.59285747 -3.53268604 -3.50515511 
5.33669923e+00 -3.76822725 -3.66784647 -3.59285747 -3.53268604 -3.50515511 
4.32876128e+00 -3.76822725 -3.66784647 -3.59285747 -3.53268604 -3.50515511 
3.51119173e+00 -3.76822725 -3.66784647 -3.59285747 -3.53268604 -3.50515511 
2.84803587e+00 -3.76822725 -3.66784647 -3.59285747 -3.53268604 -3.50515511 
2.31012970e+00 -3.76822725 -3.66784647 -3.59285747 -3.53268604 -3.50515511 
1.87381742e+00 -3.76822725 -3.66784647 -3.59285747 -3.53268604 -3.50515511 
1.51991108e+00 -3.76822725 -3.66784647 -3.59285747 -3.53268604 -3.50515511 
1.23284674e+00 -3.76822725 -3.66784647 -3.59285747 -3.53268604 -3.50515511 
1.00000000e+00 -3.76822725 -3.66784647 -3.59285747 -3.53268604 -3.50515511 
8.11130831e-01 -3.76822725 -3.66784647 -3.59285747 -3.53268604 -3.50515511 
6.57933225e-01 -3.76822725 -3.66784647 -3.59285747 -3.53268604 -3.50515511 
5.33669923e-01 -3.76822725 -3.66784647 -3.59285747 -3.53268604 -3.50515511 
4.32876128e-01 -3.76822725 -3.66784647 -3.59285747 -3.53268604 -3.50515511 
3.51119173e-01 -3.76822725 -3.66784647 -3.59285747 -3.53268604 -3.50515511 
2.84803587e-01 -3.76822725 -3.66784647 -3.59285747 -3.53268604 -3.50515511 
2.31012970e-01 -3.76822725 -3.66784647 -3.59285747 -3.53268604 -3.50515511 
1.87381742e-01 -3.76822725 -3.66784647 -3.59285747 -3.53268604 -3.50515511 
1.51991108e-01 -3.76822725 -3.66784647 -3.59285747 -3.53268604 -3.50515511 
1.23284674e-01 -3.76822725 -3.66784647 -3.59285747 -3.53268604 -3.50515511 
1.00000000e-01 -3.76822725 -3.66784647 -3.59285747 -3.53268604 -3.50515511 
8.11130831e-02 -3.76822725 -3.66784647 -3.59285747 -3.53268604 -3.50515511 
6.57933225e-02 -3.76822725 -3.66784647 -3.59285747 -3.53268604 -3.50515511 
5.33669923e-02 -3.76822725 -3.66784647 -3.59285747 -3.53268604 -3.50515511 
4.32876128e-02 -3.76822725 -3.66784647 -3.59285747 -3.53268604 -3.50515511 
3.51119173e-02 -3.76822725 -3.66784647 -3.59285747 -3.53268604 -3.50515511 
2.84803587e-02 -3.76822725 -3.66784647 -3.59285747 -3.53268604 -3.50515511 
2.31012970e-02 -3.76822725 -3.66784647 -3.59285747 -3.53268604 -3.50515511 
1.87381742e-02 -3.76822725 -3.66784647 -3.59285747 -3.53268604 -3.50515511 
1.51991108e-02 -3.76822725 -3.66784647 -3.59285747 -3.53268604 -3.50515511 
1.23284674e-02 -3.76822725 -3.66784647 -3.59285747 -3.53268604 -3.50515511 
1.00000000e-02 -3.76822725 -3.66784647 -3.59285747 -3.53268604 -3.50515511 
8.11130831e-03 -3.76822725 -3.66784647 -3.59285747 -3.53268604 -3.50515511 
6.57933225e-03 -3.76822725 -3.66784647 -3.59285747 -3.53268604 -3.50515511 
5.33669923e-03 -3.76822725 -3.66784647 -3.59285747 -3.53268604 -3.50515511 
4.32876128e-03 -3.76822725 -3.66784647 -3.59285747 -3.53268604 -3.50515511 
3.51119173e-03 -3.76822725 -3.66784647 -3.59285747 -3.53268604 -3.50515511 
2.84803587e-03 -3.76822725 -3.66784647 -3.59285747 -3.53268604 -3.50515511 
2.31012970e-03 -3.76822725 -3.66784647 -3.59285747 -3.53268604 -3.50515511 
1.87381742e-03 -3.76822725 -3.66784647 -3.59285747 -3.53268604 -3.50515511 
1.51991108e-03 -3.76822725 -3.66784647 -3.59285747 -3.53268604 -3.50515511 
1.23284674e-03 -3.76822725 -3.66784647 -3.59285747 -3.53268604 -3.50515511 
1.00000000e-03 -3.76822725 -3.66784647 -3.59285747 -3.53268604 -3.50515511 
8.11130831e-04 -3.76822725 -3.66784647 -3.59285747 -3.53268604 -3.50515511 
6.57933225e-04 -3.76822725 -3.66784647 -3.59285747 -3.53268604 -3.50515511 
5.33669923e-04 -3.76822725 -3.66784647 -3.59285747 -3.53268604 -3.50515511 
4.32876128e-04 -3.76822725 -3.66784647 -3.59285747 -3.53268604 -3.50515511 
3.51119173e-04 -3.76822725 -3.66784647 -3.59285747 -3.53268604 -3.50515511 
2.84803587e-04 -3.76822725 -3.66784647 -3.59285747 -3.53268604 -3.50515511 
2.31012970e-04 -3.76822725 -3.66784647 -3.59285747 -3.53268604 -3.50515511 
1.87381742e-04 -3.76822725 -3.66784647 -3.59285747 -3.53268604 -3.50515511 
1.51991108e-04 -3.76822725 -3.66784647 -3.59285747 -3.53268604 -3.50515511 
1.23284674e-04 -3.76822725 -3.66784647 -3.59285747 -3.53268604 -3.50515511 
1.00000000e-04 -3.76822725 -3.66784647 -3.59285747 -3.53268604 -3.50515511 
8.11130831e-05 -3.76822725 -3.66784647 -3.59285747 -3.53268604 -3.50515511 
6.57933225e-05 -3.76822725 -3.66784647 -3.59285747 -3.53268604 -3.50515511 
5.33669923e-05 -3.76822725 -3.66784647 -3.59285747 -3.53268604 -3.50515511 
4.32876128e-05 -3.76822725 -3.66784647 -3.59285747 -3.53268604 -3.50515511 
3.51119173e-05 -3.76822725 -3.66784647 -3.59285747 -3.53268604 -3.50515511 
2.84803587e-05 -3.76822725 -3.66784647 -3.59285747 -3.53268604 -3.50515511 
2.31012970e-05 -3.76822725 -3.66784647 -3.59285747 -3.53268604 -3.50515511 
1.87381742e-05 -3.76822725 -3.66784647 -3.59285747 -3.53268604 -3.50515511 
1.51991108e-05 -3.76822725 -3.66784647 -3.59285747 -3.53268604 -3.50515511 
1.23284674e-05 -3.76822725 -3.66784647 -3.59285747 -3.53268604 -3.50515511 
1.00000000e-05 -3.76822725 -3.66784647 -3.59285747 -3.53268604 -3.50515511 
8.11130831e-06 -3.76822725 -3.66784647 -3.59285747 -3.53268604 -3.50515511 
6.57933225e-06 -3.76822725 -3.66784647 -3.59285747 -3.53268604 -3.50515511 
5.33669923e-06 -3.76822725 -3.66784647 -3.59285747 -3.53268604 -3.50515511 
4.32876128e-06 -3.76822725 -3.66784647 -3.59285747 -3.53268604 -3.50515511 
3.51119173e-06 -3.76822725 -3.66784647 -3.59285747 -3.53268604 -3.50515511 
2.84803587e-06 -3.76822725 -3.66784647 -3.59285747 -3.53268604 -3.50515511 
2.31012970e-06 -3.76822725 -3.66784647 -3.59285747 -3.53268604 -3.50515511 
1.87381742e-06 -3.76822725 -3.66784647 -3.59285747 -3.53268604 -3.50515511 
1.51991108e-06 -3.76822725 -3.66784647 -3.59285747 -3.53268604 -3.50515511 
1.23284674e-06 -3.76822725 -3.66784647 -3.59285747 -3.53268604 -3.50515511 
1.00000000e-06 -3.76822725 -3.66784647 -3.59285747 -3.53268604 -3.50515511 
8.11130831e-07 -3.76822725 -3.66784647 -3.59285747 -3.53268604 -3.50515511 
6.57933225e-07 -3.76822725 -3.66784647 -3.59285747 -3.53268604 -3.50515511 
5.33669923e-07 -3.76822725 -3.66784647 -3.59285747 -3.53268604 -3.50515511 
4.32876128e-07 -3.76822725 -3.66784647 -3.59285747 -3.53268604 -3.50515511 
3.51119173e-07 -3.76822725 -3.66784647 -3.59285747 -3.53268604 -3.50515511 
2.84803587e-07 -3.76822725 -3.66784647 -3.59285747 -3.53268604 -3.50515511 
2.31012970e-07 -3.76822725 -3.66784647 -3.59285747 -3.53268604 -3.50515511 
1.87381742e-07 -3.76822725 -3.66784647 -3.59285747 -3.53268604 -3.50515511 
1.51991108e-07 -3.76822725 -3.66784647 -3.59285747 -3.53268604 -3.50515511 
1.23284674e-07 -3.76822725 -3.66784647 -3.59285747 -3.53268604 -3.50515511 
1.00000000e-07 -3.76822725 -3.66784647 -3.59285747 -3.53268604 -3.50515511 
P (bar) | log_SO2: -2σ | log_SO2: -1σ | log_SO2: median | log_SO2: +1σ | log_SO2: +2σ 
1.00000000e+02 -5.98867434 -5.93071827 -5.76856002 -5.54653216 -5.30655995 
8.11130831e+01 -5.98867434 -5.93071827 -5.76856002 -5.54653216 -5.30655995 
6.57933225e+01 -5.98867434 -5.93071827 -5.76856002 -5.54653216 -5.30655995 
5.33669923e+01 -5.98867434 -5.93071827 -5.76856002 -5.54653216 -5.30655995 
4.32876128e+01 -5.98867434 -5.93071827 -5.76856002 -5.54653216 -5.30655995 
3.51119173e+01 -5.98867434 -5.93071827 -5.76856002 -5.54653216 -5.30655995 
2.84803587e+01 -5.98867434 -5.93071827 -5.76856002 -5.54653216 -5.30655995 
2.31012970e+01 -5.98867434 -5.93071827 -5.76856002 -5.54653216 -5.30655995 
1.87381742e+01 -5.98867434 -5.93071827 -5.76856002 -5.54653216 -5.30655995 
1.51991108e+01 -5.98867434 -5.93071827 -5.76856002 -5.54653216 -5.30655995 
1.23284674e+01 -5.98867434 -5.93071827 -5.76856002 -5.54653216 -5.30655995 
1.00000000e+01 -5.98867434 -5.93071827 -5.76856002 -5.54653216 -5.30655995 
8.11130831e+00 -5.98867434 -5.93071827 -5.76856002 -5.54653216 -5.30655995 
6.57933225e+00 -5.98867434 -5.93071827 -5.76856002 -5.54653216 -5.30655995 
5.33669923e+00 -5.98867434 -5.93071827 -5.76856002 -5.54653216 -5.30655995 
4.32876128e+00 -5.98867434 -5.93071827 -5.76856002 -5.54653216 -5.30655995 
3.51119173e+00 -5.98867434 -5.93071827 -5.76856002 -5.54653216 -5.30655995 
2.84803587e+00 -5.98867434 -5.93071827 -5.76856002 -5.54653216 -5.30655995 
2.31012970e+00 -5.98867434 -5.93071827 -5.76856002 -5.54653216 -5.30655995 
1.87381742e+00 -5.98867434 -5.93071827 -5.76856002 -5.54653216 -5.30655995 
1.51991108e+00 -5.98867434 -5.93071827 -5.76856002 -5.54653216 -5.30655995 
1.23284674e+00 -5.98867434 -5.93071827 -5.76856002 -5.54653216 -5.30655995 
1.00000000e+00 -5.98867434 -5.93071827 -5.76856002 -5.54653216 -5.30655995 
8.11130831e-01 -5.98867434 -5.93071827 -5.76856002 -5.54653216 -5.30655995 
6.57933225e-01 -5.98867434 -5.93071827 -5.76856002 -5.54653216 -5.30655995 
5.33669923e-01 -5.98867434 -5.93071827 -5.76856002 -5.54653216 -5.30655995 
4.32876128e-01 -5.98867434 -5.93071827 -5.76856002 -5.54653216 -5.30655995 
3.51119173e-01 -5.98867434 -5.93071827 -5.76856002 -5.54653216 -5.30655995 
2.84803587e-01 -5.98867434 -5.93071827 -5.76856002 -5.54653216 -5.30655995 
2.31012970e-01 -5.98867434 -5.93071827 -5.76856002 -5.54653216 -5.30655995 
1.87381742e-01 -5.98867434 -5.93071827 -5.76856002 -5.54653216 -5.30655995 
1.51991108e-01 -5.98867434 -5.93071827 -5.76856002 -5.54653216 -5.30655995 
1.23284674e-01 -5.98867434 -5.93071827 -5.76856002 -5.54653216 -5.30655995 
1.00000000e-01 -5.98867434 -5.93071827 -5.76856002 -5.54653216 -5.30655995 
8.11130831e-02 -5.98867434 -5.93071827 -5.76856002 -5.54653216 -5.30655995 
6.57933225e-02 -5.98867434 -5.93071827 -5.76856002 -5.54653216 -5.30655995 
5.33669923e-02 -5.98867434 -5.93071827 -5.76856002 -5.54653216 -5.30655995 
4.32876128e-02 -5.98867434 -5.93071827 -5.76856002 -5.54653216 -5.30655995 
3.51119173e-02 -5.98867434 -5.93071827 -5.76856002 -5.54653216 -5.30655995 
2.84803587e-02 -5.98867434 -5.93071827 -5.76856002 -5.54653216 -5.30655995 
2.31012970e-02 -5.98867434 -5.93071827 -5.76856002 -5.54653216 -5.30655995 
1.87381742e-02 -5.98867434 -5.93071827 -5.76856002 -5.54653216 -5.30655995 
1.51991108e-02 -5.98867434 -5.93071827 -5.76856002 -5.54653216 -5.30655995 
1.23284674e-02 -5.98867434 -5.93071827 -5.76856002 -5.54653216 -5.30655995 
1.00000000e-02 -5.98867434 -5.93071827 -5.76856002 -5.54653216 -5.30655995 
8.11130831e-03 -5.98867434 -5.93071827 -5.76856002 -5.54653216 -5.30655995 
6.57933225e-03 -5.98867434 -5.93071827 -5.76856002 -5.54653216 -5.30655995 
5.33669923e-03 -5.98867434 -5.93071827 -5.76856002 -5.54653216 -5.30655995 
4.32876128e-03 -5.98867434 -5.93071827 -5.76856002 -5.54653216 -5.30655995 
3.51119173e-03 -5.98867434 -5.93071827 -5.76856002 -5.54653216 -5.30655995 
2.84803587e-03 -5.98867434 -5.93071827 -5.76856002 -5.54653216 -5.30655995 
2.31012970e-03 -5.98867434 -5.93071827 -5.76856002 -5.54653216 -5.30655995 
1.87381742e-03 -5.98867434 -5.93071827 -5.76856002 -5.54653216 -5.30655995 
1.51991108e-03 -5.98867434 -5.93071827 -5.76856002 -5.54653216 -5.30655995 
1.23284674e-03 -5.98867434 -5.93071827 -5.76856002 -5.54653216 -5.30655995 
1.00000000e-03 -5.98867434 -5.93071827 -5.76856002 -5.54653216 -5.30655995 
8.11130831e-04 -5.98867434 -5.93071827 -5.76856002 -5.54653216 -5.30655995 
6.57933225e-04 -5.98867434 -5.93071827 -5.76856002 -5.54653216 -5.30655995 
5.33669923e-04 -5.98867434 -5.93071827 -5.76856002 -5.54653216 -5.30655995 
4.32876128e-04 -5.98867434 -5.93071827 -5.76856002 -5.54653216 -5.30655995 
3.51119173e-04 -5.98867434 -5.93071827 -5.76856002 -5.54653216 -5.30655995 
2.84803587e-04 -5.98867434 -5.93071827 -5.76856002 -5.54653216 -5.30655995 
2.31012970e-04 -5.98867434 -5.93071827 -5.76856002 -5.54653216 -5.30655995 
1.87381742e-04 -5.98867434 -5.93071827 -5.76856002 -5.54653216 -5.30655995 
1.51991108e-04 -5.98867434 -5.93071827 -5.76856002 -5.54653216 -5.30655995 
1.23284674e-04 -5.98867434 -5.93071827 -5.76856002 -5.54653216 -5.30655995 
1.00000000e-04 -5.98867434 -5.93071827 -5.76856002 -5.54653216 -5.30655995 
8.11130831e-05 -5.98867434 -5.93071827 -5.76856002 -5.54653216 -5.30655995 
6.57933225e-05 -5.98867434 -5.93071827 -5.76856002 -5.54653216 -5.30655995 
5.33669923e-05 -5.98867434 -5.93071827 -5.76856002 -5.54653216 -5.30655995 
4.32876128e-05 -5.98867434 -5.93071827 -5.76856002 -5.54653216 -5.30655995 
3.51119173e-05 -5.98867434 -5.93071827 -5.76856002 -5.54653216 -5.30655995 
2.84803587e-05 -5.98867434 -5.93071827 -5.76856002 -5.54653216 -5.30655995 
2.31012970e-05 -5.98867434 -5.93071827 -5.76856002 -5.54653216 -5.30655995 
1.87381742e-05 -5.98867434 -5.93071827 -5.76856002 -5.54653216 -5.30655995 
1.51991108e-05 -5.98867434 -5.93071827 -5.76856002 -5.54653216 -5.30655995 
1.23284674e-05 -5.98867434 -5.93071827 -5.76856002 -5.54653216 -5.30655995 
1.00000000e-05 -5.98867434 -5.93071827 -5.76856002 -5.54653216 -5.30655995 
8.11130831e-06 -5.98867434 -5.93071827 -5.76856002 -5.54653216 -5.30655995 
6.57933225e-06 -5.98867434 -5.93071827 -5.76856002 -5.54653216 -5.30655995 
5.33669923e-06 -5.98867434 -5.93071827 -5.76856002 -5.54653216 -5.30655995 
4.32876128e-06 -5.98867434 -5.93071827 -5.76856002 -5.54653216 -5.30655995 
3.51119173e-06 -5.98867434 -5.93071827 -5.76856002 -5.54653216 -5.30655995 
2.84803587e-06 -5.98867434 -5.93071827 -5.76856002 -5.54653216 -5.30655995 
2.31012970e-06 -5.98867434 -5.93071827 -5.76856002 -5.54653216 -5.30655995 
1.87381742e-06 -5.98867434 -5.93071827 -5.76856002 -5.54653216 -5.30655995 
1.51991108e-06 -5.98867434 -5.93071827 -5.76856002 -5.54653216 -5.30655995 
1.23284674e-06 -5.98867434 -5.93071827 -5.76856002 -5.54653216 -5.30655995 
1.00000000e-06 -5.98867434 -5.93071827 -5.76856002 -5.54653216 -5.30655995 
8.11130831e-07 -5.98867434 -5.93071827 -5.76856002 -5.54653216 -5.30655995 
6.57933225e-07 -5.98867434 -5.93071827 -5.76856002 -5.54653216 -5.30655995 
5.33669923e-07 -5.98867434 -5.93071827 -5.76856002 -5.54653216 -5.30655995 
4.32876128e-07 -5.98867434 -5.93071827 -5.76856002 -5.54653216 -5.30655995 
3.51119173e-07 -5.98867434 -5.93071827 -5.76856002 -5.54653216 -5.30655995 
2.84803587e-07 -5.98867434 -5.93071827 -5.76856002 -5.54653216 -5.30655995 
2.31012970e-07 -5.98867434 -5.93071827 -5.76856002 -5.54653216 -5.30655995 
1.87381742e-07 -5.98867434 -5.93071827 -5.76856002 -5.54653216 -5.30655995 
1.51991108e-07 -5.98867434 -5.93071827 -5.76856002 -5.54653216 -5.30655995 
1.23284674e-07 -5.98867434 -5.93071827 -5.76856002 -5.54653216 -5.30655995 
1.00000000e-07 -5.98867434 -5.93071827 -5.76856002 -5.54653216 -5.30655995 
P (bar) | log_CO: -2σ | log_CO: -1σ | log_CO: median | log_CO: +1σ | log_CO: +2σ 
1.00000000e+02 -1.02603705 -1.01220092 -1.00465747 -1.00122714 -1.00015345 
8.11130831e+01 -1.02603705 -1.01220092 -1.00465747 -1.00122714 -1.00015345 
6.57933225e+01 -1.02603705 -1.01220092 -1.00465747 -1.00122714 -1.00015345 
5.33669923e+01 -1.02603705 -1.01220092 -1.00465747 -1.00122714 -1.00015345 
4.32876128e+01 -1.02603705 -1.01220092 -1.00465747 -1.00122714 -1.00015345 
3.51119173e+01 -1.02603705 -1.01220092 -1.00465747 -1.00122714 -1.00015345 
2.84803587e+01 -1.02603705 -1.01220092 -1.00465747 -1.00122714 -1.00015345 
2.31012970e+01 -1.02603705 -1.01220092 -1.00465747 -1.00122714 -1.00015345 
1.87381742e+01 -1.02603705 -1.01220092 -1.00465747 -1.00122714 -1.00015345 
1.51991108e+01 -1.02603705 -1.01220092 -1.00465747 -1.00122714 -1.00015345 
1.23284674e+01 -1.02603705 -1.01220092 -1.00465747 -1.00122714 -1.00015345 
1.00000000e+01 -1.02603705 -1.01220092 -1.00465747 -1.00122714 -1.00015345 
8.11130831e+00 -1.02603705 -1.01220092 -1.00465747 -1.00122714 -1.00015345 
6.57933225e+00 -1.02603705 -1.01220092 -1.00465747 -1.00122714 -1.00015345 
5.33669923e+00 -1.02603705 -1.01220092 -1.00465747 -1.00122714 -1.00015345 
4.32876128e+00 -1.02603705 -1.01220092 -1.00465747 -1.00122714 -1.00015345 
3.51119173e+00 -1.02603705 -1.01220092 -1.00465747 -1.00122714 -1.00015345 
2.84803587e+00 -1.02603705 -1.01220092 -1.00465747 -1.00122714 -1.00015345 
2.31012970e+00 -1.02603705 -1.01220092 -1.00465747 -1.00122714 -1.00015345 
1.87381742e+00 -1.02603705 -1.01220092 -1.00465747 -1.00122714 -1.00015345 
1.51991108e+00 -1.02603705 -1.01220092 -1.00465747 -1.00122714 -1.00015345 
1.23284674e+00 -1.02603705 -1.01220092 -1.00465747 -1.00122714 -1.00015345 
1.00000000e+00 -1.02603705 -1.01220092 -1.00465747 -1.00122714 -1.00015345 
8.11130831e-01 -1.02603705 -1.01220092 -1.00465747 -1.00122714 -1.00015345 
6.57933225e-01 -1.02603705 -1.01220092 -1.00465747 -1.00122714 -1.00015345 
5.33669923e-01 -1.02603705 -1.01220092 -1.00465747 -1.00122714 -1.00015345 
4.32876128e-01 -1.02603705 -1.01220092 -1.00465747 -1.00122714 -1.00015345 
3.51119173e-01 -1.02603705 -1.01220092 -1.00465747 -1.00122714 -1.00015345 
2.84803587e-01 -1.02603705 -1.01220092 -1.00465747 -1.00122714 -1.00015345 
2.31012970e-01 -1.02603705 -1.01220092 -1.00465747 -1.00122714 -1.00015345 
1.87381742e-01 -1.02603705 -1.01220092 -1.00465747 -1.00122714 -1.00015345 
1.51991108e-01 -1.02603705 -1.01220092 -1.00465747 -1.00122714 -1.00015345 
1.23284674e-01 -1.02603705 -1.01220092 -1.00465747 -1.00122714 -1.00015345 
1.00000000e-01 -1.02603705 -1.01220092 -1.00465747 -1.00122714 -1.00015345 
8.11130831e-02 -1.02603705 -1.01220092 -1.00465747 -1.00122714 -1.00015345 
6.57933225e-02 -1.02603705 -1.01220092 -1.00465747 -1.00122714 -1.00015345 
5.33669923e-02 -1.02603705 -1.01220092 -1.00465747 -1.00122714 -1.00015345 
4.32876128e-02 -1.02603705 -1.01220092 -1.00465747 -1.00122714 -1.00015345 
3.51119173e-02 -1.02603705 -1.01220092 -1.00465747 -1.00122714 -1.00015345 
2.84803587e-02 -1.02603705 -1.01220092 -1.00465747 -1.00122714 -1.00015345 
2.31012970e-02 -1.02603705 -1.01220092 -1.00465747 -1.00122714 -1.00015345 
1.87381742e-02 -1.02603705 -1.01220092 -1.00465747 -1.00122714 -1.00015345 
1.51991108e-02 -1.02603705 -1.01220092 -1.00465747 -1.00122714 -1.00015345 
1.23284674e-02 -1.02603705 -1.01220092 -1.00465747 -1.00122714 -1.00015345 
1.00000000e-02 -1.02603705 -1.01220092 -1.00465747 -1.00122714 -1.00015345 
8.11130831e-03 -1.02603705 -1.01220092 -1.00465747 -1.00122714 -1.00015345 
6.57933225e-03 -1.02603705 -1.01220092 -1.00465747 -1.00122714 -1.00015345 
5.33669923e-03 -1.02603705 -1.01220092 -1.00465747 -1.00122714 -1.00015345 
4.32876128e-03 -1.02603705 -1.01220092 -1.00465747 -1.00122714 -1.00015345 
3.51119173e-03 -1.02603705 -1.01220092 -1.00465747 -1.00122714 -1.00015345 
2.84803587e-03 -1.02603705 -1.01220092 -1.00465747 -1.00122714 -1.00015345 
2.31012970e-03 -1.02603705 -1.01220092 -1.00465747 -1.00122714 -1.00015345 
1.87381742e-03 -1.02603705 -1.01220092 -1.00465747 -1.00122714 -1.00015345 
1.51991108e-03 -1.02603705 -1.01220092 -1.00465747 -1.00122714 -1.00015345 
1.23284674e-03 -1.02603705 -1.01220092 -1.00465747 -1.00122714 -1.00015345 
1.00000000e-03 -1.02603705 -1.01220092 -1.00465747 -1.00122714 -1.00015345 
8.11130831e-04 -1.02603705 -1.01220092 -1.00465747 -1.00122714 -1.00015345 
6.57933225e-04 -1.02603705 -1.01220092 -1.00465747 -1.00122714 -1.00015345 
5.33669923e-04 -1.02603705 -1.01220092 -1.00465747 -1.00122714 -1.00015345 
4.32876128e-04 -1.02603705 -1.01220092 -1.00465747 -1.00122714 -1.00015345 
3.51119173e-04 -1.02603705 -1.01220092 -1.00465747 -1.00122714 -1.00015345 
2.84803587e-04 -1.02603705 -1.01220092 -1.00465747 -1.00122714 -1.00015345 
2.31012970e-04 -1.02603705 -1.01220092 -1.00465747 -1.00122714 -1.00015345 
1.87381742e-04 -1.02603705 -1.01220092 -1.00465747 -1.00122714 -1.00015345 
1.51991108e-04 -1.02603705 -1.01220092 -1.00465747 -1.00122714 -1.00015345 
1.23284674e-04 -1.02603705 -1.01220092 -1.00465747 -1.00122714 -1.00015345 
1.00000000e-04 -1.02603705 -1.01220092 -1.00465747 -1.00122714 -1.00015345 
8.11130831e-05 -1.02603705 -1.01220092 -1.00465747 -1.00122714 -1.00015345 
6.57933225e-05 -1.02603705 -1.01220092 -1.00465747 -1.00122714 -1.00015345 
5.33669923e-05 -1.02603705 -1.01220092 -1.00465747 -1.00122714 -1.00015345 
4.32876128e-05 -1.02603705 -1.01220092 -1.00465747 -1.00122714 -1.00015345 
3.51119173e-05 -1.02603705 -1.01220092 -1.00465747 -1.00122714 -1.00015345 
2.84803587e-05 -1.02603705 -1.01220092 -1.00465747 -1.00122714 -1.00015345 
2.31012970e-05 -1.02603705 -1.01220092 -1.00465747 -1.00122714 -1.00015345 
1.87381742e-05 -1.02603705 -1.01220092 -1.00465747 -1.00122714 -1.00015345 
1.51991108e-05 -1.02603705 -1.01220092 -1.00465747 -1.00122714 -1.00015345 
1.23284674e-05 -1.02603705 -1.01220092 -1.00465747 -1.00122714 -1.00015345 
1.00000000e-05 -1.02603705 -1.01220092 -1.00465747 -1.00122714 -1.00015345 
8.11130831e-06 -1.02603705 -1.01220092 -1.00465747 -1.00122714 -1.00015345 
6.57933225e-06 -1.02603705 -1.01220092 -1.00465747 -1.00122714 -1.00015345 
5.33669923e-06 -1.02603705 -1.01220092 -1.00465747 -1.00122714 -1.00015345 
4.32876128e-06 -1.02603705 -1.01220092 -1.00465747 -1.00122714 -1.00015345 
3.51119173e-06 -1.02603705 -1.01220092 -1.00465747 -1.00122714 -1.00015345 
2.84803587e-06 -1.02603705 -1.01220092 -1.00465747 -1.00122714 -1.00015345 
2.31012970e-06 -1.02603705 -1.01220092 -1.00465747 -1.00122714 -1.00015345 
1.87381742e-06 -1.02603705 -1.01220092 -1.00465747 -1.00122714 -1.00015345 
1.51991108e-06 -1.02603705 -1.01220092 -1.00465747 -1.00122714 -1.00015345 
1.23284674e-06 -1.02603705 -1.01220092 -1.00465747 -1.00122714 -1.00015345 
1.00000000e-06 -1.02603705 -1.01220092 -1.00465747 -1.00122714 -1.00015345 
8.11130831e-07 -1.02603705 -1.01220092 -1.00465747 -1.00122714 -1.00015345 
6.57933225e-07 -1.02603705 -1.01220092 -1.00465747 -1.00122714 -1.00015345 
5.33669923e-07 -1.02603705 -1.01220092 -1.00465747 -1.00122714 -1.00015345 
4.32876128e-07 -1.02603705 -1.01220092 -1.00465747 -1.00122714 -1.00015345 
3.51119173e-07 -1.02603705 -1.01220092 -1.00465747 -1.00122714 -1.00015345 
2.84803587e-07 -1.02603705 -1.01220092 -1.00465747 -1.00122714 -1.00015345 
2.31012970e-07 -1.02603705 -1.01220092 -1.00465747 -1.00122714 -1.00015345 
1.87381742e-07 -1.02603705 -1.01220092 -1.00465747 -1.00122714 -1.00015345 
1.51991108e-07 -1.02603705 -1.01220092 -1.00465747 -1.00122714 -1.00015345 
1.23284674e-07 -1.02603705 -1.01220092 -1.00465747 -1.00122714 -1.00015345 
1.00000000e-07 -1.02603705 -1.01220092 -1.00465747 -1.00122714 -1.00015345 
P (bar) | log_Na: -2σ | log_Na: -1σ | log_Na: median | log_Na: +1σ | log_Na: +2σ 
1.00000000e+02 -4.44785423 -4.34607387 -4.24155123 -4.14567583 -4.05659056 
8.11130831e+01 -4.44785423 -4.34607387 -4.24155123 -4.14567583 -4.05659056 
6.57933225e+01 -4.44785423 -4.34607387 -4.24155123 -4.14567583 -4.05659056 
5.33669923e+01 -4.44785423 -4.34607387 -4.24155123 -4.14567583 -4.05659056 
4.32876128e+01 -4.44785423 -4.34607387 -4.24155123 -4.14567583 -4.05659056 
3.51119173e+01 -4.44785423 -4.34607387 -4.24155123 -4.14567583 -4.05659056 
2.84803587e+01 -4.44785423 -4.34607387 -4.24155123 -4.14567583 -4.05659056 
2.31012970e+01 -4.44785423 -4.34607387 -4.24155123 -4.14567583 -4.05659056 
1.87381742e+01 -4.44785423 -4.34607387 -4.24155123 -4.14567583 -4.05659056 
1.51991108e+01 -4.44785423 -4.34607387 -4.24155123 -4.14567583 -4.05659056 
1.23284674e+01 -4.44785423 -4.34607387 -4.24155123 -4.14567583 -4.05659056 
1.00000000e+01 -4.44785423 -4.34607387 -4.24155123 -4.14567583 -4.05659056 
8.11130831e+00 -4.44785423 -4.34607387 -4.24155123 -4.14567583 -4.05659056 
6.57933225e+00 -4.44785423 -4.34607387 -4.24155123 -4.14567583 -4.05659056 
5.33669923e+00 -4.44785423 -4.34607387 -4.24155123 -4.14567583 -4.05659056 
4.32876128e+00 -4.44785423 -4.34607387 -4.24155123 -4.14567583 -4.05659056 
3.51119173e+00 -4.44785423 -4.34607387 -4.24155123 -4.14567583 -4.05659056 
2.84803587e+00 -4.44785423 -4.34607387 -4.24155123 -4.14567583 -4.05659056 
2.31012970e+00 -4.44785423 -4.34607387 -4.24155123 -4.14567583 -4.05659056 
1.87381742e+00 -4.44785423 -4.34607387 -4.24155123 -4.14567583 -4.05659056 
1.51991108e+00 -4.44785423 -4.34607387 -4.24155123 -4.14567583 -4.05659056 
1.23284674e+00 -4.44785423 -4.34607387 -4.24155123 -4.14567583 -4.05659056 
1.00000000e+00 -4.44785423 -4.34607387 -4.24155123 -4.14567583 -4.05659056 
8.11130831e-01 -4.44785423 -4.34607387 -4.24155123 -4.14567583 -4.05659056 
6.57933225e-01 -4.44785423 -4.34607387 -4.24155123 -4.14567583 -4.05659056 
5.33669923e-01 -4.44785423 -4.34607387 -4.24155123 -4.14567583 -4.05659056 
4.32876128e-01 -4.44785423 -4.34607387 -4.24155123 -4.14567583 -4.05659056 
3.51119173e-01 -4.44785423 -4.34607387 -4.24155123 -4.14567583 -4.05659056 
2.84803587e-01 -4.44785423 -4.34607387 -4.24155123 -4.14567583 -4.05659056 
2.31012970e-01 -4.44785423 -4.34607387 -4.24155123 -4.14567583 -4.05659056 
1.87381742e-01 -4.44785423 -4.34607387 -4.24155123 -4.14567583 -4.05659056 
1.51991108e-01 -4.44785423 -4.34607387 -4.24155123 -4.14567583 -4.05659056 
1.23284674e-01 -4.44785423 -4.34607387 -4.24155123 -4.14567583 -4.05659056 
1.00000000e-01 -4.44785423 -4.34607387 -4.24155123 -4.14567583 -4.05659056 
8.11130831e-02 -4.44785423 -4.34607387 -4.24155123 -4.14567583 -4.05659056 
6.57933225e-02 -4.44785423 -4.34607387 -4.24155123 -4.14567583 -4.05659056 
5.33669923e-02 -4.44785423 -4.34607387 -4.24155123 -4.14567583 -4.05659056 
4.32876128e-02 -4.44785423 -4.34607387 -4.24155123 -4.14567583 -4.05659056 
3.51119173e-02 -4.44785423 -4.34607387 -4.24155123 -4.14567583 -4.05659056 
2.84803587e-02 -4.44785423 -4.34607387 -4.24155123 -4.14567583 -4.05659056 
2.31012970e-02 -4.44785423 -4.34607387 -4.24155123 -4.14567583 -4.05659056 
1.87381742e-02 -4.44785423 -4.34607387 -4.24155123 -4.14567583 -4.05659056 
1.51991108e-02 -4.44785423 -4.34607387 -4.24155123 -4.14567583 -4.05659056 
1.23284674e-02 -4.44785423 -4.34607387 -4.24155123 -4.14567583 -4.05659056 
1.00000000e-02 -4.44785423 -4.34607387 -4.24155123 -4.14567583 -4.05659056 
8.11130831e-03 -4.44785423 -4.34607387 -4.24155123 -4.14567583 -4.05659056 
6.57933225e-03 -4.44785423 -4.34607387 -4.24155123 -4.14567583 -4.05659056 
5.33669923e-03 -4.44785423 -4.34607387 -4.24155123 -4.14567583 -4.05659056 
4.32876128e-03 -4.44785423 -4.34607387 -4.24155123 -4.14567583 -4.05659056 
3.51119173e-03 -4.44785423 -4.34607387 -4.24155123 -4.14567583 -4.05659056 
2.84803587e-03 -4.44785423 -4.34607387 -4.24155123 -4.14567583 -4.05659056 
2.31012970e-03 -4.44785423 -4.34607387 -4.24155123 -4.14567583 -4.05659056 
1.87381742e-03 -4.44785423 -4.34607387 -4.24155123 -4.14567583 -4.05659056 
1.51991108e-03 -4.44785423 -4.34607387 -4.24155123 -4.14567583 -4.05659056 
1.23284674e-03 -4.44785423 -4.34607387 -4.24155123 -4.14567583 -4.05659056 
1.00000000e-03 -4.44785423 -4.34607387 -4.24155123 -4.14567583 -4.05659056 
8.11130831e-04 -4.44785423 -4.34607387 -4.24155123 -4.14567583 -4.05659056 
6.57933225e-04 -4.44785423 -4.34607387 -4.24155123 -4.14567583 -4.05659056 
5.33669923e-04 -4.44785423 -4.34607387 -4.24155123 -4.14567583 -4.05659056 
4.32876128e-04 -4.44785423 -4.34607387 -4.24155123 -4.14567583 -4.05659056 
3.51119173e-04 -4.44785423 -4.34607387 -4.24155123 -4.14567583 -4.05659056 
2.84803587e-04 -4.44785423 -4.34607387 -4.24155123 -4.14567583 -4.05659056 
2.31012970e-04 -4.44785423 -4.34607387 -4.24155123 -4.14567583 -4.05659056 
1.87381742e-04 -4.44785423 -4.34607387 -4.24155123 -4.14567583 -4.05659056 
1.51991108e-04 -4.44785423 -4.34607387 -4.24155123 -4.14567583 -4.05659056 
1.23284674e-04 -4.44785423 -4.34607387 -4.24155123 -4.14567583 -4.05659056 
1.00000000e-04 -4.44785423 -4.34607387 -4.24155123 -4.14567583 -4.05659056 
8.11130831e-05 -4.44785423 -4.34607387 -4.24155123 -4.14567583 -4.05659056 
6.57933225e-05 -4.44785423 -4.34607387 -4.24155123 -4.14567583 -4.05659056 
5.33669923e-05 -4.44785423 -4.34607387 -4.24155123 -4.14567583 -4.05659056 
4.32876128e-05 -4.44785423 -4.34607387 -4.24155123 -4.14567583 -4.05659056 
3.51119173e-05 -4.44785423 -4.34607387 -4.24155123 -4.14567583 -4.05659056 
2.84803587e-05 -4.44785423 -4.34607387 -4.24155123 -4.14567583 -4.05659056 
2.31012970e-05 -4.44785423 -4.34607387 -4.24155123 -4.14567583 -4.05659056 
1.87381742e-05 -4.44785423 -4.34607387 -4.24155123 -4.14567583 -4.05659056 
1.51991108e-05 -4.44785423 -4.34607387 -4.24155123 -4.14567583 -4.05659056 
1.23284674e-05 -4.44785423 -4.34607387 -4.24155123 -4.14567583 -4.05659056 
1.00000000e-05 -4.44785423 -4.34607387 -4.24155123 -4.14567583 -4.05659056 
8.11130831e-06 -4.44785423 -4.34607387 -4.24155123 -4.14567583 -4.05659056 
6.57933225e-06 -4.44785423 -4.34607387 -4.24155123 -4.14567583 -4.05659056 
5.33669923e-06 -4.44785423 -4.34607387 -4.24155123 -4.14567583 -4.05659056 
4.32876128e-06 -4.44785423 -4.34607387 -4.24155123 -4.14567583 -4.05659056 
3.51119173e-06 -4.44785423 -4.34607387 -4.24155123 -4.14567583 -4.05659056 
2.84803587e-06 -4.44785423 -4.34607387 -4.24155123 -4.14567583 -4.05659056 
2.31012970e-06 -4.44785423 -4.34607387 -4.24155123 -4.14567583 -4.05659056 
1.87381742e-06 -4.44785423 -4.34607387 -4.24155123 -4.14567583 -4.05659056 
1.51991108e-06 -4.44785423 -4.34607387 -4.24155123 -4.14567583 -4.05659056 
1.23284674e-06 -4.44785423 -4.34607387 -4.24155123 -4.14567583 -4.05659056 
1.00000000e-06 -4.44785423 -4.34607387 -4.24155123 -4.14567583 -4.05659056 
8.11130831e-07 -4.44785423 -4.34607387 -4.24155123 -4.14567583 -4.05659056 
6.57933225e-07 -4.44785423 -4.34607387 -4.24155123 -4.14567583 -4.05659056 
5.33669923e-07 -4.44785423 -4.34607387 -4.24155123 -4.14567583 -4.05659056 
4.32876128e-07 -4.44785423 -4.34607387 -4.24155123 -4.14567583 -4.05659056 
3.51119173e-07 -4.44785423 -4.34607387 -4.24155123 -4.14567583 -4.05659056 
2.84803587e-07 -4.44785423 -4.34607387 -4.24155123 -4.14567583 -4.05659056 
2.31012970e-07 -4.44785423 -4.34607387 -4.24155123 -4.14567583 -4.05659056 
1.87381742e-07 -4.44785423 -4.34607387 -4.24155123 -4.14567583 -4.05659056 
1.51991108e-07 -4.44785423 -4.34607387 -4.24155123 -4.14567583 -4.05659056 
1.23284674e-07 -4.44785423 -4.34607387 -4.24155123 -4.14567583 -4.05659056 
1.00000000e-07 -4.44785423 -4.34607387 -4.24155123 -4.14567583 -4.05659056 
P (bar) | log_H2S: -2σ | log_H2S: -1σ | log_H2S: median | log_H2S: +1σ | log_H2S: +2σ 
1.00000000e+02 -3.10819748 -3.05647255 -3.02355396 -3.00605999 -3.00078994 
8.11130831e+01 -3.10819748 -3.05647255 -3.02355396 -3.00605999 -3.00078994 
6.57933225e+01 -3.10819748 -3.05647255 -3.02355396 -3.00605999 -3.00078994 
5.33669923e+01 -3.10819748 -3.05647255 -3.02355396 -3.00605999 -3.00078994 
4.32876128e+01 -3.10819748 -3.05647255 -3.02355396 -3.00605999 -3.00078994 
3.51119173e+01 -3.10819748 -3.05647255 -3.02355396 -3.00605999 -3.00078994 
2.84803587e+01 -3.10819748 -3.05647255 -3.02355396 -3.00605999 -3.00078994 
2.31012970e+01 -3.10819748 -3.05647255 -3.02355396 -3.00605999 -3.00078994 
1.87381742e+01 -3.10819748 -3.05647255 -3.02355396 -3.00605999 -3.00078994 
1.51991108e+01 -3.10819748 -3.05647255 -3.02355396 -3.00605999 -3.00078994 
1.23284674e+01 -3.10819748 -3.05647255 -3.02355396 -3.00605999 -3.00078994 
1.00000000e+01 -3.10819748 -3.05647255 -3.02355396 -3.00605999 -3.00078994 
8.11130831e+00 -3.10819748 -3.05647255 -3.02355396 -3.00605999 -3.00078994 
6.57933225e+00 -3.10819748 -3.05647255 -3.02355396 -3.00605999 -3.00078994 
5.33669923e+00 -3.10819748 -3.05647255 -3.02355396 -3.00605999 -3.00078994 
4.32876128e+00 -3.10819748 -3.05647255 -3.02355396 -3.00605999 -3.00078994 
3.51119173e+00 -3.10819748 -3.05647255 -3.02355396 -3.00605999 -3.00078994 
2.84803587e+00 -3.10819748 -3.05647255 -3.02355396 -3.00605999 -3.00078994 
2.31012970e+00 -3.10819748 -3.05647255 -3.02355396 -3.00605999 -3.00078994 
1.87381742e+00 -3.10819748 -3.05647255 -3.02355396 -3.00605999 -3.00078994 
1.51991108e+00 -3.10819748 -3.05647255 -3.02355396 -3.00605999 -3.00078994 
1.23284674e+00 -3.10819748 -3.05647255 -3.02355396 -3.00605999 -3.00078994 
1.00000000e+00 -3.10819748 -3.05647255 -3.02355396 -3.00605999 -3.00078994 
8.11130831e-01 -3.10819748 -3.05647255 -3.02355396 -3.00605999 -3.00078994 
6.57933225e-01 -3.10819748 -3.05647255 -3.02355396 -3.00605999 -3.00078994 
5.33669923e-01 -3.10819748 -3.05647255 -3.02355396 -3.00605999 -3.00078994 
4.32876128e-01 -3.10819748 -3.05647255 -3.02355396 -3.00605999 -3.00078994 
3.51119173e-01 -3.10819748 -3.05647255 -3.02355396 -3.00605999 -3.00078994 
2.84803587e-01 -3.10819748 -3.05647255 -3.02355396 -3.00605999 -3.00078994 
2.31012970e-01 -3.10819748 -3.05647255 -3.02355396 -3.00605999 -3.00078994 
1.87381742e-01 -3.10819748 -3.05647255 -3.02355396 -3.00605999 -3.00078994 
1.51991108e-01 -3.10819748 -3.05647255 -3.02355396 -3.00605999 -3.00078994 
1.23284674e-01 -3.10819748 -3.05647255 -3.02355396 -3.00605999 -3.00078994 
1.00000000e-01 -3.10819748 -3.05647255 -3.02355396 -3.00605999 -3.00078994 
8.11130831e-02 -3.10819748 -3.05647255 -3.02355396 -3.00605999 -3.00078994 
6.57933225e-02 -3.10819748 -3.05647255 -3.02355396 -3.00605999 -3.00078994 
5.33669923e-02 -3.10819748 -3.05647255 -3.02355396 -3.00605999 -3.00078994 
4.32876128e-02 -3.10819748 -3.05647255 -3.02355396 -3.00605999 -3.00078994 
3.51119173e-02 -3.10819748 -3.05647255 -3.02355396 -3.00605999 -3.00078994 
2.84803587e-02 -3.10819748 -3.05647255 -3.02355396 -3.00605999 -3.00078994 
2.31012970e-02 -3.10819748 -3.05647255 -3.02355396 -3.00605999 -3.00078994 
1.87381742e-02 -3.10819748 -3.05647255 -3.02355396 -3.00605999 -3.00078994 
1.51991108e-02 -3.10819748 -3.05647255 -3.02355396 -3.00605999 -3.00078994 
1.23284674e-02 -3.10819748 -3.05647255 -3.02355396 -3.00605999 -3.00078994 
1.00000000e-02 -3.10819748 -3.05647255 -3.02355396 -3.00605999 -3.00078994 
8.11130831e-03 -3.10819748 -3.05647255 -3.02355396 -3.00605999 -3.00078994 
6.57933225e-03 -3.10819748 -3.05647255 -3.02355396 -3.00605999 -3.00078994 
5.33669923e-03 -3.10819748 -3.05647255 -3.02355396 -3.00605999 -3.00078994 
4.32876128e-03 -3.10819748 -3.05647255 -3.02355396 -3.00605999 -3.00078994 
3.51119173e-03 -3.10819748 -3.05647255 -3.02355396 -3.00605999 -3.00078994 
2.84803587e-03 -3.10819748 -3.05647255 -3.02355396 -3.00605999 -3.00078994 
2.31012970e-03 -3.10819748 -3.05647255 -3.02355396 -3.00605999 -3.00078994 
1.87381742e-03 -3.10819748 -3.05647255 -3.02355396 -3.00605999 -3.00078994 
1.51991108e-03 -3.10819748 -3.05647255 -3.02355396 -3.00605999 -3.00078994 
1.23284674e-03 -3.10819748 -3.05647255 -3.02355396 -3.00605999 -3.00078994 
1.00000000e-03 -3.10819748 -3.05647255 -3.02355396 -3.00605999 -3.00078994 
8.11130831e-04 -3.10819748 -3.05647255 -3.02355396 -3.00605999 -3.00078994 
6.57933225e-04 -3.10819748 -3.05647255 -3.02355396 -3.00605999 -3.00078994 
5.33669923e-04 -3.10819748 -3.05647255 -3.02355396 -3.00605999 -3.00078994 
4.32876128e-04 -3.10819748 -3.05647255 -3.02355396 -3.00605999 -3.00078994 
3.51119173e-04 -3.10819748 -3.05647255 -3.02355396 -3.00605999 -3.00078994 
2.84803587e-04 -3.10819748 -3.05647255 -3.02355396 -3.00605999 -3.00078994 
2.31012970e-04 -3.10819748 -3.05647255 -3.02355396 -3.00605999 -3.00078994 
1.87381742e-04 -3.10819748 -3.05647255 -3.02355396 -3.00605999 -3.00078994 
1.51991108e-04 -3.10819748 -3.05647255 -3.02355396 -3.00605999 -3.00078994 
1.23284674e-04 -3.10819748 -3.05647255 -3.02355396 -3.00605999 -3.00078994 
1.00000000e-04 -3.10819748 -3.05647255 -3.02355396 -3.00605999 -3.00078994 
8.11130831e-05 -3.10819748 -3.05647255 -3.02355396 -3.00605999 -3.00078994 
6.57933225e-05 -3.10819748 -3.05647255 -3.02355396 -3.00605999 -3.00078994 
5.33669923e-05 -3.10819748 -3.05647255 -3.02355396 -3.00605999 -3.00078994 
4.32876128e-05 -3.10819748 -3.05647255 -3.02355396 -3.00605999 -3.00078994 
3.51119173e-05 -3.10819748 -3.05647255 -3.02355396 -3.00605999 -3.00078994 
2.84803587e-05 -3.10819748 -3.05647255 -3.02355396 -3.00605999 -3.00078994 
2.31012970e-05 -3.10819748 -3.05647255 -3.02355396 -3.00605999 -3.00078994 
1.87381742e-05 -3.10819748 -3.05647255 -3.02355396 -3.00605999 -3.00078994 
1.51991108e-05 -3.10819748 -3.05647255 -3.02355396 -3.00605999 -3.00078994 
1.23284674e-05 -3.10819748 -3.05647255 -3.02355396 -3.00605999 -3.00078994 
1.00000000e-05 -3.10819748 -3.05647255 -3.02355396 -3.00605999 -3.00078994 
8.11130831e-06 -3.10819748 -3.05647255 -3.02355396 -3.00605999 -3.00078994 
6.57933225e-06 -3.10819748 -3.05647255 -3.02355396 -3.00605999 -3.00078994 
5.33669923e-06 -3.10819748 -3.05647255 -3.02355396 -3.00605999 -3.00078994 
4.32876128e-06 -3.10819748 -3.05647255 -3.02355396 -3.00605999 -3.00078994 
3.51119173e-06 -3.10819748 -3.05647255 -3.02355396 -3.00605999 -3.00078994 
2.84803587e-06 -3.10819748 -3.05647255 -3.02355396 -3.00605999 -3.00078994 
2.31012970e-06 -3.10819748 -3.05647255 -3.02355396 -3.00605999 -3.00078994 
1.87381742e-06 -3.10819748 -3.05647255 -3.02355396 -3.00605999 -3.00078994 
1.51991108e-06 -3.10819748 -3.05647255 -3.02355396 -3.00605999 -3.00078994 
1.23284674e-06 -3.10819748 -3.05647255 -3.02355396 -3.00605999 -3.00078994 
1.00000000e-06 -3.10819748 -3.05647255 -3.02355396 -3.00605999 -3.00078994 
8.11130831e-07 -3.10819748 -3.05647255 -3.02355396 -3.00605999 -3.00078994 
6.57933225e-07 -3.10819748 -3.05647255 -3.02355396 -3.00605999 -3.00078994 
5.33669923e-07 -3.10819748 -3.05647255 -3.02355396 -3.00605999 -3.00078994 
4.32876128e-07 -3.10819748 -3.05647255 -3.02355396 -3.00605999 -3.00078994 
3.51119173e-07 -3.10819748 -3.05647255 -3.02355396 -3.00605999 -3.00078994 
2.84803587e-07 -3.10819748 -3.05647255 -3.02355396 -3.00605999 -3.00078994 
2.31012970e-07 -3.10819748 -3.05647255 -3.02355396 -3.00605999 -3.00078994 
1.87381742e-07 -3.10819748 -3.05647255 -3.02355396 -3.00605999 -3.00078994 
1.51991108e-07 -3.10819748 -3.05647255 -3.02355396 -3.00605999 -3.00078994 
1.23284674e-07 -3.10819748 -3.05647255 -3.02355396 -3.00605999 -3.00078994 
1.00000000e-07 -3.10819748 -3.05647255 -3.02355396 -3.00605999 -3.00078994 
P (bar) | log_K: -2σ | log_K: -1σ | log_K: median | log_K: +1σ | log_K: +2σ 
1.00000000e+02 -8.95942000 -8.73573533 -8.06191560 -7.21036577 -6.54040721 
8.11130831e+01 -8.95942000 -8.73573533 -8.06191560 -7.21036577 -6.54040721 
6.57933225e+01 -8.95942000 -8.73573533 -8.06191560 -7.21036577 -6.54040721 
5.33669923e+01 -8.95942000 -8.73573533 -8.06191560 -7.21036577 -6.54040721 
4.32876128e+01 -8.95942000 -8.73573533 -8.06191560 -7.21036577 -6.54040721 
3.51119173e+01 -8.95942000 -8.73573533 -8.06191560 -7.21036577 -6.54040721 
2.84803587e+01 -8.95942000 -8.73573533 -8.06191560 -7.21036577 -6.54040721 
2.31012970e+01 -8.95942000 -8.73573533 -8.06191560 -7.21036577 -6.54040721 
1.87381742e+01 -8.95942000 -8.73573533 -8.06191560 -7.21036577 -6.54040721 
1.51991108e+01 -8.95942000 -8.73573533 -8.06191560 -7.21036577 -6.54040721 
1.23284674e+01 -8.95942000 -8.73573533 -8.06191560 -7.21036577 -6.54040721 
1.00000000e+01 -8.95942000 -8.73573533 -8.06191560 -7.21036577 -6.54040721 
8.11130831e+00 -8.95942000 -8.73573533 -8.06191560 -7.21036577 -6.54040721 
6.57933225e+00 -8.95942000 -8.73573533 -8.06191560 -7.21036577 -6.54040721 
5.33669923e+00 -8.95942000 -8.73573533 -8.06191560 -7.21036577 -6.54040721 
4.32876128e+00 -8.95942000 -8.73573533 -8.06191560 -7.21036577 -6.54040721 
3.51119173e+00 -8.95942000 -8.73573533 -8.06191560 -7.21036577 -6.54040721 
2.84803587e+00 -8.95942000 -8.73573533 -8.06191560 -7.21036577 -6.54040721 
2.31012970e+00 -8.95942000 -8.73573533 -8.06191560 -7.21036577 -6.54040721 
1.87381742e+00 -8.95942000 -8.73573533 -8.06191560 -7.21036577 -6.54040721 
1.51991108e+00 -8.95942000 -8.73573533 -8.06191560 -7.21036577 -6.54040721 
1.23284674e+00 -8.95942000 -8.73573533 -8.06191560 -7.21036577 -6.54040721 
1.00000000e+00 -8.95942000 -8.73573533 -8.06191560 -7.21036577 -6.54040721 
8.11130831e-01 -8.95942000 -8.73573533 -8.06191560 -7.21036577 -6.54040721 
6.57933225e-01 -8.95942000 -8.73573533 -8.06191560 -7.21036577 -6.54040721 
5.33669923e-01 -8.95942000 -8.73573533 -8.06191560 -7.21036577 -6.54040721 
4.32876128e-01 -8.95942000 -8.73573533 -8.06191560 -7.21036577 -6.54040721 
3.51119173e-01 -8.95942000 -8.73573533 -8.06191560 -7.21036577 -6.54040721 
2.84803587e-01 -8.95942000 -8.73573533 -8.06191560 -7.21036577 -6.54040721 
2.31012970e-01 -8.95942000 -8.73573533 -8.06191560 -7.21036577 -6.54040721 
1.87381742e-01 -8.95942000 -8.73573533 -8.06191560 -7.21036577 -6.54040721 
1.51991108e-01 -8.95942000 -8.73573533 -8.06191560 -7.21036577 -6.54040721 
1.23284674e-01 -8.95942000 -8.73573533 -8.06191560 -7.21036577 -6.54040721 
1.00000000e-01 -8.95942000 -8.73573533 -8.06191560 -7.21036577 -6.54040721 
8.11130831e-02 -8.95942000 -8.73573533 -8.06191560 -7.21036577 -6.54040721 
6.57933225e-02 -8.95942000 -8.73573533 -8.06191560 -7.21036577 -6.54040721 
5.33669923e-02 -8.95942000 -8.73573533 -8.06191560 -7.21036577 -6.54040721 
4.32876128e-02 -8.95942000 -8.73573533 -8.06191560 -7.21036577 -6.54040721 
3.51119173e-02 -8.95942000 -8.73573533 -8.06191560 -7.21036577 -6.54040721 
2.84803587e-02 -8.95942000 -8.73573533 -8.06191560 -7.21036577 -6.54040721 
2.31012970e-02 -8.95942000 -8.73573533 -8.06191560 -7.21036577 -6.54040721 
1.87381742e-02 -8.95942000 -8.73573533 -8.06191560 -7.21036577 -6.54040721 
1.51991108e-02 -8.95942000 -8.73573533 -8.06191560 -7.21036577 -6.54040721 
1.23284674e-02 -8.95942000 -8.73573533 -8.06191560 -7.21036577 -6.54040721 
1.00000000e-02 -8.95942000 -8.73573533 -8.06191560 -7.21036577 -6.54040721 
8.11130831e-03 -8.95942000 -8.73573533 -8.06191560 -7.21036577 -6.54040721 
6.57933225e-03 -8.95942000 -8.73573533 -8.06191560 -7.21036577 -6.54040721 
5.33669923e-03 -8.95942000 -8.73573533 -8.06191560 -7.21036577 -6.54040721 
4.32876128e-03 -8.95942000 -8.73573533 -8.06191560 -7.21036577 -6.54040721 
3.51119173e-03 -8.95942000 -8.73573533 -8.06191560 -7.21036577 -6.54040721 
2.84803587e-03 -8.95942000 -8.73573533 -8.06191560 -7.21036577 -6.54040721 
2.31012970e-03 -8.95942000 -8.73573533 -8.06191560 -7.21036577 -6.54040721 
1.87381742e-03 -8.95942000 -8.73573533 -8.06191560 -7.21036577 -6.54040721 
1.51991108e-03 -8.95942000 -8.73573533 -8.06191560 -7.21036577 -6.54040721 
1.23284674e-03 -8.95942000 -8.73573533 -8.06191560 -7.21036577 -6.54040721 
1.00000000e-03 -8.95942000 -8.73573533 -8.06191560 -7.21036577 -6.54040721 
8.11130831e-04 -8.95942000 -8.73573533 -8.06191560 -7.21036577 -6.54040721 
6.57933225e-04 -8.95942000 -8.73573533 -8.06191560 -7.21036577 -6.54040721 
5.33669923e-04 -8.95942000 -8.73573533 -8.06191560 -7.21036577 -6.54040721 
4.32876128e-04 -8.95942000 -8.73573533 -8.06191560 -7.21036577 -6.54040721 
3.51119173e-04 -8.95942000 -8.73573533 -8.06191560 -7.21036577 -6.54040721 
2.84803587e-04 -8.95942000 -8.73573533 -8.06191560 -7.21036577 -6.54040721 
2.31012970e-04 -8.95942000 -8.73573533 -8.06191560 -7.21036577 -6.54040721 
1.87381742e-04 -8.95942000 -8.73573533 -8.06191560 -7.21036577 -6.54040721 
1.51991108e-04 -8.95942000 -8.73573533 -8.06191560 -7.21036577 -6.54040721 
1.23284674e-04 -8.95942000 -8.73573533 -8.06191560 -7.21036577 -6.54040721 
1.00000000e-04 -8.95942000 -8.73573533 -8.06191560 -7.21036577 -6.54040721 
8.11130831e-05 -8.95942000 -8.73573533 -8.06191560 -7.21036577 -6.54040721 
6.57933225e-05 -8.95942000 -8.73573533 -8.06191560 -7.21036577 -6.54040721 
5.33669923e-05 -8.95942000 -8.73573533 -8.06191560 -7.21036577 -6.54040721 
4.32876128e-05 -8.95942000 -8.73573533 -8.06191560 -7.21036577 -6.54040721 
3.51119173e-05 -8.95942000 -8.73573533 -8.06191560 -7.21036577 -6.54040721 
2.84803587e-05 -8.95942000 -8.73573533 -8.06191560 -7.21036577 -6.54040721 
2.31012970e-05 -8.95942000 -8.73573533 -8.06191560 -7.21036577 -6.54040721 
1.87381742e-05 -8.95942000 -8.73573533 -8.06191560 -7.21036577 -6.54040721 
1.51991108e-05 -8.95942000 -8.73573533 -8.06191560 -7.21036577 -6.54040721 
1.23284674e-05 -8.95942000 -8.73573533 -8.06191560 -7.21036577 -6.54040721 
1.00000000e-05 -8.95942000 -8.73573533 -8.06191560 -7.21036577 -6.54040721 
8.11130831e-06 -8.95942000 -8.73573533 -8.06191560 -7.21036577 -6.54040721 
6.57933225e-06 -8.95942000 -8.73573533 -8.06191560 -7.21036577 -6.54040721 
5.33669923e-06 -8.95942000 -8.73573533 -8.06191560 -7.21036577 -6.54040721 
4.32876128e-06 -8.95942000 -8.73573533 -8.06191560 -7.21036577 -6.54040721 
3.51119173e-06 -8.95942000 -8.73573533 -8.06191560 -7.21036577 -6.54040721 
2.84803587e-06 -8.95942000 -8.73573533 -8.06191560 -7.21036577 -6.54040721 
2.31012970e-06 -8.95942000 -8.73573533 -8.06191560 -7.21036577 -6.54040721 
1.87381742e-06 -8.95942000 -8.73573533 -8.06191560 -7.21036577 -6.54040721 
1.51991108e-06 -8.95942000 -8.73573533 -8.06191560 -7.21036577 -6.54040721 
1.23284674e-06 -8.95942000 -8.73573533 -8.06191560 -7.21036577 -6.54040721 
1.00000000e-06 -8.95942000 -8.73573533 -8.06191560 -7.21036577 -6.54040721 
8.11130831e-07 -8.95942000 -8.73573533 -8.06191560 -7.21036577 -6.54040721 
6.57933225e-07 -8.95942000 -8.73573533 -8.06191560 -7.21036577 -6.54040721 
5.33669923e-07 -8.95942000 -8.73573533 -8.06191560 -7.21036577 -6.54040721 
4.32876128e-07 -8.95942000 -8.73573533 -8.06191560 -7.21036577 -6.54040721 
3.51119173e-07 -8.95942000 -8.73573533 -8.06191560 -7.21036577 -6.54040721 
2.84803587e-07 -8.95942000 -8.73573533 -8.06191560 -7.21036577 -6.54040721 
2.31012970e-07 -8.95942000 -8.73573533 -8.06191560 -7.21036577 -6.54040721 
1.87381742e-07 -8.95942000 -8.73573533 -8.06191560 -7.21036577 -6.54040721 
1.51991108e-07 -8.95942000 -8.73573533 -8.06191560 -7.21036577 -6.54040721 
1.23284674e-07 -8.95942000 -8.73573533 -8.06191560 -7.21036577 -6.54040721 
1.00000000e-07 -8.95942000 -8.73573533 -8.06191560 -7.21036577 -6.54040721 
P (bar) | log_CH4: -2σ | log_CH4: -1σ | log_CH4: median | log_CH4: +1σ | log_CH4: +2σ 
1.00000000e+02 -5.54280893 -5.45694136 -5.38456671 -5.30688237 -5.23655839 
8.11130831e+01 -5.54280893 -5.45694136 -5.38456671 -5.30688237 -5.23655839 
6.57933225e+01 -5.54280893 -5.45694136 -5.38456671 -5.30688237 -5.23655839 
5.33669923e+01 -5.54280893 -5.45694136 -5.38456671 -5.30688237 -5.23655839 
4.32876128e+01 -5.54280893 -5.45694136 -5.38456671 -5.30688237 -5.23655839 
3.51119173e+01 -5.54280893 -5.45694136 -5.38456671 -5.30688237 -5.23655839 
2.84803587e+01 -5.54280893 -5.45694136 -5.38456671 -5.30688237 -5.23655839 
2.31012970e+01 -5.54280893 -5.45694136 -5.38456671 -5.30688237 -5.23655839 
1.87381742e+01 -5.54280893 -5.45694136 -5.38456671 -5.30688237 -5.23655839 
1.51991108e+01 -5.54280893 -5.45694136 -5.38456671 -5.30688237 -5.23655839 
1.23284674e+01 -5.54280893 -5.45694136 -5.38456671 -5.30688237 -5.23655839 
1.00000000e+01 -5.54280893 -5.45694136 -5.38456671 -5.30688237 -5.23655839 
8.11130831e+00 -5.54280893 -5.45694136 -5.38456671 -5.30688237 -5.23655839 
6.57933225e+00 -5.54280893 -5.45694136 -5.38456671 -5.30688237 -5.23655839 
5.33669923e+00 -5.54280893 -5.45694136 -5.38456671 -5.30688237 -5.23655839 
4.32876128e+00 -5.54280893 -5.45694136 -5.38456671 -5.30688237 -5.23655839 
3.51119173e+00 -5.54280893 -5.45694136 -5.38456671 -5.30688237 -5.23655839 
2.84803587e+00 -5.54280893 -5.45694136 -5.38456671 -5.30688237 -5.23655839 
2.31012970e+00 -5.54280893 -5.45694136 -5.38456671 -5.30688237 -5.23655839 
1.87381742e+00 -5.54280893 -5.45694136 -5.38456671 -5.30688237 -5.23655839 
1.51991108e+00 -5.54280893 -5.45694136 -5.38456671 -5.30688237 -5.23655839 
1.23284674e+00 -5.54280893 -5.45694136 -5.38456671 -5.30688237 -5.23655839 
1.00000000e+00 -5.54280893 -5.45694136 -5.38456671 -5.30688237 -5.23655839 
8.11130831e-01 -5.54280893 -5.45694136 -5.38456671 -5.30688237 -5.23655839 
6.57933225e-01 -5.54280893 -5.45694136 -5.38456671 -5.30688237 -5.23655839 
5.33669923e-01 -5.54280893 -5.45694136 -5.38456671 -5.30688237 -5.23655839 
4.32876128e-01 -5.54280893 -5.45694136 -5.38456671 -5.30688237 -5.23655839 
3.51119173e-01 -5.54280893 -5.45694136 -5.38456671 -5.30688237 -5.23655839 
2.84803587e-01 -5.54280893 -5.45694136 -5.38456671 -5.30688237 -5.23655839 
2.31012970e-01 -5.54280893 -5.45694136 -5.38456671 -5.30688237 -5.23655839 
1.87381742e-01 -5.54280893 -5.45694136 -5.38456671 -5.30688237 -5.23655839 
1.51991108e-01 -5.54280893 -5.45694136 -5.38456671 -5.30688237 -5.23655839 
1.23284674e-01 -5.54280893 -5.45694136 -5.38456671 -5.30688237 -5.23655839 
1.00000000e-01 -5.54280893 -5.45694136 -5.38456671 -5.30688237 -5.23655839 
8.11130831e-02 -5.54280893 -5.45694136 -5.38456671 -5.30688237 -5.23655839 
6.57933225e-02 -5.54280893 -5.45694136 -5.38456671 -5.30688237 -5.23655839 
5.33669923e-02 -5.54280893 -5.45694136 -5.38456671 -5.30688237 -5.23655839 
4.32876128e-02 -5.54280893 -5.45694136 -5.38456671 -5.30688237 -5.23655839 
3.51119173e-02 -5.54280893 -5.45694136 -5.38456671 -5.30688237 -5.23655839 
2.84803587e-02 -5.54280893 -5.45694136 -5.38456671 -5.30688237 -5.23655839 
2.31012970e-02 -5.54280893 -5.45694136 -5.38456671 -5.30688237 -5.23655839 
1.87381742e-02 -5.54280893 -5.45694136 -5.38456671 -5.30688237 -5.23655839 
1.51991108e-02 -5.54280893 -5.45694136 -5.38456671 -5.30688237 -5.23655839 
1.23284674e-02 -5.54280893 -5.45694136 -5.38456671 -5.30688237 -5.23655839 
1.00000000e-02 -5.54280893 -5.45694136 -5.38456671 -5.30688237 -5.23655839 
8.11130831e-03 -5.54280893 -5.45694136 -5.38456671 -5.30688237 -5.23655839 
6.57933225e-03 -5.54280893 -5.45694136 -5.38456671 -5.30688237 -5.23655839 
5.33669923e-03 -5.54280893 -5.45694136 -5.38456671 -5.30688237 -5.23655839 
4.32876128e-03 -5.54280893 -5.45694136 -5.38456671 -5.30688237 -5.23655839 
3.51119173e-03 -5.54280893 -5.45694136 -5.38456671 -5.30688237 -5.23655839 
2.84803587e-03 -5.54280893 -5.45694136 -5.38456671 -5.30688237 -5.23655839 
2.31012970e-03 -5.54280893 -5.45694136 -5.38456671 -5.30688237 -5.23655839 
1.87381742e-03 -5.54280893 -5.45694136 -5.38456671 -5.30688237 -5.23655839 
1.51991108e-03 -5.54280893 -5.45694136 -5.38456671 -5.30688237 -5.23655839 
1.23284674e-03 -5.54280893 -5.45694136 -5.38456671 -5.30688237 -5.23655839 
1.00000000e-03 -5.54280893 -5.45694136 -5.38456671 -5.30688237 -5.23655839 
8.11130831e-04 -5.54280893 -5.45694136 -5.38456671 -5.30688237 -5.23655839 
6.57933225e-04 -5.54280893 -5.45694136 -5.38456671 -5.30688237 -5.23655839 
5.33669923e-04 -5.54280893 -5.45694136 -5.38456671 -5.30688237 -5.23655839 
4.32876128e-04 -5.54280893 -5.45694136 -5.38456671 -5.30688237 -5.23655839 
3.51119173e-04 -5.54280893 -5.45694136 -5.38456671 -5.30688237 -5.23655839 
2.84803587e-04 -5.54280893 -5.45694136 -5.38456671 -5.30688237 -5.23655839 
2.31012970e-04 -5.54280893 -5.45694136 -5.38456671 -5.30688237 -5.23655839 
1.87381742e-04 -5.54280893 -5.45694136 -5.38456671 -5.30688237 -5.23655839 
1.51991108e-04 -5.54280893 -5.45694136 -5.38456671 -5.30688237 -5.23655839 
1.23284674e-04 -5.54280893 -5.45694136 -5.38456671 -5.30688237 -5.23655839 
1.00000000e-04 -5.54280893 -5.45694136 -5.38456671 -5.30688237 -5.23655839 
8.11130831e-05 -5.54280893 -5.45694136 -5.38456671 -5.30688237 -5.23655839 
6.57933225e-05 -5.54280893 -5.45694136 -5.38456671 -5.30688237 -5.23655839 
5.33669923e-05 -5.54280893 -5.45694136 -5.38456671 -5.30688237 -5.23655839 
4.32876128e-05 -5.54280893 -5.45694136 -5.38456671 -5.30688237 -5.23655839 
3.51119173e-05 -5.54280893 -5.45694136 -5.38456671 -5.30688237 -5.23655839 
2.84803587e-05 -5.54280893 -5.45694136 -5.38456671 -5.30688237 -5.23655839 
2.31012970e-05 -5.54280893 -5.45694136 -5.38456671 -5.30688237 -5.23655839 
1.87381742e-05 -5.54280893 -5.45694136 -5.38456671 -5.30688237 -5.23655839 
1.51991108e-05 -5.54280893 -5.45694136 -5.38456671 -5.30688237 -5.23655839 
1.23284674e-05 -5.54280893 -5.45694136 -5.38456671 -5.30688237 -5.23655839 
1.00000000e-05 -5.54280893 -5.45694136 -5.38456671 -5.30688237 -5.23655839 
8.11130831e-06 -5.54280893 -5.45694136 -5.38456671 -5.30688237 -5.23655839 
6.57933225e-06 -5.54280893 -5.45694136 -5.38456671 -5.30688237 -5.23655839 
5.33669923e-06 -5.54280893 -5.45694136 -5.38456671 -5.30688237 -5.23655839 
4.32876128e-06 -5.54280893 -5.45694136 -5.38456671 -5.30688237 -5.23655839 
3.51119173e-06 -5.54280893 -5.45694136 -5.38456671 -5.30688237 -5.23655839 
2.84803587e-06 -5.54280893 -5.45694136 -5.38456671 -5.30688237 -5.23655839 
2.31012970e-06 -5.54280893 -5.45694136 -5.38456671 -5.30688237 -5.23655839 
1.87381742e-06 -5.54280893 -5.45694136 -5.38456671 -5.30688237 -5.23655839 
1.51991108e-06 -5.54280893 -5.45694136 -5.38456671 -5.30688237 -5.23655839 
1.23284674e-06 -5.54280893 -5.45694136 -5.38456671 -5.30688237 -5.23655839 
1.00000000e-06 -5.54280893 -5.45694136 -5.38456671 -5.30688237 -5.23655839 
8.11130831e-07 -5.54280893 -5.45694136 -5.38456671 -5.30688237 -5.23655839 
6.57933225e-07 -5.54280893 -5.45694136 -5.38456671 -5.30688237 -5.23655839 
5.33669923e-07 -5.54280893 -5.45694136 -5.38456671 -5.30688237 -5.23655839 
4.32876128e-07 -5.54280893 -5.45694136 -5.38456671 -5.30688237 -5.23655839 
3.51119173e-07 -5.54280893 -5.45694136 -5.38456671 -5.30688237 -5.23655839 
2.84803587e-07 -5.54280893 -5.45694136 -5.38456671 -5.30688237 -5.23655839 
2.31012970e-07 -5.54280893 -5.45694136 -5.38456671 -5.30688237 -5.23655839 
1.87381742e-07 -5.54280893 -5.45694136 -5.38456671 -5.30688237 -5.23655839 
1.51991108e-07 -5.54280893 -5.45694136 -5.38456671 -5.30688237 -5.23655839 
1.23284674e-07 -5.54280893 -5.45694136 -5.38456671 -5.30688237 -5.23655839 
1.00000000e-07 -5.54280893 -5.45694136 -5.38456671 -5.30688237 -5.23655839 
