Chemical species: H2 He H2O CO2 SO2 CO Na K CH4
P (bar) | log_H2: -2σ | log_H2: -1σ | log_H2: median | log_H2: +1σ | log_H2: +2σ 
1.00000000e+02 -0.06934311 -0.06899662 -0.06884212 -0.06877305 -0.06873566 
8.11130831e+01 -0.06934311 -0.06899662 -0.06884212 -0.06877305 -0.06873566 
6.57933225e+01 -0.06934311 -0.06899662 -0.06884212 -0.06877305 -0.06873566 
5.33669923e+01 -0.06934311 -0.06899662 -0.06884212 -0.06877305 -0.06873566 
4.32876128e+01 -0.06934311 -0.06899662 -0.06884212 -0.06877305 -0.06873566 
3.51119173e+01 -0.06934311 -0.06899662 -0.06884212 -0.06877305 -0.06873566 
2.84803587e+01 -0.06934311 -0.06899662 -0.06884212 -0.06877305 -0.06873566 
2.31012970e+01 -0.06934311 -0.06899662 -0.06884212 -0.06877305 -0.06873566 
1.87381742e+01 -0.06934311 -0.06899662 -0.06884212 -0.06877305 -0.06873566 
1.51991108e+01 -0.06934311 -0.06899662 -0.06884212 -0.06877305 -0.06873566 
1.23284674e+01 -0.06934311 -0.06899662 -0.06884212 -0.06877305 -0.06873566 
1.00000000e+01 -0.06934311 -0.06899662 -0.06884212 -0.06877305 -0.06873566 
8.11130831e+00 -0.06934311 -0.06899662 -0.06884212 -0.06877305 -0.06873566 
6.57933225e+00 -0.06934311 -0.06899662 -0.06884212 -0.06877305 -0.06873566 
5.33669923e+00 -0.06934311 -0.06899662 -0.06884212 -0.06877305 -0.06873566 
4.32876128e+00 -0.06934311 -0.06899662 -0.06884212 -0.06877305 -0.06873566 
3.51119173e+00 -0.06934311 -0.06899662 -0.06884212 -0.06877305 -0.06873566 
2.84803587e+00 -0.06934311 -0.06899662 -0.06884212 -0.06877305 -0.06873566 
2.31012970e+00 -0.06934311 -0.06899662 -0.06884212 -0.06877305 -0.06873566 
1.87381742e+00 -0.06934311 -0.06899662 -0.06884212 -0.06877305 -0.06873566 
1.51991108e+00 -0.06934311 -0.06899662 -0.06884212 -0.06877305 -0.06873566 
1.23284674e+00 -0.06934311 -0.06899662 -0.06884212 -0.06877305 -0.06873566 
1.00000000e+00 -0.06934311 -0.06899662 -0.06884212 -0.06877305 -0.06873566 
8.11130831e-01 -0.06934311 -0.06899662 -0.06884212 -0.06877305 -0.06873566 
6.57933225e-01 -0.06934311 -0.06899662 -0.06884212 -0.06877305 -0.06873566 
5.33669923e-01 -0.06934311 -0.06899662 -0.06884212 -0.06877305 -0.06873566 
4.32876128e-01 -0.06934311 -0.06899662 -0.06884212 -0.06877305 -0.06873566 
3.51119173e-01 -0.06934311 -0.06899662 -0.06884212 -0.06877305 -0.06873566 
2.84803587e-01 -0.06934311 -0.06899662 -0.06884212 -0.06877305 -0.06873566 
2.31012970e-01 -0.06934311 -0.06899662 -0.06884212 -0.06877305 -0.06873566 
1.87381742e-01 -0.06934311 -0.06899662 -0.06884212 -0.06877305 -0.06873566 
1.51991108e-01 -0.06934311 -0.06899662 -0.06884212 -0.06877305 -0.06873566 
1.23284674e-01 -0.06934311 -0.06899662 -0.06884212 -0.06877305 -0.06873566 
1.00000000e-01 -0.06934311 -0.06899662 -0.06884212 -0.06877305 -0.06873566 
8.11130831e-02 -0.06934311 -0.06899662 -0.06884212 -0.06877305 -0.06873566 
6.57933225e-02 -0.06934311 -0.06899662 -0.06884212 -0.06877305 -0.06873566 
5.33669923e-02 -0.06934311 -0.06899662 -0.06884212 -0.06877305 -0.06873566 
4.32876128e-02 -0.06934311 -0.06899662 -0.06884212 -0.06877305 -0.06873566 
3.51119173e-02 -0.06934311 -0.06899662 -0.06884212 -0.06877305 -0.06873566 
2.84803587e-02 -0.06934311 -0.06899662 -0.06884212 -0.06877305 -0.06873566 
2.31012970e-02 -0.06934311 -0.06899662 -0.06884212 -0.06877305 -0.06873566 
1.87381742e-02 -0.06934311 -0.06899662 -0.06884212 -0.06877305 -0.06873566 
1.51991108e-02 -0.06934311 -0.06899662 -0.06884212 -0.06877305 -0.06873566 
1.23284674e-02 -0.06934311 -0.06899662 -0.06884212 -0.06877305 -0.06873566 
1.00000000e-02 -0.06934311 -0.06899662 -0.06884212 -0.06877305 -0.06873566 
8.11130831e-03 -0.06934311 -0.06899662 -0.06884212 -0.06877305 -0.06873566 
6.57933225e-03 -0.06934311 -0.06899662 -0.06884212 -0.06877305 -0.06873566 
5.33669923e-03 -0.06934311 -0.06899662 -0.06884212 -0.06877305 -0.06873566 
4.32876128e-03 -0.06934311 -0.06899662 -0.06884212 -0.06877305 -0.06873566 
3.51119173e-03 -0.06934311 -0.06899662 -0.06884212 -0.06877305 -0.06873566 
2.84803587e-03 -0.06934311 -0.06899662 -0.06884212 -0.06877305 -0.06873566 
2.31012970e-03 -0.06934311 -0.06899662 -0.06884212 -0.06877305 -0.06873566 
1.87381742e-03 -0.06934311 -0.06899662 -0.06884212 -0.06877305 -0.06873566 
1.51991108e-03 -0.06934311 -0.06899662 -0.06884212 -0.06877305 -0.06873566 
1.23284674e-03 -0.06934311 -0.06899662 -0.06884212 -0.06877305 -0.06873566 
1.00000000e-03 -0.06934311 -0.06899662 -0.06884212 -0.06877305 -0.06873566 
8.11130831e-04 -0.06934311 -0.06899662 -0.06884212 -0.06877305 -0.06873566 
6.57933225e-04 -0.06934311 -0.06899662 -0.06884212 -0.06877305 -0.06873566 
5.33669923e-04 -0.06934311 -0.06899662 -0.06884212 -0.06877305 -0.06873566 
4.32876128e-04 -0.06934311 -0.06899662 -0.06884212 -0.06877305 -0.06873566 
3.51119173e-04 -0.06934311 -0.06899662 -0.06884212 -0.06877305 -0.06873566 
2.84803587e-04 -0.06934311 -0.06899662 -0.06884212 -0.06877305 -0.06873566 
2.31012970e-04 -0.06934311 -0.06899662 -0.06884212 -0.06877305 -0.06873566 
1.87381742e-04 -0.06934311 -0.06899662 -0.06884212 -0.06877305 -0.06873566 
1.51991108e-04 -0.06934311 -0.06899662 -0.06884212 -0.06877305 -0.06873566 
1.23284674e-04 -0.06934311 -0.06899662 -0.06884212 -0.06877305 -0.06873566 
1.00000000e-04 -0.06934311 -0.06899662 -0.06884212 -0.06877305 -0.06873566 
8.11130831e-05 -0.06934311 -0.06899662 -0.06884212 -0.06877305 -0.06873566 
6.57933225e-05 -0.06934311 -0.06899662 -0.06884212 -0.06877305 -0.06873566 
5.33669923e-05 -0.06934311 -0.06899662 -0.06884212 -0.06877305 -0.06873566 
4.32876128e-05 -0.06934311 -0.06899662 -0.06884212 -0.06877305 -0.06873566 
3.51119173e-05 -0.06934311 -0.06899662 -0.06884212 -0.06877305 -0.06873566 
2.84803587e-05 -0.06934311 -0.06899662 -0.06884212 -0.06877305 -0.06873566 
2.31012970e-05 -0.06934311 -0.06899662 -0.06884212 -0.06877305 -0.06873566 
1.87381742e-05 -0.06934311 -0.06899662 -0.06884212 -0.06877305 -0.06873566 
1.51991108e-05 -0.06934311 -0.06899662 -0.06884212 -0.06877305 -0.06873566 
1.23284674e-05 -0.06934311 -0.06899662 -0.06884212 -0.06877305 -0.06873566 
1.00000000e-05 -0.06934311 -0.06899662 -0.06884212 -0.06877305 -0.06873566 
8.11130831e-06 -0.06934311 -0.06899662 -0.06884212 -0.06877305 -0.06873566 
6.57933225e-06 -0.06934311 -0.06899662 -0.06884212 -0.06877305 -0.06873566 
5.33669923e-06 -0.06934311 -0.06899662 -0.06884212 -0.06877305 -0.06873566 
4.32876128e-06 -0.06934311 -0.06899662 -0.06884212 -0.06877305 -0.06873566 
3.51119173e-06 -0.06934311 -0.06899662 -0.06884212 -0.06877305 -0.06873566 
2.84803587e-06 -0.06934311 -0.06899662 -0.06884212 -0.06877305 -0.06873566 
2.31012970e-06 -0.06934311 -0.06899662 -0.06884212 -0.06877305 -0.06873566 
1.87381742e-06 -0.06934311 -0.06899662 -0.06884212 -0.06877305 -0.06873566 
1.51991108e-06 -0.06934311 -0.06899662 -0.06884212 -0.06877305 -0.06873566 
1.23284674e-06 -0.06934311 -0.06899662 -0.06884212 -0.06877305 -0.06873566 
1.00000000e-06 -0.06934311 -0.06899662 -0.06884212 -0.06877305 -0.06873566 
8.11130831e-07 -0.06934311 -0.06899662 -0.06884212 -0.06877305 -0.06873566 
6.57933225e-07 -0.06934311 -0.06899662 -0.06884212 -0.06877305 -0.06873566 
5.33669923e-07 -0.06934311 -0.06899662 -0.06884212 -0.06877305 -0.06873566 
4.32876128e-07 -0.06934311 -0.06899662 -0.06884212 -0.06877305 -0.06873566 
3.51119173e-07 -0.06934311 -0.06899662 -0.06884212 -0.06877305 -0.06873566 
2.84803587e-07 -0.06934311 -0.06899662 -0.06884212 -0.06877305 -0.06873566 
2.31012970e-07 -0.06934311 -0.06899662 -0.06884212 -0.06877305 -0.06873566 
1.87381742e-07 -0.06934311 -0.06899662 -0.06884212 -0.06877305 -0.06873566 
1.51991108e-07 -0.06934311 -0.06899662 -0.06884212 -0.06877305 -0.06873566 
1.23284674e-07 -0.06934311 -0.06899662 -0.06884212 -0.06877305 -0.06873566 
1.00000000e-07 -0.06934311 -0.06899662 -0.06884212 -0.06877305 -0.06873566 
P (bar) | log_He: -2σ | log_He: -1σ | log_He: median | log_He: +1σ | log_He: +2σ 
1.00000000e+02 -0.83889419 -0.83854770 -0.83839320 -0.83832413 -0.83828674 
8.11130831e+01 -0.83889419 -0.83854770 -0.83839320 -0.83832413 -0.83828674 
6.57933225e+01 -0.83889419 -0.83854770 -0.83839320 -0.83832413 -0.83828674 
5.33669923e+01 -0.83889419 -0.83854770 -0.83839320 -0.83832413 -0.83828674 
4.32876128e+01 -0.83889419 -0.83854770 -0.83839320 -0.83832413 -0.83828674 
3.51119173e+01 -0.83889419 -0.83854770 -0.83839320 -0.83832413 -0.83828674 
2.84803587e+01 -0.83889419 -0.83854770 -0.83839320 -0.83832413 -0.83828674 
2.31012970e+01 -0.83889419 -0.83854770 -0.83839320 -0.83832413 -0.83828674 
1.87381742e+01 -0.83889419 -0.83854770 -0.83839320 -0.83832413 -0.83828674 
1.51991108e+01 -0.83889419 -0.83854770 -0.83839320 -0.83832413 -0.83828674 
1.23284674e+01 -0.83889419 -0.83854770 -0.83839320 -0.83832413 -0.83828674 
1.00000000e+01 -0.83889419 -0.83854770 -0.83839320 -0.83832413 -0.83828674 
8.11130831e+00 -0.83889419 -0.83854770 -0.83839320 -0.83832413 -0.83828674 
6.57933225e+00 -0.83889419 -0.83854770 -0.83839320 -0.83832413 -0.83828674 
5.33669923e+00 -0.83889419 -0.83854770 -0.83839320 -0.83832413 -0.83828674 
4.32876128e+00 -0.83889419 -0.83854770 -0.83839320 -0.83832413 -0.83828674 
3.51119173e+00 -0.83889419 -0.83854770 -0.83839320 -0.83832413 -0.83828674 
2.84803587e+00 -0.83889419 -0.83854770 -0.83839320 -0.83832413 -0.83828674 
2.31012970e+00 -0.83889419 -0.83854770 -0.83839320 -0.83832413 -0.83828674 
1.87381742e+00 -0.83889419 -0.83854770 -0.83839320 -0.83832413 -0.83828674 
1.51991108e+00 -0.83889419 -0.83854770 -0.83839320 -0.83832413 -0.83828674 
1.23284674e+00 -0.83889419 -0.83854770 -0.83839320 -0.83832413 -0.83828674 
1.00000000e+00 -0.83889419 -0.83854770 -0.83839320 -0.83832413 -0.83828674 
8.11130831e-01 -0.83889419 -0.83854770 -0.83839320 -0.83832413 -0.83828674 
6.57933225e-01 -0.83889419 -0.83854770 -0.83839320 -0.83832413 -0.83828674 
5.33669923e-01 -0.83889419 -0.83854770 -0.83839320 -0.83832413 -0.83828674 
4.32876128e-01 -0.83889419 -0.83854770 -0.83839320 -0.83832413 -0.83828674 
3.51119173e-01 -0.83889419 -0.83854770 -0.83839320 -0.83832413 -0.83828674 
2.84803587e-01 -0.83889419 -0.83854770 -0.83839320 -0.83832413 -0.83828674 
2.31012970e-01 -0.83889419 -0.83854770 -0.83839320 -0.83832413 -0.83828674 
1.87381742e-01 -0.83889419 -0.83854770 -0.83839320 -0.83832413 -0.83828674 
1.51991108e-01 -0.83889419 -0.83854770 -0.83839320 -0.83832413 -0.83828674 
1.23284674e-01 -0.83889419 -0.83854770 -0.83839320 -0.83832413 -0.83828674 
1.00000000e-01 -0.83889419 -0.83854770 -0.83839320 -0.83832413 -0.83828674 
8.11130831e-02 -0.83889419 -0.83854770 -0.83839320 -0.83832413 -0.83828674 
6.57933225e-02 -0.83889419 -0.83854770 -0.83839320 -0.83832413 -0.83828674 
5.33669923e-02 -0.83889419 -0.83854770 -0.83839320 -0.83832413 -0.83828674 
4.32876128e-02 -0.83889419 -0.83854770 -0.83839320 -0.83832413 -0.83828674 
3.51119173e-02 -0.83889419 -0.83854770 -0.83839320 -0.83832413 -0.83828674 
2.84803587e-02 -0.83889419 -0.83854770 -0.83839320 -0.83832413 -0.83828674 
2.31012970e-02 -0.83889419 -0.83854770 -0.83839320 -0.83832413 -0.83828674 
1.87381742e-02 -0.83889419 -0.83854770 -0.83839320 -0.83832413 -0.83828674 
1.51991108e-02 -0.83889419 -0.83854770 -0.83839320 -0.83832413 -0.83828674 
1.23284674e-02 -0.83889419 -0.83854770 -0.83839320 -0.83832413 -0.83828674 
1.00000000e-02 -0.83889419 -0.83854770 -0.83839320 -0.83832413 -0.83828674 
8.11130831e-03 -0.83889419 -0.83854770 -0.83839320 -0.83832413 -0.83828674 
6.57933225e-03 -0.83889419 -0.83854770 -0.83839320 -0.83832413 -0.83828674 
5.33669923e-03 -0.83889419 -0.83854770 -0.83839320 -0.83832413 -0.83828674 
4.32876128e-03 -0.83889419 -0.83854770 -0.83839320 -0.83832413 -0.83828674 
3.51119173e-03 -0.83889419 -0.83854770 -0.83839320 -0.83832413 -0.83828674 
2.84803587e-03 -0.83889419 -0.83854770 -0.83839320 -0.83832413 -0.83828674 
2.31012970e-03 -0.83889419 -0.83854770 -0.83839320 -0.83832413 -0.83828674 
1.87381742e-03 -0.83889419 -0.83854770 -0.83839320 -0.83832413 -0.83828674 
1.51991108e-03 -0.83889419 -0.83854770 -0.83839320 -0.83832413 -0.83828674 
1.23284674e-03 -0.83889419 -0.83854770 -0.83839320 -0.83832413 -0.83828674 
1.00000000e-03 -0.83889419 -0.83854770 -0.83839320 -0.83832413 -0.83828674 
8.11130831e-04 -0.83889419 -0.83854770 -0.83839320 -0.83832413 -0.83828674 
6.57933225e-04 -0.83889419 -0.83854770 -0.83839320 -0.83832413 -0.83828674 
5.33669923e-04 -0.83889419 -0.83854770 -0.83839320 -0.83832413 -0.83828674 
4.32876128e-04 -0.83889419 -0.83854770 -0.83839320 -0.83832413 -0.83828674 
3.51119173e-04 -0.83889419 -0.83854770 -0.83839320 -0.83832413 -0.83828674 
2.84803587e-04 -0.83889419 -0.83854770 -0.83839320 -0.83832413 -0.83828674 
2.31012970e-04 -0.83889419 -0.83854770 -0.83839320 -0.83832413 -0.83828674 
1.87381742e-04 -0.83889419 -0.83854770 -0.83839320 -0.83832413 -0.83828674 
1.51991108e-04 -0.83889419 -0.83854770 -0.83839320 -0.83832413 -0.83828674 
1.23284674e-04 -0.83889419 -0.83854770 -0.83839320 -0.83832413 -0.83828674 
1.00000000e-04 -0.83889419 -0.83854770 -0.83839320 -0.83832413 -0.83828674 
8.11130831e-05 -0.83889419 -0.83854770 -0.83839320 -0.83832413 -0.83828674 
6.57933225e-05 -0.83889419 -0.83854770 -0.83839320 -0.83832413 -0.83828674 
5.33669923e-05 -0.83889419 -0.83854770 -0.83839320 -0.83832413 -0.83828674 
4.32876128e-05 -0.83889419 -0.83854770 -0.83839320 -0.83832413 -0.83828674 
3.51119173e-05 -0.83889419 -0.83854770 -0.83839320 -0.83832413 -0.83828674 
2.84803587e-05 -0.83889419 -0.83854770 -0.83839320 -0.83832413 -0.83828674 
2.31012970e-05 -0.83889419 -0.83854770 -0.83839320 -0.83832413 -0.83828674 
1.87381742e-05 -0.83889419 -0.83854770 -0.83839320 -0.83832413 -0.83828674 
1.51991108e-05 -0.83889419 -0.83854770 -0.83839320 -0.83832413 -0.83828674 
1.23284674e-05 -0.83889419 -0.83854770 -0.83839320 -0.83832413 -0.83828674 
1.00000000e-05 -0.83889419 -0.83854770 -0.83839320 -0.83832413 -0.83828674 
8.11130831e-06 -0.83889419 -0.83854770 -0.83839320 -0.83832413 -0.83828674 
6.57933225e-06 -0.83889419 -0.83854770 -0.83839320 -0.83832413 -0.83828674 
5.33669923e-06 -0.83889419 -0.83854770 -0.83839320 -0.83832413 -0.83828674 
4.32876128e-06 -0.83889419 -0.83854770 -0.83839320 -0.83832413 -0.83828674 
3.51119173e-06 -0.83889419 -0.83854770 -0.83839320 -0.83832413 -0.83828674 
2.84803587e-06 -0.83889419 -0.83854770 -0.83839320 -0.83832413 -0.83828674 
2.31012970e-06 -0.83889419 -0.83854770 -0.83839320 -0.83832413 -0.83828674 
1.87381742e-06 -0.83889419 -0.83854770 -0.83839320 -0.83832413 -0.83828674 
1.51991108e-06 -0.83889419 -0.83854770 -0.83839320 -0.83832413 -0.83828674 
1.23284674e-06 -0.83889419 -0.83854770 -0.83839320 -0.83832413 -0.83828674 
1.00000000e-06 -0.83889419 -0.83854770 -0.83839320 -0.83832413 -0.83828674 
8.11130831e-07 -0.83889419 -0.83854770 -0.83839320 -0.83832413 -0.83828674 
6.57933225e-07 -0.83889419 -0.83854770 -0.83839320 -0.83832413 -0.83828674 
5.33669923e-07 -0.83889419 -0.83854770 -0.83839320 -0.83832413 -0.83828674 
4.32876128e-07 -0.83889419 -0.83854770 -0.83839320 -0.83832413 -0.83828674 
3.51119173e-07 -0.83889419 -0.83854770 -0.83839320 -0.83832413 -0.83828674 
2.84803587e-07 -0.83889419 -0.83854770 -0.83839320 -0.83832413 -0.83828674 
2.31012970e-07 -0.83889419 -0.83854770 -0.83839320 -0.83832413 -0.83828674 
1.87381742e-07 -0.83889419 -0.83854770 -0.83839320 -0.83832413 -0.83828674 
1.51991108e-07 -0.83889419 -0.83854770 -0.83839320 -0.83832413 -0.83828674 
1.23284674e-07 -0.83889419 -0.83854770 -0.83839320 -0.83832413 -0.83828674 
1.00000000e-07 -0.83889419 -0.83854770 -0.83839320 -0.83832413 -0.83828674 
P (bar) | log_H2O: -2σ | log_H2O: -1σ | log_H2O: median | log_H2O: +1σ | log_H2O: +2σ 
1.00000000e+02 -3.67635877 -3.57664668 -3.47948647 -3.36816008 -3.23136430 
8.11130831e+01 -3.67635877 -3.57664668 -3.47948647 -3.36816008 -3.23136430 
6.57933225e+01 -3.67635877 -3.57664668 -3.47948647 -3.36816008 -3.23136430 
5.33669923e+01 -3.67635877 -3.57664668 -3.47948647 -3.36816008 -3.23136430 
4.32876128e+01 -3.67635877 -3.57664668 -3.47948647 -3.36816008 -3.23136430 
3.51119173e+01 -3.67635877 -3.57664668 -3.47948647 -3.36816008 -3.23136430 
2.84803587e+01 -3.67635877 -3.57664668 -3.47948647 -3.36816008 -3.23136430 
2.31012970e+01 -3.67635877 -3.57664668 -3.47948647 -3.36816008 -3.23136430 
1.87381742e+01 -3.67635877 -3.57664668 -3.47948647 -3.36816008 -3.23136430 
1.51991108e+01 -3.67635877 -3.57664668 -3.47948647 -3.36816008 -3.23136430 
1.23284674e+01 -3.67635877 -3.57664668 -3.47948647 -3.36816008 -3.23136430 
1.00000000e+01 -3.67635877 -3.57664668 -3.47948647 -3.36816008 -3.23136430 
8.11130831e+00 -3.67635877 -3.57664668 -3.47948647 -3.36816008 -3.23136430 
6.57933225e+00 -3.67635877 -3.57664668 -3.47948647 -3.36816008 -3.23136430 
5.33669923e+00 -3.67635877 -3.57664668 -3.47948647 -3.36816008 -3.23136430 
4.32876128e+00 -3.67635877 -3.57664668 -3.47948647 -3.36816008 -3.23136430 
3.51119173e+00 -3.67635877 -3.57664668 -3.47948647 -3.36816008 -3.23136430 
2.84803587e+00 -3.67635877 -3.57664668 -3.47948647 -3.36816008 -3.23136430 
2.31012970e+00 -3.67635877 -3.57664668 -3.47948647 -3.36816008 -3.23136430 
1.87381742e+00 -3.67635877 -3.57664668 -3.47948647 -3.36816008 -3.23136430 
1.51991108e+00 -3.67635877 -3.57664668 -3.47948647 -3.36816008 -3.23136430 
1.23284674e+00 -3.67635877 -3.57664668 -3.47948647 -3.36816008 -3.23136430 
1.00000000e+00 -3.67635877 -3.57664668 -3.47948647 -3.36816008 -3.23136430 
8.11130831e-01 -3.67635877 -3.57664668 -3.47948647 -3.36816008 -3.23136430 
6.57933225e-01 -3.67635877 -3.57664668 -3.47948647 -3.36816008 -3.23136430 
5.33669923e-01 -3.67635877 -3.57664668 -3.47948647 -3.36816008 -3.23136430 
4.32876128e-01 -3.67635877 -3.57664668 -3.47948647 -3.36816008 -3.23136430 
3.51119173e-01 -3.67635877 -3.57664668 -3.47948647 -3.36816008 -3.23136430 
2.84803587e-01 -3.67635877 -3.57664668 -3.47948647 -3.36816008 -3.23136430 
2.31012970e-01 -3.67635877 -3.57664668 -3.47948647 -3.36816008 -3.23136430 
1.87381742e-01 -3.67635877 -3.57664668 -3.47948647 -3.36816008 -3.23136430 
1.51991108e-01 -3.67635877 -3.57664668 -3.47948647 -3.36816008 -3.23136430 
1.23284674e-01 -3.67635877 -3.57664668 -3.47948647 -3.36816008 -3.23136430 
1.00000000e-01 -3.67635877 -3.57664668 -3.47948647 -3.36816008 -3.23136430 
8.11130831e-02 -3.67635877 -3.57664668 -3.47948647 -3.36816008 -3.23136430 
6.57933225e-02 -3.67635877 -3.57664668 -3.47948647 -3.36816008 -3.23136430 
5.33669923e-02 -3.67635877 -3.57664668 -3.47948647 -3.36816008 -3.23136430 
4.32876128e-02 -3.67635877 -3.57664668 -3.47948647 -3.36816008 -3.23136430 
3.51119173e-02 -3.67635877 -3.57664668 -3.47948647 -3.36816008 -3.23136430 
2.84803587e-02 -3.67635877 -3.57664668 -3.47948647 -3.36816008 -3.23136430 
2.31012970e-02 -3.67635877 -3.57664668 -3.47948647 -3.36816008 -3.23136430 
1.87381742e-02 -3.67635877 -3.57664668 -3.47948647 -3.36816008 -3.23136430 
1.51991108e-02 -3.67635877 -3.57664668 -3.47948647 -3.36816008 -3.23136430 
1.23284674e-02 -3.67635877 -3.57664668 -3.47948647 -3.36816008 -3.23136430 
1.00000000e-02 -3.67635877 -3.57664668 -3.47948647 -3.36816008 -3.23136430 
8.11130831e-03 -3.67635877 -3.57664668 -3.47948647 -3.36816008 -3.23136430 
6.57933225e-03 -3.67635877 -3.57664668 -3.47948647 -3.36816008 -3.23136430 
5.33669923e-03 -3.67635877 -3.57664668 -3.47948647 -3.36816008 -3.23136430 
4.32876128e-03 -3.67635877 -3.57664668 -3.47948647 -3.36816008 -3.23136430 
3.51119173e-03 -3.67635877 -3.57664668 -3.47948647 -3.36816008 -3.23136430 
2.84803587e-03 -3.67635877 -3.57664668 -3.47948647 -3.36816008 -3.23136430 
2.31012970e-03 -3.67635877 -3.57664668 -3.47948647 -3.36816008 -3.23136430 
1.87381742e-03 -3.67635877 -3.57664668 -3.47948647 -3.36816008 -3.23136430 
1.51991108e-03 -3.67635877 -3.57664668 -3.47948647 -3.36816008 -3.23136430 
1.23284674e-03 -3.67635877 -3.57664668 -3.47948647 -3.36816008 -3.23136430 
1.00000000e-03 -3.67635877 -3.57664668 -3.47948647 -3.36816008 -3.23136430 
8.11130831e-04 -3.67635877 -3.57664668 -3.47948647 -3.36816008 -3.23136430 
6.57933225e-04 -3.67635877 -3.57664668 -3.47948647 -3.36816008 -3.23136430 
5.33669923e-04 -3.67635877 -3.57664668 -3.47948647 -3.36816008 -3.23136430 
4.32876128e-04 -3.67635877 -3.57664668 -3.47948647 -3.36816008 -3.23136430 
3.51119173e-04 -3.67635877 -3.57664668 -3.47948647 -3.36816008 -3.23136430 
2.84803587e-04 -3.67635877 -3.57664668 -3.47948647 -3.36816008 -3.23136430 
2.31012970e-04 -3.67635877 -3.57664668 -3.47948647 -3.36816008 -3.23136430 
1.87381742e-04 -3.67635877 -3.57664668 -3.47948647 -3.36816008 -3.23136430 
1.51991108e-04 -3.67635877 -3.57664668 -3.47948647 -3.36816008 -3.23136430 
1.23284674e-04 -3.67635877 -3.57664668 -3.47948647 -3.36816008 -3.23136430 
1.00000000e-04 -3.67635877 -3.57664668 -3.47948647 -3.36816008 -3.23136430 
8.11130831e-05 -3.67635877 -3.57664668 -3.47948647 -3.36816008 -3.23136430 
6.57933225e-05 -3.67635877 -3.57664668 -3.47948647 -3.36816008 -3.23136430 
5.33669923e-05 -3.67635877 -3.57664668 -3.47948647 -3.36816008 -3.23136430 
4.32876128e-05 -3.67635877 -3.57664668 -3.47948647 -3.36816008 -3.23136430 
3.51119173e-05 -3.67635877 -3.57664668 -3.47948647 -3.36816008 -3.23136430 
2.84803587e-05 -3.67635877 -3.57664668 -3.47948647 -3.36816008 -3.23136430 
2.31012970e-05 -3.67635877 -3.57664668 -3.47948647 -3.36816008 -3.23136430 
1.87381742e-05 -3.67635877 -3.57664668 -3.47948647 -3.36816008 -3.23136430 
1.51991108e-05 -3.67635877 -3.57664668 -3.47948647 -3.36816008 -3.23136430 
1.23284674e-05 -3.67635877 -3.57664668 -3.47948647 -3.36816008 -3.23136430 
1.00000000e-05 -3.67635877 -3.57664668 -3.47948647 -3.36816008 -3.23136430 
8.11130831e-06 -3.67635877 -3.57664668 -3.47948647 -3.36816008 -3.23136430 
6.57933225e-06 -3.67635877 -3.57664668 -3.47948647 -3.36816008 -3.23136430 
5.33669923e-06 -3.67635877 -3.57664668 -3.47948647 -3.36816008 -3.23136430 
4.32876128e-06 -3.67635877 -3.57664668 -3.47948647 -3.36816008 -3.23136430 
3.51119173e-06 -3.67635877 -3.57664668 -3.47948647 -3.36816008 -3.23136430 
2.84803587e-06 -3.67635877 -3.57664668 -3.47948647 -3.36816008 -3.23136430 
2.31012970e-06 -3.67635877 -3.57664668 -3.47948647 -3.36816008 -3.23136430 
1.87381742e-06 -3.67635877 -3.57664668 -3.47948647 -3.36816008 -3.23136430 
1.51991108e-06 -3.67635877 -3.57664668 -3.47948647 -3.36816008 -3.23136430 
1.23284674e-06 -3.67635877 -3.57664668 -3.47948647 -3.36816008 -3.23136430 
1.00000000e-06 -3.67635877 -3.57664668 -3.47948647 -3.36816008 -3.23136430 
8.11130831e-07 -3.67635877 -3.57664668 -3.47948647 -3.36816008 -3.23136430 
6.57933225e-07 -3.67635877 -3.57664668 -3.47948647 -3.36816008 -3.23136430 
5.33669923e-07 -3.67635877 -3.57664668 -3.47948647 -3.36816008 -3.23136430 
4.32876128e-07 -3.67635877 -3.57664668 -3.47948647 -3.36816008 -3.23136430 
3.51119173e-07 -3.67635877 -3.57664668 -3.47948647 -3.36816008 -3.23136430 
2.84803587e-07 -3.67635877 -3.57664668 -3.47948647 -3.36816008 -3.23136430 
2.31012970e-07 -3.67635877 -3.57664668 -3.47948647 -3.36816008 -3.23136430 
1.87381742e-07 -3.67635877 -3.57664668 -3.47948647 -3.36816008 -3.23136430 
1.51991108e-07 -3.67635877 -3.57664668 -3.47948647 -3.36816008 -3.23136430 
1.23284674e-07 -3.67635877 -3.57664668 -3.47948647 -3.36816008 -3.23136430 
1.00000000e-07 -3.67635877 -3.57664668 -3.47948647 -3.36816008 -3.23136430 
P (bar) | log_CO2: -2σ | log_CO2: -1σ | log_CO2: median | log_CO2: +1σ | log_CO2: +2σ 
1.00000000e+02 -5.59285447 -5.48725172 -5.36555126 -5.22333218 -5.08142029 
8.11130831e+01 -5.59285447 -5.48725172 -5.36555126 -5.22333218 -5.08142029 
6.57933225e+01 -5.59285447 -5.48725172 -5.36555126 -5.22333218 -5.08142029 
5.33669923e+01 -5.59285447 -5.48725172 -5.36555126 -5.22333218 -5.08142029 
4.32876128e+01 -5.59285447 -5.48725172 -5.36555126 -5.22333218 -5.08142029 
3.51119173e+01 -5.59285447 -5.48725172 -5.36555126 -5.22333218 -5.08142029 
2.84803587e+01 -5.59285447 -5.48725172 -5.36555126 -5.22333218 -5.08142029 
2.31012970e+01 -5.59285447 -5.48725172 -5.36555126 -5.22333218 -5.08142029 
1.87381742e+01 -5.59285447 -5.48725172 -5.36555126 -5.22333218 -5.08142029 
1.51991108e+01 -5.59285447 -5.48725172 -5.36555126 -5.22333218 -5.08142029 
1.23284674e+01 -5.59285447 -5.48725172 -5.36555126 -5.22333218 -5.08142029 
1.00000000e+01 -5.59285447 -5.48725172 -5.36555126 -5.22333218 -5.08142029 
8.11130831e+00 -5.59285447 -5.48725172 -5.36555126 -5.22333218 -5.08142029 
6.57933225e+00 -5.59285447 -5.48725172 -5.36555126 -5.22333218 -5.08142029 
5.33669923e+00 -5.59285447 -5.48725172 -5.36555126 -5.22333218 -5.08142029 
4.32876128e+00 -5.59285447 -5.48725172 -5.36555126 -5.22333218 -5.08142029 
3.51119173e+00 -5.59285447 -5.48725172 -5.36555126 -5.22333218 -5.08142029 
2.84803587e+00 -5.59285447 -5.48725172 -5.36555126 -5.22333218 -5.08142029 
2.31012970e+00 -5.59285447 -5.48725172 -5.36555126 -5.22333218 -5.08142029 
1.87381742e+00 -5.59285447 -5.48725172 -5.36555126 -5.22333218 -5.08142029 
1.51991108e+00 -5.59285447 -5.48725172 -5.36555126 -5.22333218 -5.08142029 
1.23284674e+00 -5.59285447 -5.48725172 -5.36555126 -5.22333218 -5.08142029 
1.00000000e+00 -5.59285447 -5.48725172 -5.36555126 -5.22333218 -5.08142029 
8.11130831e-01 -5.59285447 -5.48725172 -5.36555126 -5.22333218 -5.08142029 
6.57933225e-01 -5.59285447 -5.48725172 -5.36555126 -5.22333218 -5.08142029 
5.33669923e-01 -5.59285447 -5.48725172 -5.36555126 -5.22333218 -5.08142029 
4.32876128e-01 -5.59285447 -5.48725172 -5.36555126 -5.22333218 -5.08142029 
3.51119173e-01 -5.59285447 -5.48725172 -5.36555126 -5.22333218 -5.08142029 
2.84803587e-01 -5.59285447 -5.48725172 -5.36555126 -5.22333218 -5.08142029 
2.31012970e-01 -5.59285447 -5.48725172 -5.36555126 -5.22333218 -5.08142029 
1.87381742e-01 -5.59285447 -5.48725172 -5.36555126 -5.22333218 -5.08142029 
1.51991108e-01 -5.59285447 -5.48725172 -5.36555126 -5.22333218 -5.08142029 
1.23284674e-01 -5.59285447 -5.48725172 -5.36555126 -5.22333218 -5.08142029 
1.00000000e-01 -5.59285447 -5.48725172 -5.36555126 -5.22333218 -5.08142029 
8.11130831e-02 -5.59285447 -5.48725172 -5.36555126 -5.22333218 -5.08142029 
6.57933225e-02 -5.59285447 -5.48725172 -5.36555126 -5.22333218 -5.08142029 
5.33669923e-02 -5.59285447 -5.48725172 -5.36555126 -5.22333218 -5.08142029 
4.32876128e-02 -5.59285447 -5.48725172 -5.36555126 -5.22333218 -5.08142029 
3.51119173e-02 -5.59285447 -5.48725172 -5.36555126 -5.22333218 -5.08142029 
2.84803587e-02 -5.59285447 -5.48725172 -5.36555126 -5.22333218 -5.08142029 
2.31012970e-02 -5.59285447 -5.48725172 -5.36555126 -5.22333218 -5.08142029 
1.87381742e-02 -5.59285447 -5.48725172 -5.36555126 -5.22333218 -5.08142029 
1.51991108e-02 -5.59285447 -5.48725172 -5.36555126 -5.22333218 -5.08142029 
1.23284674e-02 -5.59285447 -5.48725172 -5.36555126 -5.22333218 -5.08142029 
1.00000000e-02 -5.59285447 -5.48725172 -5.36555126 -5.22333218 -5.08142029 
8.11130831e-03 -5.59285447 -5.48725172 -5.36555126 -5.22333218 -5.08142029 
6.57933225e-03 -5.59285447 -5.48725172 -5.36555126 -5.22333218 -5.08142029 
5.33669923e-03 -5.59285447 -5.48725172 -5.36555126 -5.22333218 -5.08142029 
4.32876128e-03 -5.59285447 -5.48725172 -5.36555126 -5.22333218 -5.08142029 
3.51119173e-03 -5.59285447 -5.48725172 -5.36555126 -5.22333218 -5.08142029 
2.84803587e-03 -5.59285447 -5.48725172 -5.36555126 -5.22333218 -5.08142029 
2.31012970e-03 -5.59285447 -5.48725172 -5.36555126 -5.22333218 -5.08142029 
1.87381742e-03 -5.59285447 -5.48725172 -5.36555126 -5.22333218 -5.08142029 
1.51991108e-03 -5.59285447 -5.48725172 -5.36555126 -5.22333218 -5.08142029 
1.23284674e-03 -5.59285447 -5.48725172 -5.36555126 -5.22333218 -5.08142029 
1.00000000e-03 -5.59285447 -5.48725172 -5.36555126 -5.22333218 -5.08142029 
8.11130831e-04 -5.59285447 -5.48725172 -5.36555126 -5.22333218 -5.08142029 
6.57933225e-04 -5.59285447 -5.48725172 -5.36555126 -5.22333218 -5.08142029 
5.33669923e-04 -5.59285447 -5.48725172 -5.36555126 -5.22333218 -5.08142029 
4.32876128e-04 -5.59285447 -5.48725172 -5.36555126 -5.22333218 -5.08142029 
3.51119173e-04 -5.59285447 -5.48725172 -5.36555126 -5.22333218 -5.08142029 
2.84803587e-04 -5.59285447 -5.48725172 -5.36555126 -5.22333218 -5.08142029 
2.31012970e-04 -5.59285447 -5.48725172 -5.36555126 -5.22333218 -5.08142029 
1.87381742e-04 -5.59285447 -5.48725172 -5.36555126 -5.22333218 -5.08142029 
1.51991108e-04 -5.59285447 -5.48725172 -5.36555126 -5.22333218 -5.08142029 
1.23284674e-04 -5.59285447 -5.48725172 -5.36555126 -5.22333218 -5.08142029 
1.00000000e-04 -5.59285447 -5.48725172 -5.36555126 -5.22333218 -5.08142029 
8.11130831e-05 -5.59285447 -5.48725172 -5.36555126 -5.22333218 -5.08142029 
6.57933225e-05 -5.59285447 -5.48725172 -5.36555126 -5.22333218 -5.08142029 
5.33669923e-05 -5.59285447 -5.48725172 -5.36555126 -5.22333218 -5.08142029 
4.32876128e-05 -5.59285447 -5.48725172 -5.36555126 -5.22333218 -5.08142029 
3.51119173e-05 -5.59285447 -5.48725172 -5.36555126 -5.22333218 -5.08142029 
2.84803587e-05 -5.59285447 -5.48725172 -5.36555126 -5.22333218 -5.08142029 
2.31012970e-05 -5.59285447 -5.48725172 -5.36555126 -5.22333218 -5.08142029 
1.87381742e-05 -5.59285447 -5.48725172 -5.36555126 -5.22333218 -5.08142029 
1.51991108e-05 -5.59285447 -5.48725172 -5.36555126 -5.22333218 -5.08142029 
1.23284674e-05 -5.59285447 -5.48725172 -5.36555126 -5.22333218 -5.08142029 
1.00000000e-05 -5.59285447 -5.48725172 -5.36555126 -5.22333218 -5.08142029 
8.11130831e-06 -5.59285447 -5.48725172 -5.36555126 -5.22333218 -5.08142029 
6.57933225e-06 -5.59285447 -5.48725172 -5.36555126 -5.22333218 -5.08142029 
5.33669923e-06 -5.59285447 -5.48725172 -5.36555126 -5.22333218 -5.08142029 
4.32876128e-06 -5.59285447 -5.48725172 -5.36555126 -5.22333218 -5.08142029 
3.51119173e-06 -5.59285447 -5.48725172 -5.36555126 -5.22333218 -5.08142029 
2.84803587e-06 -5.59285447 -5.48725172 -5.36555126 -5.22333218 -5.08142029 
2.31012970e-06 -5.59285447 -5.48725172 -5.36555126 -5.22333218 -5.08142029 
1.87381742e-06 -5.59285447 -5.48725172 -5.36555126 -5.22333218 -5.08142029 
1.51991108e-06 -5.59285447 -5.48725172 -5.36555126 -5.22333218 -5.08142029 
1.23284674e-06 -5.59285447 -5.48725172 -5.36555126 -5.22333218 -5.08142029 
1.00000000e-06 -5.59285447 -5.48725172 -5.36555126 -5.22333218 -5.08142029 
8.11130831e-07 -5.59285447 -5.48725172 -5.36555126 -5.22333218 -5.08142029 
6.57933225e-07 -5.59285447 -5.48725172 -5.36555126 -5.22333218 -5.08142029 
5.33669923e-07 -5.59285447 -5.48725172 -5.36555126 -5.22333218 -5.08142029 
4.32876128e-07 -5.59285447 -5.48725172 -5.36555126 -5.22333218 -5.08142029 
3.51119173e-07 -5.59285447 -5.48725172 -5.36555126 -5.22333218 -5.08142029 
2.84803587e-07 -5.59285447 -5.48725172 -5.36555126 -5.22333218 -5.08142029 
2.31012970e-07 -5.59285447 -5.48725172 -5.36555126 -5.22333218 -5.08142029 
1.87381742e-07 -5.59285447 -5.48725172 -5.36555126 -5.22333218 -5.08142029 
1.51991108e-07 -5.59285447 -5.48725172 -5.36555126 -5.22333218 -5.08142029 
1.23284674e-07 -5.59285447 -5.48725172 -5.36555126 -5.22333218 -5.08142029 
1.00000000e-07 -5.59285447 -5.48725172 -5.36555126 -5.22333218 -5.08142029 
P (bar) | log_SO2: -2σ | log_SO2: -1σ | log_SO2: median | log_SO2: +1σ | log_SO2: +2σ 
1.00000000e+02 -5.99294765 -5.95549631 -5.88066380 -5.78686532 -5.67557511 
8.11130831e+01 -5.99294765 -5.95549631 -5.88066380 -5.78686532 -5.67557511 
6.57933225e+01 -5.99294765 -5.95549631 -5.88066380 -5.78686532 -5.67557511 
5.33669923e+01 -5.99294765 -5.95549631 -5.88066380 -5.78686532 -5.67557511 
4.32876128e+01 -5.99294765 -5.95549631 -5.88066380 -5.78686532 -5.67557511 
3.51119173e+01 -5.99294765 -5.95549631 -5.88066380 -5.78686532 -5.67557511 
2.84803587e+01 -5.99294765 -5.95549631 -5.88066380 -5.78686532 -5.67557511 
2.31012970e+01 -5.99294765 -5.95549631 -5.88066380 -5.78686532 -5.67557511 
1.87381742e+01 -5.99294765 -5.95549631 -5.88066380 -5.78686532 -5.67557511 
1.51991108e+01 -5.99294765 -5.95549631 -5.88066380 -5.78686532 -5.67557511 
1.23284674e+01 -5.99294765 -5.95549631 -5.88066380 -5.78686532 -5.67557511 
1.00000000e+01 -5.99294765 -5.95549631 -5.88066380 -5.78686532 -5.67557511 
8.11130831e+00 -5.99294765 -5.95549631 -5.88066380 -5.78686532 -5.67557511 
6.57933225e+00 -5.99294765 -5.95549631 -5.88066380 -5.78686532 -5.67557511 
5.33669923e+00 -5.99294765 -5.95549631 -5.88066380 -5.78686532 -5.67557511 
4.32876128e+00 -5.99294765 -5.95549631 -5.88066380 -5.78686532 -5.67557511 
3.51119173e+00 -5.99294765 -5.95549631 -5.88066380 -5.78686532 -5.67557511 
2.84803587e+00 -5.99294765 -5.95549631 -5.88066380 -5.78686532 -5.67557511 
2.31012970e+00 -5.99294765 -5.95549631 -5.88066380 -5.78686532 -5.67557511 
1.87381742e+00 -5.99294765 -5.95549631 -5.88066380 -5.78686532 -5.67557511 
1.51991108e+00 -5.99294765 -5.95549631 -5.88066380 -5.78686532 -5.67557511 
1.23284674e+00 -5.99294765 -5.95549631 -5.88066380 -5.78686532 -5.67557511 
1.00000000e+00 -5.99294765 -5.95549631 -5.88066380 -5.78686532 -5.67557511 
8.11130831e-01 -5.99294765 -5.95549631 -5.88066380 -5.78686532 -5.67557511 
6.57933225e-01 -5.99294765 -5.95549631 -5.88066380 -5.78686532 -5.67557511 
5.33669923e-01 -5.99294765 -5.95549631 -5.88066380 -5.78686532 -5.67557511 
4.32876128e-01 -5.99294765 -5.95549631 -5.88066380 -5.78686532 -5.67557511 
3.51119173e-01 -5.99294765 -5.95549631 -5.88066380 -5.78686532 -5.67557511 
2.84803587e-01 -5.99294765 -5.95549631 -5.88066380 -5.78686532 -5.67557511 
2.31012970e-01 -5.99294765 -5.95549631 -5.88066380 -5.78686532 -5.67557511 
1.87381742e-01 -5.99294765 -5.95549631 -5.88066380 -5.78686532 -5.67557511 
1.51991108e-01 -5.99294765 -5.95549631 -5.88066380 -5.78686532 -5.67557511 
1.23284674e-01 -5.99294765 -5.95549631 -5.88066380 -5.78686532 -5.67557511 
1.00000000e-01 -5.99294765 -5.95549631 -5.88066380 -5.78686532 -5.67557511 
8.11130831e-02 -5.99294765 -5.95549631 -5.88066380 -5.78686532 -5.67557511 
6.57933225e-02 -5.99294765 -5.95549631 -5.88066380 -5.78686532 -5.67557511 
5.33669923e-02 -5.99294765 -5.95549631 -5.88066380 -5.78686532 -5.67557511 
4.32876128e-02 -5.99294765 -5.95549631 -5.88066380 -5.78686532 -5.67557511 
3.51119173e-02 -5.99294765 -5.95549631 -5.88066380 -5.78686532 -5.67557511 
2.84803587e-02 -5.99294765 -5.95549631 -5.88066380 -5.78686532 -5.67557511 
2.31012970e-02 -5.99294765 -5.95549631 -5.88066380 -5.78686532 -5.67557511 
1.87381742e-02 -5.99294765 -5.95549631 -5.88066380 -5.78686532 -5.67557511 
1.51991108e-02 -5.99294765 -5.95549631 -5.88066380 -5.78686532 -5.67557511 
1.23284674e-02 -5.99294765 -5.95549631 -5.88066380 -5.78686532 -5.67557511 
1.00000000e-02 -5.99294765 -5.95549631 -5.88066380 -5.78686532 -5.67557511 
8.11130831e-03 -5.99294765 -5.95549631 -5.88066380 -5.78686532 -5.67557511 
6.57933225e-03 -5.99294765 -5.95549631 -5.88066380 -5.78686532 -5.67557511 
5.33669923e-03 -5.99294765 -5.95549631 -5.88066380 -5.78686532 -5.67557511 
4.32876128e-03 -5.99294765 -5.95549631 -5.88066380 -5.78686532 -5.67557511 
3.51119173e-03 -5.99294765 -5.95549631 -5.88066380 -5.78686532 -5.67557511 
2.84803587e-03 -5.99294765 -5.95549631 -5.88066380 -5.78686532 -5.67557511 
2.31012970e-03 -5.99294765 -5.95549631 -5.88066380 -5.78686532 -5.67557511 
1.87381742e-03 -5.99294765 -5.95549631 -5.88066380 -5.78686532 -5.67557511 
1.51991108e-03 -5.99294765 -5.95549631 -5.88066380 -5.78686532 -5.67557511 
1.23284674e-03 -5.99294765 -5.95549631 -5.88066380 -5.78686532 -5.67557511 
1.00000000e-03 -5.99294765 -5.95549631 -5.88066380 -5.78686532 -5.67557511 
8.11130831e-04 -5.99294765 -5.95549631 -5.88066380 -5.78686532 -5.67557511 
6.57933225e-04 -5.99294765 -5.95549631 -5.88066380 -5.78686532 -5.67557511 
5.33669923e-04 -5.99294765 -5.95549631 -5.88066380 -5.78686532 -5.67557511 
4.32876128e-04 -5.99294765 -5.95549631 -5.88066380 -5.78686532 -5.67557511 
3.51119173e-04 -5.99294765 -5.95549631 -5.88066380 -5.78686532 -5.67557511 
2.84803587e-04 -5.99294765 -5.95549631 -5.88066380 -5.78686532 -5.67557511 
2.31012970e-04 -5.99294765 -5.95549631 -5.88066380 -5.78686532 -5.67557511 
1.87381742e-04 -5.99294765 -5.95549631 -5.88066380 -5.78686532 -5.67557511 
1.51991108e-04 -5.99294765 -5.95549631 -5.88066380 -5.78686532 -5.67557511 
1.23284674e-04 -5.99294765 -5.95549631 -5.88066380 -5.78686532 -5.67557511 
1.00000000e-04 -5.99294765 -5.95549631 -5.88066380 -5.78686532 -5.67557511 
8.11130831e-05 -5.99294765 -5.95549631 -5.88066380 -5.78686532 -5.67557511 
6.57933225e-05 -5.99294765 -5.95549631 -5.88066380 -5.78686532 -5.67557511 
5.33669923e-05 -5.99294765 -5.95549631 -5.88066380 -5.78686532 -5.67557511 
4.32876128e-05 -5.99294765 -5.95549631 -5.88066380 -5.78686532 -5.67557511 
3.51119173e-05 -5.99294765 -5.95549631 -5.88066380 -5.78686532 -5.67557511 
2.84803587e-05 -5.99294765 -5.95549631 -5.88066380 -5.78686532 -5.67557511 
2.31012970e-05 -5.99294765 -5.95549631 -5.88066380 -5.78686532 -5.67557511 
1.87381742e-05 -5.99294765 -5.95549631 -5.88066380 -5.78686532 -5.67557511 
1.51991108e-05 -5.99294765 -5.95549631 -5.88066380 -5.78686532 -5.67557511 
1.23284674e-05 -5.99294765 -5.95549631 -5.88066380 -5.78686532 -5.67557511 
1.00000000e-05 -5.99294765 -5.95549631 -5.88066380 -5.78686532 -5.67557511 
8.11130831e-06 -5.99294765 -5.95549631 -5.88066380 -5.78686532 -5.67557511 
6.57933225e-06 -5.99294765 -5.95549631 -5.88066380 -5.78686532 -5.67557511 
5.33669923e-06 -5.99294765 -5.95549631 -5.88066380 -5.78686532 -5.67557511 
4.32876128e-06 -5.99294765 -5.95549631 -5.88066380 -5.78686532 -5.67557511 
3.51119173e-06 -5.99294765 -5.95549631 -5.88066380 -5.78686532 -5.67557511 
2.84803587e-06 -5.99294765 -5.95549631 -5.88066380 -5.78686532 -5.67557511 
2.31012970e-06 -5.99294765 -5.95549631 -5.88066380 -5.78686532 -5.67557511 
1.87381742e-06 -5.99294765 -5.95549631 -5.88066380 -5.78686532 -5.67557511 
1.51991108e-06 -5.99294765 -5.95549631 -5.88066380 -5.78686532 -5.67557511 
1.23284674e-06 -5.99294765 -5.95549631 -5.88066380 -5.78686532 -5.67557511 
1.00000000e-06 -5.99294765 -5.95549631 -5.88066380 -5.78686532 -5.67557511 
8.11130831e-07 -5.99294765 -5.95549631 -5.88066380 -5.78686532 -5.67557511 
6.57933225e-07 -5.99294765 -5.95549631 -5.88066380 -5.78686532 -5.67557511 
5.33669923e-07 -5.99294765 -5.95549631 -5.88066380 -5.78686532 -5.67557511 
4.32876128e-07 -5.99294765 -5.95549631 -5.88066380 -5.78686532 -5.67557511 
3.51119173e-07 -5.99294765 -5.95549631 -5.88066380 -5.78686532 -5.67557511 
2.84803587e-07 -5.99294765 -5.95549631 -5.88066380 -5.78686532 -5.67557511 
2.31012970e-07 -5.99294765 -5.95549631 -5.88066380 -5.78686532 -5.67557511 
1.87381742e-07 -5.99294765 -5.95549631 -5.88066380 -5.78686532 -5.67557511 
1.51991108e-07 -5.99294765 -5.95549631 -5.88066380 -5.78686532 -5.67557511 
1.23284674e-07 -5.99294765 -5.95549631 -5.88066380 -5.78686532 -5.67557511 
1.00000000e-07 -5.99294765 -5.95549631 -5.88066380 -5.78686532 -5.67557511 
P (bar) | log_CO: -2σ | log_CO: -1σ | log_CO: median | log_CO: +1σ | log_CO: +2σ 
1.00000000e+02 -2.99750040 -2.98298171 -2.93447407 -2.83393043 -2.66962692 
8.11130831e+01 -2.99750040 -2.98298171 -2.93447407 -2.83393043 -2.66962692 
6.57933225e+01 -2.99750040 -2.98298171 -2.93447407 -2.83393043 -2.66962692 
5.33669923e+01 -2.99750040 -2.98298171 -2.93447407 -2.83393043 -2.66962692 
4.32876128e+01 -2.99750040 -2.98298171 -2.93447407 -2.83393043 -2.66962692 
3.51119173e+01 -2.99750040 -2.98298171 -2.93447407 -2.83393043 -2.66962692 
2.84803587e+01 -2.99750040 -2.98298171 -2.93447407 -2.83393043 -2.66962692 
2.31012970e+01 -2.99750040 -2.98298171 -2.93447407 -2.83393043 -2.66962692 
1.87381742e+01 -2.99750040 -2.98298171 -2.93447407 -2.83393043 -2.66962692 
1.51991108e+01 -2.99750040 -2.98298171 -2.93447407 -2.83393043 -2.66962692 
1.23284674e+01 -2.99750040 -2.98298171 -2.93447407 -2.83393043 -2.66962692 
1.00000000e+01 -2.99750040 -2.98298171 -2.93447407 -2.83393043 -2.66962692 
8.11130831e+00 -2.99750040 -2.98298171 -2.93447407 -2.83393043 -2.66962692 
6.57933225e+00 -2.99750040 -2.98298171 -2.93447407 -2.83393043 -2.66962692 
5.33669923e+00 -2.99750040 -2.98298171 -2.93447407 -2.83393043 -2.66962692 
4.32876128e+00 -2.99750040 -2.98298171 -2.93447407 -2.83393043 -2.66962692 
3.51119173e+00 -2.99750040 -2.98298171 -2.93447407 -2.83393043 -2.66962692 
2.84803587e+00 -2.99750040 -2.98298171 -2.93447407 -2.83393043 -2.66962692 
2.31012970e+00 -2.99750040 -2.98298171 -2.93447407 -2.83393043 -2.66962692 
1.87381742e+00 -2.99750040 -2.98298171 -2.93447407 -2.83393043 -2.66962692 
1.51991108e+00 -2.99750040 -2.98298171 -2.93447407 -2.83393043 -2.66962692 
1.23284674e+00 -2.99750040 -2.98298171 -2.93447407 -2.83393043 -2.66962692 
1.00000000e+00 -2.99750040 -2.98298171 -2.93447407 -2.83393043 -2.66962692 
8.11130831e-01 -2.99750040 -2.98298171 -2.93447407 -2.83393043 -2.66962692 
6.57933225e-01 -2.99750040 -2.98298171 -2.93447407 -2.83393043 -2.66962692 
5.33669923e-01 -2.99750040 -2.98298171 -2.93447407 -2.83393043 -2.66962692 
4.32876128e-01 -2.99750040 -2.98298171 -2.93447407 -2.83393043 -2.66962692 
3.51119173e-01 -2.99750040 -2.98298171 -2.93447407 -2.83393043 -2.66962692 
2.84803587e-01 -2.99750040 -2.98298171 -2.93447407 -2.83393043 -2.66962692 
2.31012970e-01 -2.99750040 -2.98298171 -2.93447407 -2.83393043 -2.66962692 
1.87381742e-01 -2.99750040 -2.98298171 -2.93447407 -2.83393043 -2.66962692 
1.51991108e-01 -2.99750040 -2.98298171 -2.93447407 -2.83393043 -2.66962692 
1.23284674e-01 -2.99750040 -2.98298171 -2.93447407 -2.83393043 -2.66962692 
1.00000000e-01 -2.99750040 -2.98298171 -2.93447407 -2.83393043 -2.66962692 
8.11130831e-02 -2.99750040 -2.98298171 -2.93447407 -2.83393043 -2.66962692 
6.57933225e-02 -2.99750040 -2.98298171 -2.93447407 -2.83393043 -2.66962692 
5.33669923e-02 -2.99750040 -2.98298171 -2.93447407 -2.83393043 -2.66962692 
4.32876128e-02 -2.99750040 -2.98298171 -2.93447407 -2.83393043 -2.66962692 
3.51119173e-02 -2.99750040 -2.98298171 -2.93447407 -2.83393043 -2.66962692 
2.84803587e-02 -2.99750040 -2.98298171 -2.93447407 -2.83393043 -2.66962692 
2.31012970e-02 -2.99750040 -2.98298171 -2.93447407 -2.83393043 -2.66962692 
1.87381742e-02 -2.99750040 -2.98298171 -2.93447407 -2.83393043 -2.66962692 
1.51991108e-02 -2.99750040 -2.98298171 -2.93447407 -2.83393043 -2.66962692 
1.23284674e-02 -2.99750040 -2.98298171 -2.93447407 -2.83393043 -2.66962692 
1.00000000e-02 -2.99750040 -2.98298171 -2.93447407 -2.83393043 -2.66962692 
8.11130831e-03 -2.99750040 -2.98298171 -2.93447407 -2.83393043 -2.66962692 
6.57933225e-03 -2.99750040 -2.98298171 -2.93447407 -2.83393043 -2.66962692 
5.33669923e-03 -2.99750040 -2.98298171 -2.93447407 -2.83393043 -2.66962692 
4.32876128e-03 -2.99750040 -2.98298171 -2.93447407 -2.83393043 -2.66962692 
3.51119173e-03 -2.99750040 -2.98298171 -2.93447407 -2.83393043 -2.66962692 
2.84803587e-03 -2.99750040 -2.98298171 -2.93447407 -2.83393043 -2.66962692 
2.31012970e-03 -2.99750040 -2.98298171 -2.93447407 -2.83393043 -2.66962692 
1.87381742e-03 -2.99750040 -2.98298171 -2.93447407 -2.83393043 -2.66962692 
1.51991108e-03 -2.99750040 -2.98298171 -2.93447407 -2.83393043 -2.66962692 
1.23284674e-03 -2.99750040 -2.98298171 -2.93447407 -2.83393043 -2.66962692 
1.00000000e-03 -2.99750040 -2.98298171 -2.93447407 -2.83393043 -2.66962692 
8.11130831e-04 -2.99750040 -2.98298171 -2.93447407 -2.83393043 -2.66962692 
6.57933225e-04 -2.99750040 -2.98298171 -2.93447407 -2.83393043 -2.66962692 
5.33669923e-04 -2.99750040 -2.98298171 -2.93447407 -2.83393043 -2.66962692 
4.32876128e-04 -2.99750040 -2.98298171 -2.93447407 -2.83393043 -2.66962692 
3.51119173e-04 -2.99750040 -2.98298171 -2.93447407 -2.83393043 -2.66962692 
2.84803587e-04 -2.99750040 -2.98298171 -2.93447407 -2.83393043 -2.66962692 
2.31012970e-04 -2.99750040 -2.98298171 -2.93447407 -2.83393043 -2.66962692 
1.87381742e-04 -2.99750040 -2.98298171 -2.93447407 -2.83393043 -2.66962692 
1.51991108e-04 -2.99750040 -2.98298171 -2.93447407 -2.83393043 -2.66962692 
1.23284674e-04 -2.99750040 -2.98298171 -2.93447407 -2.83393043 -2.66962692 
1.00000000e-04 -2.99750040 -2.98298171 -2.93447407 -2.83393043 -2.66962692 
8.11130831e-05 -2.99750040 -2.98298171 -2.93447407 -2.83393043 -2.66962692 
6.57933225e-05 -2.99750040 -2.98298171 -2.93447407 -2.83393043 -2.66962692 
5.33669923e-05 -2.99750040 -2.98298171 -2.93447407 -2.83393043 -2.66962692 
4.32876128e-05 -2.99750040 -2.98298171 -2.93447407 -2.83393043 -2.66962692 
3.51119173e-05 -2.99750040 -2.98298171 -2.93447407 -2.83393043 -2.66962692 
2.84803587e-05 -2.99750040 -2.98298171 -2.93447407 -2.83393043 -2.66962692 
2.31012970e-05 -2.99750040 -2.98298171 -2.93447407 -2.83393043 -2.66962692 
1.87381742e-05 -2.99750040 -2.98298171 -2.93447407 -2.83393043 -2.66962692 
1.51991108e-05 -2.99750040 -2.98298171 -2.93447407 -2.83393043 -2.66962692 
1.23284674e-05 -2.99750040 -2.98298171 -2.93447407 -2.83393043 -2.66962692 
1.00000000e-05 -2.99750040 -2.98298171 -2.93447407 -2.83393043 -2.66962692 
8.11130831e-06 -2.99750040 -2.98298171 -2.93447407 -2.83393043 -2.66962692 
6.57933225e-06 -2.99750040 -2.98298171 -2.93447407 -2.83393043 -2.66962692 
5.33669923e-06 -2.99750040 -2.98298171 -2.93447407 -2.83393043 -2.66962692 
4.32876128e-06 -2.99750040 -2.98298171 -2.93447407 -2.83393043 -2.66962692 
3.51119173e-06 -2.99750040 -2.98298171 -2.93447407 -2.83393043 -2.66962692 
2.84803587e-06 -2.99750040 -2.98298171 -2.93447407 -2.83393043 -2.66962692 
2.31012970e-06 -2.99750040 -2.98298171 -2.93447407 -2.83393043 -2.66962692 
1.87381742e-06 -2.99750040 -2.98298171 -2.93447407 -2.83393043 -2.66962692 
1.51991108e-06 -2.99750040 -2.98298171 -2.93447407 -2.83393043 -2.66962692 
1.23284674e-06 -2.99750040 -2.98298171 -2.93447407 -2.83393043 -2.66962692 
1.00000000e-06 -2.99750040 -2.98298171 -2.93447407 -2.83393043 -2.66962692 
8.11130831e-07 -2.99750040 -2.98298171 -2.93447407 -2.83393043 -2.66962692 
6.57933225e-07 -2.99750040 -2.98298171 -2.93447407 -2.83393043 -2.66962692 
5.33669923e-07 -2.99750040 -2.98298171 -2.93447407 -2.83393043 -2.66962692 
4.32876128e-07 -2.99750040 -2.98298171 -2.93447407 -2.83393043 -2.66962692 
3.51119173e-07 -2.99750040 -2.98298171 -2.93447407 -2.83393043 -2.66962692 
2.84803587e-07 -2.99750040 -2.98298171 -2.93447407 -2.83393043 -2.66962692 
2.31012970e-07 -2.99750040 -2.98298171 -2.93447407 -2.83393043 -2.66962692 
1.87381742e-07 -2.99750040 -2.98298171 -2.93447407 -2.83393043 -2.66962692 
1.51991108e-07 -2.99750040 -2.98298171 -2.93447407 -2.83393043 -2.66962692 
1.23284674e-07 -2.99750040 -2.98298171 -2.93447407 -2.83393043 -2.66962692 
1.00000000e-07 -2.99750040 -2.98298171 -2.93447407 -2.83393043 -2.66962692 
P (bar) | log_Na: -2σ | log_Na: -1σ | log_Na: median | log_Na: +1σ | log_Na: +2σ 
1.00000000e+02 -5.92018286 -5.81560565 -5.68839782 -5.56155998 -5.40876322 
8.11130831e+01 -5.92018286 -5.81560565 -5.68839782 -5.56155998 -5.40876322 
6.57933225e+01 -5.92018286 -5.81560565 -5.68839782 -5.56155998 -5.40876322 
5.33669923e+01 -5.92018286 -5.81560565 -5.68839782 -5.56155998 -5.40876322 
4.32876128e+01 -5.92018286 -5.81560565 -5.68839782 -5.56155998 -5.40876322 
3.51119173e+01 -5.92018286 -5.81560565 -5.68839782 -5.56155998 -5.40876322 
2.84803587e+01 -5.92018286 -5.81560565 -5.68839782 -5.56155998 -5.40876322 
2.31012970e+01 -5.92018286 -5.81560565 -5.68839782 -5.56155998 -5.40876322 
1.87381742e+01 -5.92018286 -5.81560565 -5.68839782 -5.56155998 -5.40876322 
1.51991108e+01 -5.92018286 -5.81560565 -5.68839782 -5.56155998 -5.40876322 
1.23284674e+01 -5.92018286 -5.81560565 -5.68839782 -5.56155998 -5.40876322 
1.00000000e+01 -5.92018286 -5.81560565 -5.68839782 -5.56155998 -5.40876322 
8.11130831e+00 -5.92018286 -5.81560565 -5.68839782 -5.56155998 -5.40876322 
6.57933225e+00 -5.92018286 -5.81560565 -5.68839782 -5.56155998 -5.40876322 
5.33669923e+00 -5.92018286 -5.81560565 -5.68839782 -5.56155998 -5.40876322 
4.32876128e+00 -5.92018286 -5.81560565 -5.68839782 -5.56155998 -5.40876322 
3.51119173e+00 -5.92018286 -5.81560565 -5.68839782 -5.56155998 -5.40876322 
2.84803587e+00 -5.92018286 -5.81560565 -5.68839782 -5.56155998 -5.40876322 
2.31012970e+00 -5.92018286 -5.81560565 -5.68839782 -5.56155998 -5.40876322 
1.87381742e+00 -5.92018286 -5.81560565 -5.68839782 -5.56155998 -5.40876322 
1.51991108e+00 -5.92018286 -5.81560565 -5.68839782 -5.56155998 -5.40876322 
1.23284674e+00 -5.92018286 -5.81560565 -5.68839782 -5.56155998 -5.40876322 
1.00000000e+00 -5.92018286 -5.81560565 -5.68839782 -5.56155998 -5.40876322 
8.11130831e-01 -5.92018286 -5.81560565 -5.68839782 -5.56155998 -5.40876322 
6.57933225e-01 -5.92018286 -5.81560565 -5.68839782 -5.56155998 -5.40876322 
5.33669923e-01 -5.92018286 -5.81560565 -5.68839782 -5.56155998 -5.40876322 
4.32876128e-01 -5.92018286 -5.81560565 -5.68839782 -5.56155998 -5.40876322 
3.51119173e-01 -5.92018286 -5.81560565 -5.68839782 -5.56155998 -5.40876322 
2.84803587e-01 -5.92018286 -5.81560565 -5.68839782 -5.56155998 -5.40876322 
2.31012970e-01 -5.92018286 -5.81560565 -5.68839782 -5.56155998 -5.40876322 
1.87381742e-01 -5.92018286 -5.81560565 -5.68839782 -5.56155998 -5.40876322 
1.51991108e-01 -5.92018286 -5.81560565 -5.68839782 -5.56155998 -5.40876322 
1.23284674e-01 -5.92018286 -5.81560565 -5.68839782 -5.56155998 -5.40876322 
1.00000000e-01 -5.92018286 -5.81560565 -5.68839782 -5.56155998 -5.40876322 
8.11130831e-02 -5.92018286 -5.81560565 -5.68839782 -5.56155998 -5.40876322 
6.57933225e-02 -5.92018286 -5.81560565 -5.68839782 -5.56155998 -5.40876322 
5.33669923e-02 -5.92018286 -5.81560565 -5.68839782 -5.56155998 -5.40876322 
4.32876128e-02 -5.92018286 -5.81560565 -5.68839782 -5.56155998 -5.40876322 
3.51119173e-02 -5.92018286 -5.81560565 -5.68839782 -5.56155998 -5.40876322 
2.84803587e-02 -5.92018286 -5.81560565 -5.68839782 -5.56155998 -5.40876322 
2.31012970e-02 -5.92018286 -5.81560565 -5.68839782 -5.56155998 -5.40876322 
1.87381742e-02 -5.92018286 -5.81560565 -5.68839782 -5.56155998 -5.40876322 
1.51991108e-02 -5.92018286 -5.81560565 -5.68839782 -5.56155998 -5.40876322 
1.23284674e-02 -5.92018286 -5.81560565 -5.68839782 -5.56155998 -5.40876322 
1.00000000e-02 -5.92018286 -5.81560565 -5.68839782 -5.56155998 -5.40876322 
8.11130831e-03 -5.92018286 -5.81560565 -5.68839782 -5.56155998 -5.40876322 
6.57933225e-03 -5.92018286 -5.81560565 -5.68839782 -5.56155998 -5.40876322 
5.33669923e-03 -5.92018286 -5.81560565 -5.68839782 -5.56155998 -5.40876322 
4.32876128e-03 -5.92018286 -5.81560565 -5.68839782 -5.56155998 -5.40876322 
3.51119173e-03 -5.92018286 -5.81560565 -5.68839782 -5.56155998 -5.40876322 
2.84803587e-03 -5.92018286 -5.81560565 -5.68839782 -5.56155998 -5.40876322 
2.31012970e-03 -5.92018286 -5.81560565 -5.68839782 -5.56155998 -5.40876322 
1.87381742e-03 -5.92018286 -5.81560565 -5.68839782 -5.56155998 -5.40876322 
1.51991108e-03 -5.92018286 -5.81560565 -5.68839782 -5.56155998 -5.40876322 
1.23284674e-03 -5.92018286 -5.81560565 -5.68839782 -5.56155998 -5.40876322 
1.00000000e-03 -5.92018286 -5.81560565 -5.68839782 -5.56155998 -5.40876322 
8.11130831e-04 -5.92018286 -5.81560565 -5.68839782 -5.56155998 -5.40876322 
6.57933225e-04 -5.92018286 -5.81560565 -5.68839782 -5.56155998 -5.40876322 
5.33669923e-04 -5.92018286 -5.81560565 -5.68839782 -5.56155998 -5.40876322 
4.32876128e-04 -5.92018286 -5.81560565 -5.68839782 -5.56155998 -5.40876322 
3.51119173e-04 -5.92018286 -5.81560565 -5.68839782 -5.56155998 -5.40876322 
2.84803587e-04 -5.92018286 -5.81560565 -5.68839782 -5.56155998 -5.40876322 
2.31012970e-04 -5.92018286 -5.81560565 -5.68839782 -5.56155998 -5.40876322 
1.87381742e-04 -5.92018286 -5.81560565 -5.68839782 -5.56155998 -5.40876322 
1.51991108e-04 -5.92018286 -5.81560565 -5.68839782 -5.56155998 -5.40876322 
1.23284674e-04 -5.92018286 -5.81560565 -5.68839782 -5.56155998 -5.40876322 
1.00000000e-04 -5.92018286 -5.81560565 -5.68839782 -5.56155998 -5.40876322 
8.11130831e-05 -5.92018286 -5.81560565 -5.68839782 -5.56155998 -5.40876322 
6.57933225e-05 -5.92018286 -5.81560565 -5.68839782 -5.56155998 -5.40876322 
5.33669923e-05 -5.92018286 -5.81560565 -5.68839782 -5.56155998 -5.40876322 
4.32876128e-05 -5.92018286 -5.81560565 -5.68839782 -5.56155998 -5.40876322 
3.51119173e-05 -5.92018286 -5.81560565 -5.68839782 -5.56155998 -5.40876322 
2.84803587e-05 -5.92018286 -5.81560565 -5.68839782 -5.56155998 -5.40876322 
2.31012970e-05 -5.92018286 -5.81560565 -5.68839782 -5.56155998 -5.40876322 
1.87381742e-05 -5.92018286 -5.81560565 -5.68839782 -5.56155998 -5.40876322 
1.51991108e-05 -5.92018286 -5.81560565 -5.68839782 -5.56155998 -5.40876322 
1.23284674e-05 -5.92018286 -5.81560565 -5.68839782 -5.56155998 -5.40876322 
1.00000000e-05 -5.92018286 -5.81560565 -5.68839782 -5.56155998 -5.40876322 
8.11130831e-06 -5.92018286 -5.81560565 -5.68839782 -5.56155998 -5.40876322 
6.57933225e-06 -5.92018286 -5.81560565 -5.68839782 -5.56155998 -5.40876322 
5.33669923e-06 -5.92018286 -5.81560565 -5.68839782 -5.56155998 -5.40876322 
4.32876128e-06 -5.92018286 -5.81560565 -5.68839782 -5.56155998 -5.40876322 
3.51119173e-06 -5.92018286 -5.81560565 -5.68839782 -5.56155998 -5.40876322 
2.84803587e-06 -5.92018286 -5.81560565 -5.68839782 -5.56155998 -5.40876322 
2.31012970e-06 -5.92018286 -5.81560565 -5.68839782 -5.56155998 -5.40876322 
1.87381742e-06 -5.92018286 -5.81560565 -5.68839782 -5.56155998 -5.40876322 
1.51991108e-06 -5.92018286 -5.81560565 -5.68839782 -5.56155998 -5.40876322 
1.23284674e-06 -5.92018286 -5.81560565 -5.68839782 -5.56155998 -5.40876322 
1.00000000e-06 -5.92018286 -5.81560565 -5.68839782 -5.56155998 -5.40876322 
8.11130831e-07 -5.92018286 -5.81560565 -5.68839782 -5.56155998 -5.40876322 
6.57933225e-07 -5.92018286 -5.81560565 -5.68839782 -5.56155998 -5.40876322 
5.33669923e-07 -5.92018286 -5.81560565 -5.68839782 -5.56155998 -5.40876322 
4.32876128e-07 -5.92018286 -5.81560565 -5.68839782 -5.56155998 -5.40876322 
3.51119173e-07 -5.92018286 -5.81560565 -5.68839782 -5.56155998 -5.40876322 
2.84803587e-07 -5.92018286 -5.81560565 -5.68839782 -5.56155998 -5.40876322 
2.31012970e-07 -5.92018286 -5.81560565 -5.68839782 -5.56155998 -5.40876322 
1.87381742e-07 -5.92018286 -5.81560565 -5.68839782 -5.56155998 -5.40876322 
1.51991108e-07 -5.92018286 -5.81560565 -5.68839782 -5.56155998 -5.40876322 
1.23284674e-07 -5.92018286 -5.81560565 -5.68839782 -5.56155998 -5.40876322 
1.00000000e-07 -5.92018286 -5.81560565 -5.68839782 -5.56155998 -5.40876322 
P (bar) | log_K: -2σ | log_K: -1σ | log_K: median | log_K: +1σ | log_K: +2σ 
1.00000000e+02 -8.96951560 -8.82246028 -8.46276591 -7.94219519 -7.55745539 
8.11130831e+01 -8.96951560 -8.82246028 -8.46276591 -7.94219519 -7.55745539 
6.57933225e+01 -8.96951560 -8.82246028 -8.46276591 -7.94219519 -7.55745539 
5.33669923e+01 -8.96951560 -8.82246028 -8.46276591 -7.94219519 -7.55745539 
4.32876128e+01 -8.96951560 -8.82246028 -8.46276591 -7.94219519 -7.55745539 
3.51119173e+01 -8.96951560 -8.82246028 -8.46276591 -7.94219519 -7.55745539 
2.84803587e+01 -8.96951560 -8.82246028 -8.46276591 -7.94219519 -7.55745539 
2.31012970e+01 -8.96951560 -8.82246028 -8.46276591 -7.94219519 -7.55745539 
1.87381742e+01 -8.96951560 -8.82246028 -8.46276591 -7.94219519 -7.55745539 
1.51991108e+01 -8.96951560 -8.82246028 -8.46276591 -7.94219519 -7.55745539 
1.23284674e+01 -8.96951560 -8.82246028 -8.46276591 -7.94219519 -7.55745539 
1.00000000e+01 -8.96951560 -8.82246028 -8.46276591 -7.94219519 -7.55745539 
8.11130831e+00 -8.96951560 -8.82246028 -8.46276591 -7.94219519 -7.55745539 
6.57933225e+00 -8.96951560 -8.82246028 -8.46276591 -7.94219519 -7.55745539 
5.33669923e+00 -8.96951560 -8.82246028 -8.46276591 -7.94219519 -7.55745539 
4.32876128e+00 -8.96951560 -8.82246028 -8.46276591 -7.94219519 -7.55745539 
3.51119173e+00 -8.96951560 -8.82246028 -8.46276591 -7.94219519 -7.55745539 
2.84803587e+00 -8.96951560 -8.82246028 -8.46276591 -7.94219519 -7.55745539 
2.31012970e+00 -8.96951560 -8.82246028 -8.46276591 -7.94219519 -7.55745539 
1.87381742e+00 -8.96951560 -8.82246028 -8.46276591 -7.94219519 -7.55745539 
1.51991108e+00 -8.96951560 -8.82246028 -8.46276591 -7.94219519 -7.55745539 
1.23284674e+00 -8.96951560 -8.82246028 -8.46276591 -7.94219519 -7.55745539 
1.00000000e+00 -8.96951560 -8.82246028 -8.46276591 -7.94219519 -7.55745539 
8.11130831e-01 -8.96951560 -8.82246028 -8.46276591 -7.94219519 -7.55745539 
6.57933225e-01 -8.96951560 -8.82246028 -8.46276591 -7.94219519 -7.55745539 
5.33669923e-01 -8.96951560 -8.82246028 -8.46276591 -7.94219519 -7.55745539 
4.32876128e-01 -8.96951560 -8.82246028 -8.46276591 -7.94219519 -7.55745539 
3.51119173e-01 -8.96951560 -8.82246028 -8.46276591 -7.94219519 -7.55745539 
2.84803587e-01 -8.96951560 -8.82246028 -8.46276591 -7.94219519 -7.55745539 
2.31012970e-01 -8.96951560 -8.82246028 -8.46276591 -7.94219519 -7.55745539 
1.87381742e-01 -8.96951560 -8.82246028 -8.46276591 -7.94219519 -7.55745539 
1.51991108e-01 -8.96951560 -8.82246028 -8.46276591 -7.94219519 -7.55745539 
1.23284674e-01 -8.96951560 -8.82246028 -8.46276591 -7.94219519 -7.55745539 
1.00000000e-01 -8.96951560 -8.82246028 -8.46276591 -7.94219519 -7.55745539 
8.11130831e-02 -8.96951560 -8.82246028 -8.46276591 -7.94219519 -7.55745539 
6.57933225e-02 -8.96951560 -8.82246028 -8.46276591 -7.94219519 -7.55745539 
5.33669923e-02 -8.96951560 -8.82246028 -8.46276591 -7.94219519 -7.55745539 
4.32876128e-02 -8.96951560 -8.82246028 -8.46276591 -7.94219519 -7.55745539 
3.51119173e-02 -8.96951560 -8.82246028 -8.46276591 -7.94219519 -7.55745539 
2.84803587e-02 -8.96951560 -8.82246028 -8.46276591 -7.94219519 -7.55745539 
2.31012970e-02 -8.96951560 -8.82246028 -8.46276591 -7.94219519 -7.55745539 
1.87381742e-02 -8.96951560 -8.82246028 -8.46276591 -7.94219519 -7.55745539 
1.51991108e-02 -8.96951560 -8.82246028 -8.46276591 -7.94219519 -7.55745539 
1.23284674e-02 -8.96951560 -8.82246028 -8.46276591 -7.94219519 -7.55745539 
1.00000000e-02 -8.96951560 -8.82246028 -8.46276591 -7.94219519 -7.55745539 
8.11130831e-03 -8.96951560 -8.82246028 -8.46276591 -7.94219519 -7.55745539 
6.57933225e-03 -8.96951560 -8.82246028 -8.46276591 -7.94219519 -7.55745539 
5.33669923e-03 -8.96951560 -8.82246028 -8.46276591 -7.94219519 -7.55745539 
4.32876128e-03 -8.96951560 -8.82246028 -8.46276591 -7.94219519 -7.55745539 
3.51119173e-03 -8.96951560 -8.82246028 -8.46276591 -7.94219519 -7.55745539 
2.84803587e-03 -8.96951560 -8.82246028 -8.46276591 -7.94219519 -7.55745539 
2.31012970e-03 -8.96951560 -8.82246028 -8.46276591 -7.94219519 -7.55745539 
1.87381742e-03 -8.96951560 -8.82246028 -8.46276591 -7.94219519 -7.55745539 
1.51991108e-03 -8.96951560 -8.82246028 -8.46276591 -7.94219519 -7.55745539 
1.23284674e-03 -8.96951560 -8.82246028 -8.46276591 -7.94219519 -7.55745539 
1.00000000e-03 -8.96951560 -8.82246028 -8.46276591 -7.94219519 -7.55745539 
8.11130831e-04 -8.96951560 -8.82246028 -8.46276591 -7.94219519 -7.55745539 
6.57933225e-04 -8.96951560 -8.82246028 -8.46276591 -7.94219519 -7.55745539 
5.33669923e-04 -8.96951560 -8.82246028 -8.46276591 -7.94219519 -7.55745539 
4.32876128e-04 -8.96951560 -8.82246028 -8.46276591 -7.94219519 -7.55745539 
3.51119173e-04 -8.96951560 -8.82246028 -8.46276591 -7.94219519 -7.55745539 
2.84803587e-04 -8.96951560 -8.82246028 -8.46276591 -7.94219519 -7.55745539 
2.31012970e-04 -8.96951560 -8.82246028 -8.46276591 -7.94219519 -7.55745539 
1.87381742e-04 -8.96951560 -8.82246028 -8.46276591 -7.94219519 -7.55745539 
1.51991108e-04 -8.96951560 -8.82246028 -8.46276591 -7.94219519 -7.55745539 
1.23284674e-04 -8.96951560 -8.82246028 -8.46276591 -7.94219519 -7.55745539 
1.00000000e-04 -8.96951560 -8.82246028 -8.46276591 -7.94219519 -7.55745539 
8.11130831e-05 -8.96951560 -8.82246028 -8.46276591 -7.94219519 -7.55745539 
6.57933225e-05 -8.96951560 -8.82246028 -8.46276591 -7.94219519 -7.55745539 
5.33669923e-05 -8.96951560 -8.82246028 -8.46276591 -7.94219519 -7.55745539 
4.32876128e-05 -8.96951560 -8.82246028 -8.46276591 -7.94219519 -7.55745539 
3.51119173e-05 -8.96951560 -8.82246028 -8.46276591 -7.94219519 -7.55745539 
2.84803587e-05 -8.96951560 -8.82246028 -8.46276591 -7.94219519 -7.55745539 
2.31012970e-05 -8.96951560 -8.82246028 -8.46276591 -7.94219519 -7.55745539 
1.87381742e-05 -8.96951560 -8.82246028 -8.46276591 -7.94219519 -7.55745539 
1.51991108e-05 -8.96951560 -8.82246028 -8.46276591 -7.94219519 -7.55745539 
1.23284674e-05 -8.96951560 -8.82246028 -8.46276591 -7.94219519 -7.55745539 
1.00000000e-05 -8.96951560 -8.82246028 -8.46276591 -7.94219519 -7.55745539 
8.11130831e-06 -8.96951560 -8.82246028 -8.46276591 -7.94219519 -7.55745539 
6.57933225e-06 -8.96951560 -8.82246028 -8.46276591 -7.94219519 -7.55745539 
5.33669923e-06 -8.96951560 -8.82246028 -8.46276591 -7.94219519 -7.55745539 
4.32876128e-06 -8.96951560 -8.82246028 -8.46276591 -7.94219519 -7.55745539 
3.51119173e-06 -8.96951560 -8.82246028 -8.46276591 -7.94219519 -7.55745539 
2.84803587e-06 -8.96951560 -8.82246028 -8.46276591 -7.94219519 -7.55745539 
2.31012970e-06 -8.96951560 -8.82246028 -8.46276591 -7.94219519 -7.55745539 
1.87381742e-06 -8.96951560 -8.82246028 -8.46276591 -7.94219519 -7.55745539 
1.51991108e-06 -8.96951560 -8.82246028 -8.46276591 -7.94219519 -7.55745539 
1.23284674e-06 -8.96951560 -8.82246028 -8.46276591 -7.94219519 -7.55745539 
1.00000000e-06 -8.96951560 -8.82246028 -8.46276591 -7.94219519 -7.55745539 
8.11130831e-07 -8.96951560 -8.82246028 -8.46276591 -7.94219519 -7.55745539 
6.57933225e-07 -8.96951560 -8.82246028 -8.46276591 -7.94219519 -7.55745539 
5.33669923e-07 -8.96951560 -8.82246028 -8.46276591 -7.94219519 -7.55745539 
4.32876128e-07 -8.96951560 -8.82246028 -8.46276591 -7.94219519 -7.55745539 
3.51119173e-07 -8.96951560 -8.82246028 -8.46276591 -7.94219519 -7.55745539 
2.84803587e-07 -8.96951560 -8.82246028 -8.46276591 -7.94219519 -7.55745539 
2.31012970e-07 -8.96951560 -8.82246028 -8.46276591 -7.94219519 -7.55745539 
1.87381742e-07 -8.96951560 -8.82246028 -8.46276591 -7.94219519 -7.55745539 
1.51991108e-07 -8.96951560 -8.82246028 -8.46276591 -7.94219519 -7.55745539 
1.23284674e-07 -8.96951560 -8.82246028 -8.46276591 -7.94219519 -7.55745539 
1.00000000e-07 -8.96951560 -8.82246028 -8.46276591 -7.94219519 -7.55745539 
P (bar) | log_CH4: -2σ | log_CH4: -1σ | log_CH4: median | log_CH4: +1σ | log_CH4: +2σ 
1.00000000e+02 -7.60898297 -7.21519016 -6.99371127 -6.80612270 -6.65050455 
8.11130831e+01 -7.60898297 -7.21519016 -6.99371127 -6.80612270 -6.65050455 
6.57933225e+01 -7.60898297 -7.21519016 -6.99371127 -6.80612270 -6.65050455 
5.33669923e+01 -7.60898297 -7.21519016 -6.99371127 -6.80612270 -6.65050455 
4.32876128e+01 -7.60898297 -7.21519016 -6.99371127 -6.80612270 -6.65050455 
3.51119173e+01 -7.60898297 -7.21519016 -6.99371127 -6.80612270 -6.65050455 
2.84803587e+01 -7.60898297 -7.21519016 -6.99371127 -6.80612270 -6.65050455 
2.31012970e+01 -7.60898297 -7.21519016 -6.99371127 -6.80612270 -6.65050455 
1.87381742e+01 -7.60898297 -7.21519016 -6.99371127 -6.80612270 -6.65050455 
1.51991108e+01 -7.60898297 -7.21519016 -6.99371127 -6.80612270 -6.65050455 
1.23284674e+01 -7.60898297 -7.21519016 -6.99371127 -6.80612270 -6.65050455 
1.00000000e+01 -7.60898297 -7.21519016 -6.99371127 -6.80612270 -6.65050455 
8.11130831e+00 -7.60898297 -7.21519016 -6.99371127 -6.80612270 -6.65050455 
6.57933225e+00 -7.60898297 -7.21519016 -6.99371127 -6.80612270 -6.65050455 
5.33669923e+00 -7.60898297 -7.21519016 -6.99371127 -6.80612270 -6.65050455 
4.32876128e+00 -7.60898297 -7.21519016 -6.99371127 -6.80612270 -6.65050455 
3.51119173e+00 -7.60898297 -7.21519016 -6.99371127 -6.80612270 -6.65050455 
2.84803587e+00 -7.60898297 -7.21519016 -6.99371127 -6.80612270 -6.65050455 
2.31012970e+00 -7.60898297 -7.21519016 -6.99371127 -6.80612270 -6.65050455 
1.87381742e+00 -7.60898297 -7.21519016 -6.99371127 -6.80612270 -6.65050455 
1.51991108e+00 -7.60898297 -7.21519016 -6.99371127 -6.80612270 -6.65050455 
1.23284674e+00 -7.60898297 -7.21519016 -6.99371127 -6.80612270 -6.65050455 
1.00000000e+00 -7.60898297 -7.21519016 -6.99371127 -6.80612270 -6.65050455 
8.11130831e-01 -7.60898297 -7.21519016 -6.99371127 -6.80612270 -6.65050455 
6.57933225e-01 -7.60898297 -7.21519016 -6.99371127 -6.80612270 -6.65050455 
5.33669923e-01 -7.60898297 -7.21519016 -6.99371127 -6.80612270 -6.65050455 
4.32876128e-01 -7.60898297 -7.21519016 -6.99371127 -6.80612270 -6.65050455 
3.51119173e-01 -7.60898297 -7.21519016 -6.99371127 -6.80612270 -6.65050455 
2.84803587e-01 -7.60898297 -7.21519016 -6.99371127 -6.80612270 -6.65050455 
2.31012970e-01 -7.60898297 -7.21519016 -6.99371127 -6.80612270 -6.65050455 
1.87381742e-01 -7.60898297 -7.21519016 -6.99371127 -6.80612270 -6.65050455 
1.51991108e-01 -7.60898297 -7.21519016 -6.99371127 -6.80612270 -6.65050455 
1.23284674e-01 -7.60898297 -7.21519016 -6.99371127 -6.80612270 -6.65050455 
1.00000000e-01 -7.60898297 -7.21519016 -6.99371127 -6.80612270 -6.65050455 
8.11130831e-02 -7.60898297 -7.21519016 -6.99371127 -6.80612270 -6.65050455 
6.57933225e-02 -7.60898297 -7.21519016 -6.99371127 -6.80612270 -6.65050455 
5.33669923e-02 -7.60898297 -7.21519016 -6.99371127 -6.80612270 -6.65050455 
4.32876128e-02 -7.60898297 -7.21519016 -6.99371127 -6.80612270 -6.65050455 
3.51119173e-02 -7.60898297 -7.21519016 -6.99371127 -6.80612270 -6.65050455 
2.84803587e-02 -7.60898297 -7.21519016 -6.99371127 -6.80612270 -6.65050455 
2.31012970e-02 -7.60898297 -7.21519016 -6.99371127 -6.80612270 -6.65050455 
1.87381742e-02 -7.60898297 -7.21519016 -6.99371127 -6.80612270 -6.65050455 
1.51991108e-02 -7.60898297 -7.21519016 -6.99371127 -6.80612270 -6.65050455 
1.23284674e-02 -7.60898297 -7.21519016 -6.99371127 -6.80612270 -6.65050455 
1.00000000e-02 -7.60898297 -7.21519016 -6.99371127 -6.80612270 -6.65050455 
8.11130831e-03 -7.60898297 -7.21519016 -6.99371127 -6.80612270 -6.65050455 
6.57933225e-03 -7.60898297 -7.21519016 -6.99371127 -6.80612270 -6.65050455 
5.33669923e-03 -7.60898297 -7.21519016 -6.99371127 -6.80612270 -6.65050455 
4.32876128e-03 -7.60898297 -7.21519016 -6.99371127 -6.80612270 -6.65050455 
3.51119173e-03 -7.60898297 -7.21519016 -6.99371127 -6.80612270 -6.65050455 
2.84803587e-03 -7.60898297 -7.21519016 -6.99371127 -6.80612270 -6.65050455 
2.31012970e-03 -7.60898297 -7.21519016 -6.99371127 -6.80612270 -6.65050455 
1.87381742e-03 -7.60898297 -7.21519016 -6.99371127 -6.80612270 -6.65050455 
1.51991108e-03 -7.60898297 -7.21519016 -6.99371127 -6.80612270 -6.65050455 
1.23284674e-03 -7.60898297 -7.21519016 -6.99371127 -6.80612270 -6.65050455 
1.00000000e-03 -7.60898297 -7.21519016 -6.99371127 -6.80612270 -6.65050455 
8.11130831e-04 -7.60898297 -7.21519016 -6.99371127 -6.80612270 -6.65050455 
6.57933225e-04 -7.60898297 -7.21519016 -6.99371127 -6.80612270 -6.65050455 
5.33669923e-04 -7.60898297 -7.21519016 -6.99371127 -6.80612270 -6.65050455 
4.32876128e-04 -7.60898297 -7.21519016 -6.99371127 -6.80612270 -6.65050455 
3.51119173e-04 -7.60898297 -7.21519016 -6.99371127 -6.80612270 -6.65050455 
2.84803587e-04 -7.60898297 -7.21519016 -6.99371127 -6.80612270 -6.65050455 
2.31012970e-04 -7.60898297 -7.21519016 -6.99371127 -6.80612270 -6.65050455 
1.87381742e-04 -7.60898297 -7.21519016 -6.99371127 -6.80612270 -6.65050455 
1.51991108e-04 -7.60898297 -7.21519016 -6.99371127 -6.80612270 -6.65050455 
1.23284674e-04 -7.60898297 -7.21519016 -6.99371127 -6.80612270 -6.65050455 
1.00000000e-04 -7.60898297 -7.21519016 -6.99371127 -6.80612270 -6.65050455 
8.11130831e-05 -7.60898297 -7.21519016 -6.99371127 -6.80612270 -6.65050455 
6.57933225e-05 -7.60898297 -7.21519016 -6.99371127 -6.80612270 -6.65050455 
5.33669923e-05 -7.60898297 -7.21519016 -6.99371127 -6.80612270 -6.65050455 
4.32876128e-05 -7.60898297 -7.21519016 -6.99371127 -6.80612270 -6.65050455 
3.51119173e-05 -7.60898297 -7.21519016 -6.99371127 -6.80612270 -6.65050455 
2.84803587e-05 -7.60898297 -7.21519016 -6.99371127 -6.80612270 -6.65050455 
2.31012970e-05 -7.60898297 -7.21519016 -6.99371127 -6.80612270 -6.65050455 
1.87381742e-05 -7.60898297 -7.21519016 -6.99371127 -6.80612270 -6.65050455 
1.51991108e-05 -7.60898297 -7.21519016 -6.99371127 -6.80612270 -6.65050455 
1.23284674e-05 -7.60898297 -7.21519016 -6.99371127 -6.80612270 -6.65050455 
1.00000000e-05 -7.60898297 -7.21519016 -6.99371127 -6.80612270 -6.65050455 
8.11130831e-06 -7.60898297 -7.21519016 -6.99371127 -6.80612270 -6.65050455 
6.57933225e-06 -7.60898297 -7.21519016 -6.99371127 -6.80612270 -6.65050455 
5.33669923e-06 -7.60898297 -7.21519016 -6.99371127 -6.80612270 -6.65050455 
4.32876128e-06 -7.60898297 -7.21519016 -6.99371127 -6.80612270 -6.65050455 
3.51119173e-06 -7.60898297 -7.21519016 -6.99371127 -6.80612270 -6.65050455 
2.84803587e-06 -7.60898297 -7.21519016 -6.99371127 -6.80612270 -6.65050455 
2.31012970e-06 -7.60898297 -7.21519016 -6.99371127 -6.80612270 -6.65050455 
1.87381742e-06 -7.60898297 -7.21519016 -6.99371127 -6.80612270 -6.65050455 
1.51991108e-06 -7.60898297 -7.21519016 -6.99371127 -6.80612270 -6.65050455 
1.23284674e-06 -7.60898297 -7.21519016 -6.99371127 -6.80612270 -6.65050455 
1.00000000e-06 -7.60898297 -7.21519016 -6.99371127 -6.80612270 -6.65050455 
8.11130831e-07 -7.60898297 -7.21519016 -6.99371127 -6.80612270 -6.65050455 
6.57933225e-07 -7.60898297 -7.21519016 -6.99371127 -6.80612270 -6.65050455 
5.33669923e-07 -7.60898297 -7.21519016 -6.99371127 -6.80612270 -6.65050455 
4.32876128e-07 -7.60898297 -7.21519016 -6.99371127 -6.80612270 -6.65050455 
3.51119173e-07 -7.60898297 -7.21519016 -6.99371127 -6.80612270 -6.65050455 
2.84803587e-07 -7.60898297 -7.21519016 -6.99371127 -6.80612270 -6.65050455 
2.31012970e-07 -7.60898297 -7.21519016 -6.99371127 -6.80612270 -6.65050455 
1.87381742e-07 -7.60898297 -7.21519016 -6.99371127 -6.80612270 -6.65050455 
1.51991108e-07 -7.60898297 -7.21519016 -6.99371127 -6.80612270 -6.65050455 
1.23284674e-07 -7.60898297 -7.21519016 -6.99371127 -6.80612270 -6.65050455 
1.00000000e-07 -7.60898297 -7.21519016 -6.99371127 -6.80612270 -6.65050455 
