Chemical species: H2 He H2O CO2 SO2 CO Na H2S CH4
P (bar) | log_H2: -2σ | log_H2: -1σ | log_H2: median | log_H2: +1σ | log_H2: +2σ 
1.00000000e+02 -0.06939164 -0.06902921 -0.06885301 -0.06877081 -0.06873275 
8.11130831e+01 -0.06939164 -0.06902921 -0.06885301 -0.06877081 -0.06873275 
6.57933225e+01 -0.06939164 -0.06902921 -0.06885301 -0.06877081 -0.06873275 
5.33669923e+01 -0.06939164 -0.06902921 -0.06885301 -0.06877081 -0.06873275 
4.32876128e+01 -0.06939164 -0.06902921 -0.06885301 -0.06877081 -0.06873275 
3.51119173e+01 -0.06939164 -0.06902921 -0.06885301 -0.06877081 -0.06873275 
2.84803587e+01 -0.06939164 -0.06902921 -0.06885301 -0.06877081 -0.06873275 
2.31012970e+01 -0.06939164 -0.06902921 -0.06885301 -0.06877081 -0.06873275 
1.87381742e+01 -0.06939164 -0.06902921 -0.06885301 -0.06877081 -0.06873275 
1.51991108e+01 -0.06939164 -0.06902921 -0.06885301 -0.06877081 -0.06873275 
1.23284674e+01 -0.06939164 -0.06902921 -0.06885301 -0.06877081 -0.06873275 
1.00000000e+01 -0.06939164 -0.06902921 -0.06885301 -0.06877081 -0.06873275 
8.11130831e+00 -0.06939164 -0.06902921 -0.06885301 -0.06877081 -0.06873275 
6.57933225e+00 -0.06939164 -0.06902921 -0.06885301 -0.06877081 -0.06873275 
5.33669923e+00 -0.06939164 -0.06902921 -0.06885301 -0.06877081 -0.06873275 
4.32876128e+00 -0.06939164 -0.06902921 -0.06885301 -0.06877081 -0.06873275 
3.51119173e+00 -0.06939164 -0.06902921 -0.06885301 -0.06877081 -0.06873275 
2.84803587e+00 -0.06939164 -0.06902921 -0.06885301 -0.06877081 -0.06873275 
2.31012970e+00 -0.06939164 -0.06902921 -0.06885301 -0.06877081 -0.06873275 
1.87381742e+00 -0.06939164 -0.06902921 -0.06885301 -0.06877081 -0.06873275 
1.51991108e+00 -0.06939164 -0.06902921 -0.06885301 -0.06877081 -0.06873275 
1.23284674e+00 -0.06939164 -0.06902921 -0.06885301 -0.06877081 -0.06873275 
1.00000000e+00 -0.06939164 -0.06902921 -0.06885301 -0.06877081 -0.06873275 
8.11130831e-01 -0.06939164 -0.06902921 -0.06885301 -0.06877081 -0.06873275 
6.57933225e-01 -0.06939164 -0.06902921 -0.06885301 -0.06877081 -0.06873275 
5.33669923e-01 -0.06939164 -0.06902921 -0.06885301 -0.06877081 -0.06873275 
4.32876128e-01 -0.06939164 -0.06902921 -0.06885301 -0.06877081 -0.06873275 
3.51119173e-01 -0.06939164 -0.06902921 -0.06885301 -0.06877081 -0.06873275 
2.84803587e-01 -0.06939164 -0.06902921 -0.06885301 -0.06877081 -0.06873275 
2.31012970e-01 -0.06939164 -0.06902921 -0.06885301 -0.06877081 -0.06873275 
1.87381742e-01 -0.06939164 -0.06902921 -0.06885301 -0.06877081 -0.06873275 
1.51991108e-01 -0.06939164 -0.06902921 -0.06885301 -0.06877081 -0.06873275 
1.23284674e-01 -0.06939164 -0.06902921 -0.06885301 -0.06877081 -0.06873275 
1.00000000e-01 -0.06939164 -0.06902921 -0.06885301 -0.06877081 -0.06873275 
8.11130831e-02 -0.06939164 -0.06902921 -0.06885301 -0.06877081 -0.06873275 
6.57933225e-02 -0.06939164 -0.06902921 -0.06885301 -0.06877081 -0.06873275 
5.33669923e-02 -0.06939164 -0.06902921 -0.06885301 -0.06877081 -0.06873275 
4.32876128e-02 -0.06939164 -0.06902921 -0.06885301 -0.06877081 -0.06873275 
3.51119173e-02 -0.06939164 -0.06902921 -0.06885301 -0.06877081 -0.06873275 
2.84803587e-02 -0.06939164 -0.06902921 -0.06885301 -0.06877081 -0.06873275 
2.31012970e-02 -0.06939164 -0.06902921 -0.06885301 -0.06877081 -0.06873275 
1.87381742e-02 -0.06939164 -0.06902921 -0.06885301 -0.06877081 -0.06873275 
1.51991108e-02 -0.06939164 -0.06902921 -0.06885301 -0.06877081 -0.06873275 
1.23284674e-02 -0.06939164 -0.06902921 -0.06885301 -0.06877081 -0.06873275 
1.00000000e-02 -0.06939164 -0.06902921 -0.06885301 -0.06877081 -0.06873275 
8.11130831e-03 -0.06939164 -0.06902921 -0.06885301 -0.06877081 -0.06873275 
6.57933225e-03 -0.06939164 -0.06902921 -0.06885301 -0.06877081 -0.06873275 
5.33669923e-03 -0.06939164 -0.06902921 -0.06885301 -0.06877081 -0.06873275 
4.32876128e-03 -0.06939164 -0.06902921 -0.06885301 -0.06877081 -0.06873275 
3.51119173e-03 -0.06939164 -0.06902921 -0.06885301 -0.06877081 -0.06873275 
2.84803587e-03 -0.06939164 -0.06902921 -0.06885301 -0.06877081 -0.06873275 
2.31012970e-03 -0.06939164 -0.06902921 -0.06885301 -0.06877081 -0.06873275 
1.87381742e-03 -0.06939164 -0.06902921 -0.06885301 -0.06877081 -0.06873275 
1.51991108e-03 -0.06939164 -0.06902921 -0.06885301 -0.06877081 -0.06873275 
1.23284674e-03 -0.06939164 -0.06902921 -0.06885301 -0.06877081 -0.06873275 
1.00000000e-03 -0.06939164 -0.06902921 -0.06885301 -0.06877081 -0.06873275 
8.11130831e-04 -0.06939164 -0.06902921 -0.06885301 -0.06877081 -0.06873275 
6.57933225e-04 -0.06939164 -0.06902921 -0.06885301 -0.06877081 -0.06873275 
5.33669923e-04 -0.06939164 -0.06902921 -0.06885301 -0.06877081 -0.06873275 
4.32876128e-04 -0.06939164 -0.06902921 -0.06885301 -0.06877081 -0.06873275 
3.51119173e-04 -0.06939164 -0.06902921 -0.06885301 -0.06877081 -0.06873275 
2.84803587e-04 -0.06939164 -0.06902921 -0.06885301 -0.06877081 -0.06873275 
2.31012970e-04 -0.06939164 -0.06902921 -0.06885301 -0.06877081 -0.06873275 
1.87381742e-04 -0.06939164 -0.06902921 -0.06885301 -0.06877081 -0.06873275 
1.51991108e-04 -0.06939164 -0.06902921 -0.06885301 -0.06877081 -0.06873275 
1.23284674e-04 -0.06939164 -0.06902921 -0.06885301 -0.06877081 -0.06873275 
1.00000000e-04 -0.06939164 -0.06902921 -0.06885301 -0.06877081 -0.06873275 
8.11130831e-05 -0.06939164 -0.06902921 -0.06885301 -0.06877081 -0.06873275 
6.57933225e-05 -0.06939164 -0.06902921 -0.06885301 -0.06877081 -0.06873275 
5.33669923e-05 -0.06939164 -0.06902921 -0.06885301 -0.06877081 -0.06873275 
4.32876128e-05 -0.06939164 -0.06902921 -0.06885301 -0.06877081 -0.06873275 
3.51119173e-05 -0.06939164 -0.06902921 -0.06885301 -0.06877081 -0.06873275 
2.84803587e-05 -0.06939164 -0.06902921 -0.06885301 -0.06877081 -0.06873275 
2.31012970e-05 -0.06939164 -0.06902921 -0.06885301 -0.06877081 -0.06873275 
1.87381742e-05 -0.06939164 -0.06902921 -0.06885301 -0.06877081 -0.06873275 
1.51991108e-05 -0.06939164 -0.06902921 -0.06885301 -0.06877081 -0.06873275 
1.23284674e-05 -0.06939164 -0.06902921 -0.06885301 -0.06877081 -0.06873275 
1.00000000e-05 -0.06939164 -0.06902921 -0.06885301 -0.06877081 -0.06873275 
8.11130831e-06 -0.06939164 -0.06902921 -0.06885301 -0.06877081 -0.06873275 
6.57933225e-06 -0.06939164 -0.06902921 -0.06885301 -0.06877081 -0.06873275 
5.33669923e-06 -0.06939164 -0.06902921 -0.06885301 -0.06877081 -0.06873275 
4.32876128e-06 -0.06939164 -0.06902921 -0.06885301 -0.06877081 -0.06873275 
3.51119173e-06 -0.06939164 -0.06902921 -0.06885301 -0.06877081 -0.06873275 
2.84803587e-06 -0.06939164 -0.06902921 -0.06885301 -0.06877081 -0.06873275 
2.31012970e-06 -0.06939164 -0.06902921 -0.06885301 -0.06877081 -0.06873275 
1.87381742e-06 -0.06939164 -0.06902921 -0.06885301 -0.06877081 -0.06873275 
1.51991108e-06 -0.06939164 -0.06902921 -0.06885301 -0.06877081 -0.06873275 
1.23284674e-06 -0.06939164 -0.06902921 -0.06885301 -0.06877081 -0.06873275 
1.00000000e-06 -0.06939164 -0.06902921 -0.06885301 -0.06877081 -0.06873275 
8.11130831e-07 -0.06939164 -0.06902921 -0.06885301 -0.06877081 -0.06873275 
6.57933225e-07 -0.06939164 -0.06902921 -0.06885301 -0.06877081 -0.06873275 
5.33669923e-07 -0.06939164 -0.06902921 -0.06885301 -0.06877081 -0.06873275 
4.32876128e-07 -0.06939164 -0.06902921 -0.06885301 -0.06877081 -0.06873275 
3.51119173e-07 -0.06939164 -0.06902921 -0.06885301 -0.06877081 -0.06873275 
2.84803587e-07 -0.06939164 -0.06902921 -0.06885301 -0.06877081 -0.06873275 
2.31012970e-07 -0.06939164 -0.06902921 -0.06885301 -0.06877081 -0.06873275 
1.87381742e-07 -0.06939164 -0.06902921 -0.06885301 -0.06877081 -0.06873275 
1.51991108e-07 -0.06939164 -0.06902921 -0.06885301 -0.06877081 -0.06873275 
1.23284674e-07 -0.06939164 -0.06902921 -0.06885301 -0.06877081 -0.06873275 
1.00000000e-07 -0.06939164 -0.06902921 -0.06885301 -0.06877081 -0.06873275 
P (bar) | log_He: -2σ | log_He: -1σ | log_He: median | log_He: +1σ | log_He: +2σ 
1.00000000e+02 -0.83894272 -0.83858029 -0.83840409 -0.83832189 -0.83828383 
8.11130831e+01 -0.83894272 -0.83858029 -0.83840409 -0.83832189 -0.83828383 
6.57933225e+01 -0.83894272 -0.83858029 -0.83840409 -0.83832189 -0.83828383 
5.33669923e+01 -0.83894272 -0.83858029 -0.83840409 -0.83832189 -0.83828383 
4.32876128e+01 -0.83894272 -0.83858029 -0.83840409 -0.83832189 -0.83828383 
3.51119173e+01 -0.83894272 -0.83858029 -0.83840409 -0.83832189 -0.83828383 
2.84803587e+01 -0.83894272 -0.83858029 -0.83840409 -0.83832189 -0.83828383 
2.31012970e+01 -0.83894272 -0.83858029 -0.83840409 -0.83832189 -0.83828383 
1.87381742e+01 -0.83894272 -0.83858029 -0.83840409 -0.83832189 -0.83828383 
1.51991108e+01 -0.83894272 -0.83858029 -0.83840409 -0.83832189 -0.83828383 
1.23284674e+01 -0.83894272 -0.83858029 -0.83840409 -0.83832189 -0.83828383 
1.00000000e+01 -0.83894272 -0.83858029 -0.83840409 -0.83832189 -0.83828383 
8.11130831e+00 -0.83894272 -0.83858029 -0.83840409 -0.83832189 -0.83828383 
6.57933225e+00 -0.83894272 -0.83858029 -0.83840409 -0.83832189 -0.83828383 
5.33669923e+00 -0.83894272 -0.83858029 -0.83840409 -0.83832189 -0.83828383 
4.32876128e+00 -0.83894272 -0.83858029 -0.83840409 -0.83832189 -0.83828383 
3.51119173e+00 -0.83894272 -0.83858029 -0.83840409 -0.83832189 -0.83828383 
2.84803587e+00 -0.83894272 -0.83858029 -0.83840409 -0.83832189 -0.83828383 
2.31012970e+00 -0.83894272 -0.83858029 -0.83840409 -0.83832189 -0.83828383 
1.87381742e+00 -0.83894272 -0.83858029 -0.83840409 -0.83832189 -0.83828383 
1.51991108e+00 -0.83894272 -0.83858029 -0.83840409 -0.83832189 -0.83828383 
1.23284674e+00 -0.83894272 -0.83858029 -0.83840409 -0.83832189 -0.83828383 
1.00000000e+00 -0.83894272 -0.83858029 -0.83840409 -0.83832189 -0.83828383 
8.11130831e-01 -0.83894272 -0.83858029 -0.83840409 -0.83832189 -0.83828383 
6.57933225e-01 -0.83894272 -0.83858029 -0.83840409 -0.83832189 -0.83828383 
5.33669923e-01 -0.83894272 -0.83858029 -0.83840409 -0.83832189 -0.83828383 
4.32876128e-01 -0.83894272 -0.83858029 -0.83840409 -0.83832189 -0.83828383 
3.51119173e-01 -0.83894272 -0.83858029 -0.83840409 -0.83832189 -0.83828383 
2.84803587e-01 -0.83894272 -0.83858029 -0.83840409 -0.83832189 -0.83828383 
2.31012970e-01 -0.83894272 -0.83858029 -0.83840409 -0.83832189 -0.83828383 
1.87381742e-01 -0.83894272 -0.83858029 -0.83840409 -0.83832189 -0.83828383 
1.51991108e-01 -0.83894272 -0.83858029 -0.83840409 -0.83832189 -0.83828383 
1.23284674e-01 -0.83894272 -0.83858029 -0.83840409 -0.83832189 -0.83828383 
1.00000000e-01 -0.83894272 -0.83858029 -0.83840409 -0.83832189 -0.83828383 
8.11130831e-02 -0.83894272 -0.83858029 -0.83840409 -0.83832189 -0.83828383 
6.57933225e-02 -0.83894272 -0.83858029 -0.83840409 -0.83832189 -0.83828383 
5.33669923e-02 -0.83894272 -0.83858029 -0.83840409 -0.83832189 -0.83828383 
4.32876128e-02 -0.83894272 -0.83858029 -0.83840409 -0.83832189 -0.83828383 
3.51119173e-02 -0.83894272 -0.83858029 -0.83840409 -0.83832189 -0.83828383 
2.84803587e-02 -0.83894272 -0.83858029 -0.83840409 -0.83832189 -0.83828383 
2.31012970e-02 -0.83894272 -0.83858029 -0.83840409 -0.83832189 -0.83828383 
1.87381742e-02 -0.83894272 -0.83858029 -0.83840409 -0.83832189 -0.83828383 
1.51991108e-02 -0.83894272 -0.83858029 -0.83840409 -0.83832189 -0.83828383 
1.23284674e-02 -0.83894272 -0.83858029 -0.83840409 -0.83832189 -0.83828383 
1.00000000e-02 -0.83894272 -0.83858029 -0.83840409 -0.83832189 -0.83828383 
8.11130831e-03 -0.83894272 -0.83858029 -0.83840409 -0.83832189 -0.83828383 
6.57933225e-03 -0.83894272 -0.83858029 -0.83840409 -0.83832189 -0.83828383 
5.33669923e-03 -0.83894272 -0.83858029 -0.83840409 -0.83832189 -0.83828383 
4.32876128e-03 -0.83894272 -0.83858029 -0.83840409 -0.83832189 -0.83828383 
3.51119173e-03 -0.83894272 -0.83858029 -0.83840409 -0.83832189 -0.83828383 
2.84803587e-03 -0.83894272 -0.83858029 -0.83840409 -0.83832189 -0.83828383 
2.31012970e-03 -0.83894272 -0.83858029 -0.83840409 -0.83832189 -0.83828383 
1.87381742e-03 -0.83894272 -0.83858029 -0.83840409 -0.83832189 -0.83828383 
1.51991108e-03 -0.83894272 -0.83858029 -0.83840409 -0.83832189 -0.83828383 
1.23284674e-03 -0.83894272 -0.83858029 -0.83840409 -0.83832189 -0.83828383 
1.00000000e-03 -0.83894272 -0.83858029 -0.83840409 -0.83832189 -0.83828383 
8.11130831e-04 -0.83894272 -0.83858029 -0.83840409 -0.83832189 -0.83828383 
6.57933225e-04 -0.83894272 -0.83858029 -0.83840409 -0.83832189 -0.83828383 
5.33669923e-04 -0.83894272 -0.83858029 -0.83840409 -0.83832189 -0.83828383 
4.32876128e-04 -0.83894272 -0.83858029 -0.83840409 -0.83832189 -0.83828383 
3.51119173e-04 -0.83894272 -0.83858029 -0.83840409 -0.83832189 -0.83828383 
2.84803587e-04 -0.83894272 -0.83858029 -0.83840409 -0.83832189 -0.83828383 
2.31012970e-04 -0.83894272 -0.83858029 -0.83840409 -0.83832189 -0.83828383 
1.87381742e-04 -0.83894272 -0.83858029 -0.83840409 -0.83832189 -0.83828383 
1.51991108e-04 -0.83894272 -0.83858029 -0.83840409 -0.83832189 -0.83828383 
1.23284674e-04 -0.83894272 -0.83858029 -0.83840409 -0.83832189 -0.83828383 
1.00000000e-04 -0.83894272 -0.83858029 -0.83840409 -0.83832189 -0.83828383 
8.11130831e-05 -0.83894272 -0.83858029 -0.83840409 -0.83832189 -0.83828383 
6.57933225e-05 -0.83894272 -0.83858029 -0.83840409 -0.83832189 -0.83828383 
5.33669923e-05 -0.83894272 -0.83858029 -0.83840409 -0.83832189 -0.83828383 
4.32876128e-05 -0.83894272 -0.83858029 -0.83840409 -0.83832189 -0.83828383 
3.51119173e-05 -0.83894272 -0.83858029 -0.83840409 -0.83832189 -0.83828383 
2.84803587e-05 -0.83894272 -0.83858029 -0.83840409 -0.83832189 -0.83828383 
2.31012970e-05 -0.83894272 -0.83858029 -0.83840409 -0.83832189 -0.83828383 
1.87381742e-05 -0.83894272 -0.83858029 -0.83840409 -0.83832189 -0.83828383 
1.51991108e-05 -0.83894272 -0.83858029 -0.83840409 -0.83832189 -0.83828383 
1.23284674e-05 -0.83894272 -0.83858029 -0.83840409 -0.83832189 -0.83828383 
1.00000000e-05 -0.83894272 -0.83858029 -0.83840409 -0.83832189 -0.83828383 
8.11130831e-06 -0.83894272 -0.83858029 -0.83840409 -0.83832189 -0.83828383 
6.57933225e-06 -0.83894272 -0.83858029 -0.83840409 -0.83832189 -0.83828383 
5.33669923e-06 -0.83894272 -0.83858029 -0.83840409 -0.83832189 -0.83828383 
4.32876128e-06 -0.83894272 -0.83858029 -0.83840409 -0.83832189 -0.83828383 
3.51119173e-06 -0.83894272 -0.83858029 -0.83840409 -0.83832189 -0.83828383 
2.84803587e-06 -0.83894272 -0.83858029 -0.83840409 -0.83832189 -0.83828383 
2.31012970e-06 -0.83894272 -0.83858029 -0.83840409 -0.83832189 -0.83828383 
1.87381742e-06 -0.83894272 -0.83858029 -0.83840409 -0.83832189 -0.83828383 
1.51991108e-06 -0.83894272 -0.83858029 -0.83840409 -0.83832189 -0.83828383 
1.23284674e-06 -0.83894272 -0.83858029 -0.83840409 -0.83832189 -0.83828383 
1.00000000e-06 -0.83894272 -0.83858029 -0.83840409 -0.83832189 -0.83828383 
8.11130831e-07 -0.83894272 -0.83858029 -0.83840409 -0.83832189 -0.83828383 
6.57933225e-07 -0.83894272 -0.83858029 -0.83840409 -0.83832189 -0.83828383 
5.33669923e-07 -0.83894272 -0.83858029 -0.83840409 -0.83832189 -0.83828383 
4.32876128e-07 -0.83894272 -0.83858029 -0.83840409 -0.83832189 -0.83828383 
3.51119173e-07 -0.83894272 -0.83858029 -0.83840409 -0.83832189 -0.83828383 
2.84803587e-07 -0.83894272 -0.83858029 -0.83840409 -0.83832189 -0.83828383 
2.31012970e-07 -0.83894272 -0.83858029 -0.83840409 -0.83832189 -0.83828383 
1.87381742e-07 -0.83894272 -0.83858029 -0.83840409 -0.83832189 -0.83828383 
1.51991108e-07 -0.83894272 -0.83858029 -0.83840409 -0.83832189 -0.83828383 
1.23284674e-07 -0.83894272 -0.83858029 -0.83840409 -0.83832189 -0.83828383 
1.00000000e-07 -0.83894272 -0.83858029 -0.83840409 -0.83832189 -0.83828383 
P (bar) | log_H2O: -2σ | log_H2O: -1σ | log_H2O: median | log_H2O: +1σ | log_H2O: +2σ 
1.00000000e+02 -3.70096395 -3.59617164 -3.50509735 -3.39250861 -3.26814464 
8.11130831e+01 -3.70096395 -3.59617164 -3.50509735 -3.39250861 -3.26814464 
6.57933225e+01 -3.70096395 -3.59617164 -3.50509735 -3.39250861 -3.26814464 
5.33669923e+01 -3.70096395 -3.59617164 -3.50509735 -3.39250861 -3.26814464 
4.32876128e+01 -3.70096395 -3.59617164 -3.50509735 -3.39250861 -3.26814464 
3.51119173e+01 -3.70096395 -3.59617164 -3.50509735 -3.39250861 -3.26814464 
2.84803587e+01 -3.70096395 -3.59617164 -3.50509735 -3.39250861 -3.26814464 
2.31012970e+01 -3.70096395 -3.59617164 -3.50509735 -3.39250861 -3.26814464 
1.87381742e+01 -3.70096395 -3.59617164 -3.50509735 -3.39250861 -3.26814464 
1.51991108e+01 -3.70096395 -3.59617164 -3.50509735 -3.39250861 -3.26814464 
1.23284674e+01 -3.70096395 -3.59617164 -3.50509735 -3.39250861 -3.26814464 
1.00000000e+01 -3.70096395 -3.59617164 -3.50509735 -3.39250861 -3.26814464 
8.11130831e+00 -3.70096395 -3.59617164 -3.50509735 -3.39250861 -3.26814464 
6.57933225e+00 -3.70096395 -3.59617164 -3.50509735 -3.39250861 -3.26814464 
5.33669923e+00 -3.70096395 -3.59617164 -3.50509735 -3.39250861 -3.26814464 
4.32876128e+00 -3.70096395 -3.59617164 -3.50509735 -3.39250861 -3.26814464 
3.51119173e+00 -3.70096395 -3.59617164 -3.50509735 -3.39250861 -3.26814464 
2.84803587e+00 -3.70096395 -3.59617164 -3.50509735 -3.39250861 -3.26814464 
2.31012970e+00 -3.70096395 -3.59617164 -3.50509735 -3.39250861 -3.26814464 
1.87381742e+00 -3.70096395 -3.59617164 -3.50509735 -3.39250861 -3.26814464 
1.51991108e+00 -3.70096395 -3.59617164 -3.50509735 -3.39250861 -3.26814464 
1.23284674e+00 -3.70096395 -3.59617164 -3.50509735 -3.39250861 -3.26814464 
1.00000000e+00 -3.70096395 -3.59617164 -3.50509735 -3.39250861 -3.26814464 
8.11130831e-01 -3.70096395 -3.59617164 -3.50509735 -3.39250861 -3.26814464 
6.57933225e-01 -3.70096395 -3.59617164 -3.50509735 -3.39250861 -3.26814464 
5.33669923e-01 -3.70096395 -3.59617164 -3.50509735 -3.39250861 -3.26814464 
4.32876128e-01 -3.70096395 -3.59617164 -3.50509735 -3.39250861 -3.26814464 
3.51119173e-01 -3.70096395 -3.59617164 -3.50509735 -3.39250861 -3.26814464 
2.84803587e-01 -3.70096395 -3.59617164 -3.50509735 -3.39250861 -3.26814464 
2.31012970e-01 -3.70096395 -3.59617164 -3.50509735 -3.39250861 -3.26814464 
1.87381742e-01 -3.70096395 -3.59617164 -3.50509735 -3.39250861 -3.26814464 
1.51991108e-01 -3.70096395 -3.59617164 -3.50509735 -3.39250861 -3.26814464 
1.23284674e-01 -3.70096395 -3.59617164 -3.50509735 -3.39250861 -3.26814464 
1.00000000e-01 -3.70096395 -3.59617164 -3.50509735 -3.39250861 -3.26814464 
8.11130831e-02 -3.70096395 -3.59617164 -3.50509735 -3.39250861 -3.26814464 
6.57933225e-02 -3.70096395 -3.59617164 -3.50509735 -3.39250861 -3.26814464 
5.33669923e-02 -3.70096395 -3.59617164 -3.50509735 -3.39250861 -3.26814464 
4.32876128e-02 -3.70096395 -3.59617164 -3.50509735 -3.39250861 -3.26814464 
3.51119173e-02 -3.70096395 -3.59617164 -3.50509735 -3.39250861 -3.26814464 
2.84803587e-02 -3.70096395 -3.59617164 -3.50509735 -3.39250861 -3.26814464 
2.31012970e-02 -3.70096395 -3.59617164 -3.50509735 -3.39250861 -3.26814464 
1.87381742e-02 -3.70096395 -3.59617164 -3.50509735 -3.39250861 -3.26814464 
1.51991108e-02 -3.70096395 -3.59617164 -3.50509735 -3.39250861 -3.26814464 
1.23284674e-02 -3.70096395 -3.59617164 -3.50509735 -3.39250861 -3.26814464 
1.00000000e-02 -3.70096395 -3.59617164 -3.50509735 -3.39250861 -3.26814464 
8.11130831e-03 -3.70096395 -3.59617164 -3.50509735 -3.39250861 -3.26814464 
6.57933225e-03 -3.70096395 -3.59617164 -3.50509735 -3.39250861 -3.26814464 
5.33669923e-03 -3.70096395 -3.59617164 -3.50509735 -3.39250861 -3.26814464 
4.32876128e-03 -3.70096395 -3.59617164 -3.50509735 -3.39250861 -3.26814464 
3.51119173e-03 -3.70096395 -3.59617164 -3.50509735 -3.39250861 -3.26814464 
2.84803587e-03 -3.70096395 -3.59617164 -3.50509735 -3.39250861 -3.26814464 
2.31012970e-03 -3.70096395 -3.59617164 -3.50509735 -3.39250861 -3.26814464 
1.87381742e-03 -3.70096395 -3.59617164 -3.50509735 -3.39250861 -3.26814464 
1.51991108e-03 -3.70096395 -3.59617164 -3.50509735 -3.39250861 -3.26814464 
1.23284674e-03 -3.70096395 -3.59617164 -3.50509735 -3.39250861 -3.26814464 
1.00000000e-03 -3.70096395 -3.59617164 -3.50509735 -3.39250861 -3.26814464 
8.11130831e-04 -3.70096395 -3.59617164 -3.50509735 -3.39250861 -3.26814464 
6.57933225e-04 -3.70096395 -3.59617164 -3.50509735 -3.39250861 -3.26814464 
5.33669923e-04 -3.70096395 -3.59617164 -3.50509735 -3.39250861 -3.26814464 
4.32876128e-04 -3.70096395 -3.59617164 -3.50509735 -3.39250861 -3.26814464 
3.51119173e-04 -3.70096395 -3.59617164 -3.50509735 -3.39250861 -3.26814464 
2.84803587e-04 -3.70096395 -3.59617164 -3.50509735 -3.39250861 -3.26814464 
2.31012970e-04 -3.70096395 -3.59617164 -3.50509735 -3.39250861 -3.26814464 
1.87381742e-04 -3.70096395 -3.59617164 -3.50509735 -3.39250861 -3.26814464 
1.51991108e-04 -3.70096395 -3.59617164 -3.50509735 -3.39250861 -3.26814464 
1.23284674e-04 -3.70096395 -3.59617164 -3.50509735 -3.39250861 -3.26814464 
1.00000000e-04 -3.70096395 -3.59617164 -3.50509735 -3.39250861 -3.26814464 
8.11130831e-05 -3.70096395 -3.59617164 -3.50509735 -3.39250861 -3.26814464 
6.57933225e-05 -3.70096395 -3.59617164 -3.50509735 -3.39250861 -3.26814464 
5.33669923e-05 -3.70096395 -3.59617164 -3.50509735 -3.39250861 -3.26814464 
4.32876128e-05 -3.70096395 -3.59617164 -3.50509735 -3.39250861 -3.26814464 
3.51119173e-05 -3.70096395 -3.59617164 -3.50509735 -3.39250861 -3.26814464 
2.84803587e-05 -3.70096395 -3.59617164 -3.50509735 -3.39250861 -3.26814464 
2.31012970e-05 -3.70096395 -3.59617164 -3.50509735 -3.39250861 -3.26814464 
1.87381742e-05 -3.70096395 -3.59617164 -3.50509735 -3.39250861 -3.26814464 
1.51991108e-05 -3.70096395 -3.59617164 -3.50509735 -3.39250861 -3.26814464 
1.23284674e-05 -3.70096395 -3.59617164 -3.50509735 -3.39250861 -3.26814464 
1.00000000e-05 -3.70096395 -3.59617164 -3.50509735 -3.39250861 -3.26814464 
8.11130831e-06 -3.70096395 -3.59617164 -3.50509735 -3.39250861 -3.26814464 
6.57933225e-06 -3.70096395 -3.59617164 -3.50509735 -3.39250861 -3.26814464 
5.33669923e-06 -3.70096395 -3.59617164 -3.50509735 -3.39250861 -3.26814464 
4.32876128e-06 -3.70096395 -3.59617164 -3.50509735 -3.39250861 -3.26814464 
3.51119173e-06 -3.70096395 -3.59617164 -3.50509735 -3.39250861 -3.26814464 
2.84803587e-06 -3.70096395 -3.59617164 -3.50509735 -3.39250861 -3.26814464 
2.31012970e-06 -3.70096395 -3.59617164 -3.50509735 -3.39250861 -3.26814464 
1.87381742e-06 -3.70096395 -3.59617164 -3.50509735 -3.39250861 -3.26814464 
1.51991108e-06 -3.70096395 -3.59617164 -3.50509735 -3.39250861 -3.26814464 
1.23284674e-06 -3.70096395 -3.59617164 -3.50509735 -3.39250861 -3.26814464 
1.00000000e-06 -3.70096395 -3.59617164 -3.50509735 -3.39250861 -3.26814464 
8.11130831e-07 -3.70096395 -3.59617164 -3.50509735 -3.39250861 -3.26814464 
6.57933225e-07 -3.70096395 -3.59617164 -3.50509735 -3.39250861 -3.26814464 
5.33669923e-07 -3.70096395 -3.59617164 -3.50509735 -3.39250861 -3.26814464 
4.32876128e-07 -3.70096395 -3.59617164 -3.50509735 -3.39250861 -3.26814464 
3.51119173e-07 -3.70096395 -3.59617164 -3.50509735 -3.39250861 -3.26814464 
2.84803587e-07 -3.70096395 -3.59617164 -3.50509735 -3.39250861 -3.26814464 
2.31012970e-07 -3.70096395 -3.59617164 -3.50509735 -3.39250861 -3.26814464 
1.87381742e-07 -3.70096395 -3.59617164 -3.50509735 -3.39250861 -3.26814464 
1.51991108e-07 -3.70096395 -3.59617164 -3.50509735 -3.39250861 -3.26814464 
1.23284674e-07 -3.70096395 -3.59617164 -3.50509735 -3.39250861 -3.26814464 
1.00000000e-07 -3.70096395 -3.59617164 -3.50509735 -3.39250861 -3.26814464 
P (bar) | log_CO2: -2σ | log_CO2: -1σ | log_CO2: median | log_CO2: +1σ | log_CO2: +2σ 
1.00000000e+02 -5.57694373 -5.48368449 -5.36288412 -5.21853486 -5.08654484 
8.11130831e+01 -5.57694373 -5.48368449 -5.36288412 -5.21853486 -5.08654484 
6.57933225e+01 -5.57694373 -5.48368449 -5.36288412 -5.21853486 -5.08654484 
5.33669923e+01 -5.57694373 -5.48368449 -5.36288412 -5.21853486 -5.08654484 
4.32876128e+01 -5.57694373 -5.48368449 -5.36288412 -5.21853486 -5.08654484 
3.51119173e+01 -5.57694373 -5.48368449 -5.36288412 -5.21853486 -5.08654484 
2.84803587e+01 -5.57694373 -5.48368449 -5.36288412 -5.21853486 -5.08654484 
2.31012970e+01 -5.57694373 -5.48368449 -5.36288412 -5.21853486 -5.08654484 
1.87381742e+01 -5.57694373 -5.48368449 -5.36288412 -5.21853486 -5.08654484 
1.51991108e+01 -5.57694373 -5.48368449 -5.36288412 -5.21853486 -5.08654484 
1.23284674e+01 -5.57694373 -5.48368449 -5.36288412 -5.21853486 -5.08654484 
1.00000000e+01 -5.57694373 -5.48368449 -5.36288412 -5.21853486 -5.08654484 
8.11130831e+00 -5.57694373 -5.48368449 -5.36288412 -5.21853486 -5.08654484 
6.57933225e+00 -5.57694373 -5.48368449 -5.36288412 -5.21853486 -5.08654484 
5.33669923e+00 -5.57694373 -5.48368449 -5.36288412 -5.21853486 -5.08654484 
4.32876128e+00 -5.57694373 -5.48368449 -5.36288412 -5.21853486 -5.08654484 
3.51119173e+00 -5.57694373 -5.48368449 -5.36288412 -5.21853486 -5.08654484 
2.84803587e+00 -5.57694373 -5.48368449 -5.36288412 -5.21853486 -5.08654484 
2.31012970e+00 -5.57694373 -5.48368449 -5.36288412 -5.21853486 -5.08654484 
1.87381742e+00 -5.57694373 -5.48368449 -5.36288412 -5.21853486 -5.08654484 
1.51991108e+00 -5.57694373 -5.48368449 -5.36288412 -5.21853486 -5.08654484 
1.23284674e+00 -5.57694373 -5.48368449 -5.36288412 -5.21853486 -5.08654484 
1.00000000e+00 -5.57694373 -5.48368449 -5.36288412 -5.21853486 -5.08654484 
8.11130831e-01 -5.57694373 -5.48368449 -5.36288412 -5.21853486 -5.08654484 
6.57933225e-01 -5.57694373 -5.48368449 -5.36288412 -5.21853486 -5.08654484 
5.33669923e-01 -5.57694373 -5.48368449 -5.36288412 -5.21853486 -5.08654484 
4.32876128e-01 -5.57694373 -5.48368449 -5.36288412 -5.21853486 -5.08654484 
3.51119173e-01 -5.57694373 -5.48368449 -5.36288412 -5.21853486 -5.08654484 
2.84803587e-01 -5.57694373 -5.48368449 -5.36288412 -5.21853486 -5.08654484 
2.31012970e-01 -5.57694373 -5.48368449 -5.36288412 -5.21853486 -5.08654484 
1.87381742e-01 -5.57694373 -5.48368449 -5.36288412 -5.21853486 -5.08654484 
1.51991108e-01 -5.57694373 -5.48368449 -5.36288412 -5.21853486 -5.08654484 
1.23284674e-01 -5.57694373 -5.48368449 -5.36288412 -5.21853486 -5.08654484 
1.00000000e-01 -5.57694373 -5.48368449 -5.36288412 -5.21853486 -5.08654484 
8.11130831e-02 -5.57694373 -5.48368449 -5.36288412 -5.21853486 -5.08654484 
6.57933225e-02 -5.57694373 -5.48368449 -5.36288412 -5.21853486 -5.08654484 
5.33669923e-02 -5.57694373 -5.48368449 -5.36288412 -5.21853486 -5.08654484 
4.32876128e-02 -5.57694373 -5.48368449 -5.36288412 -5.21853486 -5.08654484 
3.51119173e-02 -5.57694373 -5.48368449 -5.36288412 -5.21853486 -5.08654484 
2.84803587e-02 -5.57694373 -5.48368449 -5.36288412 -5.21853486 -5.08654484 
2.31012970e-02 -5.57694373 -5.48368449 -5.36288412 -5.21853486 -5.08654484 
1.87381742e-02 -5.57694373 -5.48368449 -5.36288412 -5.21853486 -5.08654484 
1.51991108e-02 -5.57694373 -5.48368449 -5.36288412 -5.21853486 -5.08654484 
1.23284674e-02 -5.57694373 -5.48368449 -5.36288412 -5.21853486 -5.08654484 
1.00000000e-02 -5.57694373 -5.48368449 -5.36288412 -5.21853486 -5.08654484 
8.11130831e-03 -5.57694373 -5.48368449 -5.36288412 -5.21853486 -5.08654484 
6.57933225e-03 -5.57694373 -5.48368449 -5.36288412 -5.21853486 -5.08654484 
5.33669923e-03 -5.57694373 -5.48368449 -5.36288412 -5.21853486 -5.08654484 
4.32876128e-03 -5.57694373 -5.48368449 -5.36288412 -5.21853486 -5.08654484 
3.51119173e-03 -5.57694373 -5.48368449 -5.36288412 -5.21853486 -5.08654484 
2.84803587e-03 -5.57694373 -5.48368449 -5.36288412 -5.21853486 -5.08654484 
2.31012970e-03 -5.57694373 -5.48368449 -5.36288412 -5.21853486 -5.08654484 
1.87381742e-03 -5.57694373 -5.48368449 -5.36288412 -5.21853486 -5.08654484 
1.51991108e-03 -5.57694373 -5.48368449 -5.36288412 -5.21853486 -5.08654484 
1.23284674e-03 -5.57694373 -5.48368449 -5.36288412 -5.21853486 -5.08654484 
1.00000000e-03 -5.57694373 -5.48368449 -5.36288412 -5.21853486 -5.08654484 
8.11130831e-04 -5.57694373 -5.48368449 -5.36288412 -5.21853486 -5.08654484 
6.57933225e-04 -5.57694373 -5.48368449 -5.36288412 -5.21853486 -5.08654484 
5.33669923e-04 -5.57694373 -5.48368449 -5.36288412 -5.21853486 -5.08654484 
4.32876128e-04 -5.57694373 -5.48368449 -5.36288412 -5.21853486 -5.08654484 
3.51119173e-04 -5.57694373 -5.48368449 -5.36288412 -5.21853486 -5.08654484 
2.84803587e-04 -5.57694373 -5.48368449 -5.36288412 -5.21853486 -5.08654484 
2.31012970e-04 -5.57694373 -5.48368449 -5.36288412 -5.21853486 -5.08654484 
1.87381742e-04 -5.57694373 -5.48368449 -5.36288412 -5.21853486 -5.08654484 
1.51991108e-04 -5.57694373 -5.48368449 -5.36288412 -5.21853486 -5.08654484 
1.23284674e-04 -5.57694373 -5.48368449 -5.36288412 -5.21853486 -5.08654484 
1.00000000e-04 -5.57694373 -5.48368449 -5.36288412 -5.21853486 -5.08654484 
8.11130831e-05 -5.57694373 -5.48368449 -5.36288412 -5.21853486 -5.08654484 
6.57933225e-05 -5.57694373 -5.48368449 -5.36288412 -5.21853486 -5.08654484 
5.33669923e-05 -5.57694373 -5.48368449 -5.36288412 -5.21853486 -5.08654484 
4.32876128e-05 -5.57694373 -5.48368449 -5.36288412 -5.21853486 -5.08654484 
3.51119173e-05 -5.57694373 -5.48368449 -5.36288412 -5.21853486 -5.08654484 
2.84803587e-05 -5.57694373 -5.48368449 -5.36288412 -5.21853486 -5.08654484 
2.31012970e-05 -5.57694373 -5.48368449 -5.36288412 -5.21853486 -5.08654484 
1.87381742e-05 -5.57694373 -5.48368449 -5.36288412 -5.21853486 -5.08654484 
1.51991108e-05 -5.57694373 -5.48368449 -5.36288412 -5.21853486 -5.08654484 
1.23284674e-05 -5.57694373 -5.48368449 -5.36288412 -5.21853486 -5.08654484 
1.00000000e-05 -5.57694373 -5.48368449 -5.36288412 -5.21853486 -5.08654484 
8.11130831e-06 -5.57694373 -5.48368449 -5.36288412 -5.21853486 -5.08654484 
6.57933225e-06 -5.57694373 -5.48368449 -5.36288412 -5.21853486 -5.08654484 
5.33669923e-06 -5.57694373 -5.48368449 -5.36288412 -5.21853486 -5.08654484 
4.32876128e-06 -5.57694373 -5.48368449 -5.36288412 -5.21853486 -5.08654484 
3.51119173e-06 -5.57694373 -5.48368449 -5.36288412 -5.21853486 -5.08654484 
2.84803587e-06 -5.57694373 -5.48368449 -5.36288412 -5.21853486 -5.08654484 
2.31012970e-06 -5.57694373 -5.48368449 -5.36288412 -5.21853486 -5.08654484 
1.87381742e-06 -5.57694373 -5.48368449 -5.36288412 -5.21853486 -5.08654484 
1.51991108e-06 -5.57694373 -5.48368449 -5.36288412 -5.21853486 -5.08654484 
1.23284674e-06 -5.57694373 -5.48368449 -5.36288412 -5.21853486 -5.08654484 
1.00000000e-06 -5.57694373 -5.48368449 -5.36288412 -5.21853486 -5.08654484 
8.11130831e-07 -5.57694373 -5.48368449 -5.36288412 -5.21853486 -5.08654484 
6.57933225e-07 -5.57694373 -5.48368449 -5.36288412 -5.21853486 -5.08654484 
5.33669923e-07 -5.57694373 -5.48368449 -5.36288412 -5.21853486 -5.08654484 
4.32876128e-07 -5.57694373 -5.48368449 -5.36288412 -5.21853486 -5.08654484 
3.51119173e-07 -5.57694373 -5.48368449 -5.36288412 -5.21853486 -5.08654484 
2.84803587e-07 -5.57694373 -5.48368449 -5.36288412 -5.21853486 -5.08654484 
2.31012970e-07 -5.57694373 -5.48368449 -5.36288412 -5.21853486 -5.08654484 
1.87381742e-07 -5.57694373 -5.48368449 -5.36288412 -5.21853486 -5.08654484 
1.51991108e-07 -5.57694373 -5.48368449 -5.36288412 -5.21853486 -5.08654484 
1.23284674e-07 -5.57694373 -5.48368449 -5.36288412 -5.21853486 -5.08654484 
1.00000000e-07 -5.57694373 -5.48368449 -5.36288412 -5.21853486 -5.08654484 
P (bar) | log_SO2: -2σ | log_SO2: -1σ | log_SO2: median | log_SO2: +1σ | log_SO2: +2σ 
1.00000000e+02 -5.99468789 -5.96599988 -5.89825795 -5.80130579 -5.71112308 
8.11130831e+01 -5.99468789 -5.96599988 -5.89825795 -5.80130579 -5.71112308 
6.57933225e+01 -5.99468789 -5.96599988 -5.89825795 -5.80130579 -5.71112308 
5.33669923e+01 -5.99468789 -5.96599988 -5.89825795 -5.80130579 -5.71112308 
4.32876128e+01 -5.99468789 -5.96599988 -5.89825795 -5.80130579 -5.71112308 
3.51119173e+01 -5.99468789 -5.96599988 -5.89825795 -5.80130579 -5.71112308 
2.84803587e+01 -5.99468789 -5.96599988 -5.89825795 -5.80130579 -5.71112308 
2.31012970e+01 -5.99468789 -5.96599988 -5.89825795 -5.80130579 -5.71112308 
1.87381742e+01 -5.99468789 -5.96599988 -5.89825795 -5.80130579 -5.71112308 
1.51991108e+01 -5.99468789 -5.96599988 -5.89825795 -5.80130579 -5.71112308 
1.23284674e+01 -5.99468789 -5.96599988 -5.89825795 -5.80130579 -5.71112308 
1.00000000e+01 -5.99468789 -5.96599988 -5.89825795 -5.80130579 -5.71112308 
8.11130831e+00 -5.99468789 -5.96599988 -5.89825795 -5.80130579 -5.71112308 
6.57933225e+00 -5.99468789 -5.96599988 -5.89825795 -5.80130579 -5.71112308 
5.33669923e+00 -5.99468789 -5.96599988 -5.89825795 -5.80130579 -5.71112308 
4.32876128e+00 -5.99468789 -5.96599988 -5.89825795 -5.80130579 -5.71112308 
3.51119173e+00 -5.99468789 -5.96599988 -5.89825795 -5.80130579 -5.71112308 
2.84803587e+00 -5.99468789 -5.96599988 -5.89825795 -5.80130579 -5.71112308 
2.31012970e+00 -5.99468789 -5.96599988 -5.89825795 -5.80130579 -5.71112308 
1.87381742e+00 -5.99468789 -5.96599988 -5.89825795 -5.80130579 -5.71112308 
1.51991108e+00 -5.99468789 -5.96599988 -5.89825795 -5.80130579 -5.71112308 
1.23284674e+00 -5.99468789 -5.96599988 -5.89825795 -5.80130579 -5.71112308 
1.00000000e+00 -5.99468789 -5.96599988 -5.89825795 -5.80130579 -5.71112308 
8.11130831e-01 -5.99468789 -5.96599988 -5.89825795 -5.80130579 -5.71112308 
6.57933225e-01 -5.99468789 -5.96599988 -5.89825795 -5.80130579 -5.71112308 
5.33669923e-01 -5.99468789 -5.96599988 -5.89825795 -5.80130579 -5.71112308 
4.32876128e-01 -5.99468789 -5.96599988 -5.89825795 -5.80130579 -5.71112308 
3.51119173e-01 -5.99468789 -5.96599988 -5.89825795 -5.80130579 -5.71112308 
2.84803587e-01 -5.99468789 -5.96599988 -5.89825795 -5.80130579 -5.71112308 
2.31012970e-01 -5.99468789 -5.96599988 -5.89825795 -5.80130579 -5.71112308 
1.87381742e-01 -5.99468789 -5.96599988 -5.89825795 -5.80130579 -5.71112308 
1.51991108e-01 -5.99468789 -5.96599988 -5.89825795 -5.80130579 -5.71112308 
1.23284674e-01 -5.99468789 -5.96599988 -5.89825795 -5.80130579 -5.71112308 
1.00000000e-01 -5.99468789 -5.96599988 -5.89825795 -5.80130579 -5.71112308 
8.11130831e-02 -5.99468789 -5.96599988 -5.89825795 -5.80130579 -5.71112308 
6.57933225e-02 -5.99468789 -5.96599988 -5.89825795 -5.80130579 -5.71112308 
5.33669923e-02 -5.99468789 -5.96599988 -5.89825795 -5.80130579 -5.71112308 
4.32876128e-02 -5.99468789 -5.96599988 -5.89825795 -5.80130579 -5.71112308 
3.51119173e-02 -5.99468789 -5.96599988 -5.89825795 -5.80130579 -5.71112308 
2.84803587e-02 -5.99468789 -5.96599988 -5.89825795 -5.80130579 -5.71112308 
2.31012970e-02 -5.99468789 -5.96599988 -5.89825795 -5.80130579 -5.71112308 
1.87381742e-02 -5.99468789 -5.96599988 -5.89825795 -5.80130579 -5.71112308 
1.51991108e-02 -5.99468789 -5.96599988 -5.89825795 -5.80130579 -5.71112308 
1.23284674e-02 -5.99468789 -5.96599988 -5.89825795 -5.80130579 -5.71112308 
1.00000000e-02 -5.99468789 -5.96599988 -5.89825795 -5.80130579 -5.71112308 
8.11130831e-03 -5.99468789 -5.96599988 -5.89825795 -5.80130579 -5.71112308 
6.57933225e-03 -5.99468789 -5.96599988 -5.89825795 -5.80130579 -5.71112308 
5.33669923e-03 -5.99468789 -5.96599988 -5.89825795 -5.80130579 -5.71112308 
4.32876128e-03 -5.99468789 -5.96599988 -5.89825795 -5.80130579 -5.71112308 
3.51119173e-03 -5.99468789 -5.96599988 -5.89825795 -5.80130579 -5.71112308 
2.84803587e-03 -5.99468789 -5.96599988 -5.89825795 -5.80130579 -5.71112308 
2.31012970e-03 -5.99468789 -5.96599988 -5.89825795 -5.80130579 -5.71112308 
1.87381742e-03 -5.99468789 -5.96599988 -5.89825795 -5.80130579 -5.71112308 
1.51991108e-03 -5.99468789 -5.96599988 -5.89825795 -5.80130579 -5.71112308 
1.23284674e-03 -5.99468789 -5.96599988 -5.89825795 -5.80130579 -5.71112308 
1.00000000e-03 -5.99468789 -5.96599988 -5.89825795 -5.80130579 -5.71112308 
8.11130831e-04 -5.99468789 -5.96599988 -5.89825795 -5.80130579 -5.71112308 
6.57933225e-04 -5.99468789 -5.96599988 -5.89825795 -5.80130579 -5.71112308 
5.33669923e-04 -5.99468789 -5.96599988 -5.89825795 -5.80130579 -5.71112308 
4.32876128e-04 -5.99468789 -5.96599988 -5.89825795 -5.80130579 -5.71112308 
3.51119173e-04 -5.99468789 -5.96599988 -5.89825795 -5.80130579 -5.71112308 
2.84803587e-04 -5.99468789 -5.96599988 -5.89825795 -5.80130579 -5.71112308 
2.31012970e-04 -5.99468789 -5.96599988 -5.89825795 -5.80130579 -5.71112308 
1.87381742e-04 -5.99468789 -5.96599988 -5.89825795 -5.80130579 -5.71112308 
1.51991108e-04 -5.99468789 -5.96599988 -5.89825795 -5.80130579 -5.71112308 
1.23284674e-04 -5.99468789 -5.96599988 -5.89825795 -5.80130579 -5.71112308 
1.00000000e-04 -5.99468789 -5.96599988 -5.89825795 -5.80130579 -5.71112308 
8.11130831e-05 -5.99468789 -5.96599988 -5.89825795 -5.80130579 -5.71112308 
6.57933225e-05 -5.99468789 -5.96599988 -5.89825795 -5.80130579 -5.71112308 
5.33669923e-05 -5.99468789 -5.96599988 -5.89825795 -5.80130579 -5.71112308 
4.32876128e-05 -5.99468789 -5.96599988 -5.89825795 -5.80130579 -5.71112308 
3.51119173e-05 -5.99468789 -5.96599988 -5.89825795 -5.80130579 -5.71112308 
2.84803587e-05 -5.99468789 -5.96599988 -5.89825795 -5.80130579 -5.71112308 
2.31012970e-05 -5.99468789 -5.96599988 -5.89825795 -5.80130579 -5.71112308 
1.87381742e-05 -5.99468789 -5.96599988 -5.89825795 -5.80130579 -5.71112308 
1.51991108e-05 -5.99468789 -5.96599988 -5.89825795 -5.80130579 -5.71112308 
1.23284674e-05 -5.99468789 -5.96599988 -5.89825795 -5.80130579 -5.71112308 
1.00000000e-05 -5.99468789 -5.96599988 -5.89825795 -5.80130579 -5.71112308 
8.11130831e-06 -5.99468789 -5.96599988 -5.89825795 -5.80130579 -5.71112308 
6.57933225e-06 -5.99468789 -5.96599988 -5.89825795 -5.80130579 -5.71112308 
5.33669923e-06 -5.99468789 -5.96599988 -5.89825795 -5.80130579 -5.71112308 
4.32876128e-06 -5.99468789 -5.96599988 -5.89825795 -5.80130579 -5.71112308 
3.51119173e-06 -5.99468789 -5.96599988 -5.89825795 -5.80130579 -5.71112308 
2.84803587e-06 -5.99468789 -5.96599988 -5.89825795 -5.80130579 -5.71112308 
2.31012970e-06 -5.99468789 -5.96599988 -5.89825795 -5.80130579 -5.71112308 
1.87381742e-06 -5.99468789 -5.96599988 -5.89825795 -5.80130579 -5.71112308 
1.51991108e-06 -5.99468789 -5.96599988 -5.89825795 -5.80130579 -5.71112308 
1.23284674e-06 -5.99468789 -5.96599988 -5.89825795 -5.80130579 -5.71112308 
1.00000000e-06 -5.99468789 -5.96599988 -5.89825795 -5.80130579 -5.71112308 
8.11130831e-07 -5.99468789 -5.96599988 -5.89825795 -5.80130579 -5.71112308 
6.57933225e-07 -5.99468789 -5.96599988 -5.89825795 -5.80130579 -5.71112308 
5.33669923e-07 -5.99468789 -5.96599988 -5.89825795 -5.80130579 -5.71112308 
4.32876128e-07 -5.99468789 -5.96599988 -5.89825795 -5.80130579 -5.71112308 
3.51119173e-07 -5.99468789 -5.96599988 -5.89825795 -5.80130579 -5.71112308 
2.84803587e-07 -5.99468789 -5.96599988 -5.89825795 -5.80130579 -5.71112308 
2.31012970e-07 -5.99468789 -5.96599988 -5.89825795 -5.80130579 -5.71112308 
1.87381742e-07 -5.99468789 -5.96599988 -5.89825795 -5.80130579 -5.71112308 
1.51991108e-07 -5.99468789 -5.96599988 -5.89825795 -5.80130579 -5.71112308 
1.23284674e-07 -5.99468789 -5.96599988 -5.89825795 -5.80130579 -5.71112308 
1.00000000e-07 -5.99468789 -5.96599988 -5.89825795 -5.80130579 -5.71112308 
P (bar) | log_CO: -2σ | log_CO: -1σ | log_CO: median | log_CO: +1σ | log_CO: +2σ 
1.00000000e+02 -2.99810507 -2.98037787 -2.92429663 -2.80714768 -2.63908199 
8.11130831e+01 -2.99810507 -2.98037787 -2.92429663 -2.80714768 -2.63908199 
6.57933225e+01 -2.99810507 -2.98037787 -2.92429663 -2.80714768 -2.63908199 
5.33669923e+01 -2.99810507 -2.98037787 -2.92429663 -2.80714768 -2.63908199 
4.32876128e+01 -2.99810507 -2.98037787 -2.92429663 -2.80714768 -2.63908199 
3.51119173e+01 -2.99810507 -2.98037787 -2.92429663 -2.80714768 -2.63908199 
2.84803587e+01 -2.99810507 -2.98037787 -2.92429663 -2.80714768 -2.63908199 
2.31012970e+01 -2.99810507 -2.98037787 -2.92429663 -2.80714768 -2.63908199 
1.87381742e+01 -2.99810507 -2.98037787 -2.92429663 -2.80714768 -2.63908199 
1.51991108e+01 -2.99810507 -2.98037787 -2.92429663 -2.80714768 -2.63908199 
1.23284674e+01 -2.99810507 -2.98037787 -2.92429663 -2.80714768 -2.63908199 
1.00000000e+01 -2.99810507 -2.98037787 -2.92429663 -2.80714768 -2.63908199 
8.11130831e+00 -2.99810507 -2.98037787 -2.92429663 -2.80714768 -2.63908199 
6.57933225e+00 -2.99810507 -2.98037787 -2.92429663 -2.80714768 -2.63908199 
5.33669923e+00 -2.99810507 -2.98037787 -2.92429663 -2.80714768 -2.63908199 
4.32876128e+00 -2.99810507 -2.98037787 -2.92429663 -2.80714768 -2.63908199 
3.51119173e+00 -2.99810507 -2.98037787 -2.92429663 -2.80714768 -2.63908199 
2.84803587e+00 -2.99810507 -2.98037787 -2.92429663 -2.80714768 -2.63908199 
2.31012970e+00 -2.99810507 -2.98037787 -2.92429663 -2.80714768 -2.63908199 
1.87381742e+00 -2.99810507 -2.98037787 -2.92429663 -2.80714768 -2.63908199 
1.51991108e+00 -2.99810507 -2.98037787 -2.92429663 -2.80714768 -2.63908199 
1.23284674e+00 -2.99810507 -2.98037787 -2.92429663 -2.80714768 -2.63908199 
1.00000000e+00 -2.99810507 -2.98037787 -2.92429663 -2.80714768 -2.63908199 
8.11130831e-01 -2.99810507 -2.98037787 -2.92429663 -2.80714768 -2.63908199 
6.57933225e-01 -2.99810507 -2.98037787 -2.92429663 -2.80714768 -2.63908199 
5.33669923e-01 -2.99810507 -2.98037787 -2.92429663 -2.80714768 -2.63908199 
4.32876128e-01 -2.99810507 -2.98037787 -2.92429663 -2.80714768 -2.63908199 
3.51119173e-01 -2.99810507 -2.98037787 -2.92429663 -2.80714768 -2.63908199 
2.84803587e-01 -2.99810507 -2.98037787 -2.92429663 -2.80714768 -2.63908199 
2.31012970e-01 -2.99810507 -2.98037787 -2.92429663 -2.80714768 -2.63908199 
1.87381742e-01 -2.99810507 -2.98037787 -2.92429663 -2.80714768 -2.63908199 
1.51991108e-01 -2.99810507 -2.98037787 -2.92429663 -2.80714768 -2.63908199 
1.23284674e-01 -2.99810507 -2.98037787 -2.92429663 -2.80714768 -2.63908199 
1.00000000e-01 -2.99810507 -2.98037787 -2.92429663 -2.80714768 -2.63908199 
8.11130831e-02 -2.99810507 -2.98037787 -2.92429663 -2.80714768 -2.63908199 
6.57933225e-02 -2.99810507 -2.98037787 -2.92429663 -2.80714768 -2.63908199 
5.33669923e-02 -2.99810507 -2.98037787 -2.92429663 -2.80714768 -2.63908199 
4.32876128e-02 -2.99810507 -2.98037787 -2.92429663 -2.80714768 -2.63908199 
3.51119173e-02 -2.99810507 -2.98037787 -2.92429663 -2.80714768 -2.63908199 
2.84803587e-02 -2.99810507 -2.98037787 -2.92429663 -2.80714768 -2.63908199 
2.31012970e-02 -2.99810507 -2.98037787 -2.92429663 -2.80714768 -2.63908199 
1.87381742e-02 -2.99810507 -2.98037787 -2.92429663 -2.80714768 -2.63908199 
1.51991108e-02 -2.99810507 -2.98037787 -2.92429663 -2.80714768 -2.63908199 
1.23284674e-02 -2.99810507 -2.98037787 -2.92429663 -2.80714768 -2.63908199 
1.00000000e-02 -2.99810507 -2.98037787 -2.92429663 -2.80714768 -2.63908199 
8.11130831e-03 -2.99810507 -2.98037787 -2.92429663 -2.80714768 -2.63908199 
6.57933225e-03 -2.99810507 -2.98037787 -2.92429663 -2.80714768 -2.63908199 
5.33669923e-03 -2.99810507 -2.98037787 -2.92429663 -2.80714768 -2.63908199 
4.32876128e-03 -2.99810507 -2.98037787 -2.92429663 -2.80714768 -2.63908199 
3.51119173e-03 -2.99810507 -2.98037787 -2.92429663 -2.80714768 -2.63908199 
2.84803587e-03 -2.99810507 -2.98037787 -2.92429663 -2.80714768 -2.63908199 
2.31012970e-03 -2.99810507 -2.98037787 -2.92429663 -2.80714768 -2.63908199 
1.87381742e-03 -2.99810507 -2.98037787 -2.92429663 -2.80714768 -2.63908199 
1.51991108e-03 -2.99810507 -2.98037787 -2.92429663 -2.80714768 -2.63908199 
1.23284674e-03 -2.99810507 -2.98037787 -2.92429663 -2.80714768 -2.63908199 
1.00000000e-03 -2.99810507 -2.98037787 -2.92429663 -2.80714768 -2.63908199 
8.11130831e-04 -2.99810507 -2.98037787 -2.92429663 -2.80714768 -2.63908199 
6.57933225e-04 -2.99810507 -2.98037787 -2.92429663 -2.80714768 -2.63908199 
5.33669923e-04 -2.99810507 -2.98037787 -2.92429663 -2.80714768 -2.63908199 
4.32876128e-04 -2.99810507 -2.98037787 -2.92429663 -2.80714768 -2.63908199 
3.51119173e-04 -2.99810507 -2.98037787 -2.92429663 -2.80714768 -2.63908199 
2.84803587e-04 -2.99810507 -2.98037787 -2.92429663 -2.80714768 -2.63908199 
2.31012970e-04 -2.99810507 -2.98037787 -2.92429663 -2.80714768 -2.63908199 
1.87381742e-04 -2.99810507 -2.98037787 -2.92429663 -2.80714768 -2.63908199 
1.51991108e-04 -2.99810507 -2.98037787 -2.92429663 -2.80714768 -2.63908199 
1.23284674e-04 -2.99810507 -2.98037787 -2.92429663 -2.80714768 -2.63908199 
1.00000000e-04 -2.99810507 -2.98037787 -2.92429663 -2.80714768 -2.63908199 
8.11130831e-05 -2.99810507 -2.98037787 -2.92429663 -2.80714768 -2.63908199 
6.57933225e-05 -2.99810507 -2.98037787 -2.92429663 -2.80714768 -2.63908199 
5.33669923e-05 -2.99810507 -2.98037787 -2.92429663 -2.80714768 -2.63908199 
4.32876128e-05 -2.99810507 -2.98037787 -2.92429663 -2.80714768 -2.63908199 
3.51119173e-05 -2.99810507 -2.98037787 -2.92429663 -2.80714768 -2.63908199 
2.84803587e-05 -2.99810507 -2.98037787 -2.92429663 -2.80714768 -2.63908199 
2.31012970e-05 -2.99810507 -2.98037787 -2.92429663 -2.80714768 -2.63908199 
1.87381742e-05 -2.99810507 -2.98037787 -2.92429663 -2.80714768 -2.63908199 
1.51991108e-05 -2.99810507 -2.98037787 -2.92429663 -2.80714768 -2.63908199 
1.23284674e-05 -2.99810507 -2.98037787 -2.92429663 -2.80714768 -2.63908199 
1.00000000e-05 -2.99810507 -2.98037787 -2.92429663 -2.80714768 -2.63908199 
8.11130831e-06 -2.99810507 -2.98037787 -2.92429663 -2.80714768 -2.63908199 
6.57933225e-06 -2.99810507 -2.98037787 -2.92429663 -2.80714768 -2.63908199 
5.33669923e-06 -2.99810507 -2.98037787 -2.92429663 -2.80714768 -2.63908199 
4.32876128e-06 -2.99810507 -2.98037787 -2.92429663 -2.80714768 -2.63908199 
3.51119173e-06 -2.99810507 -2.98037787 -2.92429663 -2.80714768 -2.63908199 
2.84803587e-06 -2.99810507 -2.98037787 -2.92429663 -2.80714768 -2.63908199 
2.31012970e-06 -2.99810507 -2.98037787 -2.92429663 -2.80714768 -2.63908199 
1.87381742e-06 -2.99810507 -2.98037787 -2.92429663 -2.80714768 -2.63908199 
1.51991108e-06 -2.99810507 -2.98037787 -2.92429663 -2.80714768 -2.63908199 
1.23284674e-06 -2.99810507 -2.98037787 -2.92429663 -2.80714768 -2.63908199 
1.00000000e-06 -2.99810507 -2.98037787 -2.92429663 -2.80714768 -2.63908199 
8.11130831e-07 -2.99810507 -2.98037787 -2.92429663 -2.80714768 -2.63908199 
6.57933225e-07 -2.99810507 -2.98037787 -2.92429663 -2.80714768 -2.63908199 
5.33669923e-07 -2.99810507 -2.98037787 -2.92429663 -2.80714768 -2.63908199 
4.32876128e-07 -2.99810507 -2.98037787 -2.92429663 -2.80714768 -2.63908199 
3.51119173e-07 -2.99810507 -2.98037787 -2.92429663 -2.80714768 -2.63908199 
2.84803587e-07 -2.99810507 -2.98037787 -2.92429663 -2.80714768 -2.63908199 
2.31012970e-07 -2.99810507 -2.98037787 -2.92429663 -2.80714768 -2.63908199 
1.87381742e-07 -2.99810507 -2.98037787 -2.92429663 -2.80714768 -2.63908199 
1.51991108e-07 -2.99810507 -2.98037787 -2.92429663 -2.80714768 -2.63908199 
1.23284674e-07 -2.99810507 -2.98037787 -2.92429663 -2.80714768 -2.63908199 
1.00000000e-07 -2.99810507 -2.98037787 -2.92429663 -2.80714768 -2.63908199 
P (bar) | log_Na: -2σ | log_Na: -1σ | log_Na: median | log_Na: +1σ | log_Na: +2σ 
1.00000000e+02 -5.92740547 -5.80752680 -5.68183377 -5.54725379 -5.39313054 
8.11130831e+01 -5.92740547 -5.80752680 -5.68183377 -5.54725379 -5.39313054 
6.57933225e+01 -5.92740547 -5.80752680 -5.68183377 -5.54725379 -5.39313054 
5.33669923e+01 -5.92740547 -5.80752680 -5.68183377 -5.54725379 -5.39313054 
4.32876128e+01 -5.92740547 -5.80752680 -5.68183377 -5.54725379 -5.39313054 
3.51119173e+01 -5.92740547 -5.80752680 -5.68183377 -5.54725379 -5.39313054 
2.84803587e+01 -5.92740547 -5.80752680 -5.68183377 -5.54725379 -5.39313054 
2.31012970e+01 -5.92740547 -5.80752680 -5.68183377 -5.54725379 -5.39313054 
1.87381742e+01 -5.92740547 -5.80752680 -5.68183377 -5.54725379 -5.39313054 
1.51991108e+01 -5.92740547 -5.80752680 -5.68183377 -5.54725379 -5.39313054 
1.23284674e+01 -5.92740547 -5.80752680 -5.68183377 -5.54725379 -5.39313054 
1.00000000e+01 -5.92740547 -5.80752680 -5.68183377 -5.54725379 -5.39313054 
8.11130831e+00 -5.92740547 -5.80752680 -5.68183377 -5.54725379 -5.39313054 
6.57933225e+00 -5.92740547 -5.80752680 -5.68183377 -5.54725379 -5.39313054 
5.33669923e+00 -5.92740547 -5.80752680 -5.68183377 -5.54725379 -5.39313054 
4.32876128e+00 -5.92740547 -5.80752680 -5.68183377 -5.54725379 -5.39313054 
3.51119173e+00 -5.92740547 -5.80752680 -5.68183377 -5.54725379 -5.39313054 
2.84803587e+00 -5.92740547 -5.80752680 -5.68183377 -5.54725379 -5.39313054 
2.31012970e+00 -5.92740547 -5.80752680 -5.68183377 -5.54725379 -5.39313054 
1.87381742e+00 -5.92740547 -5.80752680 -5.68183377 -5.54725379 -5.39313054 
1.51991108e+00 -5.92740547 -5.80752680 -5.68183377 -5.54725379 -5.39313054 
1.23284674e+00 -5.92740547 -5.80752680 -5.68183377 -5.54725379 -5.39313054 
1.00000000e+00 -5.92740547 -5.80752680 -5.68183377 -5.54725379 -5.39313054 
8.11130831e-01 -5.92740547 -5.80752680 -5.68183377 -5.54725379 -5.39313054 
6.57933225e-01 -5.92740547 -5.80752680 -5.68183377 -5.54725379 -5.39313054 
5.33669923e-01 -5.92740547 -5.80752680 -5.68183377 -5.54725379 -5.39313054 
4.32876128e-01 -5.92740547 -5.80752680 -5.68183377 -5.54725379 -5.39313054 
3.51119173e-01 -5.92740547 -5.80752680 -5.68183377 -5.54725379 -5.39313054 
2.84803587e-01 -5.92740547 -5.80752680 -5.68183377 -5.54725379 -5.39313054 
2.31012970e-01 -5.92740547 -5.80752680 -5.68183377 -5.54725379 -5.39313054 
1.87381742e-01 -5.92740547 -5.80752680 -5.68183377 -5.54725379 -5.39313054 
1.51991108e-01 -5.92740547 -5.80752680 -5.68183377 -5.54725379 -5.39313054 
1.23284674e-01 -5.92740547 -5.80752680 -5.68183377 -5.54725379 -5.39313054 
1.00000000e-01 -5.92740547 -5.80752680 -5.68183377 -5.54725379 -5.39313054 
8.11130831e-02 -5.92740547 -5.80752680 -5.68183377 -5.54725379 -5.39313054 
6.57933225e-02 -5.92740547 -5.80752680 -5.68183377 -5.54725379 -5.39313054 
5.33669923e-02 -5.92740547 -5.80752680 -5.68183377 -5.54725379 -5.39313054 
4.32876128e-02 -5.92740547 -5.80752680 -5.68183377 -5.54725379 -5.39313054 
3.51119173e-02 -5.92740547 -5.80752680 -5.68183377 -5.54725379 -5.39313054 
2.84803587e-02 -5.92740547 -5.80752680 -5.68183377 -5.54725379 -5.39313054 
2.31012970e-02 -5.92740547 -5.80752680 -5.68183377 -5.54725379 -5.39313054 
1.87381742e-02 -5.92740547 -5.80752680 -5.68183377 -5.54725379 -5.39313054 
1.51991108e-02 -5.92740547 -5.80752680 -5.68183377 -5.54725379 -5.39313054 
1.23284674e-02 -5.92740547 -5.80752680 -5.68183377 -5.54725379 -5.39313054 
1.00000000e-02 -5.92740547 -5.80752680 -5.68183377 -5.54725379 -5.39313054 
8.11130831e-03 -5.92740547 -5.80752680 -5.68183377 -5.54725379 -5.39313054 
6.57933225e-03 -5.92740547 -5.80752680 -5.68183377 -5.54725379 -5.39313054 
5.33669923e-03 -5.92740547 -5.80752680 -5.68183377 -5.54725379 -5.39313054 
4.32876128e-03 -5.92740547 -5.80752680 -5.68183377 -5.54725379 -5.39313054 
3.51119173e-03 -5.92740547 -5.80752680 -5.68183377 -5.54725379 -5.39313054 
2.84803587e-03 -5.92740547 -5.80752680 -5.68183377 -5.54725379 -5.39313054 
2.31012970e-03 -5.92740547 -5.80752680 -5.68183377 -5.54725379 -5.39313054 
1.87381742e-03 -5.92740547 -5.80752680 -5.68183377 -5.54725379 -5.39313054 
1.51991108e-03 -5.92740547 -5.80752680 -5.68183377 -5.54725379 -5.39313054 
1.23284674e-03 -5.92740547 -5.80752680 -5.68183377 -5.54725379 -5.39313054 
1.00000000e-03 -5.92740547 -5.80752680 -5.68183377 -5.54725379 -5.39313054 
8.11130831e-04 -5.92740547 -5.80752680 -5.68183377 -5.54725379 -5.39313054 
6.57933225e-04 -5.92740547 -5.80752680 -5.68183377 -5.54725379 -5.39313054 
5.33669923e-04 -5.92740547 -5.80752680 -5.68183377 -5.54725379 -5.39313054 
4.32876128e-04 -5.92740547 -5.80752680 -5.68183377 -5.54725379 -5.39313054 
3.51119173e-04 -5.92740547 -5.80752680 -5.68183377 -5.54725379 -5.39313054 
2.84803587e-04 -5.92740547 -5.80752680 -5.68183377 -5.54725379 -5.39313054 
2.31012970e-04 -5.92740547 -5.80752680 -5.68183377 -5.54725379 -5.39313054 
1.87381742e-04 -5.92740547 -5.80752680 -5.68183377 -5.54725379 -5.39313054 
1.51991108e-04 -5.92740547 -5.80752680 -5.68183377 -5.54725379 -5.39313054 
1.23284674e-04 -5.92740547 -5.80752680 -5.68183377 -5.54725379 -5.39313054 
1.00000000e-04 -5.92740547 -5.80752680 -5.68183377 -5.54725379 -5.39313054 
8.11130831e-05 -5.92740547 -5.80752680 -5.68183377 -5.54725379 -5.39313054 
6.57933225e-05 -5.92740547 -5.80752680 -5.68183377 -5.54725379 -5.39313054 
5.33669923e-05 -5.92740547 -5.80752680 -5.68183377 -5.54725379 -5.39313054 
4.32876128e-05 -5.92740547 -5.80752680 -5.68183377 -5.54725379 -5.39313054 
3.51119173e-05 -5.92740547 -5.80752680 -5.68183377 -5.54725379 -5.39313054 
2.84803587e-05 -5.92740547 -5.80752680 -5.68183377 -5.54725379 -5.39313054 
2.31012970e-05 -5.92740547 -5.80752680 -5.68183377 -5.54725379 -5.39313054 
1.87381742e-05 -5.92740547 -5.80752680 -5.68183377 -5.54725379 -5.39313054 
1.51991108e-05 -5.92740547 -5.80752680 -5.68183377 -5.54725379 -5.39313054 
1.23284674e-05 -5.92740547 -5.80752680 -5.68183377 -5.54725379 -5.39313054 
1.00000000e-05 -5.92740547 -5.80752680 -5.68183377 -5.54725379 -5.39313054 
8.11130831e-06 -5.92740547 -5.80752680 -5.68183377 -5.54725379 -5.39313054 
6.57933225e-06 -5.92740547 -5.80752680 -5.68183377 -5.54725379 -5.39313054 
5.33669923e-06 -5.92740547 -5.80752680 -5.68183377 -5.54725379 -5.39313054 
4.32876128e-06 -5.92740547 -5.80752680 -5.68183377 -5.54725379 -5.39313054 
3.51119173e-06 -5.92740547 -5.80752680 -5.68183377 -5.54725379 -5.39313054 
2.84803587e-06 -5.92740547 -5.80752680 -5.68183377 -5.54725379 -5.39313054 
2.31012970e-06 -5.92740547 -5.80752680 -5.68183377 -5.54725379 -5.39313054 
1.87381742e-06 -5.92740547 -5.80752680 -5.68183377 -5.54725379 -5.39313054 
1.51991108e-06 -5.92740547 -5.80752680 -5.68183377 -5.54725379 -5.39313054 
1.23284674e-06 -5.92740547 -5.80752680 -5.68183377 -5.54725379 -5.39313054 
1.00000000e-06 -5.92740547 -5.80752680 -5.68183377 -5.54725379 -5.39313054 
8.11130831e-07 -5.92740547 -5.80752680 -5.68183377 -5.54725379 -5.39313054 
6.57933225e-07 -5.92740547 -5.80752680 -5.68183377 -5.54725379 -5.39313054 
5.33669923e-07 -5.92740547 -5.80752680 -5.68183377 -5.54725379 -5.39313054 
4.32876128e-07 -5.92740547 -5.80752680 -5.68183377 -5.54725379 -5.39313054 
3.51119173e-07 -5.92740547 -5.80752680 -5.68183377 -5.54725379 -5.39313054 
2.84803587e-07 -5.92740547 -5.80752680 -5.68183377 -5.54725379 -5.39313054 
2.31012970e-07 -5.92740547 -5.80752680 -5.68183377 -5.54725379 -5.39313054 
1.87381742e-07 -5.92740547 -5.80752680 -5.68183377 -5.54725379 -5.39313054 
1.51991108e-07 -5.92740547 -5.80752680 -5.68183377 -5.54725379 -5.39313054 
1.23284674e-07 -5.92740547 -5.80752680 -5.68183377 -5.54725379 -5.39313054 
1.00000000e-07 -5.92740547 -5.80752680 -5.68183377 -5.54725379 -5.39313054 
P (bar) | log_H2S: -2σ | log_H2S: -1σ | log_H2S: median | log_H2S: +1σ | log_H2S: +2σ 
1.00000000e+02 -5.90151580 -5.57019943 -5.20279978 -4.94323744 -4.75138799 
8.11130831e+01 -5.90151580 -5.57019943 -5.20279978 -4.94323744 -4.75138799 
6.57933225e+01 -5.90151580 -5.57019943 -5.20279978 -4.94323744 -4.75138799 
5.33669923e+01 -5.90151580 -5.57019943 -5.20279978 -4.94323744 -4.75138799 
4.32876128e+01 -5.90151580 -5.57019943 -5.20279978 -4.94323744 -4.75138799 
3.51119173e+01 -5.90151580 -5.57019943 -5.20279978 -4.94323744 -4.75138799 
2.84803587e+01 -5.90151580 -5.57019943 -5.20279978 -4.94323744 -4.75138799 
2.31012970e+01 -5.90151580 -5.57019943 -5.20279978 -4.94323744 -4.75138799 
1.87381742e+01 -5.90151580 -5.57019943 -5.20279978 -4.94323744 -4.75138799 
1.51991108e+01 -5.90151580 -5.57019943 -5.20279978 -4.94323744 -4.75138799 
1.23284674e+01 -5.90151580 -5.57019943 -5.20279978 -4.94323744 -4.75138799 
1.00000000e+01 -5.90151580 -5.57019943 -5.20279978 -4.94323744 -4.75138799 
8.11130831e+00 -5.90151580 -5.57019943 -5.20279978 -4.94323744 -4.75138799 
6.57933225e+00 -5.90151580 -5.57019943 -5.20279978 -4.94323744 -4.75138799 
5.33669923e+00 -5.90151580 -5.57019943 -5.20279978 -4.94323744 -4.75138799 
4.32876128e+00 -5.90151580 -5.57019943 -5.20279978 -4.94323744 -4.75138799 
3.51119173e+00 -5.90151580 -5.57019943 -5.20279978 -4.94323744 -4.75138799 
2.84803587e+00 -5.90151580 -5.57019943 -5.20279978 -4.94323744 -4.75138799 
2.31012970e+00 -5.90151580 -5.57019943 -5.20279978 -4.94323744 -4.75138799 
1.87381742e+00 -5.90151580 -5.57019943 -5.20279978 -4.94323744 -4.75138799 
1.51991108e+00 -5.90151580 -5.57019943 -5.20279978 -4.94323744 -4.75138799 
1.23284674e+00 -5.90151580 -5.57019943 -5.20279978 -4.94323744 -4.75138799 
1.00000000e+00 -5.90151580 -5.57019943 -5.20279978 -4.94323744 -4.75138799 
8.11130831e-01 -5.90151580 -5.57019943 -5.20279978 -4.94323744 -4.75138799 
6.57933225e-01 -5.90151580 -5.57019943 -5.20279978 -4.94323744 -4.75138799 
5.33669923e-01 -5.90151580 -5.57019943 -5.20279978 -4.94323744 -4.75138799 
4.32876128e-01 -5.90151580 -5.57019943 -5.20279978 -4.94323744 -4.75138799 
3.51119173e-01 -5.90151580 -5.57019943 -5.20279978 -4.94323744 -4.75138799 
2.84803587e-01 -5.90151580 -5.57019943 -5.20279978 -4.94323744 -4.75138799 
2.31012970e-01 -5.90151580 -5.57019943 -5.20279978 -4.94323744 -4.75138799 
1.87381742e-01 -5.90151580 -5.57019943 -5.20279978 -4.94323744 -4.75138799 
1.51991108e-01 -5.90151580 -5.57019943 -5.20279978 -4.94323744 -4.75138799 
1.23284674e-01 -5.90151580 -5.57019943 -5.20279978 -4.94323744 -4.75138799 
1.00000000e-01 -5.90151580 -5.57019943 -5.20279978 -4.94323744 -4.75138799 
8.11130831e-02 -5.90151580 -5.57019943 -5.20279978 -4.94323744 -4.75138799 
6.57933225e-02 -5.90151580 -5.57019943 -5.20279978 -4.94323744 -4.75138799 
5.33669923e-02 -5.90151580 -5.57019943 -5.20279978 -4.94323744 -4.75138799 
4.32876128e-02 -5.90151580 -5.57019943 -5.20279978 -4.94323744 -4.75138799 
3.51119173e-02 -5.90151580 -5.57019943 -5.20279978 -4.94323744 -4.75138799 
2.84803587e-02 -5.90151580 -5.57019943 -5.20279978 -4.94323744 -4.75138799 
2.31012970e-02 -5.90151580 -5.57019943 -5.20279978 -4.94323744 -4.75138799 
1.87381742e-02 -5.90151580 -5.57019943 -5.20279978 -4.94323744 -4.75138799 
1.51991108e-02 -5.90151580 -5.57019943 -5.20279978 -4.94323744 -4.75138799 
1.23284674e-02 -5.90151580 -5.57019943 -5.20279978 -4.94323744 -4.75138799 
1.00000000e-02 -5.90151580 -5.57019943 -5.20279978 -4.94323744 -4.75138799 
8.11130831e-03 -5.90151580 -5.57019943 -5.20279978 -4.94323744 -4.75138799 
6.57933225e-03 -5.90151580 -5.57019943 -5.20279978 -4.94323744 -4.75138799 
5.33669923e-03 -5.90151580 -5.57019943 -5.20279978 -4.94323744 -4.75138799 
4.32876128e-03 -5.90151580 -5.57019943 -5.20279978 -4.94323744 -4.75138799 
3.51119173e-03 -5.90151580 -5.57019943 -5.20279978 -4.94323744 -4.75138799 
2.84803587e-03 -5.90151580 -5.57019943 -5.20279978 -4.94323744 -4.75138799 
2.31012970e-03 -5.90151580 -5.57019943 -5.20279978 -4.94323744 -4.75138799 
1.87381742e-03 -5.90151580 -5.57019943 -5.20279978 -4.94323744 -4.75138799 
1.51991108e-03 -5.90151580 -5.57019943 -5.20279978 -4.94323744 -4.75138799 
1.23284674e-03 -5.90151580 -5.57019943 -5.20279978 -4.94323744 -4.75138799 
1.00000000e-03 -5.90151580 -5.57019943 -5.20279978 -4.94323744 -4.75138799 
8.11130831e-04 -5.90151580 -5.57019943 -5.20279978 -4.94323744 -4.75138799 
6.57933225e-04 -5.90151580 -5.57019943 -5.20279978 -4.94323744 -4.75138799 
5.33669923e-04 -5.90151580 -5.57019943 -5.20279978 -4.94323744 -4.75138799 
4.32876128e-04 -5.90151580 -5.57019943 -5.20279978 -4.94323744 -4.75138799 
3.51119173e-04 -5.90151580 -5.57019943 -5.20279978 -4.94323744 -4.75138799 
2.84803587e-04 -5.90151580 -5.57019943 -5.20279978 -4.94323744 -4.75138799 
2.31012970e-04 -5.90151580 -5.57019943 -5.20279978 -4.94323744 -4.75138799 
1.87381742e-04 -5.90151580 -5.57019943 -5.20279978 -4.94323744 -4.75138799 
1.51991108e-04 -5.90151580 -5.57019943 -5.20279978 -4.94323744 -4.75138799 
1.23284674e-04 -5.90151580 -5.57019943 -5.20279978 -4.94323744 -4.75138799 
1.00000000e-04 -5.90151580 -5.57019943 -5.20279978 -4.94323744 -4.75138799 
8.11130831e-05 -5.90151580 -5.57019943 -5.20279978 -4.94323744 -4.75138799 
6.57933225e-05 -5.90151580 -5.57019943 -5.20279978 -4.94323744 -4.75138799 
5.33669923e-05 -5.90151580 -5.57019943 -5.20279978 -4.94323744 -4.75138799 
4.32876128e-05 -5.90151580 -5.57019943 -5.20279978 -4.94323744 -4.75138799 
3.51119173e-05 -5.90151580 -5.57019943 -5.20279978 -4.94323744 -4.75138799 
2.84803587e-05 -5.90151580 -5.57019943 -5.20279978 -4.94323744 -4.75138799 
2.31012970e-05 -5.90151580 -5.57019943 -5.20279978 -4.94323744 -4.75138799 
1.87381742e-05 -5.90151580 -5.57019943 -5.20279978 -4.94323744 -4.75138799 
1.51991108e-05 -5.90151580 -5.57019943 -5.20279978 -4.94323744 -4.75138799 
1.23284674e-05 -5.90151580 -5.57019943 -5.20279978 -4.94323744 -4.75138799 
1.00000000e-05 -5.90151580 -5.57019943 -5.20279978 -4.94323744 -4.75138799 
8.11130831e-06 -5.90151580 -5.57019943 -5.20279978 -4.94323744 -4.75138799 
6.57933225e-06 -5.90151580 -5.57019943 -5.20279978 -4.94323744 -4.75138799 
5.33669923e-06 -5.90151580 -5.57019943 -5.20279978 -4.94323744 -4.75138799 
4.32876128e-06 -5.90151580 -5.57019943 -5.20279978 -4.94323744 -4.75138799 
3.51119173e-06 -5.90151580 -5.57019943 -5.20279978 -4.94323744 -4.75138799 
2.84803587e-06 -5.90151580 -5.57019943 -5.20279978 -4.94323744 -4.75138799 
2.31012970e-06 -5.90151580 -5.57019943 -5.20279978 -4.94323744 -4.75138799 
1.87381742e-06 -5.90151580 -5.57019943 -5.20279978 -4.94323744 -4.75138799 
1.51991108e-06 -5.90151580 -5.57019943 -5.20279978 -4.94323744 -4.75138799 
1.23284674e-06 -5.90151580 -5.57019943 -5.20279978 -4.94323744 -4.75138799 
1.00000000e-06 -5.90151580 -5.57019943 -5.20279978 -4.94323744 -4.75138799 
8.11130831e-07 -5.90151580 -5.57019943 -5.20279978 -4.94323744 -4.75138799 
6.57933225e-07 -5.90151580 -5.57019943 -5.20279978 -4.94323744 -4.75138799 
5.33669923e-07 -5.90151580 -5.57019943 -5.20279978 -4.94323744 -4.75138799 
4.32876128e-07 -5.90151580 -5.57019943 -5.20279978 -4.94323744 -4.75138799 
3.51119173e-07 -5.90151580 -5.57019943 -5.20279978 -4.94323744 -4.75138799 
2.84803587e-07 -5.90151580 -5.57019943 -5.20279978 -4.94323744 -4.75138799 
2.31012970e-07 -5.90151580 -5.57019943 -5.20279978 -4.94323744 -4.75138799 
1.87381742e-07 -5.90151580 -5.57019943 -5.20279978 -4.94323744 -4.75138799 
1.51991108e-07 -5.90151580 -5.57019943 -5.20279978 -4.94323744 -4.75138799 
1.23284674e-07 -5.90151580 -5.57019943 -5.20279978 -4.94323744 -4.75138799 
1.00000000e-07 -5.90151580 -5.57019943 -5.20279978 -4.94323744 -4.75138799 
P (bar) | log_CH4: -2σ | log_CH4: -1σ | log_CH4: median | log_CH4: +1σ | log_CH4: +2σ 
1.00000000e+02 -7.52260726 -7.16575015 -6.96261846 -6.78699465 -6.64294274 
8.11130831e+01 -7.52260726 -7.16575015 -6.96261846 -6.78699465 -6.64294274 
6.57933225e+01 -7.52260726 -7.16575015 -6.96261846 -6.78699465 -6.64294274 
5.33669923e+01 -7.52260726 -7.16575015 -6.96261846 -6.78699465 -6.64294274 
4.32876128e+01 -7.52260726 -7.16575015 -6.96261846 -6.78699465 -6.64294274 
3.51119173e+01 -7.52260726 -7.16575015 -6.96261846 -6.78699465 -6.64294274 
2.84803587e+01 -7.52260726 -7.16575015 -6.96261846 -6.78699465 -6.64294274 
2.31012970e+01 -7.52260726 -7.16575015 -6.96261846 -6.78699465 -6.64294274 
1.87381742e+01 -7.52260726 -7.16575015 -6.96261846 -6.78699465 -6.64294274 
1.51991108e+01 -7.52260726 -7.16575015 -6.96261846 -6.78699465 -6.64294274 
1.23284674e+01 -7.52260726 -7.16575015 -6.96261846 -6.78699465 -6.64294274 
1.00000000e+01 -7.52260726 -7.16575015 -6.96261846 -6.78699465 -6.64294274 
8.11130831e+00 -7.52260726 -7.16575015 -6.96261846 -6.78699465 -6.64294274 
6.57933225e+00 -7.52260726 -7.16575015 -6.96261846 -6.78699465 -6.64294274 
5.33669923e+00 -7.52260726 -7.16575015 -6.96261846 -6.78699465 -6.64294274 
4.32876128e+00 -7.52260726 -7.16575015 -6.96261846 -6.78699465 -6.64294274 
3.51119173e+00 -7.52260726 -7.16575015 -6.96261846 -6.78699465 -6.64294274 
2.84803587e+00 -7.52260726 -7.16575015 -6.96261846 -6.78699465 -6.64294274 
2.31012970e+00 -7.52260726 -7.16575015 -6.96261846 -6.78699465 -6.64294274 
1.87381742e+00 -7.52260726 -7.16575015 -6.96261846 -6.78699465 -6.64294274 
1.51991108e+00 -7.52260726 -7.16575015 -6.96261846 -6.78699465 -6.64294274 
1.23284674e+00 -7.52260726 -7.16575015 -6.96261846 -6.78699465 -6.64294274 
1.00000000e+00 -7.52260726 -7.16575015 -6.96261846 -6.78699465 -6.64294274 
8.11130831e-01 -7.52260726 -7.16575015 -6.96261846 -6.78699465 -6.64294274 
6.57933225e-01 -7.52260726 -7.16575015 -6.96261846 -6.78699465 -6.64294274 
5.33669923e-01 -7.52260726 -7.16575015 -6.96261846 -6.78699465 -6.64294274 
4.32876128e-01 -7.52260726 -7.16575015 -6.96261846 -6.78699465 -6.64294274 
3.51119173e-01 -7.52260726 -7.16575015 -6.96261846 -6.78699465 -6.64294274 
2.84803587e-01 -7.52260726 -7.16575015 -6.96261846 -6.78699465 -6.64294274 
2.31012970e-01 -7.52260726 -7.16575015 -6.96261846 -6.78699465 -6.64294274 
1.87381742e-01 -7.52260726 -7.16575015 -6.96261846 -6.78699465 -6.64294274 
1.51991108e-01 -7.52260726 -7.16575015 -6.96261846 -6.78699465 -6.64294274 
1.23284674e-01 -7.52260726 -7.16575015 -6.96261846 -6.78699465 -6.64294274 
1.00000000e-01 -7.52260726 -7.16575015 -6.96261846 -6.78699465 -6.64294274 
8.11130831e-02 -7.52260726 -7.16575015 -6.96261846 -6.78699465 -6.64294274 
6.57933225e-02 -7.52260726 -7.16575015 -6.96261846 -6.78699465 -6.64294274 
5.33669923e-02 -7.52260726 -7.16575015 -6.96261846 -6.78699465 -6.64294274 
4.32876128e-02 -7.52260726 -7.16575015 -6.96261846 -6.78699465 -6.64294274 
3.51119173e-02 -7.52260726 -7.16575015 -6.96261846 -6.78699465 -6.64294274 
2.84803587e-02 -7.52260726 -7.16575015 -6.96261846 -6.78699465 -6.64294274 
2.31012970e-02 -7.52260726 -7.16575015 -6.96261846 -6.78699465 -6.64294274 
1.87381742e-02 -7.52260726 -7.16575015 -6.96261846 -6.78699465 -6.64294274 
1.51991108e-02 -7.52260726 -7.16575015 -6.96261846 -6.78699465 -6.64294274 
1.23284674e-02 -7.52260726 -7.16575015 -6.96261846 -6.78699465 -6.64294274 
1.00000000e-02 -7.52260726 -7.16575015 -6.96261846 -6.78699465 -6.64294274 
8.11130831e-03 -7.52260726 -7.16575015 -6.96261846 -6.78699465 -6.64294274 
6.57933225e-03 -7.52260726 -7.16575015 -6.96261846 -6.78699465 -6.64294274 
5.33669923e-03 -7.52260726 -7.16575015 -6.96261846 -6.78699465 -6.64294274 
4.32876128e-03 -7.52260726 -7.16575015 -6.96261846 -6.78699465 -6.64294274 
3.51119173e-03 -7.52260726 -7.16575015 -6.96261846 -6.78699465 -6.64294274 
2.84803587e-03 -7.52260726 -7.16575015 -6.96261846 -6.78699465 -6.64294274 
2.31012970e-03 -7.52260726 -7.16575015 -6.96261846 -6.78699465 -6.64294274 
1.87381742e-03 -7.52260726 -7.16575015 -6.96261846 -6.78699465 -6.64294274 
1.51991108e-03 -7.52260726 -7.16575015 -6.96261846 -6.78699465 -6.64294274 
1.23284674e-03 -7.52260726 -7.16575015 -6.96261846 -6.78699465 -6.64294274 
1.00000000e-03 -7.52260726 -7.16575015 -6.96261846 -6.78699465 -6.64294274 
8.11130831e-04 -7.52260726 -7.16575015 -6.96261846 -6.78699465 -6.64294274 
6.57933225e-04 -7.52260726 -7.16575015 -6.96261846 -6.78699465 -6.64294274 
5.33669923e-04 -7.52260726 -7.16575015 -6.96261846 -6.78699465 -6.64294274 
4.32876128e-04 -7.52260726 -7.16575015 -6.96261846 -6.78699465 -6.64294274 
3.51119173e-04 -7.52260726 -7.16575015 -6.96261846 -6.78699465 -6.64294274 
2.84803587e-04 -7.52260726 -7.16575015 -6.96261846 -6.78699465 -6.64294274 
2.31012970e-04 -7.52260726 -7.16575015 -6.96261846 -6.78699465 -6.64294274 
1.87381742e-04 -7.52260726 -7.16575015 -6.96261846 -6.78699465 -6.64294274 
1.51991108e-04 -7.52260726 -7.16575015 -6.96261846 -6.78699465 -6.64294274 
1.23284674e-04 -7.52260726 -7.16575015 -6.96261846 -6.78699465 -6.64294274 
1.00000000e-04 -7.52260726 -7.16575015 -6.96261846 -6.78699465 -6.64294274 
8.11130831e-05 -7.52260726 -7.16575015 -6.96261846 -6.78699465 -6.64294274 
6.57933225e-05 -7.52260726 -7.16575015 -6.96261846 -6.78699465 -6.64294274 
5.33669923e-05 -7.52260726 -7.16575015 -6.96261846 -6.78699465 -6.64294274 
4.32876128e-05 -7.52260726 -7.16575015 -6.96261846 -6.78699465 -6.64294274 
3.51119173e-05 -7.52260726 -7.16575015 -6.96261846 -6.78699465 -6.64294274 
2.84803587e-05 -7.52260726 -7.16575015 -6.96261846 -6.78699465 -6.64294274 
2.31012970e-05 -7.52260726 -7.16575015 -6.96261846 -6.78699465 -6.64294274 
1.87381742e-05 -7.52260726 -7.16575015 -6.96261846 -6.78699465 -6.64294274 
1.51991108e-05 -7.52260726 -7.16575015 -6.96261846 -6.78699465 -6.64294274 
1.23284674e-05 -7.52260726 -7.16575015 -6.96261846 -6.78699465 -6.64294274 
1.00000000e-05 -7.52260726 -7.16575015 -6.96261846 -6.78699465 -6.64294274 
8.11130831e-06 -7.52260726 -7.16575015 -6.96261846 -6.78699465 -6.64294274 
6.57933225e-06 -7.52260726 -7.16575015 -6.96261846 -6.78699465 -6.64294274 
5.33669923e-06 -7.52260726 -7.16575015 -6.96261846 -6.78699465 -6.64294274 
4.32876128e-06 -7.52260726 -7.16575015 -6.96261846 -6.78699465 -6.64294274 
3.51119173e-06 -7.52260726 -7.16575015 -6.96261846 -6.78699465 -6.64294274 
2.84803587e-06 -7.52260726 -7.16575015 -6.96261846 -6.78699465 -6.64294274 
2.31012970e-06 -7.52260726 -7.16575015 -6.96261846 -6.78699465 -6.64294274 
1.87381742e-06 -7.52260726 -7.16575015 -6.96261846 -6.78699465 -6.64294274 
1.51991108e-06 -7.52260726 -7.16575015 -6.96261846 -6.78699465 -6.64294274 
1.23284674e-06 -7.52260726 -7.16575015 -6.96261846 -6.78699465 -6.64294274 
1.00000000e-06 -7.52260726 -7.16575015 -6.96261846 -6.78699465 -6.64294274 
8.11130831e-07 -7.52260726 -7.16575015 -6.96261846 -6.78699465 -6.64294274 
6.57933225e-07 -7.52260726 -7.16575015 -6.96261846 -6.78699465 -6.64294274 
5.33669923e-07 -7.52260726 -7.16575015 -6.96261846 -6.78699465 -6.64294274 
4.32876128e-07 -7.52260726 -7.16575015 -6.96261846 -6.78699465 -6.64294274 
3.51119173e-07 -7.52260726 -7.16575015 -6.96261846 -6.78699465 -6.64294274 
2.84803587e-07 -7.52260726 -7.16575015 -6.96261846 -6.78699465 -6.64294274 
2.31012970e-07 -7.52260726 -7.16575015 -6.96261846 -6.78699465 -6.64294274 
1.87381742e-07 -7.52260726 -7.16575015 -6.96261846 -6.78699465 -6.64294274 
1.51991108e-07 -7.52260726 -7.16575015 -6.96261846 -6.78699465 -6.64294274 
1.23284674e-07 -7.52260726 -7.16575015 -6.96261846 -6.78699465 -6.64294274 
1.00000000e-07 -7.52260726 -7.16575015 -6.96261846 -6.78699465 -6.64294274 
