Chemical species: H2 He H2O CO2 SO2 CO H2S NH3 CH4
P (bar) | log_H2: -2σ | log_H2: -1σ | log_H2: median | log_H2: +1σ | log_H2: +2σ 
1.00000000e+02 -0.07819949 -0.07605362 -0.07443241 -0.07341847 -0.07251144 
8.11130831e+01 -0.07818725 -0.07604238 -0.07442461 -0.07341244 -0.07250662 
6.57933225e+01 -0.07817508 -0.07603120 -0.07441685 -0.07340644 -0.07250181 
5.33669923e+01 -0.07816296 -0.07602009 -0.07440913 -0.07340047 -0.07249703 
4.32876128e+01 -0.07815090 -0.07600904 -0.07440144 -0.07339453 -0.07249227 
3.51119173e+01 -0.07813891 -0.07599805 -0.07439380 -0.07338862 -0.07248754 
2.84803587e+01 -0.07810299 -0.07596377 -0.07436831 -0.07336800 -0.07247003 
2.31012970e+01 -0.07804420 -0.07590721 -0.07432384 -0.07333308 -0.07244040 
1.87381742e+01 -0.07798681 -0.07585776 -0.07427753 -0.07329891 -0.07241165 
1.51991108e+01 -0.07793078 -0.07580672 -0.07423616 -0.07326570 -0.07238373 
1.23284674e+01 -0.07787607 -0.07575559 -0.07419771 -0.07323342 -0.07235723 
1.00000000e+01 -0.07782263 -0.07570561 -0.07416031 -0.07320203 -0.07233342 
8.11130831e+00 -0.07769787 -0.07559951 -0.07407585 -0.07312724 -0.07227204 
6.57933225e+00 -0.07758110 -0.07550099 -0.07399742 -0.07305678 -0.07221494 
5.33669923e+00 -0.07747165 -0.07540933 -0.07392445 -0.07299178 -0.07216079 
4.32876128e+00 -0.07736891 -0.07532389 -0.07384937 -0.07293304 -0.07210894 
3.51119173e+00 -0.07727232 -0.07524407 -0.07377790 -0.07287556 -0.07206078 
2.84803587e+00 -0.07715750 -0.07515912 -0.07370988 -0.07281962 -0.07201552 
2.31012970e+00 -0.07703083 -0.07506995 -0.07364777 -0.07276663 -0.07196873 
1.87381742e+00 -0.07691676 -0.07499626 -0.07358681 -0.07271954 -0.07192713 
1.51991108e+00 -0.07681353 -0.07493691 -0.07352849 -0.07267656 -0.07188997 
1.23284674e+00 -0.07671963 -0.07487830 -0.07347886 -0.07263908 -0.07185876 
1.00000000e+00 -0.07663376 -0.07482176 -0.07343605 -0.07260291 -0.07183176 
8.11130831e-01 -0.07657042 -0.07477804 -0.07340462 -0.07257474 -0.07180879 
6.57933225e-01 -0.07651521 -0.07473842 -0.07337901 -0.07255074 -0.07179113 
5.33669923e-01 -0.07646673 -0.07470160 -0.07335369 -0.07253083 -0.07177669 
4.32876128e-01 -0.07642383 -0.07467205 -0.07333125 -0.07251299 -0.07176414 
3.51119173e-01 -0.07638553 -0.07464535 -0.07331131 -0.07249752 -0.07175315 
2.84803587e-01 -0.07635751 -0.07462502 -0.07329664 -0.07248616 -0.07174490 
2.31012970e-01 -0.07633934 -0.07461180 -0.07328699 -0.07247862 -0.07173923 
1.87381742e-01 -0.07632402 -0.07460065 -0.07327887 -0.07247233 -0.07173450 
1.51991108e-01 -0.07631103 -0.07459118 -0.07327199 -0.07246665 -0.07173054 
1.23284674e-01 -0.07629994 -0.07458308 -0.07326612 -0.07246194 -0.07172720 
1.00000000e-01 -0.07629041 -0.07457611 -0.07326107 -0.07245821 -0.07172438 
8.11130831e-02 -0.07628256 -0.07457032 -0.07325697 -0.07245507 -0.07172207 
6.57933225e-02 -0.07627578 -0.07456531 -0.07325345 -0.07245235 -0.07172013 
5.33669923e-02 -0.07626989 -0.07456087 -0.07325040 -0.07245001 -0.07171851 
4.32876128e-02 -0.07626472 -0.07455701 -0.07324777 -0.07244801 -0.07171719 
3.51119173e-02 -0.07626015 -0.07455362 -0.07324549 -0.07244633 -0.07171614 
2.84803587e-02 -0.07624839 -0.07454419 -0.07323868 -0.07244063 -0.07171209 
2.31012970e-02 -0.07622940 -0.07452842 -0.07322734 -0.07243092 -0.07170511 
1.87381742e-02 -0.07621086 -0.07451307 -0.07321639 -0.07242248 -0.07169857 
1.51991108e-02 -0.07619277 -0.07449819 -0.07320570 -0.07241403 -0.07169263 
1.23284674e-02 -0.07617514 -0.07448386 -0.07319548 -0.07240634 -0.07168752 
1.00000000e-02 -0.07615807 -0.07446873 -0.07318596 -0.07239961 -0.07168361 
8.11130831e-03 -0.07605373 -0.07436748 -0.07310471 -0.07233310 -0.07162923 
6.57933225e-03 -0.07595195 -0.07425286 -0.07302645 -0.07227341 -0.07157815 
5.33669923e-03 -0.07585296 -0.07415389 -0.07295782 -0.07221365 -0.07153127 
4.32876128e-03 -0.07573561 -0.07406791 -0.07288251 -0.07215481 -0.07149229 
3.51119173e-03 -0.07560702 -0.07398277 -0.07281667 -0.07210664 -0.07145817 
2.84803587e-03 -0.07539548 -0.07382292 -0.07269080 -0.07198956 -0.07136436 
2.31012970e-03 -0.07513035 -0.07363390 -0.07249375 -0.07180905 -0.07121317 
1.87381742e-03 -0.07493193 -0.07345500 -0.07232672 -0.07164778 -0.07108562 
1.51991108e-03 -0.07475223 -0.07329038 -0.07217665 -0.07150880 -0.07096094 
1.23284674e-03 -0.07460634 -0.07313088 -0.07203742 -0.07139855 -0.07087742 
1.00000000e-03 -0.07448072 -0.07299819 -0.07193458 -0.07131347 -0.07081746 
8.11130831e-04 -0.07429174 -0.07284939 -0.07181035 -0.07118469 -0.07069699 
6.57933225e-04 -0.07417093 -0.07273210 -0.07171164 -0.07109519 -0.07060891 
5.33669923e-04 -0.07408344 -0.07265298 -0.07164343 -0.07102288 -0.07054769 
4.32876128e-04 -0.07403001 -0.07260448 -0.07160218 -0.07097766 -0.07050774 
3.51119173e-04 -0.07401282 -0.07258480 -0.07158072 -0.07095807 -0.07048599 
2.84803587e-04 -0.07396830 -0.07256855 -0.07157136 -0.07094806 -0.07047439 
2.31012970e-04 -0.07390339 -0.07253283 -0.07156482 -0.07094564 -0.07046928 
1.87381742e-04 -0.07386899 -0.07252938 -0.07157432 -0.07095597 -0.07047536 
1.51991108e-04 -0.07386538 -0.07255037 -0.07159786 -0.07097948 -0.07049377 
1.23284674e-04 -0.07389409 -0.07259568 -0.07163825 -0.07101478 -0.07052011 
1.00000000e-04 -0.07395660 -0.07266073 -0.07169396 -0.07106770 -0.07054465 
8.11130831e-05 -0.07391875 -0.07264363 -0.07169065 -0.07107188 -0.07055122 
6.57933225e-05 -0.07389386 -0.07262878 -0.07169363 -0.07108213 -0.07055821 
5.33669923e-05 -0.07387993 -0.07262438 -0.07170287 -0.07109233 -0.07056630 
4.32876128e-05 -0.07387558 -0.07262757 -0.07171379 -0.07110809 -0.07057536 
3.51119173e-05 -0.07387992 -0.07264098 -0.07173236 -0.07112992 -0.07058512 
2.84803587e-05 -0.07388198 -0.07264798 -0.07174276 -0.07114339 -0.07059357 
2.31012970e-05 -0.07387707 -0.07264350 -0.07174383 -0.07114634 -0.07060048 
1.87381742e-05 -0.07387503 -0.07264095 -0.07174406 -0.07114982 -0.07060757 
1.51991108e-05 -0.07387442 -0.07263974 -0.07174580 -0.07115330 -0.07061479 
1.23284674e-05 -0.07387414 -0.07263920 -0.07174722 -0.07115554 -0.07062043 
1.00000000e-05 -0.07387412 -0.07264022 -0.07174892 -0.07115803 -0.07062548 
8.11130831e-06 -0.07387637 -0.07264369 -0.07175262 -0.07116327 -0.07063532 
6.57933225e-06 -0.07387869 -0.07264726 -0.07175671 -0.07116856 -0.07064524 
5.33669923e-06 -0.07388104 -0.07265089 -0.07176026 -0.07117481 -0.07065524 
4.32876128e-06 -0.07388343 -0.07265457 -0.07176376 -0.07118391 -0.07066572 
3.51119173e-06 -0.07388584 -0.07265828 -0.07176728 -0.07119306 -0.07067747 
2.84803587e-06 -0.07389059 -0.07266396 -0.07177380 -0.07120269 -0.07069294 
2.31012970e-06 -0.07389768 -0.07267199 -0.07178607 -0.07121453 -0.07071229 
1.87381742e-06 -0.07390479 -0.07268005 -0.07179752 -0.07122970 -0.07073194 
1.51991108e-06 -0.07391192 -0.07268814 -0.07180903 -0.07124144 -0.07074679 
1.23284674e-06 -0.07391906 -0.07269627 -0.07181745 -0.07125648 -0.07076330 
1.00000000e-06 -0.07392621 -0.07270381 -0.07182793 -0.07127634 -0.07078236 
8.11130831e-07 -0.07394304 -0.07271893 -0.07184743 -0.07130180 -0.07080665 
6.57933225e-07 -0.07395994 -0.07273961 -0.07186711 -0.07132485 -0.07083135 
5.33669923e-07 -0.07397691 -0.07276042 -0.07188696 -0.07134823 -0.07085646 
4.32876128e-07 -0.07399396 -0.07278124 -0.07190792 -0.07137182 -0.07088115 
3.51119173e-07 -0.07401108 -0.07280223 -0.07193279 -0.07139557 -0.07090794 
2.84803587e-07 -0.07403465 -0.07282651 -0.07195717 -0.07142014 -0.07093404 
2.31012970e-07 -0.07406478 -0.07284744 -0.07198483 -0.07144396 -0.07095730 
1.87381742e-07 -0.07409515 -0.07286815 -0.07200973 -0.07146884 -0.07098055 
1.51991108e-07 -0.07412575 -0.07289412 -0.07203978 -0.07149338 -0.07100413 
1.23284674e-07 -0.07414533 -0.07292503 -0.07206770 -0.07151742 -0.07102882 
1.00000000e-07 -0.07416357 -0.07295287 -0.07209593 -0.07154277 -0.07105482 
P (bar) | log_He: -2σ | log_He: -1σ | log_He: median | log_He: +1σ | log_He: +2σ 
1.00000000e+02 -0.84775057 -0.84560470 -0.84398349 -0.84296955 -0.84206252 
8.11130831e+01 -0.84773833 -0.84559345 -0.84397569 -0.84296352 -0.84205769 
6.57933225e+01 -0.84772616 -0.84558228 -0.84396793 -0.84295752 -0.84205289 
5.33669923e+01 -0.84771404 -0.84557116 -0.84396020 -0.84295155 -0.84204811 
4.32876128e+01 -0.84770198 -0.84556011 -0.84395252 -0.84294561 -0.84204335 
3.51119173e+01 -0.84768999 -0.84554913 -0.84394488 -0.84293970 -0.84203862 
2.84803587e+01 -0.84765407 -0.84551484 -0.84391939 -0.84291907 -0.84202111 
2.31012970e+01 -0.84759528 -0.84545829 -0.84387492 -0.84288416 -0.84199148 
1.87381742e+01 -0.84753789 -0.84540884 -0.84382861 -0.84284999 -0.84196273 
1.51991108e+01 -0.84748186 -0.84535779 -0.84378724 -0.84281678 -0.84193480 
1.23284674e+01 -0.84742714 -0.84530667 -0.84374878 -0.84278450 -0.84190830 
1.00000000e+01 -0.84737371 -0.84525669 -0.84371139 -0.84275311 -0.84188450 
8.11130831e+00 -0.84724895 -0.84515059 -0.84362693 -0.84267832 -0.84182312 
6.57933225e+00 -0.84713218 -0.84505207 -0.84354850 -0.84260786 -0.84176602 
5.33669923e+00 -0.84702273 -0.84496041 -0.84347553 -0.84254286 -0.84171187 
4.32876128e+00 -0.84691999 -0.84487497 -0.84340045 -0.84248412 -0.84166002 
3.51119173e+00 -0.84682340 -0.84479515 -0.84332898 -0.84242664 -0.84161186 
2.84803587e+00 -0.84670857 -0.84471019 -0.84326096 -0.84237070 -0.84156660 
2.31012970e+00 -0.84658191 -0.84462102 -0.84319885 -0.84231771 -0.84151981 
1.87381742e+00 -0.84646784 -0.84454734 -0.84313789 -0.84227062 -0.84147821 
1.51991108e+00 -0.84636461 -0.84448799 -0.84307957 -0.84222764 -0.84144105 
1.23284674e+00 -0.84627071 -0.84442938 -0.84302994 -0.84219015 -0.84140984 
1.00000000e+00 -0.84618484 -0.84437284 -0.84298713 -0.84215399 -0.84138284 
8.11130831e-01 -0.84612150 -0.84432912 -0.84295570 -0.84212582 -0.84135987 
6.57933225e-01 -0.84606629 -0.84428950 -0.84293009 -0.84210182 -0.84134220 
5.33669923e-01 -0.84601781 -0.84425268 -0.84290477 -0.84208190 -0.84132777 
4.32876128e-01 -0.84597491 -0.84422313 -0.84288233 -0.84206407 -0.84131522 
3.51119173e-01 -0.84593661 -0.84419643 -0.84286238 -0.84204860 -0.84130422 
2.84803587e-01 -0.84590859 -0.84417610 -0.84284771 -0.84203724 -0.84129598 
2.31012970e-01 -0.84589041 -0.84416288 -0.84283807 -0.84202969 -0.84129031 
1.87381742e-01 -0.84587509 -0.84415173 -0.84282995 -0.84202341 -0.84128558 
1.51991108e-01 -0.84586211 -0.84414226 -0.84282307 -0.84201773 -0.84128162 
1.23284674e-01 -0.84585102 -0.84413416 -0.84281719 -0.84201302 -0.84127828 
1.00000000e-01 -0.84584149 -0.84412719 -0.84281215 -0.84200929 -0.84127546 
8.11130831e-02 -0.84583364 -0.84412140 -0.84280805 -0.84200615 -0.84127315 
6.57933225e-02 -0.84582686 -0.84411639 -0.84280452 -0.84200342 -0.84127121 
5.33669923e-02 -0.84582097 -0.84411195 -0.84280148 -0.84200109 -0.84126959 
4.32876128e-02 -0.84581580 -0.84410809 -0.84279885 -0.84199909 -0.84126826 
3.51119173e-02 -0.84581123 -0.84410470 -0.84279657 -0.84199741 -0.84126722 
2.84803587e-02 -0.84579946 -0.84409527 -0.84278976 -0.84199171 -0.84126317 
2.31012970e-02 -0.84578047 -0.84407950 -0.84277842 -0.84198199 -0.84125619 
1.87381742e-02 -0.84576194 -0.84406415 -0.84276747 -0.84197356 -0.84124965 
1.51991108e-02 -0.84574384 -0.84404927 -0.84275678 -0.84196510 -0.84124371 
1.23284674e-02 -0.84572622 -0.84403494 -0.84274656 -0.84195742 -0.84123860 
1.00000000e-02 -0.84570914 -0.84401980 -0.84273703 -0.84195068 -0.84123469 
8.11130831e-03 -0.84560481 -0.84391856 -0.84265578 -0.84188418 -0.84118031 
6.57933225e-03 -0.84550303 -0.84380394 -0.84257752 -0.84182449 -0.84112923 
5.33669923e-03 -0.84540404 -0.84370497 -0.84250890 -0.84176473 -0.84108235 
4.32876128e-03 -0.84528669 -0.84361899 -0.84243359 -0.84170588 -0.84104337 
3.51119173e-03 -0.84515810 -0.84353385 -0.84236775 -0.84165772 -0.84100925 
2.84803587e-03 -0.84494656 -0.84337400 -0.84224188 -0.84154064 -0.84091544 
2.31012970e-03 -0.84468143 -0.84318498 -0.84204483 -0.84136013 -0.84076425 
1.87381742e-03 -0.84448301 -0.84300608 -0.84187780 -0.84119886 -0.84063670 
1.51991108e-03 -0.84430331 -0.84284146 -0.84172773 -0.84105988 -0.84051202 
1.23284674e-03 -0.84415742 -0.84268196 -0.84158850 -0.84094963 -0.84042850 
1.00000000e-03 -0.84403180 -0.84254927 -0.84148566 -0.84086455 -0.84036854 
8.11130831e-04 -0.84384281 -0.84240047 -0.84136143 -0.84073576 -0.84024807 
6.57933225e-04 -0.84372201 -0.84228318 -0.84126272 -0.84064627 -0.84015999 
5.33669923e-04 -0.84363452 -0.84220406 -0.84119451 -0.84057396 -0.84009877 
4.32876128e-04 -0.84358109 -0.84215556 -0.84115326 -0.84052874 -0.84005882 
3.51119173e-04 -0.84356390 -0.84213588 -0.84113180 -0.84050915 -0.84003707 
2.84803587e-04 -0.84351937 -0.84211963 -0.84112244 -0.84049914 -0.84002547 
2.31012970e-04 -0.84345447 -0.84208391 -0.84111590 -0.84049671 -0.84002036 
1.87381742e-04 -0.84342007 -0.84208046 -0.84112540 -0.84050705 -0.84002644 
1.51991108e-04 -0.84341646 -0.84210145 -0.84114894 -0.84053056 -0.84004485 
1.23284674e-04 -0.84344517 -0.84214676 -0.84118932 -0.84056586 -0.84007119 
1.00000000e-04 -0.84350768 -0.84221180 -0.84124504 -0.84061878 -0.84009573 
8.11130831e-05 -0.84346983 -0.84219471 -0.84124173 -0.84062296 -0.84010230 
6.57933225e-05 -0.84344494 -0.84217986 -0.84124471 -0.84063321 -0.84010928 
5.33669923e-05 -0.84343101 -0.84217545 -0.84125395 -0.84064341 -0.84011738 
4.32876128e-05 -0.84342666 -0.84217865 -0.84126487 -0.84065917 -0.84012644 
3.51119173e-05 -0.84343100 -0.84219206 -0.84128344 -0.84068100 -0.84013620 
2.84803587e-05 -0.84343306 -0.84219906 -0.84129384 -0.84069447 -0.84014465 
2.31012970e-05 -0.84342815 -0.84219458 -0.84129491 -0.84069741 -0.84015155 
1.87381742e-05 -0.84342611 -0.84219203 -0.84129514 -0.84070090 -0.84015865 
1.51991108e-05 -0.84342550 -0.84219082 -0.84129688 -0.84070438 -0.84016587 
1.23284674e-05 -0.84342522 -0.84219028 -0.84129830 -0.84070662 -0.84017150 
1.00000000e-05 -0.84342520 -0.84219130 -0.84130000 -0.84070911 -0.84017656 
8.11130831e-06 -0.84342745 -0.84219477 -0.84130370 -0.84071435 -0.84018640 
6.57933225e-06 -0.84342976 -0.84219834 -0.84130779 -0.84071964 -0.84019632 
5.33669923e-06 -0.84343212 -0.84220197 -0.84131134 -0.84072589 -0.84020632 
4.32876128e-06 -0.84343451 -0.84220565 -0.84131484 -0.84073499 -0.84021680 
3.51119173e-06 -0.84343692 -0.84220936 -0.84131836 -0.84074414 -0.84022855 
2.84803587e-06 -0.84344167 -0.84221504 -0.84132488 -0.84075377 -0.84024402 
2.31012970e-06 -0.84344876 -0.84222306 -0.84133715 -0.84076560 -0.84026337 
1.87381742e-06 -0.84345587 -0.84223113 -0.84134860 -0.84078077 -0.84028302 
1.51991108e-06 -0.84346300 -0.84223922 -0.84136011 -0.84079252 -0.84029786 
1.23284674e-06 -0.84347014 -0.84224735 -0.84136853 -0.84080756 -0.84031438 
1.00000000e-06 -0.84347729 -0.84225489 -0.84137901 -0.84082742 -0.84033344 
8.11130831e-07 -0.84349412 -0.84227001 -0.84139851 -0.84085288 -0.84035773 
6.57933225e-07 -0.84351101 -0.84229069 -0.84141819 -0.84087593 -0.84038243 
5.33669923e-07 -0.84352799 -0.84231149 -0.84143804 -0.84089930 -0.84040754 
4.32876128e-07 -0.84354504 -0.84233232 -0.84145900 -0.84092290 -0.84043222 
3.51119173e-07 -0.84356216 -0.84235331 -0.84148387 -0.84094665 -0.84045902 
2.84803587e-07 -0.84358573 -0.84237759 -0.84150825 -0.84097122 -0.84048511 
2.31012970e-07 -0.84361586 -0.84239852 -0.84153590 -0.84099504 -0.84050838 
1.87381742e-07 -0.84364623 -0.84241923 -0.84156081 -0.84101992 -0.84053163 
1.51991108e-07 -0.84367683 -0.84244520 -0.84159086 -0.84104446 -0.84055521 
1.23284674e-07 -0.84369640 -0.84247611 -0.84161878 -0.84106850 -0.84057990 
1.00000000e-07 -0.84371465 -0.84250395 -0.84164701 -0.84109385 -0.84060590 
P (bar) | log_H2O: -2σ | log_H2O: -1σ | log_H2O: median | log_H2O: +1σ | log_H2O: +2σ 
1.00000000e+02 -2.22473687 -2.13057891 -2.04606853 -1.94203153 -1.83401609 
8.11130831e+01 -2.22491009 -2.13077220 -2.04625434 -1.94223671 -1.83431045 
6.57933225e+01 -2.22508332 -2.13096550 -2.04644016 -1.94244188 -1.83460481 
5.33669923e+01 -2.22525654 -2.13115879 -2.04662597 -1.94264706 -1.83489917 
4.32876128e+01 -2.22542976 -2.13135208 -2.04681179 -1.94285223 -1.83519353 
3.51119173e+01 -2.22560299 -2.13154537 -2.04699760 -1.94305741 -1.83548789 
2.84803587e+01 -2.22632600 -2.13230916 -2.04776715 -1.94377190 -1.83641604 
2.31012970e+01 -2.22759881 -2.13356250 -2.04893475 -1.94499571 -1.83797797 
1.87381742e+01 -2.22887161 -2.13478452 -2.05011638 -1.94621953 -1.83935238 
1.51991108e+01 -2.23014442 -2.13596558 -2.05131944 -1.94744334 -1.84054325 
1.23284674e+01 -2.23141722 -2.13714664 -2.05252770 -1.94866715 -1.84173413 
1.00000000e+01 -2.23269003 -2.13832770 -2.05380310 -1.94989096 -1.84292501 
8.11130831e+00 -2.23584209 -2.14094282 -2.05627211 -1.95213190 -1.84503369 
6.57933225e+00 -2.23919657 -2.14355794 -2.05875157 -1.95423600 -1.84714237 
5.33669923e+00 -2.24255105 -2.14625884 -2.06126836 -1.95635733 -1.84925105 
4.32876128e+00 -2.24590553 -2.14916769 -2.06372972 -1.95856814 -1.85135973 
3.51119173e+00 -2.24926001 -2.15206185 -2.06616415 -1.96080802 -1.85346841 
2.84803587e+00 -2.25166154 -2.15429876 -2.06832836 -1.96296216 -1.85567688 
2.31012970e+00 -2.25311012 -2.15595042 -2.07022234 -1.96504483 -1.85798512 
1.87381742e+00 -2.25455869 -2.15756339 -2.07211632 -1.96715631 -1.86029336 
1.51991108e+00 -2.25600726 -2.15917635 -2.07395419 -1.96939059 -1.86260161 
1.23284674e+00 -2.25745584 -2.16081821 -2.07578101 -1.97154865 -1.86490985 
1.00000000e+00 -2.25890441 -2.16261984 -2.07764680 -1.97362255 -1.86721809 
8.11130831e-01 -2.25930417 -2.16344151 -2.07854584 -1.97456403 -1.86816795 
6.57933225e-01 -2.25975937 -2.16426318 -2.07933270 -1.97550551 -1.86911781 
5.33669923e-01 -2.26021456 -2.16508485 -2.08023246 -1.97644698 -1.86985531 
4.32876128e-01 -2.26066976 -2.16590652 -2.08113223 -1.97738846 -1.87057851 
3.51119173e-01 -2.26112495 -2.16672433 -2.08206595 -1.97832994 -1.87130171 
2.84803587e-01 -2.26138253 -2.16715842 -2.08263460 -1.97887557 -1.87172018 
2.31012970e-01 -2.26144248 -2.16728133 -2.08279586 -1.97902535 -1.87183391 
1.87381742e-01 -2.26150244 -2.16740424 -2.08291965 -1.97917513 -1.87194765 
1.51991108e-01 -2.26156240 -2.16752414 -2.08304344 -1.97932492 -1.87206138 
1.23284674e-01 -2.26162235 -2.16762331 -2.08316723 -1.97947470 -1.87217512 
1.00000000e-01 -2.26168231 -2.16772249 -2.08329851 -1.97962449 -1.87228885 
8.11130831e-02 -2.26171301 -2.16778833 -2.08336251 -1.97970009 -1.87239627 
6.57933225e-02 -2.26174372 -2.16785418 -2.08343367 -1.97977570 -1.87250369 
5.33669923e-02 -2.26177442 -2.16792002 -2.08350499 -1.97985131 -1.87261110 
4.32876128e-02 -2.26180513 -2.16798586 -2.08357631 -1.97992691 -1.87271852 
3.51119173e-02 -2.26185760 -2.16803932 -2.08364763 -1.98000252 -1.87282594 
2.84803587e-02 -2.26292618 -2.16841413 -2.08406281 -1.98037075 -1.87335396 
2.31012970e-02 -2.26473927 -2.16898364 -2.08464325 -1.98103161 -1.87430257 
1.87381742e-02 -2.26640044 -2.16955316 -2.08522369 -1.98169246 -1.87525119 
1.51991108e-02 -2.26777488 -2.17012267 -2.08577134 -1.98235332 -1.87619980 
1.23284674e-02 -2.26837785 -2.17069219 -2.08638457 -1.98301418 -1.87714842 
1.00000000e-02 -2.26898082 -2.17126170 -2.08700769 -1.98367503 -1.87809703 
8.11130831e-03 -2.27589723 -2.17687030 -2.09161203 -1.98764039 -1.88288362 
6.57933225e-03 -2.28346955 -2.18294506 -2.09631316 -1.99227326 -1.88692096 
5.33669923e-03 -2.28825655 -2.18746460 -2.10083013 -1.99675464 -1.89095830 
4.32876128e-03 -2.29295502 -2.19435613 -2.10539897 -2.00107816 -1.89499564 
3.51119173e-03 -2.29907097 -2.20019460 -2.10999568 -2.00606404 -1.89847649 
2.84803587e-03 -2.31786221 -2.21132441 -2.11858752 -2.01254912 -1.90317532 
2.31012970e-03 -2.33342065 -2.22709581 -2.13041078 -2.02207079 -1.90909775 
1.87381742e-03 -2.35734562 -2.24179687 -2.14270341 -2.03034957 -1.91831391 
1.51991108e-03 -2.38090800 -2.25800949 -2.15449691 -2.03900952 -1.92521881 
1.23284674e-03 -2.39994524 -2.27339500 -2.16513817 -2.04810473 -1.93212371 
1.00000000e-03 -2.42180075 -2.28937788 -2.17663738 -2.05636292 -1.93902861 
8.11130831e-04 -2.43775811 -2.30074883 -2.18428449 -2.06225458 -1.94419993 
6.57933225e-04 -2.45421035 -2.31184136 -2.19181410 -2.06901807 -1.94937125 
5.33669923e-04 -2.47762535 -2.32270841 -2.19875235 -2.07448560 -1.95454257 
4.32876128e-04 -2.50057909 -2.33372460 -2.20612401 -2.07984470 -1.96038827 
3.51119173e-04 -2.51976870 -2.34565307 -2.21316131 -2.08604778 -1.96549442 
2.84803587e-04 -2.53294489 -2.35405019 -2.22028868 -2.09301320 -1.97382640 
2.31012970e-04 -2.53900092 -2.35969258 -2.22577563 -2.10037467 -1.98392430 
1.87381742e-04 -2.54488496 -2.36628788 -2.23139200 -2.10757042 -1.99287846 
1.51991108e-04 -2.55076899 -2.37270348 -2.23655655 -2.11454829 -2.00271389 
1.23284674e-04 -2.55665303 -2.37829499 -2.24179258 -2.12161773 -2.01278333 
1.00000000e-04 -2.56230717 -2.38399617 -2.24712246 -2.13048761 -2.02189339 
8.11130831e-05 -2.56436479 -2.38952888 -2.25348875 -2.13881580 -2.02804500 
6.57933225e-05 -2.56708181 -2.39467309 -2.26021751 -2.14638290 -2.03605329 
5.33669923e-05 -2.56935418 -2.40260084 -2.26679887 -2.15413004 -2.04356187 
4.32876128e-05 -2.57162655 -2.41039881 -2.27278026 -2.16276718 -2.05236563 
3.51119173e-05 -2.57389892 -2.41673445 -2.28009066 -2.17141193 -2.06052180 
2.84803587e-05 -2.57478647 -2.42206359 -2.28480173 -2.17677947 -2.06555902 
2.31012970e-05 -2.57428920 -2.42490062 -2.28672388 -2.17898634 -2.06747728 
1.87381742e-05 -2.57409445 -2.42749603 -2.28928532 -2.18119321 -2.06939554 
1.51991108e-05 -2.57598336 -2.42981765 -2.29241592 -2.18341137 -2.07131380 
1.23284674e-05 -2.57787227 -2.43160141 -2.29527391 -2.18576452 -2.07323206 
1.00000000e-05 -2.57976117 -2.43388886 -2.29800263 -2.18794684 -2.07515031 
8.11130831e-06 -2.57635580 -2.43252338 -2.29743567 -2.18782788 -2.07515508 
6.57933225e-06 -2.57295043 -2.43120060 -2.29686870 -2.18770893 -2.07515985 
5.33669923e-06 -2.56954506 -2.42987031 -2.29630174 -2.18758997 -2.07516462 
4.32876128e-06 -2.56562362 -2.42839999 -2.29573478 -2.18747102 -2.07516939 
3.51119173e-06 -2.56169890 -2.42692966 -2.29516782 -2.18735206 -2.07517416 
2.84803587e-06 -2.55647340 -2.42426141 -2.29386175 -2.18670622 -2.07487465 
2.31012970e-06 -2.54994712 -2.42039522 -2.29181657 -2.18543335 -2.07427085 
1.87381742e-06 -2.54342084 -2.41651616 -2.28983497 -2.18423243 -2.07366706 
1.51991108e-06 -2.53689456 -2.41256475 -2.28772622 -2.18303150 -2.07306326 
1.23284674e-06 -2.53036828 -2.40871827 -2.28568104 -2.18183057 -2.07245947 
1.00000000e-06 -2.52384200 -2.40487179 -2.28363586 -2.18067147 -2.07185567 
8.11130831e-07 -2.51624643 -2.39926150 -2.27994338 -2.17837963 -2.07040689 
6.57933225e-07 -2.50865087 -2.39353641 -2.27642438 -2.17611854 -2.06914788 
5.33669923e-07 -2.50091615 -2.38809527 -2.27281864 -2.17385746 -2.06794859 
4.32876128e-07 -2.49179719 -2.38247564 -2.26891886 -2.17142801 -2.06674929 
3.51119173e-07 -2.48365827 -2.37608553 -2.26522119 -2.16892525 -2.06555000 
2.84803587e-07 -2.47667244 -2.37020016 -2.26155355 -2.16564174 -2.06391094 
2.31012970e-07 -2.46986321 -2.36428430 -2.25705206 -2.16207696 -2.06183211 
1.87381742e-07 -2.46305397 -2.35832193 -2.25255057 -2.15836469 -2.05975329 
1.51991108e-07 -2.45573147 -2.35212793 -2.24804909 -2.15465242 -2.05767446 
1.23284674e-07 -2.44737948 -2.34556936 -2.24398760 -2.15094015 -2.05559564 
1.00000000e-07 -2.43902749 -2.33889026 -2.23924151 -2.14722788 -2.05351682 
P (bar) | log_CO2: -2σ | log_CO2: -1σ | log_CO2: median | log_CO2: +1σ | log_CO2: +2σ 
1.00000000e+02 -14.00695832 -13.85657941 -13.69541919 -13.50345233 -13.27114310 
8.11130831e+01 -13.82549201 -13.67511321 -13.51406444 -13.32208864 -13.08976598 
6.57933225e+01 -13.64402571 -13.49364701 -13.33270968 -13.14072495 -12.90838887 
5.33669923e+01 -13.46255940 -13.31218080 -13.15135492 -12.95936126 -12.72701175 
4.32876128e+01 -13.28109310 -13.13071460 -12.97000017 -12.77799757 -12.54563463 
3.51119173e+01 -13.09962679 -12.94924839 -12.78864541 -12.59663388 -12.36425751 
2.84803587e+01 -12.91912708 -12.76883466 -12.60845612 -12.41649171 -12.18419567 
2.31012970e+01 -12.73959397 -12.58947338 -12.42943228 -12.23757105 -12.00544912 
1.87381742e+01 -12.56006085 -12.41011210 -12.25040844 -12.05865039 -11.82670256 
1.51991108e+01 -12.38052774 -12.23076083 -12.07138460 -11.87972973 -11.64795600 
1.23284674e+01 -12.20099462 -12.05142140 -11.89236076 -11.70080907 -11.46920945 
1.00000000e+01 -12.02146151 -11.87210129 -11.71333692 -11.52188841 -11.29046289 
8.11130831e+00 -11.84447632 -11.69585872 -11.53667514 -11.34561800 -11.11539346 
6.57933225e+00 -11.66749112 -11.51955485 -11.36001336 -11.16911093 -10.94032402 
5.33669923e+00 -11.49045770 -11.34307601 -11.18335158 -10.99261844 -10.76525459 
4.32876128e+00 -11.31320622 -11.16654144 -11.00668980 -10.81654056 -10.59018516 
3.51119173e+00 -11.13595474 -10.98989463 -10.83049268 -10.64037044 -10.41511572 
2.84803587e+00 -10.95878632 -10.81273558 -10.65339721 -10.46327157 -10.23826665 
2.31012970e+00 -10.78170097 -10.63506429 -10.47536534 -10.28559317 -10.05963794 
1.87381742e+00 -10.60453721 -10.45739300 -10.29781080 -10.10740374 -9.88100922 
1.51991108e+00 -10.42713491 -10.27983443 -10.12025627 -9.93028030 -9.70238051 
1.23284674e+00 -10.24973261 -10.10187985 -9.94270174 -9.75239102 -9.52375180 
1.00000000e+00 -10.07233031 -9.92404279 -9.76514721 -9.57419949 -9.34512309 
8.11130831e-01 -9.89279864 -9.74403328 -9.58539138 -9.39381265 -9.16412434 
6.57933225e-01 -9.71326696 -9.56393500 -9.40567028 -9.21356115 -8.98312559 
5.33669923e-01 -9.53373529 -9.38393481 -9.22594918 -9.03335412 -8.80212684 
4.32876128e-01 -9.35420361 -9.20392826 -9.04613101 -8.85325023 -8.62112809 
3.51119173e-01 -9.17467193 -9.02401008 -8.86609204 -8.67323845 -8.44012934 
2.84803587e-01 -8.99408626 -8.84331451 -8.68532569 -8.49249063 -8.25879001 
2.31012970e-01 -8.81262493 -8.66184154 -8.50383194 -8.31100676 -8.07711009 
1.87381742e-01 -8.63116359 -8.48036858 -8.32233819 -8.12952289 -7.89543018 
1.51991108e-01 -8.44970225 -8.29889562 -8.14084445 -7.94803902 -7.71375026 
1.23284674e-01 -8.26824091 -8.11742266 -7.95930226 -7.76655515 -7.53207035 
1.00000000e-01 -8.08677958 -7.93594970 -7.77782160 -7.58507128 -7.35039043 
8.11130831e-02 -7.90518127 -7.75440338 -7.59635449 -7.40366489 -7.16890656 
6.57933225e-02 -7.72358296 -7.57285706 -7.41486788 -7.22225849 -6.98742270 
5.33669923e-02 -7.54198465 -7.39131074 -7.23337334 -7.04085210 -6.80593883 
4.32876128e-02 -7.36038634 -7.20976442 -7.05187881 -6.85944570 -6.62445496 
3.51119173e-02 -7.17878803 -7.02821810 -6.87038427 -6.67803930 -6.44297109 
2.84803587e-02 -6.99825026 -6.84788789 -6.69033592 -6.49835054 -6.26613500 
2.31012970e-02 -6.81877302 -6.66866939 -6.51177257 -6.32035657 -6.08829931 
1.87381742e-02 -6.63929579 -6.48943611 -6.33318558 -6.14222543 -5.91046362 
1.51991108e-02 -6.45981855 -6.31020284 -6.15449764 -5.96397171 -5.73262794 
1.23284674e-02 -6.28034131 -6.13096956 -5.97580970 -5.78571799 -5.55479225 
1.00000000e-02 -6.10086408 -5.95173628 -5.79712176 -5.60746427 -5.37695657 
8.11130831e-03 -5.93835583 -5.79127099 -5.63854202 -5.45257096 -5.22676627 
6.57933225e-03 -5.77584758 -5.63088039 -5.48024995 -5.29722947 -5.07657597 
5.33669923e-03 -5.61333933 -5.47029203 -5.32182840 -5.14055218 -4.92638568 
4.32876128e-03 -5.45025652 -5.30977123 -5.16295260 -4.98586271 -4.77619538 
3.51119173e-03 -5.28668723 -5.14933187 -5.00294248 -4.83038820 -4.62600509 
2.84803587e-03 -5.14670462 -5.01496673 -4.86977878 -4.70263012 -4.51028907 
2.31012970e-03 -5.03036275 -4.90193758 -4.76157510 -4.60056143 -4.41471298 
1.87381742e-03 -4.91400417 -4.79215224 -4.65515592 -4.49966859 -4.33132132 
1.51991108e-03 -4.79647121 -4.68017108 -4.55110427 -4.39784790 -4.24438210 
1.23284674e-03 -4.68205558 -4.57038646 -4.44268713 -4.29792566 -4.14205924 
1.00000000e-03 -4.56710405 -4.46165637 -4.33393484 -4.19489321 -4.02940677 
8.11130831e-04 -4.50118385 -4.39069850 -4.26691964 -4.12313592 -3.96031105 
6.57933225e-04 -4.42724761 -4.32451052 -4.19948065 -4.05527706 -3.89202860 
5.33669923e-04 -4.35884028 -4.25322427 -4.13247184 -3.97844130 -3.81390010 
4.32876128e-04 -4.30442765 -4.18640281 -4.06591320 -3.90358493 -3.71640811 
3.51119173e-04 -4.24951920 -4.12716575 -4.00028313 -3.82609595 -3.62817113 
2.84803587e-04 -4.20888689 -4.07806477 -3.94145752 -3.76101945 -3.55273804 
2.31012970e-04 -4.18071577 -4.03957391 -3.89979406 -3.70982901 -3.49631377 
1.87381742e-04 -4.15329937 -4.00612180 -3.85609554 -3.65879692 -3.44517655 
1.51991108e-04 -4.13275487 -3.97206879 -3.81459202 -3.60490078 -3.39222772 
1.23284674e-04 -4.10891438 -3.93644997 -3.76878646 -3.55644130 -3.33640917 
1.00000000e-04 -4.08730843 -3.89996996 -3.72604067 -3.50488146 -3.27793957 
8.11130831e-05 -4.07941345 -3.88995383 -3.71175408 -3.49006284 -3.26181941 
6.57933225e-05 -4.07021199 -3.88139164 -3.69479542 -3.47378119 -3.24767540 
5.33669923e-05 -4.06373118 -3.86856577 -3.68006021 -3.45794985 -3.23475478 
4.32876128e-05 -4.05800554 -3.85638000 -3.66576519 -3.44109743 -3.21810696 
3.51119173e-05 -4.05242631 -3.84457361 -3.65259110 -3.42424501 -3.20145913 
2.84803587e-05 -4.04848570 -3.83695105 -3.64465451 -3.41525844 -3.19195670 
2.31012970e-05 -4.04618370 -3.83447399 -3.64243790 -3.41293854 -3.18959968 
1.87381742e-05 -4.04388169 -3.83199692 -3.64002063 -3.41102018 -3.18724265 
1.51991108e-05 -4.04157969 -3.82951985 -3.63769583 -3.40924704 -3.18488563 
1.23284674e-05 -4.03927769 -3.82706137 -3.63537103 -3.40733474 -3.18252860 
1.00000000e-05 -4.03697569 -3.82500811 -3.63304623 -3.40498443 -3.18017158 
8.11130831e-06 -4.03301514 -3.82306703 -3.63181574 -3.40433753 -3.17969449 
6.57933225e-06 -4.02947385 -3.82102696 -3.63058526 -3.40369064 -3.17921740 
5.33669923e-06 -4.02632388 -3.81955616 -3.62935477 -3.40304374 -3.17874030 
4.32876128e-06 -4.02317391 -3.81803734 -3.62812429 -3.40239685 -3.17826321 
3.51119173e-06 -4.02002394 -3.81651158 -3.62689380 -3.40174995 -3.17778612 
2.84803587e-06 -4.01576295 -3.81410662 -3.62500127 -3.40070977 -3.17721809 
2.31012970e-06 -4.01039094 -3.81021526 -3.62245218 -3.39916689 -3.17655911 
1.87381742e-06 -4.00290468 -3.80621315 -3.62038578 -3.39763961 -3.17590014 
1.51991108e-06 -3.99399503 -3.80320363 -3.61848567 -3.39621949 -3.17524116 
1.23284674e-06 -3.98668778 -3.79981965 -3.61641674 -3.39479938 -3.17458219 
1.00000000e-06 -3.98035336 -3.79609310 -3.61415950 -3.39344852 -3.17392321 
8.11130831e-07 -3.97325120 -3.79104805 -3.61030840 -3.39097270 -3.17254014 
6.57933225e-07 -3.96690158 -3.78626120 -3.60740926 -3.38864350 -3.17115708 
5.33669923e-07 -3.96138775 -3.78138176 -3.60403219 -3.38638675 -3.16977401 
4.32876128e-07 -3.95532134 -3.77594964 -3.60023467 -3.38413000 -3.16839094 
3.51119173e-07 -3.94785272 -3.76969889 -3.59700117 -3.38187325 -3.16700787 
2.84803587e-07 -3.93893899 -3.76363091 -3.59270458 -3.37917201 -3.16521724 
2.31012970e-07 -3.93284676 -3.75796352 -3.58828073 -3.37613535 -3.16301904 
1.87381742e-07 -3.92676372 -3.75176283 -3.58399104 -3.37309870 -3.16082083 
1.51991108e-07 -3.92068068 -3.74615513 -3.57970135 -3.37006205 -3.15862263 
1.23284674e-07 -3.91459764 -3.74118392 -3.57485403 -3.36702539 -3.15642443 
1.00000000e-07 -3.90851460 -3.73588769 -3.56991186 -3.36398874 -3.15422623 
P (bar) | log_SO2: -2σ | log_SO2: -1σ | log_SO2: median | log_SO2: +1σ | log_SO2: +2σ 
1.00000000e+02 -22.74667594 -22.59742980 -22.44627043 -22.24390791 -22.02114700 
8.11130831e+01 -22.65838487 -22.50916014 -22.35813131 -22.15589260 -21.93307388 
6.57933225e+01 -22.57009379 -22.42089048 -22.27004643 -22.06787728 -21.84500076 
5.33669923e+01 -22.48180271 -22.33262083 -22.18196155 -21.97991364 -21.75692763 
4.32876128e+01 -22.39351164 -22.24435117 -22.09387667 -21.89202453 -21.66885451 
3.51119173e+01 -22.30522056 -22.15613806 -22.00579179 -21.80413543 -21.58078139 
2.84803587e+01 -22.22048888 -22.07201967 -21.92222767 -21.72104614 -21.49812413 
2.31012970e+01 -22.13931658 -21.99216563 -21.84318430 -21.64270379 -21.42114001 
1.87381742e+01 -22.05814429 -21.91231159 -21.76414094 -21.56436144 -21.34452299 
1.51991108e+01 -21.97697199 -21.83245755 -21.68509757 -21.48604915 -21.26790598 
1.23284674e+01 -21.89599523 -21.75253307 -21.60605421 -21.40800747 -21.19128897 
1.00000000e+01 -21.81540456 -21.67260617 -21.52701084 -21.33004434 -21.11467195 
8.11130831e+00 -21.74558654 -21.60198403 -21.45690217 -21.26095014 -21.04705501 
6.57933225e+00 -21.67576851 -21.53312755 -21.38685590 -21.19398817 -20.98219292 
5.33669923e+00 -21.60469129 -21.46288653 -21.31654050 -21.12637157 -20.91733084 
4.32876128e+00 -21.53336666 -21.39228410 -21.24661008 -21.05780844 -20.84912262 
3.51119173e+00 -21.46178218 -21.32130046 -21.17710509 -20.99001343 -20.78043420 
2.84803587e+00 -21.39120337 -21.25062326 -21.10576794 -20.91819179 -20.70826528 
2.31012970e+00 -21.32085070 -21.17912042 -21.03264390 -20.84317860 -20.63253347 
1.87381742e+00 -21.24898095 -21.10655629 -20.96071498 -20.76803627 -20.55682912 
1.51991108e+00 -21.18014536 -21.03553677 -20.88788081 -20.69270891 -20.47830943 
1.23284674e+00 -21.10979269 -20.96248738 -20.81465249 -20.61937149 -20.39920480 
1.00000000e+00 -21.03944001 -20.89262132 -20.74280033 -20.54337072 -20.32070056 
8.11130831e-01 -20.95830594 -20.81059164 -20.65946282 -20.45876609 -20.23645258 
6.57933225e-01 -20.87601575 -20.72842335 -20.57665347 -20.37467253 -20.15220461 
5.33669923e-01 -20.79266882 -20.64625506 -20.49405293 -20.29084331 -20.06795663 
4.32876128e-01 -20.70932189 -20.56398230 -20.41061970 -20.20713543 -19.98310216 
3.51119173e-01 -20.62840264 -20.48170279 -20.32685315 -20.12295844 -19.89508809 
2.84803587e-01 -20.54334560 -20.39587157 -20.24060757 -20.03602190 -19.80590120 
2.31012970e-01 -20.45411010 -20.30646499 -20.15110571 -19.94632928 -19.71554149 
1.87381742e-01 -20.36487460 -20.21704857 -20.06160385 -19.85662545 -19.62547381 
1.51991108e-01 -20.27563910 -20.12763215 -19.97210199 -19.76691290 -19.53555270 
1.23284674e-01 -20.18640360 -20.03821573 -19.88260012 -19.67720034 -19.44563159 
1.00000000e-01 -20.09716810 -19.94879932 -19.79305534 -19.58748779 -19.35571047 
8.11130831e-02 -20.00665158 -19.85823449 -19.70241874 -19.49694685 -19.26516101 
6.57933225e-02 -19.91613506 -19.76766966 -19.61191150 -19.40641075 -19.17461155 
5.33669923e-02 -19.82561854 -19.67710484 -19.52141449 -19.31587480 -19.08406208 
4.32876128e-02 -19.73510202 -19.58654001 -19.43091748 -19.22533886 -18.99351262 
3.51119173e-02 -19.64458549 -19.49597518 -19.34042047 -19.13480291 -18.90296316 
2.84803587e-02 -19.55451044 -19.40591387 -19.25063922 -19.04498185 -18.81380955 
2.31012970e-02 -19.46487685 -19.31635608 -19.16147375 -18.95587189 -18.72648458 
1.87381742e-02 -19.37524326 -19.22679828 -19.07188130 -18.86675617 -18.63915961 
1.51991108e-02 -19.28560968 -19.13725455 -18.98267669 -18.77781219 -18.55165444 
1.23284674e-02 -19.19597609 -19.04782769 -18.89348443 -18.68880187 -18.46296670 
1.00000000e-02 -19.10634250 -18.95840083 -18.80429218 -18.59979501 -18.37427896 
8.11130831e-03 -19.02361027 -18.87697525 -18.72506879 -18.52181374 -18.30245919 
6.57933225e-03 -18.94087805 -18.79554968 -18.64530681 -18.44341296 -18.22945665 
5.33669923e-03 -18.86057668 -18.71412410 -18.56653333 -18.36503235 -18.15784812 
4.32876128e-03 -18.78062008 -18.63275344 -18.48838600 -18.28813173 -18.08623959 
3.51119173e-03 -18.70066347 -18.55202493 -18.40802185 -18.21169480 -18.01463107 
2.84803587e-03 -18.62695458 -18.47957969 -18.33624479 -18.14437771 -17.95583954 
2.31012970e-03 -18.55678165 -18.41153950 -18.27407727 -18.08668107 -17.90351780 
1.87381742e-03 -18.48607408 -18.34831820 -18.21098817 -18.03624686 -17.85429680 
1.51991108e-03 -18.41579104 -18.28367350 -18.14859516 -17.98275442 -17.81174311 
1.23284674e-03 -18.34773182 -18.21740445 -18.08557256 -17.92907023 -17.75626809 
1.00000000e-03 -18.28389284 -18.15151565 -18.02336744 -17.87248256 -17.70362820 
8.11130831e-04 -18.21360448 -18.08108437 -17.95460412 -17.80406392 -17.63344912 
6.57933225e-04 -18.14535552 -18.00940865 -17.88327223 -17.73767683 -17.56561534 
5.33669923e-04 -18.07552476 -17.94201338 -17.81293743 -17.67041844 -17.49155202 
4.32876128e-04 -18.01281990 -17.87428790 -17.74469785 -17.60189968 -17.41930363 
3.51119173e-04 -17.94076750 -17.80623247 -17.67488322 -17.53035797 -17.34698578 
2.84803587e-04 -17.86752721 -17.73642292 -17.60240567 -17.45735531 -17.27176387 
2.31012970e-04 -17.79345932 -17.66138713 -17.52947638 -17.38110893 -17.19722870 
1.87381742e-04 -17.71889884 -17.58873071 -17.45392105 -17.30575402 -17.12056388 
1.51991108e-04 -17.64529539 -17.51325759 -17.37879480 -17.23228766 -17.04229747 
1.23284674e-04 -17.57310081 -17.43922761 -17.30543985 -17.15997171 -16.96702083 
1.00000000e-04 -17.50100343 -17.36343189 -17.23126252 -17.08774198 -16.88885870 
8.11130831e-05 -17.43386446 -17.29408726 -17.15543148 -17.01456539 -16.81274606 
6.57933225e-05 -17.36062943 -17.22309250 -17.08166607 -16.93960705 -16.73861619 
5.33669923e-05 -17.29360245 -17.15022511 -17.00996731 -16.86327430 -16.66393164 
4.32876128e-05 -17.21915864 -17.07921420 -16.93562767 -16.78610306 -16.58166994 
3.51119173e-05 -17.14988425 -17.00878767 -16.86095542 -16.71079065 -16.50206956 
2.84803587e-05 -17.07346899 -16.93068122 -16.77865620 -16.63028606 -16.42030165 
2.31012970e-05 -16.99012179 -16.84533087 -16.69286477 -16.54174149 -16.33351465 
1.87381742e-05 -16.90687506 -16.76088626 -16.60721883 -16.45522614 -16.24672764 
1.51991108e-05 -16.82362832 -16.67662414 -16.52194185 -16.36923367 -16.15876568 
1.23284674e-05 -16.74038159 -16.59221713 -16.43509446 -16.28368026 -16.07045213 
1.00000000e-05 -16.65713486 -16.50795596 -16.34949420 -16.19735483 -15.98213857 
8.11130831e-06 -16.56389887 -16.41356485 -16.25772259 -16.10352706 -15.88921789 
6.57933225e-06 -16.47210946 -16.32210946 -16.16598367 -16.00939111 -15.79600849 
5.33669923e-06 -16.38032005 -16.22985234 -16.07249834 -15.91454476 -15.70409523 
4.32876128e-06 -16.28775242 -16.13634085 -15.98048144 -15.82115927 -15.61227895 
3.51119173e-06 -16.18902470 -16.04311955 -15.88747709 -15.72565321 -15.52046266 
2.84803587e-06 -16.09530536 -15.94847248 -15.79378926 -15.62804177 -15.42716415 
2.31012970e-06 -15.99955937 -15.85303344 -15.69713200 -15.53188305 -15.32336013 
1.87381742e-06 -15.90022643 -15.75646284 -15.60153064 -15.43506263 -15.22457110 
1.51991108e-06 -15.80624810 -15.65925549 -15.50335868 -15.33543281 -15.12920499 
1.23284674e-06 -15.70634202 -15.56360913 -15.40656927 -15.23399680 -15.03245120 
1.00000000e-06 -15.61203066 -15.46671607 -15.31024146 -15.13291092 -14.93505821 
8.11130831e-07 -15.51336899 -15.36815922 -15.21332349 -15.02696189 -14.83582744 
6.57933225e-07 -15.41388805 -15.26625273 -15.11262282 -14.92254238 -14.73613922 
5.33669923e-07 -15.31651393 -15.16665033 -15.01129764 -14.82001859 -14.63233511 
4.32876128e-07 -15.21536301 -15.06562185 -14.91128463 -14.71674350 -14.52599032 
3.51119173e-07 -15.11677850 -14.96685367 -14.81170799 -14.61605974 -14.42467918 
2.84803587e-07 -15.01822483 -14.86722068 -14.71102226 -14.51407876 -14.31434131 
2.31012970e-07 -14.91872297 -14.76623117 -14.60831479 -14.41133366 -14.20630077 
1.87381742e-07 -14.81867965 -14.66667064 -14.50732865 -14.30806406 -14.09851767 
1.51991108e-07 -14.71830648 -14.56561668 -14.40486647 -14.20507155 -13.98847842 
1.23284674e-07 -14.61994279 -14.46512723 -14.30403408 -14.10179797 -13.88058003 
1.00000000e-07 -14.52071553 -14.36487844 -14.20242960 -13.99815169 -13.77456109 
P (bar) | log_CO: -2σ | log_CO: -1σ | log_CO: median | log_CO: +1σ | log_CO: +2σ 
1.00000000e+02 -13.28219308 -13.11258256 -12.91170665 -12.63120917 -12.29957922 
8.11130831e+01 -13.10057428 -12.93101582 -12.73011859 -12.44962769 -12.11805744 
6.57933225e+01 -12.91895549 -12.74944908 -12.54853053 -12.26804620 -11.93653565 
5.33669923e+01 -12.73734191 -12.56788234 -12.36694247 -12.08646471 -11.75501387 
4.32876128e+01 -12.55574193 -12.38631560 -12.18535441 -11.90488322 -11.57349208 
3.51119173e+01 -12.37414195 -12.20474886 -12.00376635 -11.72330174 -11.39197029 
2.84803587e+01 -12.19305600 -12.02374609 -11.82278396 -11.54235916 -11.21119113 
2.31012970e+01 -12.01248409 -11.84330732 -11.64247114 -11.36207259 -11.03105422 
1.87381742e+01 -11.83191218 -11.66286854 -11.46206291 -11.18187836 -10.85079360 
1.51991108e+01 -11.65134027 -11.48242976 -11.28165467 -11.00169072 -10.67053298 
1.23284674e+01 -11.47076836 -11.30199098 -11.10127703 -10.82150308 -10.49027237 
1.00000000e+01 -11.29019645 -11.12155220 -10.92090030 -10.64131543 -10.31001175 
8.11130831e+00 -11.11079128 -10.94228576 -10.74187400 -10.46249444 -10.13154340 
6.57933225e+00 -10.93138611 -10.76301932 -10.56284770 -10.28367344 -9.95307505 
5.33669923e+00 -10.75198094 -10.58375287 -10.38382140 -10.10485245 -9.77460670 
4.32876128e+00 -10.57257577 -10.40448643 -10.20480783 -9.92603145 -9.59613503 
3.51119173e+00 -10.39317060 -10.22521999 -10.02580023 -9.74721046 -9.41741667 
2.84803587e+00 -10.21390711 -10.04601781 -9.84642851 -9.56786313 -9.23807226 
2.31012970e+00 -10.03478531 -9.86687989 -9.66670078 -9.38798948 -9.05810181 
1.87381742e+00 -9.85566351 -9.68765583 -9.48699754 -9.20811582 -8.87813136 
1.51991108e+00 -9.67654171 -9.50834314 -9.30729430 -9.02824216 -8.69808604 
1.23284674e+00 -9.49741991 -9.32903044 -9.12759105 -8.84836851 -8.51798610 
1.00000000e+00 -9.31829811 -9.14971775 -8.94788781 -8.66849485 -8.33788616 
8.11130831e-01 -9.13775196 -8.96905825 -8.76704692 -8.48748734 -8.15661080 
6.57933225e-01 -8.95720582 -8.78839876 -8.58620603 -8.30647983 -7.97533544 
5.33669923e-01 -8.77665968 -8.60773926 -8.40536513 -8.12547232 -7.79406008 
4.32876128e-01 -8.59611353 -8.42707977 -8.22454822 -7.94446481 -7.61278471 
3.51119173e-01 -8.41556739 -8.24642028 -8.04375273 -7.76346749 -7.43150935 
2.84803587e-01 -8.23450486 -8.06529269 -7.86254751 -7.58214877 -7.25001731 
2.31012970e-01 -8.05292595 -7.88369702 -7.68093255 -7.40050026 -7.06830859 
1.87381742e-01 -7.87134704 -7.70210135 -7.49931759 -7.21885175 -6.88659987 
1.51991108e-01 -7.68976813 -7.52050568 -7.31770263 -7.03720324 -6.70489115 
1.23284674e-01 -7.50818922 -7.33891001 -7.13608767 -6.85555473 -6.52318243 
1.00000000e-01 -7.32661030 -7.15731434 -6.95447270 -6.67390622 -6.34147370 
8.11130831e-02 -7.14504915 -6.97577799 -6.77298868 -6.49240047 -6.15992915 
6.57933225e-02 -6.96348800 -6.79424164 -6.59150466 -6.31089471 -5.97838459 
5.33669923e-02 -6.78192685 -6.61270529 -6.41002064 -6.12938896 -5.79684003 
4.32876128e-02 -6.60036570 -6.43116894 -6.22853663 -5.94788321 -5.61529547 
3.51119173e-02 -6.41880456 -6.24963260 -6.04705261 -5.76637745 -5.43375091 
2.84803587e-02 -6.23821925 -6.06920274 -5.86662189 -5.58621594 -5.25353595 
2.31012970e-02 -6.05860978 -5.88987937 -5.68675327 -5.40739866 -5.07465058 
1.87381742e-02 -5.87900031 -5.71050856 -5.50741562 -5.22813015 -4.89576521 
1.51991108e-02 -5.69939085 -5.53104595 -5.32851599 -5.04880110 -4.71687984 
1.23284674e-02 -5.51978138 -5.35173227 -5.14893084 -4.86977053 -4.53799448 
1.00000000e-02 -5.34017192 -5.17238655 -4.96940267 -4.69061710 -4.35910911 
8.11130831e-03 -5.17349046 -5.00741342 -4.80588369 -4.53052611 -4.19998179 
6.57933225e-03 -5.00640817 -4.84251739 -4.64166529 -4.36987243 -4.04085447 
5.33669923e-03 -4.83960393 -4.67710298 -4.47764969 -4.20874435 -3.88172715 
4.32876128e-03 -4.67309313 -4.51100050 -4.31466171 -4.04773836 -3.72404419 
3.51119173e-03 -4.50658233 -4.34553212 -4.15214241 -3.88648309 -3.56732899 
2.84803587e-03 -4.35665097 -4.20014949 -4.01101945 -3.74996558 -3.43586680 
2.31012970e-03 -4.22317173 -4.07290620 -3.89020458 -3.63782321 -3.33125593 
1.87381742e-03 -4.08268677 -3.94591407 -3.77113520 -3.52817069 -3.22948731 
1.51991108e-03 -3.94762848 -3.82047062 -3.65206896 -3.41649202 -3.12771869 
1.23284674e-03 -3.81223322 -3.69099640 -3.53131167 -3.30489688 -3.02595007 
1.00000000e-03 -3.68050677 -3.55990097 -3.41141860 -3.19376322 -2.92418146 
8.11130831e-04 -3.58321702 -3.46743323 -3.33341465 -3.13063173 -2.87659796 
6.57933225e-04 -3.47696011 -3.37840226 -3.25370267 -3.06413890 -2.83000295 
5.33669923e-04 -3.37937009 -3.28696933 -3.17147673 -2.99913011 -2.78920599 
4.32876128e-04 -3.28475092 -3.19723269 -3.09157512 -2.93605293 -2.72907230 
3.51119173e-04 -3.19013216 -3.10805000 -3.01167350 -2.87071841 -2.68029501 
2.84803587e-04 -3.11318242 -3.03591341 -2.94225464 -2.81695112 -2.64784491 
2.31012970e-04 -3.05177665 -2.97788866 -2.88894294 -2.77565498 -2.62141257 
1.87381742e-04 -2.98632855 -2.92306718 -2.83540992 -2.73654757 -2.59810741 
1.51991108e-04 -2.92759392 -2.86693451 -2.78296407 -2.68881900 -2.56854789 
1.23284674e-04 -2.87139806 -2.81299967 -2.73484443 -2.64409195 -2.53806327 
1.00000000e-04 -2.81863980 -2.76035099 -2.68085965 -2.59843267 -2.49958265 
8.11130831e-05 -2.79398552 -2.73838266 -2.65938943 -2.57825977 -2.47530358 
6.57933225e-05 -2.77408758 -2.71633955 -2.63900025 -2.55680764 -2.45753545 
5.33669923e-05 -2.75418986 -2.69448847 -2.61781895 -2.53692649 -2.43873637 
4.32876128e-05 -2.73330527 -2.67248267 -2.59833625 -2.51726477 -2.42237798 
3.51119173e-05 -2.71362357 -2.65040456 -2.57715942 -2.49628152 -2.40855569 
2.84803587e-05 -2.70049728 -2.63821887 -2.56412685 -2.48362605 -2.39934518 
2.31012970e-05 -2.69676759 -2.63360637 -2.55955723 -2.47929928 -2.39550035 
1.87381742e-05 -2.69521641 -2.62837051 -2.55513737 -2.47475301 -2.39130283 
1.51991108e-05 -2.69242753 -2.62390429 -2.55127757 -2.47022183 -2.38672306 
1.23284674e-05 -2.68810811 -2.61924844 -2.54666207 -2.46593883 -2.38251569 
1.00000000e-05 -2.68299760 -2.61430467 -2.54159884 -2.46182410 -2.37871029 
8.11130831e-06 -2.68241985 -2.61382581 -2.54119883 -2.46141411 -2.37826331 
6.57933225e-06 -2.68211920 -2.61336847 -2.54067125 -2.46100412 -2.37781633 
5.33669923e-06 -2.68181855 -2.61294404 -2.54020746 -2.46059155 -2.37736935 
4.32876128e-06 -2.68151790 -2.61253413 -2.53968792 -2.46002363 -2.37692237 
3.51119173e-06 -2.68121725 -2.61207173 -2.53910072 -2.45944760 -2.37647539 
2.84803587e-06 -2.68112500 -2.61178739 -2.53885645 -2.45918706 -2.37625011 
2.31012970e-06 -2.68124116 -2.61183466 -2.53895510 -2.45926997 -2.37624653 
1.87381742e-06 -2.68135731 -2.61188192 -2.53905376 -2.45936136 -2.37624295 
1.51991108e-06 -2.68147347 -2.61192919 -2.53912181 -2.45945276 -2.37623937 
1.23284674e-06 -2.68158962 -2.61197645 -2.53922320 -2.45954415 -2.37623579 
1.00000000e-06 -2.68170578 -2.61204897 -2.53926213 -2.45967642 -2.37623221 
8.11130831e-07 -2.68197137 -2.61229793 -2.53944955 -2.45996352 -2.37633408 
6.57933225e-07 -2.68223696 -2.61254689 -2.53963697 -2.46025062 -2.37643595 
5.33669923e-07 -2.68250255 -2.61278834 -2.53983952 -2.46051401 -2.37653782 
4.32876128e-07 -2.68276814 -2.61302854 -2.54004834 -2.46076426 -2.37663969 
3.51119173e-07 -2.68303373 -2.61326875 -2.54025715 -2.46103693 -2.37674156 
2.84803587e-07 -2.68333942 -2.61353648 -2.54049670 -2.46134338 -2.37689753 
2.31012970e-07 -2.68368520 -2.61383754 -2.54076699 -2.46166791 -2.37710760 
1.87381742e-07 -2.68403098 -2.61413860 -2.54105904 -2.46199326 -2.37731767 
1.51991108e-07 -2.68437676 -2.61443966 -2.54136548 -2.46233472 -2.37752773 
1.23284674e-07 -2.68472254 -2.61474072 -2.54167192 -2.46267618 -2.37779930 
1.00000000e-07 -2.68506832 -2.61504178 -2.54197836 -2.46300925 -2.37816469 
P (bar) | log_H2S: -2σ | log_H2S: -1σ | log_H2S: median | log_H2S: +1σ | log_H2S: +2σ 
1.00000000e+02 -3.65006413 -3.55933716 -3.47844936 -3.37864876 -3.27343095 
8.11130831e+01 -3.65205431 -3.56156343 -3.48090134 -3.38112387 -3.27653600 
6.57933225e+01 -3.65404449 -3.56378557 -3.48330299 -3.38362603 -3.27964105 
5.33669923e+01 -3.65604238 -3.56601765 -3.48570463 -3.38617086 -3.28274611 
4.32876128e+01 -3.65819399 -3.56840149 -3.48810627 -3.38871570 -3.28585116 
3.51119173e+01 -3.66034561 -3.57078534 -3.49050792 -3.39126053 -3.28895621 
2.84803587e+01 -3.66619730 -3.57686727 -3.49623086 -3.39705407 -3.29468833 
2.31012970e+01 -3.67657245 -3.58584209 -3.50546783 -3.40581629 -3.30342526 
1.87381742e+01 -3.68727411 -3.59547344 -3.51463606 -3.41481607 -3.31216220 
1.51991108e+01 -3.69664114 -3.60475484 -3.52388651 -3.42390093 -3.32080591 
1.23284674e+01 -3.70641757 -3.61384515 -3.53319205 -3.43291525 -3.32923372 
1.00000000e+01 -3.71519919 -3.62284223 -3.54249759 -3.44184665 -3.33734848 
8.11130831e+00 -3.73329899 -3.63972268 -3.55861130 -3.45708313 -3.35253158 
6.57933225e+00 -3.75229277 -3.65705499 -3.57472502 -3.47254114 -3.36771469 
5.33669923e+00 -3.77146107 -3.67495405 -3.59041548 -3.48800782 -3.38289780 
4.32876128e+00 -3.79062937 -3.69259471 -3.60653625 -3.50347450 -3.39808090 
3.51119173e+00 -3.80979767 -3.70934728 -3.62270059 -3.51894118 -3.41338663 
2.84803587e+00 -3.82428988 -3.72405357 -3.63761474 -3.53439550 -3.43051083 
2.31012970e+00 -3.83410600 -3.73572132 -3.65157982 -3.55000490 -3.44925753 
1.87381742e+00 -3.84392213 -3.74692961 -3.66521770 -3.56601041 -3.46723924 
1.51991108e+00 -3.85373826 -3.75940672 -3.67885558 -3.58177626 -3.48485788 
1.23284674e+00 -3.86447785 -3.77194969 -3.69271357 -3.59790426 -3.50059926 
1.00000000e+00 -3.87337051 -3.78379140 -3.70662433 -3.61386730 -3.51590142 
8.11130831e-01 -3.87648255 -3.78879338 -3.71256653 -3.62071362 -3.52215816 
6.57933225e-01 -3.88035646 -3.79483061 -3.71917660 -3.62710875 -3.52841490 
5.33669923e-01 -3.88270664 -3.79977858 -3.72541965 -3.63247767 -3.53467163 
4.32876128e-01 -3.88581868 -3.80587112 -3.73155235 -3.63833094 -3.54092837 
3.51119173e-01 -3.88893072 -3.81200900 -3.73727371 -3.64510060 -3.54718510 
2.84803587e-01 -3.89166298 -3.81458101 -3.74087365 -3.64887880 -3.55080493 
2.31012970e-01 -3.89277063 -3.81556420 -3.74206178 -3.64999069 -3.55178785 
1.87381742e-01 -3.89387828 -3.81654740 -3.74309621 -3.65110259 -3.55277077 
1.51991108e-01 -3.89498594 -3.81752971 -3.74413064 -3.65214092 -3.55375369 
1.23284674e-01 -3.89609359 -3.81849983 -3.74516507 -3.65314645 -3.55473661 
1.00000000e-01 -3.89720124 -3.81954766 -3.74619950 -3.65415199 -3.55571953 
8.11130831e-02 -3.89743378 -3.81976120 -3.74643877 -3.65438607 -3.55594251 
6.57933225e-02 -3.89766632 -3.81997474 -3.74667805 -3.65462014 -3.55616549 
5.33669923e-02 -3.89789886 -3.82018828 -3.74691733 -3.65485422 -3.55638847 
4.32876128e-02 -3.89813140 -3.82040182 -3.74715660 -3.65508829 -3.55661145 
3.51119173e-02 -3.89836393 -3.82061536 -3.74739588 -3.65532237 -3.55683443 
2.84803587e-02 -3.89861452 -3.82090260 -3.74769900 -3.65562163 -3.55711566 
2.31012970e-02 -3.89888316 -3.82126354 -3.74806596 -3.65598609 -3.55745514 
1.87381742e-02 -3.89915180 -3.82158605 -3.74843291 -3.65635054 -3.55779462 
1.51991108e-02 -3.89942044 -3.82190838 -3.74879987 -3.65671499 -3.55813410 
1.23284674e-02 -3.89968907 -3.82223072 -3.74916683 -3.65707944 -3.55847358 
1.00000000e-02 -3.89995771 -3.82255305 -3.74953379 -3.65744389 -3.55881307 
8.11130831e-03 -3.90163929 -3.82442160 -3.75160427 -3.65920457 -3.56041720 
6.57933225e-03 -3.90332087 -3.82675394 -3.75315721 -3.66111089 -3.56202133 
5.33669923e-03 -3.90500244 -3.82886919 -3.75471014 -3.66279440 -3.56362547 
4.32876128e-03 -3.90668402 -3.83041738 -3.75649690 -3.66437467 -3.56522960 
3.51119173e-03 -3.90909504 -3.83190050 -3.75811839 -3.66593035 -3.56683373 
2.84803587e-03 -3.91469899 -3.83568708 -3.76131347 -3.66903628 -3.56904507 
2.31012970e-03 -3.92567192 -3.84188340 -3.76617518 -3.67343349 -3.57186361 
1.87381742e-03 -3.93445909 -3.84783566 -3.77131224 -3.67733948 -3.57468215 
1.51991108e-03 -3.94148267 -3.85398173 -3.77521980 -3.68132519 -3.57750068 
1.23284674e-03 -3.94843815 -3.86023973 -3.78037147 -3.68505221 -3.58031922 
1.00000000e-03 -3.95711346 -3.86623717 -3.78496061 -3.68892794 -3.58313776 
8.11130831e-04 -3.96529907 -3.87200594 -3.78818416 -3.69137171 -3.58530963 
6.57933225e-04 -3.97368952 -3.87816511 -3.79137444 -3.69394794 -3.58748150 
5.33669923e-04 -3.98619660 -3.88267085 -3.79442928 -3.69667403 -3.58965337 
4.32876128e-04 -3.99565289 -3.88779905 -3.79753369 -3.69897528 -3.59182524 
3.51119173e-04 -4.00259042 -3.89330584 -3.80026787 -3.70151894 -3.59399711 
2.84803587e-04 -4.00648800 -3.89688832 -3.80334549 -3.70424099 -3.59731415 
2.31012970e-04 -4.00821099 -3.89987294 -3.80624545 -3.70792209 -3.60177636 
1.87381742e-04 -4.01106531 -3.90216284 -3.80921038 -3.71129794 -3.60623858 
1.51991108e-04 -4.01464681 -3.90479554 -3.81162765 -3.71458918 -3.61070079 
1.23284674e-04 -4.01862145 -3.90757242 -3.81435594 -3.71792245 -3.61516300 
1.00000000e-04 -4.02161164 -3.91045795 -3.81727979 -3.72136163 -3.62049589 
8.11130831e-05 -4.02266821 -3.91361506 -3.82099236 -3.72554513 -3.62614415 
6.57933225e-05 -4.02372479 -3.91634446 -3.82476320 -3.72968042 -3.63179241 
5.33669923e-05 -4.02478136 -3.91909478 -3.82841001 -3.73386417 -3.63744068 
4.32876128e-05 -4.02684680 -3.92235657 -3.83155459 -3.73762847 -3.64308894 
3.51119173e-05 -4.02846123 -3.92621201 -3.83483839 -3.74166159 -3.64791546 
2.84803587e-05 -4.02883362 -3.92873309 -3.83727893 -3.74416599 -3.65055051 
2.31012970e-05 -4.02905192 -3.92987891 -3.83851353 -3.74534827 -3.65177606 
1.87381742e-05 -4.03010901 -3.93102365 -3.84010641 -3.74643086 -3.65327258 
1.51991108e-05 -4.03116609 -3.93216840 -3.84132195 -3.74751345 -3.65476910 
1.23284674e-05 -4.03103177 -3.93314774 -3.84272616 -3.74867285 -3.65593837 
1.00000000e-05 -4.03086270 -3.93431046 -3.84408983 -3.74997770 -3.65697283 
8.11130831e-06 -4.02809249 -3.93369044 -3.84376294 -3.74998155 -3.65700781 
6.57933225e-06 -4.02528678 -3.93307042 -3.84343604 -3.74993437 -3.65704278 
5.33669923e-06 -4.02323467 -3.93245040 -3.84310915 -3.74988719 -3.65707776 
4.32876128e-06 -4.02172493 -3.93183037 -3.84278225 -3.74984000 -3.65711273 
3.51119173e-06 -4.02030236 -3.93117314 -3.84245536 -3.74980518 -3.65714771 
2.84803587e-06 -4.01833303 -3.93005408 -3.84178406 -3.74953689 -3.65704807 
2.31012970e-06 -4.01572349 -3.92801564 -3.84106659 -3.74903178 -3.65681381 
1.87381742e-06 -4.01169820 -3.92616901 -3.84034913 -3.74852667 -3.65657955 
1.51991108e-06 -4.00835473 -3.92432239 -3.83963166 -3.74801132 -3.65634529 
1.23284674e-06 -4.00450888 -3.92247577 -3.83891852 -3.74744998 -3.65611104 
1.00000000e-06 -4.00067812 -3.92088115 -3.83830352 -3.74689502 -3.65587678 
8.11130831e-07 -3.99735728 -3.91877173 -3.83665393 -3.74598855 -3.65531469 
6.57933225e-07 -3.99403644 -3.91617743 -3.83523524 -3.74496575 -3.65475260 
5.33669923e-07 -3.99038245 -3.91376301 -3.83345793 -3.74390351 -3.65419051 
4.32876128e-07 -3.98685576 -3.91109681 -3.83190398 -3.74291725 -3.65362842 
3.51119173e-07 -3.98407392 -3.90875730 -3.83049668 -3.74194387 -3.65297813 
2.84803587e-07 -3.98123121 -3.90654322 -3.82876902 -3.74075387 -3.65206934 
2.31012970e-07 -3.97899813 -3.90460860 -3.82655844 -3.73937463 -3.65095389 
1.87381742e-07 -3.97635859 -3.90262546 -3.82497231 -3.73799538 -3.64983844 
1.51991108e-07 -3.97339278 -3.90050398 -3.82327647 -3.73661761 -3.64872299 
1.23284674e-07 -3.97042697 -3.89837736 -3.82091444 -3.73530646 -3.64760754 
1.00000000e-07 -3.96773118 -3.89625074 -3.81928009 -3.73394530 -3.64649210 
P (bar) | log_NH3: -2σ | log_NH3: -1σ | log_NH3: median | log_NH3: +1σ | log_NH3: +2σ 
1.00000000e+02 -2.92554180 -2.83124303 -2.74638074 -2.64205863 -2.53460049 
8.11130831e+01 -2.92830894 -2.83400723 -2.74922827 -2.64521079 -2.53818864 
6.57933225e+01 -2.93180077 -2.83670622 -2.75227080 -2.64836294 -2.54150328 
5.33669923e+01 -2.93543696 -2.83940521 -2.75521291 -2.65124468 -2.54481792 
4.32876128e+01 -2.93870802 -2.84217530 -2.75823894 -2.65445104 -2.54813256 
3.51119173e+01 -2.94160801 -2.84529067 -2.76116145 -2.65747729 -2.55144720 
2.84803587e+01 -2.95249562 -2.85555578 -2.77125793 -2.66761222 -2.56138322 
2.31012970e+01 -2.96905394 -2.87238394 -2.78866477 -2.68451997 -2.57705988 
1.87381742e+01 -2.98582271 -2.88970041 -2.80596249 -2.70169464 -2.59230931 
1.51991108e+01 -3.00384735 -2.90845913 -2.82312116 -2.71862873 -2.60901802 
1.23284674e+01 -3.02187200 -2.92542876 -2.84037950 -2.73593192 -2.62537893 
1.00000000e+01 -3.04045032 -2.94306918 -2.85763785 -2.75213494 -2.64138865 
8.11130831e+00 -3.08855546 -2.99223172 -2.90306157 -2.79470585 -2.68382370 
6.57933225e+00 -3.14006064 -3.04034301 -2.94786649 -2.83739216 -2.72625875 
5.33669923e+00 -3.19147268 -3.08852336 -2.99299807 -2.87972062 -2.76869380 
4.32876128e+00 -3.24319404 -3.13691071 -3.03830583 -2.92240516 -2.80752751 
3.51119173e+00 -3.29582534 -3.18456648 -3.08332357 -2.96470309 -2.84820487 
2.84803587e+00 -3.35895370 -3.24480733 -3.14077117 -3.02055596 -2.90390861 
2.31012970e+00 -3.43452849 -3.31661310 -3.21145901 -3.08965025 -2.97175945 
1.87381742e+00 -3.50969394 -3.38824232 -3.28167508 -3.15757016 -3.04047740 
1.51991108e+00 -3.58355338 -3.46052970 -3.35231907 -3.22660511 -3.10932151 
1.23284674e+00 -3.66002722 -3.53256947 -3.42213829 -3.29614014 -3.17816563 
1.00000000e+00 -3.73708226 -3.60432832 -3.49191272 -3.36586225 -3.24669121 
8.11130831e-01 -3.82342755 -3.68835546 -3.57527868 -3.44938350 -3.32989282 
6.57933225e-01 -3.90977284 -3.77283363 -3.65901147 -3.53271718 -3.41309443 
5.33669923e-01 -3.99608752 -3.85745579 -3.74265688 -3.61603374 -3.49629604 
4.32876128e-01 -4.08194712 -3.94173328 -3.82615739 -3.69975271 -3.57949765 
3.51119173e-01 -4.16780673 -4.02580488 -3.90962605 -3.78336328 -3.66269926 
2.84803587e-01 -4.25538697 -4.11232972 -3.99563482 -3.86939169 -3.74852481 
2.31012970e-01 -4.34468784 -4.20111323 -4.08416776 -3.95789163 -3.83697431 
1.87381742e-01 -4.43398871 -4.28982885 -4.17268965 -4.04634593 -3.92542381 
1.51991108e-01 -4.52328958 -4.37848093 -4.26123365 -4.13467697 -4.01387331 
1.23284674e-01 -4.61259046 -4.46713301 -4.34976659 -4.22300800 -4.10232281 
1.00000000e-01 -4.70189133 -4.55578509 -4.43829953 -4.31141979 -4.19077231 
8.11130831e-02 -4.79229190 -4.64597983 -4.52845626 -4.40154597 -4.28090197 
6.57933225e-02 -4.88269248 -4.73617457 -4.61861300 -4.49167215 -4.37103163 
5.33669923e-02 -4.97309305 -4.82636931 -4.70876973 -4.58179833 -4.46116129 
4.32876128e-02 -5.06349362 -4.91657621 -4.79892647 -4.67192451 -4.55129095 
3.51119173e-02 -5.15389420 -5.00681829 -4.88908320 -4.76205069 -4.64142061 
2.84803587e-02 -5.24446621 -5.09728610 -4.97949414 -4.85244066 -4.73181095 
2.31012970e-02 -5.33520965 -5.18797964 -5.07015930 -4.94309441 -4.82246196 
1.87381742e-02 -5.42595309 -5.27867318 -5.16082445 -5.03374817 -4.91311297 
1.51991108e-02 -5.51669654 -5.36936672 -5.25148960 -5.12440193 -5.00376398 
1.23284674e-02 -5.60743998 -5.46006027 -5.34215475 -5.21505568 -5.09441499 
1.00000000e-02 -5.69818343 -5.55075381 -5.43281991 -5.30570944 -5.18506600 
8.11130831e-03 -5.78899504 -5.64155387 -5.52360561 -5.39648693 -5.27583094 
6.57933225e-03 -5.87980665 -5.73235393 -5.61439132 -5.48726443 -5.36659589 
5.33669923e-03 -5.97061826 -5.82315400 -5.70517702 -5.57804193 -5.45736083 
4.32876128e-03 -6.06142988 -5.91395406 -5.79596324 -5.66881943 -5.54812577 
3.51119173e-03 -6.15224149 -6.00475412 -5.88675019 -5.75959692 -5.63889072 
2.84803587e-03 -6.24303225 -6.09554792 -5.97753504 -5.85038033 -5.72966585 
2.31012970e-03 -6.33380215 -6.18633545 -6.06831778 -5.94116965 -5.82045118 
1.87381742e-03 -6.42457205 -6.27712298 -6.15910052 -6.03195897 -5.91123651 
1.51991108e-03 -6.51534196 -6.36791052 -6.24988326 -6.12274829 -6.00202183 
1.23284674e-03 -6.60611186 -6.45869805 -6.34066600 -6.21353761 -6.09280716 
1.00000000e-03 -6.69688176 -6.54948558 -6.43144920 -6.30432693 -6.18359248 
8.11130831e-04 -6.78770600 -6.64033141 -6.52229391 -6.39517032 -6.27441257 
6.57933225e-04 -6.87853024 -6.73117724 -6.61313909 -6.48601372 -6.36523266 
5.33669923e-04 -6.96935448 -6.82202307 -6.70398426 -6.57685711 -6.45605275 
4.32876128e-04 -7.06017872 -6.91286890 -6.79482943 -6.66770051 -6.54687284 
3.51119173e-04 -7.15100296 -7.00371473 -6.88567461 -6.75854390 -6.63769293 
2.84803587e-04 -7.24185765 -7.09457494 -6.97652265 -6.84937256 -6.72847329 
2.31012970e-04 -7.33274279 -7.18544953 -7.06737355 -6.94018649 -6.81921394 
1.87381742e-04 -7.42362793 -7.27632413 -7.15822446 -7.03100041 -6.90995458 
1.51991108e-04 -7.51451307 -7.36719872 -7.24907536 -7.12181434 -7.00069523 
1.23284674e-04 -7.60539821 -7.45807331 -7.33992627 -7.21262827 -7.09143587 
1.00000000e-04 -7.69628335 -7.54894790 -7.43077717 -7.30344219 -7.18217652 
8.11130831e-05 -7.78718157 -7.63982346 -7.52162928 -7.39426584 -7.27295819 
6.57933225e-05 -7.87807978 -7.73069902 -7.61248138 -7.48508949 -7.36373985 
5.33669923e-05 -7.96897799 -7.82157459 -7.70333348 -7.57591315 -7.45452152 
4.32876128e-05 -8.05987621 -7.91245015 -7.79418559 -7.66673680 -7.54530318 
3.51119173e-05 -8.15077442 -8.00332571 -7.88503769 -7.75756045 -7.63608485 
2.84803587e-05 -8.24167993 -8.09421440 -7.97591129 -7.84841682 -7.72691669 
2.31012970e-05 -8.33259273 -8.18511622 -8.06680639 -7.93930590 -7.81779870 
1.87381742e-05 -8.42350553 -8.27601804 -8.15770149 -8.03019499 -7.90868072 
1.51991108e-05 -8.51441834 -8.36691986 -8.24859659 -8.12108407 -7.99956273 
1.23284674e-05 -8.60533114 -8.45782167 -8.33949169 -8.21197316 -8.09044474 
1.00000000e-05 -8.69624394 -8.54872349 -8.43038679 -8.30286224 -8.18132676 
8.11130831e-06 -8.78717376 -8.63964328 -8.52130257 -8.39377431 -8.27223633 
6.57933225e-06 -8.87810358 -8.73056307 -8.61221834 -8.48468638 -8.36314590 
5.33669923e-06 -8.96903340 -8.82148286 -8.70313412 -8.57559845 -8.45405547 
4.32876128e-06 -9.05996323 -8.91240265 -8.79404989 -8.66651053 -8.54496504 
3.51119173e-06 -9.15089305 -9.00332244 -8.88496567 -8.75742260 -8.63587461 
2.84803587e-06 -9.24183171 -9.09425041 -8.97588871 -8.84834044 -8.72678897 
2.31012970e-06 -9.33277922 -9.18518658 -9.06681902 -8.93926406 -8.81770811 
1.87381742e-06 -9.42372674 -9.27612274 -9.15774932 -9.03018767 -8.90862726 
1.51991108e-06 -9.51467425 -9.36705890 -9.24867963 -9.12111129 -8.99954640 
1.23284674e-06 -9.60562176 -9.45799506 -9.33960994 -9.21203491 -9.09046554 
1.00000000e-06 -9.69656927 -9.54893123 -9.43054025 -9.30295852 -9.18138468 
8.11130831e-07 -9.78752998 -9.63988529 -9.52148953 -9.39389875 -9.27231759 
6.57933225e-07 -9.87849069 -9.73083936 -9.61243882 -9.48483897 -9.36325050 
5.33669923e-07 -9.96945140 -9.82179342 -9.70338810 -9.57577919 -9.45418340 
4.32876128e-07 -10.06041211 -9.91274749 -9.79433738 -9.66671942 -9.54511631 
3.51119173e-07 -10.15137282 -10.00370156 -9.88528666 -9.75765964 -9.63604921 
2.84803587e-07 -10.24233526 -10.09466080 -9.97624345 -9.84860850 -9.72699106 
2.31012970e-07 -10.33329945 -10.18562522 -10.06720773 -9.93956598 -9.81794183 
1.87381742e-07 -10.42426363 -10.27658964 -10.15817202 -10.03052347 -9.90889261 
1.51991108e-07 -10.51522781 -10.36755405 -10.24913631 -10.12148096 -9.99984339 
1.23284674e-07 -10.60619200 -10.45851847 -10.34010060 -10.21243844 -10.09079416 
1.00000000e-07 -10.69715618 -10.54948289 -10.43106488 -10.30339593 -10.18174494 
P (bar) | log_CH4: -2σ | log_CH4: -1σ | log_CH4: median | log_CH4: +1σ | log_CH4: +2σ 
1.00000000e+02 -2.64599115 -2.57206039 -2.49267209 -2.40687936 -2.30549281 
8.11130831e+01 -2.64599725 -2.57206928 -2.49268236 -2.40689228 -2.30550959 
6.57933225e+01 -2.64600335 -2.57207816 -2.49269263 -2.40690520 -2.30552637 
5.33669923e+01 -2.64600945 -2.57208705 -2.49270289 -2.40691812 -2.30554316 
4.32876128e+01 -2.64601554 -2.57209593 -2.49271316 -2.40693104 -2.30555994 
3.51119173e+01 -2.64602164 -2.57210482 -2.49272343 -2.40694396 -2.30557673 
2.84803587e+01 -2.64604249 -2.57213318 -2.49275534 -2.40698141 -2.30562236 
2.31012970e+01 -2.64607809 -2.57218103 -2.49280888 -2.40704340 -2.30569684 
1.87381742e+01 -2.64611369 -2.57222887 -2.49286242 -2.40710539 -2.30577131 
1.51991108e+01 -2.64614929 -2.57227671 -2.49291596 -2.40716738 -2.30584579 
1.23284674e+01 -2.64618489 -2.57232455 -2.49296951 -2.40722936 -2.30592027 
1.00000000e+01 -2.64622049 -2.57237240 -2.49302305 -2.40729135 -2.30599475 
8.11130831e+00 -2.64629237 -2.57246047 -2.49311817 -2.40740530 -2.30614639 
6.57933225e+00 -2.64636425 -2.57254855 -2.49321330 -2.40751926 -2.30629804 
5.33669923e+00 -2.64643613 -2.57263663 -2.49330842 -2.40763321 -2.30644969 
4.32876128e+00 -2.64650801 -2.57272470 -2.49340355 -2.40774716 -2.30660134 
3.51119173e+00 -2.64657990 -2.57281278 -2.49349867 -2.40786111 -2.30675299 
2.84803587e+00 -2.64664620 -2.57289585 -2.49358832 -2.40796483 -2.30691694 
2.31012970e+00 -2.64670692 -2.57297392 -2.49367248 -2.40805624 -2.30709319 
1.87381742e+00 -2.64676765 -2.57305199 -2.49375665 -2.40814764 -2.30726944 
1.51991108e+00 -2.64682837 -2.57313007 -2.49384082 -2.40823905 -2.30744569 
1.23284674e+00 -2.64688910 -2.57320814 -2.49392498 -2.40833046 -2.30762194 
1.00000000e+00 -2.64694982 -2.57328621 -2.49400915 -2.40842186 -2.30779819 
8.11130831e-01 -2.64698271 -2.57332706 -2.49405220 -2.40846631 -2.30787567 
6.57933225e-01 -2.64701560 -2.57336792 -2.49409524 -2.40851077 -2.30795314 
5.33669923e-01 -2.64704849 -2.57340878 -2.49413829 -2.40855522 -2.30803062 
4.32876128e-01 -2.64708138 -2.57344963 -2.49418133 -2.40859967 -2.30810809 
3.51119173e-01 -2.64711427 -2.57349049 -2.49422438 -2.40864412 -2.30818557 
2.84803587e-01 -2.64714248 -2.57352499 -2.49426092 -2.40868300 -2.30824358 
2.31012970e-01 -2.64716601 -2.57355313 -2.49429096 -2.40871630 -2.30828213 
1.87381742e-01 -2.64718954 -2.57357986 -2.49432099 -2.40874961 -2.30832067 
1.51991108e-01 -2.64721307 -2.57360588 -2.49435103 -2.40878291 -2.30835921 
1.23284674e-01 -2.64723660 -2.57363191 -2.49438107 -2.40881621 -2.30839776 
1.00000000e-01 -2.64726013 -2.57365793 -2.49441111 -2.40884952 -2.30843630 
8.11130831e-02 -2.64740604 -2.57383063 -2.49459895 -2.40906796 -2.30862609 
6.57933225e-02 -2.64755195 -2.57400333 -2.49478680 -2.40928640 -2.30881588 
5.33669923e-02 -2.64769786 -2.57417603 -2.49497465 -2.40950484 -2.30900567 
4.32876128e-02 -2.64784377 -2.57434873 -2.49516249 -2.40972329 -2.30919546 
3.51119173e-02 -2.64798969 -2.57452143 -2.49535034 -2.40994173 -2.30938525 
2.84803587e-02 -2.64876026 -2.57543173 -2.49633124 -2.41099530 -2.31033438 
2.31012970e-02 -2.65015550 -2.57707964 -2.49810521 -2.41278850 -2.31204286 
1.87381742e-02 -2.65155074 -2.57870098 -2.50004605 -2.41463923 -2.31375134 
1.51991108e-02 -2.65294599 -2.58033361 -2.50206632 -2.41666301 -2.31545982 
1.23284674e-02 -2.65434123 -2.58204235 -2.50362818 -2.41857570 -2.31716830 
1.00000000e-02 -2.65578119 -2.58379875 -2.50520108 -2.42048840 -2.31887678 
8.11130831e-03 -2.66907293 -2.59707140 -2.51952609 -2.43493738 -2.32971423 
6.57933225e-03 -2.68236466 -2.60962319 -2.53311718 -2.44832171 -2.34234559 
5.33669923e-03 -2.69448197 -2.62280199 -2.54670380 -2.46160397 -2.35612105 
4.32876128e-03 -2.70744579 -2.63619559 -2.56054064 -2.47565792 -2.36989652 
3.51119173e-03 -2.72040961 -2.64963280 -2.57310619 -2.48974917 -2.38367199 
2.84803587e-03 -2.75371760 -2.68198501 -2.60726790 -2.52159058 -2.41397447 
2.31012970e-03 -2.80736978 -2.73659435 -2.65800301 -2.57100791 -2.45562852 
1.87381742e-03 -2.85852725 -2.79008828 -2.70831957 -2.61820436 -2.49639640 
1.51991108e-03 -2.91504308 -2.84609098 -2.75934638 -2.66737066 -2.53331306 
1.23284674e-03 -2.96725842 -2.90029264 -2.81016853 -2.71855781 -2.57657277 
1.00000000e-03 -3.01899120 -2.95300818 -2.86275863 -2.76330163 -2.61253052 
8.11130831e-04 -3.12975177 -3.05654320 -2.95960929 -2.84746631 -2.68430681 
6.57933225e-04 -3.24517491 -3.16224439 -3.05555328 -2.92986872 -2.75018360 
5.33669923e-04 -3.35694702 -3.26831575 -3.15138824 -3.01357184 -2.81630483 
4.32876128e-04 -3.48042160 -3.37232004 -3.24913237 -3.09933969 -2.89133182 
3.51119173e-04 -3.59773710 -3.48015336 -3.34505475 -3.18031222 -2.96327397 
2.84803587e-04 -3.73518930 -3.60239393 -3.45406379 -3.28053092 -3.04719384 
2.31012970e-04 -3.88860482 -3.74323876 -3.58112703 -3.39158329 -3.14636549 
1.87381742e-04 -4.03947746 -3.88132260 -3.70669166 -3.50500274 -3.24691222 
1.51991108e-04 -4.18900538 -4.02038075 -3.83254387 -3.61631370 -3.34872986 
1.23284674e-04 -4.34338602 -4.15764973 -3.95725547 -3.72795254 -3.44727672 
1.00000000e-04 -4.49771445 -4.29723788 -4.08466219 -3.84080197 -3.54582357 
8.11130831e-05 -4.66823794 -4.45731275 -4.23743388 -3.99033424 -3.68830750 
6.57933225e-05 -4.83844291 -4.61806141 -4.39000964 -4.13591767 -3.83079143 
5.33669923e-05 -5.00912407 -4.77988924 -4.54297724 -4.28018988 -3.97327535 
4.32876128e-05 -5.18218522 -4.93967534 -4.69574892 -4.42736815 -4.11575928 
3.51119173e-05 -5.35369673 -5.10204012 -4.84735591 -4.57238902 -4.25824321 
2.84803587e-05 -5.53210649 -5.27050259 -5.01101272 -4.73170111 -4.41615352 
2.31012970e-05 -5.71276558 -5.44691447 -5.18639324 -4.90559774 -4.59216689 
1.87381742e-05 -5.89342467 -5.62324070 -5.36156566 -5.07991260 -4.76930261 
1.51991108e-05 -6.07408376 -5.79959497 -5.53712798 -5.25379229 -4.94643834 
1.23284674e-05 -6.25362355 -5.97606414 -5.71111206 -5.42722057 -5.12030299 
1.00000000e-05 -6.43201152 -6.15315649 -5.88579050 -5.60025659 -5.29321237 
8.11130831e-06 -6.61512821 -6.33593397 -6.06756043 -5.78173265 -5.47432073 
6.57933225e-06 -6.79824490 -6.51844050 -6.24933036 -5.96320870 -5.65542910 
5.33669923e-06 -6.98136159 -6.70148155 -6.43118434 -6.14468476 -5.83653746 
4.32876128e-06 -7.16478772 -6.88448586 -6.61357853 -6.32616081 -6.01764583 
3.51119173e-06 -7.34933556 -7.06727671 -6.79543582 -6.50763687 -6.19875419 
2.84803587e-06 -7.53539928 -7.25130295 -6.97841745 -6.69014566 -6.38066251 
2.31012970e-06 -7.72297888 -7.43620995 -7.16201469 -6.87331886 -6.56337079 
1.87381742e-06 -7.91055847 -7.62080998 -7.34624613 -7.05634498 -6.74607907 
1.51991108e-06 -8.09813807 -7.80602673 -7.53012627 -7.23937111 -6.92878734 
1.23284674e-06 -8.28571767 -7.99273077 -7.71400642 -7.42239723 -7.11149562 
1.00000000e-06 -8.47757680 -8.17768613 -7.89737400 -7.60551841 -7.29398888 
8.11130831e-07 -8.67074920 -8.36551393 -8.08269106 -7.79010620 -7.47729978 
6.57933225e-07 -8.86392159 -8.55415452 -8.26859999 -7.97469400 -7.66061068 
5.33669923e-07 -9.05709399 -8.74018765 -8.45426037 -8.15932883 -7.84392158 
4.32876128e-07 -9.25026639 -8.92769763 -8.64017682 -8.34401531 -8.02723248 
3.51119173e-07 -9.44343879 -9.11555161 -8.82733261 -8.52870179 -8.21054338 
2.84803587e-07 -9.63547334 -9.30352186 -9.01382442 -8.71384122 -8.39432568 
2.31012970e-07 -9.82516801 -9.49205739 -9.20087190 -8.89943358 -8.57857938 
1.87381742e-07 -10.01486269 -9.68052737 -9.38785965 -9.08502595 -8.76258019 
1.51991108e-07 -10.20455737 -9.86877239 -9.57484740 -9.27061831 -8.94601797 
1.23284674e-07 -10.39425204 -10.05671054 -9.76179201 -9.45621067 -9.12945574 
1.00000000e-07 -10.58394672 -10.24464868 -9.94878391 -9.64180304 -9.31289352 
