Chemical species: H2 He H2O CO2 SO2 H2S NH3 CH4
P (bar) | log_H2: -2σ | log_H2: -1σ | log_H2: median | log_H2: +1σ | log_H2: +2σ 
1.00000000e+02 -0.11346662 -0.10322972 -0.09198800 -0.08361580 -0.07704645 
8.11130831e+01 -0.11346662 -0.10322972 -0.09198800 -0.08361580 -0.07704645 
6.57933225e+01 -0.11346662 -0.10322972 -0.09198800 -0.08361580 -0.07704645 
5.33669923e+01 -0.11346662 -0.10322972 -0.09198800 -0.08361580 -0.07704645 
4.32876128e+01 -0.11346662 -0.10322972 -0.09198800 -0.08361580 -0.07704645 
3.51119173e+01 -0.11346662 -0.10322972 -0.09198800 -0.08361580 -0.07704645 
2.84803587e+01 -0.11346662 -0.10322972 -0.09198800 -0.08361580 -0.07704645 
2.31012970e+01 -0.11346662 -0.10322972 -0.09198800 -0.08361580 -0.07704645 
1.87381742e+01 -0.11346662 -0.10322972 -0.09198800 -0.08361580 -0.07704645 
1.51991108e+01 -0.11346662 -0.10322972 -0.09198800 -0.08361580 -0.07704645 
1.23284674e+01 -0.11346662 -0.10322972 -0.09198800 -0.08361580 -0.07704645 
1.00000000e+01 -0.11346662 -0.10322972 -0.09198800 -0.08361580 -0.07704645 
8.11130831e+00 -0.11346662 -0.10322972 -0.09198800 -0.08361580 -0.07704645 
6.57933225e+00 -0.11346662 -0.10322972 -0.09198800 -0.08361580 -0.07704645 
5.33669923e+00 -0.11346662 -0.10322972 -0.09198800 -0.08361580 -0.07704645 
4.32876128e+00 -0.11346662 -0.10322972 -0.09198800 -0.08361580 -0.07704645 
3.51119173e+00 -0.11346662 -0.10322972 -0.09198800 -0.08361580 -0.07704645 
2.84803587e+00 -0.11346662 -0.10322972 -0.09198800 -0.08361580 -0.07704645 
2.31012970e+00 -0.11346662 -0.10322972 -0.09198800 -0.08361580 -0.07704645 
1.87381742e+00 -0.11346662 -0.10322972 -0.09198800 -0.08361580 -0.07704645 
1.51991108e+00 -0.11346662 -0.10322972 -0.09198800 -0.08361580 -0.07704645 
1.23284674e+00 -0.11346662 -0.10322972 -0.09198800 -0.08361580 -0.07704645 
1.00000000e+00 -0.11346662 -0.10322972 -0.09198800 -0.08361580 -0.07704645 
8.11130831e-01 -0.11346662 -0.10322972 -0.09198800 -0.08361580 -0.07704645 
6.57933225e-01 -0.11346662 -0.10322972 -0.09198800 -0.08361580 -0.07704645 
5.33669923e-01 -0.11346662 -0.10322972 -0.09198800 -0.08361580 -0.07704645 
4.32876128e-01 -0.11346662 -0.10322972 -0.09198800 -0.08361580 -0.07704645 
3.51119173e-01 -0.11346662 -0.10322972 -0.09198800 -0.08361580 -0.07704645 
2.84803587e-01 -0.11346662 -0.10322972 -0.09198800 -0.08361580 -0.07704645 
2.31012970e-01 -0.11346662 -0.10322972 -0.09198800 -0.08361580 -0.07704645 
1.87381742e-01 -0.11346662 -0.10322972 -0.09198800 -0.08361580 -0.07704645 
1.51991108e-01 -0.11346662 -0.10322972 -0.09198800 -0.08361580 -0.07704645 
1.23284674e-01 -0.11346662 -0.10322972 -0.09198800 -0.08361580 -0.07704645 
1.00000000e-01 -0.11346662 -0.10322972 -0.09198800 -0.08361580 -0.07704645 
8.11130831e-02 -0.11346662 -0.10322972 -0.09198800 -0.08361580 -0.07704645 
6.57933225e-02 -0.11346662 -0.10322972 -0.09198800 -0.08361580 -0.07704645 
5.33669923e-02 -0.11346662 -0.10322972 -0.09198800 -0.08361580 -0.07704645 
4.32876128e-02 -0.11346662 -0.10322972 -0.09198800 -0.08361580 -0.07704645 
3.51119173e-02 -0.11346662 -0.10322972 -0.09198800 -0.08361580 -0.07704645 
2.84803587e-02 -0.11346662 -0.10322972 -0.09198800 -0.08361580 -0.07704645 
2.31012970e-02 -0.11346662 -0.10322972 -0.09198800 -0.08361580 -0.07704645 
1.87381742e-02 -0.11346662 -0.10322972 -0.09198800 -0.08361580 -0.07704645 
1.51991108e-02 -0.11346662 -0.10322972 -0.09198800 -0.08361580 -0.07704645 
1.23284674e-02 -0.11346662 -0.10322972 -0.09198800 -0.08361580 -0.07704645 
1.00000000e-02 -0.11346662 -0.10322972 -0.09198800 -0.08361580 -0.07704645 
8.11130831e-03 -0.11346662 -0.10322972 -0.09198800 -0.08361580 -0.07704645 
6.57933225e-03 -0.11346662 -0.10322972 -0.09198800 -0.08361580 -0.07704645 
5.33669923e-03 -0.11346662 -0.10322972 -0.09198800 -0.08361580 -0.07704645 
4.32876128e-03 -0.11346662 -0.10322972 -0.09198800 -0.08361580 -0.07704645 
3.51119173e-03 -0.11346662 -0.10322972 -0.09198800 -0.08361580 -0.07704645 
2.84803587e-03 -0.11346662 -0.10322972 -0.09198800 -0.08361580 -0.07704645 
2.31012970e-03 -0.11346662 -0.10322972 -0.09198800 -0.08361580 -0.07704645 
1.87381742e-03 -0.11346662 -0.10322972 -0.09198800 -0.08361580 -0.07704645 
1.51991108e-03 -0.11346662 -0.10322972 -0.09198800 -0.08361580 -0.07704645 
1.23284674e-03 -0.11346662 -0.10322972 -0.09198800 -0.08361580 -0.07704645 
1.00000000e-03 -0.11346662 -0.10322972 -0.09198800 -0.08361580 -0.07704645 
8.11130831e-04 -0.11346662 -0.10322972 -0.09198800 -0.08361580 -0.07704645 
6.57933225e-04 -0.11346662 -0.10322972 -0.09198800 -0.08361580 -0.07704645 
5.33669923e-04 -0.11346662 -0.10322972 -0.09198800 -0.08361580 -0.07704645 
4.32876128e-04 -0.11346662 -0.10322972 -0.09198800 -0.08361580 -0.07704645 
3.51119173e-04 -0.11346662 -0.10322972 -0.09198800 -0.08361580 -0.07704645 
2.84803587e-04 -0.11346662 -0.10322972 -0.09198800 -0.08361580 -0.07704645 
2.31012970e-04 -0.11346662 -0.10322972 -0.09198800 -0.08361580 -0.07704645 
1.87381742e-04 -0.11346662 -0.10322972 -0.09198800 -0.08361580 -0.07704645 
1.51991108e-04 -0.11346662 -0.10322972 -0.09198800 -0.08361580 -0.07704645 
1.23284674e-04 -0.11346662 -0.10322972 -0.09198800 -0.08361580 -0.07704645 
1.00000000e-04 -0.11346662 -0.10322972 -0.09198800 -0.08361580 -0.07704645 
8.11130831e-05 -0.11346662 -0.10322972 -0.09198800 -0.08361580 -0.07704645 
6.57933225e-05 -0.11346662 -0.10322972 -0.09198800 -0.08361580 -0.07704645 
5.33669923e-05 -0.11346662 -0.10322972 -0.09198800 -0.08361580 -0.07704645 
4.32876128e-05 -0.11346662 -0.10322972 -0.09198800 -0.08361580 -0.07704645 
3.51119173e-05 -0.11346662 -0.10322972 -0.09198800 -0.08361580 -0.07704645 
2.84803587e-05 -0.11346662 -0.10322972 -0.09198800 -0.08361580 -0.07704645 
2.31012970e-05 -0.11346662 -0.10322972 -0.09198800 -0.08361580 -0.07704645 
1.87381742e-05 -0.11346662 -0.10322972 -0.09198800 -0.08361580 -0.07704645 
1.51991108e-05 -0.11346662 -0.10322972 -0.09198800 -0.08361580 -0.07704645 
1.23284674e-05 -0.11346662 -0.10322972 -0.09198800 -0.08361580 -0.07704645 
1.00000000e-05 -0.11346662 -0.10322972 -0.09198800 -0.08361580 -0.07704645 
8.11130831e-06 -0.11346662 -0.10322972 -0.09198800 -0.08361580 -0.07704645 
6.57933225e-06 -0.11346662 -0.10322972 -0.09198800 -0.08361580 -0.07704645 
5.33669923e-06 -0.11346662 -0.10322972 -0.09198800 -0.08361580 -0.07704645 
4.32876128e-06 -0.11346662 -0.10322972 -0.09198800 -0.08361580 -0.07704645 
3.51119173e-06 -0.11346662 -0.10322972 -0.09198800 -0.08361580 -0.07704645 
2.84803587e-06 -0.11346662 -0.10322972 -0.09198800 -0.08361580 -0.07704645 
2.31012970e-06 -0.11346662 -0.10322972 -0.09198800 -0.08361580 -0.07704645 
1.87381742e-06 -0.11346662 -0.10322972 -0.09198800 -0.08361580 -0.07704645 
1.51991108e-06 -0.11346662 -0.10322972 -0.09198800 -0.08361580 -0.07704645 
1.23284674e-06 -0.11346662 -0.10322972 -0.09198800 -0.08361580 -0.07704645 
1.00000000e-06 -0.11346662 -0.10322972 -0.09198800 -0.08361580 -0.07704645 
8.11130831e-07 -0.11346662 -0.10322972 -0.09198800 -0.08361580 -0.07704645 
6.57933225e-07 -0.11346662 -0.10322972 -0.09198800 -0.08361580 -0.07704645 
5.33669923e-07 -0.11346662 -0.10322972 -0.09198800 -0.08361580 -0.07704645 
4.32876128e-07 -0.11346662 -0.10322972 -0.09198800 -0.08361580 -0.07704645 
3.51119173e-07 -0.11346662 -0.10322972 -0.09198800 -0.08361580 -0.07704645 
2.84803587e-07 -0.11346662 -0.10322972 -0.09198800 -0.08361580 -0.07704645 
2.31012970e-07 -0.11346662 -0.10322972 -0.09198800 -0.08361580 -0.07704645 
1.87381742e-07 -0.11346662 -0.10322972 -0.09198800 -0.08361580 -0.07704645 
1.51991108e-07 -0.11346662 -0.10322972 -0.09198800 -0.08361580 -0.07704645 
1.23284674e-07 -0.11346662 -0.10322972 -0.09198800 -0.08361580 -0.07704645 
1.00000000e-07 -0.11346662 -0.10322972 -0.09198800 -0.08361580 -0.07704645 
P (bar) | log_He: -2σ | log_He: -1σ | log_He: median | log_He: +1σ | log_He: +2σ 
1.00000000e+02 -0.88301769 -0.87278080 -0.86153908 -0.85316688 -0.84659753 
8.11130831e+01 -0.88301769 -0.87278080 -0.86153908 -0.85316688 -0.84659753 
6.57933225e+01 -0.88301769 -0.87278080 -0.86153908 -0.85316688 -0.84659753 
5.33669923e+01 -0.88301769 -0.87278080 -0.86153908 -0.85316688 -0.84659753 
4.32876128e+01 -0.88301769 -0.87278080 -0.86153908 -0.85316688 -0.84659753 
3.51119173e+01 -0.88301769 -0.87278080 -0.86153908 -0.85316688 -0.84659753 
2.84803587e+01 -0.88301769 -0.87278080 -0.86153908 -0.85316688 -0.84659753 
2.31012970e+01 -0.88301769 -0.87278080 -0.86153908 -0.85316688 -0.84659753 
1.87381742e+01 -0.88301769 -0.87278080 -0.86153908 -0.85316688 -0.84659753 
1.51991108e+01 -0.88301769 -0.87278080 -0.86153908 -0.85316688 -0.84659753 
1.23284674e+01 -0.88301769 -0.87278080 -0.86153908 -0.85316688 -0.84659753 
1.00000000e+01 -0.88301769 -0.87278080 -0.86153908 -0.85316688 -0.84659753 
8.11130831e+00 -0.88301769 -0.87278080 -0.86153908 -0.85316688 -0.84659753 
6.57933225e+00 -0.88301769 -0.87278080 -0.86153908 -0.85316688 -0.84659753 
5.33669923e+00 -0.88301769 -0.87278080 -0.86153908 -0.85316688 -0.84659753 
4.32876128e+00 -0.88301769 -0.87278080 -0.86153908 -0.85316688 -0.84659753 
3.51119173e+00 -0.88301769 -0.87278080 -0.86153908 -0.85316688 -0.84659753 
2.84803587e+00 -0.88301769 -0.87278080 -0.86153908 -0.85316688 -0.84659753 
2.31012970e+00 -0.88301769 -0.87278080 -0.86153908 -0.85316688 -0.84659753 
1.87381742e+00 -0.88301769 -0.87278080 -0.86153908 -0.85316688 -0.84659753 
1.51991108e+00 -0.88301769 -0.87278080 -0.86153908 -0.85316688 -0.84659753 
1.23284674e+00 -0.88301769 -0.87278080 -0.86153908 -0.85316688 -0.84659753 
1.00000000e+00 -0.88301769 -0.87278080 -0.86153908 -0.85316688 -0.84659753 
8.11130831e-01 -0.88301769 -0.87278080 -0.86153908 -0.85316688 -0.84659753 
6.57933225e-01 -0.88301769 -0.87278080 -0.86153908 -0.85316688 -0.84659753 
5.33669923e-01 -0.88301769 -0.87278080 -0.86153908 -0.85316688 -0.84659753 
4.32876128e-01 -0.88301769 -0.87278080 -0.86153908 -0.85316688 -0.84659753 
3.51119173e-01 -0.88301769 -0.87278080 -0.86153908 -0.85316688 -0.84659753 
2.84803587e-01 -0.88301769 -0.87278080 -0.86153908 -0.85316688 -0.84659753 
2.31012970e-01 -0.88301769 -0.87278080 -0.86153908 -0.85316688 -0.84659753 
1.87381742e-01 -0.88301769 -0.87278080 -0.86153908 -0.85316688 -0.84659753 
1.51991108e-01 -0.88301769 -0.87278080 -0.86153908 -0.85316688 -0.84659753 
1.23284674e-01 -0.88301769 -0.87278080 -0.86153908 -0.85316688 -0.84659753 
1.00000000e-01 -0.88301769 -0.87278080 -0.86153908 -0.85316688 -0.84659753 
8.11130831e-02 -0.88301769 -0.87278080 -0.86153908 -0.85316688 -0.84659753 
6.57933225e-02 -0.88301769 -0.87278080 -0.86153908 -0.85316688 -0.84659753 
5.33669923e-02 -0.88301769 -0.87278080 -0.86153908 -0.85316688 -0.84659753 
4.32876128e-02 -0.88301769 -0.87278080 -0.86153908 -0.85316688 -0.84659753 
3.51119173e-02 -0.88301769 -0.87278080 -0.86153908 -0.85316688 -0.84659753 
2.84803587e-02 -0.88301769 -0.87278080 -0.86153908 -0.85316688 -0.84659753 
2.31012970e-02 -0.88301769 -0.87278080 -0.86153908 -0.85316688 -0.84659753 
1.87381742e-02 -0.88301769 -0.87278080 -0.86153908 -0.85316688 -0.84659753 
1.51991108e-02 -0.88301769 -0.87278080 -0.86153908 -0.85316688 -0.84659753 
1.23284674e-02 -0.88301769 -0.87278080 -0.86153908 -0.85316688 -0.84659753 
1.00000000e-02 -0.88301769 -0.87278080 -0.86153908 -0.85316688 -0.84659753 
8.11130831e-03 -0.88301769 -0.87278080 -0.86153908 -0.85316688 -0.84659753 
6.57933225e-03 -0.88301769 -0.87278080 -0.86153908 -0.85316688 -0.84659753 
5.33669923e-03 -0.88301769 -0.87278080 -0.86153908 -0.85316688 -0.84659753 
4.32876128e-03 -0.88301769 -0.87278080 -0.86153908 -0.85316688 -0.84659753 
3.51119173e-03 -0.88301769 -0.87278080 -0.86153908 -0.85316688 -0.84659753 
2.84803587e-03 -0.88301769 -0.87278080 -0.86153908 -0.85316688 -0.84659753 
2.31012970e-03 -0.88301769 -0.87278080 -0.86153908 -0.85316688 -0.84659753 
1.87381742e-03 -0.88301769 -0.87278080 -0.86153908 -0.85316688 -0.84659753 
1.51991108e-03 -0.88301769 -0.87278080 -0.86153908 -0.85316688 -0.84659753 
1.23284674e-03 -0.88301769 -0.87278080 -0.86153908 -0.85316688 -0.84659753 
1.00000000e-03 -0.88301769 -0.87278080 -0.86153908 -0.85316688 -0.84659753 
8.11130831e-04 -0.88301769 -0.87278080 -0.86153908 -0.85316688 -0.84659753 
6.57933225e-04 -0.88301769 -0.87278080 -0.86153908 -0.85316688 -0.84659753 
5.33669923e-04 -0.88301769 -0.87278080 -0.86153908 -0.85316688 -0.84659753 
4.32876128e-04 -0.88301769 -0.87278080 -0.86153908 -0.85316688 -0.84659753 
3.51119173e-04 -0.88301769 -0.87278080 -0.86153908 -0.85316688 -0.84659753 
2.84803587e-04 -0.88301769 -0.87278080 -0.86153908 -0.85316688 -0.84659753 
2.31012970e-04 -0.88301769 -0.87278080 -0.86153908 -0.85316688 -0.84659753 
1.87381742e-04 -0.88301769 -0.87278080 -0.86153908 -0.85316688 -0.84659753 
1.51991108e-04 -0.88301769 -0.87278080 -0.86153908 -0.85316688 -0.84659753 
1.23284674e-04 -0.88301769 -0.87278080 -0.86153908 -0.85316688 -0.84659753 
1.00000000e-04 -0.88301769 -0.87278080 -0.86153908 -0.85316688 -0.84659753 
8.11130831e-05 -0.88301769 -0.87278080 -0.86153908 -0.85316688 -0.84659753 
6.57933225e-05 -0.88301769 -0.87278080 -0.86153908 -0.85316688 -0.84659753 
5.33669923e-05 -0.88301769 -0.87278080 -0.86153908 -0.85316688 -0.84659753 
4.32876128e-05 -0.88301769 -0.87278080 -0.86153908 -0.85316688 -0.84659753 
3.51119173e-05 -0.88301769 -0.87278080 -0.86153908 -0.85316688 -0.84659753 
2.84803587e-05 -0.88301769 -0.87278080 -0.86153908 -0.85316688 -0.84659753 
2.31012970e-05 -0.88301769 -0.87278080 -0.86153908 -0.85316688 -0.84659753 
1.87381742e-05 -0.88301769 -0.87278080 -0.86153908 -0.85316688 -0.84659753 
1.51991108e-05 -0.88301769 -0.87278080 -0.86153908 -0.85316688 -0.84659753 
1.23284674e-05 -0.88301769 -0.87278080 -0.86153908 -0.85316688 -0.84659753 
1.00000000e-05 -0.88301769 -0.87278080 -0.86153908 -0.85316688 -0.84659753 
8.11130831e-06 -0.88301769 -0.87278080 -0.86153908 -0.85316688 -0.84659753 
6.57933225e-06 -0.88301769 -0.87278080 -0.86153908 -0.85316688 -0.84659753 
5.33669923e-06 -0.88301769 -0.87278080 -0.86153908 -0.85316688 -0.84659753 
4.32876128e-06 -0.88301769 -0.87278080 -0.86153908 -0.85316688 -0.84659753 
3.51119173e-06 -0.88301769 -0.87278080 -0.86153908 -0.85316688 -0.84659753 
2.84803587e-06 -0.88301769 -0.87278080 -0.86153908 -0.85316688 -0.84659753 
2.31012970e-06 -0.88301769 -0.87278080 -0.86153908 -0.85316688 -0.84659753 
1.87381742e-06 -0.88301769 -0.87278080 -0.86153908 -0.85316688 -0.84659753 
1.51991108e-06 -0.88301769 -0.87278080 -0.86153908 -0.85316688 -0.84659753 
1.23284674e-06 -0.88301769 -0.87278080 -0.86153908 -0.85316688 -0.84659753 
1.00000000e-06 -0.88301769 -0.87278080 -0.86153908 -0.85316688 -0.84659753 
8.11130831e-07 -0.88301769 -0.87278080 -0.86153908 -0.85316688 -0.84659753 
6.57933225e-07 -0.88301769 -0.87278080 -0.86153908 -0.85316688 -0.84659753 
5.33669923e-07 -0.88301769 -0.87278080 -0.86153908 -0.85316688 -0.84659753 
4.32876128e-07 -0.88301769 -0.87278080 -0.86153908 -0.85316688 -0.84659753 
3.51119173e-07 -0.88301769 -0.87278080 -0.86153908 -0.85316688 -0.84659753 
2.84803587e-07 -0.88301769 -0.87278080 -0.86153908 -0.85316688 -0.84659753 
2.31012970e-07 -0.88301769 -0.87278080 -0.86153908 -0.85316688 -0.84659753 
1.87381742e-07 -0.88301769 -0.87278080 -0.86153908 -0.85316688 -0.84659753 
1.51991108e-07 -0.88301769 -0.87278080 -0.86153908 -0.85316688 -0.84659753 
1.23284674e-07 -0.88301769 -0.87278080 -0.86153908 -0.85316688 -0.84659753 
1.00000000e-07 -0.88301769 -0.87278080 -0.86153908 -0.85316688 -0.84659753 
P (bar) | log_H2O: -2σ | log_H2O: -1σ | log_H2O: median | log_H2O: +1σ | log_H2O: +2σ 
1.00000000e+02 -1.78617497 -1.51381592 -1.33464707 -1.16650232 -1.05990115 
8.11130831e+01 -1.78617497 -1.51381592 -1.33464707 -1.16650232 -1.05990115 
6.57933225e+01 -1.78617497 -1.51381592 -1.33464707 -1.16650232 -1.05990115 
5.33669923e+01 -1.78617497 -1.51381592 -1.33464707 -1.16650232 -1.05990115 
4.32876128e+01 -1.78617497 -1.51381592 -1.33464707 -1.16650232 -1.05990115 
3.51119173e+01 -1.78617497 -1.51381592 -1.33464707 -1.16650232 -1.05990115 
2.84803587e+01 -1.78617497 -1.51381592 -1.33464707 -1.16650232 -1.05990115 
2.31012970e+01 -1.78617497 -1.51381592 -1.33464707 -1.16650232 -1.05990115 
1.87381742e+01 -1.78617497 -1.51381592 -1.33464707 -1.16650232 -1.05990115 
1.51991108e+01 -1.78617497 -1.51381592 -1.33464707 -1.16650232 -1.05990115 
1.23284674e+01 -1.78617497 -1.51381592 -1.33464707 -1.16650232 -1.05990115 
1.00000000e+01 -1.78617497 -1.51381592 -1.33464707 -1.16650232 -1.05990115 
8.11130831e+00 -1.78617497 -1.51381592 -1.33464707 -1.16650232 -1.05990115 
6.57933225e+00 -1.78617497 -1.51381592 -1.33464707 -1.16650232 -1.05990115 
5.33669923e+00 -1.78617497 -1.51381592 -1.33464707 -1.16650232 -1.05990115 
4.32876128e+00 -1.78617497 -1.51381592 -1.33464707 -1.16650232 -1.05990115 
3.51119173e+00 -1.78617497 -1.51381592 -1.33464707 -1.16650232 -1.05990115 
2.84803587e+00 -1.78617497 -1.51381592 -1.33464707 -1.16650232 -1.05990115 
2.31012970e+00 -1.78617497 -1.51381592 -1.33464707 -1.16650232 -1.05990115 
1.87381742e+00 -1.78617497 -1.51381592 -1.33464707 -1.16650232 -1.05990115 
1.51991108e+00 -1.78617497 -1.51381592 -1.33464707 -1.16650232 -1.05990115 
1.23284674e+00 -1.78617497 -1.51381592 -1.33464707 -1.16650232 -1.05990115 
1.00000000e+00 -1.78617497 -1.51381592 -1.33464707 -1.16650232 -1.05990115 
8.11130831e-01 -1.78617497 -1.51381592 -1.33464707 -1.16650232 -1.05990115 
6.57933225e-01 -1.78617497 -1.51381592 -1.33464707 -1.16650232 -1.05990115 
5.33669923e-01 -1.78617497 -1.51381592 -1.33464707 -1.16650232 -1.05990115 
4.32876128e-01 -1.78617497 -1.51381592 -1.33464707 -1.16650232 -1.05990115 
3.51119173e-01 -1.78617497 -1.51381592 -1.33464707 -1.16650232 -1.05990115 
2.84803587e-01 -1.78617497 -1.51381592 -1.33464707 -1.16650232 -1.05990115 
2.31012970e-01 -1.78617497 -1.51381592 -1.33464707 -1.16650232 -1.05990115 
1.87381742e-01 -1.78617497 -1.51381592 -1.33464707 -1.16650232 -1.05990115 
1.51991108e-01 -1.78617497 -1.51381592 -1.33464707 -1.16650232 -1.05990115 
1.23284674e-01 -1.78617497 -1.51381592 -1.33464707 -1.16650232 -1.05990115 
1.00000000e-01 -1.78617497 -1.51381592 -1.33464707 -1.16650232 -1.05990115 
8.11130831e-02 -1.78617497 -1.51381592 -1.33464707 -1.16650232 -1.05990115 
6.57933225e-02 -1.78617497 -1.51381592 -1.33464707 -1.16650232 -1.05990115 
5.33669923e-02 -1.78617497 -1.51381592 -1.33464707 -1.16650232 -1.05990115 
4.32876128e-02 -1.78617497 -1.51381592 -1.33464707 -1.16650232 -1.05990115 
3.51119173e-02 -1.78617497 -1.51381592 -1.33464707 -1.16650232 -1.05990115 
2.84803587e-02 -1.78617497 -1.51381592 -1.33464707 -1.16650232 -1.05990115 
2.31012970e-02 -1.78617497 -1.51381592 -1.33464707 -1.16650232 -1.05990115 
1.87381742e-02 -1.78617497 -1.51381592 -1.33464707 -1.16650232 -1.05990115 
1.51991108e-02 -1.78617497 -1.51381592 -1.33464707 -1.16650232 -1.05990115 
1.23284674e-02 -1.78617497 -1.51381592 -1.33464707 -1.16650232 -1.05990115 
1.00000000e-02 -1.78617497 -1.51381592 -1.33464707 -1.16650232 -1.05990115 
8.11130831e-03 -1.78617497 -1.51381592 -1.33464707 -1.16650232 -1.05990115 
6.57933225e-03 -1.78617497 -1.51381592 -1.33464707 -1.16650232 -1.05990115 
5.33669923e-03 -1.78617497 -1.51381592 -1.33464707 -1.16650232 -1.05990115 
4.32876128e-03 -1.78617497 -1.51381592 -1.33464707 -1.16650232 -1.05990115 
3.51119173e-03 -1.78617497 -1.51381592 -1.33464707 -1.16650232 -1.05990115 
2.84803587e-03 -1.78617497 -1.51381592 -1.33464707 -1.16650232 -1.05990115 
2.31012970e-03 -1.78617497 -1.51381592 -1.33464707 -1.16650232 -1.05990115 
1.87381742e-03 -1.78617497 -1.51381592 -1.33464707 -1.16650232 -1.05990115 
1.51991108e-03 -1.78617497 -1.51381592 -1.33464707 -1.16650232 -1.05990115 
1.23284674e-03 -1.78617497 -1.51381592 -1.33464707 -1.16650232 -1.05990115 
1.00000000e-03 -1.78617497 -1.51381592 -1.33464707 -1.16650232 -1.05990115 
8.11130831e-04 -1.78617497 -1.51381592 -1.33464707 -1.16650232 -1.05990115 
6.57933225e-04 -1.78617497 -1.51381592 -1.33464707 -1.16650232 -1.05990115 
5.33669923e-04 -1.78617497 -1.51381592 -1.33464707 -1.16650232 -1.05990115 
4.32876128e-04 -1.78617497 -1.51381592 -1.33464707 -1.16650232 -1.05990115 
3.51119173e-04 -1.78617497 -1.51381592 -1.33464707 -1.16650232 -1.05990115 
2.84803587e-04 -1.78617497 -1.51381592 -1.33464707 -1.16650232 -1.05990115 
2.31012970e-04 -1.78617497 -1.51381592 -1.33464707 -1.16650232 -1.05990115 
1.87381742e-04 -1.78617497 -1.51381592 -1.33464707 -1.16650232 -1.05990115 
1.51991108e-04 -1.78617497 -1.51381592 -1.33464707 -1.16650232 -1.05990115 
1.23284674e-04 -1.78617497 -1.51381592 -1.33464707 -1.16650232 -1.05990115 
1.00000000e-04 -1.78617497 -1.51381592 -1.33464707 -1.16650232 -1.05990115 
8.11130831e-05 -1.78617497 -1.51381592 -1.33464707 -1.16650232 -1.05990115 
6.57933225e-05 -1.78617497 -1.51381592 -1.33464707 -1.16650232 -1.05990115 
5.33669923e-05 -1.78617497 -1.51381592 -1.33464707 -1.16650232 -1.05990115 
4.32876128e-05 -1.78617497 -1.51381592 -1.33464707 -1.16650232 -1.05990115 
3.51119173e-05 -1.78617497 -1.51381592 -1.33464707 -1.16650232 -1.05990115 
2.84803587e-05 -1.78617497 -1.51381592 -1.33464707 -1.16650232 -1.05990115 
2.31012970e-05 -1.78617497 -1.51381592 -1.33464707 -1.16650232 -1.05990115 
1.87381742e-05 -1.78617497 -1.51381592 -1.33464707 -1.16650232 -1.05990115 
1.51991108e-05 -1.78617497 -1.51381592 -1.33464707 -1.16650232 -1.05990115 
1.23284674e-05 -1.78617497 -1.51381592 -1.33464707 -1.16650232 -1.05990115 
1.00000000e-05 -1.78617497 -1.51381592 -1.33464707 -1.16650232 -1.05990115 
8.11130831e-06 -1.78617497 -1.51381592 -1.33464707 -1.16650232 -1.05990115 
6.57933225e-06 -1.78617497 -1.51381592 -1.33464707 -1.16650232 -1.05990115 
5.33669923e-06 -1.78617497 -1.51381592 -1.33464707 -1.16650232 -1.05990115 
4.32876128e-06 -1.78617497 -1.51381592 -1.33464707 -1.16650232 -1.05990115 
3.51119173e-06 -1.78617497 -1.51381592 -1.33464707 -1.16650232 -1.05990115 
2.84803587e-06 -1.78617497 -1.51381592 -1.33464707 -1.16650232 -1.05990115 
2.31012970e-06 -1.78617497 -1.51381592 -1.33464707 -1.16650232 -1.05990115 
1.87381742e-06 -1.78617497 -1.51381592 -1.33464707 -1.16650232 -1.05990115 
1.51991108e-06 -1.78617497 -1.51381592 -1.33464707 -1.16650232 -1.05990115 
1.23284674e-06 -1.78617497 -1.51381592 -1.33464707 -1.16650232 -1.05990115 
1.00000000e-06 -1.78617497 -1.51381592 -1.33464707 -1.16650232 -1.05990115 
8.11130831e-07 -1.78617497 -1.51381592 -1.33464707 -1.16650232 -1.05990115 
6.57933225e-07 -1.78617497 -1.51381592 -1.33464707 -1.16650232 -1.05990115 
5.33669923e-07 -1.78617497 -1.51381592 -1.33464707 -1.16650232 -1.05990115 
4.32876128e-07 -1.78617497 -1.51381592 -1.33464707 -1.16650232 -1.05990115 
3.51119173e-07 -1.78617497 -1.51381592 -1.33464707 -1.16650232 -1.05990115 
2.84803587e-07 -1.78617497 -1.51381592 -1.33464707 -1.16650232 -1.05990115 
2.31012970e-07 -1.78617497 -1.51381592 -1.33464707 -1.16650232 -1.05990115 
1.87381742e-07 -1.78617497 -1.51381592 -1.33464707 -1.16650232 -1.05990115 
1.51991108e-07 -1.78617497 -1.51381592 -1.33464707 -1.16650232 -1.05990115 
1.23284674e-07 -1.78617497 -1.51381592 -1.33464707 -1.16650232 -1.05990115 
1.00000000e-07 -1.78617497 -1.51381592 -1.33464707 -1.16650232 -1.05990115 
P (bar) | log_CO2: -2σ | log_CO2: -1σ | log_CO2: median | log_CO2: +1σ | log_CO2: +2σ 
1.00000000e+02 -2.72187194 -2.42230169 -2.21931550 -2.03493751 -1.87579522 
8.11130831e+01 -2.72187194 -2.42230169 -2.21931550 -2.03493751 -1.87579522 
6.57933225e+01 -2.72187194 -2.42230169 -2.21931550 -2.03493751 -1.87579522 
5.33669923e+01 -2.72187194 -2.42230169 -2.21931550 -2.03493751 -1.87579522 
4.32876128e+01 -2.72187194 -2.42230169 -2.21931550 -2.03493751 -1.87579522 
3.51119173e+01 -2.72187194 -2.42230169 -2.21931550 -2.03493751 -1.87579522 
2.84803587e+01 -2.72187194 -2.42230169 -2.21931550 -2.03493751 -1.87579522 
2.31012970e+01 -2.72187194 -2.42230169 -2.21931550 -2.03493751 -1.87579522 
1.87381742e+01 -2.72187194 -2.42230169 -2.21931550 -2.03493751 -1.87579522 
1.51991108e+01 -2.72187194 -2.42230169 -2.21931550 -2.03493751 -1.87579522 
1.23284674e+01 -2.72187194 -2.42230169 -2.21931550 -2.03493751 -1.87579522 
1.00000000e+01 -2.72187194 -2.42230169 -2.21931550 -2.03493751 -1.87579522 
8.11130831e+00 -2.72187194 -2.42230169 -2.21931550 -2.03493751 -1.87579522 
6.57933225e+00 -2.72187194 -2.42230169 -2.21931550 -2.03493751 -1.87579522 
5.33669923e+00 -2.72187194 -2.42230169 -2.21931550 -2.03493751 -1.87579522 
4.32876128e+00 -2.72187194 -2.42230169 -2.21931550 -2.03493751 -1.87579522 
3.51119173e+00 -2.72187194 -2.42230169 -2.21931550 -2.03493751 -1.87579522 
2.84803587e+00 -2.72187194 -2.42230169 -2.21931550 -2.03493751 -1.87579522 
2.31012970e+00 -2.72187194 -2.42230169 -2.21931550 -2.03493751 -1.87579522 
1.87381742e+00 -2.72187194 -2.42230169 -2.21931550 -2.03493751 -1.87579522 
1.51991108e+00 -2.72187194 -2.42230169 -2.21931550 -2.03493751 -1.87579522 
1.23284674e+00 -2.72187194 -2.42230169 -2.21931550 -2.03493751 -1.87579522 
1.00000000e+00 -2.72187194 -2.42230169 -2.21931550 -2.03493751 -1.87579522 
8.11130831e-01 -2.72187194 -2.42230169 -2.21931550 -2.03493751 -1.87579522 
6.57933225e-01 -2.72187194 -2.42230169 -2.21931550 -2.03493751 -1.87579522 
5.33669923e-01 -2.72187194 -2.42230169 -2.21931550 -2.03493751 -1.87579522 
4.32876128e-01 -2.72187194 -2.42230169 -2.21931550 -2.03493751 -1.87579522 
3.51119173e-01 -2.72187194 -2.42230169 -2.21931550 -2.03493751 -1.87579522 
2.84803587e-01 -2.72187194 -2.42230169 -2.21931550 -2.03493751 -1.87579522 
2.31012970e-01 -2.72187194 -2.42230169 -2.21931550 -2.03493751 -1.87579522 
1.87381742e-01 -2.72187194 -2.42230169 -2.21931550 -2.03493751 -1.87579522 
1.51991108e-01 -2.72187194 -2.42230169 -2.21931550 -2.03493751 -1.87579522 
1.23284674e-01 -2.72187194 -2.42230169 -2.21931550 -2.03493751 -1.87579522 
1.00000000e-01 -2.72187194 -2.42230169 -2.21931550 -2.03493751 -1.87579522 
8.11130831e-02 -2.72187194 -2.42230169 -2.21931550 -2.03493751 -1.87579522 
6.57933225e-02 -2.72187194 -2.42230169 -2.21931550 -2.03493751 -1.87579522 
5.33669923e-02 -2.72187194 -2.42230169 -2.21931550 -2.03493751 -1.87579522 
4.32876128e-02 -2.72187194 -2.42230169 -2.21931550 -2.03493751 -1.87579522 
3.51119173e-02 -2.72187194 -2.42230169 -2.21931550 -2.03493751 -1.87579522 
2.84803587e-02 -2.72187194 -2.42230169 -2.21931550 -2.03493751 -1.87579522 
2.31012970e-02 -2.72187194 -2.42230169 -2.21931550 -2.03493751 -1.87579522 
1.87381742e-02 -2.72187194 -2.42230169 -2.21931550 -2.03493751 -1.87579522 
1.51991108e-02 -2.72187194 -2.42230169 -2.21931550 -2.03493751 -1.87579522 
1.23284674e-02 -2.72187194 -2.42230169 -2.21931550 -2.03493751 -1.87579522 
1.00000000e-02 -2.72187194 -2.42230169 -2.21931550 -2.03493751 -1.87579522 
8.11130831e-03 -2.72187194 -2.42230169 -2.21931550 -2.03493751 -1.87579522 
6.57933225e-03 -2.72187194 -2.42230169 -2.21931550 -2.03493751 -1.87579522 
5.33669923e-03 -2.72187194 -2.42230169 -2.21931550 -2.03493751 -1.87579522 
4.32876128e-03 -2.72187194 -2.42230169 -2.21931550 -2.03493751 -1.87579522 
3.51119173e-03 -2.72187194 -2.42230169 -2.21931550 -2.03493751 -1.87579522 
2.84803587e-03 -2.72187194 -2.42230169 -2.21931550 -2.03493751 -1.87579522 
2.31012970e-03 -2.72187194 -2.42230169 -2.21931550 -2.03493751 -1.87579522 
1.87381742e-03 -2.72187194 -2.42230169 -2.21931550 -2.03493751 -1.87579522 
1.51991108e-03 -2.72187194 -2.42230169 -2.21931550 -2.03493751 -1.87579522 
1.23284674e-03 -2.72187194 -2.42230169 -2.21931550 -2.03493751 -1.87579522 
1.00000000e-03 -2.72187194 -2.42230169 -2.21931550 -2.03493751 -1.87579522 
8.11130831e-04 -2.72187194 -2.42230169 -2.21931550 -2.03493751 -1.87579522 
6.57933225e-04 -2.72187194 -2.42230169 -2.21931550 -2.03493751 -1.87579522 
5.33669923e-04 -2.72187194 -2.42230169 -2.21931550 -2.03493751 -1.87579522 
4.32876128e-04 -2.72187194 -2.42230169 -2.21931550 -2.03493751 -1.87579522 
3.51119173e-04 -2.72187194 -2.42230169 -2.21931550 -2.03493751 -1.87579522 
2.84803587e-04 -2.72187194 -2.42230169 -2.21931550 -2.03493751 -1.87579522 
2.31012970e-04 -2.72187194 -2.42230169 -2.21931550 -2.03493751 -1.87579522 
1.87381742e-04 -2.72187194 -2.42230169 -2.21931550 -2.03493751 -1.87579522 
1.51991108e-04 -2.72187194 -2.42230169 -2.21931550 -2.03493751 -1.87579522 
1.23284674e-04 -2.72187194 -2.42230169 -2.21931550 -2.03493751 -1.87579522 
1.00000000e-04 -2.72187194 -2.42230169 -2.21931550 -2.03493751 -1.87579522 
8.11130831e-05 -2.72187194 -2.42230169 -2.21931550 -2.03493751 -1.87579522 
6.57933225e-05 -2.72187194 -2.42230169 -2.21931550 -2.03493751 -1.87579522 
5.33669923e-05 -2.72187194 -2.42230169 -2.21931550 -2.03493751 -1.87579522 
4.32876128e-05 -2.72187194 -2.42230169 -2.21931550 -2.03493751 -1.87579522 
3.51119173e-05 -2.72187194 -2.42230169 -2.21931550 -2.03493751 -1.87579522 
2.84803587e-05 -2.72187194 -2.42230169 -2.21931550 -2.03493751 -1.87579522 
2.31012970e-05 -2.72187194 -2.42230169 -2.21931550 -2.03493751 -1.87579522 
1.87381742e-05 -2.72187194 -2.42230169 -2.21931550 -2.03493751 -1.87579522 
1.51991108e-05 -2.72187194 -2.42230169 -2.21931550 -2.03493751 -1.87579522 
1.23284674e-05 -2.72187194 -2.42230169 -2.21931550 -2.03493751 -1.87579522 
1.00000000e-05 -2.72187194 -2.42230169 -2.21931550 -2.03493751 -1.87579522 
8.11130831e-06 -2.72187194 -2.42230169 -2.21931550 -2.03493751 -1.87579522 
6.57933225e-06 -2.72187194 -2.42230169 -2.21931550 -2.03493751 -1.87579522 
5.33669923e-06 -2.72187194 -2.42230169 -2.21931550 -2.03493751 -1.87579522 
4.32876128e-06 -2.72187194 -2.42230169 -2.21931550 -2.03493751 -1.87579522 
3.51119173e-06 -2.72187194 -2.42230169 -2.21931550 -2.03493751 -1.87579522 
2.84803587e-06 -2.72187194 -2.42230169 -2.21931550 -2.03493751 -1.87579522 
2.31012970e-06 -2.72187194 -2.42230169 -2.21931550 -2.03493751 -1.87579522 
1.87381742e-06 -2.72187194 -2.42230169 -2.21931550 -2.03493751 -1.87579522 
1.51991108e-06 -2.72187194 -2.42230169 -2.21931550 -2.03493751 -1.87579522 
1.23284674e-06 -2.72187194 -2.42230169 -2.21931550 -2.03493751 -1.87579522 
1.00000000e-06 -2.72187194 -2.42230169 -2.21931550 -2.03493751 -1.87579522 
8.11130831e-07 -2.72187194 -2.42230169 -2.21931550 -2.03493751 -1.87579522 
6.57933225e-07 -2.72187194 -2.42230169 -2.21931550 -2.03493751 -1.87579522 
5.33669923e-07 -2.72187194 -2.42230169 -2.21931550 -2.03493751 -1.87579522 
4.32876128e-07 -2.72187194 -2.42230169 -2.21931550 -2.03493751 -1.87579522 
3.51119173e-07 -2.72187194 -2.42230169 -2.21931550 -2.03493751 -1.87579522 
2.84803587e-07 -2.72187194 -2.42230169 -2.21931550 -2.03493751 -1.87579522 
2.31012970e-07 -2.72187194 -2.42230169 -2.21931550 -2.03493751 -1.87579522 
1.87381742e-07 -2.72187194 -2.42230169 -2.21931550 -2.03493751 -1.87579522 
1.51991108e-07 -2.72187194 -2.42230169 -2.21931550 -2.03493751 -1.87579522 
1.23284674e-07 -2.72187194 -2.42230169 -2.21931550 -2.03493751 -1.87579522 
1.00000000e-07 -2.72187194 -2.42230169 -2.21931550 -2.03493751 -1.87579522 
P (bar) | log_SO2: -2σ | log_SO2: -1σ | log_SO2: median | log_SO2: +1σ | log_SO2: +2σ 
1.00000000e+02 -4.99914709 -4.82340615 -4.66550759 -4.53405323 -4.39914225 
8.11130831e+01 -4.99914709 -4.82340615 -4.66550759 -4.53405323 -4.39914225 
6.57933225e+01 -4.99914709 -4.82340615 -4.66550759 -4.53405323 -4.39914225 
5.33669923e+01 -4.99914709 -4.82340615 -4.66550759 -4.53405323 -4.39914225 
4.32876128e+01 -4.99914709 -4.82340615 -4.66550759 -4.53405323 -4.39914225 
3.51119173e+01 -4.99914709 -4.82340615 -4.66550759 -4.53405323 -4.39914225 
2.84803587e+01 -4.99914709 -4.82340615 -4.66550759 -4.53405323 -4.39914225 
2.31012970e+01 -4.99914709 -4.82340615 -4.66550759 -4.53405323 -4.39914225 
1.87381742e+01 -4.99914709 -4.82340615 -4.66550759 -4.53405323 -4.39914225 
1.51991108e+01 -4.99914709 -4.82340615 -4.66550759 -4.53405323 -4.39914225 
1.23284674e+01 -4.99914709 -4.82340615 -4.66550759 -4.53405323 -4.39914225 
1.00000000e+01 -4.99914709 -4.82340615 -4.66550759 -4.53405323 -4.39914225 
8.11130831e+00 -4.99914709 -4.82340615 -4.66550759 -4.53405323 -4.39914225 
6.57933225e+00 -4.99914709 -4.82340615 -4.66550759 -4.53405323 -4.39914225 
5.33669923e+00 -4.99914709 -4.82340615 -4.66550759 -4.53405323 -4.39914225 
4.32876128e+00 -4.99914709 -4.82340615 -4.66550759 -4.53405323 -4.39914225 
3.51119173e+00 -4.99914709 -4.82340615 -4.66550759 -4.53405323 -4.39914225 
2.84803587e+00 -4.99914709 -4.82340615 -4.66550759 -4.53405323 -4.39914225 
2.31012970e+00 -4.99914709 -4.82340615 -4.66550759 -4.53405323 -4.39914225 
1.87381742e+00 -4.99914709 -4.82340615 -4.66550759 -4.53405323 -4.39914225 
1.51991108e+00 -4.99914709 -4.82340615 -4.66550759 -4.53405323 -4.39914225 
1.23284674e+00 -4.99914709 -4.82340615 -4.66550759 -4.53405323 -4.39914225 
1.00000000e+00 -4.99914709 -4.82340615 -4.66550759 -4.53405323 -4.39914225 
8.11130831e-01 -4.99914709 -4.82340615 -4.66550759 -4.53405323 -4.39914225 
6.57933225e-01 -4.99914709 -4.82340615 -4.66550759 -4.53405323 -4.39914225 
5.33669923e-01 -4.99914709 -4.82340615 -4.66550759 -4.53405323 -4.39914225 
4.32876128e-01 -4.99914709 -4.82340615 -4.66550759 -4.53405323 -4.39914225 
3.51119173e-01 -4.99914709 -4.82340615 -4.66550759 -4.53405323 -4.39914225 
2.84803587e-01 -4.99914709 -4.82340615 -4.66550759 -4.53405323 -4.39914225 
2.31012970e-01 -4.99914709 -4.82340615 -4.66550759 -4.53405323 -4.39914225 
1.87381742e-01 -4.99914709 -4.82340615 -4.66550759 -4.53405323 -4.39914225 
1.51991108e-01 -4.99914709 -4.82340615 -4.66550759 -4.53405323 -4.39914225 
1.23284674e-01 -4.99914709 -4.82340615 -4.66550759 -4.53405323 -4.39914225 
1.00000000e-01 -4.99914709 -4.82340615 -4.66550759 -4.53405323 -4.39914225 
8.11130831e-02 -4.99914709 -4.82340615 -4.66550759 -4.53405323 -4.39914225 
6.57933225e-02 -4.99914709 -4.82340615 -4.66550759 -4.53405323 -4.39914225 
5.33669923e-02 -4.99914709 -4.82340615 -4.66550759 -4.53405323 -4.39914225 
4.32876128e-02 -4.99914709 -4.82340615 -4.66550759 -4.53405323 -4.39914225 
3.51119173e-02 -4.99914709 -4.82340615 -4.66550759 -4.53405323 -4.39914225 
2.84803587e-02 -4.99914709 -4.82340615 -4.66550759 -4.53405323 -4.39914225 
2.31012970e-02 -4.99914709 -4.82340615 -4.66550759 -4.53405323 -4.39914225 
1.87381742e-02 -4.99914709 -4.82340615 -4.66550759 -4.53405323 -4.39914225 
1.51991108e-02 -4.99914709 -4.82340615 -4.66550759 -4.53405323 -4.39914225 
1.23284674e-02 -4.99914709 -4.82340615 -4.66550759 -4.53405323 -4.39914225 
1.00000000e-02 -4.99914709 -4.82340615 -4.66550759 -4.53405323 -4.39914225 
8.11130831e-03 -4.99914709 -4.82340615 -4.66550759 -4.53405323 -4.39914225 
6.57933225e-03 -4.99914709 -4.82340615 -4.66550759 -4.53405323 -4.39914225 
5.33669923e-03 -4.99914709 -4.82340615 -4.66550759 -4.53405323 -4.39914225 
4.32876128e-03 -4.99914709 -4.82340615 -4.66550759 -4.53405323 -4.39914225 
3.51119173e-03 -4.99914709 -4.82340615 -4.66550759 -4.53405323 -4.39914225 
2.84803587e-03 -4.99914709 -4.82340615 -4.66550759 -4.53405323 -4.39914225 
2.31012970e-03 -4.99914709 -4.82340615 -4.66550759 -4.53405323 -4.39914225 
1.87381742e-03 -4.99914709 -4.82340615 -4.66550759 -4.53405323 -4.39914225 
1.51991108e-03 -4.99914709 -4.82340615 -4.66550759 -4.53405323 -4.39914225 
1.23284674e-03 -4.99914709 -4.82340615 -4.66550759 -4.53405323 -4.39914225 
1.00000000e-03 -4.99914709 -4.82340615 -4.66550759 -4.53405323 -4.39914225 
8.11130831e-04 -4.99914709 -4.82340615 -4.66550759 -4.53405323 -4.39914225 
6.57933225e-04 -4.99914709 -4.82340615 -4.66550759 -4.53405323 -4.39914225 
5.33669923e-04 -4.99914709 -4.82340615 -4.66550759 -4.53405323 -4.39914225 
4.32876128e-04 -4.99914709 -4.82340615 -4.66550759 -4.53405323 -4.39914225 
3.51119173e-04 -4.99914709 -4.82340615 -4.66550759 -4.53405323 -4.39914225 
2.84803587e-04 -4.99914709 -4.82340615 -4.66550759 -4.53405323 -4.39914225 
2.31012970e-04 -4.99914709 -4.82340615 -4.66550759 -4.53405323 -4.39914225 
1.87381742e-04 -4.99914709 -4.82340615 -4.66550759 -4.53405323 -4.39914225 
1.51991108e-04 -4.99914709 -4.82340615 -4.66550759 -4.53405323 -4.39914225 
1.23284674e-04 -4.99914709 -4.82340615 -4.66550759 -4.53405323 -4.39914225 
1.00000000e-04 -4.99914709 -4.82340615 -4.66550759 -4.53405323 -4.39914225 
8.11130831e-05 -4.99914709 -4.82340615 -4.66550759 -4.53405323 -4.39914225 
6.57933225e-05 -4.99914709 -4.82340615 -4.66550759 -4.53405323 -4.39914225 
5.33669923e-05 -4.99914709 -4.82340615 -4.66550759 -4.53405323 -4.39914225 
4.32876128e-05 -4.99914709 -4.82340615 -4.66550759 -4.53405323 -4.39914225 
3.51119173e-05 -4.99914709 -4.82340615 -4.66550759 -4.53405323 -4.39914225 
2.84803587e-05 -4.99914709 -4.82340615 -4.66550759 -4.53405323 -4.39914225 
2.31012970e-05 -4.99914709 -4.82340615 -4.66550759 -4.53405323 -4.39914225 
1.87381742e-05 -4.99914709 -4.82340615 -4.66550759 -4.53405323 -4.39914225 
1.51991108e-05 -4.99914709 -4.82340615 -4.66550759 -4.53405323 -4.39914225 
1.23284674e-05 -4.99914709 -4.82340615 -4.66550759 -4.53405323 -4.39914225 
1.00000000e-05 -4.99914709 -4.82340615 -4.66550759 -4.53405323 -4.39914225 
8.11130831e-06 -4.99914709 -4.82340615 -4.66550759 -4.53405323 -4.39914225 
6.57933225e-06 -4.99914709 -4.82340615 -4.66550759 -4.53405323 -4.39914225 
5.33669923e-06 -4.99914709 -4.82340615 -4.66550759 -4.53405323 -4.39914225 
4.32876128e-06 -4.99914709 -4.82340615 -4.66550759 -4.53405323 -4.39914225 
3.51119173e-06 -4.99914709 -4.82340615 -4.66550759 -4.53405323 -4.39914225 
2.84803587e-06 -4.99914709 -4.82340615 -4.66550759 -4.53405323 -4.39914225 
2.31012970e-06 -4.99914709 -4.82340615 -4.66550759 -4.53405323 -4.39914225 
1.87381742e-06 -4.99914709 -4.82340615 -4.66550759 -4.53405323 -4.39914225 
1.51991108e-06 -4.99914709 -4.82340615 -4.66550759 -4.53405323 -4.39914225 
1.23284674e-06 -4.99914709 -4.82340615 -4.66550759 -4.53405323 -4.39914225 
1.00000000e-06 -4.99914709 -4.82340615 -4.66550759 -4.53405323 -4.39914225 
8.11130831e-07 -4.99914709 -4.82340615 -4.66550759 -4.53405323 -4.39914225 
6.57933225e-07 -4.99914709 -4.82340615 -4.66550759 -4.53405323 -4.39914225 
5.33669923e-07 -4.99914709 -4.82340615 -4.66550759 -4.53405323 -4.39914225 
4.32876128e-07 -4.99914709 -4.82340615 -4.66550759 -4.53405323 -4.39914225 
3.51119173e-07 -4.99914709 -4.82340615 -4.66550759 -4.53405323 -4.39914225 
2.84803587e-07 -4.99914709 -4.82340615 -4.66550759 -4.53405323 -4.39914225 
2.31012970e-07 -4.99914709 -4.82340615 -4.66550759 -4.53405323 -4.39914225 
1.87381742e-07 -4.99914709 -4.82340615 -4.66550759 -4.53405323 -4.39914225 
1.51991108e-07 -4.99914709 -4.82340615 -4.66550759 -4.53405323 -4.39914225 
1.23284674e-07 -4.99914709 -4.82340615 -4.66550759 -4.53405323 -4.39914225 
1.00000000e-07 -4.99914709 -4.82340615 -4.66550759 -4.53405323 -4.39914225 
P (bar) | log_H2S: -2σ | log_H2S: -1σ | log_H2S: median | log_H2S: +1σ | log_H2S: +2σ 
1.00000000e+02 -5.39498801 -4.97654888 -4.09308552 -3.35799965 -2.93253779 
8.11130831e+01 -5.39498801 -4.97654888 -4.09308552 -3.35799965 -2.93253779 
6.57933225e+01 -5.39498801 -4.97654888 -4.09308552 -3.35799965 -2.93253779 
5.33669923e+01 -5.39498801 -4.97654888 -4.09308552 -3.35799965 -2.93253779 
4.32876128e+01 -5.39498801 -4.97654888 -4.09308552 -3.35799965 -2.93253779 
3.51119173e+01 -5.39498801 -4.97654888 -4.09308552 -3.35799965 -2.93253779 
2.84803587e+01 -5.39498801 -4.97654888 -4.09308552 -3.35799965 -2.93253779 
2.31012970e+01 -5.39498801 -4.97654888 -4.09308552 -3.35799965 -2.93253779 
1.87381742e+01 -5.39498801 -4.97654888 -4.09308552 -3.35799965 -2.93253779 
1.51991108e+01 -5.39498801 -4.97654888 -4.09308552 -3.35799965 -2.93253779 
1.23284674e+01 -5.39498801 -4.97654888 -4.09308552 -3.35799965 -2.93253779 
1.00000000e+01 -5.39498801 -4.97654888 -4.09308552 -3.35799965 -2.93253779 
8.11130831e+00 -5.39498801 -4.97654888 -4.09308552 -3.35799965 -2.93253779 
6.57933225e+00 -5.39498801 -4.97654888 -4.09308552 -3.35799965 -2.93253779 
5.33669923e+00 -5.39498801 -4.97654888 -4.09308552 -3.35799965 -2.93253779 
4.32876128e+00 -5.39498801 -4.97654888 -4.09308552 -3.35799965 -2.93253779 
3.51119173e+00 -5.39498801 -4.97654888 -4.09308552 -3.35799965 -2.93253779 
2.84803587e+00 -5.39498801 -4.97654888 -4.09308552 -3.35799965 -2.93253779 
2.31012970e+00 -5.39498801 -4.97654888 -4.09308552 -3.35799965 -2.93253779 
1.87381742e+00 -5.39498801 -4.97654888 -4.09308552 -3.35799965 -2.93253779 
1.51991108e+00 -5.39498801 -4.97654888 -4.09308552 -3.35799965 -2.93253779 
1.23284674e+00 -5.39498801 -4.97654888 -4.09308552 -3.35799965 -2.93253779 
1.00000000e+00 -5.39498801 -4.97654888 -4.09308552 -3.35799965 -2.93253779 
8.11130831e-01 -5.39498801 -4.97654888 -4.09308552 -3.35799965 -2.93253779 
6.57933225e-01 -5.39498801 -4.97654888 -4.09308552 -3.35799965 -2.93253779 
5.33669923e-01 -5.39498801 -4.97654888 -4.09308552 -3.35799965 -2.93253779 
4.32876128e-01 -5.39498801 -4.97654888 -4.09308552 -3.35799965 -2.93253779 
3.51119173e-01 -5.39498801 -4.97654888 -4.09308552 -3.35799965 -2.93253779 
2.84803587e-01 -5.39498801 -4.97654888 -4.09308552 -3.35799965 -2.93253779 
2.31012970e-01 -5.39498801 -4.97654888 -4.09308552 -3.35799965 -2.93253779 
1.87381742e-01 -5.39498801 -4.97654888 -4.09308552 -3.35799965 -2.93253779 
1.51991108e-01 -5.39498801 -4.97654888 -4.09308552 -3.35799965 -2.93253779 
1.23284674e-01 -5.39498801 -4.97654888 -4.09308552 -3.35799965 -2.93253779 
1.00000000e-01 -5.39498801 -4.97654888 -4.09308552 -3.35799965 -2.93253779 
8.11130831e-02 -5.39498801 -4.97654888 -4.09308552 -3.35799965 -2.93253779 
6.57933225e-02 -5.39498801 -4.97654888 -4.09308552 -3.35799965 -2.93253779 
5.33669923e-02 -5.39498801 -4.97654888 -4.09308552 -3.35799965 -2.93253779 
4.32876128e-02 -5.39498801 -4.97654888 -4.09308552 -3.35799965 -2.93253779 
3.51119173e-02 -5.39498801 -4.97654888 -4.09308552 -3.35799965 -2.93253779 
2.84803587e-02 -5.39498801 -4.97654888 -4.09308552 -3.35799965 -2.93253779 
2.31012970e-02 -5.39498801 -4.97654888 -4.09308552 -3.35799965 -2.93253779 
1.87381742e-02 -5.39498801 -4.97654888 -4.09308552 -3.35799965 -2.93253779 
1.51991108e-02 -5.39498801 -4.97654888 -4.09308552 -3.35799965 -2.93253779 
1.23284674e-02 -5.39498801 -4.97654888 -4.09308552 -3.35799965 -2.93253779 
1.00000000e-02 -5.39498801 -4.97654888 -4.09308552 -3.35799965 -2.93253779 
8.11130831e-03 -5.39498801 -4.97654888 -4.09308552 -3.35799965 -2.93253779 
6.57933225e-03 -5.39498801 -4.97654888 -4.09308552 -3.35799965 -2.93253779 
5.33669923e-03 -5.39498801 -4.97654888 -4.09308552 -3.35799965 -2.93253779 
4.32876128e-03 -5.39498801 -4.97654888 -4.09308552 -3.35799965 -2.93253779 
3.51119173e-03 -5.39498801 -4.97654888 -4.09308552 -3.35799965 -2.93253779 
2.84803587e-03 -5.39498801 -4.97654888 -4.09308552 -3.35799965 -2.93253779 
2.31012970e-03 -5.39498801 -4.97654888 -4.09308552 -3.35799965 -2.93253779 
1.87381742e-03 -5.39498801 -4.97654888 -4.09308552 -3.35799965 -2.93253779 
1.51991108e-03 -5.39498801 -4.97654888 -4.09308552 -3.35799965 -2.93253779 
1.23284674e-03 -5.39498801 -4.97654888 -4.09308552 -3.35799965 -2.93253779 
1.00000000e-03 -5.39498801 -4.97654888 -4.09308552 -3.35799965 -2.93253779 
8.11130831e-04 -5.39498801 -4.97654888 -4.09308552 -3.35799965 -2.93253779 
6.57933225e-04 -5.39498801 -4.97654888 -4.09308552 -3.35799965 -2.93253779 
5.33669923e-04 -5.39498801 -4.97654888 -4.09308552 -3.35799965 -2.93253779 
4.32876128e-04 -5.39498801 -4.97654888 -4.09308552 -3.35799965 -2.93253779 
3.51119173e-04 -5.39498801 -4.97654888 -4.09308552 -3.35799965 -2.93253779 
2.84803587e-04 -5.39498801 -4.97654888 -4.09308552 -3.35799965 -2.93253779 
2.31012970e-04 -5.39498801 -4.97654888 -4.09308552 -3.35799965 -2.93253779 
1.87381742e-04 -5.39498801 -4.97654888 -4.09308552 -3.35799965 -2.93253779 
1.51991108e-04 -5.39498801 -4.97654888 -4.09308552 -3.35799965 -2.93253779 
1.23284674e-04 -5.39498801 -4.97654888 -4.09308552 -3.35799965 -2.93253779 
1.00000000e-04 -5.39498801 -4.97654888 -4.09308552 -3.35799965 -2.93253779 
8.11130831e-05 -5.39498801 -4.97654888 -4.09308552 -3.35799965 -2.93253779 
6.57933225e-05 -5.39498801 -4.97654888 -4.09308552 -3.35799965 -2.93253779 
5.33669923e-05 -5.39498801 -4.97654888 -4.09308552 -3.35799965 -2.93253779 
4.32876128e-05 -5.39498801 -4.97654888 -4.09308552 -3.35799965 -2.93253779 
3.51119173e-05 -5.39498801 -4.97654888 -4.09308552 -3.35799965 -2.93253779 
2.84803587e-05 -5.39498801 -4.97654888 -4.09308552 -3.35799965 -2.93253779 
2.31012970e-05 -5.39498801 -4.97654888 -4.09308552 -3.35799965 -2.93253779 
1.87381742e-05 -5.39498801 -4.97654888 -4.09308552 -3.35799965 -2.93253779 
1.51991108e-05 -5.39498801 -4.97654888 -4.09308552 -3.35799965 -2.93253779 
1.23284674e-05 -5.39498801 -4.97654888 -4.09308552 -3.35799965 -2.93253779 
1.00000000e-05 -5.39498801 -4.97654888 -4.09308552 -3.35799965 -2.93253779 
8.11130831e-06 -5.39498801 -4.97654888 -4.09308552 -3.35799965 -2.93253779 
6.57933225e-06 -5.39498801 -4.97654888 -4.09308552 -3.35799965 -2.93253779 
5.33669923e-06 -5.39498801 -4.97654888 -4.09308552 -3.35799965 -2.93253779 
4.32876128e-06 -5.39498801 -4.97654888 -4.09308552 -3.35799965 -2.93253779 
3.51119173e-06 -5.39498801 -4.97654888 -4.09308552 -3.35799965 -2.93253779 
2.84803587e-06 -5.39498801 -4.97654888 -4.09308552 -3.35799965 -2.93253779 
2.31012970e-06 -5.39498801 -4.97654888 -4.09308552 -3.35799965 -2.93253779 
1.87381742e-06 -5.39498801 -4.97654888 -4.09308552 -3.35799965 -2.93253779 
1.51991108e-06 -5.39498801 -4.97654888 -4.09308552 -3.35799965 -2.93253779 
1.23284674e-06 -5.39498801 -4.97654888 -4.09308552 -3.35799965 -2.93253779 
1.00000000e-06 -5.39498801 -4.97654888 -4.09308552 -3.35799965 -2.93253779 
8.11130831e-07 -5.39498801 -4.97654888 -4.09308552 -3.35799965 -2.93253779 
6.57933225e-07 -5.39498801 -4.97654888 -4.09308552 -3.35799965 -2.93253779 
5.33669923e-07 -5.39498801 -4.97654888 -4.09308552 -3.35799965 -2.93253779 
4.32876128e-07 -5.39498801 -4.97654888 -4.09308552 -3.35799965 -2.93253779 
3.51119173e-07 -5.39498801 -4.97654888 -4.09308552 -3.35799965 -2.93253779 
2.84803587e-07 -5.39498801 -4.97654888 -4.09308552 -3.35799965 -2.93253779 
2.31012970e-07 -5.39498801 -4.97654888 -4.09308552 -3.35799965 -2.93253779 
1.87381742e-07 -5.39498801 -4.97654888 -4.09308552 -3.35799965 -2.93253779 
1.51991108e-07 -5.39498801 -4.97654888 -4.09308552 -3.35799965 -2.93253779 
1.23284674e-07 -5.39498801 -4.97654888 -4.09308552 -3.35799965 -2.93253779 
1.00000000e-07 -5.39498801 -4.97654888 -4.09308552 -3.35799965 -2.93253779 
P (bar) | log_NH3: -2σ | log_NH3: -1σ | log_NH3: median | log_NH3: +1σ | log_NH3: +2σ 
1.00000000e+02 -7.90101291 -7.45449825 -6.34336291 -5.53462597 -5.13767465 
8.11130831e+01 -7.90101291 -7.45449825 -6.34336291 -5.53462597 -5.13767465 
6.57933225e+01 -7.90101291 -7.45449825 -6.34336291 -5.53462597 -5.13767465 
5.33669923e+01 -7.90101291 -7.45449825 -6.34336291 -5.53462597 -5.13767465 
4.32876128e+01 -7.90101291 -7.45449825 -6.34336291 -5.53462597 -5.13767465 
3.51119173e+01 -7.90101291 -7.45449825 -6.34336291 -5.53462597 -5.13767465 
2.84803587e+01 -7.90101291 -7.45449825 -6.34336291 -5.53462597 -5.13767465 
2.31012970e+01 -7.90101291 -7.45449825 -6.34336291 -5.53462597 -5.13767465 
1.87381742e+01 -7.90101291 -7.45449825 -6.34336291 -5.53462597 -5.13767465 
1.51991108e+01 -7.90101291 -7.45449825 -6.34336291 -5.53462597 -5.13767465 
1.23284674e+01 -7.90101291 -7.45449825 -6.34336291 -5.53462597 -5.13767465 
1.00000000e+01 -7.90101291 -7.45449825 -6.34336291 -5.53462597 -5.13767465 
8.11130831e+00 -7.90101291 -7.45449825 -6.34336291 -5.53462597 -5.13767465 
6.57933225e+00 -7.90101291 -7.45449825 -6.34336291 -5.53462597 -5.13767465 
5.33669923e+00 -7.90101291 -7.45449825 -6.34336291 -5.53462597 -5.13767465 
4.32876128e+00 -7.90101291 -7.45449825 -6.34336291 -5.53462597 -5.13767465 
3.51119173e+00 -7.90101291 -7.45449825 -6.34336291 -5.53462597 -5.13767465 
2.84803587e+00 -7.90101291 -7.45449825 -6.34336291 -5.53462597 -5.13767465 
2.31012970e+00 -7.90101291 -7.45449825 -6.34336291 -5.53462597 -5.13767465 
1.87381742e+00 -7.90101291 -7.45449825 -6.34336291 -5.53462597 -5.13767465 
1.51991108e+00 -7.90101291 -7.45449825 -6.34336291 -5.53462597 -5.13767465 
1.23284674e+00 -7.90101291 -7.45449825 -6.34336291 -5.53462597 -5.13767465 
1.00000000e+00 -7.90101291 -7.45449825 -6.34336291 -5.53462597 -5.13767465 
8.11130831e-01 -7.90101291 -7.45449825 -6.34336291 -5.53462597 -5.13767465 
6.57933225e-01 -7.90101291 -7.45449825 -6.34336291 -5.53462597 -5.13767465 
5.33669923e-01 -7.90101291 -7.45449825 -6.34336291 -5.53462597 -5.13767465 
4.32876128e-01 -7.90101291 -7.45449825 -6.34336291 -5.53462597 -5.13767465 
3.51119173e-01 -7.90101291 -7.45449825 -6.34336291 -5.53462597 -5.13767465 
2.84803587e-01 -7.90101291 -7.45449825 -6.34336291 -5.53462597 -5.13767465 
2.31012970e-01 -7.90101291 -7.45449825 -6.34336291 -5.53462597 -5.13767465 
1.87381742e-01 -7.90101291 -7.45449825 -6.34336291 -5.53462597 -5.13767465 
1.51991108e-01 -7.90101291 -7.45449825 -6.34336291 -5.53462597 -5.13767465 
1.23284674e-01 -7.90101291 -7.45449825 -6.34336291 -5.53462597 -5.13767465 
1.00000000e-01 -7.90101291 -7.45449825 -6.34336291 -5.53462597 -5.13767465 
8.11130831e-02 -7.90101291 -7.45449825 -6.34336291 -5.53462597 -5.13767465 
6.57933225e-02 -7.90101291 -7.45449825 -6.34336291 -5.53462597 -5.13767465 
5.33669923e-02 -7.90101291 -7.45449825 -6.34336291 -5.53462597 -5.13767465 
4.32876128e-02 -7.90101291 -7.45449825 -6.34336291 -5.53462597 -5.13767465 
3.51119173e-02 -7.90101291 -7.45449825 -6.34336291 -5.53462597 -5.13767465 
2.84803587e-02 -7.90101291 -7.45449825 -6.34336291 -5.53462597 -5.13767465 
2.31012970e-02 -7.90101291 -7.45449825 -6.34336291 -5.53462597 -5.13767465 
1.87381742e-02 -7.90101291 -7.45449825 -6.34336291 -5.53462597 -5.13767465 
1.51991108e-02 -7.90101291 -7.45449825 -6.34336291 -5.53462597 -5.13767465 
1.23284674e-02 -7.90101291 -7.45449825 -6.34336291 -5.53462597 -5.13767465 
1.00000000e-02 -7.90101291 -7.45449825 -6.34336291 -5.53462597 -5.13767465 
8.11130831e-03 -7.90101291 -7.45449825 -6.34336291 -5.53462597 -5.13767465 
6.57933225e-03 -7.90101291 -7.45449825 -6.34336291 -5.53462597 -5.13767465 
5.33669923e-03 -7.90101291 -7.45449825 -6.34336291 -5.53462597 -5.13767465 
4.32876128e-03 -7.90101291 -7.45449825 -6.34336291 -5.53462597 -5.13767465 
3.51119173e-03 -7.90101291 -7.45449825 -6.34336291 -5.53462597 -5.13767465 
2.84803587e-03 -7.90101291 -7.45449825 -6.34336291 -5.53462597 -5.13767465 
2.31012970e-03 -7.90101291 -7.45449825 -6.34336291 -5.53462597 -5.13767465 
1.87381742e-03 -7.90101291 -7.45449825 -6.34336291 -5.53462597 -5.13767465 
1.51991108e-03 -7.90101291 -7.45449825 -6.34336291 -5.53462597 -5.13767465 
1.23284674e-03 -7.90101291 -7.45449825 -6.34336291 -5.53462597 -5.13767465 
1.00000000e-03 -7.90101291 -7.45449825 -6.34336291 -5.53462597 -5.13767465 
8.11130831e-04 -7.90101291 -7.45449825 -6.34336291 -5.53462597 -5.13767465 
6.57933225e-04 -7.90101291 -7.45449825 -6.34336291 -5.53462597 -5.13767465 
5.33669923e-04 -7.90101291 -7.45449825 -6.34336291 -5.53462597 -5.13767465 
4.32876128e-04 -7.90101291 -7.45449825 -6.34336291 -5.53462597 -5.13767465 
3.51119173e-04 -7.90101291 -7.45449825 -6.34336291 -5.53462597 -5.13767465 
2.84803587e-04 -7.90101291 -7.45449825 -6.34336291 -5.53462597 -5.13767465 
2.31012970e-04 -7.90101291 -7.45449825 -6.34336291 -5.53462597 -5.13767465 
1.87381742e-04 -7.90101291 -7.45449825 -6.34336291 -5.53462597 -5.13767465 
1.51991108e-04 -7.90101291 -7.45449825 -6.34336291 -5.53462597 -5.13767465 
1.23284674e-04 -7.90101291 -7.45449825 -6.34336291 -5.53462597 -5.13767465 
1.00000000e-04 -7.90101291 -7.45449825 -6.34336291 -5.53462597 -5.13767465 
8.11130831e-05 -7.90101291 -7.45449825 -6.34336291 -5.53462597 -5.13767465 
6.57933225e-05 -7.90101291 -7.45449825 -6.34336291 -5.53462597 -5.13767465 
5.33669923e-05 -7.90101291 -7.45449825 -6.34336291 -5.53462597 -5.13767465 
4.32876128e-05 -7.90101291 -7.45449825 -6.34336291 -5.53462597 -5.13767465 
3.51119173e-05 -7.90101291 -7.45449825 -6.34336291 -5.53462597 -5.13767465 
2.84803587e-05 -7.90101291 -7.45449825 -6.34336291 -5.53462597 -5.13767465 
2.31012970e-05 -7.90101291 -7.45449825 -6.34336291 -5.53462597 -5.13767465 
1.87381742e-05 -7.90101291 -7.45449825 -6.34336291 -5.53462597 -5.13767465 
1.51991108e-05 -7.90101291 -7.45449825 -6.34336291 -5.53462597 -5.13767465 
1.23284674e-05 -7.90101291 -7.45449825 -6.34336291 -5.53462597 -5.13767465 
1.00000000e-05 -7.90101291 -7.45449825 -6.34336291 -5.53462597 -5.13767465 
8.11130831e-06 -7.90101291 -7.45449825 -6.34336291 -5.53462597 -5.13767465 
6.57933225e-06 -7.90101291 -7.45449825 -6.34336291 -5.53462597 -5.13767465 
5.33669923e-06 -7.90101291 -7.45449825 -6.34336291 -5.53462597 -5.13767465 
4.32876128e-06 -7.90101291 -7.45449825 -6.34336291 -5.53462597 -5.13767465 
3.51119173e-06 -7.90101291 -7.45449825 -6.34336291 -5.53462597 -5.13767465 
2.84803587e-06 -7.90101291 -7.45449825 -6.34336291 -5.53462597 -5.13767465 
2.31012970e-06 -7.90101291 -7.45449825 -6.34336291 -5.53462597 -5.13767465 
1.87381742e-06 -7.90101291 -7.45449825 -6.34336291 -5.53462597 -5.13767465 
1.51991108e-06 -7.90101291 -7.45449825 -6.34336291 -5.53462597 -5.13767465 
1.23284674e-06 -7.90101291 -7.45449825 -6.34336291 -5.53462597 -5.13767465 
1.00000000e-06 -7.90101291 -7.45449825 -6.34336291 -5.53462597 -5.13767465 
8.11130831e-07 -7.90101291 -7.45449825 -6.34336291 -5.53462597 -5.13767465 
6.57933225e-07 -7.90101291 -7.45449825 -6.34336291 -5.53462597 -5.13767465 
5.33669923e-07 -7.90101291 -7.45449825 -6.34336291 -5.53462597 -5.13767465 
4.32876128e-07 -7.90101291 -7.45449825 -6.34336291 -5.53462597 -5.13767465 
3.51119173e-07 -7.90101291 -7.45449825 -6.34336291 -5.53462597 -5.13767465 
2.84803587e-07 -7.90101291 -7.45449825 -6.34336291 -5.53462597 -5.13767465 
2.31012970e-07 -7.90101291 -7.45449825 -6.34336291 -5.53462597 -5.13767465 
1.87381742e-07 -7.90101291 -7.45449825 -6.34336291 -5.53462597 -5.13767465 
1.51991108e-07 -7.90101291 -7.45449825 -6.34336291 -5.53462597 -5.13767465 
1.23284674e-07 -7.90101291 -7.45449825 -6.34336291 -5.53462597 -5.13767465 
1.00000000e-07 -7.90101291 -7.45449825 -6.34336291 -5.53462597 -5.13767465 
P (bar) | log_CH4: -2σ | log_CH4: -1σ | log_CH4: median | log_CH4: +1σ | log_CH4: +2σ 
1.00000000e+02 -6.43959734 -6.01600690 -5.70577488 -5.46736829 -5.28247400 
8.11130831e+01 -6.43959734 -6.01600690 -5.70577488 -5.46736829 -5.28247400 
6.57933225e+01 -6.43959734 -6.01600690 -5.70577488 -5.46736829 -5.28247400 
5.33669923e+01 -6.43959734 -6.01600690 -5.70577488 -5.46736829 -5.28247400 
4.32876128e+01 -6.43959734 -6.01600690 -5.70577488 -5.46736829 -5.28247400 
3.51119173e+01 -6.43959734 -6.01600690 -5.70577488 -5.46736829 -5.28247400 
2.84803587e+01 -6.43959734 -6.01600690 -5.70577488 -5.46736829 -5.28247400 
2.31012970e+01 -6.43959734 -6.01600690 -5.70577488 -5.46736829 -5.28247400 
1.87381742e+01 -6.43959734 -6.01600690 -5.70577488 -5.46736829 -5.28247400 
1.51991108e+01 -6.43959734 -6.01600690 -5.70577488 -5.46736829 -5.28247400 
1.23284674e+01 -6.43959734 -6.01600690 -5.70577488 -5.46736829 -5.28247400 
1.00000000e+01 -6.43959734 -6.01600690 -5.70577488 -5.46736829 -5.28247400 
8.11130831e+00 -6.43959734 -6.01600690 -5.70577488 -5.46736829 -5.28247400 
6.57933225e+00 -6.43959734 -6.01600690 -5.70577488 -5.46736829 -5.28247400 
5.33669923e+00 -6.43959734 -6.01600690 -5.70577488 -5.46736829 -5.28247400 
4.32876128e+00 -6.43959734 -6.01600690 -5.70577488 -5.46736829 -5.28247400 
3.51119173e+00 -6.43959734 -6.01600690 -5.70577488 -5.46736829 -5.28247400 
2.84803587e+00 -6.43959734 -6.01600690 -5.70577488 -5.46736829 -5.28247400 
2.31012970e+00 -6.43959734 -6.01600690 -5.70577488 -5.46736829 -5.28247400 
1.87381742e+00 -6.43959734 -6.01600690 -5.70577488 -5.46736829 -5.28247400 
1.51991108e+00 -6.43959734 -6.01600690 -5.70577488 -5.46736829 -5.28247400 
1.23284674e+00 -6.43959734 -6.01600690 -5.70577488 -5.46736829 -5.28247400 
1.00000000e+00 -6.43959734 -6.01600690 -5.70577488 -5.46736829 -5.28247400 
8.11130831e-01 -6.43959734 -6.01600690 -5.70577488 -5.46736829 -5.28247400 
6.57933225e-01 -6.43959734 -6.01600690 -5.70577488 -5.46736829 -5.28247400 
5.33669923e-01 -6.43959734 -6.01600690 -5.70577488 -5.46736829 -5.28247400 
4.32876128e-01 -6.43959734 -6.01600690 -5.70577488 -5.46736829 -5.28247400 
3.51119173e-01 -6.43959734 -6.01600690 -5.70577488 -5.46736829 -5.28247400 
2.84803587e-01 -6.43959734 -6.01600690 -5.70577488 -5.46736829 -5.28247400 
2.31012970e-01 -6.43959734 -6.01600690 -5.70577488 -5.46736829 -5.28247400 
1.87381742e-01 -6.43959734 -6.01600690 -5.70577488 -5.46736829 -5.28247400 
1.51991108e-01 -6.43959734 -6.01600690 -5.70577488 -5.46736829 -5.28247400 
1.23284674e-01 -6.43959734 -6.01600690 -5.70577488 -5.46736829 -5.28247400 
1.00000000e-01 -6.43959734 -6.01600690 -5.70577488 -5.46736829 -5.28247400 
8.11130831e-02 -6.43959734 -6.01600690 -5.70577488 -5.46736829 -5.28247400 
6.57933225e-02 -6.43959734 -6.01600690 -5.70577488 -5.46736829 -5.28247400 
5.33669923e-02 -6.43959734 -6.01600690 -5.70577488 -5.46736829 -5.28247400 
4.32876128e-02 -6.43959734 -6.01600690 -5.70577488 -5.46736829 -5.28247400 
3.51119173e-02 -6.43959734 -6.01600690 -5.70577488 -5.46736829 -5.28247400 
2.84803587e-02 -6.43959734 -6.01600690 -5.70577488 -5.46736829 -5.28247400 
2.31012970e-02 -6.43959734 -6.01600690 -5.70577488 -5.46736829 -5.28247400 
1.87381742e-02 -6.43959734 -6.01600690 -5.70577488 -5.46736829 -5.28247400 
1.51991108e-02 -6.43959734 -6.01600690 -5.70577488 -5.46736829 -5.28247400 
1.23284674e-02 -6.43959734 -6.01600690 -5.70577488 -5.46736829 -5.28247400 
1.00000000e-02 -6.43959734 -6.01600690 -5.70577488 -5.46736829 -5.28247400 
8.11130831e-03 -6.43959734 -6.01600690 -5.70577488 -5.46736829 -5.28247400 
6.57933225e-03 -6.43959734 -6.01600690 -5.70577488 -5.46736829 -5.28247400 
5.33669923e-03 -6.43959734 -6.01600690 -5.70577488 -5.46736829 -5.28247400 
4.32876128e-03 -6.43959734 -6.01600690 -5.70577488 -5.46736829 -5.28247400 
3.51119173e-03 -6.43959734 -6.01600690 -5.70577488 -5.46736829 -5.28247400 
2.84803587e-03 -6.43959734 -6.01600690 -5.70577488 -5.46736829 -5.28247400 
2.31012970e-03 -6.43959734 -6.01600690 -5.70577488 -5.46736829 -5.28247400 
1.87381742e-03 -6.43959734 -6.01600690 -5.70577488 -5.46736829 -5.28247400 
1.51991108e-03 -6.43959734 -6.01600690 -5.70577488 -5.46736829 -5.28247400 
1.23284674e-03 -6.43959734 -6.01600690 -5.70577488 -5.46736829 -5.28247400 
1.00000000e-03 -6.43959734 -6.01600690 -5.70577488 -5.46736829 -5.28247400 
8.11130831e-04 -6.43959734 -6.01600690 -5.70577488 -5.46736829 -5.28247400 
6.57933225e-04 -6.43959734 -6.01600690 -5.70577488 -5.46736829 -5.28247400 
5.33669923e-04 -6.43959734 -6.01600690 -5.70577488 -5.46736829 -5.28247400 
4.32876128e-04 -6.43959734 -6.01600690 -5.70577488 -5.46736829 -5.28247400 
3.51119173e-04 -6.43959734 -6.01600690 -5.70577488 -5.46736829 -5.28247400 
2.84803587e-04 -6.43959734 -6.01600690 -5.70577488 -5.46736829 -5.28247400 
2.31012970e-04 -6.43959734 -6.01600690 -5.70577488 -5.46736829 -5.28247400 
1.87381742e-04 -6.43959734 -6.01600690 -5.70577488 -5.46736829 -5.28247400 
1.51991108e-04 -6.43959734 -6.01600690 -5.70577488 -5.46736829 -5.28247400 
1.23284674e-04 -6.43959734 -6.01600690 -5.70577488 -5.46736829 -5.28247400 
1.00000000e-04 -6.43959734 -6.01600690 -5.70577488 -5.46736829 -5.28247400 
8.11130831e-05 -6.43959734 -6.01600690 -5.70577488 -5.46736829 -5.28247400 
6.57933225e-05 -6.43959734 -6.01600690 -5.70577488 -5.46736829 -5.28247400 
5.33669923e-05 -6.43959734 -6.01600690 -5.70577488 -5.46736829 -5.28247400 
4.32876128e-05 -6.43959734 -6.01600690 -5.70577488 -5.46736829 -5.28247400 
3.51119173e-05 -6.43959734 -6.01600690 -5.70577488 -5.46736829 -5.28247400 
2.84803587e-05 -6.43959734 -6.01600690 -5.70577488 -5.46736829 -5.28247400 
2.31012970e-05 -6.43959734 -6.01600690 -5.70577488 -5.46736829 -5.28247400 
1.87381742e-05 -6.43959734 -6.01600690 -5.70577488 -5.46736829 -5.28247400 
1.51991108e-05 -6.43959734 -6.01600690 -5.70577488 -5.46736829 -5.28247400 
1.23284674e-05 -6.43959734 -6.01600690 -5.70577488 -5.46736829 -5.28247400 
1.00000000e-05 -6.43959734 -6.01600690 -5.70577488 -5.46736829 -5.28247400 
8.11130831e-06 -6.43959734 -6.01600690 -5.70577488 -5.46736829 -5.28247400 
6.57933225e-06 -6.43959734 -6.01600690 -5.70577488 -5.46736829 -5.28247400 
5.33669923e-06 -6.43959734 -6.01600690 -5.70577488 -5.46736829 -5.28247400 
4.32876128e-06 -6.43959734 -6.01600690 -5.70577488 -5.46736829 -5.28247400 
3.51119173e-06 -6.43959734 -6.01600690 -5.70577488 -5.46736829 -5.28247400 
2.84803587e-06 -6.43959734 -6.01600690 -5.70577488 -5.46736829 -5.28247400 
2.31012970e-06 -6.43959734 -6.01600690 -5.70577488 -5.46736829 -5.28247400 
1.87381742e-06 -6.43959734 -6.01600690 -5.70577488 -5.46736829 -5.28247400 
1.51991108e-06 -6.43959734 -6.01600690 -5.70577488 -5.46736829 -5.28247400 
1.23284674e-06 -6.43959734 -6.01600690 -5.70577488 -5.46736829 -5.28247400 
1.00000000e-06 -6.43959734 -6.01600690 -5.70577488 -5.46736829 -5.28247400 
8.11130831e-07 -6.43959734 -6.01600690 -5.70577488 -5.46736829 -5.28247400 
6.57933225e-07 -6.43959734 -6.01600690 -5.70577488 -5.46736829 -5.28247400 
5.33669923e-07 -6.43959734 -6.01600690 -5.70577488 -5.46736829 -5.28247400 
4.32876128e-07 -6.43959734 -6.01600690 -5.70577488 -5.46736829 -5.28247400 
3.51119173e-07 -6.43959734 -6.01600690 -5.70577488 -5.46736829 -5.28247400 
2.84803587e-07 -6.43959734 -6.01600690 -5.70577488 -5.46736829 -5.28247400 
2.31012970e-07 -6.43959734 -6.01600690 -5.70577488 -5.46736829 -5.28247400 
1.87381742e-07 -6.43959734 -6.01600690 -5.70577488 -5.46736829 -5.28247400 
1.51991108e-07 -6.43959734 -6.01600690 -5.70577488 -5.46736829 -5.28247400 
1.23284674e-07 -6.43959734 -6.01600690 -5.70577488 -5.46736829 -5.28247400 
1.00000000e-07 -6.43959734 -6.01600690 -5.70577488 -5.46736829 -5.28247400 
