Chemical species: H2 He H2O CO2 SO2 CO NH3 CH4
P (bar) | log_H2: -2σ | log_H2: -1σ | log_H2: median | log_H2: +1σ | log_H2: +2σ 
1.00000000e+02 -0.10264789 -0.09130480 -0.08229664 -0.07548736 -0.07045170 
8.11130831e+01 -0.10264789 -0.09130480 -0.08229664 -0.07548736 -0.07045170 
6.57933225e+01 -0.10264789 -0.09130480 -0.08229664 -0.07548736 -0.07045170 
5.33669923e+01 -0.10264789 -0.09130480 -0.08229664 -0.07548736 -0.07045170 
4.32876128e+01 -0.10264789 -0.09130480 -0.08229664 -0.07548736 -0.07045170 
3.51119173e+01 -0.10264789 -0.09130480 -0.08229664 -0.07548736 -0.07045170 
2.84803587e+01 -0.10264789 -0.09130480 -0.08229664 -0.07548736 -0.07045170 
2.31012970e+01 -0.10264789 -0.09130480 -0.08229664 -0.07548736 -0.07045170 
1.87381742e+01 -0.10264789 -0.09130480 -0.08229664 -0.07548736 -0.07045170 
1.51991108e+01 -0.10264789 -0.09130480 -0.08229664 -0.07548736 -0.07045170 
1.23284674e+01 -0.10264789 -0.09130480 -0.08229664 -0.07548736 -0.07045170 
1.00000000e+01 -0.10264789 -0.09130480 -0.08229664 -0.07548736 -0.07045170 
8.11130831e+00 -0.10264789 -0.09130480 -0.08229664 -0.07548736 -0.07045170 
6.57933225e+00 -0.10264789 -0.09130480 -0.08229664 -0.07548736 -0.07045170 
5.33669923e+00 -0.10264789 -0.09130480 -0.08229664 -0.07548736 -0.07045170 
4.32876128e+00 -0.10264789 -0.09130480 -0.08229664 -0.07548736 -0.07045170 
3.51119173e+00 -0.10264789 -0.09130480 -0.08229664 -0.07548736 -0.07045170 
2.84803587e+00 -0.10264789 -0.09130480 -0.08229664 -0.07548736 -0.07045170 
2.31012970e+00 -0.10264789 -0.09130480 -0.08229664 -0.07548736 -0.07045170 
1.87381742e+00 -0.10264789 -0.09130480 -0.08229664 -0.07548736 -0.07045170 
1.51991108e+00 -0.10264789 -0.09130480 -0.08229664 -0.07548736 -0.07045170 
1.23284674e+00 -0.10264789 -0.09130480 -0.08229664 -0.07548736 -0.07045170 
1.00000000e+00 -0.10264789 -0.09130480 -0.08229664 -0.07548736 -0.07045170 
8.11130831e-01 -0.10264789 -0.09130480 -0.08229664 -0.07548736 -0.07045170 
6.57933225e-01 -0.10264789 -0.09130480 -0.08229664 -0.07548736 -0.07045170 
5.33669923e-01 -0.10264789 -0.09130480 -0.08229664 -0.07548736 -0.07045170 
4.32876128e-01 -0.10264789 -0.09130480 -0.08229664 -0.07548736 -0.07045170 
3.51119173e-01 -0.10264789 -0.09130480 -0.08229664 -0.07548736 -0.07045170 
2.84803587e-01 -0.10264789 -0.09130480 -0.08229664 -0.07548736 -0.07045170 
2.31012970e-01 -0.10264789 -0.09130480 -0.08229664 -0.07548736 -0.07045170 
1.87381742e-01 -0.10264789 -0.09130480 -0.08229664 -0.07548736 -0.07045170 
1.51991108e-01 -0.10264789 -0.09130480 -0.08229664 -0.07548736 -0.07045170 
1.23284674e-01 -0.10264789 -0.09130480 -0.08229664 -0.07548736 -0.07045170 
1.00000000e-01 -0.10264789 -0.09130480 -0.08229664 -0.07548736 -0.07045170 
8.11130831e-02 -0.10264789 -0.09130480 -0.08229664 -0.07548736 -0.07045170 
6.57933225e-02 -0.10264789 -0.09130480 -0.08229664 -0.07548736 -0.07045170 
5.33669923e-02 -0.10264789 -0.09130480 -0.08229664 -0.07548736 -0.07045170 
4.32876128e-02 -0.10264789 -0.09130480 -0.08229664 -0.07548736 -0.07045170 
3.51119173e-02 -0.10264789 -0.09130480 -0.08229664 -0.07548736 -0.07045170 
2.84803587e-02 -0.10264789 -0.09130480 -0.08229664 -0.07548736 -0.07045170 
2.31012970e-02 -0.10264789 -0.09130480 -0.08229664 -0.07548736 -0.07045170 
1.87381742e-02 -0.10264789 -0.09130480 -0.08229664 -0.07548736 -0.07045170 
1.51991108e-02 -0.10264789 -0.09130480 -0.08229664 -0.07548736 -0.07045170 
1.23284674e-02 -0.10264789 -0.09130480 -0.08229664 -0.07548736 -0.07045170 
1.00000000e-02 -0.10264789 -0.09130480 -0.08229664 -0.07548736 -0.07045170 
8.11130831e-03 -0.10264789 -0.09130480 -0.08229664 -0.07548736 -0.07045170 
6.57933225e-03 -0.10264789 -0.09130480 -0.08229664 -0.07548736 -0.07045170 
5.33669923e-03 -0.10264789 -0.09130480 -0.08229664 -0.07548736 -0.07045170 
4.32876128e-03 -0.10264789 -0.09130480 -0.08229664 -0.07548736 -0.07045170 
3.51119173e-03 -0.10264789 -0.09130480 -0.08229664 -0.07548736 -0.07045170 
2.84803587e-03 -0.10264789 -0.09130480 -0.08229664 -0.07548736 -0.07045170 
2.31012970e-03 -0.10264789 -0.09130480 -0.08229664 -0.07548736 -0.07045170 
1.87381742e-03 -0.10264789 -0.09130480 -0.08229664 -0.07548736 -0.07045170 
1.51991108e-03 -0.10264789 -0.09130480 -0.08229664 -0.07548736 -0.07045170 
1.23284674e-03 -0.10264789 -0.09130480 -0.08229664 -0.07548736 -0.07045170 
1.00000000e-03 -0.10264789 -0.09130480 -0.08229664 -0.07548736 -0.07045170 
8.11130831e-04 -0.10264789 -0.09130480 -0.08229664 -0.07548736 -0.07045170 
6.57933225e-04 -0.10264789 -0.09130480 -0.08229664 -0.07548736 -0.07045170 
5.33669923e-04 -0.10264789 -0.09130480 -0.08229664 -0.07548736 -0.07045170 
4.32876128e-04 -0.10264789 -0.09130480 -0.08229664 -0.07548736 -0.07045170 
3.51119173e-04 -0.10264789 -0.09130480 -0.08229664 -0.07548736 -0.07045170 
2.84803587e-04 -0.10264789 -0.09130480 -0.08229664 -0.07548736 -0.07045170 
2.31012970e-04 -0.10264789 -0.09130480 -0.08229664 -0.07548736 -0.07045170 
1.87381742e-04 -0.10264789 -0.09130480 -0.08229664 -0.07548736 -0.07045170 
1.51991108e-04 -0.10264789 -0.09130480 -0.08229664 -0.07548736 -0.07045170 
1.23284674e-04 -0.10264789 -0.09130480 -0.08229664 -0.07548736 -0.07045170 
1.00000000e-04 -0.10264789 -0.09130480 -0.08229664 -0.07548736 -0.07045170 
8.11130831e-05 -0.10264789 -0.09130480 -0.08229664 -0.07548736 -0.07045170 
6.57933225e-05 -0.10264789 -0.09130480 -0.08229664 -0.07548736 -0.07045170 
5.33669923e-05 -0.10264789 -0.09130480 -0.08229664 -0.07548736 -0.07045170 
4.32876128e-05 -0.10264789 -0.09130480 -0.08229664 -0.07548736 -0.07045170 
3.51119173e-05 -0.10264789 -0.09130480 -0.08229664 -0.07548736 -0.07045170 
2.84803587e-05 -0.10264789 -0.09130480 -0.08229664 -0.07548736 -0.07045170 
2.31012970e-05 -0.10264789 -0.09130480 -0.08229664 -0.07548736 -0.07045170 
1.87381742e-05 -0.10264789 -0.09130480 -0.08229664 -0.07548736 -0.07045170 
1.51991108e-05 -0.10264789 -0.09130480 -0.08229664 -0.07548736 -0.07045170 
1.23284674e-05 -0.10264789 -0.09130480 -0.08229664 -0.07548736 -0.07045170 
1.00000000e-05 -0.10264789 -0.09130480 -0.08229664 -0.07548736 -0.07045170 
8.11130831e-06 -0.10264789 -0.09130480 -0.08229664 -0.07548736 -0.07045170 
6.57933225e-06 -0.10264789 -0.09130480 -0.08229664 -0.07548736 -0.07045170 
5.33669923e-06 -0.10264789 -0.09130480 -0.08229664 -0.07548736 -0.07045170 
4.32876128e-06 -0.10264789 -0.09130480 -0.08229664 -0.07548736 -0.07045170 
3.51119173e-06 -0.10264789 -0.09130480 -0.08229664 -0.07548736 -0.07045170 
2.84803587e-06 -0.10264789 -0.09130480 -0.08229664 -0.07548736 -0.07045170 
2.31012970e-06 -0.10264789 -0.09130480 -0.08229664 -0.07548736 -0.07045170 
1.87381742e-06 -0.10264789 -0.09130480 -0.08229664 -0.07548736 -0.07045170 
1.51991108e-06 -0.10264789 -0.09130480 -0.08229664 -0.07548736 -0.07045170 
1.23284674e-06 -0.10264789 -0.09130480 -0.08229664 -0.07548736 -0.07045170 
1.00000000e-06 -0.10264789 -0.09130480 -0.08229664 -0.07548736 -0.07045170 
8.11130831e-07 -0.10264789 -0.09130480 -0.08229664 -0.07548736 -0.07045170 
6.57933225e-07 -0.10264789 -0.09130480 -0.08229664 -0.07548736 -0.07045170 
5.33669923e-07 -0.10264789 -0.09130480 -0.08229664 -0.07548736 -0.07045170 
4.32876128e-07 -0.10264789 -0.09130480 -0.08229664 -0.07548736 -0.07045170 
3.51119173e-07 -0.10264789 -0.09130480 -0.08229664 -0.07548736 -0.07045170 
2.84803587e-07 -0.10264789 -0.09130480 -0.08229664 -0.07548736 -0.07045170 
2.31012970e-07 -0.10264789 -0.09130480 -0.08229664 -0.07548736 -0.07045170 
1.87381742e-07 -0.10264789 -0.09130480 -0.08229664 -0.07548736 -0.07045170 
1.51991108e-07 -0.10264789 -0.09130480 -0.08229664 -0.07548736 -0.07045170 
1.23284674e-07 -0.10264789 -0.09130480 -0.08229664 -0.07548736 -0.07045170 
1.00000000e-07 -0.10264789 -0.09130480 -0.08229664 -0.07548736 -0.07045170 
P (bar) | log_He: -2σ | log_He: -1σ | log_He: median | log_He: +1σ | log_He: +2σ 
1.00000000e+02 -0.87219897 -0.86085588 -0.85184772 -0.84503844 -0.84000277 
8.11130831e+01 -0.87219897 -0.86085588 -0.85184772 -0.84503844 -0.84000277 
6.57933225e+01 -0.87219897 -0.86085588 -0.85184772 -0.84503844 -0.84000277 
5.33669923e+01 -0.87219897 -0.86085588 -0.85184772 -0.84503844 -0.84000277 
4.32876128e+01 -0.87219897 -0.86085588 -0.85184772 -0.84503844 -0.84000277 
3.51119173e+01 -0.87219897 -0.86085588 -0.85184772 -0.84503844 -0.84000277 
2.84803587e+01 -0.87219897 -0.86085588 -0.85184772 -0.84503844 -0.84000277 
2.31012970e+01 -0.87219897 -0.86085588 -0.85184772 -0.84503844 -0.84000277 
1.87381742e+01 -0.87219897 -0.86085588 -0.85184772 -0.84503844 -0.84000277 
1.51991108e+01 -0.87219897 -0.86085588 -0.85184772 -0.84503844 -0.84000277 
1.23284674e+01 -0.87219897 -0.86085588 -0.85184772 -0.84503844 -0.84000277 
1.00000000e+01 -0.87219897 -0.86085588 -0.85184772 -0.84503844 -0.84000277 
8.11130831e+00 -0.87219897 -0.86085588 -0.85184772 -0.84503844 -0.84000277 
6.57933225e+00 -0.87219897 -0.86085588 -0.85184772 -0.84503844 -0.84000277 
5.33669923e+00 -0.87219897 -0.86085588 -0.85184772 -0.84503844 -0.84000277 
4.32876128e+00 -0.87219897 -0.86085588 -0.85184772 -0.84503844 -0.84000277 
3.51119173e+00 -0.87219897 -0.86085588 -0.85184772 -0.84503844 -0.84000277 
2.84803587e+00 -0.87219897 -0.86085588 -0.85184772 -0.84503844 -0.84000277 
2.31012970e+00 -0.87219897 -0.86085588 -0.85184772 -0.84503844 -0.84000277 
1.87381742e+00 -0.87219897 -0.86085588 -0.85184772 -0.84503844 -0.84000277 
1.51991108e+00 -0.87219897 -0.86085588 -0.85184772 -0.84503844 -0.84000277 
1.23284674e+00 -0.87219897 -0.86085588 -0.85184772 -0.84503844 -0.84000277 
1.00000000e+00 -0.87219897 -0.86085588 -0.85184772 -0.84503844 -0.84000277 
8.11130831e-01 -0.87219897 -0.86085588 -0.85184772 -0.84503844 -0.84000277 
6.57933225e-01 -0.87219897 -0.86085588 -0.85184772 -0.84503844 -0.84000277 
5.33669923e-01 -0.87219897 -0.86085588 -0.85184772 -0.84503844 -0.84000277 
4.32876128e-01 -0.87219897 -0.86085588 -0.85184772 -0.84503844 -0.84000277 
3.51119173e-01 -0.87219897 -0.86085588 -0.85184772 -0.84503844 -0.84000277 
2.84803587e-01 -0.87219897 -0.86085588 -0.85184772 -0.84503844 -0.84000277 
2.31012970e-01 -0.87219897 -0.86085588 -0.85184772 -0.84503844 -0.84000277 
1.87381742e-01 -0.87219897 -0.86085588 -0.85184772 -0.84503844 -0.84000277 
1.51991108e-01 -0.87219897 -0.86085588 -0.85184772 -0.84503844 -0.84000277 
1.23284674e-01 -0.87219897 -0.86085588 -0.85184772 -0.84503844 -0.84000277 
1.00000000e-01 -0.87219897 -0.86085588 -0.85184772 -0.84503844 -0.84000277 
8.11130831e-02 -0.87219897 -0.86085588 -0.85184772 -0.84503844 -0.84000277 
6.57933225e-02 -0.87219897 -0.86085588 -0.85184772 -0.84503844 -0.84000277 
5.33669923e-02 -0.87219897 -0.86085588 -0.85184772 -0.84503844 -0.84000277 
4.32876128e-02 -0.87219897 -0.86085588 -0.85184772 -0.84503844 -0.84000277 
3.51119173e-02 -0.87219897 -0.86085588 -0.85184772 -0.84503844 -0.84000277 
2.84803587e-02 -0.87219897 -0.86085588 -0.85184772 -0.84503844 -0.84000277 
2.31012970e-02 -0.87219897 -0.86085588 -0.85184772 -0.84503844 -0.84000277 
1.87381742e-02 -0.87219897 -0.86085588 -0.85184772 -0.84503844 -0.84000277 
1.51991108e-02 -0.87219897 -0.86085588 -0.85184772 -0.84503844 -0.84000277 
1.23284674e-02 -0.87219897 -0.86085588 -0.85184772 -0.84503844 -0.84000277 
1.00000000e-02 -0.87219897 -0.86085588 -0.85184772 -0.84503844 -0.84000277 
8.11130831e-03 -0.87219897 -0.86085588 -0.85184772 -0.84503844 -0.84000277 
6.57933225e-03 -0.87219897 -0.86085588 -0.85184772 -0.84503844 -0.84000277 
5.33669923e-03 -0.87219897 -0.86085588 -0.85184772 -0.84503844 -0.84000277 
4.32876128e-03 -0.87219897 -0.86085588 -0.85184772 -0.84503844 -0.84000277 
3.51119173e-03 -0.87219897 -0.86085588 -0.85184772 -0.84503844 -0.84000277 
2.84803587e-03 -0.87219897 -0.86085588 -0.85184772 -0.84503844 -0.84000277 
2.31012970e-03 -0.87219897 -0.86085588 -0.85184772 -0.84503844 -0.84000277 
1.87381742e-03 -0.87219897 -0.86085588 -0.85184772 -0.84503844 -0.84000277 
1.51991108e-03 -0.87219897 -0.86085588 -0.85184772 -0.84503844 -0.84000277 
1.23284674e-03 -0.87219897 -0.86085588 -0.85184772 -0.84503844 -0.84000277 
1.00000000e-03 -0.87219897 -0.86085588 -0.85184772 -0.84503844 -0.84000277 
8.11130831e-04 -0.87219897 -0.86085588 -0.85184772 -0.84503844 -0.84000277 
6.57933225e-04 -0.87219897 -0.86085588 -0.85184772 -0.84503844 -0.84000277 
5.33669923e-04 -0.87219897 -0.86085588 -0.85184772 -0.84503844 -0.84000277 
4.32876128e-04 -0.87219897 -0.86085588 -0.85184772 -0.84503844 -0.84000277 
3.51119173e-04 -0.87219897 -0.86085588 -0.85184772 -0.84503844 -0.84000277 
2.84803587e-04 -0.87219897 -0.86085588 -0.85184772 -0.84503844 -0.84000277 
2.31012970e-04 -0.87219897 -0.86085588 -0.85184772 -0.84503844 -0.84000277 
1.87381742e-04 -0.87219897 -0.86085588 -0.85184772 -0.84503844 -0.84000277 
1.51991108e-04 -0.87219897 -0.86085588 -0.85184772 -0.84503844 -0.84000277 
1.23284674e-04 -0.87219897 -0.86085588 -0.85184772 -0.84503844 -0.84000277 
1.00000000e-04 -0.87219897 -0.86085588 -0.85184772 -0.84503844 -0.84000277 
8.11130831e-05 -0.87219897 -0.86085588 -0.85184772 -0.84503844 -0.84000277 
6.57933225e-05 -0.87219897 -0.86085588 -0.85184772 -0.84503844 -0.84000277 
5.33669923e-05 -0.87219897 -0.86085588 -0.85184772 -0.84503844 -0.84000277 
4.32876128e-05 -0.87219897 -0.86085588 -0.85184772 -0.84503844 -0.84000277 
3.51119173e-05 -0.87219897 -0.86085588 -0.85184772 -0.84503844 -0.84000277 
2.84803587e-05 -0.87219897 -0.86085588 -0.85184772 -0.84503844 -0.84000277 
2.31012970e-05 -0.87219897 -0.86085588 -0.85184772 -0.84503844 -0.84000277 
1.87381742e-05 -0.87219897 -0.86085588 -0.85184772 -0.84503844 -0.84000277 
1.51991108e-05 -0.87219897 -0.86085588 -0.85184772 -0.84503844 -0.84000277 
1.23284674e-05 -0.87219897 -0.86085588 -0.85184772 -0.84503844 -0.84000277 
1.00000000e-05 -0.87219897 -0.86085588 -0.85184772 -0.84503844 -0.84000277 
8.11130831e-06 -0.87219897 -0.86085588 -0.85184772 -0.84503844 -0.84000277 
6.57933225e-06 -0.87219897 -0.86085588 -0.85184772 -0.84503844 -0.84000277 
5.33669923e-06 -0.87219897 -0.86085588 -0.85184772 -0.84503844 -0.84000277 
4.32876128e-06 -0.87219897 -0.86085588 -0.85184772 -0.84503844 -0.84000277 
3.51119173e-06 -0.87219897 -0.86085588 -0.85184772 -0.84503844 -0.84000277 
2.84803587e-06 -0.87219897 -0.86085588 -0.85184772 -0.84503844 -0.84000277 
2.31012970e-06 -0.87219897 -0.86085588 -0.85184772 -0.84503844 -0.84000277 
1.87381742e-06 -0.87219897 -0.86085588 -0.85184772 -0.84503844 -0.84000277 
1.51991108e-06 -0.87219897 -0.86085588 -0.85184772 -0.84503844 -0.84000277 
1.23284674e-06 -0.87219897 -0.86085588 -0.85184772 -0.84503844 -0.84000277 
1.00000000e-06 -0.87219897 -0.86085588 -0.85184772 -0.84503844 -0.84000277 
8.11130831e-07 -0.87219897 -0.86085588 -0.85184772 -0.84503844 -0.84000277 
6.57933225e-07 -0.87219897 -0.86085588 -0.85184772 -0.84503844 -0.84000277 
5.33669923e-07 -0.87219897 -0.86085588 -0.85184772 -0.84503844 -0.84000277 
4.32876128e-07 -0.87219897 -0.86085588 -0.85184772 -0.84503844 -0.84000277 
3.51119173e-07 -0.87219897 -0.86085588 -0.85184772 -0.84503844 -0.84000277 
2.84803587e-07 -0.87219897 -0.86085588 -0.85184772 -0.84503844 -0.84000277 
2.31012970e-07 -0.87219897 -0.86085588 -0.85184772 -0.84503844 -0.84000277 
1.87381742e-07 -0.87219897 -0.86085588 -0.85184772 -0.84503844 -0.84000277 
1.51991108e-07 -0.87219897 -0.86085588 -0.85184772 -0.84503844 -0.84000277 
1.23284674e-07 -0.87219897 -0.86085588 -0.85184772 -0.84503844 -0.84000277 
1.00000000e-07 -0.87219897 -0.86085588 -0.85184772 -0.84503844 -0.84000277 
P (bar) | log_H2O: -2σ | log_H2O: -1σ | log_H2O: median | log_H2O: +1σ | log_H2O: +2σ 
1.00000000e+02 -2.36827320 -1.87631146 -1.57913312 -1.35318378 -1.17931436 
8.11130831e+01 -2.36827320 -1.87631146 -1.57913312 -1.35318378 -1.17931436 
6.57933225e+01 -2.36827320 -1.87631146 -1.57913312 -1.35318378 -1.17931436 
5.33669923e+01 -2.36827320 -1.87631146 -1.57913312 -1.35318378 -1.17931436 
4.32876128e+01 -2.36827320 -1.87631146 -1.57913312 -1.35318378 -1.17931436 
3.51119173e+01 -2.36827320 -1.87631146 -1.57913312 -1.35318378 -1.17931436 
2.84803587e+01 -2.36827320 -1.87631146 -1.57913312 -1.35318378 -1.17931436 
2.31012970e+01 -2.36827320 -1.87631146 -1.57913312 -1.35318378 -1.17931436 
1.87381742e+01 -2.36827320 -1.87631146 -1.57913312 -1.35318378 -1.17931436 
1.51991108e+01 -2.36827320 -1.87631146 -1.57913312 -1.35318378 -1.17931436 
1.23284674e+01 -2.36827320 -1.87631146 -1.57913312 -1.35318378 -1.17931436 
1.00000000e+01 -2.36827320 -1.87631146 -1.57913312 -1.35318378 -1.17931436 
8.11130831e+00 -2.36827320 -1.87631146 -1.57913312 -1.35318378 -1.17931436 
6.57933225e+00 -2.36827320 -1.87631146 -1.57913312 -1.35318378 -1.17931436 
5.33669923e+00 -2.36827320 -1.87631146 -1.57913312 -1.35318378 -1.17931436 
4.32876128e+00 -2.36827320 -1.87631146 -1.57913312 -1.35318378 -1.17931436 
3.51119173e+00 -2.36827320 -1.87631146 -1.57913312 -1.35318378 -1.17931436 
2.84803587e+00 -2.36827320 -1.87631146 -1.57913312 -1.35318378 -1.17931436 
2.31012970e+00 -2.36827320 -1.87631146 -1.57913312 -1.35318378 -1.17931436 
1.87381742e+00 -2.36827320 -1.87631146 -1.57913312 -1.35318378 -1.17931436 
1.51991108e+00 -2.36827320 -1.87631146 -1.57913312 -1.35318378 -1.17931436 
1.23284674e+00 -2.36827320 -1.87631146 -1.57913312 -1.35318378 -1.17931436 
1.00000000e+00 -2.36827320 -1.87631146 -1.57913312 -1.35318378 -1.17931436 
8.11130831e-01 -2.36827320 -1.87631146 -1.57913312 -1.35318378 -1.17931436 
6.57933225e-01 -2.36827320 -1.87631146 -1.57913312 -1.35318378 -1.17931436 
5.33669923e-01 -2.36827320 -1.87631146 -1.57913312 -1.35318378 -1.17931436 
4.32876128e-01 -2.36827320 -1.87631146 -1.57913312 -1.35318378 -1.17931436 
3.51119173e-01 -2.36827320 -1.87631146 -1.57913312 -1.35318378 -1.17931436 
2.84803587e-01 -2.36827320 -1.87631146 -1.57913312 -1.35318378 -1.17931436 
2.31012970e-01 -2.36827320 -1.87631146 -1.57913312 -1.35318378 -1.17931436 
1.87381742e-01 -2.36827320 -1.87631146 -1.57913312 -1.35318378 -1.17931436 
1.51991108e-01 -2.36827320 -1.87631146 -1.57913312 -1.35318378 -1.17931436 
1.23284674e-01 -2.36827320 -1.87631146 -1.57913312 -1.35318378 -1.17931436 
1.00000000e-01 -2.36827320 -1.87631146 -1.57913312 -1.35318378 -1.17931436 
8.11130831e-02 -2.36827320 -1.87631146 -1.57913312 -1.35318378 -1.17931436 
6.57933225e-02 -2.36827320 -1.87631146 -1.57913312 -1.35318378 -1.17931436 
5.33669923e-02 -2.36827320 -1.87631146 -1.57913312 -1.35318378 -1.17931436 
4.32876128e-02 -2.36827320 -1.87631146 -1.57913312 -1.35318378 -1.17931436 
3.51119173e-02 -2.36827320 -1.87631146 -1.57913312 -1.35318378 -1.17931436 
2.84803587e-02 -2.36827320 -1.87631146 -1.57913312 -1.35318378 -1.17931436 
2.31012970e-02 -2.36827320 -1.87631146 -1.57913312 -1.35318378 -1.17931436 
1.87381742e-02 -2.36827320 -1.87631146 -1.57913312 -1.35318378 -1.17931436 
1.51991108e-02 -2.36827320 -1.87631146 -1.57913312 -1.35318378 -1.17931436 
1.23284674e-02 -2.36827320 -1.87631146 -1.57913312 -1.35318378 -1.17931436 
1.00000000e-02 -2.36827320 -1.87631146 -1.57913312 -1.35318378 -1.17931436 
8.11130831e-03 -2.36827320 -1.87631146 -1.57913312 -1.35318378 -1.17931436 
6.57933225e-03 -2.36827320 -1.87631146 -1.57913312 -1.35318378 -1.17931436 
5.33669923e-03 -2.36827320 -1.87631146 -1.57913312 -1.35318378 -1.17931436 
4.32876128e-03 -2.36827320 -1.87631146 -1.57913312 -1.35318378 -1.17931436 
3.51119173e-03 -2.36827320 -1.87631146 -1.57913312 -1.35318378 -1.17931436 
2.84803587e-03 -2.36827320 -1.87631146 -1.57913312 -1.35318378 -1.17931436 
2.31012970e-03 -2.36827320 -1.87631146 -1.57913312 -1.35318378 -1.17931436 
1.87381742e-03 -2.36827320 -1.87631146 -1.57913312 -1.35318378 -1.17931436 
1.51991108e-03 -2.36827320 -1.87631146 -1.57913312 -1.35318378 -1.17931436 
1.23284674e-03 -2.36827320 -1.87631146 -1.57913312 -1.35318378 -1.17931436 
1.00000000e-03 -2.36827320 -1.87631146 -1.57913312 -1.35318378 -1.17931436 
8.11130831e-04 -2.36827320 -1.87631146 -1.57913312 -1.35318378 -1.17931436 
6.57933225e-04 -2.36827320 -1.87631146 -1.57913312 -1.35318378 -1.17931436 
5.33669923e-04 -2.36827320 -1.87631146 -1.57913312 -1.35318378 -1.17931436 
4.32876128e-04 -2.36827320 -1.87631146 -1.57913312 -1.35318378 -1.17931436 
3.51119173e-04 -2.36827320 -1.87631146 -1.57913312 -1.35318378 -1.17931436 
2.84803587e-04 -2.36827320 -1.87631146 -1.57913312 -1.35318378 -1.17931436 
2.31012970e-04 -2.36827320 -1.87631146 -1.57913312 -1.35318378 -1.17931436 
1.87381742e-04 -2.36827320 -1.87631146 -1.57913312 -1.35318378 -1.17931436 
1.51991108e-04 -2.36827320 -1.87631146 -1.57913312 -1.35318378 -1.17931436 
1.23284674e-04 -2.36827320 -1.87631146 -1.57913312 -1.35318378 -1.17931436 
1.00000000e-04 -2.36827320 -1.87631146 -1.57913312 -1.35318378 -1.17931436 
8.11130831e-05 -2.36827320 -1.87631146 -1.57913312 -1.35318378 -1.17931436 
6.57933225e-05 -2.36827320 -1.87631146 -1.57913312 -1.35318378 -1.17931436 
5.33669923e-05 -2.36827320 -1.87631146 -1.57913312 -1.35318378 -1.17931436 
4.32876128e-05 -2.36827320 -1.87631146 -1.57913312 -1.35318378 -1.17931436 
3.51119173e-05 -2.36827320 -1.87631146 -1.57913312 -1.35318378 -1.17931436 
2.84803587e-05 -2.36827320 -1.87631146 -1.57913312 -1.35318378 -1.17931436 
2.31012970e-05 -2.36827320 -1.87631146 -1.57913312 -1.35318378 -1.17931436 
1.87381742e-05 -2.36827320 -1.87631146 -1.57913312 -1.35318378 -1.17931436 
1.51991108e-05 -2.36827320 -1.87631146 -1.57913312 -1.35318378 -1.17931436 
1.23284674e-05 -2.36827320 -1.87631146 -1.57913312 -1.35318378 -1.17931436 
1.00000000e-05 -2.36827320 -1.87631146 -1.57913312 -1.35318378 -1.17931436 
8.11130831e-06 -2.36827320 -1.87631146 -1.57913312 -1.35318378 -1.17931436 
6.57933225e-06 -2.36827320 -1.87631146 -1.57913312 -1.35318378 -1.17931436 
5.33669923e-06 -2.36827320 -1.87631146 -1.57913312 -1.35318378 -1.17931436 
4.32876128e-06 -2.36827320 -1.87631146 -1.57913312 -1.35318378 -1.17931436 
3.51119173e-06 -2.36827320 -1.87631146 -1.57913312 -1.35318378 -1.17931436 
2.84803587e-06 -2.36827320 -1.87631146 -1.57913312 -1.35318378 -1.17931436 
2.31012970e-06 -2.36827320 -1.87631146 -1.57913312 -1.35318378 -1.17931436 
1.87381742e-06 -2.36827320 -1.87631146 -1.57913312 -1.35318378 -1.17931436 
1.51991108e-06 -2.36827320 -1.87631146 -1.57913312 -1.35318378 -1.17931436 
1.23284674e-06 -2.36827320 -1.87631146 -1.57913312 -1.35318378 -1.17931436 
1.00000000e-06 -2.36827320 -1.87631146 -1.57913312 -1.35318378 -1.17931436 
8.11130831e-07 -2.36827320 -1.87631146 -1.57913312 -1.35318378 -1.17931436 
6.57933225e-07 -2.36827320 -1.87631146 -1.57913312 -1.35318378 -1.17931436 
5.33669923e-07 -2.36827320 -1.87631146 -1.57913312 -1.35318378 -1.17931436 
4.32876128e-07 -2.36827320 -1.87631146 -1.57913312 -1.35318378 -1.17931436 
3.51119173e-07 -2.36827320 -1.87631146 -1.57913312 -1.35318378 -1.17931436 
2.84803587e-07 -2.36827320 -1.87631146 -1.57913312 -1.35318378 -1.17931436 
2.31012970e-07 -2.36827320 -1.87631146 -1.57913312 -1.35318378 -1.17931436 
1.87381742e-07 -2.36827320 -1.87631146 -1.57913312 -1.35318378 -1.17931436 
1.51991108e-07 -2.36827320 -1.87631146 -1.57913312 -1.35318378 -1.17931436 
1.23284674e-07 -2.36827320 -1.87631146 -1.57913312 -1.35318378 -1.17931436 
1.00000000e-07 -2.36827320 -1.87631146 -1.57913312 -1.35318378 -1.17931436 
P (bar) | log_CO2: -2σ | log_CO2: -1σ | log_CO2: median | log_CO2: +1σ | log_CO2: +2σ 
1.00000000e+02 -3.45108218 -2.87522307 -2.52814385 -2.25174134 -2.02565089 
8.11130831e+01 -3.45108218 -2.87522307 -2.52814385 -2.25174134 -2.02565089 
6.57933225e+01 -3.45108218 -2.87522307 -2.52814385 -2.25174134 -2.02565089 
5.33669923e+01 -3.45108218 -2.87522307 -2.52814385 -2.25174134 -2.02565089 
4.32876128e+01 -3.45108218 -2.87522307 -2.52814385 -2.25174134 -2.02565089 
3.51119173e+01 -3.45108218 -2.87522307 -2.52814385 -2.25174134 -2.02565089 
2.84803587e+01 -3.45108218 -2.87522307 -2.52814385 -2.25174134 -2.02565089 
2.31012970e+01 -3.45108218 -2.87522307 -2.52814385 -2.25174134 -2.02565089 
1.87381742e+01 -3.45108218 -2.87522307 -2.52814385 -2.25174134 -2.02565089 
1.51991108e+01 -3.45108218 -2.87522307 -2.52814385 -2.25174134 -2.02565089 
1.23284674e+01 -3.45108218 -2.87522307 -2.52814385 -2.25174134 -2.02565089 
1.00000000e+01 -3.45108218 -2.87522307 -2.52814385 -2.25174134 -2.02565089 
8.11130831e+00 -3.45108218 -2.87522307 -2.52814385 -2.25174134 -2.02565089 
6.57933225e+00 -3.45108218 -2.87522307 -2.52814385 -2.25174134 -2.02565089 
5.33669923e+00 -3.45108218 -2.87522307 -2.52814385 -2.25174134 -2.02565089 
4.32876128e+00 -3.45108218 -2.87522307 -2.52814385 -2.25174134 -2.02565089 
3.51119173e+00 -3.45108218 -2.87522307 -2.52814385 -2.25174134 -2.02565089 
2.84803587e+00 -3.45108218 -2.87522307 -2.52814385 -2.25174134 -2.02565089 
2.31012970e+00 -3.45108218 -2.87522307 -2.52814385 -2.25174134 -2.02565089 
1.87381742e+00 -3.45108218 -2.87522307 -2.52814385 -2.25174134 -2.02565089 
1.51991108e+00 -3.45108218 -2.87522307 -2.52814385 -2.25174134 -2.02565089 
1.23284674e+00 -3.45108218 -2.87522307 -2.52814385 -2.25174134 -2.02565089 
1.00000000e+00 -3.45108218 -2.87522307 -2.52814385 -2.25174134 -2.02565089 
8.11130831e-01 -3.45108218 -2.87522307 -2.52814385 -2.25174134 -2.02565089 
6.57933225e-01 -3.45108218 -2.87522307 -2.52814385 -2.25174134 -2.02565089 
5.33669923e-01 -3.45108218 -2.87522307 -2.52814385 -2.25174134 -2.02565089 
4.32876128e-01 -3.45108218 -2.87522307 -2.52814385 -2.25174134 -2.02565089 
3.51119173e-01 -3.45108218 -2.87522307 -2.52814385 -2.25174134 -2.02565089 
2.84803587e-01 -3.45108218 -2.87522307 -2.52814385 -2.25174134 -2.02565089 
2.31012970e-01 -3.45108218 -2.87522307 -2.52814385 -2.25174134 -2.02565089 
1.87381742e-01 -3.45108218 -2.87522307 -2.52814385 -2.25174134 -2.02565089 
1.51991108e-01 -3.45108218 -2.87522307 -2.52814385 -2.25174134 -2.02565089 
1.23284674e-01 -3.45108218 -2.87522307 -2.52814385 -2.25174134 -2.02565089 
1.00000000e-01 -3.45108218 -2.87522307 -2.52814385 -2.25174134 -2.02565089 
8.11130831e-02 -3.45108218 -2.87522307 -2.52814385 -2.25174134 -2.02565089 
6.57933225e-02 -3.45108218 -2.87522307 -2.52814385 -2.25174134 -2.02565089 
5.33669923e-02 -3.45108218 -2.87522307 -2.52814385 -2.25174134 -2.02565089 
4.32876128e-02 -3.45108218 -2.87522307 -2.52814385 -2.25174134 -2.02565089 
3.51119173e-02 -3.45108218 -2.87522307 -2.52814385 -2.25174134 -2.02565089 
2.84803587e-02 -3.45108218 -2.87522307 -2.52814385 -2.25174134 -2.02565089 
2.31012970e-02 -3.45108218 -2.87522307 -2.52814385 -2.25174134 -2.02565089 
1.87381742e-02 -3.45108218 -2.87522307 -2.52814385 -2.25174134 -2.02565089 
1.51991108e-02 -3.45108218 -2.87522307 -2.52814385 -2.25174134 -2.02565089 
1.23284674e-02 -3.45108218 -2.87522307 -2.52814385 -2.25174134 -2.02565089 
1.00000000e-02 -3.45108218 -2.87522307 -2.52814385 -2.25174134 -2.02565089 
8.11130831e-03 -3.45108218 -2.87522307 -2.52814385 -2.25174134 -2.02565089 
6.57933225e-03 -3.45108218 -2.87522307 -2.52814385 -2.25174134 -2.02565089 
5.33669923e-03 -3.45108218 -2.87522307 -2.52814385 -2.25174134 -2.02565089 
4.32876128e-03 -3.45108218 -2.87522307 -2.52814385 -2.25174134 -2.02565089 
3.51119173e-03 -3.45108218 -2.87522307 -2.52814385 -2.25174134 -2.02565089 
2.84803587e-03 -3.45108218 -2.87522307 -2.52814385 -2.25174134 -2.02565089 
2.31012970e-03 -3.45108218 -2.87522307 -2.52814385 -2.25174134 -2.02565089 
1.87381742e-03 -3.45108218 -2.87522307 -2.52814385 -2.25174134 -2.02565089 
1.51991108e-03 -3.45108218 -2.87522307 -2.52814385 -2.25174134 -2.02565089 
1.23284674e-03 -3.45108218 -2.87522307 -2.52814385 -2.25174134 -2.02565089 
1.00000000e-03 -3.45108218 -2.87522307 -2.52814385 -2.25174134 -2.02565089 
8.11130831e-04 -3.45108218 -2.87522307 -2.52814385 -2.25174134 -2.02565089 
6.57933225e-04 -3.45108218 -2.87522307 -2.52814385 -2.25174134 -2.02565089 
5.33669923e-04 -3.45108218 -2.87522307 -2.52814385 -2.25174134 -2.02565089 
4.32876128e-04 -3.45108218 -2.87522307 -2.52814385 -2.25174134 -2.02565089 
3.51119173e-04 -3.45108218 -2.87522307 -2.52814385 -2.25174134 -2.02565089 
2.84803587e-04 -3.45108218 -2.87522307 -2.52814385 -2.25174134 -2.02565089 
2.31012970e-04 -3.45108218 -2.87522307 -2.52814385 -2.25174134 -2.02565089 
1.87381742e-04 -3.45108218 -2.87522307 -2.52814385 -2.25174134 -2.02565089 
1.51991108e-04 -3.45108218 -2.87522307 -2.52814385 -2.25174134 -2.02565089 
1.23284674e-04 -3.45108218 -2.87522307 -2.52814385 -2.25174134 -2.02565089 
1.00000000e-04 -3.45108218 -2.87522307 -2.52814385 -2.25174134 -2.02565089 
8.11130831e-05 -3.45108218 -2.87522307 -2.52814385 -2.25174134 -2.02565089 
6.57933225e-05 -3.45108218 -2.87522307 -2.52814385 -2.25174134 -2.02565089 
5.33669923e-05 -3.45108218 -2.87522307 -2.52814385 -2.25174134 -2.02565089 
4.32876128e-05 -3.45108218 -2.87522307 -2.52814385 -2.25174134 -2.02565089 
3.51119173e-05 -3.45108218 -2.87522307 -2.52814385 -2.25174134 -2.02565089 
2.84803587e-05 -3.45108218 -2.87522307 -2.52814385 -2.25174134 -2.02565089 
2.31012970e-05 -3.45108218 -2.87522307 -2.52814385 -2.25174134 -2.02565089 
1.87381742e-05 -3.45108218 -2.87522307 -2.52814385 -2.25174134 -2.02565089 
1.51991108e-05 -3.45108218 -2.87522307 -2.52814385 -2.25174134 -2.02565089 
1.23284674e-05 -3.45108218 -2.87522307 -2.52814385 -2.25174134 -2.02565089 
1.00000000e-05 -3.45108218 -2.87522307 -2.52814385 -2.25174134 -2.02565089 
8.11130831e-06 -3.45108218 -2.87522307 -2.52814385 -2.25174134 -2.02565089 
6.57933225e-06 -3.45108218 -2.87522307 -2.52814385 -2.25174134 -2.02565089 
5.33669923e-06 -3.45108218 -2.87522307 -2.52814385 -2.25174134 -2.02565089 
4.32876128e-06 -3.45108218 -2.87522307 -2.52814385 -2.25174134 -2.02565089 
3.51119173e-06 -3.45108218 -2.87522307 -2.52814385 -2.25174134 -2.02565089 
2.84803587e-06 -3.45108218 -2.87522307 -2.52814385 -2.25174134 -2.02565089 
2.31012970e-06 -3.45108218 -2.87522307 -2.52814385 -2.25174134 -2.02565089 
1.87381742e-06 -3.45108218 -2.87522307 -2.52814385 -2.25174134 -2.02565089 
1.51991108e-06 -3.45108218 -2.87522307 -2.52814385 -2.25174134 -2.02565089 
1.23284674e-06 -3.45108218 -2.87522307 -2.52814385 -2.25174134 -2.02565089 
1.00000000e-06 -3.45108218 -2.87522307 -2.52814385 -2.25174134 -2.02565089 
8.11130831e-07 -3.45108218 -2.87522307 -2.52814385 -2.25174134 -2.02565089 
6.57933225e-07 -3.45108218 -2.87522307 -2.52814385 -2.25174134 -2.02565089 
5.33669923e-07 -3.45108218 -2.87522307 -2.52814385 -2.25174134 -2.02565089 
4.32876128e-07 -3.45108218 -2.87522307 -2.52814385 -2.25174134 -2.02565089 
3.51119173e-07 -3.45108218 -2.87522307 -2.52814385 -2.25174134 -2.02565089 
2.84803587e-07 -3.45108218 -2.87522307 -2.52814385 -2.25174134 -2.02565089 
2.31012970e-07 -3.45108218 -2.87522307 -2.52814385 -2.25174134 -2.02565089 
1.87381742e-07 -3.45108218 -2.87522307 -2.52814385 -2.25174134 -2.02565089 
1.51991108e-07 -3.45108218 -2.87522307 -2.52814385 -2.25174134 -2.02565089 
1.23284674e-07 -3.45108218 -2.87522307 -2.52814385 -2.25174134 -2.02565089 
1.00000000e-07 -3.45108218 -2.87522307 -2.52814385 -2.25174134 -2.02565089 
P (bar) | log_SO2: -2σ | log_SO2: -1σ | log_SO2: median | log_SO2: +1σ | log_SO2: +2σ 
1.00000000e+02 -5.20097380 -4.93813384 -4.75307112 -4.59858157 -4.47579324 
8.11130831e+01 -5.20097380 -4.93813384 -4.75307112 -4.59858157 -4.47579324 
6.57933225e+01 -5.20097380 -4.93813384 -4.75307112 -4.59858157 -4.47579324 
5.33669923e+01 -5.20097380 -4.93813384 -4.75307112 -4.59858157 -4.47579324 
4.32876128e+01 -5.20097380 -4.93813384 -4.75307112 -4.59858157 -4.47579324 
3.51119173e+01 -5.20097380 -4.93813384 -4.75307112 -4.59858157 -4.47579324 
2.84803587e+01 -5.20097380 -4.93813384 -4.75307112 -4.59858157 -4.47579324 
2.31012970e+01 -5.20097380 -4.93813384 -4.75307112 -4.59858157 -4.47579324 
1.87381742e+01 -5.20097380 -4.93813384 -4.75307112 -4.59858157 -4.47579324 
1.51991108e+01 -5.20097380 -4.93813384 -4.75307112 -4.59858157 -4.47579324 
1.23284674e+01 -5.20097380 -4.93813384 -4.75307112 -4.59858157 -4.47579324 
1.00000000e+01 -5.20097380 -4.93813384 -4.75307112 -4.59858157 -4.47579324 
8.11130831e+00 -5.20097380 -4.93813384 -4.75307112 -4.59858157 -4.47579324 
6.57933225e+00 -5.20097380 -4.93813384 -4.75307112 -4.59858157 -4.47579324 
5.33669923e+00 -5.20097380 -4.93813384 -4.75307112 -4.59858157 -4.47579324 
4.32876128e+00 -5.20097380 -4.93813384 -4.75307112 -4.59858157 -4.47579324 
3.51119173e+00 -5.20097380 -4.93813384 -4.75307112 -4.59858157 -4.47579324 
2.84803587e+00 -5.20097380 -4.93813384 -4.75307112 -4.59858157 -4.47579324 
2.31012970e+00 -5.20097380 -4.93813384 -4.75307112 -4.59858157 -4.47579324 
1.87381742e+00 -5.20097380 -4.93813384 -4.75307112 -4.59858157 -4.47579324 
1.51991108e+00 -5.20097380 -4.93813384 -4.75307112 -4.59858157 -4.47579324 
1.23284674e+00 -5.20097380 -4.93813384 -4.75307112 -4.59858157 -4.47579324 
1.00000000e+00 -5.20097380 -4.93813384 -4.75307112 -4.59858157 -4.47579324 
8.11130831e-01 -5.20097380 -4.93813384 -4.75307112 -4.59858157 -4.47579324 
6.57933225e-01 -5.20097380 -4.93813384 -4.75307112 -4.59858157 -4.47579324 
5.33669923e-01 -5.20097380 -4.93813384 -4.75307112 -4.59858157 -4.47579324 
4.32876128e-01 -5.20097380 -4.93813384 -4.75307112 -4.59858157 -4.47579324 
3.51119173e-01 -5.20097380 -4.93813384 -4.75307112 -4.59858157 -4.47579324 
2.84803587e-01 -5.20097380 -4.93813384 -4.75307112 -4.59858157 -4.47579324 
2.31012970e-01 -5.20097380 -4.93813384 -4.75307112 -4.59858157 -4.47579324 
1.87381742e-01 -5.20097380 -4.93813384 -4.75307112 -4.59858157 -4.47579324 
1.51991108e-01 -5.20097380 -4.93813384 -4.75307112 -4.59858157 -4.47579324 
1.23284674e-01 -5.20097380 -4.93813384 -4.75307112 -4.59858157 -4.47579324 
1.00000000e-01 -5.20097380 -4.93813384 -4.75307112 -4.59858157 -4.47579324 
8.11130831e-02 -5.20097380 -4.93813384 -4.75307112 -4.59858157 -4.47579324 
6.57933225e-02 -5.20097380 -4.93813384 -4.75307112 -4.59858157 -4.47579324 
5.33669923e-02 -5.20097380 -4.93813384 -4.75307112 -4.59858157 -4.47579324 
4.32876128e-02 -5.20097380 -4.93813384 -4.75307112 -4.59858157 -4.47579324 
3.51119173e-02 -5.20097380 -4.93813384 -4.75307112 -4.59858157 -4.47579324 
2.84803587e-02 -5.20097380 -4.93813384 -4.75307112 -4.59858157 -4.47579324 
2.31012970e-02 -5.20097380 -4.93813384 -4.75307112 -4.59858157 -4.47579324 
1.87381742e-02 -5.20097380 -4.93813384 -4.75307112 -4.59858157 -4.47579324 
1.51991108e-02 -5.20097380 -4.93813384 -4.75307112 -4.59858157 -4.47579324 
1.23284674e-02 -5.20097380 -4.93813384 -4.75307112 -4.59858157 -4.47579324 
1.00000000e-02 -5.20097380 -4.93813384 -4.75307112 -4.59858157 -4.47579324 
8.11130831e-03 -5.20097380 -4.93813384 -4.75307112 -4.59858157 -4.47579324 
6.57933225e-03 -5.20097380 -4.93813384 -4.75307112 -4.59858157 -4.47579324 
5.33669923e-03 -5.20097380 -4.93813384 -4.75307112 -4.59858157 -4.47579324 
4.32876128e-03 -5.20097380 -4.93813384 -4.75307112 -4.59858157 -4.47579324 
3.51119173e-03 -5.20097380 -4.93813384 -4.75307112 -4.59858157 -4.47579324 
2.84803587e-03 -5.20097380 -4.93813384 -4.75307112 -4.59858157 -4.47579324 
2.31012970e-03 -5.20097380 -4.93813384 -4.75307112 -4.59858157 -4.47579324 
1.87381742e-03 -5.20097380 -4.93813384 -4.75307112 -4.59858157 -4.47579324 
1.51991108e-03 -5.20097380 -4.93813384 -4.75307112 -4.59858157 -4.47579324 
1.23284674e-03 -5.20097380 -4.93813384 -4.75307112 -4.59858157 -4.47579324 
1.00000000e-03 -5.20097380 -4.93813384 -4.75307112 -4.59858157 -4.47579324 
8.11130831e-04 -5.20097380 -4.93813384 -4.75307112 -4.59858157 -4.47579324 
6.57933225e-04 -5.20097380 -4.93813384 -4.75307112 -4.59858157 -4.47579324 
5.33669923e-04 -5.20097380 -4.93813384 -4.75307112 -4.59858157 -4.47579324 
4.32876128e-04 -5.20097380 -4.93813384 -4.75307112 -4.59858157 -4.47579324 
3.51119173e-04 -5.20097380 -4.93813384 -4.75307112 -4.59858157 -4.47579324 
2.84803587e-04 -5.20097380 -4.93813384 -4.75307112 -4.59858157 -4.47579324 
2.31012970e-04 -5.20097380 -4.93813384 -4.75307112 -4.59858157 -4.47579324 
1.87381742e-04 -5.20097380 -4.93813384 -4.75307112 -4.59858157 -4.47579324 
1.51991108e-04 -5.20097380 -4.93813384 -4.75307112 -4.59858157 -4.47579324 
1.23284674e-04 -5.20097380 -4.93813384 -4.75307112 -4.59858157 -4.47579324 
1.00000000e-04 -5.20097380 -4.93813384 -4.75307112 -4.59858157 -4.47579324 
8.11130831e-05 -5.20097380 -4.93813384 -4.75307112 -4.59858157 -4.47579324 
6.57933225e-05 -5.20097380 -4.93813384 -4.75307112 -4.59858157 -4.47579324 
5.33669923e-05 -5.20097380 -4.93813384 -4.75307112 -4.59858157 -4.47579324 
4.32876128e-05 -5.20097380 -4.93813384 -4.75307112 -4.59858157 -4.47579324 
3.51119173e-05 -5.20097380 -4.93813384 -4.75307112 -4.59858157 -4.47579324 
2.84803587e-05 -5.20097380 -4.93813384 -4.75307112 -4.59858157 -4.47579324 
2.31012970e-05 -5.20097380 -4.93813384 -4.75307112 -4.59858157 -4.47579324 
1.87381742e-05 -5.20097380 -4.93813384 -4.75307112 -4.59858157 -4.47579324 
1.51991108e-05 -5.20097380 -4.93813384 -4.75307112 -4.59858157 -4.47579324 
1.23284674e-05 -5.20097380 -4.93813384 -4.75307112 -4.59858157 -4.47579324 
1.00000000e-05 -5.20097380 -4.93813384 -4.75307112 -4.59858157 -4.47579324 
8.11130831e-06 -5.20097380 -4.93813384 -4.75307112 -4.59858157 -4.47579324 
6.57933225e-06 -5.20097380 -4.93813384 -4.75307112 -4.59858157 -4.47579324 
5.33669923e-06 -5.20097380 -4.93813384 -4.75307112 -4.59858157 -4.47579324 
4.32876128e-06 -5.20097380 -4.93813384 -4.75307112 -4.59858157 -4.47579324 
3.51119173e-06 -5.20097380 -4.93813384 -4.75307112 -4.59858157 -4.47579324 
2.84803587e-06 -5.20097380 -4.93813384 -4.75307112 -4.59858157 -4.47579324 
2.31012970e-06 -5.20097380 -4.93813384 -4.75307112 -4.59858157 -4.47579324 
1.87381742e-06 -5.20097380 -4.93813384 -4.75307112 -4.59858157 -4.47579324 
1.51991108e-06 -5.20097380 -4.93813384 -4.75307112 -4.59858157 -4.47579324 
1.23284674e-06 -5.20097380 -4.93813384 -4.75307112 -4.59858157 -4.47579324 
1.00000000e-06 -5.20097380 -4.93813384 -4.75307112 -4.59858157 -4.47579324 
8.11130831e-07 -5.20097380 -4.93813384 -4.75307112 -4.59858157 -4.47579324 
6.57933225e-07 -5.20097380 -4.93813384 -4.75307112 -4.59858157 -4.47579324 
5.33669923e-07 -5.20097380 -4.93813384 -4.75307112 -4.59858157 -4.47579324 
4.32876128e-07 -5.20097380 -4.93813384 -4.75307112 -4.59858157 -4.47579324 
3.51119173e-07 -5.20097380 -4.93813384 -4.75307112 -4.59858157 -4.47579324 
2.84803587e-07 -5.20097380 -4.93813384 -4.75307112 -4.59858157 -4.47579324 
2.31012970e-07 -5.20097380 -4.93813384 -4.75307112 -4.59858157 -4.47579324 
1.87381742e-07 -5.20097380 -4.93813384 -4.75307112 -4.59858157 -4.47579324 
1.51991108e-07 -5.20097380 -4.93813384 -4.75307112 -4.59858157 -4.47579324 
1.23284674e-07 -5.20097380 -4.93813384 -4.75307112 -4.59858157 -4.47579324 
1.00000000e-07 -5.20097380 -4.93813384 -4.75307112 -4.59858157 -4.47579324 
P (bar) | log_CO: -2σ | log_CO: -1σ | log_CO: median | log_CO: +1σ | log_CO: +2σ 
1.00000000e+02 -3.78991569 -3.36960525 -2.81916664 -2.35886540 -2.11524387 
8.11130831e+01 -3.78991569 -3.36960525 -2.81916664 -2.35886540 -2.11524387 
6.57933225e+01 -3.78991569 -3.36960525 -2.81916664 -2.35886540 -2.11524387 
5.33669923e+01 -3.78991569 -3.36960525 -2.81916664 -2.35886540 -2.11524387 
4.32876128e+01 -3.78991569 -3.36960525 -2.81916664 -2.35886540 -2.11524387 
3.51119173e+01 -3.78991569 -3.36960525 -2.81916664 -2.35886540 -2.11524387 
2.84803587e+01 -3.78991569 -3.36960525 -2.81916664 -2.35886540 -2.11524387 
2.31012970e+01 -3.78991569 -3.36960525 -2.81916664 -2.35886540 -2.11524387 
1.87381742e+01 -3.78991569 -3.36960525 -2.81916664 -2.35886540 -2.11524387 
1.51991108e+01 -3.78991569 -3.36960525 -2.81916664 -2.35886540 -2.11524387 
1.23284674e+01 -3.78991569 -3.36960525 -2.81916664 -2.35886540 -2.11524387 
1.00000000e+01 -3.78991569 -3.36960525 -2.81916664 -2.35886540 -2.11524387 
8.11130831e+00 -3.78991569 -3.36960525 -2.81916664 -2.35886540 -2.11524387 
6.57933225e+00 -3.78991569 -3.36960525 -2.81916664 -2.35886540 -2.11524387 
5.33669923e+00 -3.78991569 -3.36960525 -2.81916664 -2.35886540 -2.11524387 
4.32876128e+00 -3.78991569 -3.36960525 -2.81916664 -2.35886540 -2.11524387 
3.51119173e+00 -3.78991569 -3.36960525 -2.81916664 -2.35886540 -2.11524387 
2.84803587e+00 -3.78991569 -3.36960525 -2.81916664 -2.35886540 -2.11524387 
2.31012970e+00 -3.78991569 -3.36960525 -2.81916664 -2.35886540 -2.11524387 
1.87381742e+00 -3.78991569 -3.36960525 -2.81916664 -2.35886540 -2.11524387 
1.51991108e+00 -3.78991569 -3.36960525 -2.81916664 -2.35886540 -2.11524387 
1.23284674e+00 -3.78991569 -3.36960525 -2.81916664 -2.35886540 -2.11524387 
1.00000000e+00 -3.78991569 -3.36960525 -2.81916664 -2.35886540 -2.11524387 
8.11130831e-01 -3.78991569 -3.36960525 -2.81916664 -2.35886540 -2.11524387 
6.57933225e-01 -3.78991569 -3.36960525 -2.81916664 -2.35886540 -2.11524387 
5.33669923e-01 -3.78991569 -3.36960525 -2.81916664 -2.35886540 -2.11524387 
4.32876128e-01 -3.78991569 -3.36960525 -2.81916664 -2.35886540 -2.11524387 
3.51119173e-01 -3.78991569 -3.36960525 -2.81916664 -2.35886540 -2.11524387 
2.84803587e-01 -3.78991569 -3.36960525 -2.81916664 -2.35886540 -2.11524387 
2.31012970e-01 -3.78991569 -3.36960525 -2.81916664 -2.35886540 -2.11524387 
1.87381742e-01 -3.78991569 -3.36960525 -2.81916664 -2.35886540 -2.11524387 
1.51991108e-01 -3.78991569 -3.36960525 -2.81916664 -2.35886540 -2.11524387 
1.23284674e-01 -3.78991569 -3.36960525 -2.81916664 -2.35886540 -2.11524387 
1.00000000e-01 -3.78991569 -3.36960525 -2.81916664 -2.35886540 -2.11524387 
8.11130831e-02 -3.78991569 -3.36960525 -2.81916664 -2.35886540 -2.11524387 
6.57933225e-02 -3.78991569 -3.36960525 -2.81916664 -2.35886540 -2.11524387 
5.33669923e-02 -3.78991569 -3.36960525 -2.81916664 -2.35886540 -2.11524387 
4.32876128e-02 -3.78991569 -3.36960525 -2.81916664 -2.35886540 -2.11524387 
3.51119173e-02 -3.78991569 -3.36960525 -2.81916664 -2.35886540 -2.11524387 
2.84803587e-02 -3.78991569 -3.36960525 -2.81916664 -2.35886540 -2.11524387 
2.31012970e-02 -3.78991569 -3.36960525 -2.81916664 -2.35886540 -2.11524387 
1.87381742e-02 -3.78991569 -3.36960525 -2.81916664 -2.35886540 -2.11524387 
1.51991108e-02 -3.78991569 -3.36960525 -2.81916664 -2.35886540 -2.11524387 
1.23284674e-02 -3.78991569 -3.36960525 -2.81916664 -2.35886540 -2.11524387 
1.00000000e-02 -3.78991569 -3.36960525 -2.81916664 -2.35886540 -2.11524387 
8.11130831e-03 -3.78991569 -3.36960525 -2.81916664 -2.35886540 -2.11524387 
6.57933225e-03 -3.78991569 -3.36960525 -2.81916664 -2.35886540 -2.11524387 
5.33669923e-03 -3.78991569 -3.36960525 -2.81916664 -2.35886540 -2.11524387 
4.32876128e-03 -3.78991569 -3.36960525 -2.81916664 -2.35886540 -2.11524387 
3.51119173e-03 -3.78991569 -3.36960525 -2.81916664 -2.35886540 -2.11524387 
2.84803587e-03 -3.78991569 -3.36960525 -2.81916664 -2.35886540 -2.11524387 
2.31012970e-03 -3.78991569 -3.36960525 -2.81916664 -2.35886540 -2.11524387 
1.87381742e-03 -3.78991569 -3.36960525 -2.81916664 -2.35886540 -2.11524387 
1.51991108e-03 -3.78991569 -3.36960525 -2.81916664 -2.35886540 -2.11524387 
1.23284674e-03 -3.78991569 -3.36960525 -2.81916664 -2.35886540 -2.11524387 
1.00000000e-03 -3.78991569 -3.36960525 -2.81916664 -2.35886540 -2.11524387 
8.11130831e-04 -3.78991569 -3.36960525 -2.81916664 -2.35886540 -2.11524387 
6.57933225e-04 -3.78991569 -3.36960525 -2.81916664 -2.35886540 -2.11524387 
5.33669923e-04 -3.78991569 -3.36960525 -2.81916664 -2.35886540 -2.11524387 
4.32876128e-04 -3.78991569 -3.36960525 -2.81916664 -2.35886540 -2.11524387 
3.51119173e-04 -3.78991569 -3.36960525 -2.81916664 -2.35886540 -2.11524387 
2.84803587e-04 -3.78991569 -3.36960525 -2.81916664 -2.35886540 -2.11524387 
2.31012970e-04 -3.78991569 -3.36960525 -2.81916664 -2.35886540 -2.11524387 
1.87381742e-04 -3.78991569 -3.36960525 -2.81916664 -2.35886540 -2.11524387 
1.51991108e-04 -3.78991569 -3.36960525 -2.81916664 -2.35886540 -2.11524387 
1.23284674e-04 -3.78991569 -3.36960525 -2.81916664 -2.35886540 -2.11524387 
1.00000000e-04 -3.78991569 -3.36960525 -2.81916664 -2.35886540 -2.11524387 
8.11130831e-05 -3.78991569 -3.36960525 -2.81916664 -2.35886540 -2.11524387 
6.57933225e-05 -3.78991569 -3.36960525 -2.81916664 -2.35886540 -2.11524387 
5.33669923e-05 -3.78991569 -3.36960525 -2.81916664 -2.35886540 -2.11524387 
4.32876128e-05 -3.78991569 -3.36960525 -2.81916664 -2.35886540 -2.11524387 
3.51119173e-05 -3.78991569 -3.36960525 -2.81916664 -2.35886540 -2.11524387 
2.84803587e-05 -3.78991569 -3.36960525 -2.81916664 -2.35886540 -2.11524387 
2.31012970e-05 -3.78991569 -3.36960525 -2.81916664 -2.35886540 -2.11524387 
1.87381742e-05 -3.78991569 -3.36960525 -2.81916664 -2.35886540 -2.11524387 
1.51991108e-05 -3.78991569 -3.36960525 -2.81916664 -2.35886540 -2.11524387 
1.23284674e-05 -3.78991569 -3.36960525 -2.81916664 -2.35886540 -2.11524387 
1.00000000e-05 -3.78991569 -3.36960525 -2.81916664 -2.35886540 -2.11524387 
8.11130831e-06 -3.78991569 -3.36960525 -2.81916664 -2.35886540 -2.11524387 
6.57933225e-06 -3.78991569 -3.36960525 -2.81916664 -2.35886540 -2.11524387 
5.33669923e-06 -3.78991569 -3.36960525 -2.81916664 -2.35886540 -2.11524387 
4.32876128e-06 -3.78991569 -3.36960525 -2.81916664 -2.35886540 -2.11524387 
3.51119173e-06 -3.78991569 -3.36960525 -2.81916664 -2.35886540 -2.11524387 
2.84803587e-06 -3.78991569 -3.36960525 -2.81916664 -2.35886540 -2.11524387 
2.31012970e-06 -3.78991569 -3.36960525 -2.81916664 -2.35886540 -2.11524387 
1.87381742e-06 -3.78991569 -3.36960525 -2.81916664 -2.35886540 -2.11524387 
1.51991108e-06 -3.78991569 -3.36960525 -2.81916664 -2.35886540 -2.11524387 
1.23284674e-06 -3.78991569 -3.36960525 -2.81916664 -2.35886540 -2.11524387 
1.00000000e-06 -3.78991569 -3.36960525 -2.81916664 -2.35886540 -2.11524387 
8.11130831e-07 -3.78991569 -3.36960525 -2.81916664 -2.35886540 -2.11524387 
6.57933225e-07 -3.78991569 -3.36960525 -2.81916664 -2.35886540 -2.11524387 
5.33669923e-07 -3.78991569 -3.36960525 -2.81916664 -2.35886540 -2.11524387 
4.32876128e-07 -3.78991569 -3.36960525 -2.81916664 -2.35886540 -2.11524387 
3.51119173e-07 -3.78991569 -3.36960525 -2.81916664 -2.35886540 -2.11524387 
2.84803587e-07 -3.78991569 -3.36960525 -2.81916664 -2.35886540 -2.11524387 
2.31012970e-07 -3.78991569 -3.36960525 -2.81916664 -2.35886540 -2.11524387 
1.87381742e-07 -3.78991569 -3.36960525 -2.81916664 -2.35886540 -2.11524387 
1.51991108e-07 -3.78991569 -3.36960525 -2.81916664 -2.35886540 -2.11524387 
1.23284674e-07 -3.78991569 -3.36960525 -2.81916664 -2.35886540 -2.11524387 
1.00000000e-07 -3.78991569 -3.36960525 -2.81916664 -2.35886540 -2.11524387 
P (bar) | log_NH3: -2σ | log_NH3: -1σ | log_NH3: median | log_NH3: +1σ | log_NH3: +2σ 
1.00000000e+02 -7.89223930 -7.38746672 -6.18911944 -5.49033770 -5.12853163 
8.11130831e+01 -7.89223930 -7.38746672 -6.18911944 -5.49033770 -5.12853163 
6.57933225e+01 -7.89223930 -7.38746672 -6.18911944 -5.49033770 -5.12853163 
5.33669923e+01 -7.89223930 -7.38746672 -6.18911944 -5.49033770 -5.12853163 
4.32876128e+01 -7.89223930 -7.38746672 -6.18911944 -5.49033770 -5.12853163 
3.51119173e+01 -7.89223930 -7.38746672 -6.18911944 -5.49033770 -5.12853163 
2.84803587e+01 -7.89223930 -7.38746672 -6.18911944 -5.49033770 -5.12853163 
2.31012970e+01 -7.89223930 -7.38746672 -6.18911944 -5.49033770 -5.12853163 
1.87381742e+01 -7.89223930 -7.38746672 -6.18911944 -5.49033770 -5.12853163 
1.51991108e+01 -7.89223930 -7.38746672 -6.18911944 -5.49033770 -5.12853163 
1.23284674e+01 -7.89223930 -7.38746672 -6.18911944 -5.49033770 -5.12853163 
1.00000000e+01 -7.89223930 -7.38746672 -6.18911944 -5.49033770 -5.12853163 
8.11130831e+00 -7.89223930 -7.38746672 -6.18911944 -5.49033770 -5.12853163 
6.57933225e+00 -7.89223930 -7.38746672 -6.18911944 -5.49033770 -5.12853163 
5.33669923e+00 -7.89223930 -7.38746672 -6.18911944 -5.49033770 -5.12853163 
4.32876128e+00 -7.89223930 -7.38746672 -6.18911944 -5.49033770 -5.12853163 
3.51119173e+00 -7.89223930 -7.38746672 -6.18911944 -5.49033770 -5.12853163 
2.84803587e+00 -7.89223930 -7.38746672 -6.18911944 -5.49033770 -5.12853163 
2.31012970e+00 -7.89223930 -7.38746672 -6.18911944 -5.49033770 -5.12853163 
1.87381742e+00 -7.89223930 -7.38746672 -6.18911944 -5.49033770 -5.12853163 
1.51991108e+00 -7.89223930 -7.38746672 -6.18911944 -5.49033770 -5.12853163 
1.23284674e+00 -7.89223930 -7.38746672 -6.18911944 -5.49033770 -5.12853163 
1.00000000e+00 -7.89223930 -7.38746672 -6.18911944 -5.49033770 -5.12853163 
8.11130831e-01 -7.89223930 -7.38746672 -6.18911944 -5.49033770 -5.12853163 
6.57933225e-01 -7.89223930 -7.38746672 -6.18911944 -5.49033770 -5.12853163 
5.33669923e-01 -7.89223930 -7.38746672 -6.18911944 -5.49033770 -5.12853163 
4.32876128e-01 -7.89223930 -7.38746672 -6.18911944 -5.49033770 -5.12853163 
3.51119173e-01 -7.89223930 -7.38746672 -6.18911944 -5.49033770 -5.12853163 
2.84803587e-01 -7.89223930 -7.38746672 -6.18911944 -5.49033770 -5.12853163 
2.31012970e-01 -7.89223930 -7.38746672 -6.18911944 -5.49033770 -5.12853163 
1.87381742e-01 -7.89223930 -7.38746672 -6.18911944 -5.49033770 -5.12853163 
1.51991108e-01 -7.89223930 -7.38746672 -6.18911944 -5.49033770 -5.12853163 
1.23284674e-01 -7.89223930 -7.38746672 -6.18911944 -5.49033770 -5.12853163 
1.00000000e-01 -7.89223930 -7.38746672 -6.18911944 -5.49033770 -5.12853163 
8.11130831e-02 -7.89223930 -7.38746672 -6.18911944 -5.49033770 -5.12853163 
6.57933225e-02 -7.89223930 -7.38746672 -6.18911944 -5.49033770 -5.12853163 
5.33669923e-02 -7.89223930 -7.38746672 -6.18911944 -5.49033770 -5.12853163 
4.32876128e-02 -7.89223930 -7.38746672 -6.18911944 -5.49033770 -5.12853163 
3.51119173e-02 -7.89223930 -7.38746672 -6.18911944 -5.49033770 -5.12853163 
2.84803587e-02 -7.89223930 -7.38746672 -6.18911944 -5.49033770 -5.12853163 
2.31012970e-02 -7.89223930 -7.38746672 -6.18911944 -5.49033770 -5.12853163 
1.87381742e-02 -7.89223930 -7.38746672 -6.18911944 -5.49033770 -5.12853163 
1.51991108e-02 -7.89223930 -7.38746672 -6.18911944 -5.49033770 -5.12853163 
1.23284674e-02 -7.89223930 -7.38746672 -6.18911944 -5.49033770 -5.12853163 
1.00000000e-02 -7.89223930 -7.38746672 -6.18911944 -5.49033770 -5.12853163 
8.11130831e-03 -7.89223930 -7.38746672 -6.18911944 -5.49033770 -5.12853163 
6.57933225e-03 -7.89223930 -7.38746672 -6.18911944 -5.49033770 -5.12853163 
5.33669923e-03 -7.89223930 -7.38746672 -6.18911944 -5.49033770 -5.12853163 
4.32876128e-03 -7.89223930 -7.38746672 -6.18911944 -5.49033770 -5.12853163 
3.51119173e-03 -7.89223930 -7.38746672 -6.18911944 -5.49033770 -5.12853163 
2.84803587e-03 -7.89223930 -7.38746672 -6.18911944 -5.49033770 -5.12853163 
2.31012970e-03 -7.89223930 -7.38746672 -6.18911944 -5.49033770 -5.12853163 
1.87381742e-03 -7.89223930 -7.38746672 -6.18911944 -5.49033770 -5.12853163 
1.51991108e-03 -7.89223930 -7.38746672 -6.18911944 -5.49033770 -5.12853163 
1.23284674e-03 -7.89223930 -7.38746672 -6.18911944 -5.49033770 -5.12853163 
1.00000000e-03 -7.89223930 -7.38746672 -6.18911944 -5.49033770 -5.12853163 
8.11130831e-04 -7.89223930 -7.38746672 -6.18911944 -5.49033770 -5.12853163 
6.57933225e-04 -7.89223930 -7.38746672 -6.18911944 -5.49033770 -5.12853163 
5.33669923e-04 -7.89223930 -7.38746672 -6.18911944 -5.49033770 -5.12853163 
4.32876128e-04 -7.89223930 -7.38746672 -6.18911944 -5.49033770 -5.12853163 
3.51119173e-04 -7.89223930 -7.38746672 -6.18911944 -5.49033770 -5.12853163 
2.84803587e-04 -7.89223930 -7.38746672 -6.18911944 -5.49033770 -5.12853163 
2.31012970e-04 -7.89223930 -7.38746672 -6.18911944 -5.49033770 -5.12853163 
1.87381742e-04 -7.89223930 -7.38746672 -6.18911944 -5.49033770 -5.12853163 
1.51991108e-04 -7.89223930 -7.38746672 -6.18911944 -5.49033770 -5.12853163 
1.23284674e-04 -7.89223930 -7.38746672 -6.18911944 -5.49033770 -5.12853163 
1.00000000e-04 -7.89223930 -7.38746672 -6.18911944 -5.49033770 -5.12853163 
8.11130831e-05 -7.89223930 -7.38746672 -6.18911944 -5.49033770 -5.12853163 
6.57933225e-05 -7.89223930 -7.38746672 -6.18911944 -5.49033770 -5.12853163 
5.33669923e-05 -7.89223930 -7.38746672 -6.18911944 -5.49033770 -5.12853163 
4.32876128e-05 -7.89223930 -7.38746672 -6.18911944 -5.49033770 -5.12853163 
3.51119173e-05 -7.89223930 -7.38746672 -6.18911944 -5.49033770 -5.12853163 
2.84803587e-05 -7.89223930 -7.38746672 -6.18911944 -5.49033770 -5.12853163 
2.31012970e-05 -7.89223930 -7.38746672 -6.18911944 -5.49033770 -5.12853163 
1.87381742e-05 -7.89223930 -7.38746672 -6.18911944 -5.49033770 -5.12853163 
1.51991108e-05 -7.89223930 -7.38746672 -6.18911944 -5.49033770 -5.12853163 
1.23284674e-05 -7.89223930 -7.38746672 -6.18911944 -5.49033770 -5.12853163 
1.00000000e-05 -7.89223930 -7.38746672 -6.18911944 -5.49033770 -5.12853163 
8.11130831e-06 -7.89223930 -7.38746672 -6.18911944 -5.49033770 -5.12853163 
6.57933225e-06 -7.89223930 -7.38746672 -6.18911944 -5.49033770 -5.12853163 
5.33669923e-06 -7.89223930 -7.38746672 -6.18911944 -5.49033770 -5.12853163 
4.32876128e-06 -7.89223930 -7.38746672 -6.18911944 -5.49033770 -5.12853163 
3.51119173e-06 -7.89223930 -7.38746672 -6.18911944 -5.49033770 -5.12853163 
2.84803587e-06 -7.89223930 -7.38746672 -6.18911944 -5.49033770 -5.12853163 
2.31012970e-06 -7.89223930 -7.38746672 -6.18911944 -5.49033770 -5.12853163 
1.87381742e-06 -7.89223930 -7.38746672 -6.18911944 -5.49033770 -5.12853163 
1.51991108e-06 -7.89223930 -7.38746672 -6.18911944 -5.49033770 -5.12853163 
1.23284674e-06 -7.89223930 -7.38746672 -6.18911944 -5.49033770 -5.12853163 
1.00000000e-06 -7.89223930 -7.38746672 -6.18911944 -5.49033770 -5.12853163 
8.11130831e-07 -7.89223930 -7.38746672 -6.18911944 -5.49033770 -5.12853163 
6.57933225e-07 -7.89223930 -7.38746672 -6.18911944 -5.49033770 -5.12853163 
5.33669923e-07 -7.89223930 -7.38746672 -6.18911944 -5.49033770 -5.12853163 
4.32876128e-07 -7.89223930 -7.38746672 -6.18911944 -5.49033770 -5.12853163 
3.51119173e-07 -7.89223930 -7.38746672 -6.18911944 -5.49033770 -5.12853163 
2.84803587e-07 -7.89223930 -7.38746672 -6.18911944 -5.49033770 -5.12853163 
2.31012970e-07 -7.89223930 -7.38746672 -6.18911944 -5.49033770 -5.12853163 
1.87381742e-07 -7.89223930 -7.38746672 -6.18911944 -5.49033770 -5.12853163 
1.51991108e-07 -7.89223930 -7.38746672 -6.18911944 -5.49033770 -5.12853163 
1.23284674e-07 -7.89223930 -7.38746672 -6.18911944 -5.49033770 -5.12853163 
1.00000000e-07 -7.89223930 -7.38746672 -6.18911944 -5.49033770 -5.12853163 
P (bar) | log_CH4: -2σ | log_CH4: -1σ | log_CH4: median | log_CH4: +1σ | log_CH4: +2σ 
1.00000000e+02 -6.62952743 -6.18859633 -5.85897553 -5.59209353 -5.37661561 
8.11130831e+01 -6.62952743 -6.18859633 -5.85897553 -5.59209353 -5.37661561 
6.57933225e+01 -6.62952743 -6.18859633 -5.85897553 -5.59209353 -5.37661561 
5.33669923e+01 -6.62952743 -6.18859633 -5.85897553 -5.59209353 -5.37661561 
4.32876128e+01 -6.62952743 -6.18859633 -5.85897553 -5.59209353 -5.37661561 
3.51119173e+01 -6.62952743 -6.18859633 -5.85897553 -5.59209353 -5.37661561 
2.84803587e+01 -6.62952743 -6.18859633 -5.85897553 -5.59209353 -5.37661561 
2.31012970e+01 -6.62952743 -6.18859633 -5.85897553 -5.59209353 -5.37661561 
1.87381742e+01 -6.62952743 -6.18859633 -5.85897553 -5.59209353 -5.37661561 
1.51991108e+01 -6.62952743 -6.18859633 -5.85897553 -5.59209353 -5.37661561 
1.23284674e+01 -6.62952743 -6.18859633 -5.85897553 -5.59209353 -5.37661561 
1.00000000e+01 -6.62952743 -6.18859633 -5.85897553 -5.59209353 -5.37661561 
8.11130831e+00 -6.62952743 -6.18859633 -5.85897553 -5.59209353 -5.37661561 
6.57933225e+00 -6.62952743 -6.18859633 -5.85897553 -5.59209353 -5.37661561 
5.33669923e+00 -6.62952743 -6.18859633 -5.85897553 -5.59209353 -5.37661561 
4.32876128e+00 -6.62952743 -6.18859633 -5.85897553 -5.59209353 -5.37661561 
3.51119173e+00 -6.62952743 -6.18859633 -5.85897553 -5.59209353 -5.37661561 
2.84803587e+00 -6.62952743 -6.18859633 -5.85897553 -5.59209353 -5.37661561 
2.31012970e+00 -6.62952743 -6.18859633 -5.85897553 -5.59209353 -5.37661561 
1.87381742e+00 -6.62952743 -6.18859633 -5.85897553 -5.59209353 -5.37661561 
1.51991108e+00 -6.62952743 -6.18859633 -5.85897553 -5.59209353 -5.37661561 
1.23284674e+00 -6.62952743 -6.18859633 -5.85897553 -5.59209353 -5.37661561 
1.00000000e+00 -6.62952743 -6.18859633 -5.85897553 -5.59209353 -5.37661561 
8.11130831e-01 -6.62952743 -6.18859633 -5.85897553 -5.59209353 -5.37661561 
6.57933225e-01 -6.62952743 -6.18859633 -5.85897553 -5.59209353 -5.37661561 
5.33669923e-01 -6.62952743 -6.18859633 -5.85897553 -5.59209353 -5.37661561 
4.32876128e-01 -6.62952743 -6.18859633 -5.85897553 -5.59209353 -5.37661561 
3.51119173e-01 -6.62952743 -6.18859633 -5.85897553 -5.59209353 -5.37661561 
2.84803587e-01 -6.62952743 -6.18859633 -5.85897553 -5.59209353 -5.37661561 
2.31012970e-01 -6.62952743 -6.18859633 -5.85897553 -5.59209353 -5.37661561 
1.87381742e-01 -6.62952743 -6.18859633 -5.85897553 -5.59209353 -5.37661561 
1.51991108e-01 -6.62952743 -6.18859633 -5.85897553 -5.59209353 -5.37661561 
1.23284674e-01 -6.62952743 -6.18859633 -5.85897553 -5.59209353 -5.37661561 
1.00000000e-01 -6.62952743 -6.18859633 -5.85897553 -5.59209353 -5.37661561 
8.11130831e-02 -6.62952743 -6.18859633 -5.85897553 -5.59209353 -5.37661561 
6.57933225e-02 -6.62952743 -6.18859633 -5.85897553 -5.59209353 -5.37661561 
5.33669923e-02 -6.62952743 -6.18859633 -5.85897553 -5.59209353 -5.37661561 
4.32876128e-02 -6.62952743 -6.18859633 -5.85897553 -5.59209353 -5.37661561 
3.51119173e-02 -6.62952743 -6.18859633 -5.85897553 -5.59209353 -5.37661561 
2.84803587e-02 -6.62952743 -6.18859633 -5.85897553 -5.59209353 -5.37661561 
2.31012970e-02 -6.62952743 -6.18859633 -5.85897553 -5.59209353 -5.37661561 
1.87381742e-02 -6.62952743 -6.18859633 -5.85897553 -5.59209353 -5.37661561 
1.51991108e-02 -6.62952743 -6.18859633 -5.85897553 -5.59209353 -5.37661561 
1.23284674e-02 -6.62952743 -6.18859633 -5.85897553 -5.59209353 -5.37661561 
1.00000000e-02 -6.62952743 -6.18859633 -5.85897553 -5.59209353 -5.37661561 
8.11130831e-03 -6.62952743 -6.18859633 -5.85897553 -5.59209353 -5.37661561 
6.57933225e-03 -6.62952743 -6.18859633 -5.85897553 -5.59209353 -5.37661561 
5.33669923e-03 -6.62952743 -6.18859633 -5.85897553 -5.59209353 -5.37661561 
4.32876128e-03 -6.62952743 -6.18859633 -5.85897553 -5.59209353 -5.37661561 
3.51119173e-03 -6.62952743 -6.18859633 -5.85897553 -5.59209353 -5.37661561 
2.84803587e-03 -6.62952743 -6.18859633 -5.85897553 -5.59209353 -5.37661561 
2.31012970e-03 -6.62952743 -6.18859633 -5.85897553 -5.59209353 -5.37661561 
1.87381742e-03 -6.62952743 -6.18859633 -5.85897553 -5.59209353 -5.37661561 
1.51991108e-03 -6.62952743 -6.18859633 -5.85897553 -5.59209353 -5.37661561 
1.23284674e-03 -6.62952743 -6.18859633 -5.85897553 -5.59209353 -5.37661561 
1.00000000e-03 -6.62952743 -6.18859633 -5.85897553 -5.59209353 -5.37661561 
8.11130831e-04 -6.62952743 -6.18859633 -5.85897553 -5.59209353 -5.37661561 
6.57933225e-04 -6.62952743 -6.18859633 -5.85897553 -5.59209353 -5.37661561 
5.33669923e-04 -6.62952743 -6.18859633 -5.85897553 -5.59209353 -5.37661561 
4.32876128e-04 -6.62952743 -6.18859633 -5.85897553 -5.59209353 -5.37661561 
3.51119173e-04 -6.62952743 -6.18859633 -5.85897553 -5.59209353 -5.37661561 
2.84803587e-04 -6.62952743 -6.18859633 -5.85897553 -5.59209353 -5.37661561 
2.31012970e-04 -6.62952743 -6.18859633 -5.85897553 -5.59209353 -5.37661561 
1.87381742e-04 -6.62952743 -6.18859633 -5.85897553 -5.59209353 -5.37661561 
1.51991108e-04 -6.62952743 -6.18859633 -5.85897553 -5.59209353 -5.37661561 
1.23284674e-04 -6.62952743 -6.18859633 -5.85897553 -5.59209353 -5.37661561 
1.00000000e-04 -6.62952743 -6.18859633 -5.85897553 -5.59209353 -5.37661561 
8.11130831e-05 -6.62952743 -6.18859633 -5.85897553 -5.59209353 -5.37661561 
6.57933225e-05 -6.62952743 -6.18859633 -5.85897553 -5.59209353 -5.37661561 
5.33669923e-05 -6.62952743 -6.18859633 -5.85897553 -5.59209353 -5.37661561 
4.32876128e-05 -6.62952743 -6.18859633 -5.85897553 -5.59209353 -5.37661561 
3.51119173e-05 -6.62952743 -6.18859633 -5.85897553 -5.59209353 -5.37661561 
2.84803587e-05 -6.62952743 -6.18859633 -5.85897553 -5.59209353 -5.37661561 
2.31012970e-05 -6.62952743 -6.18859633 -5.85897553 -5.59209353 -5.37661561 
1.87381742e-05 -6.62952743 -6.18859633 -5.85897553 -5.59209353 -5.37661561 
1.51991108e-05 -6.62952743 -6.18859633 -5.85897553 -5.59209353 -5.37661561 
1.23284674e-05 -6.62952743 -6.18859633 -5.85897553 -5.59209353 -5.37661561 
1.00000000e-05 -6.62952743 -6.18859633 -5.85897553 -5.59209353 -5.37661561 
8.11130831e-06 -6.62952743 -6.18859633 -5.85897553 -5.59209353 -5.37661561 
6.57933225e-06 -6.62952743 -6.18859633 -5.85897553 -5.59209353 -5.37661561 
5.33669923e-06 -6.62952743 -6.18859633 -5.85897553 -5.59209353 -5.37661561 
4.32876128e-06 -6.62952743 -6.18859633 -5.85897553 -5.59209353 -5.37661561 
3.51119173e-06 -6.62952743 -6.18859633 -5.85897553 -5.59209353 -5.37661561 
2.84803587e-06 -6.62952743 -6.18859633 -5.85897553 -5.59209353 -5.37661561 
2.31012970e-06 -6.62952743 -6.18859633 -5.85897553 -5.59209353 -5.37661561 
1.87381742e-06 -6.62952743 -6.18859633 -5.85897553 -5.59209353 -5.37661561 
1.51991108e-06 -6.62952743 -6.18859633 -5.85897553 -5.59209353 -5.37661561 
1.23284674e-06 -6.62952743 -6.18859633 -5.85897553 -5.59209353 -5.37661561 
1.00000000e-06 -6.62952743 -6.18859633 -5.85897553 -5.59209353 -5.37661561 
8.11130831e-07 -6.62952743 -6.18859633 -5.85897553 -5.59209353 -5.37661561 
6.57933225e-07 -6.62952743 -6.18859633 -5.85897553 -5.59209353 -5.37661561 
5.33669923e-07 -6.62952743 -6.18859633 -5.85897553 -5.59209353 -5.37661561 
4.32876128e-07 -6.62952743 -6.18859633 -5.85897553 -5.59209353 -5.37661561 
3.51119173e-07 -6.62952743 -6.18859633 -5.85897553 -5.59209353 -5.37661561 
2.84803587e-07 -6.62952743 -6.18859633 -5.85897553 -5.59209353 -5.37661561 
2.31012970e-07 -6.62952743 -6.18859633 -5.85897553 -5.59209353 -5.37661561 
1.87381742e-07 -6.62952743 -6.18859633 -5.85897553 -5.59209353 -5.37661561 
1.51991108e-07 -6.62952743 -6.18859633 -5.85897553 -5.59209353 -5.37661561 
1.23284674e-07 -6.62952743 -6.18859633 -5.85897553 -5.59209353 -5.37661561 
1.00000000e-07 -6.62952743 -6.18859633 -5.85897553 -5.59209353 -5.37661561 
