Chemical species: H2 He H2O CO2 SO2 CO H2S NH3 CH4
P (bar) | log_H2: -2σ | log_H2: -1σ | log_H2: median | log_H2: +1σ | log_H2: +2σ 
1.00000000e+02 -0.15385462 -0.14830556 -0.14170018 -0.13510122 -0.12791302 
8.11130831e+01 -0.15385462 -0.14830556 -0.14170018 -0.13510122 -0.12791302 
6.57933225e+01 -0.15385462 -0.14830556 -0.14170018 -0.13510122 -0.12791302 
5.33669923e+01 -0.15385462 -0.14830556 -0.14170018 -0.13510122 -0.12791302 
4.32876128e+01 -0.15385462 -0.14830556 -0.14170018 -0.13510122 -0.12791302 
3.51119173e+01 -0.15385462 -0.14830556 -0.14170018 -0.13510122 -0.12791302 
2.84803587e+01 -0.15385462 -0.14830556 -0.14170018 -0.13510122 -0.12791302 
2.31012970e+01 -0.15385462 -0.14830556 -0.14170018 -0.13510122 -0.12791302 
1.87381742e+01 -0.15385462 -0.14830556 -0.14170018 -0.13510122 -0.12791302 
1.51991108e+01 -0.15385462 -0.14830556 -0.14170018 -0.13510122 -0.12791302 
1.23284674e+01 -0.15385462 -0.14830556 -0.14170018 -0.13510122 -0.12791302 
1.00000000e+01 -0.15385462 -0.14830556 -0.14170018 -0.13510122 -0.12791302 
8.11130831e+00 -0.15385462 -0.14830556 -0.14170018 -0.13510122 -0.12791302 
6.57933225e+00 -0.15385462 -0.14830556 -0.14170018 -0.13510122 -0.12791302 
5.33669923e+00 -0.15385462 -0.14830556 -0.14170018 -0.13510122 -0.12791302 
4.32876128e+00 -0.15385462 -0.14830556 -0.14170018 -0.13510122 -0.12791302 
3.51119173e+00 -0.15385462 -0.14830556 -0.14170018 -0.13510122 -0.12791302 
2.84803587e+00 -0.15385462 -0.14830556 -0.14170018 -0.13510122 -0.12791302 
2.31012970e+00 -0.15385462 -0.14830556 -0.14170018 -0.13510122 -0.12791302 
1.87381742e+00 -0.15385462 -0.14830556 -0.14170018 -0.13510122 -0.12791302 
1.51991108e+00 -0.15385462 -0.14830556 -0.14170018 -0.13510122 -0.12791302 
1.23284674e+00 -0.15385462 -0.14830556 -0.14170018 -0.13510122 -0.12791302 
1.00000000e+00 -0.15385462 -0.14830556 -0.14170018 -0.13510122 -0.12791302 
8.11130831e-01 -0.15385462 -0.14830556 -0.14170018 -0.13510122 -0.12791302 
6.57933225e-01 -0.15385462 -0.14830556 -0.14170018 -0.13510122 -0.12791302 
5.33669923e-01 -0.15385462 -0.14830556 -0.14170018 -0.13510122 -0.12791302 
4.32876128e-01 -0.15385462 -0.14830556 -0.14170018 -0.13510122 -0.12791302 
3.51119173e-01 -0.15385462 -0.14830556 -0.14170018 -0.13510122 -0.12791302 
2.84803587e-01 -0.15385462 -0.14830556 -0.14170018 -0.13510122 -0.12791302 
2.31012970e-01 -0.15385462 -0.14830556 -0.14170018 -0.13510122 -0.12791302 
1.87381742e-01 -0.15385462 -0.14830556 -0.14170018 -0.13510122 -0.12791302 
1.51991108e-01 -0.15385462 -0.14830556 -0.14170018 -0.13510122 -0.12791302 
1.23284674e-01 -0.15385462 -0.14830556 -0.14170018 -0.13510122 -0.12791302 
1.00000000e-01 -0.15385462 -0.14830556 -0.14170018 -0.13510122 -0.12791302 
8.11130831e-02 -0.15385462 -0.14830556 -0.14170018 -0.13510122 -0.12791302 
6.57933225e-02 -0.15385462 -0.14830556 -0.14170018 -0.13510122 -0.12791302 
5.33669923e-02 -0.15385462 -0.14830556 -0.14170018 -0.13510122 -0.12791302 
4.32876128e-02 -0.15385462 -0.14830556 -0.14170018 -0.13510122 -0.12791302 
3.51119173e-02 -0.15385462 -0.14830556 -0.14170018 -0.13510122 -0.12791302 
2.84803587e-02 -0.15385462 -0.14830556 -0.14170018 -0.13510122 -0.12791302 
2.31012970e-02 -0.15385462 -0.14830556 -0.14170018 -0.13510122 -0.12791302 
1.87381742e-02 -0.15385462 -0.14830556 -0.14170018 -0.13510122 -0.12791302 
1.51991108e-02 -0.15385462 -0.14830556 -0.14170018 -0.13510122 -0.12791302 
1.23284674e-02 -0.15385462 -0.14830556 -0.14170018 -0.13510122 -0.12791302 
1.00000000e-02 -0.15385462 -0.14830556 -0.14170018 -0.13510122 -0.12791302 
8.11130831e-03 -0.15385462 -0.14830556 -0.14170018 -0.13510122 -0.12791302 
6.57933225e-03 -0.15385462 -0.14830556 -0.14170018 -0.13510122 -0.12791302 
5.33669923e-03 -0.15385462 -0.14830556 -0.14170018 -0.13510122 -0.12791302 
4.32876128e-03 -0.15385462 -0.14830556 -0.14170018 -0.13510122 -0.12791302 
3.51119173e-03 -0.15385462 -0.14830556 -0.14170018 -0.13510122 -0.12791302 
2.84803587e-03 -0.15385462 -0.14830556 -0.14170018 -0.13510122 -0.12791302 
2.31012970e-03 -0.15385462 -0.14830556 -0.14170018 -0.13510122 -0.12791302 
1.87381742e-03 -0.15385462 -0.14830556 -0.14170018 -0.13510122 -0.12791302 
1.51991108e-03 -0.15385462 -0.14830556 -0.14170018 -0.13510122 -0.12791302 
1.23284674e-03 -0.15385462 -0.14830556 -0.14170018 -0.13510122 -0.12791302 
1.00000000e-03 -0.15385462 -0.14830556 -0.14170018 -0.13510122 -0.12791302 
8.11130831e-04 -0.15385462 -0.14830556 -0.14170018 -0.13510122 -0.12791302 
6.57933225e-04 -0.15385462 -0.14830556 -0.14170018 -0.13510122 -0.12791302 
5.33669923e-04 -0.15385462 -0.14830556 -0.14170018 -0.13510122 -0.12791302 
4.32876128e-04 -0.15385462 -0.14830556 -0.14170018 -0.13510122 -0.12791302 
3.51119173e-04 -0.15385462 -0.14830556 -0.14170018 -0.13510122 -0.12791302 
2.84803587e-04 -0.15385462 -0.14830556 -0.14170018 -0.13510122 -0.12791302 
2.31012970e-04 -0.15385462 -0.14830556 -0.14170018 -0.13510122 -0.12791302 
1.87381742e-04 -0.15385462 -0.14830556 -0.14170018 -0.13510122 -0.12791302 
1.51991108e-04 -0.15385462 -0.14830556 -0.14170018 -0.13510122 -0.12791302 
1.23284674e-04 -0.15385462 -0.14830556 -0.14170018 -0.13510122 -0.12791302 
1.00000000e-04 -0.15385462 -0.14830556 -0.14170018 -0.13510122 -0.12791302 
8.11130831e-05 -0.15385462 -0.14830556 -0.14170018 -0.13510122 -0.12791302 
6.57933225e-05 -0.15385462 -0.14830556 -0.14170018 -0.13510122 -0.12791302 
5.33669923e-05 -0.15385462 -0.14830556 -0.14170018 -0.13510122 -0.12791302 
4.32876128e-05 -0.15385462 -0.14830556 -0.14170018 -0.13510122 -0.12791302 
3.51119173e-05 -0.15385462 -0.14830556 -0.14170018 -0.13510122 -0.12791302 
2.84803587e-05 -0.15385462 -0.14830556 -0.14170018 -0.13510122 -0.12791302 
2.31012970e-05 -0.15385462 -0.14830556 -0.14170018 -0.13510122 -0.12791302 
1.87381742e-05 -0.15385462 -0.14830556 -0.14170018 -0.13510122 -0.12791302 
1.51991108e-05 -0.15385462 -0.14830556 -0.14170018 -0.13510122 -0.12791302 
1.23284674e-05 -0.15385462 -0.14830556 -0.14170018 -0.13510122 -0.12791302 
1.00000000e-05 -0.15385462 -0.14830556 -0.14170018 -0.13510122 -0.12791302 
8.11130831e-06 -0.15385462 -0.14830556 -0.14170018 -0.13510122 -0.12791302 
6.57933225e-06 -0.15385462 -0.14830556 -0.14170018 -0.13510122 -0.12791302 
5.33669923e-06 -0.15385462 -0.14830556 -0.14170018 -0.13510122 -0.12791302 
4.32876128e-06 -0.15385462 -0.14830556 -0.14170018 -0.13510122 -0.12791302 
3.51119173e-06 -0.15385462 -0.14830556 -0.14170018 -0.13510122 -0.12791302 
2.84803587e-06 -0.15385462 -0.14830556 -0.14170018 -0.13510122 -0.12791302 
2.31012970e-06 -0.15385462 -0.14830556 -0.14170018 -0.13510122 -0.12791302 
1.87381742e-06 -0.15385462 -0.14830556 -0.14170018 -0.13510122 -0.12791302 
1.51991108e-06 -0.15385462 -0.14830556 -0.14170018 -0.13510122 -0.12791302 
1.23284674e-06 -0.15385462 -0.14830556 -0.14170018 -0.13510122 -0.12791302 
1.00000000e-06 -0.15385462 -0.14830556 -0.14170018 -0.13510122 -0.12791302 
8.11130831e-07 -0.15385462 -0.14830556 -0.14170018 -0.13510122 -0.12791302 
6.57933225e-07 -0.15385462 -0.14830556 -0.14170018 -0.13510122 -0.12791302 
5.33669923e-07 -0.15385462 -0.14830556 -0.14170018 -0.13510122 -0.12791302 
4.32876128e-07 -0.15385462 -0.14830556 -0.14170018 -0.13510122 -0.12791302 
3.51119173e-07 -0.15385462 -0.14830556 -0.14170018 -0.13510122 -0.12791302 
2.84803587e-07 -0.15385462 -0.14830556 -0.14170018 -0.13510122 -0.12791302 
2.31012970e-07 -0.15385462 -0.14830556 -0.14170018 -0.13510122 -0.12791302 
1.87381742e-07 -0.15385462 -0.14830556 -0.14170018 -0.13510122 -0.12791302 
1.51991108e-07 -0.15385462 -0.14830556 -0.14170018 -0.13510122 -0.12791302 
1.23284674e-07 -0.15385462 -0.14830556 -0.14170018 -0.13510122 -0.12791302 
1.00000000e-07 -0.15385462 -0.14830556 -0.14170018 -0.13510122 -0.12791302 
P (bar) | log_He: -2σ | log_He: -1σ | log_He: median | log_He: +1σ | log_He: +2σ 
1.00000000e+02 -0.92340569 -0.91785664 -0.91125125 -0.90465230 -0.89746410 
8.11130831e+01 -0.92340569 -0.91785664 -0.91125125 -0.90465230 -0.89746410 
6.57933225e+01 -0.92340569 -0.91785664 -0.91125125 -0.90465230 -0.89746410 
5.33669923e+01 -0.92340569 -0.91785664 -0.91125125 -0.90465230 -0.89746410 
4.32876128e+01 -0.92340569 -0.91785664 -0.91125125 -0.90465230 -0.89746410 
3.51119173e+01 -0.92340569 -0.91785664 -0.91125125 -0.90465230 -0.89746410 
2.84803587e+01 -0.92340569 -0.91785664 -0.91125125 -0.90465230 -0.89746410 
2.31012970e+01 -0.92340569 -0.91785664 -0.91125125 -0.90465230 -0.89746410 
1.87381742e+01 -0.92340569 -0.91785664 -0.91125125 -0.90465230 -0.89746410 
1.51991108e+01 -0.92340569 -0.91785664 -0.91125125 -0.90465230 -0.89746410 
1.23284674e+01 -0.92340569 -0.91785664 -0.91125125 -0.90465230 -0.89746410 
1.00000000e+01 -0.92340569 -0.91785664 -0.91125125 -0.90465230 -0.89746410 
8.11130831e+00 -0.92340569 -0.91785664 -0.91125125 -0.90465230 -0.89746410 
6.57933225e+00 -0.92340569 -0.91785664 -0.91125125 -0.90465230 -0.89746410 
5.33669923e+00 -0.92340569 -0.91785664 -0.91125125 -0.90465230 -0.89746410 
4.32876128e+00 -0.92340569 -0.91785664 -0.91125125 -0.90465230 -0.89746410 
3.51119173e+00 -0.92340569 -0.91785664 -0.91125125 -0.90465230 -0.89746410 
2.84803587e+00 -0.92340569 -0.91785664 -0.91125125 -0.90465230 -0.89746410 
2.31012970e+00 -0.92340569 -0.91785664 -0.91125125 -0.90465230 -0.89746410 
1.87381742e+00 -0.92340569 -0.91785664 -0.91125125 -0.90465230 -0.89746410 
1.51991108e+00 -0.92340569 -0.91785664 -0.91125125 -0.90465230 -0.89746410 
1.23284674e+00 -0.92340569 -0.91785664 -0.91125125 -0.90465230 -0.89746410 
1.00000000e+00 -0.92340569 -0.91785664 -0.91125125 -0.90465230 -0.89746410 
8.11130831e-01 -0.92340569 -0.91785664 -0.91125125 -0.90465230 -0.89746410 
6.57933225e-01 -0.92340569 -0.91785664 -0.91125125 -0.90465230 -0.89746410 
5.33669923e-01 -0.92340569 -0.91785664 -0.91125125 -0.90465230 -0.89746410 
4.32876128e-01 -0.92340569 -0.91785664 -0.91125125 -0.90465230 -0.89746410 
3.51119173e-01 -0.92340569 -0.91785664 -0.91125125 -0.90465230 -0.89746410 
2.84803587e-01 -0.92340569 -0.91785664 -0.91125125 -0.90465230 -0.89746410 
2.31012970e-01 -0.92340569 -0.91785664 -0.91125125 -0.90465230 -0.89746410 
1.87381742e-01 -0.92340569 -0.91785664 -0.91125125 -0.90465230 -0.89746410 
1.51991108e-01 -0.92340569 -0.91785664 -0.91125125 -0.90465230 -0.89746410 
1.23284674e-01 -0.92340569 -0.91785664 -0.91125125 -0.90465230 -0.89746410 
1.00000000e-01 -0.92340569 -0.91785664 -0.91125125 -0.90465230 -0.89746410 
8.11130831e-02 -0.92340569 -0.91785664 -0.91125125 -0.90465230 -0.89746410 
6.57933225e-02 -0.92340569 -0.91785664 -0.91125125 -0.90465230 -0.89746410 
5.33669923e-02 -0.92340569 -0.91785664 -0.91125125 -0.90465230 -0.89746410 
4.32876128e-02 -0.92340569 -0.91785664 -0.91125125 -0.90465230 -0.89746410 
3.51119173e-02 -0.92340569 -0.91785664 -0.91125125 -0.90465230 -0.89746410 
2.84803587e-02 -0.92340569 -0.91785664 -0.91125125 -0.90465230 -0.89746410 
2.31012970e-02 -0.92340569 -0.91785664 -0.91125125 -0.90465230 -0.89746410 
1.87381742e-02 -0.92340569 -0.91785664 -0.91125125 -0.90465230 -0.89746410 
1.51991108e-02 -0.92340569 -0.91785664 -0.91125125 -0.90465230 -0.89746410 
1.23284674e-02 -0.92340569 -0.91785664 -0.91125125 -0.90465230 -0.89746410 
1.00000000e-02 -0.92340569 -0.91785664 -0.91125125 -0.90465230 -0.89746410 
8.11130831e-03 -0.92340569 -0.91785664 -0.91125125 -0.90465230 -0.89746410 
6.57933225e-03 -0.92340569 -0.91785664 -0.91125125 -0.90465230 -0.89746410 
5.33669923e-03 -0.92340569 -0.91785664 -0.91125125 -0.90465230 -0.89746410 
4.32876128e-03 -0.92340569 -0.91785664 -0.91125125 -0.90465230 -0.89746410 
3.51119173e-03 -0.92340569 -0.91785664 -0.91125125 -0.90465230 -0.89746410 
2.84803587e-03 -0.92340569 -0.91785664 -0.91125125 -0.90465230 -0.89746410 
2.31012970e-03 -0.92340569 -0.91785664 -0.91125125 -0.90465230 -0.89746410 
1.87381742e-03 -0.92340569 -0.91785664 -0.91125125 -0.90465230 -0.89746410 
1.51991108e-03 -0.92340569 -0.91785664 -0.91125125 -0.90465230 -0.89746410 
1.23284674e-03 -0.92340569 -0.91785664 -0.91125125 -0.90465230 -0.89746410 
1.00000000e-03 -0.92340569 -0.91785664 -0.91125125 -0.90465230 -0.89746410 
8.11130831e-04 -0.92340569 -0.91785664 -0.91125125 -0.90465230 -0.89746410 
6.57933225e-04 -0.92340569 -0.91785664 -0.91125125 -0.90465230 -0.89746410 
5.33669923e-04 -0.92340569 -0.91785664 -0.91125125 -0.90465230 -0.89746410 
4.32876128e-04 -0.92340569 -0.91785664 -0.91125125 -0.90465230 -0.89746410 
3.51119173e-04 -0.92340569 -0.91785664 -0.91125125 -0.90465230 -0.89746410 
2.84803587e-04 -0.92340569 -0.91785664 -0.91125125 -0.90465230 -0.89746410 
2.31012970e-04 -0.92340569 -0.91785664 -0.91125125 -0.90465230 -0.89746410 
1.87381742e-04 -0.92340569 -0.91785664 -0.91125125 -0.90465230 -0.89746410 
1.51991108e-04 -0.92340569 -0.91785664 -0.91125125 -0.90465230 -0.89746410 
1.23284674e-04 -0.92340569 -0.91785664 -0.91125125 -0.90465230 -0.89746410 
1.00000000e-04 -0.92340569 -0.91785664 -0.91125125 -0.90465230 -0.89746410 
8.11130831e-05 -0.92340569 -0.91785664 -0.91125125 -0.90465230 -0.89746410 
6.57933225e-05 -0.92340569 -0.91785664 -0.91125125 -0.90465230 -0.89746410 
5.33669923e-05 -0.92340569 -0.91785664 -0.91125125 -0.90465230 -0.89746410 
4.32876128e-05 -0.92340569 -0.91785664 -0.91125125 -0.90465230 -0.89746410 
3.51119173e-05 -0.92340569 -0.91785664 -0.91125125 -0.90465230 -0.89746410 
2.84803587e-05 -0.92340569 -0.91785664 -0.91125125 -0.90465230 -0.89746410 
2.31012970e-05 -0.92340569 -0.91785664 -0.91125125 -0.90465230 -0.89746410 
1.87381742e-05 -0.92340569 -0.91785664 -0.91125125 -0.90465230 -0.89746410 
1.51991108e-05 -0.92340569 -0.91785664 -0.91125125 -0.90465230 -0.89746410 
1.23284674e-05 -0.92340569 -0.91785664 -0.91125125 -0.90465230 -0.89746410 
1.00000000e-05 -0.92340569 -0.91785664 -0.91125125 -0.90465230 -0.89746410 
8.11130831e-06 -0.92340569 -0.91785664 -0.91125125 -0.90465230 -0.89746410 
6.57933225e-06 -0.92340569 -0.91785664 -0.91125125 -0.90465230 -0.89746410 
5.33669923e-06 -0.92340569 -0.91785664 -0.91125125 -0.90465230 -0.89746410 
4.32876128e-06 -0.92340569 -0.91785664 -0.91125125 -0.90465230 -0.89746410 
3.51119173e-06 -0.92340569 -0.91785664 -0.91125125 -0.90465230 -0.89746410 
2.84803587e-06 -0.92340569 -0.91785664 -0.91125125 -0.90465230 -0.89746410 
2.31012970e-06 -0.92340569 -0.91785664 -0.91125125 -0.90465230 -0.89746410 
1.87381742e-06 -0.92340569 -0.91785664 -0.91125125 -0.90465230 -0.89746410 
1.51991108e-06 -0.92340569 -0.91785664 -0.91125125 -0.90465230 -0.89746410 
1.23284674e-06 -0.92340569 -0.91785664 -0.91125125 -0.90465230 -0.89746410 
1.00000000e-06 -0.92340569 -0.91785664 -0.91125125 -0.90465230 -0.89746410 
8.11130831e-07 -0.92340569 -0.91785664 -0.91125125 -0.90465230 -0.89746410 
6.57933225e-07 -0.92340569 -0.91785664 -0.91125125 -0.90465230 -0.89746410 
5.33669923e-07 -0.92340569 -0.91785664 -0.91125125 -0.90465230 -0.89746410 
4.32876128e-07 -0.92340569 -0.91785664 -0.91125125 -0.90465230 -0.89746410 
3.51119173e-07 -0.92340569 -0.91785664 -0.91125125 -0.90465230 -0.89746410 
2.84803587e-07 -0.92340569 -0.91785664 -0.91125125 -0.90465230 -0.89746410 
2.31012970e-07 -0.92340569 -0.91785664 -0.91125125 -0.90465230 -0.89746410 
1.87381742e-07 -0.92340569 -0.91785664 -0.91125125 -0.90465230 -0.89746410 
1.51991108e-07 -0.92340569 -0.91785664 -0.91125125 -0.90465230 -0.89746410 
1.23284674e-07 -0.92340569 -0.91785664 -0.91125125 -0.90465230 -0.89746410 
1.00000000e-07 -0.92340569 -0.91785664 -0.91125125 -0.90465230 -0.89746410 
P (bar) | log_H2O: -2σ | log_H2O: -1σ | log_H2O: median | log_H2O: +1σ | log_H2O: +2σ 
1.00000000e+02 -1.37661118 -1.23934522 -1.12181813 -1.04145167 -1.00583907 
8.11130831e+01 -1.37661118 -1.23934522 -1.12181813 -1.04145167 -1.00583907 
6.57933225e+01 -1.37661118 -1.23934522 -1.12181813 -1.04145167 -1.00583907 
5.33669923e+01 -1.37661118 -1.23934522 -1.12181813 -1.04145167 -1.00583907 
4.32876128e+01 -1.37661118 -1.23934522 -1.12181813 -1.04145167 -1.00583907 
3.51119173e+01 -1.37661118 -1.23934522 -1.12181813 -1.04145167 -1.00583907 
2.84803587e+01 -1.37661118 -1.23934522 -1.12181813 -1.04145167 -1.00583907 
2.31012970e+01 -1.37661118 -1.23934522 -1.12181813 -1.04145167 -1.00583907 
1.87381742e+01 -1.37661118 -1.23934522 -1.12181813 -1.04145167 -1.00583907 
1.51991108e+01 -1.37661118 -1.23934522 -1.12181813 -1.04145167 -1.00583907 
1.23284674e+01 -1.37661118 -1.23934522 -1.12181813 -1.04145167 -1.00583907 
1.00000000e+01 -1.37661118 -1.23934522 -1.12181813 -1.04145167 -1.00583907 
8.11130831e+00 -1.37661118 -1.23934522 -1.12181813 -1.04145167 -1.00583907 
6.57933225e+00 -1.37661118 -1.23934522 -1.12181813 -1.04145167 -1.00583907 
5.33669923e+00 -1.37661118 -1.23934522 -1.12181813 -1.04145167 -1.00583907 
4.32876128e+00 -1.37661118 -1.23934522 -1.12181813 -1.04145167 -1.00583907 
3.51119173e+00 -1.37661118 -1.23934522 -1.12181813 -1.04145167 -1.00583907 
2.84803587e+00 -1.37661118 -1.23934522 -1.12181813 -1.04145167 -1.00583907 
2.31012970e+00 -1.37661118 -1.23934522 -1.12181813 -1.04145167 -1.00583907 
1.87381742e+00 -1.37661118 -1.23934522 -1.12181813 -1.04145167 -1.00583907 
1.51991108e+00 -1.37661118 -1.23934522 -1.12181813 -1.04145167 -1.00583907 
1.23284674e+00 -1.37661118 -1.23934522 -1.12181813 -1.04145167 -1.00583907 
1.00000000e+00 -1.37661118 -1.23934522 -1.12181813 -1.04145167 -1.00583907 
8.11130831e-01 -1.37661118 -1.23934522 -1.12181813 -1.04145167 -1.00583907 
6.57933225e-01 -1.37661118 -1.23934522 -1.12181813 -1.04145167 -1.00583907 
5.33669923e-01 -1.37661118 -1.23934522 -1.12181813 -1.04145167 -1.00583907 
4.32876128e-01 -1.37661118 -1.23934522 -1.12181813 -1.04145167 -1.00583907 
3.51119173e-01 -1.37661118 -1.23934522 -1.12181813 -1.04145167 -1.00583907 
2.84803587e-01 -1.37661118 -1.23934522 -1.12181813 -1.04145167 -1.00583907 
2.31012970e-01 -1.37661118 -1.23934522 -1.12181813 -1.04145167 -1.00583907 
1.87381742e-01 -1.37661118 -1.23934522 -1.12181813 -1.04145167 -1.00583907 
1.51991108e-01 -1.37661118 -1.23934522 -1.12181813 -1.04145167 -1.00583907 
1.23284674e-01 -1.37661118 -1.23934522 -1.12181813 -1.04145167 -1.00583907 
1.00000000e-01 -1.37661118 -1.23934522 -1.12181813 -1.04145167 -1.00583907 
8.11130831e-02 -1.37661118 -1.23934522 -1.12181813 -1.04145167 -1.00583907 
6.57933225e-02 -1.37661118 -1.23934522 -1.12181813 -1.04145167 -1.00583907 
5.33669923e-02 -1.37661118 -1.23934522 -1.12181813 -1.04145167 -1.00583907 
4.32876128e-02 -1.37661118 -1.23934522 -1.12181813 -1.04145167 -1.00583907 
3.51119173e-02 -1.37661118 -1.23934522 -1.12181813 -1.04145167 -1.00583907 
2.84803587e-02 -1.37661118 -1.23934522 -1.12181813 -1.04145167 -1.00583907 
2.31012970e-02 -1.37661118 -1.23934522 -1.12181813 -1.04145167 -1.00583907 
1.87381742e-02 -1.37661118 -1.23934522 -1.12181813 -1.04145167 -1.00583907 
1.51991108e-02 -1.37661118 -1.23934522 -1.12181813 -1.04145167 -1.00583907 
1.23284674e-02 -1.37661118 -1.23934522 -1.12181813 -1.04145167 -1.00583907 
1.00000000e-02 -1.37661118 -1.23934522 -1.12181813 -1.04145167 -1.00583907 
8.11130831e-03 -1.37661118 -1.23934522 -1.12181813 -1.04145167 -1.00583907 
6.57933225e-03 -1.37661118 -1.23934522 -1.12181813 -1.04145167 -1.00583907 
5.33669923e-03 -1.37661118 -1.23934522 -1.12181813 -1.04145167 -1.00583907 
4.32876128e-03 -1.37661118 -1.23934522 -1.12181813 -1.04145167 -1.00583907 
3.51119173e-03 -1.37661118 -1.23934522 -1.12181813 -1.04145167 -1.00583907 
2.84803587e-03 -1.37661118 -1.23934522 -1.12181813 -1.04145167 -1.00583907 
2.31012970e-03 -1.37661118 -1.23934522 -1.12181813 -1.04145167 -1.00583907 
1.87381742e-03 -1.37661118 -1.23934522 -1.12181813 -1.04145167 -1.00583907 
1.51991108e-03 -1.37661118 -1.23934522 -1.12181813 -1.04145167 -1.00583907 
1.23284674e-03 -1.37661118 -1.23934522 -1.12181813 -1.04145167 -1.00583907 
1.00000000e-03 -1.37661118 -1.23934522 -1.12181813 -1.04145167 -1.00583907 
8.11130831e-04 -1.37661118 -1.23934522 -1.12181813 -1.04145167 -1.00583907 
6.57933225e-04 -1.37661118 -1.23934522 -1.12181813 -1.04145167 -1.00583907 
5.33669923e-04 -1.37661118 -1.23934522 -1.12181813 -1.04145167 -1.00583907 
4.32876128e-04 -1.37661118 -1.23934522 -1.12181813 -1.04145167 -1.00583907 
3.51119173e-04 -1.37661118 -1.23934522 -1.12181813 -1.04145167 -1.00583907 
2.84803587e-04 -1.37661118 -1.23934522 -1.12181813 -1.04145167 -1.00583907 
2.31012970e-04 -1.37661118 -1.23934522 -1.12181813 -1.04145167 -1.00583907 
1.87381742e-04 -1.37661118 -1.23934522 -1.12181813 -1.04145167 -1.00583907 
1.51991108e-04 -1.37661118 -1.23934522 -1.12181813 -1.04145167 -1.00583907 
1.23284674e-04 -1.37661118 -1.23934522 -1.12181813 -1.04145167 -1.00583907 
1.00000000e-04 -1.37661118 -1.23934522 -1.12181813 -1.04145167 -1.00583907 
8.11130831e-05 -1.37661118 -1.23934522 -1.12181813 -1.04145167 -1.00583907 
6.57933225e-05 -1.37661118 -1.23934522 -1.12181813 -1.04145167 -1.00583907 
5.33669923e-05 -1.37661118 -1.23934522 -1.12181813 -1.04145167 -1.00583907 
4.32876128e-05 -1.37661118 -1.23934522 -1.12181813 -1.04145167 -1.00583907 
3.51119173e-05 -1.37661118 -1.23934522 -1.12181813 -1.04145167 -1.00583907 
2.84803587e-05 -1.37661118 -1.23934522 -1.12181813 -1.04145167 -1.00583907 
2.31012970e-05 -1.37661118 -1.23934522 -1.12181813 -1.04145167 -1.00583907 
1.87381742e-05 -1.37661118 -1.23934522 -1.12181813 -1.04145167 -1.00583907 
1.51991108e-05 -1.37661118 -1.23934522 -1.12181813 -1.04145167 -1.00583907 
1.23284674e-05 -1.37661118 -1.23934522 -1.12181813 -1.04145167 -1.00583907 
1.00000000e-05 -1.37661118 -1.23934522 -1.12181813 -1.04145167 -1.00583907 
8.11130831e-06 -1.37661118 -1.23934522 -1.12181813 -1.04145167 -1.00583907 
6.57933225e-06 -1.37661118 -1.23934522 -1.12181813 -1.04145167 -1.00583907 
5.33669923e-06 -1.37661118 -1.23934522 -1.12181813 -1.04145167 -1.00583907 
4.32876128e-06 -1.37661118 -1.23934522 -1.12181813 -1.04145167 -1.00583907 
3.51119173e-06 -1.37661118 -1.23934522 -1.12181813 -1.04145167 -1.00583907 
2.84803587e-06 -1.37661118 -1.23934522 -1.12181813 -1.04145167 -1.00583907 
2.31012970e-06 -1.37661118 -1.23934522 -1.12181813 -1.04145167 -1.00583907 
1.87381742e-06 -1.37661118 -1.23934522 -1.12181813 -1.04145167 -1.00583907 
1.51991108e-06 -1.37661118 -1.23934522 -1.12181813 -1.04145167 -1.00583907 
1.23284674e-06 -1.37661118 -1.23934522 -1.12181813 -1.04145167 -1.00583907 
1.00000000e-06 -1.37661118 -1.23934522 -1.12181813 -1.04145167 -1.00583907 
8.11130831e-07 -1.37661118 -1.23934522 -1.12181813 -1.04145167 -1.00583907 
6.57933225e-07 -1.37661118 -1.23934522 -1.12181813 -1.04145167 -1.00583907 
5.33669923e-07 -1.37661118 -1.23934522 -1.12181813 -1.04145167 -1.00583907 
4.32876128e-07 -1.37661118 -1.23934522 -1.12181813 -1.04145167 -1.00583907 
3.51119173e-07 -1.37661118 -1.23934522 -1.12181813 -1.04145167 -1.00583907 
2.84803587e-07 -1.37661118 -1.23934522 -1.12181813 -1.04145167 -1.00583907 
2.31012970e-07 -1.37661118 -1.23934522 -1.12181813 -1.04145167 -1.00583907 
1.87381742e-07 -1.37661118 -1.23934522 -1.12181813 -1.04145167 -1.00583907 
1.51991108e-07 -1.37661118 -1.23934522 -1.12181813 -1.04145167 -1.00583907 
1.23284674e-07 -1.37661118 -1.23934522 -1.12181813 -1.04145167 -1.00583907 
1.00000000e-07 -1.37661118 -1.23934522 -1.12181813 -1.04145167 -1.00583907 
P (bar) | log_CO2: -2σ | log_CO2: -1σ | log_CO2: median | log_CO2: +1σ | log_CO2: +2σ 
1.00000000e+02 -1.22002986 -1.16223196 -1.10820864 -1.06132066 -1.01435909 
8.11130831e+01 -1.22002986 -1.16223196 -1.10820864 -1.06132066 -1.01435909 
6.57933225e+01 -1.22002986 -1.16223196 -1.10820864 -1.06132066 -1.01435909 
5.33669923e+01 -1.22002986 -1.16223196 -1.10820864 -1.06132066 -1.01435909 
4.32876128e+01 -1.22002986 -1.16223196 -1.10820864 -1.06132066 -1.01435909 
3.51119173e+01 -1.22002986 -1.16223196 -1.10820864 -1.06132066 -1.01435909 
2.84803587e+01 -1.22002986 -1.16223196 -1.10820864 -1.06132066 -1.01435909 
2.31012970e+01 -1.22002986 -1.16223196 -1.10820864 -1.06132066 -1.01435909 
1.87381742e+01 -1.22002986 -1.16223196 -1.10820864 -1.06132066 -1.01435909 
1.51991108e+01 -1.22002986 -1.16223196 -1.10820864 -1.06132066 -1.01435909 
1.23284674e+01 -1.22002986 -1.16223196 -1.10820864 -1.06132066 -1.01435909 
1.00000000e+01 -1.22002986 -1.16223196 -1.10820864 -1.06132066 -1.01435909 
8.11130831e+00 -1.22002986 -1.16223196 -1.10820864 -1.06132066 -1.01435909 
6.57933225e+00 -1.22002986 -1.16223196 -1.10820864 -1.06132066 -1.01435909 
5.33669923e+00 -1.22002986 -1.16223196 -1.10820864 -1.06132066 -1.01435909 
4.32876128e+00 -1.22002986 -1.16223196 -1.10820864 -1.06132066 -1.01435909 
3.51119173e+00 -1.22002986 -1.16223196 -1.10820864 -1.06132066 -1.01435909 
2.84803587e+00 -1.22002986 -1.16223196 -1.10820864 -1.06132066 -1.01435909 
2.31012970e+00 -1.22002986 -1.16223196 -1.10820864 -1.06132066 -1.01435909 
1.87381742e+00 -1.22002986 -1.16223196 -1.10820864 -1.06132066 -1.01435909 
1.51991108e+00 -1.22002986 -1.16223196 -1.10820864 -1.06132066 -1.01435909 
1.23284674e+00 -1.22002986 -1.16223196 -1.10820864 -1.06132066 -1.01435909 
1.00000000e+00 -1.22002986 -1.16223196 -1.10820864 -1.06132066 -1.01435909 
8.11130831e-01 -1.22002986 -1.16223196 -1.10820864 -1.06132066 -1.01435909 
6.57933225e-01 -1.22002986 -1.16223196 -1.10820864 -1.06132066 -1.01435909 
5.33669923e-01 -1.22002986 -1.16223196 -1.10820864 -1.06132066 -1.01435909 
4.32876128e-01 -1.22002986 -1.16223196 -1.10820864 -1.06132066 -1.01435909 
3.51119173e-01 -1.22002986 -1.16223196 -1.10820864 -1.06132066 -1.01435909 
2.84803587e-01 -1.22002986 -1.16223196 -1.10820864 -1.06132066 -1.01435909 
2.31012970e-01 -1.22002986 -1.16223196 -1.10820864 -1.06132066 -1.01435909 
1.87381742e-01 -1.22002986 -1.16223196 -1.10820864 -1.06132066 -1.01435909 
1.51991108e-01 -1.22002986 -1.16223196 -1.10820864 -1.06132066 -1.01435909 
1.23284674e-01 -1.22002986 -1.16223196 -1.10820864 -1.06132066 -1.01435909 
1.00000000e-01 -1.22002986 -1.16223196 -1.10820864 -1.06132066 -1.01435909 
8.11130831e-02 -1.22002986 -1.16223196 -1.10820864 -1.06132066 -1.01435909 
6.57933225e-02 -1.22002986 -1.16223196 -1.10820864 -1.06132066 -1.01435909 
5.33669923e-02 -1.22002986 -1.16223196 -1.10820864 -1.06132066 -1.01435909 
4.32876128e-02 -1.22002986 -1.16223196 -1.10820864 -1.06132066 -1.01435909 
3.51119173e-02 -1.22002986 -1.16223196 -1.10820864 -1.06132066 -1.01435909 
2.84803587e-02 -1.22002986 -1.16223196 -1.10820864 -1.06132066 -1.01435909 
2.31012970e-02 -1.22002986 -1.16223196 -1.10820864 -1.06132066 -1.01435909 
1.87381742e-02 -1.22002986 -1.16223196 -1.10820864 -1.06132066 -1.01435909 
1.51991108e-02 -1.22002986 -1.16223196 -1.10820864 -1.06132066 -1.01435909 
1.23284674e-02 -1.22002986 -1.16223196 -1.10820864 -1.06132066 -1.01435909 
1.00000000e-02 -1.22002986 -1.16223196 -1.10820864 -1.06132066 -1.01435909 
8.11130831e-03 -1.22002986 -1.16223196 -1.10820864 -1.06132066 -1.01435909 
6.57933225e-03 -1.22002986 -1.16223196 -1.10820864 -1.06132066 -1.01435909 
5.33669923e-03 -1.22002986 -1.16223196 -1.10820864 -1.06132066 -1.01435909 
4.32876128e-03 -1.22002986 -1.16223196 -1.10820864 -1.06132066 -1.01435909 
3.51119173e-03 -1.22002986 -1.16223196 -1.10820864 -1.06132066 -1.01435909 
2.84803587e-03 -1.22002986 -1.16223196 -1.10820864 -1.06132066 -1.01435909 
2.31012970e-03 -1.22002986 -1.16223196 -1.10820864 -1.06132066 -1.01435909 
1.87381742e-03 -1.22002986 -1.16223196 -1.10820864 -1.06132066 -1.01435909 
1.51991108e-03 -1.22002986 -1.16223196 -1.10820864 -1.06132066 -1.01435909 
1.23284674e-03 -1.22002986 -1.16223196 -1.10820864 -1.06132066 -1.01435909 
1.00000000e-03 -1.22002986 -1.16223196 -1.10820864 -1.06132066 -1.01435909 
8.11130831e-04 -1.22002986 -1.16223196 -1.10820864 -1.06132066 -1.01435909 
6.57933225e-04 -1.22002986 -1.16223196 -1.10820864 -1.06132066 -1.01435909 
5.33669923e-04 -1.22002986 -1.16223196 -1.10820864 -1.06132066 -1.01435909 
4.32876128e-04 -1.22002986 -1.16223196 -1.10820864 -1.06132066 -1.01435909 
3.51119173e-04 -1.22002986 -1.16223196 -1.10820864 -1.06132066 -1.01435909 
2.84803587e-04 -1.22002986 -1.16223196 -1.10820864 -1.06132066 -1.01435909 
2.31012970e-04 -1.22002986 -1.16223196 -1.10820864 -1.06132066 -1.01435909 
1.87381742e-04 -1.22002986 -1.16223196 -1.10820864 -1.06132066 -1.01435909 
1.51991108e-04 -1.22002986 -1.16223196 -1.10820864 -1.06132066 -1.01435909 
1.23284674e-04 -1.22002986 -1.16223196 -1.10820864 -1.06132066 -1.01435909 
1.00000000e-04 -1.22002986 -1.16223196 -1.10820864 -1.06132066 -1.01435909 
8.11130831e-05 -1.22002986 -1.16223196 -1.10820864 -1.06132066 -1.01435909 
6.57933225e-05 -1.22002986 -1.16223196 -1.10820864 -1.06132066 -1.01435909 
5.33669923e-05 -1.22002986 -1.16223196 -1.10820864 -1.06132066 -1.01435909 
4.32876128e-05 -1.22002986 -1.16223196 -1.10820864 -1.06132066 -1.01435909 
3.51119173e-05 -1.22002986 -1.16223196 -1.10820864 -1.06132066 -1.01435909 
2.84803587e-05 -1.22002986 -1.16223196 -1.10820864 -1.06132066 -1.01435909 
2.31012970e-05 -1.22002986 -1.16223196 -1.10820864 -1.06132066 -1.01435909 
1.87381742e-05 -1.22002986 -1.16223196 -1.10820864 -1.06132066 -1.01435909 
1.51991108e-05 -1.22002986 -1.16223196 -1.10820864 -1.06132066 -1.01435909 
1.23284674e-05 -1.22002986 -1.16223196 -1.10820864 -1.06132066 -1.01435909 
1.00000000e-05 -1.22002986 -1.16223196 -1.10820864 -1.06132066 -1.01435909 
8.11130831e-06 -1.22002986 -1.16223196 -1.10820864 -1.06132066 -1.01435909 
6.57933225e-06 -1.22002986 -1.16223196 -1.10820864 -1.06132066 -1.01435909 
5.33669923e-06 -1.22002986 -1.16223196 -1.10820864 -1.06132066 -1.01435909 
4.32876128e-06 -1.22002986 -1.16223196 -1.10820864 -1.06132066 -1.01435909 
3.51119173e-06 -1.22002986 -1.16223196 -1.10820864 -1.06132066 -1.01435909 
2.84803587e-06 -1.22002986 -1.16223196 -1.10820864 -1.06132066 -1.01435909 
2.31012970e-06 -1.22002986 -1.16223196 -1.10820864 -1.06132066 -1.01435909 
1.87381742e-06 -1.22002986 -1.16223196 -1.10820864 -1.06132066 -1.01435909 
1.51991108e-06 -1.22002986 -1.16223196 -1.10820864 -1.06132066 -1.01435909 
1.23284674e-06 -1.22002986 -1.16223196 -1.10820864 -1.06132066 -1.01435909 
1.00000000e-06 -1.22002986 -1.16223196 -1.10820864 -1.06132066 -1.01435909 
8.11130831e-07 -1.22002986 -1.16223196 -1.10820864 -1.06132066 -1.01435909 
6.57933225e-07 -1.22002986 -1.16223196 -1.10820864 -1.06132066 -1.01435909 
5.33669923e-07 -1.22002986 -1.16223196 -1.10820864 -1.06132066 -1.01435909 
4.32876128e-07 -1.22002986 -1.16223196 -1.10820864 -1.06132066 -1.01435909 
3.51119173e-07 -1.22002986 -1.16223196 -1.10820864 -1.06132066 -1.01435909 
2.84803587e-07 -1.22002986 -1.16223196 -1.10820864 -1.06132066 -1.01435909 
2.31012970e-07 -1.22002986 -1.16223196 -1.10820864 -1.06132066 -1.01435909 
1.87381742e-07 -1.22002986 -1.16223196 -1.10820864 -1.06132066 -1.01435909 
1.51991108e-07 -1.22002986 -1.16223196 -1.10820864 -1.06132066 -1.01435909 
1.23284674e-07 -1.22002986 -1.16223196 -1.10820864 -1.06132066 -1.01435909 
1.00000000e-07 -1.22002986 -1.16223196 -1.10820864 -1.06132066 -1.01435909 
P (bar) | log_SO2: -2σ | log_SO2: -1σ | log_SO2: median | log_SO2: +1σ | log_SO2: +2σ 
1.00000000e+02 -5.53082145 -5.35285835 -5.16437660 -5.01073928 -4.84966512 
8.11130831e+01 -5.53082145 -5.35285835 -5.16437660 -5.01073928 -4.84966512 
6.57933225e+01 -5.53082145 -5.35285835 -5.16437660 -5.01073928 -4.84966512 
5.33669923e+01 -5.53082145 -5.35285835 -5.16437660 -5.01073928 -4.84966512 
4.32876128e+01 -5.53082145 -5.35285835 -5.16437660 -5.01073928 -4.84966512 
3.51119173e+01 -5.53082145 -5.35285835 -5.16437660 -5.01073928 -4.84966512 
2.84803587e+01 -5.53082145 -5.35285835 -5.16437660 -5.01073928 -4.84966512 
2.31012970e+01 -5.53082145 -5.35285835 -5.16437660 -5.01073928 -4.84966512 
1.87381742e+01 -5.53082145 -5.35285835 -5.16437660 -5.01073928 -4.84966512 
1.51991108e+01 -5.53082145 -5.35285835 -5.16437660 -5.01073928 -4.84966512 
1.23284674e+01 -5.53082145 -5.35285835 -5.16437660 -5.01073928 -4.84966512 
1.00000000e+01 -5.53082145 -5.35285835 -5.16437660 -5.01073928 -4.84966512 
8.11130831e+00 -5.53082145 -5.35285835 -5.16437660 -5.01073928 -4.84966512 
6.57933225e+00 -5.53082145 -5.35285835 -5.16437660 -5.01073928 -4.84966512 
5.33669923e+00 -5.53082145 -5.35285835 -5.16437660 -5.01073928 -4.84966512 
4.32876128e+00 -5.53082145 -5.35285835 -5.16437660 -5.01073928 -4.84966512 
3.51119173e+00 -5.53082145 -5.35285835 -5.16437660 -5.01073928 -4.84966512 
2.84803587e+00 -5.53082145 -5.35285835 -5.16437660 -5.01073928 -4.84966512 
2.31012970e+00 -5.53082145 -5.35285835 -5.16437660 -5.01073928 -4.84966512 
1.87381742e+00 -5.53082145 -5.35285835 -5.16437660 -5.01073928 -4.84966512 
1.51991108e+00 -5.53082145 -5.35285835 -5.16437660 -5.01073928 -4.84966512 
1.23284674e+00 -5.53082145 -5.35285835 -5.16437660 -5.01073928 -4.84966512 
1.00000000e+00 -5.53082145 -5.35285835 -5.16437660 -5.01073928 -4.84966512 
8.11130831e-01 -5.53082145 -5.35285835 -5.16437660 -5.01073928 -4.84966512 
6.57933225e-01 -5.53082145 -5.35285835 -5.16437660 -5.01073928 -4.84966512 
5.33669923e-01 -5.53082145 -5.35285835 -5.16437660 -5.01073928 -4.84966512 
4.32876128e-01 -5.53082145 -5.35285835 -5.16437660 -5.01073928 -4.84966512 
3.51119173e-01 -5.53082145 -5.35285835 -5.16437660 -5.01073928 -4.84966512 
2.84803587e-01 -5.53082145 -5.35285835 -5.16437660 -5.01073928 -4.84966512 
2.31012970e-01 -5.53082145 -5.35285835 -5.16437660 -5.01073928 -4.84966512 
1.87381742e-01 -5.53082145 -5.35285835 -5.16437660 -5.01073928 -4.84966512 
1.51991108e-01 -5.53082145 -5.35285835 -5.16437660 -5.01073928 -4.84966512 
1.23284674e-01 -5.53082145 -5.35285835 -5.16437660 -5.01073928 -4.84966512 
1.00000000e-01 -5.53082145 -5.35285835 -5.16437660 -5.01073928 -4.84966512 
8.11130831e-02 -5.53082145 -5.35285835 -5.16437660 -5.01073928 -4.84966512 
6.57933225e-02 -5.53082145 -5.35285835 -5.16437660 -5.01073928 -4.84966512 
5.33669923e-02 -5.53082145 -5.35285835 -5.16437660 -5.01073928 -4.84966512 
4.32876128e-02 -5.53082145 -5.35285835 -5.16437660 -5.01073928 -4.84966512 
3.51119173e-02 -5.53082145 -5.35285835 -5.16437660 -5.01073928 -4.84966512 
2.84803587e-02 -5.53082145 -5.35285835 -5.16437660 -5.01073928 -4.84966512 
2.31012970e-02 -5.53082145 -5.35285835 -5.16437660 -5.01073928 -4.84966512 
1.87381742e-02 -5.53082145 -5.35285835 -5.16437660 -5.01073928 -4.84966512 
1.51991108e-02 -5.53082145 -5.35285835 -5.16437660 -5.01073928 -4.84966512 
1.23284674e-02 -5.53082145 -5.35285835 -5.16437660 -5.01073928 -4.84966512 
1.00000000e-02 -5.53082145 -5.35285835 -5.16437660 -5.01073928 -4.84966512 
8.11130831e-03 -5.53082145 -5.35285835 -5.16437660 -5.01073928 -4.84966512 
6.57933225e-03 -5.53082145 -5.35285835 -5.16437660 -5.01073928 -4.84966512 
5.33669923e-03 -5.53082145 -5.35285835 -5.16437660 -5.01073928 -4.84966512 
4.32876128e-03 -5.53082145 -5.35285835 -5.16437660 -5.01073928 -4.84966512 
3.51119173e-03 -5.53082145 -5.35285835 -5.16437660 -5.01073928 -4.84966512 
2.84803587e-03 -5.53082145 -5.35285835 -5.16437660 -5.01073928 -4.84966512 
2.31012970e-03 -5.53082145 -5.35285835 -5.16437660 -5.01073928 -4.84966512 
1.87381742e-03 -5.53082145 -5.35285835 -5.16437660 -5.01073928 -4.84966512 
1.51991108e-03 -5.53082145 -5.35285835 -5.16437660 -5.01073928 -4.84966512 
1.23284674e-03 -5.53082145 -5.35285835 -5.16437660 -5.01073928 -4.84966512 
1.00000000e-03 -5.53082145 -5.35285835 -5.16437660 -5.01073928 -4.84966512 
8.11130831e-04 -5.53082145 -5.35285835 -5.16437660 -5.01073928 -4.84966512 
6.57933225e-04 -5.53082145 -5.35285835 -5.16437660 -5.01073928 -4.84966512 
5.33669923e-04 -5.53082145 -5.35285835 -5.16437660 -5.01073928 -4.84966512 
4.32876128e-04 -5.53082145 -5.35285835 -5.16437660 -5.01073928 -4.84966512 
3.51119173e-04 -5.53082145 -5.35285835 -5.16437660 -5.01073928 -4.84966512 
2.84803587e-04 -5.53082145 -5.35285835 -5.16437660 -5.01073928 -4.84966512 
2.31012970e-04 -5.53082145 -5.35285835 -5.16437660 -5.01073928 -4.84966512 
1.87381742e-04 -5.53082145 -5.35285835 -5.16437660 -5.01073928 -4.84966512 
1.51991108e-04 -5.53082145 -5.35285835 -5.16437660 -5.01073928 -4.84966512 
1.23284674e-04 -5.53082145 -5.35285835 -5.16437660 -5.01073928 -4.84966512 
1.00000000e-04 -5.53082145 -5.35285835 -5.16437660 -5.01073928 -4.84966512 
8.11130831e-05 -5.53082145 -5.35285835 -5.16437660 -5.01073928 -4.84966512 
6.57933225e-05 -5.53082145 -5.35285835 -5.16437660 -5.01073928 -4.84966512 
5.33669923e-05 -5.53082145 -5.35285835 -5.16437660 -5.01073928 -4.84966512 
4.32876128e-05 -5.53082145 -5.35285835 -5.16437660 -5.01073928 -4.84966512 
3.51119173e-05 -5.53082145 -5.35285835 -5.16437660 -5.01073928 -4.84966512 
2.84803587e-05 -5.53082145 -5.35285835 -5.16437660 -5.01073928 -4.84966512 
2.31012970e-05 -5.53082145 -5.35285835 -5.16437660 -5.01073928 -4.84966512 
1.87381742e-05 -5.53082145 -5.35285835 -5.16437660 -5.01073928 -4.84966512 
1.51991108e-05 -5.53082145 -5.35285835 -5.16437660 -5.01073928 -4.84966512 
1.23284674e-05 -5.53082145 -5.35285835 -5.16437660 -5.01073928 -4.84966512 
1.00000000e-05 -5.53082145 -5.35285835 -5.16437660 -5.01073928 -4.84966512 
8.11130831e-06 -5.53082145 -5.35285835 -5.16437660 -5.01073928 -4.84966512 
6.57933225e-06 -5.53082145 -5.35285835 -5.16437660 -5.01073928 -4.84966512 
5.33669923e-06 -5.53082145 -5.35285835 -5.16437660 -5.01073928 -4.84966512 
4.32876128e-06 -5.53082145 -5.35285835 -5.16437660 -5.01073928 -4.84966512 
3.51119173e-06 -5.53082145 -5.35285835 -5.16437660 -5.01073928 -4.84966512 
2.84803587e-06 -5.53082145 -5.35285835 -5.16437660 -5.01073928 -4.84966512 
2.31012970e-06 -5.53082145 -5.35285835 -5.16437660 -5.01073928 -4.84966512 
1.87381742e-06 -5.53082145 -5.35285835 -5.16437660 -5.01073928 -4.84966512 
1.51991108e-06 -5.53082145 -5.35285835 -5.16437660 -5.01073928 -4.84966512 
1.23284674e-06 -5.53082145 -5.35285835 -5.16437660 -5.01073928 -4.84966512 
1.00000000e-06 -5.53082145 -5.35285835 -5.16437660 -5.01073928 -4.84966512 
8.11130831e-07 -5.53082145 -5.35285835 -5.16437660 -5.01073928 -4.84966512 
6.57933225e-07 -5.53082145 -5.35285835 -5.16437660 -5.01073928 -4.84966512 
5.33669923e-07 -5.53082145 -5.35285835 -5.16437660 -5.01073928 -4.84966512 
4.32876128e-07 -5.53082145 -5.35285835 -5.16437660 -5.01073928 -4.84966512 
3.51119173e-07 -5.53082145 -5.35285835 -5.16437660 -5.01073928 -4.84966512 
2.84803587e-07 -5.53082145 -5.35285835 -5.16437660 -5.01073928 -4.84966512 
2.31012970e-07 -5.53082145 -5.35285835 -5.16437660 -5.01073928 -4.84966512 
1.87381742e-07 -5.53082145 -5.35285835 -5.16437660 -5.01073928 -4.84966512 
1.51991108e-07 -5.53082145 -5.35285835 -5.16437660 -5.01073928 -4.84966512 
1.23284674e-07 -5.53082145 -5.35285835 -5.16437660 -5.01073928 -4.84966512 
1.00000000e-07 -5.53082145 -5.35285835 -5.16437660 -5.01073928 -4.84966512 
P (bar) | log_CO: -2σ | log_CO: -1σ | log_CO: median | log_CO: +1σ | log_CO: +2σ 
1.00000000e+02 -3.98370922 -3.89880565 -3.67870841 -3.35770148 -3.02328801 
8.11130831e+01 -3.98370922 -3.89880565 -3.67870841 -3.35770148 -3.02328801 
6.57933225e+01 -3.98370922 -3.89880565 -3.67870841 -3.35770148 -3.02328801 
5.33669923e+01 -3.98370922 -3.89880565 -3.67870841 -3.35770148 -3.02328801 
4.32876128e+01 -3.98370922 -3.89880565 -3.67870841 -3.35770148 -3.02328801 
3.51119173e+01 -3.98370922 -3.89880565 -3.67870841 -3.35770148 -3.02328801 
2.84803587e+01 -3.98370922 -3.89880565 -3.67870841 -3.35770148 -3.02328801 
2.31012970e+01 -3.98370922 -3.89880565 -3.67870841 -3.35770148 -3.02328801 
1.87381742e+01 -3.98370922 -3.89880565 -3.67870841 -3.35770148 -3.02328801 
1.51991108e+01 -3.98370922 -3.89880565 -3.67870841 -3.35770148 -3.02328801 
1.23284674e+01 -3.98370922 -3.89880565 -3.67870841 -3.35770148 -3.02328801 
1.00000000e+01 -3.98370922 -3.89880565 -3.67870841 -3.35770148 -3.02328801 
8.11130831e+00 -3.98370922 -3.89880565 -3.67870841 -3.35770148 -3.02328801 
6.57933225e+00 -3.98370922 -3.89880565 -3.67870841 -3.35770148 -3.02328801 
5.33669923e+00 -3.98370922 -3.89880565 -3.67870841 -3.35770148 -3.02328801 
4.32876128e+00 -3.98370922 -3.89880565 -3.67870841 -3.35770148 -3.02328801 
3.51119173e+00 -3.98370922 -3.89880565 -3.67870841 -3.35770148 -3.02328801 
2.84803587e+00 -3.98370922 -3.89880565 -3.67870841 -3.35770148 -3.02328801 
2.31012970e+00 -3.98370922 -3.89880565 -3.67870841 -3.35770148 -3.02328801 
1.87381742e+00 -3.98370922 -3.89880565 -3.67870841 -3.35770148 -3.02328801 
1.51991108e+00 -3.98370922 -3.89880565 -3.67870841 -3.35770148 -3.02328801 
1.23284674e+00 -3.98370922 -3.89880565 -3.67870841 -3.35770148 -3.02328801 
1.00000000e+00 -3.98370922 -3.89880565 -3.67870841 -3.35770148 -3.02328801 
8.11130831e-01 -3.98370922 -3.89880565 -3.67870841 -3.35770148 -3.02328801 
6.57933225e-01 -3.98370922 -3.89880565 -3.67870841 -3.35770148 -3.02328801 
5.33669923e-01 -3.98370922 -3.89880565 -3.67870841 -3.35770148 -3.02328801 
4.32876128e-01 -3.98370922 -3.89880565 -3.67870841 -3.35770148 -3.02328801 
3.51119173e-01 -3.98370922 -3.89880565 -3.67870841 -3.35770148 -3.02328801 
2.84803587e-01 -3.98370922 -3.89880565 -3.67870841 -3.35770148 -3.02328801 
2.31012970e-01 -3.98370922 -3.89880565 -3.67870841 -3.35770148 -3.02328801 
1.87381742e-01 -3.98370922 -3.89880565 -3.67870841 -3.35770148 -3.02328801 
1.51991108e-01 -3.98370922 -3.89880565 -3.67870841 -3.35770148 -3.02328801 
1.23284674e-01 -3.98370922 -3.89880565 -3.67870841 -3.35770148 -3.02328801 
1.00000000e-01 -3.98370922 -3.89880565 -3.67870841 -3.35770148 -3.02328801 
8.11130831e-02 -3.98370922 -3.89880565 -3.67870841 -3.35770148 -3.02328801 
6.57933225e-02 -3.98370922 -3.89880565 -3.67870841 -3.35770148 -3.02328801 
5.33669923e-02 -3.98370922 -3.89880565 -3.67870841 -3.35770148 -3.02328801 
4.32876128e-02 -3.98370922 -3.89880565 -3.67870841 -3.35770148 -3.02328801 
3.51119173e-02 -3.98370922 -3.89880565 -3.67870841 -3.35770148 -3.02328801 
2.84803587e-02 -3.98370922 -3.89880565 -3.67870841 -3.35770148 -3.02328801 
2.31012970e-02 -3.98370922 -3.89880565 -3.67870841 -3.35770148 -3.02328801 
1.87381742e-02 -3.98370922 -3.89880565 -3.67870841 -3.35770148 -3.02328801 
1.51991108e-02 -3.98370922 -3.89880565 -3.67870841 -3.35770148 -3.02328801 
1.23284674e-02 -3.98370922 -3.89880565 -3.67870841 -3.35770148 -3.02328801 
1.00000000e-02 -3.98370922 -3.89880565 -3.67870841 -3.35770148 -3.02328801 
8.11130831e-03 -3.98370922 -3.89880565 -3.67870841 -3.35770148 -3.02328801 
6.57933225e-03 -3.98370922 -3.89880565 -3.67870841 -3.35770148 -3.02328801 
5.33669923e-03 -3.98370922 -3.89880565 -3.67870841 -3.35770148 -3.02328801 
4.32876128e-03 -3.98370922 -3.89880565 -3.67870841 -3.35770148 -3.02328801 
3.51119173e-03 -3.98370922 -3.89880565 -3.67870841 -3.35770148 -3.02328801 
2.84803587e-03 -3.98370922 -3.89880565 -3.67870841 -3.35770148 -3.02328801 
2.31012970e-03 -3.98370922 -3.89880565 -3.67870841 -3.35770148 -3.02328801 
1.87381742e-03 -3.98370922 -3.89880565 -3.67870841 -3.35770148 -3.02328801 
1.51991108e-03 -3.98370922 -3.89880565 -3.67870841 -3.35770148 -3.02328801 
1.23284674e-03 -3.98370922 -3.89880565 -3.67870841 -3.35770148 -3.02328801 
1.00000000e-03 -3.98370922 -3.89880565 -3.67870841 -3.35770148 -3.02328801 
8.11130831e-04 -3.98370922 -3.89880565 -3.67870841 -3.35770148 -3.02328801 
6.57933225e-04 -3.98370922 -3.89880565 -3.67870841 -3.35770148 -3.02328801 
5.33669923e-04 -3.98370922 -3.89880565 -3.67870841 -3.35770148 -3.02328801 
4.32876128e-04 -3.98370922 -3.89880565 -3.67870841 -3.35770148 -3.02328801 
3.51119173e-04 -3.98370922 -3.89880565 -3.67870841 -3.35770148 -3.02328801 
2.84803587e-04 -3.98370922 -3.89880565 -3.67870841 -3.35770148 -3.02328801 
2.31012970e-04 -3.98370922 -3.89880565 -3.67870841 -3.35770148 -3.02328801 
1.87381742e-04 -3.98370922 -3.89880565 -3.67870841 -3.35770148 -3.02328801 
1.51991108e-04 -3.98370922 -3.89880565 -3.67870841 -3.35770148 -3.02328801 
1.23284674e-04 -3.98370922 -3.89880565 -3.67870841 -3.35770148 -3.02328801 
1.00000000e-04 -3.98370922 -3.89880565 -3.67870841 -3.35770148 -3.02328801 
8.11130831e-05 -3.98370922 -3.89880565 -3.67870841 -3.35770148 -3.02328801 
6.57933225e-05 -3.98370922 -3.89880565 -3.67870841 -3.35770148 -3.02328801 
5.33669923e-05 -3.98370922 -3.89880565 -3.67870841 -3.35770148 -3.02328801 
4.32876128e-05 -3.98370922 -3.89880565 -3.67870841 -3.35770148 -3.02328801 
3.51119173e-05 -3.98370922 -3.89880565 -3.67870841 -3.35770148 -3.02328801 
2.84803587e-05 -3.98370922 -3.89880565 -3.67870841 -3.35770148 -3.02328801 
2.31012970e-05 -3.98370922 -3.89880565 -3.67870841 -3.35770148 -3.02328801 
1.87381742e-05 -3.98370922 -3.89880565 -3.67870841 -3.35770148 -3.02328801 
1.51991108e-05 -3.98370922 -3.89880565 -3.67870841 -3.35770148 -3.02328801 
1.23284674e-05 -3.98370922 -3.89880565 -3.67870841 -3.35770148 -3.02328801 
1.00000000e-05 -3.98370922 -3.89880565 -3.67870841 -3.35770148 -3.02328801 
8.11130831e-06 -3.98370922 -3.89880565 -3.67870841 -3.35770148 -3.02328801 
6.57933225e-06 -3.98370922 -3.89880565 -3.67870841 -3.35770148 -3.02328801 
5.33669923e-06 -3.98370922 -3.89880565 -3.67870841 -3.35770148 -3.02328801 
4.32876128e-06 -3.98370922 -3.89880565 -3.67870841 -3.35770148 -3.02328801 
3.51119173e-06 -3.98370922 -3.89880565 -3.67870841 -3.35770148 -3.02328801 
2.84803587e-06 -3.98370922 -3.89880565 -3.67870841 -3.35770148 -3.02328801 
2.31012970e-06 -3.98370922 -3.89880565 -3.67870841 -3.35770148 -3.02328801 
1.87381742e-06 -3.98370922 -3.89880565 -3.67870841 -3.35770148 -3.02328801 
1.51991108e-06 -3.98370922 -3.89880565 -3.67870841 -3.35770148 -3.02328801 
1.23284674e-06 -3.98370922 -3.89880565 -3.67870841 -3.35770148 -3.02328801 
1.00000000e-06 -3.98370922 -3.89880565 -3.67870841 -3.35770148 -3.02328801 
8.11130831e-07 -3.98370922 -3.89880565 -3.67870841 -3.35770148 -3.02328801 
6.57933225e-07 -3.98370922 -3.89880565 -3.67870841 -3.35770148 -3.02328801 
5.33669923e-07 -3.98370922 -3.89880565 -3.67870841 -3.35770148 -3.02328801 
4.32876128e-07 -3.98370922 -3.89880565 -3.67870841 -3.35770148 -3.02328801 
3.51119173e-07 -3.98370922 -3.89880565 -3.67870841 -3.35770148 -3.02328801 
2.84803587e-07 -3.98370922 -3.89880565 -3.67870841 -3.35770148 -3.02328801 
2.31012970e-07 -3.98370922 -3.89880565 -3.67870841 -3.35770148 -3.02328801 
1.87381742e-07 -3.98370922 -3.89880565 -3.67870841 -3.35770148 -3.02328801 
1.51991108e-07 -3.98370922 -3.89880565 -3.67870841 -3.35770148 -3.02328801 
1.23284674e-07 -3.98370922 -3.89880565 -3.67870841 -3.35770148 -3.02328801 
1.00000000e-07 -3.98370922 -3.89880565 -3.67870841 -3.35770148 -3.02328801 
P (bar) | log_H2S: -2σ | log_H2S: -1σ | log_H2S: median | log_H2S: +1σ | log_H2S: +2σ 
1.00000000e+02 -2.66600205 -2.58393059 -2.53288071 -2.50778088 -2.50116223 
8.11130831e+01 -2.66600205 -2.58393059 -2.53288071 -2.50778088 -2.50116223 
6.57933225e+01 -2.66600205 -2.58393059 -2.53288071 -2.50778088 -2.50116223 
5.33669923e+01 -2.66600205 -2.58393059 -2.53288071 -2.50778088 -2.50116223 
4.32876128e+01 -2.66600205 -2.58393059 -2.53288071 -2.50778088 -2.50116223 
3.51119173e+01 -2.66600205 -2.58393059 -2.53288071 -2.50778088 -2.50116223 
2.84803587e+01 -2.66600205 -2.58393059 -2.53288071 -2.50778088 -2.50116223 
2.31012970e+01 -2.66600205 -2.58393059 -2.53288071 -2.50778088 -2.50116223 
1.87381742e+01 -2.66600205 -2.58393059 -2.53288071 -2.50778088 -2.50116223 
1.51991108e+01 -2.66600205 -2.58393059 -2.53288071 -2.50778088 -2.50116223 
1.23284674e+01 -2.66600205 -2.58393059 -2.53288071 -2.50778088 -2.50116223 
1.00000000e+01 -2.66600205 -2.58393059 -2.53288071 -2.50778088 -2.50116223 
8.11130831e+00 -2.66600205 -2.58393059 -2.53288071 -2.50778088 -2.50116223 
6.57933225e+00 -2.66600205 -2.58393059 -2.53288071 -2.50778088 -2.50116223 
5.33669923e+00 -2.66600205 -2.58393059 -2.53288071 -2.50778088 -2.50116223 
4.32876128e+00 -2.66600205 -2.58393059 -2.53288071 -2.50778088 -2.50116223 
3.51119173e+00 -2.66600205 -2.58393059 -2.53288071 -2.50778088 -2.50116223 
2.84803587e+00 -2.66600205 -2.58393059 -2.53288071 -2.50778088 -2.50116223 
2.31012970e+00 -2.66600205 -2.58393059 -2.53288071 -2.50778088 -2.50116223 
1.87381742e+00 -2.66600205 -2.58393059 -2.53288071 -2.50778088 -2.50116223 
1.51991108e+00 -2.66600205 -2.58393059 -2.53288071 -2.50778088 -2.50116223 
1.23284674e+00 -2.66600205 -2.58393059 -2.53288071 -2.50778088 -2.50116223 
1.00000000e+00 -2.66600205 -2.58393059 -2.53288071 -2.50778088 -2.50116223 
8.11130831e-01 -2.66600205 -2.58393059 -2.53288071 -2.50778088 -2.50116223 
6.57933225e-01 -2.66600205 -2.58393059 -2.53288071 -2.50778088 -2.50116223 
5.33669923e-01 -2.66600205 -2.58393059 -2.53288071 -2.50778088 -2.50116223 
4.32876128e-01 -2.66600205 -2.58393059 -2.53288071 -2.50778088 -2.50116223 
3.51119173e-01 -2.66600205 -2.58393059 -2.53288071 -2.50778088 -2.50116223 
2.84803587e-01 -2.66600205 -2.58393059 -2.53288071 -2.50778088 -2.50116223 
2.31012970e-01 -2.66600205 -2.58393059 -2.53288071 -2.50778088 -2.50116223 
1.87381742e-01 -2.66600205 -2.58393059 -2.53288071 -2.50778088 -2.50116223 
1.51991108e-01 -2.66600205 -2.58393059 -2.53288071 -2.50778088 -2.50116223 
1.23284674e-01 -2.66600205 -2.58393059 -2.53288071 -2.50778088 -2.50116223 
1.00000000e-01 -2.66600205 -2.58393059 -2.53288071 -2.50778088 -2.50116223 
8.11130831e-02 -2.66600205 -2.58393059 -2.53288071 -2.50778088 -2.50116223 
6.57933225e-02 -2.66600205 -2.58393059 -2.53288071 -2.50778088 -2.50116223 
5.33669923e-02 -2.66600205 -2.58393059 -2.53288071 -2.50778088 -2.50116223 
4.32876128e-02 -2.66600205 -2.58393059 -2.53288071 -2.50778088 -2.50116223 
3.51119173e-02 -2.66600205 -2.58393059 -2.53288071 -2.50778088 -2.50116223 
2.84803587e-02 -2.66600205 -2.58393059 -2.53288071 -2.50778088 -2.50116223 
2.31012970e-02 -2.66600205 -2.58393059 -2.53288071 -2.50778088 -2.50116223 
1.87381742e-02 -2.66600205 -2.58393059 -2.53288071 -2.50778088 -2.50116223 
1.51991108e-02 -2.66600205 -2.58393059 -2.53288071 -2.50778088 -2.50116223 
1.23284674e-02 -2.66600205 -2.58393059 -2.53288071 -2.50778088 -2.50116223 
1.00000000e-02 -2.66600205 -2.58393059 -2.53288071 -2.50778088 -2.50116223 
8.11130831e-03 -2.66600205 -2.58393059 -2.53288071 -2.50778088 -2.50116223 
6.57933225e-03 -2.66600205 -2.58393059 -2.53288071 -2.50778088 -2.50116223 
5.33669923e-03 -2.66600205 -2.58393059 -2.53288071 -2.50778088 -2.50116223 
4.32876128e-03 -2.66600205 -2.58393059 -2.53288071 -2.50778088 -2.50116223 
3.51119173e-03 -2.66600205 -2.58393059 -2.53288071 -2.50778088 -2.50116223 
2.84803587e-03 -2.66600205 -2.58393059 -2.53288071 -2.50778088 -2.50116223 
2.31012970e-03 -2.66600205 -2.58393059 -2.53288071 -2.50778088 -2.50116223 
1.87381742e-03 -2.66600205 -2.58393059 -2.53288071 -2.50778088 -2.50116223 
1.51991108e-03 -2.66600205 -2.58393059 -2.53288071 -2.50778088 -2.50116223 
1.23284674e-03 -2.66600205 -2.58393059 -2.53288071 -2.50778088 -2.50116223 
1.00000000e-03 -2.66600205 -2.58393059 -2.53288071 -2.50778088 -2.50116223 
8.11130831e-04 -2.66600205 -2.58393059 -2.53288071 -2.50778088 -2.50116223 
6.57933225e-04 -2.66600205 -2.58393059 -2.53288071 -2.50778088 -2.50116223 
5.33669923e-04 -2.66600205 -2.58393059 -2.53288071 -2.50778088 -2.50116223 
4.32876128e-04 -2.66600205 -2.58393059 -2.53288071 -2.50778088 -2.50116223 
3.51119173e-04 -2.66600205 -2.58393059 -2.53288071 -2.50778088 -2.50116223 
2.84803587e-04 -2.66600205 -2.58393059 -2.53288071 -2.50778088 -2.50116223 
2.31012970e-04 -2.66600205 -2.58393059 -2.53288071 -2.50778088 -2.50116223 
1.87381742e-04 -2.66600205 -2.58393059 -2.53288071 -2.50778088 -2.50116223 
1.51991108e-04 -2.66600205 -2.58393059 -2.53288071 -2.50778088 -2.50116223 
1.23284674e-04 -2.66600205 -2.58393059 -2.53288071 -2.50778088 -2.50116223 
1.00000000e-04 -2.66600205 -2.58393059 -2.53288071 -2.50778088 -2.50116223 
8.11130831e-05 -2.66600205 -2.58393059 -2.53288071 -2.50778088 -2.50116223 
6.57933225e-05 -2.66600205 -2.58393059 -2.53288071 -2.50778088 -2.50116223 
5.33669923e-05 -2.66600205 -2.58393059 -2.53288071 -2.50778088 -2.50116223 
4.32876128e-05 -2.66600205 -2.58393059 -2.53288071 -2.50778088 -2.50116223 
3.51119173e-05 -2.66600205 -2.58393059 -2.53288071 -2.50778088 -2.50116223 
2.84803587e-05 -2.66600205 -2.58393059 -2.53288071 -2.50778088 -2.50116223 
2.31012970e-05 -2.66600205 -2.58393059 -2.53288071 -2.50778088 -2.50116223 
1.87381742e-05 -2.66600205 -2.58393059 -2.53288071 -2.50778088 -2.50116223 
1.51991108e-05 -2.66600205 -2.58393059 -2.53288071 -2.50778088 -2.50116223 
1.23284674e-05 -2.66600205 -2.58393059 -2.53288071 -2.50778088 -2.50116223 
1.00000000e-05 -2.66600205 -2.58393059 -2.53288071 -2.50778088 -2.50116223 
8.11130831e-06 -2.66600205 -2.58393059 -2.53288071 -2.50778088 -2.50116223 
6.57933225e-06 -2.66600205 -2.58393059 -2.53288071 -2.50778088 -2.50116223 
5.33669923e-06 -2.66600205 -2.58393059 -2.53288071 -2.50778088 -2.50116223 
4.32876128e-06 -2.66600205 -2.58393059 -2.53288071 -2.50778088 -2.50116223 
3.51119173e-06 -2.66600205 -2.58393059 -2.53288071 -2.50778088 -2.50116223 
2.84803587e-06 -2.66600205 -2.58393059 -2.53288071 -2.50778088 -2.50116223 
2.31012970e-06 -2.66600205 -2.58393059 -2.53288071 -2.50778088 -2.50116223 
1.87381742e-06 -2.66600205 -2.58393059 -2.53288071 -2.50778088 -2.50116223 
1.51991108e-06 -2.66600205 -2.58393059 -2.53288071 -2.50778088 -2.50116223 
1.23284674e-06 -2.66600205 -2.58393059 -2.53288071 -2.50778088 -2.50116223 
1.00000000e-06 -2.66600205 -2.58393059 -2.53288071 -2.50778088 -2.50116223 
8.11130831e-07 -2.66600205 -2.58393059 -2.53288071 -2.50778088 -2.50116223 
6.57933225e-07 -2.66600205 -2.58393059 -2.53288071 -2.50778088 -2.50116223 
5.33669923e-07 -2.66600205 -2.58393059 -2.53288071 -2.50778088 -2.50116223 
4.32876128e-07 -2.66600205 -2.58393059 -2.53288071 -2.50778088 -2.50116223 
3.51119173e-07 -2.66600205 -2.58393059 -2.53288071 -2.50778088 -2.50116223 
2.84803587e-07 -2.66600205 -2.58393059 -2.53288071 -2.50778088 -2.50116223 
2.31012970e-07 -2.66600205 -2.58393059 -2.53288071 -2.50778088 -2.50116223 
1.87381742e-07 -2.66600205 -2.58393059 -2.53288071 -2.50778088 -2.50116223 
1.51991108e-07 -2.66600205 -2.58393059 -2.53288071 -2.50778088 -2.50116223 
1.23284674e-07 -2.66600205 -2.58393059 -2.53288071 -2.50778088 -2.50116223 
1.00000000e-07 -2.66600205 -2.58393059 -2.53288071 -2.50778088 -2.50116223 
P (bar) | log_NH3: -2σ | log_NH3: -1σ | log_NH3: median | log_NH3: +1σ | log_NH3: +2σ 
1.00000000e+02 -7.92031163 -7.30561176 -6.16319223 -5.39499611 -5.07757059 
8.11130831e+01 -7.92031163 -7.30561176 -6.16319223 -5.39499611 -5.07757059 
6.57933225e+01 -7.92031163 -7.30561176 -6.16319223 -5.39499611 -5.07757059 
5.33669923e+01 -7.92031163 -7.30561176 -6.16319223 -5.39499611 -5.07757059 
4.32876128e+01 -7.92031163 -7.30561176 -6.16319223 -5.39499611 -5.07757059 
3.51119173e+01 -7.92031163 -7.30561176 -6.16319223 -5.39499611 -5.07757059 
2.84803587e+01 -7.92031163 -7.30561176 -6.16319223 -5.39499611 -5.07757059 
2.31012970e+01 -7.92031163 -7.30561176 -6.16319223 -5.39499611 -5.07757059 
1.87381742e+01 -7.92031163 -7.30561176 -6.16319223 -5.39499611 -5.07757059 
1.51991108e+01 -7.92031163 -7.30561176 -6.16319223 -5.39499611 -5.07757059 
1.23284674e+01 -7.92031163 -7.30561176 -6.16319223 -5.39499611 -5.07757059 
1.00000000e+01 -7.92031163 -7.30561176 -6.16319223 -5.39499611 -5.07757059 
8.11130831e+00 -7.92031163 -7.30561176 -6.16319223 -5.39499611 -5.07757059 
6.57933225e+00 -7.92031163 -7.30561176 -6.16319223 -5.39499611 -5.07757059 
5.33669923e+00 -7.92031163 -7.30561176 -6.16319223 -5.39499611 -5.07757059 
4.32876128e+00 -7.92031163 -7.30561176 -6.16319223 -5.39499611 -5.07757059 
3.51119173e+00 -7.92031163 -7.30561176 -6.16319223 -5.39499611 -5.07757059 
2.84803587e+00 -7.92031163 -7.30561176 -6.16319223 -5.39499611 -5.07757059 
2.31012970e+00 -7.92031163 -7.30561176 -6.16319223 -5.39499611 -5.07757059 
1.87381742e+00 -7.92031163 -7.30561176 -6.16319223 -5.39499611 -5.07757059 
1.51991108e+00 -7.92031163 -7.30561176 -6.16319223 -5.39499611 -5.07757059 
1.23284674e+00 -7.92031163 -7.30561176 -6.16319223 -5.39499611 -5.07757059 
1.00000000e+00 -7.92031163 -7.30561176 -6.16319223 -5.39499611 -5.07757059 
8.11130831e-01 -7.92031163 -7.30561176 -6.16319223 -5.39499611 -5.07757059 
6.57933225e-01 -7.92031163 -7.30561176 -6.16319223 -5.39499611 -5.07757059 
5.33669923e-01 -7.92031163 -7.30561176 -6.16319223 -5.39499611 -5.07757059 
4.32876128e-01 -7.92031163 -7.30561176 -6.16319223 -5.39499611 -5.07757059 
3.51119173e-01 -7.92031163 -7.30561176 -6.16319223 -5.39499611 -5.07757059 
2.84803587e-01 -7.92031163 -7.30561176 -6.16319223 -5.39499611 -5.07757059 
2.31012970e-01 -7.92031163 -7.30561176 -6.16319223 -5.39499611 -5.07757059 
1.87381742e-01 -7.92031163 -7.30561176 -6.16319223 -5.39499611 -5.07757059 
1.51991108e-01 -7.92031163 -7.30561176 -6.16319223 -5.39499611 -5.07757059 
1.23284674e-01 -7.92031163 -7.30561176 -6.16319223 -5.39499611 -5.07757059 
1.00000000e-01 -7.92031163 -7.30561176 -6.16319223 -5.39499611 -5.07757059 
8.11130831e-02 -7.92031163 -7.30561176 -6.16319223 -5.39499611 -5.07757059 
6.57933225e-02 -7.92031163 -7.30561176 -6.16319223 -5.39499611 -5.07757059 
5.33669923e-02 -7.92031163 -7.30561176 -6.16319223 -5.39499611 -5.07757059 
4.32876128e-02 -7.92031163 -7.30561176 -6.16319223 -5.39499611 -5.07757059 
3.51119173e-02 -7.92031163 -7.30561176 -6.16319223 -5.39499611 -5.07757059 
2.84803587e-02 -7.92031163 -7.30561176 -6.16319223 -5.39499611 -5.07757059 
2.31012970e-02 -7.92031163 -7.30561176 -6.16319223 -5.39499611 -5.07757059 
1.87381742e-02 -7.92031163 -7.30561176 -6.16319223 -5.39499611 -5.07757059 
1.51991108e-02 -7.92031163 -7.30561176 -6.16319223 -5.39499611 -5.07757059 
1.23284674e-02 -7.92031163 -7.30561176 -6.16319223 -5.39499611 -5.07757059 
1.00000000e-02 -7.92031163 -7.30561176 -6.16319223 -5.39499611 -5.07757059 
8.11130831e-03 -7.92031163 -7.30561176 -6.16319223 -5.39499611 -5.07757059 
6.57933225e-03 -7.92031163 -7.30561176 -6.16319223 -5.39499611 -5.07757059 
5.33669923e-03 -7.92031163 -7.30561176 -6.16319223 -5.39499611 -5.07757059 
4.32876128e-03 -7.92031163 -7.30561176 -6.16319223 -5.39499611 -5.07757059 
3.51119173e-03 -7.92031163 -7.30561176 -6.16319223 -5.39499611 -5.07757059 
2.84803587e-03 -7.92031163 -7.30561176 -6.16319223 -5.39499611 -5.07757059 
2.31012970e-03 -7.92031163 -7.30561176 -6.16319223 -5.39499611 -5.07757059 
1.87381742e-03 -7.92031163 -7.30561176 -6.16319223 -5.39499611 -5.07757059 
1.51991108e-03 -7.92031163 -7.30561176 -6.16319223 -5.39499611 -5.07757059 
1.23284674e-03 -7.92031163 -7.30561176 -6.16319223 -5.39499611 -5.07757059 
1.00000000e-03 -7.92031163 -7.30561176 -6.16319223 -5.39499611 -5.07757059 
8.11130831e-04 -7.92031163 -7.30561176 -6.16319223 -5.39499611 -5.07757059 
6.57933225e-04 -7.92031163 -7.30561176 -6.16319223 -5.39499611 -5.07757059 
5.33669923e-04 -7.92031163 -7.30561176 -6.16319223 -5.39499611 -5.07757059 
4.32876128e-04 -7.92031163 -7.30561176 -6.16319223 -5.39499611 -5.07757059 
3.51119173e-04 -7.92031163 -7.30561176 -6.16319223 -5.39499611 -5.07757059 
2.84803587e-04 -7.92031163 -7.30561176 -6.16319223 -5.39499611 -5.07757059 
2.31012970e-04 -7.92031163 -7.30561176 -6.16319223 -5.39499611 -5.07757059 
1.87381742e-04 -7.92031163 -7.30561176 -6.16319223 -5.39499611 -5.07757059 
1.51991108e-04 -7.92031163 -7.30561176 -6.16319223 -5.39499611 -5.07757059 
1.23284674e-04 -7.92031163 -7.30561176 -6.16319223 -5.39499611 -5.07757059 
1.00000000e-04 -7.92031163 -7.30561176 -6.16319223 -5.39499611 -5.07757059 
8.11130831e-05 -7.92031163 -7.30561176 -6.16319223 -5.39499611 -5.07757059 
6.57933225e-05 -7.92031163 -7.30561176 -6.16319223 -5.39499611 -5.07757059 
5.33669923e-05 -7.92031163 -7.30561176 -6.16319223 -5.39499611 -5.07757059 
4.32876128e-05 -7.92031163 -7.30561176 -6.16319223 -5.39499611 -5.07757059 
3.51119173e-05 -7.92031163 -7.30561176 -6.16319223 -5.39499611 -5.07757059 
2.84803587e-05 -7.92031163 -7.30561176 -6.16319223 -5.39499611 -5.07757059 
2.31012970e-05 -7.92031163 -7.30561176 -6.16319223 -5.39499611 -5.07757059 
1.87381742e-05 -7.92031163 -7.30561176 -6.16319223 -5.39499611 -5.07757059 
1.51991108e-05 -7.92031163 -7.30561176 -6.16319223 -5.39499611 -5.07757059 
1.23284674e-05 -7.92031163 -7.30561176 -6.16319223 -5.39499611 -5.07757059 
1.00000000e-05 -7.92031163 -7.30561176 -6.16319223 -5.39499611 -5.07757059 
8.11130831e-06 -7.92031163 -7.30561176 -6.16319223 -5.39499611 -5.07757059 
6.57933225e-06 -7.92031163 -7.30561176 -6.16319223 -5.39499611 -5.07757059 
5.33669923e-06 -7.92031163 -7.30561176 -6.16319223 -5.39499611 -5.07757059 
4.32876128e-06 -7.92031163 -7.30561176 -6.16319223 -5.39499611 -5.07757059 
3.51119173e-06 -7.92031163 -7.30561176 -6.16319223 -5.39499611 -5.07757059 
2.84803587e-06 -7.92031163 -7.30561176 -6.16319223 -5.39499611 -5.07757059 
2.31012970e-06 -7.92031163 -7.30561176 -6.16319223 -5.39499611 -5.07757059 
1.87381742e-06 -7.92031163 -7.30561176 -6.16319223 -5.39499611 -5.07757059 
1.51991108e-06 -7.92031163 -7.30561176 -6.16319223 -5.39499611 -5.07757059 
1.23284674e-06 -7.92031163 -7.30561176 -6.16319223 -5.39499611 -5.07757059 
1.00000000e-06 -7.92031163 -7.30561176 -6.16319223 -5.39499611 -5.07757059 
8.11130831e-07 -7.92031163 -7.30561176 -6.16319223 -5.39499611 -5.07757059 
6.57933225e-07 -7.92031163 -7.30561176 -6.16319223 -5.39499611 -5.07757059 
5.33669923e-07 -7.92031163 -7.30561176 -6.16319223 -5.39499611 -5.07757059 
4.32876128e-07 -7.92031163 -7.30561176 -6.16319223 -5.39499611 -5.07757059 
3.51119173e-07 -7.92031163 -7.30561176 -6.16319223 -5.39499611 -5.07757059 
2.84803587e-07 -7.92031163 -7.30561176 -6.16319223 -5.39499611 -5.07757059 
2.31012970e-07 -7.92031163 -7.30561176 -6.16319223 -5.39499611 -5.07757059 
1.87381742e-07 -7.92031163 -7.30561176 -6.16319223 -5.39499611 -5.07757059 
1.51991108e-07 -7.92031163 -7.30561176 -6.16319223 -5.39499611 -5.07757059 
1.23284674e-07 -7.92031163 -7.30561176 -6.16319223 -5.39499611 -5.07757059 
1.00000000e-07 -7.92031163 -7.30561176 -6.16319223 -5.39499611 -5.07757059 
P (bar) | log_CH4: -2σ | log_CH4: -1σ | log_CH4: median | log_CH4: +1σ | log_CH4: +2σ 
1.00000000e+02 -5.33528668 -5.18273027 -5.08348585 -5.02798753 -5.00596111 
8.11130831e+01 -5.33528668 -5.18273027 -5.08348585 -5.02798753 -5.00596111 
6.57933225e+01 -5.33528668 -5.18273027 -5.08348585 -5.02798753 -5.00596111 
5.33669923e+01 -5.33528668 -5.18273027 -5.08348585 -5.02798753 -5.00596111 
4.32876128e+01 -5.33528668 -5.18273027 -5.08348585 -5.02798753 -5.00596111 
3.51119173e+01 -5.33528668 -5.18273027 -5.08348585 -5.02798753 -5.00596111 
2.84803587e+01 -5.33528668 -5.18273027 -5.08348585 -5.02798753 -5.00596111 
2.31012970e+01 -5.33528668 -5.18273027 -5.08348585 -5.02798753 -5.00596111 
1.87381742e+01 -5.33528668 -5.18273027 -5.08348585 -5.02798753 -5.00596111 
1.51991108e+01 -5.33528668 -5.18273027 -5.08348585 -5.02798753 -5.00596111 
1.23284674e+01 -5.33528668 -5.18273027 -5.08348585 -5.02798753 -5.00596111 
1.00000000e+01 -5.33528668 -5.18273027 -5.08348585 -5.02798753 -5.00596111 
8.11130831e+00 -5.33528668 -5.18273027 -5.08348585 -5.02798753 -5.00596111 
6.57933225e+00 -5.33528668 -5.18273027 -5.08348585 -5.02798753 -5.00596111 
5.33669923e+00 -5.33528668 -5.18273027 -5.08348585 -5.02798753 -5.00596111 
4.32876128e+00 -5.33528668 -5.18273027 -5.08348585 -5.02798753 -5.00596111 
3.51119173e+00 -5.33528668 -5.18273027 -5.08348585 -5.02798753 -5.00596111 
2.84803587e+00 -5.33528668 -5.18273027 -5.08348585 -5.02798753 -5.00596111 
2.31012970e+00 -5.33528668 -5.18273027 -5.08348585 -5.02798753 -5.00596111 
1.87381742e+00 -5.33528668 -5.18273027 -5.08348585 -5.02798753 -5.00596111 
1.51991108e+00 -5.33528668 -5.18273027 -5.08348585 -5.02798753 -5.00596111 
1.23284674e+00 -5.33528668 -5.18273027 -5.08348585 -5.02798753 -5.00596111 
1.00000000e+00 -5.33528668 -5.18273027 -5.08348585 -5.02798753 -5.00596111 
8.11130831e-01 -5.33528668 -5.18273027 -5.08348585 -5.02798753 -5.00596111 
6.57933225e-01 -5.33528668 -5.18273027 -5.08348585 -5.02798753 -5.00596111 
5.33669923e-01 -5.33528668 -5.18273027 -5.08348585 -5.02798753 -5.00596111 
4.32876128e-01 -5.33528668 -5.18273027 -5.08348585 -5.02798753 -5.00596111 
3.51119173e-01 -5.33528668 -5.18273027 -5.08348585 -5.02798753 -5.00596111 
2.84803587e-01 -5.33528668 -5.18273027 -5.08348585 -5.02798753 -5.00596111 
2.31012970e-01 -5.33528668 -5.18273027 -5.08348585 -5.02798753 -5.00596111 
1.87381742e-01 -5.33528668 -5.18273027 -5.08348585 -5.02798753 -5.00596111 
1.51991108e-01 -5.33528668 -5.18273027 -5.08348585 -5.02798753 -5.00596111 
1.23284674e-01 -5.33528668 -5.18273027 -5.08348585 -5.02798753 -5.00596111 
1.00000000e-01 -5.33528668 -5.18273027 -5.08348585 -5.02798753 -5.00596111 
8.11130831e-02 -5.33528668 -5.18273027 -5.08348585 -5.02798753 -5.00596111 
6.57933225e-02 -5.33528668 -5.18273027 -5.08348585 -5.02798753 -5.00596111 
5.33669923e-02 -5.33528668 -5.18273027 -5.08348585 -5.02798753 -5.00596111 
4.32876128e-02 -5.33528668 -5.18273027 -5.08348585 -5.02798753 -5.00596111 
3.51119173e-02 -5.33528668 -5.18273027 -5.08348585 -5.02798753 -5.00596111 
2.84803587e-02 -5.33528668 -5.18273027 -5.08348585 -5.02798753 -5.00596111 
2.31012970e-02 -5.33528668 -5.18273027 -5.08348585 -5.02798753 -5.00596111 
1.87381742e-02 -5.33528668 -5.18273027 -5.08348585 -5.02798753 -5.00596111 
1.51991108e-02 -5.33528668 -5.18273027 -5.08348585 -5.02798753 -5.00596111 
1.23284674e-02 -5.33528668 -5.18273027 -5.08348585 -5.02798753 -5.00596111 
1.00000000e-02 -5.33528668 -5.18273027 -5.08348585 -5.02798753 -5.00596111 
8.11130831e-03 -5.33528668 -5.18273027 -5.08348585 -5.02798753 -5.00596111 
6.57933225e-03 -5.33528668 -5.18273027 -5.08348585 -5.02798753 -5.00596111 
5.33669923e-03 -5.33528668 -5.18273027 -5.08348585 -5.02798753 -5.00596111 
4.32876128e-03 -5.33528668 -5.18273027 -5.08348585 -5.02798753 -5.00596111 
3.51119173e-03 -5.33528668 -5.18273027 -5.08348585 -5.02798753 -5.00596111 
2.84803587e-03 -5.33528668 -5.18273027 -5.08348585 -5.02798753 -5.00596111 
2.31012970e-03 -5.33528668 -5.18273027 -5.08348585 -5.02798753 -5.00596111 
1.87381742e-03 -5.33528668 -5.18273027 -5.08348585 -5.02798753 -5.00596111 
1.51991108e-03 -5.33528668 -5.18273027 -5.08348585 -5.02798753 -5.00596111 
1.23284674e-03 -5.33528668 -5.18273027 -5.08348585 -5.02798753 -5.00596111 
1.00000000e-03 -5.33528668 -5.18273027 -5.08348585 -5.02798753 -5.00596111 
8.11130831e-04 -5.33528668 -5.18273027 -5.08348585 -5.02798753 -5.00596111 
6.57933225e-04 -5.33528668 -5.18273027 -5.08348585 -5.02798753 -5.00596111 
5.33669923e-04 -5.33528668 -5.18273027 -5.08348585 -5.02798753 -5.00596111 
4.32876128e-04 -5.33528668 -5.18273027 -5.08348585 -5.02798753 -5.00596111 
3.51119173e-04 -5.33528668 -5.18273027 -5.08348585 -5.02798753 -5.00596111 
2.84803587e-04 -5.33528668 -5.18273027 -5.08348585 -5.02798753 -5.00596111 
2.31012970e-04 -5.33528668 -5.18273027 -5.08348585 -5.02798753 -5.00596111 
1.87381742e-04 -5.33528668 -5.18273027 -5.08348585 -5.02798753 -5.00596111 
1.51991108e-04 -5.33528668 -5.18273027 -5.08348585 -5.02798753 -5.00596111 
1.23284674e-04 -5.33528668 -5.18273027 -5.08348585 -5.02798753 -5.00596111 
1.00000000e-04 -5.33528668 -5.18273027 -5.08348585 -5.02798753 -5.00596111 
8.11130831e-05 -5.33528668 -5.18273027 -5.08348585 -5.02798753 -5.00596111 
6.57933225e-05 -5.33528668 -5.18273027 -5.08348585 -5.02798753 -5.00596111 
5.33669923e-05 -5.33528668 -5.18273027 -5.08348585 -5.02798753 -5.00596111 
4.32876128e-05 -5.33528668 -5.18273027 -5.08348585 -5.02798753 -5.00596111 
3.51119173e-05 -5.33528668 -5.18273027 -5.08348585 -5.02798753 -5.00596111 
2.84803587e-05 -5.33528668 -5.18273027 -5.08348585 -5.02798753 -5.00596111 
2.31012970e-05 -5.33528668 -5.18273027 -5.08348585 -5.02798753 -5.00596111 
1.87381742e-05 -5.33528668 -5.18273027 -5.08348585 -5.02798753 -5.00596111 
1.51991108e-05 -5.33528668 -5.18273027 -5.08348585 -5.02798753 -5.00596111 
1.23284674e-05 -5.33528668 -5.18273027 -5.08348585 -5.02798753 -5.00596111 
1.00000000e-05 -5.33528668 -5.18273027 -5.08348585 -5.02798753 -5.00596111 
8.11130831e-06 -5.33528668 -5.18273027 -5.08348585 -5.02798753 -5.00596111 
6.57933225e-06 -5.33528668 -5.18273027 -5.08348585 -5.02798753 -5.00596111 
5.33669923e-06 -5.33528668 -5.18273027 -5.08348585 -5.02798753 -5.00596111 
4.32876128e-06 -5.33528668 -5.18273027 -5.08348585 -5.02798753 -5.00596111 
3.51119173e-06 -5.33528668 -5.18273027 -5.08348585 -5.02798753 -5.00596111 
2.84803587e-06 -5.33528668 -5.18273027 -5.08348585 -5.02798753 -5.00596111 
2.31012970e-06 -5.33528668 -5.18273027 -5.08348585 -5.02798753 -5.00596111 
1.87381742e-06 -5.33528668 -5.18273027 -5.08348585 -5.02798753 -5.00596111 
1.51991108e-06 -5.33528668 -5.18273027 -5.08348585 -5.02798753 -5.00596111 
1.23284674e-06 -5.33528668 -5.18273027 -5.08348585 -5.02798753 -5.00596111 
1.00000000e-06 -5.33528668 -5.18273027 -5.08348585 -5.02798753 -5.00596111 
8.11130831e-07 -5.33528668 -5.18273027 -5.08348585 -5.02798753 -5.00596111 
6.57933225e-07 -5.33528668 -5.18273027 -5.08348585 -5.02798753 -5.00596111 
5.33669923e-07 -5.33528668 -5.18273027 -5.08348585 -5.02798753 -5.00596111 
4.32876128e-07 -5.33528668 -5.18273027 -5.08348585 -5.02798753 -5.00596111 
3.51119173e-07 -5.33528668 -5.18273027 -5.08348585 -5.02798753 -5.00596111 
2.84803587e-07 -5.33528668 -5.18273027 -5.08348585 -5.02798753 -5.00596111 
2.31012970e-07 -5.33528668 -5.18273027 -5.08348585 -5.02798753 -5.00596111 
1.87381742e-07 -5.33528668 -5.18273027 -5.08348585 -5.02798753 -5.00596111 
1.51991108e-07 -5.33528668 -5.18273027 -5.08348585 -5.02798753 -5.00596111 
1.23284674e-07 -5.33528668 -5.18273027 -5.08348585 -5.02798753 -5.00596111 
1.00000000e-07 -5.33528668 -5.18273027 -5.08348585 -5.02798753 -5.00596111 
