Chemical species: H2 He H2O CO2 SO2
P (bar) | log_H2: -2σ | log_H2: -1σ | log_H2: median | log_H2: +1σ | log_H2: +2σ 
1.00000000e+02 -0.08536275 -0.07921022 -0.07529046 -0.07336824 -0.07272990 
8.11130831e+01 -0.08536275 -0.07921022 -0.07529046 -0.07336824 -0.07272990 
6.57933225e+01 -0.08536275 -0.07921022 -0.07529046 -0.07336824 -0.07272990 
5.33669923e+01 -0.08536275 -0.07921022 -0.07529046 -0.07336824 -0.07272990 
4.32876128e+01 -0.08536275 -0.07921022 -0.07529046 -0.07336824 -0.07272990 
3.51119173e+01 -0.08536275 -0.07921022 -0.07529046 -0.07336824 -0.07272990 
2.84803587e+01 -0.08536275 -0.07921022 -0.07529046 -0.07336824 -0.07272990 
2.31012970e+01 -0.08536275 -0.07921022 -0.07529046 -0.07336824 -0.07272990 
1.87381742e+01 -0.08536275 -0.07921022 -0.07529046 -0.07336824 -0.07272990 
1.51991108e+01 -0.08536275 -0.07921022 -0.07529046 -0.07336824 -0.07272990 
1.23284674e+01 -0.08536275 -0.07921022 -0.07529046 -0.07336824 -0.07272990 
1.00000000e+01 -0.08536275 -0.07921022 -0.07529046 -0.07336824 -0.07272990 
8.11130831e+00 -0.08536275 -0.07921022 -0.07529046 -0.07336824 -0.07272990 
6.57933225e+00 -0.08536275 -0.07921022 -0.07529046 -0.07336824 -0.07272990 
5.33669923e+00 -0.08536275 -0.07921022 -0.07529046 -0.07336824 -0.07272990 
4.32876128e+00 -0.08536275 -0.07921022 -0.07529046 -0.07336824 -0.07272990 
3.51119173e+00 -0.08536275 -0.07921022 -0.07529046 -0.07336824 -0.07272990 
2.84803587e+00 -0.08536275 -0.07921022 -0.07529046 -0.07336824 -0.07272990 
2.31012970e+00 -0.08536275 -0.07921022 -0.07529046 -0.07336824 -0.07272990 
1.87381742e+00 -0.08536275 -0.07921022 -0.07529046 -0.07336824 -0.07272990 
1.51991108e+00 -0.08536275 -0.07921022 -0.07529046 -0.07336824 -0.07272990 
1.23284674e+00 -0.08536275 -0.07921022 -0.07529046 -0.07336824 -0.07272990 
1.00000000e+00 -0.08536275 -0.07921022 -0.07529046 -0.07336824 -0.07272990 
8.11130831e-01 -0.08536275 -0.07921022 -0.07529046 -0.07336824 -0.07272990 
6.57933225e-01 -0.08536275 -0.07921022 -0.07529046 -0.07336824 -0.07272990 
5.33669923e-01 -0.08536275 -0.07921022 -0.07529046 -0.07336824 -0.07272990 
4.32876128e-01 -0.08536275 -0.07921022 -0.07529046 -0.07336824 -0.07272990 
3.51119173e-01 -0.08536275 -0.07921022 -0.07529046 -0.07336824 -0.07272990 
2.84803587e-01 -0.08536275 -0.07921022 -0.07529046 -0.07336824 -0.07272990 
2.31012970e-01 -0.08536275 -0.07921022 -0.07529046 -0.07336824 -0.07272990 
1.87381742e-01 -0.08536275 -0.07921022 -0.07529046 -0.07336824 -0.07272990 
1.51991108e-01 -0.08536275 -0.07921022 -0.07529046 -0.07336824 -0.07272990 
1.23284674e-01 -0.08536275 -0.07921022 -0.07529046 -0.07336824 -0.07272990 
1.00000000e-01 -0.08536275 -0.07921022 -0.07529046 -0.07336824 -0.07272990 
8.11130831e-02 -0.08536275 -0.07921022 -0.07529046 -0.07336824 -0.07272990 
6.57933225e-02 -0.08536275 -0.07921022 -0.07529046 -0.07336824 -0.07272990 
5.33669923e-02 -0.08536275 -0.07921022 -0.07529046 -0.07336824 -0.07272990 
4.32876128e-02 -0.08536275 -0.07921022 -0.07529046 -0.07336824 -0.07272990 
3.51119173e-02 -0.08536275 -0.07921022 -0.07529046 -0.07336824 -0.07272990 
2.84803587e-02 -0.08536275 -0.07921022 -0.07529046 -0.07336824 -0.07272990 
2.31012970e-02 -0.08536275 -0.07921022 -0.07529046 -0.07336824 -0.07272990 
1.87381742e-02 -0.08536275 -0.07921022 -0.07529046 -0.07336824 -0.07272990 
1.51991108e-02 -0.08536275 -0.07921022 -0.07529046 -0.07336824 -0.07272990 
1.23284674e-02 -0.08536275 -0.07921022 -0.07529046 -0.07336824 -0.07272990 
1.00000000e-02 -0.08536275 -0.07921022 -0.07529046 -0.07336824 -0.07272990 
8.11130831e-03 -0.08536275 -0.07921022 -0.07529046 -0.07336824 -0.07272990 
6.57933225e-03 -0.08536275 -0.07921022 -0.07529046 -0.07336824 -0.07272990 
5.33669923e-03 -0.08536275 -0.07921022 -0.07529046 -0.07336824 -0.07272990 
4.32876128e-03 -0.08536275 -0.07921022 -0.07529046 -0.07336824 -0.07272990 
3.51119173e-03 -0.08536275 -0.07921022 -0.07529046 -0.07336824 -0.07272990 
2.84803587e-03 -0.08536275 -0.07921022 -0.07529046 -0.07336824 -0.07272990 
2.31012970e-03 -0.08536275 -0.07921022 -0.07529046 -0.07336824 -0.07272990 
1.87381742e-03 -0.08536275 -0.07921022 -0.07529046 -0.07336824 -0.07272990 
1.51991108e-03 -0.08536275 -0.07921022 -0.07529046 -0.07336824 -0.07272990 
1.23284674e-03 -0.08536275 -0.07921022 -0.07529046 -0.07336824 -0.07272990 
1.00000000e-03 -0.08536275 -0.07921022 -0.07529046 -0.07336824 -0.07272990 
8.11130831e-04 -0.08536275 -0.07921022 -0.07529046 -0.07336824 -0.07272990 
6.57933225e-04 -0.08536275 -0.07921022 -0.07529046 -0.07336824 -0.07272990 
5.33669923e-04 -0.08536275 -0.07921022 -0.07529046 -0.07336824 -0.07272990 
4.32876128e-04 -0.08536275 -0.07921022 -0.07529046 -0.07336824 -0.07272990 
3.51119173e-04 -0.08536275 -0.07921022 -0.07529046 -0.07336824 -0.07272990 
2.84803587e-04 -0.08536275 -0.07921022 -0.07529046 -0.07336824 -0.07272990 
2.31012970e-04 -0.08536275 -0.07921022 -0.07529046 -0.07336824 -0.07272990 
1.87381742e-04 -0.08536275 -0.07921022 -0.07529046 -0.07336824 -0.07272990 
1.51991108e-04 -0.08536275 -0.07921022 -0.07529046 -0.07336824 -0.07272990 
1.23284674e-04 -0.08536275 -0.07921022 -0.07529046 -0.07336824 -0.07272990 
1.00000000e-04 -0.08536275 -0.07921022 -0.07529046 -0.07336824 -0.07272990 
8.11130831e-05 -0.08536275 -0.07921022 -0.07529046 -0.07336824 -0.07272990 
6.57933225e-05 -0.08536275 -0.07921022 -0.07529046 -0.07336824 -0.07272990 
5.33669923e-05 -0.08536275 -0.07921022 -0.07529046 -0.07336824 -0.07272990 
4.32876128e-05 -0.08536275 -0.07921022 -0.07529046 -0.07336824 -0.07272990 
3.51119173e-05 -0.08536275 -0.07921022 -0.07529046 -0.07336824 -0.07272990 
2.84803587e-05 -0.08536275 -0.07921022 -0.07529046 -0.07336824 -0.07272990 
2.31012970e-05 -0.08536275 -0.07921022 -0.07529046 -0.07336824 -0.07272990 
1.87381742e-05 -0.08536275 -0.07921022 -0.07529046 -0.07336824 -0.07272990 
1.51991108e-05 -0.08536275 -0.07921022 -0.07529046 -0.07336824 -0.07272990 
1.23284674e-05 -0.08536275 -0.07921022 -0.07529046 -0.07336824 -0.07272990 
1.00000000e-05 -0.08536275 -0.07921022 -0.07529046 -0.07336824 -0.07272990 
8.11130831e-06 -0.08536275 -0.07921022 -0.07529046 -0.07336824 -0.07272990 
6.57933225e-06 -0.08536275 -0.07921022 -0.07529046 -0.07336824 -0.07272990 
5.33669923e-06 -0.08536275 -0.07921022 -0.07529046 -0.07336824 -0.07272990 
4.32876128e-06 -0.08536275 -0.07921022 -0.07529046 -0.07336824 -0.07272990 
3.51119173e-06 -0.08536275 -0.07921022 -0.07529046 -0.07336824 -0.07272990 
2.84803587e-06 -0.08536275 -0.07921022 -0.07529046 -0.07336824 -0.07272990 
2.31012970e-06 -0.08536275 -0.07921022 -0.07529046 -0.07336824 -0.07272990 
1.87381742e-06 -0.08536275 -0.07921022 -0.07529046 -0.07336824 -0.07272990 
1.51991108e-06 -0.08536275 -0.07921022 -0.07529046 -0.07336824 -0.07272990 
1.23284674e-06 -0.08536275 -0.07921022 -0.07529046 -0.07336824 -0.07272990 
1.00000000e-06 -0.08536275 -0.07921022 -0.07529046 -0.07336824 -0.07272990 
8.11130831e-07 -0.08536275 -0.07921022 -0.07529046 -0.07336824 -0.07272990 
6.57933225e-07 -0.08536275 -0.07921022 -0.07529046 -0.07336824 -0.07272990 
5.33669923e-07 -0.08536275 -0.07921022 -0.07529046 -0.07336824 -0.07272990 
4.32876128e-07 -0.08536275 -0.07921022 -0.07529046 -0.07336824 -0.07272990 
3.51119173e-07 -0.08536275 -0.07921022 -0.07529046 -0.07336824 -0.07272990 
2.84803587e-07 -0.08536275 -0.07921022 -0.07529046 -0.07336824 -0.07272990 
2.31012970e-07 -0.08536275 -0.07921022 -0.07529046 -0.07336824 -0.07272990 
1.87381742e-07 -0.08536275 -0.07921022 -0.07529046 -0.07336824 -0.07272990 
1.51991108e-07 -0.08536275 -0.07921022 -0.07529046 -0.07336824 -0.07272990 
1.23284674e-07 -0.08536275 -0.07921022 -0.07529046 -0.07336824 -0.07272990 
1.00000000e-07 -0.08536275 -0.07921022 -0.07529046 -0.07336824 -0.07272990 
P (bar) | log_He: -2σ | log_He: -1σ | log_He: median | log_He: +1σ | log_He: +2σ 
1.00000000e+02 -0.85491382 -0.84876130 -0.84484154 -0.84291932 -0.84228098 
8.11130831e+01 -0.85491382 -0.84876130 -0.84484154 -0.84291932 -0.84228098 
6.57933225e+01 -0.85491382 -0.84876130 -0.84484154 -0.84291932 -0.84228098 
5.33669923e+01 -0.85491382 -0.84876130 -0.84484154 -0.84291932 -0.84228098 
4.32876128e+01 -0.85491382 -0.84876130 -0.84484154 -0.84291932 -0.84228098 
3.51119173e+01 -0.85491382 -0.84876130 -0.84484154 -0.84291932 -0.84228098 
2.84803587e+01 -0.85491382 -0.84876130 -0.84484154 -0.84291932 -0.84228098 
2.31012970e+01 -0.85491382 -0.84876130 -0.84484154 -0.84291932 -0.84228098 
1.87381742e+01 -0.85491382 -0.84876130 -0.84484154 -0.84291932 -0.84228098 
1.51991108e+01 -0.85491382 -0.84876130 -0.84484154 -0.84291932 -0.84228098 
1.23284674e+01 -0.85491382 -0.84876130 -0.84484154 -0.84291932 -0.84228098 
1.00000000e+01 -0.85491382 -0.84876130 -0.84484154 -0.84291932 -0.84228098 
8.11130831e+00 -0.85491382 -0.84876130 -0.84484154 -0.84291932 -0.84228098 
6.57933225e+00 -0.85491382 -0.84876130 -0.84484154 -0.84291932 -0.84228098 
5.33669923e+00 -0.85491382 -0.84876130 -0.84484154 -0.84291932 -0.84228098 
4.32876128e+00 -0.85491382 -0.84876130 -0.84484154 -0.84291932 -0.84228098 
3.51119173e+00 -0.85491382 -0.84876130 -0.84484154 -0.84291932 -0.84228098 
2.84803587e+00 -0.85491382 -0.84876130 -0.84484154 -0.84291932 -0.84228098 
2.31012970e+00 -0.85491382 -0.84876130 -0.84484154 -0.84291932 -0.84228098 
1.87381742e+00 -0.85491382 -0.84876130 -0.84484154 -0.84291932 -0.84228098 
1.51991108e+00 -0.85491382 -0.84876130 -0.84484154 -0.84291932 -0.84228098 
1.23284674e+00 -0.85491382 -0.84876130 -0.84484154 -0.84291932 -0.84228098 
1.00000000e+00 -0.85491382 -0.84876130 -0.84484154 -0.84291932 -0.84228098 
8.11130831e-01 -0.85491382 -0.84876130 -0.84484154 -0.84291932 -0.84228098 
6.57933225e-01 -0.85491382 -0.84876130 -0.84484154 -0.84291932 -0.84228098 
5.33669923e-01 -0.85491382 -0.84876130 -0.84484154 -0.84291932 -0.84228098 
4.32876128e-01 -0.85491382 -0.84876130 -0.84484154 -0.84291932 -0.84228098 
3.51119173e-01 -0.85491382 -0.84876130 -0.84484154 -0.84291932 -0.84228098 
2.84803587e-01 -0.85491382 -0.84876130 -0.84484154 -0.84291932 -0.84228098 
2.31012970e-01 -0.85491382 -0.84876130 -0.84484154 -0.84291932 -0.84228098 
1.87381742e-01 -0.85491382 -0.84876130 -0.84484154 -0.84291932 -0.84228098 
1.51991108e-01 -0.85491382 -0.84876130 -0.84484154 -0.84291932 -0.84228098 
1.23284674e-01 -0.85491382 -0.84876130 -0.84484154 -0.84291932 -0.84228098 
1.00000000e-01 -0.85491382 -0.84876130 -0.84484154 -0.84291932 -0.84228098 
8.11130831e-02 -0.85491382 -0.84876130 -0.84484154 -0.84291932 -0.84228098 
6.57933225e-02 -0.85491382 -0.84876130 -0.84484154 -0.84291932 -0.84228098 
5.33669923e-02 -0.85491382 -0.84876130 -0.84484154 -0.84291932 -0.84228098 
4.32876128e-02 -0.85491382 -0.84876130 -0.84484154 -0.84291932 -0.84228098 
3.51119173e-02 -0.85491382 -0.84876130 -0.84484154 -0.84291932 -0.84228098 
2.84803587e-02 -0.85491382 -0.84876130 -0.84484154 -0.84291932 -0.84228098 
2.31012970e-02 -0.85491382 -0.84876130 -0.84484154 -0.84291932 -0.84228098 
1.87381742e-02 -0.85491382 -0.84876130 -0.84484154 -0.84291932 -0.84228098 
1.51991108e-02 -0.85491382 -0.84876130 -0.84484154 -0.84291932 -0.84228098 
1.23284674e-02 -0.85491382 -0.84876130 -0.84484154 -0.84291932 -0.84228098 
1.00000000e-02 -0.85491382 -0.84876130 -0.84484154 -0.84291932 -0.84228098 
8.11130831e-03 -0.85491382 -0.84876130 -0.84484154 -0.84291932 -0.84228098 
6.57933225e-03 -0.85491382 -0.84876130 -0.84484154 -0.84291932 -0.84228098 
5.33669923e-03 -0.85491382 -0.84876130 -0.84484154 -0.84291932 -0.84228098 
4.32876128e-03 -0.85491382 -0.84876130 -0.84484154 -0.84291932 -0.84228098 
3.51119173e-03 -0.85491382 -0.84876130 -0.84484154 -0.84291932 -0.84228098 
2.84803587e-03 -0.85491382 -0.84876130 -0.84484154 -0.84291932 -0.84228098 
2.31012970e-03 -0.85491382 -0.84876130 -0.84484154 -0.84291932 -0.84228098 
1.87381742e-03 -0.85491382 -0.84876130 -0.84484154 -0.84291932 -0.84228098 
1.51991108e-03 -0.85491382 -0.84876130 -0.84484154 -0.84291932 -0.84228098 
1.23284674e-03 -0.85491382 -0.84876130 -0.84484154 -0.84291932 -0.84228098 
1.00000000e-03 -0.85491382 -0.84876130 -0.84484154 -0.84291932 -0.84228098 
8.11130831e-04 -0.85491382 -0.84876130 -0.84484154 -0.84291932 -0.84228098 
6.57933225e-04 -0.85491382 -0.84876130 -0.84484154 -0.84291932 -0.84228098 
5.33669923e-04 -0.85491382 -0.84876130 -0.84484154 -0.84291932 -0.84228098 
4.32876128e-04 -0.85491382 -0.84876130 -0.84484154 -0.84291932 -0.84228098 
3.51119173e-04 -0.85491382 -0.84876130 -0.84484154 -0.84291932 -0.84228098 
2.84803587e-04 -0.85491382 -0.84876130 -0.84484154 -0.84291932 -0.84228098 
2.31012970e-04 -0.85491382 -0.84876130 -0.84484154 -0.84291932 -0.84228098 
1.87381742e-04 -0.85491382 -0.84876130 -0.84484154 -0.84291932 -0.84228098 
1.51991108e-04 -0.85491382 -0.84876130 -0.84484154 -0.84291932 -0.84228098 
1.23284674e-04 -0.85491382 -0.84876130 -0.84484154 -0.84291932 -0.84228098 
1.00000000e-04 -0.85491382 -0.84876130 -0.84484154 -0.84291932 -0.84228098 
8.11130831e-05 -0.85491382 -0.84876130 -0.84484154 -0.84291932 -0.84228098 
6.57933225e-05 -0.85491382 -0.84876130 -0.84484154 -0.84291932 -0.84228098 
5.33669923e-05 -0.85491382 -0.84876130 -0.84484154 -0.84291932 -0.84228098 
4.32876128e-05 -0.85491382 -0.84876130 -0.84484154 -0.84291932 -0.84228098 
3.51119173e-05 -0.85491382 -0.84876130 -0.84484154 -0.84291932 -0.84228098 
2.84803587e-05 -0.85491382 -0.84876130 -0.84484154 -0.84291932 -0.84228098 
2.31012970e-05 -0.85491382 -0.84876130 -0.84484154 -0.84291932 -0.84228098 
1.87381742e-05 -0.85491382 -0.84876130 -0.84484154 -0.84291932 -0.84228098 
1.51991108e-05 -0.85491382 -0.84876130 -0.84484154 -0.84291932 -0.84228098 
1.23284674e-05 -0.85491382 -0.84876130 -0.84484154 -0.84291932 -0.84228098 
1.00000000e-05 -0.85491382 -0.84876130 -0.84484154 -0.84291932 -0.84228098 
8.11130831e-06 -0.85491382 -0.84876130 -0.84484154 -0.84291932 -0.84228098 
6.57933225e-06 -0.85491382 -0.84876130 -0.84484154 -0.84291932 -0.84228098 
5.33669923e-06 -0.85491382 -0.84876130 -0.84484154 -0.84291932 -0.84228098 
4.32876128e-06 -0.85491382 -0.84876130 -0.84484154 -0.84291932 -0.84228098 
3.51119173e-06 -0.85491382 -0.84876130 -0.84484154 -0.84291932 -0.84228098 
2.84803587e-06 -0.85491382 -0.84876130 -0.84484154 -0.84291932 -0.84228098 
2.31012970e-06 -0.85491382 -0.84876130 -0.84484154 -0.84291932 -0.84228098 
1.87381742e-06 -0.85491382 -0.84876130 -0.84484154 -0.84291932 -0.84228098 
1.51991108e-06 -0.85491382 -0.84876130 -0.84484154 -0.84291932 -0.84228098 
1.23284674e-06 -0.85491382 -0.84876130 -0.84484154 -0.84291932 -0.84228098 
1.00000000e-06 -0.85491382 -0.84876130 -0.84484154 -0.84291932 -0.84228098 
8.11130831e-07 -0.85491382 -0.84876130 -0.84484154 -0.84291932 -0.84228098 
6.57933225e-07 -0.85491382 -0.84876130 -0.84484154 -0.84291932 -0.84228098 
5.33669923e-07 -0.85491382 -0.84876130 -0.84484154 -0.84291932 -0.84228098 
4.32876128e-07 -0.85491382 -0.84876130 -0.84484154 -0.84291932 -0.84228098 
3.51119173e-07 -0.85491382 -0.84876130 -0.84484154 -0.84291932 -0.84228098 
2.84803587e-07 -0.85491382 -0.84876130 -0.84484154 -0.84291932 -0.84228098 
2.31012970e-07 -0.85491382 -0.84876130 -0.84484154 -0.84291932 -0.84228098 
1.87381742e-07 -0.85491382 -0.84876130 -0.84484154 -0.84291932 -0.84228098 
1.51991108e-07 -0.85491382 -0.84876130 -0.84484154 -0.84291932 -0.84228098 
1.23284674e-07 -0.85491382 -0.84876130 -0.84484154 -0.84291932 -0.84228098 
1.00000000e-07 -0.85491382 -0.84876130 -0.84484154 -0.84291932 -0.84228098 
P (bar) | log_H2O: -2σ | log_H2O: -1σ | log_H2O: median | log_H2O: +1σ | log_H2O: +2σ 
1.00000000e+02 -1.99042358 -1.93274080 -1.79858920 -1.60979171 -1.42199372 
8.11130831e+01 -1.99042358 -1.93274080 -1.79858920 -1.60979171 -1.42199372 
6.57933225e+01 -1.99042358 -1.93274080 -1.79858920 -1.60979171 -1.42199372 
5.33669923e+01 -1.99042358 -1.93274080 -1.79858920 -1.60979171 -1.42199372 
4.32876128e+01 -1.99042358 -1.93274080 -1.79858920 -1.60979171 -1.42199372 
3.51119173e+01 -1.99042358 -1.93274080 -1.79858920 -1.60979171 -1.42199372 
2.84803587e+01 -1.99042358 -1.93274080 -1.79858920 -1.60979171 -1.42199372 
2.31012970e+01 -1.99042358 -1.93274080 -1.79858920 -1.60979171 -1.42199372 
1.87381742e+01 -1.99042358 -1.93274080 -1.79858920 -1.60979171 -1.42199372 
1.51991108e+01 -1.99042358 -1.93274080 -1.79858920 -1.60979171 -1.42199372 
1.23284674e+01 -1.99042358 -1.93274080 -1.79858920 -1.60979171 -1.42199372 
1.00000000e+01 -1.99042358 -1.93274080 -1.79858920 -1.60979171 -1.42199372 
8.11130831e+00 -1.99042358 -1.93274080 -1.79858920 -1.60979171 -1.42199372 
6.57933225e+00 -1.99042358 -1.93274080 -1.79858920 -1.60979171 -1.42199372 
5.33669923e+00 -1.99042358 -1.93274080 -1.79858920 -1.60979171 -1.42199372 
4.32876128e+00 -1.99042358 -1.93274080 -1.79858920 -1.60979171 -1.42199372 
3.51119173e+00 -1.99042358 -1.93274080 -1.79858920 -1.60979171 -1.42199372 
2.84803587e+00 -1.99042358 -1.93274080 -1.79858920 -1.60979171 -1.42199372 
2.31012970e+00 -1.99042358 -1.93274080 -1.79858920 -1.60979171 -1.42199372 
1.87381742e+00 -1.99042358 -1.93274080 -1.79858920 -1.60979171 -1.42199372 
1.51991108e+00 -1.99042358 -1.93274080 -1.79858920 -1.60979171 -1.42199372 
1.23284674e+00 -1.99042358 -1.93274080 -1.79858920 -1.60979171 -1.42199372 
1.00000000e+00 -1.99042358 -1.93274080 -1.79858920 -1.60979171 -1.42199372 
8.11130831e-01 -1.99042358 -1.93274080 -1.79858920 -1.60979171 -1.42199372 
6.57933225e-01 -1.99042358 -1.93274080 -1.79858920 -1.60979171 -1.42199372 
5.33669923e-01 -1.99042358 -1.93274080 -1.79858920 -1.60979171 -1.42199372 
4.32876128e-01 -1.99042358 -1.93274080 -1.79858920 -1.60979171 -1.42199372 
3.51119173e-01 -1.99042358 -1.93274080 -1.79858920 -1.60979171 -1.42199372 
2.84803587e-01 -1.99042358 -1.93274080 -1.79858920 -1.60979171 -1.42199372 
2.31012970e-01 -1.99042358 -1.93274080 -1.79858920 -1.60979171 -1.42199372 
1.87381742e-01 -1.99042358 -1.93274080 -1.79858920 -1.60979171 -1.42199372 
1.51991108e-01 -1.99042358 -1.93274080 -1.79858920 -1.60979171 -1.42199372 
1.23284674e-01 -1.99042358 -1.93274080 -1.79858920 -1.60979171 -1.42199372 
1.00000000e-01 -1.99042358 -1.93274080 -1.79858920 -1.60979171 -1.42199372 
8.11130831e-02 -1.99042358 -1.93274080 -1.79858920 -1.60979171 -1.42199372 
6.57933225e-02 -1.99042358 -1.93274080 -1.79858920 -1.60979171 -1.42199372 
5.33669923e-02 -1.99042358 -1.93274080 -1.79858920 -1.60979171 -1.42199372 
4.32876128e-02 -1.99042358 -1.93274080 -1.79858920 -1.60979171 -1.42199372 
3.51119173e-02 -1.99042358 -1.93274080 -1.79858920 -1.60979171 -1.42199372 
2.84803587e-02 -1.99042358 -1.93274080 -1.79858920 -1.60979171 -1.42199372 
2.31012970e-02 -1.99042358 -1.93274080 -1.79858920 -1.60979171 -1.42199372 
1.87381742e-02 -1.99042358 -1.93274080 -1.79858920 -1.60979171 -1.42199372 
1.51991108e-02 -1.99042358 -1.93274080 -1.79858920 -1.60979171 -1.42199372 
1.23284674e-02 -1.99042358 -1.93274080 -1.79858920 -1.60979171 -1.42199372 
1.00000000e-02 -1.99042358 -1.93274080 -1.79858920 -1.60979171 -1.42199372 
8.11130831e-03 -1.99042358 -1.93274080 -1.79858920 -1.60979171 -1.42199372 
6.57933225e-03 -1.99042358 -1.93274080 -1.79858920 -1.60979171 -1.42199372 
5.33669923e-03 -1.99042358 -1.93274080 -1.79858920 -1.60979171 -1.42199372 
4.32876128e-03 -1.99042358 -1.93274080 -1.79858920 -1.60979171 -1.42199372 
3.51119173e-03 -1.99042358 -1.93274080 -1.79858920 -1.60979171 -1.42199372 
2.84803587e-03 -1.99042358 -1.93274080 -1.79858920 -1.60979171 -1.42199372 
2.31012970e-03 -1.99042358 -1.93274080 -1.79858920 -1.60979171 -1.42199372 
1.87381742e-03 -1.99042358 -1.93274080 -1.79858920 -1.60979171 -1.42199372 
1.51991108e-03 -1.99042358 -1.93274080 -1.79858920 -1.60979171 -1.42199372 
1.23284674e-03 -1.99042358 -1.93274080 -1.79858920 -1.60979171 -1.42199372 
1.00000000e-03 -1.99042358 -1.93274080 -1.79858920 -1.60979171 -1.42199372 
8.11130831e-04 -1.99042358 -1.93274080 -1.79858920 -1.60979171 -1.42199372 
6.57933225e-04 -1.99042358 -1.93274080 -1.79858920 -1.60979171 -1.42199372 
5.33669923e-04 -1.99042358 -1.93274080 -1.79858920 -1.60979171 -1.42199372 
4.32876128e-04 -1.99042358 -1.93274080 -1.79858920 -1.60979171 -1.42199372 
3.51119173e-04 -1.99042358 -1.93274080 -1.79858920 -1.60979171 -1.42199372 
2.84803587e-04 -1.99042358 -1.93274080 -1.79858920 -1.60979171 -1.42199372 
2.31012970e-04 -1.99042358 -1.93274080 -1.79858920 -1.60979171 -1.42199372 
1.87381742e-04 -1.99042358 -1.93274080 -1.79858920 -1.60979171 -1.42199372 
1.51991108e-04 -1.99042358 -1.93274080 -1.79858920 -1.60979171 -1.42199372 
1.23284674e-04 -1.99042358 -1.93274080 -1.79858920 -1.60979171 -1.42199372 
1.00000000e-04 -1.99042358 -1.93274080 -1.79858920 -1.60979171 -1.42199372 
8.11130831e-05 -1.99042358 -1.93274080 -1.79858920 -1.60979171 -1.42199372 
6.57933225e-05 -1.99042358 -1.93274080 -1.79858920 -1.60979171 -1.42199372 
5.33669923e-05 -1.99042358 -1.93274080 -1.79858920 -1.60979171 -1.42199372 
4.32876128e-05 -1.99042358 -1.93274080 -1.79858920 -1.60979171 -1.42199372 
3.51119173e-05 -1.99042358 -1.93274080 -1.79858920 -1.60979171 -1.42199372 
2.84803587e-05 -1.99042358 -1.93274080 -1.79858920 -1.60979171 -1.42199372 
2.31012970e-05 -1.99042358 -1.93274080 -1.79858920 -1.60979171 -1.42199372 
1.87381742e-05 -1.99042358 -1.93274080 -1.79858920 -1.60979171 -1.42199372 
1.51991108e-05 -1.99042358 -1.93274080 -1.79858920 -1.60979171 -1.42199372 
1.23284674e-05 -1.99042358 -1.93274080 -1.79858920 -1.60979171 -1.42199372 
1.00000000e-05 -1.99042358 -1.93274080 -1.79858920 -1.60979171 -1.42199372 
8.11130831e-06 -1.99042358 -1.93274080 -1.79858920 -1.60979171 -1.42199372 
6.57933225e-06 -1.99042358 -1.93274080 -1.79858920 -1.60979171 -1.42199372 
5.33669923e-06 -1.99042358 -1.93274080 -1.79858920 -1.60979171 -1.42199372 
4.32876128e-06 -1.99042358 -1.93274080 -1.79858920 -1.60979171 -1.42199372 
3.51119173e-06 -1.99042358 -1.93274080 -1.79858920 -1.60979171 -1.42199372 
2.84803587e-06 -1.99042358 -1.93274080 -1.79858920 -1.60979171 -1.42199372 
2.31012970e-06 -1.99042358 -1.93274080 -1.79858920 -1.60979171 -1.42199372 
1.87381742e-06 -1.99042358 -1.93274080 -1.79858920 -1.60979171 -1.42199372 
1.51991108e-06 -1.99042358 -1.93274080 -1.79858920 -1.60979171 -1.42199372 
1.23284674e-06 -1.99042358 -1.93274080 -1.79858920 -1.60979171 -1.42199372 
1.00000000e-06 -1.99042358 -1.93274080 -1.79858920 -1.60979171 -1.42199372 
8.11130831e-07 -1.99042358 -1.93274080 -1.79858920 -1.60979171 -1.42199372 
6.57933225e-07 -1.99042358 -1.93274080 -1.79858920 -1.60979171 -1.42199372 
5.33669923e-07 -1.99042358 -1.93274080 -1.79858920 -1.60979171 -1.42199372 
4.32876128e-07 -1.99042358 -1.93274080 -1.79858920 -1.60979171 -1.42199372 
3.51119173e-07 -1.99042358 -1.93274080 -1.79858920 -1.60979171 -1.42199372 
2.84803587e-07 -1.99042358 -1.93274080 -1.79858920 -1.60979171 -1.42199372 
2.31012970e-07 -1.99042358 -1.93274080 -1.79858920 -1.60979171 -1.42199372 
1.87381742e-07 -1.99042358 -1.93274080 -1.79858920 -1.60979171 -1.42199372 
1.51991108e-07 -1.99042358 -1.93274080 -1.79858920 -1.60979171 -1.42199372 
1.23284674e-07 -1.99042358 -1.93274080 -1.79858920 -1.60979171 -1.42199372 
1.00000000e-07 -1.99042358 -1.93274080 -1.79858920 -1.60979171 -1.42199372 
P (bar) | log_CO2: -2σ | log_CO2: -1σ | log_CO2: median | log_CO2: +1σ | log_CO2: +2σ 
1.00000000e+02 -3.93866680 -3.77433071 -3.58687730 -3.38025893 -3.15791664 
8.11130831e+01 -3.93866680 -3.77433071 -3.58687730 -3.38025893 -3.15791664 
6.57933225e+01 -3.93866680 -3.77433071 -3.58687730 -3.38025893 -3.15791664 
5.33669923e+01 -3.93866680 -3.77433071 -3.58687730 -3.38025893 -3.15791664 
4.32876128e+01 -3.93866680 -3.77433071 -3.58687730 -3.38025893 -3.15791664 
3.51119173e+01 -3.93866680 -3.77433071 -3.58687730 -3.38025893 -3.15791664 
2.84803587e+01 -3.93866680 -3.77433071 -3.58687730 -3.38025893 -3.15791664 
2.31012970e+01 -3.93866680 -3.77433071 -3.58687730 -3.38025893 -3.15791664 
1.87381742e+01 -3.93866680 -3.77433071 -3.58687730 -3.38025893 -3.15791664 
1.51991108e+01 -3.93866680 -3.77433071 -3.58687730 -3.38025893 -3.15791664 
1.23284674e+01 -3.93866680 -3.77433071 -3.58687730 -3.38025893 -3.15791664 
1.00000000e+01 -3.93866680 -3.77433071 -3.58687730 -3.38025893 -3.15791664 
8.11130831e+00 -3.93866680 -3.77433071 -3.58687730 -3.38025893 -3.15791664 
6.57933225e+00 -3.93866680 -3.77433071 -3.58687730 -3.38025893 -3.15791664 
5.33669923e+00 -3.93866680 -3.77433071 -3.58687730 -3.38025893 -3.15791664 
4.32876128e+00 -3.93866680 -3.77433071 -3.58687730 -3.38025893 -3.15791664 
3.51119173e+00 -3.93866680 -3.77433071 -3.58687730 -3.38025893 -3.15791664 
2.84803587e+00 -3.93866680 -3.77433071 -3.58687730 -3.38025893 -3.15791664 
2.31012970e+00 -3.93866680 -3.77433071 -3.58687730 -3.38025893 -3.15791664 
1.87381742e+00 -3.93866680 -3.77433071 -3.58687730 -3.38025893 -3.15791664 
1.51991108e+00 -3.93866680 -3.77433071 -3.58687730 -3.38025893 -3.15791664 
1.23284674e+00 -3.93866680 -3.77433071 -3.58687730 -3.38025893 -3.15791664 
1.00000000e+00 -3.93866680 -3.77433071 -3.58687730 -3.38025893 -3.15791664 
8.11130831e-01 -3.93866680 -3.77433071 -3.58687730 -3.38025893 -3.15791664 
6.57933225e-01 -3.93866680 -3.77433071 -3.58687730 -3.38025893 -3.15791664 
5.33669923e-01 -3.93866680 -3.77433071 -3.58687730 -3.38025893 -3.15791664 
4.32876128e-01 -3.93866680 -3.77433071 -3.58687730 -3.38025893 -3.15791664 
3.51119173e-01 -3.93866680 -3.77433071 -3.58687730 -3.38025893 -3.15791664 
2.84803587e-01 -3.93866680 -3.77433071 -3.58687730 -3.38025893 -3.15791664 
2.31012970e-01 -3.93866680 -3.77433071 -3.58687730 -3.38025893 -3.15791664 
1.87381742e-01 -3.93866680 -3.77433071 -3.58687730 -3.38025893 -3.15791664 
1.51991108e-01 -3.93866680 -3.77433071 -3.58687730 -3.38025893 -3.15791664 
1.23284674e-01 -3.93866680 -3.77433071 -3.58687730 -3.38025893 -3.15791664 
1.00000000e-01 -3.93866680 -3.77433071 -3.58687730 -3.38025893 -3.15791664 
8.11130831e-02 -3.93866680 -3.77433071 -3.58687730 -3.38025893 -3.15791664 
6.57933225e-02 -3.93866680 -3.77433071 -3.58687730 -3.38025893 -3.15791664 
5.33669923e-02 -3.93866680 -3.77433071 -3.58687730 -3.38025893 -3.15791664 
4.32876128e-02 -3.93866680 -3.77433071 -3.58687730 -3.38025893 -3.15791664 
3.51119173e-02 -3.93866680 -3.77433071 -3.58687730 -3.38025893 -3.15791664 
2.84803587e-02 -3.93866680 -3.77433071 -3.58687730 -3.38025893 -3.15791664 
2.31012970e-02 -3.93866680 -3.77433071 -3.58687730 -3.38025893 -3.15791664 
1.87381742e-02 -3.93866680 -3.77433071 -3.58687730 -3.38025893 -3.15791664 
1.51991108e-02 -3.93866680 -3.77433071 -3.58687730 -3.38025893 -3.15791664 
1.23284674e-02 -3.93866680 -3.77433071 -3.58687730 -3.38025893 -3.15791664 
1.00000000e-02 -3.93866680 -3.77433071 -3.58687730 -3.38025893 -3.15791664 
8.11130831e-03 -3.93866680 -3.77433071 -3.58687730 -3.38025893 -3.15791664 
6.57933225e-03 -3.93866680 -3.77433071 -3.58687730 -3.38025893 -3.15791664 
5.33669923e-03 -3.93866680 -3.77433071 -3.58687730 -3.38025893 -3.15791664 
4.32876128e-03 -3.93866680 -3.77433071 -3.58687730 -3.38025893 -3.15791664 
3.51119173e-03 -3.93866680 -3.77433071 -3.58687730 -3.38025893 -3.15791664 
2.84803587e-03 -3.93866680 -3.77433071 -3.58687730 -3.38025893 -3.15791664 
2.31012970e-03 -3.93866680 -3.77433071 -3.58687730 -3.38025893 -3.15791664 
1.87381742e-03 -3.93866680 -3.77433071 -3.58687730 -3.38025893 -3.15791664 
1.51991108e-03 -3.93866680 -3.77433071 -3.58687730 -3.38025893 -3.15791664 
1.23284674e-03 -3.93866680 -3.77433071 -3.58687730 -3.38025893 -3.15791664 
1.00000000e-03 -3.93866680 -3.77433071 -3.58687730 -3.38025893 -3.15791664 
8.11130831e-04 -3.93866680 -3.77433071 -3.58687730 -3.38025893 -3.15791664 
6.57933225e-04 -3.93866680 -3.77433071 -3.58687730 -3.38025893 -3.15791664 
5.33669923e-04 -3.93866680 -3.77433071 -3.58687730 -3.38025893 -3.15791664 
4.32876128e-04 -3.93866680 -3.77433071 -3.58687730 -3.38025893 -3.15791664 
3.51119173e-04 -3.93866680 -3.77433071 -3.58687730 -3.38025893 -3.15791664 
2.84803587e-04 -3.93866680 -3.77433071 -3.58687730 -3.38025893 -3.15791664 
2.31012970e-04 -3.93866680 -3.77433071 -3.58687730 -3.38025893 -3.15791664 
1.87381742e-04 -3.93866680 -3.77433071 -3.58687730 -3.38025893 -3.15791664 
1.51991108e-04 -3.93866680 -3.77433071 -3.58687730 -3.38025893 -3.15791664 
1.23284674e-04 -3.93866680 -3.77433071 -3.58687730 -3.38025893 -3.15791664 
1.00000000e-04 -3.93866680 -3.77433071 -3.58687730 -3.38025893 -3.15791664 
8.11130831e-05 -3.93866680 -3.77433071 -3.58687730 -3.38025893 -3.15791664 
6.57933225e-05 -3.93866680 -3.77433071 -3.58687730 -3.38025893 -3.15791664 
5.33669923e-05 -3.93866680 -3.77433071 -3.58687730 -3.38025893 -3.15791664 
4.32876128e-05 -3.93866680 -3.77433071 -3.58687730 -3.38025893 -3.15791664 
3.51119173e-05 -3.93866680 -3.77433071 -3.58687730 -3.38025893 -3.15791664 
2.84803587e-05 -3.93866680 -3.77433071 -3.58687730 -3.38025893 -3.15791664 
2.31012970e-05 -3.93866680 -3.77433071 -3.58687730 -3.38025893 -3.15791664 
1.87381742e-05 -3.93866680 -3.77433071 -3.58687730 -3.38025893 -3.15791664 
1.51991108e-05 -3.93866680 -3.77433071 -3.58687730 -3.38025893 -3.15791664 
1.23284674e-05 -3.93866680 -3.77433071 -3.58687730 -3.38025893 -3.15791664 
1.00000000e-05 -3.93866680 -3.77433071 -3.58687730 -3.38025893 -3.15791664 
8.11130831e-06 -3.93866680 -3.77433071 -3.58687730 -3.38025893 -3.15791664 
6.57933225e-06 -3.93866680 -3.77433071 -3.58687730 -3.38025893 -3.15791664 
5.33669923e-06 -3.93866680 -3.77433071 -3.58687730 -3.38025893 -3.15791664 
4.32876128e-06 -3.93866680 -3.77433071 -3.58687730 -3.38025893 -3.15791664 
3.51119173e-06 -3.93866680 -3.77433071 -3.58687730 -3.38025893 -3.15791664 
2.84803587e-06 -3.93866680 -3.77433071 -3.58687730 -3.38025893 -3.15791664 
2.31012970e-06 -3.93866680 -3.77433071 -3.58687730 -3.38025893 -3.15791664 
1.87381742e-06 -3.93866680 -3.77433071 -3.58687730 -3.38025893 -3.15791664 
1.51991108e-06 -3.93866680 -3.77433071 -3.58687730 -3.38025893 -3.15791664 
1.23284674e-06 -3.93866680 -3.77433071 -3.58687730 -3.38025893 -3.15791664 
1.00000000e-06 -3.93866680 -3.77433071 -3.58687730 -3.38025893 -3.15791664 
8.11130831e-07 -3.93866680 -3.77433071 -3.58687730 -3.38025893 -3.15791664 
6.57933225e-07 -3.93866680 -3.77433071 -3.58687730 -3.38025893 -3.15791664 
5.33669923e-07 -3.93866680 -3.77433071 -3.58687730 -3.38025893 -3.15791664 
4.32876128e-07 -3.93866680 -3.77433071 -3.58687730 -3.38025893 -3.15791664 
3.51119173e-07 -3.93866680 -3.77433071 -3.58687730 -3.38025893 -3.15791664 
2.84803587e-07 -3.93866680 -3.77433071 -3.58687730 -3.38025893 -3.15791664 
2.31012970e-07 -3.93866680 -3.77433071 -3.58687730 -3.38025893 -3.15791664 
1.87381742e-07 -3.93866680 -3.77433071 -3.58687730 -3.38025893 -3.15791664 
1.51991108e-07 -3.93866680 -3.77433071 -3.58687730 -3.38025893 -3.15791664 
1.23284674e-07 -3.93866680 -3.77433071 -3.58687730 -3.38025893 -3.15791664 
1.00000000e-07 -3.93866680 -3.77433071 -3.58687730 -3.38025893 -3.15791664 
P (bar) | log_SO2: -2σ | log_SO2: -1σ | log_SO2: median | log_SO2: +1σ | log_SO2: +2σ 
1.00000000e+02 -5.58151684 -5.35241434 -5.17196284 -4.96342994 -4.77460094 
8.11130831e+01 -5.58151684 -5.35241434 -5.17196284 -4.96342994 -4.77460094 
6.57933225e+01 -5.58151684 -5.35241434 -5.17196284 -4.96342994 -4.77460094 
5.33669923e+01 -5.58151684 -5.35241434 -5.17196284 -4.96342994 -4.77460094 
4.32876128e+01 -5.58151684 -5.35241434 -5.17196284 -4.96342994 -4.77460094 
3.51119173e+01 -5.58151684 -5.35241434 -5.17196284 -4.96342994 -4.77460094 
2.84803587e+01 -5.58151684 -5.35241434 -5.17196284 -4.96342994 -4.77460094 
2.31012970e+01 -5.58151684 -5.35241434 -5.17196284 -4.96342994 -4.77460094 
1.87381742e+01 -5.58151684 -5.35241434 -5.17196284 -4.96342994 -4.77460094 
1.51991108e+01 -5.58151684 -5.35241434 -5.17196284 -4.96342994 -4.77460094 
1.23284674e+01 -5.58151684 -5.35241434 -5.17196284 -4.96342994 -4.77460094 
1.00000000e+01 -5.58151684 -5.35241434 -5.17196284 -4.96342994 -4.77460094 
8.11130831e+00 -5.58151684 -5.35241434 -5.17196284 -4.96342994 -4.77460094 
6.57933225e+00 -5.58151684 -5.35241434 -5.17196284 -4.96342994 -4.77460094 
5.33669923e+00 -5.58151684 -5.35241434 -5.17196284 -4.96342994 -4.77460094 
4.32876128e+00 -5.58151684 -5.35241434 -5.17196284 -4.96342994 -4.77460094 
3.51119173e+00 -5.58151684 -5.35241434 -5.17196284 -4.96342994 -4.77460094 
2.84803587e+00 -5.58151684 -5.35241434 -5.17196284 -4.96342994 -4.77460094 
2.31012970e+00 -5.58151684 -5.35241434 -5.17196284 -4.96342994 -4.77460094 
1.87381742e+00 -5.58151684 -5.35241434 -5.17196284 -4.96342994 -4.77460094 
1.51991108e+00 -5.58151684 -5.35241434 -5.17196284 -4.96342994 -4.77460094 
1.23284674e+00 -5.58151684 -5.35241434 -5.17196284 -4.96342994 -4.77460094 
1.00000000e+00 -5.58151684 -5.35241434 -5.17196284 -4.96342994 -4.77460094 
8.11130831e-01 -5.58151684 -5.35241434 -5.17196284 -4.96342994 -4.77460094 
6.57933225e-01 -5.58151684 -5.35241434 -5.17196284 -4.96342994 -4.77460094 
5.33669923e-01 -5.58151684 -5.35241434 -5.17196284 -4.96342994 -4.77460094 
4.32876128e-01 -5.58151684 -5.35241434 -5.17196284 -4.96342994 -4.77460094 
3.51119173e-01 -5.58151684 -5.35241434 -5.17196284 -4.96342994 -4.77460094 
2.84803587e-01 -5.58151684 -5.35241434 -5.17196284 -4.96342994 -4.77460094 
2.31012970e-01 -5.58151684 -5.35241434 -5.17196284 -4.96342994 -4.77460094 
1.87381742e-01 -5.58151684 -5.35241434 -5.17196284 -4.96342994 -4.77460094 
1.51991108e-01 -5.58151684 -5.35241434 -5.17196284 -4.96342994 -4.77460094 
1.23284674e-01 -5.58151684 -5.35241434 -5.17196284 -4.96342994 -4.77460094 
1.00000000e-01 -5.58151684 -5.35241434 -5.17196284 -4.96342994 -4.77460094 
8.11130831e-02 -5.58151684 -5.35241434 -5.17196284 -4.96342994 -4.77460094 
6.57933225e-02 -5.58151684 -5.35241434 -5.17196284 -4.96342994 -4.77460094 
5.33669923e-02 -5.58151684 -5.35241434 -5.17196284 -4.96342994 -4.77460094 
4.32876128e-02 -5.58151684 -5.35241434 -5.17196284 -4.96342994 -4.77460094 
3.51119173e-02 -5.58151684 -5.35241434 -5.17196284 -4.96342994 -4.77460094 
2.84803587e-02 -5.58151684 -5.35241434 -5.17196284 -4.96342994 -4.77460094 
2.31012970e-02 -5.58151684 -5.35241434 -5.17196284 -4.96342994 -4.77460094 
1.87381742e-02 -5.58151684 -5.35241434 -5.17196284 -4.96342994 -4.77460094 
1.51991108e-02 -5.58151684 -5.35241434 -5.17196284 -4.96342994 -4.77460094 
1.23284674e-02 -5.58151684 -5.35241434 -5.17196284 -4.96342994 -4.77460094 
1.00000000e-02 -5.58151684 -5.35241434 -5.17196284 -4.96342994 -4.77460094 
8.11130831e-03 -5.58151684 -5.35241434 -5.17196284 -4.96342994 -4.77460094 
6.57933225e-03 -5.58151684 -5.35241434 -5.17196284 -4.96342994 -4.77460094 
5.33669923e-03 -5.58151684 -5.35241434 -5.17196284 -4.96342994 -4.77460094 
4.32876128e-03 -5.58151684 -5.35241434 -5.17196284 -4.96342994 -4.77460094 
3.51119173e-03 -5.58151684 -5.35241434 -5.17196284 -4.96342994 -4.77460094 
2.84803587e-03 -5.58151684 -5.35241434 -5.17196284 -4.96342994 -4.77460094 
2.31012970e-03 -5.58151684 -5.35241434 -5.17196284 -4.96342994 -4.77460094 
1.87381742e-03 -5.58151684 -5.35241434 -5.17196284 -4.96342994 -4.77460094 
1.51991108e-03 -5.58151684 -5.35241434 -5.17196284 -4.96342994 -4.77460094 
1.23284674e-03 -5.58151684 -5.35241434 -5.17196284 -4.96342994 -4.77460094 
1.00000000e-03 -5.58151684 -5.35241434 -5.17196284 -4.96342994 -4.77460094 
8.11130831e-04 -5.58151684 -5.35241434 -5.17196284 -4.96342994 -4.77460094 
6.57933225e-04 -5.58151684 -5.35241434 -5.17196284 -4.96342994 -4.77460094 
5.33669923e-04 -5.58151684 -5.35241434 -5.17196284 -4.96342994 -4.77460094 
4.32876128e-04 -5.58151684 -5.35241434 -5.17196284 -4.96342994 -4.77460094 
3.51119173e-04 -5.58151684 -5.35241434 -5.17196284 -4.96342994 -4.77460094 
2.84803587e-04 -5.58151684 -5.35241434 -5.17196284 -4.96342994 -4.77460094 
2.31012970e-04 -5.58151684 -5.35241434 -5.17196284 -4.96342994 -4.77460094 
1.87381742e-04 -5.58151684 -5.35241434 -5.17196284 -4.96342994 -4.77460094 
1.51991108e-04 -5.58151684 -5.35241434 -5.17196284 -4.96342994 -4.77460094 
1.23284674e-04 -5.58151684 -5.35241434 -5.17196284 -4.96342994 -4.77460094 
1.00000000e-04 -5.58151684 -5.35241434 -5.17196284 -4.96342994 -4.77460094 
8.11130831e-05 -5.58151684 -5.35241434 -5.17196284 -4.96342994 -4.77460094 
6.57933225e-05 -5.58151684 -5.35241434 -5.17196284 -4.96342994 -4.77460094 
5.33669923e-05 -5.58151684 -5.35241434 -5.17196284 -4.96342994 -4.77460094 
4.32876128e-05 -5.58151684 -5.35241434 -5.17196284 -4.96342994 -4.77460094 
3.51119173e-05 -5.58151684 -5.35241434 -5.17196284 -4.96342994 -4.77460094 
2.84803587e-05 -5.58151684 -5.35241434 -5.17196284 -4.96342994 -4.77460094 
2.31012970e-05 -5.58151684 -5.35241434 -5.17196284 -4.96342994 -4.77460094 
1.87381742e-05 -5.58151684 -5.35241434 -5.17196284 -4.96342994 -4.77460094 
1.51991108e-05 -5.58151684 -5.35241434 -5.17196284 -4.96342994 -4.77460094 
1.23284674e-05 -5.58151684 -5.35241434 -5.17196284 -4.96342994 -4.77460094 
1.00000000e-05 -5.58151684 -5.35241434 -5.17196284 -4.96342994 -4.77460094 
8.11130831e-06 -5.58151684 -5.35241434 -5.17196284 -4.96342994 -4.77460094 
6.57933225e-06 -5.58151684 -5.35241434 -5.17196284 -4.96342994 -4.77460094 
5.33669923e-06 -5.58151684 -5.35241434 -5.17196284 -4.96342994 -4.77460094 
4.32876128e-06 -5.58151684 -5.35241434 -5.17196284 -4.96342994 -4.77460094 
3.51119173e-06 -5.58151684 -5.35241434 -5.17196284 -4.96342994 -4.77460094 
2.84803587e-06 -5.58151684 -5.35241434 -5.17196284 -4.96342994 -4.77460094 
2.31012970e-06 -5.58151684 -5.35241434 -5.17196284 -4.96342994 -4.77460094 
1.87381742e-06 -5.58151684 -5.35241434 -5.17196284 -4.96342994 -4.77460094 
1.51991108e-06 -5.58151684 -5.35241434 -5.17196284 -4.96342994 -4.77460094 
1.23284674e-06 -5.58151684 -5.35241434 -5.17196284 -4.96342994 -4.77460094 
1.00000000e-06 -5.58151684 -5.35241434 -5.17196284 -4.96342994 -4.77460094 
8.11130831e-07 -5.58151684 -5.35241434 -5.17196284 -4.96342994 -4.77460094 
6.57933225e-07 -5.58151684 -5.35241434 -5.17196284 -4.96342994 -4.77460094 
5.33669923e-07 -5.58151684 -5.35241434 -5.17196284 -4.96342994 -4.77460094 
4.32876128e-07 -5.58151684 -5.35241434 -5.17196284 -4.96342994 -4.77460094 
3.51119173e-07 -5.58151684 -5.35241434 -5.17196284 -4.96342994 -4.77460094 
2.84803587e-07 -5.58151684 -5.35241434 -5.17196284 -4.96342994 -4.77460094 
2.31012970e-07 -5.58151684 -5.35241434 -5.17196284 -4.96342994 -4.77460094 
1.87381742e-07 -5.58151684 -5.35241434 -5.17196284 -4.96342994 -4.77460094 
1.51991108e-07 -5.58151684 -5.35241434 -5.17196284 -4.96342994 -4.77460094 
1.23284674e-07 -5.58151684 -5.35241434 -5.17196284 -4.96342994 -4.77460094 
1.00000000e-07 -5.58151684 -5.35241434 -5.17196284 -4.96342994 -4.77460094 
