Chemical species: H2 He H2O CO2 CO
P (bar) | log_H2: -2σ | log_H2: -1σ | log_H2: median | log_H2: +1σ | log_H2: +2σ 
1.00000000e+02 -0.09928893 -0.09308216 -0.08736921 -0.08274969 -0.07908147 
8.11130831e+01 -0.09928893 -0.09308216 -0.08736921 -0.08274969 -0.07908147 
6.57933225e+01 -0.09928893 -0.09308216 -0.08736921 -0.08274969 -0.07908147 
5.33669923e+01 -0.09928893 -0.09308216 -0.08736921 -0.08274969 -0.07908147 
4.32876128e+01 -0.09928893 -0.09308216 -0.08736921 -0.08274969 -0.07908147 
3.51119173e+01 -0.09928893 -0.09308216 -0.08736921 -0.08274969 -0.07908147 
2.84803587e+01 -0.09928893 -0.09308216 -0.08736921 -0.08274969 -0.07908147 
2.31012970e+01 -0.09928893 -0.09308216 -0.08736921 -0.08274969 -0.07908147 
1.87381742e+01 -0.09928893 -0.09308216 -0.08736921 -0.08274969 -0.07908147 
1.51991108e+01 -0.09928893 -0.09308216 -0.08736921 -0.08274969 -0.07908147 
1.23284674e+01 -0.09928893 -0.09308216 -0.08736921 -0.08274969 -0.07908147 
1.00000000e+01 -0.09928893 -0.09308216 -0.08736921 -0.08274969 -0.07908147 
8.11130831e+00 -0.09928893 -0.09308216 -0.08736921 -0.08274969 -0.07908147 
6.57933225e+00 -0.09928893 -0.09308216 -0.08736921 -0.08274969 -0.07908147 
5.33669923e+00 -0.09928893 -0.09308216 -0.08736921 -0.08274969 -0.07908147 
4.32876128e+00 -0.09928893 -0.09308216 -0.08736921 -0.08274969 -0.07908147 
3.51119173e+00 -0.09928893 -0.09308216 -0.08736921 -0.08274969 -0.07908147 
2.84803587e+00 -0.09928893 -0.09308216 -0.08736921 -0.08274969 -0.07908147 
2.31012970e+00 -0.09928893 -0.09308216 -0.08736921 -0.08274969 -0.07908147 
1.87381742e+00 -0.09928893 -0.09308216 -0.08736921 -0.08274969 -0.07908147 
1.51991108e+00 -0.09928893 -0.09308216 -0.08736921 -0.08274969 -0.07908147 
1.23284674e+00 -0.09928893 -0.09308216 -0.08736921 -0.08274969 -0.07908147 
1.00000000e+00 -0.09928893 -0.09308216 -0.08736921 -0.08274969 -0.07908147 
8.11130831e-01 -0.09928893 -0.09308216 -0.08736921 -0.08274969 -0.07908147 
6.57933225e-01 -0.09928893 -0.09308216 -0.08736921 -0.08274969 -0.07908147 
5.33669923e-01 -0.09928893 -0.09308216 -0.08736921 -0.08274969 -0.07908147 
4.32876128e-01 -0.09928893 -0.09308216 -0.08736921 -0.08274969 -0.07908147 
3.51119173e-01 -0.09928893 -0.09308216 -0.08736921 -0.08274969 -0.07908147 
2.84803587e-01 -0.09928893 -0.09308216 -0.08736921 -0.08274969 -0.07908147 
2.31012970e-01 -0.09928893 -0.09308216 -0.08736921 -0.08274969 -0.07908147 
1.87381742e-01 -0.09928893 -0.09308216 -0.08736921 -0.08274969 -0.07908147 
1.51991108e-01 -0.09928893 -0.09308216 -0.08736921 -0.08274969 -0.07908147 
1.23284674e-01 -0.09928893 -0.09308216 -0.08736921 -0.08274969 -0.07908147 
1.00000000e-01 -0.09928893 -0.09308216 -0.08736921 -0.08274969 -0.07908147 
8.11130831e-02 -0.09928893 -0.09308216 -0.08736921 -0.08274969 -0.07908147 
6.57933225e-02 -0.09928893 -0.09308216 -0.08736921 -0.08274969 -0.07908147 
5.33669923e-02 -0.09928893 -0.09308216 -0.08736921 -0.08274969 -0.07908147 
4.32876128e-02 -0.09928893 -0.09308216 -0.08736921 -0.08274969 -0.07908147 
3.51119173e-02 -0.09928893 -0.09308216 -0.08736921 -0.08274969 -0.07908147 
2.84803587e-02 -0.09928893 -0.09308216 -0.08736921 -0.08274969 -0.07908147 
2.31012970e-02 -0.09928893 -0.09308216 -0.08736921 -0.08274969 -0.07908147 
1.87381742e-02 -0.09928893 -0.09308216 -0.08736921 -0.08274969 -0.07908147 
1.51991108e-02 -0.09928893 -0.09308216 -0.08736921 -0.08274969 -0.07908147 
1.23284674e-02 -0.09928893 -0.09308216 -0.08736921 -0.08274969 -0.07908147 
1.00000000e-02 -0.09928893 -0.09308216 -0.08736921 -0.08274969 -0.07908147 
8.11130831e-03 -0.09928893 -0.09308216 -0.08736921 -0.08274969 -0.07908147 
6.57933225e-03 -0.09928893 -0.09308216 -0.08736921 -0.08274969 -0.07908147 
5.33669923e-03 -0.09928893 -0.09308216 -0.08736921 -0.08274969 -0.07908147 
4.32876128e-03 -0.09928893 -0.09308216 -0.08736921 -0.08274969 -0.07908147 
3.51119173e-03 -0.09928893 -0.09308216 -0.08736921 -0.08274969 -0.07908147 
2.84803587e-03 -0.09928893 -0.09308216 -0.08736921 -0.08274969 -0.07908147 
2.31012970e-03 -0.09928893 -0.09308216 -0.08736921 -0.08274969 -0.07908147 
1.87381742e-03 -0.09928893 -0.09308216 -0.08736921 -0.08274969 -0.07908147 
1.51991108e-03 -0.09928893 -0.09308216 -0.08736921 -0.08274969 -0.07908147 
1.23284674e-03 -0.09928893 -0.09308216 -0.08736921 -0.08274969 -0.07908147 
1.00000000e-03 -0.09928893 -0.09308216 -0.08736921 -0.08274969 -0.07908147 
8.11130831e-04 -0.09928893 -0.09308216 -0.08736921 -0.08274969 -0.07908147 
6.57933225e-04 -0.09928893 -0.09308216 -0.08736921 -0.08274969 -0.07908147 
5.33669923e-04 -0.09928893 -0.09308216 -0.08736921 -0.08274969 -0.07908147 
4.32876128e-04 -0.09928893 -0.09308216 -0.08736921 -0.08274969 -0.07908147 
3.51119173e-04 -0.09928893 -0.09308216 -0.08736921 -0.08274969 -0.07908147 
2.84803587e-04 -0.09928893 -0.09308216 -0.08736921 -0.08274969 -0.07908147 
2.31012970e-04 -0.09928893 -0.09308216 -0.08736921 -0.08274969 -0.07908147 
1.87381742e-04 -0.09928893 -0.09308216 -0.08736921 -0.08274969 -0.07908147 
1.51991108e-04 -0.09928893 -0.09308216 -0.08736921 -0.08274969 -0.07908147 
1.23284674e-04 -0.09928893 -0.09308216 -0.08736921 -0.08274969 -0.07908147 
1.00000000e-04 -0.09928893 -0.09308216 -0.08736921 -0.08274969 -0.07908147 
8.11130831e-05 -0.09928893 -0.09308216 -0.08736921 -0.08274969 -0.07908147 
6.57933225e-05 -0.09928893 -0.09308216 -0.08736921 -0.08274969 -0.07908147 
5.33669923e-05 -0.09928893 -0.09308216 -0.08736921 -0.08274969 -0.07908147 
4.32876128e-05 -0.09928893 -0.09308216 -0.08736921 -0.08274969 -0.07908147 
3.51119173e-05 -0.09928893 -0.09308216 -0.08736921 -0.08274969 -0.07908147 
2.84803587e-05 -0.09928893 -0.09308216 -0.08736921 -0.08274969 -0.07908147 
2.31012970e-05 -0.09928893 -0.09308216 -0.08736921 -0.08274969 -0.07908147 
1.87381742e-05 -0.09928893 -0.09308216 -0.08736921 -0.08274969 -0.07908147 
1.51991108e-05 -0.09928893 -0.09308216 -0.08736921 -0.08274969 -0.07908147 
1.23284674e-05 -0.09928893 -0.09308216 -0.08736921 -0.08274969 -0.07908147 
1.00000000e-05 -0.09928893 -0.09308216 -0.08736921 -0.08274969 -0.07908147 
8.11130831e-06 -0.09928893 -0.09308216 -0.08736921 -0.08274969 -0.07908147 
6.57933225e-06 -0.09928893 -0.09308216 -0.08736921 -0.08274969 -0.07908147 
5.33669923e-06 -0.09928893 -0.09308216 -0.08736921 -0.08274969 -0.07908147 
4.32876128e-06 -0.09928893 -0.09308216 -0.08736921 -0.08274969 -0.07908147 
3.51119173e-06 -0.09928893 -0.09308216 -0.08736921 -0.08274969 -0.07908147 
2.84803587e-06 -0.09928893 -0.09308216 -0.08736921 -0.08274969 -0.07908147 
2.31012970e-06 -0.09928893 -0.09308216 -0.08736921 -0.08274969 -0.07908147 
1.87381742e-06 -0.09928893 -0.09308216 -0.08736921 -0.08274969 -0.07908147 
1.51991108e-06 -0.09928893 -0.09308216 -0.08736921 -0.08274969 -0.07908147 
1.23284674e-06 -0.09928893 -0.09308216 -0.08736921 -0.08274969 -0.07908147 
1.00000000e-06 -0.09928893 -0.09308216 -0.08736921 -0.08274969 -0.07908147 
8.11130831e-07 -0.09928893 -0.09308216 -0.08736921 -0.08274969 -0.07908147 
6.57933225e-07 -0.09928893 -0.09308216 -0.08736921 -0.08274969 -0.07908147 
5.33669923e-07 -0.09928893 -0.09308216 -0.08736921 -0.08274969 -0.07908147 
4.32876128e-07 -0.09928893 -0.09308216 -0.08736921 -0.08274969 -0.07908147 
3.51119173e-07 -0.09928893 -0.09308216 -0.08736921 -0.08274969 -0.07908147 
2.84803587e-07 -0.09928893 -0.09308216 -0.08736921 -0.08274969 -0.07908147 
2.31012970e-07 -0.09928893 -0.09308216 -0.08736921 -0.08274969 -0.07908147 
1.87381742e-07 -0.09928893 -0.09308216 -0.08736921 -0.08274969 -0.07908147 
1.51991108e-07 -0.09928893 -0.09308216 -0.08736921 -0.08274969 -0.07908147 
1.23284674e-07 -0.09928893 -0.09308216 -0.08736921 -0.08274969 -0.07908147 
1.00000000e-07 -0.09928893 -0.09308216 -0.08736921 -0.08274969 -0.07908147 
P (bar) | log_He: -2σ | log_He: -1σ | log_He: median | log_He: +1σ | log_He: +2σ 
1.00000000e+02 -0.86884001 -0.86263324 -0.85692028 -0.85230076 -0.84863255 
8.11130831e+01 -0.86884001 -0.86263324 -0.85692028 -0.85230076 -0.84863255 
6.57933225e+01 -0.86884001 -0.86263324 -0.85692028 -0.85230076 -0.84863255 
5.33669923e+01 -0.86884001 -0.86263324 -0.85692028 -0.85230076 -0.84863255 
4.32876128e+01 -0.86884001 -0.86263324 -0.85692028 -0.85230076 -0.84863255 
3.51119173e+01 -0.86884001 -0.86263324 -0.85692028 -0.85230076 -0.84863255 
2.84803587e+01 -0.86884001 -0.86263324 -0.85692028 -0.85230076 -0.84863255 
2.31012970e+01 -0.86884001 -0.86263324 -0.85692028 -0.85230076 -0.84863255 
1.87381742e+01 -0.86884001 -0.86263324 -0.85692028 -0.85230076 -0.84863255 
1.51991108e+01 -0.86884001 -0.86263324 -0.85692028 -0.85230076 -0.84863255 
1.23284674e+01 -0.86884001 -0.86263324 -0.85692028 -0.85230076 -0.84863255 
1.00000000e+01 -0.86884001 -0.86263324 -0.85692028 -0.85230076 -0.84863255 
8.11130831e+00 -0.86884001 -0.86263324 -0.85692028 -0.85230076 -0.84863255 
6.57933225e+00 -0.86884001 -0.86263324 -0.85692028 -0.85230076 -0.84863255 
5.33669923e+00 -0.86884001 -0.86263324 -0.85692028 -0.85230076 -0.84863255 
4.32876128e+00 -0.86884001 -0.86263324 -0.85692028 -0.85230076 -0.84863255 
3.51119173e+00 -0.86884001 -0.86263324 -0.85692028 -0.85230076 -0.84863255 
2.84803587e+00 -0.86884001 -0.86263324 -0.85692028 -0.85230076 -0.84863255 
2.31012970e+00 -0.86884001 -0.86263324 -0.85692028 -0.85230076 -0.84863255 
1.87381742e+00 -0.86884001 -0.86263324 -0.85692028 -0.85230076 -0.84863255 
1.51991108e+00 -0.86884001 -0.86263324 -0.85692028 -0.85230076 -0.84863255 
1.23284674e+00 -0.86884001 -0.86263324 -0.85692028 -0.85230076 -0.84863255 
1.00000000e+00 -0.86884001 -0.86263324 -0.85692028 -0.85230076 -0.84863255 
8.11130831e-01 -0.86884001 -0.86263324 -0.85692028 -0.85230076 -0.84863255 
6.57933225e-01 -0.86884001 -0.86263324 -0.85692028 -0.85230076 -0.84863255 
5.33669923e-01 -0.86884001 -0.86263324 -0.85692028 -0.85230076 -0.84863255 
4.32876128e-01 -0.86884001 -0.86263324 -0.85692028 -0.85230076 -0.84863255 
3.51119173e-01 -0.86884001 -0.86263324 -0.85692028 -0.85230076 -0.84863255 
2.84803587e-01 -0.86884001 -0.86263324 -0.85692028 -0.85230076 -0.84863255 
2.31012970e-01 -0.86884001 -0.86263324 -0.85692028 -0.85230076 -0.84863255 
1.87381742e-01 -0.86884001 -0.86263324 -0.85692028 -0.85230076 -0.84863255 
1.51991108e-01 -0.86884001 -0.86263324 -0.85692028 -0.85230076 -0.84863255 
1.23284674e-01 -0.86884001 -0.86263324 -0.85692028 -0.85230076 -0.84863255 
1.00000000e-01 -0.86884001 -0.86263324 -0.85692028 -0.85230076 -0.84863255 
8.11130831e-02 -0.86884001 -0.86263324 -0.85692028 -0.85230076 -0.84863255 
6.57933225e-02 -0.86884001 -0.86263324 -0.85692028 -0.85230076 -0.84863255 
5.33669923e-02 -0.86884001 -0.86263324 -0.85692028 -0.85230076 -0.84863255 
4.32876128e-02 -0.86884001 -0.86263324 -0.85692028 -0.85230076 -0.84863255 
3.51119173e-02 -0.86884001 -0.86263324 -0.85692028 -0.85230076 -0.84863255 
2.84803587e-02 -0.86884001 -0.86263324 -0.85692028 -0.85230076 -0.84863255 
2.31012970e-02 -0.86884001 -0.86263324 -0.85692028 -0.85230076 -0.84863255 
1.87381742e-02 -0.86884001 -0.86263324 -0.85692028 -0.85230076 -0.84863255 
1.51991108e-02 -0.86884001 -0.86263324 -0.85692028 -0.85230076 -0.84863255 
1.23284674e-02 -0.86884001 -0.86263324 -0.85692028 -0.85230076 -0.84863255 
1.00000000e-02 -0.86884001 -0.86263324 -0.85692028 -0.85230076 -0.84863255 
8.11130831e-03 -0.86884001 -0.86263324 -0.85692028 -0.85230076 -0.84863255 
6.57933225e-03 -0.86884001 -0.86263324 -0.85692028 -0.85230076 -0.84863255 
5.33669923e-03 -0.86884001 -0.86263324 -0.85692028 -0.85230076 -0.84863255 
4.32876128e-03 -0.86884001 -0.86263324 -0.85692028 -0.85230076 -0.84863255 
3.51119173e-03 -0.86884001 -0.86263324 -0.85692028 -0.85230076 -0.84863255 
2.84803587e-03 -0.86884001 -0.86263324 -0.85692028 -0.85230076 -0.84863255 
2.31012970e-03 -0.86884001 -0.86263324 -0.85692028 -0.85230076 -0.84863255 
1.87381742e-03 -0.86884001 -0.86263324 -0.85692028 -0.85230076 -0.84863255 
1.51991108e-03 -0.86884001 -0.86263324 -0.85692028 -0.85230076 -0.84863255 
1.23284674e-03 -0.86884001 -0.86263324 -0.85692028 -0.85230076 -0.84863255 
1.00000000e-03 -0.86884001 -0.86263324 -0.85692028 -0.85230076 -0.84863255 
8.11130831e-04 -0.86884001 -0.86263324 -0.85692028 -0.85230076 -0.84863255 
6.57933225e-04 -0.86884001 -0.86263324 -0.85692028 -0.85230076 -0.84863255 
5.33669923e-04 -0.86884001 -0.86263324 -0.85692028 -0.85230076 -0.84863255 
4.32876128e-04 -0.86884001 -0.86263324 -0.85692028 -0.85230076 -0.84863255 
3.51119173e-04 -0.86884001 -0.86263324 -0.85692028 -0.85230076 -0.84863255 
2.84803587e-04 -0.86884001 -0.86263324 -0.85692028 -0.85230076 -0.84863255 
2.31012970e-04 -0.86884001 -0.86263324 -0.85692028 -0.85230076 -0.84863255 
1.87381742e-04 -0.86884001 -0.86263324 -0.85692028 -0.85230076 -0.84863255 
1.51991108e-04 -0.86884001 -0.86263324 -0.85692028 -0.85230076 -0.84863255 
1.23284674e-04 -0.86884001 -0.86263324 -0.85692028 -0.85230076 -0.84863255 
1.00000000e-04 -0.86884001 -0.86263324 -0.85692028 -0.85230076 -0.84863255 
8.11130831e-05 -0.86884001 -0.86263324 -0.85692028 -0.85230076 -0.84863255 
6.57933225e-05 -0.86884001 -0.86263324 -0.85692028 -0.85230076 -0.84863255 
5.33669923e-05 -0.86884001 -0.86263324 -0.85692028 -0.85230076 -0.84863255 
4.32876128e-05 -0.86884001 -0.86263324 -0.85692028 -0.85230076 -0.84863255 
3.51119173e-05 -0.86884001 -0.86263324 -0.85692028 -0.85230076 -0.84863255 
2.84803587e-05 -0.86884001 -0.86263324 -0.85692028 -0.85230076 -0.84863255 
2.31012970e-05 -0.86884001 -0.86263324 -0.85692028 -0.85230076 -0.84863255 
1.87381742e-05 -0.86884001 -0.86263324 -0.85692028 -0.85230076 -0.84863255 
1.51991108e-05 -0.86884001 -0.86263324 -0.85692028 -0.85230076 -0.84863255 
1.23284674e-05 -0.86884001 -0.86263324 -0.85692028 -0.85230076 -0.84863255 
1.00000000e-05 -0.86884001 -0.86263324 -0.85692028 -0.85230076 -0.84863255 
8.11130831e-06 -0.86884001 -0.86263324 -0.85692028 -0.85230076 -0.84863255 
6.57933225e-06 -0.86884001 -0.86263324 -0.85692028 -0.85230076 -0.84863255 
5.33669923e-06 -0.86884001 -0.86263324 -0.85692028 -0.85230076 -0.84863255 
4.32876128e-06 -0.86884001 -0.86263324 -0.85692028 -0.85230076 -0.84863255 
3.51119173e-06 -0.86884001 -0.86263324 -0.85692028 -0.85230076 -0.84863255 
2.84803587e-06 -0.86884001 -0.86263324 -0.85692028 -0.85230076 -0.84863255 
2.31012970e-06 -0.86884001 -0.86263324 -0.85692028 -0.85230076 -0.84863255 
1.87381742e-06 -0.86884001 -0.86263324 -0.85692028 -0.85230076 -0.84863255 
1.51991108e-06 -0.86884001 -0.86263324 -0.85692028 -0.85230076 -0.84863255 
1.23284674e-06 -0.86884001 -0.86263324 -0.85692028 -0.85230076 -0.84863255 
1.00000000e-06 -0.86884001 -0.86263324 -0.85692028 -0.85230076 -0.84863255 
8.11130831e-07 -0.86884001 -0.86263324 -0.85692028 -0.85230076 -0.84863255 
6.57933225e-07 -0.86884001 -0.86263324 -0.85692028 -0.85230076 -0.84863255 
5.33669923e-07 -0.86884001 -0.86263324 -0.85692028 -0.85230076 -0.84863255 
4.32876128e-07 -0.86884001 -0.86263324 -0.85692028 -0.85230076 -0.84863255 
3.51119173e-07 -0.86884001 -0.86263324 -0.85692028 -0.85230076 -0.84863255 
2.84803587e-07 -0.86884001 -0.86263324 -0.85692028 -0.85230076 -0.84863255 
2.31012970e-07 -0.86884001 -0.86263324 -0.85692028 -0.85230076 -0.84863255 
1.87381742e-07 -0.86884001 -0.86263324 -0.85692028 -0.85230076 -0.84863255 
1.51991108e-07 -0.86884001 -0.86263324 -0.85692028 -0.85230076 -0.84863255 
1.23284674e-07 -0.86884001 -0.86263324 -0.85692028 -0.85230076 -0.84863255 
1.00000000e-07 -0.86884001 -0.86263324 -0.85692028 -0.85230076 -0.84863255 
P (bar) | log_H2O: -2σ | log_H2O: -1σ | log_H2O: median | log_H2O: +1σ | log_H2O: +2σ 
1.00000000e+02 -1.75432645 -1.58668762 -1.43892725 -1.29415493 -1.18643026 
8.11130831e+01 -1.75432645 -1.58668762 -1.43892725 -1.29415493 -1.18643026 
6.57933225e+01 -1.75432645 -1.58668762 -1.43892725 -1.29415493 -1.18643026 
5.33669923e+01 -1.75432645 -1.58668762 -1.43892725 -1.29415493 -1.18643026 
4.32876128e+01 -1.75432645 -1.58668762 -1.43892725 -1.29415493 -1.18643026 
3.51119173e+01 -1.75432645 -1.58668762 -1.43892725 -1.29415493 -1.18643026 
2.84803587e+01 -1.75432645 -1.58668762 -1.43892725 -1.29415493 -1.18643026 
2.31012970e+01 -1.75432645 -1.58668762 -1.43892725 -1.29415493 -1.18643026 
1.87381742e+01 -1.75432645 -1.58668762 -1.43892725 -1.29415493 -1.18643026 
1.51991108e+01 -1.75432645 -1.58668762 -1.43892725 -1.29415493 -1.18643026 
1.23284674e+01 -1.75432645 -1.58668762 -1.43892725 -1.29415493 -1.18643026 
1.00000000e+01 -1.75432645 -1.58668762 -1.43892725 -1.29415493 -1.18643026 
8.11130831e+00 -1.75432645 -1.58668762 -1.43892725 -1.29415493 -1.18643026 
6.57933225e+00 -1.75432645 -1.58668762 -1.43892725 -1.29415493 -1.18643026 
5.33669923e+00 -1.75432645 -1.58668762 -1.43892725 -1.29415493 -1.18643026 
4.32876128e+00 -1.75432645 -1.58668762 -1.43892725 -1.29415493 -1.18643026 
3.51119173e+00 -1.75432645 -1.58668762 -1.43892725 -1.29415493 -1.18643026 
2.84803587e+00 -1.75432645 -1.58668762 -1.43892725 -1.29415493 -1.18643026 
2.31012970e+00 -1.75432645 -1.58668762 -1.43892725 -1.29415493 -1.18643026 
1.87381742e+00 -1.75432645 -1.58668762 -1.43892725 -1.29415493 -1.18643026 
1.51991108e+00 -1.75432645 -1.58668762 -1.43892725 -1.29415493 -1.18643026 
1.23284674e+00 -1.75432645 -1.58668762 -1.43892725 -1.29415493 -1.18643026 
1.00000000e+00 -1.75432645 -1.58668762 -1.43892725 -1.29415493 -1.18643026 
8.11130831e-01 -1.75432645 -1.58668762 -1.43892725 -1.29415493 -1.18643026 
6.57933225e-01 -1.75432645 -1.58668762 -1.43892725 -1.29415493 -1.18643026 
5.33669923e-01 -1.75432645 -1.58668762 -1.43892725 -1.29415493 -1.18643026 
4.32876128e-01 -1.75432645 -1.58668762 -1.43892725 -1.29415493 -1.18643026 
3.51119173e-01 -1.75432645 -1.58668762 -1.43892725 -1.29415493 -1.18643026 
2.84803587e-01 -1.75432645 -1.58668762 -1.43892725 -1.29415493 -1.18643026 
2.31012970e-01 -1.75432645 -1.58668762 -1.43892725 -1.29415493 -1.18643026 
1.87381742e-01 -1.75432645 -1.58668762 -1.43892725 -1.29415493 -1.18643026 
1.51991108e-01 -1.75432645 -1.58668762 -1.43892725 -1.29415493 -1.18643026 
1.23284674e-01 -1.75432645 -1.58668762 -1.43892725 -1.29415493 -1.18643026 
1.00000000e-01 -1.75432645 -1.58668762 -1.43892725 -1.29415493 -1.18643026 
8.11130831e-02 -1.75432645 -1.58668762 -1.43892725 -1.29415493 -1.18643026 
6.57933225e-02 -1.75432645 -1.58668762 -1.43892725 -1.29415493 -1.18643026 
5.33669923e-02 -1.75432645 -1.58668762 -1.43892725 -1.29415493 -1.18643026 
4.32876128e-02 -1.75432645 -1.58668762 -1.43892725 -1.29415493 -1.18643026 
3.51119173e-02 -1.75432645 -1.58668762 -1.43892725 -1.29415493 -1.18643026 
2.84803587e-02 -1.75432645 -1.58668762 -1.43892725 -1.29415493 -1.18643026 
2.31012970e-02 -1.75432645 -1.58668762 -1.43892725 -1.29415493 -1.18643026 
1.87381742e-02 -1.75432645 -1.58668762 -1.43892725 -1.29415493 -1.18643026 
1.51991108e-02 -1.75432645 -1.58668762 -1.43892725 -1.29415493 -1.18643026 
1.23284674e-02 -1.75432645 -1.58668762 -1.43892725 -1.29415493 -1.18643026 
1.00000000e-02 -1.75432645 -1.58668762 -1.43892725 -1.29415493 -1.18643026 
8.11130831e-03 -1.75432645 -1.58668762 -1.43892725 -1.29415493 -1.18643026 
6.57933225e-03 -1.75432645 -1.58668762 -1.43892725 -1.29415493 -1.18643026 
5.33669923e-03 -1.75432645 -1.58668762 -1.43892725 -1.29415493 -1.18643026 
4.32876128e-03 -1.75432645 -1.58668762 -1.43892725 -1.29415493 -1.18643026 
3.51119173e-03 -1.75432645 -1.58668762 -1.43892725 -1.29415493 -1.18643026 
2.84803587e-03 -1.75432645 -1.58668762 -1.43892725 -1.29415493 -1.18643026 
2.31012970e-03 -1.75432645 -1.58668762 -1.43892725 -1.29415493 -1.18643026 
1.87381742e-03 -1.75432645 -1.58668762 -1.43892725 -1.29415493 -1.18643026 
1.51991108e-03 -1.75432645 -1.58668762 -1.43892725 -1.29415493 -1.18643026 
1.23284674e-03 -1.75432645 -1.58668762 -1.43892725 -1.29415493 -1.18643026 
1.00000000e-03 -1.75432645 -1.58668762 -1.43892725 -1.29415493 -1.18643026 
8.11130831e-04 -1.75432645 -1.58668762 -1.43892725 -1.29415493 -1.18643026 
6.57933225e-04 -1.75432645 -1.58668762 -1.43892725 -1.29415493 -1.18643026 
5.33669923e-04 -1.75432645 -1.58668762 -1.43892725 -1.29415493 -1.18643026 
4.32876128e-04 -1.75432645 -1.58668762 -1.43892725 -1.29415493 -1.18643026 
3.51119173e-04 -1.75432645 -1.58668762 -1.43892725 -1.29415493 -1.18643026 
2.84803587e-04 -1.75432645 -1.58668762 -1.43892725 -1.29415493 -1.18643026 
2.31012970e-04 -1.75432645 -1.58668762 -1.43892725 -1.29415493 -1.18643026 
1.87381742e-04 -1.75432645 -1.58668762 -1.43892725 -1.29415493 -1.18643026 
1.51991108e-04 -1.75432645 -1.58668762 -1.43892725 -1.29415493 -1.18643026 
1.23284674e-04 -1.75432645 -1.58668762 -1.43892725 -1.29415493 -1.18643026 
1.00000000e-04 -1.75432645 -1.58668762 -1.43892725 -1.29415493 -1.18643026 
8.11130831e-05 -1.75432645 -1.58668762 -1.43892725 -1.29415493 -1.18643026 
6.57933225e-05 -1.75432645 -1.58668762 -1.43892725 -1.29415493 -1.18643026 
5.33669923e-05 -1.75432645 -1.58668762 -1.43892725 -1.29415493 -1.18643026 
4.32876128e-05 -1.75432645 -1.58668762 -1.43892725 -1.29415493 -1.18643026 
3.51119173e-05 -1.75432645 -1.58668762 -1.43892725 -1.29415493 -1.18643026 
2.84803587e-05 -1.75432645 -1.58668762 -1.43892725 -1.29415493 -1.18643026 
2.31012970e-05 -1.75432645 -1.58668762 -1.43892725 -1.29415493 -1.18643026 
1.87381742e-05 -1.75432645 -1.58668762 -1.43892725 -1.29415493 -1.18643026 
1.51991108e-05 -1.75432645 -1.58668762 -1.43892725 -1.29415493 -1.18643026 
1.23284674e-05 -1.75432645 -1.58668762 -1.43892725 -1.29415493 -1.18643026 
1.00000000e-05 -1.75432645 -1.58668762 -1.43892725 -1.29415493 -1.18643026 
8.11130831e-06 -1.75432645 -1.58668762 -1.43892725 -1.29415493 -1.18643026 
6.57933225e-06 -1.75432645 -1.58668762 -1.43892725 -1.29415493 -1.18643026 
5.33669923e-06 -1.75432645 -1.58668762 -1.43892725 -1.29415493 -1.18643026 
4.32876128e-06 -1.75432645 -1.58668762 -1.43892725 -1.29415493 -1.18643026 
3.51119173e-06 -1.75432645 -1.58668762 -1.43892725 -1.29415493 -1.18643026 
2.84803587e-06 -1.75432645 -1.58668762 -1.43892725 -1.29415493 -1.18643026 
2.31012970e-06 -1.75432645 -1.58668762 -1.43892725 -1.29415493 -1.18643026 
1.87381742e-06 -1.75432645 -1.58668762 -1.43892725 -1.29415493 -1.18643026 
1.51991108e-06 -1.75432645 -1.58668762 -1.43892725 -1.29415493 -1.18643026 
1.23284674e-06 -1.75432645 -1.58668762 -1.43892725 -1.29415493 -1.18643026 
1.00000000e-06 -1.75432645 -1.58668762 -1.43892725 -1.29415493 -1.18643026 
8.11130831e-07 -1.75432645 -1.58668762 -1.43892725 -1.29415493 -1.18643026 
6.57933225e-07 -1.75432645 -1.58668762 -1.43892725 -1.29415493 -1.18643026 
5.33669923e-07 -1.75432645 -1.58668762 -1.43892725 -1.29415493 -1.18643026 
4.32876128e-07 -1.75432645 -1.58668762 -1.43892725 -1.29415493 -1.18643026 
3.51119173e-07 -1.75432645 -1.58668762 -1.43892725 -1.29415493 -1.18643026 
2.84803587e-07 -1.75432645 -1.58668762 -1.43892725 -1.29415493 -1.18643026 
2.31012970e-07 -1.75432645 -1.58668762 -1.43892725 -1.29415493 -1.18643026 
1.87381742e-07 -1.75432645 -1.58668762 -1.43892725 -1.29415493 -1.18643026 
1.51991108e-07 -1.75432645 -1.58668762 -1.43892725 -1.29415493 -1.18643026 
1.23284674e-07 -1.75432645 -1.58668762 -1.43892725 -1.29415493 -1.18643026 
1.00000000e-07 -1.75432645 -1.58668762 -1.43892725 -1.29415493 -1.18643026 
P (bar) | log_CO2: -2σ | log_CO2: -1σ | log_CO2: median | log_CO2: +1σ | log_CO2: +2σ 
1.00000000e+02 -10.79734858 -9.86825882 -7.58163363 -5.51636869 -4.55557033 
8.11130831e+01 -10.79734858 -9.86825882 -7.58163363 -5.51636869 -4.55557033 
6.57933225e+01 -10.79734858 -9.86825882 -7.58163363 -5.51636869 -4.55557033 
5.33669923e+01 -10.79734858 -9.86825882 -7.58163363 -5.51636869 -4.55557033 
4.32876128e+01 -10.79734858 -9.86825882 -7.58163363 -5.51636869 -4.55557033 
3.51119173e+01 -10.79734858 -9.86825882 -7.58163363 -5.51636869 -4.55557033 
2.84803587e+01 -10.79734858 -9.86825882 -7.58163363 -5.51636869 -4.55557033 
2.31012970e+01 -10.79734858 -9.86825882 -7.58163363 -5.51636869 -4.55557033 
1.87381742e+01 -10.79734858 -9.86825882 -7.58163363 -5.51636869 -4.55557033 
1.51991108e+01 -10.79734858 -9.86825882 -7.58163363 -5.51636869 -4.55557033 
1.23284674e+01 -10.79734858 -9.86825882 -7.58163363 -5.51636869 -4.55557033 
1.00000000e+01 -10.79734858 -9.86825882 -7.58163363 -5.51636869 -4.55557033 
8.11130831e+00 -10.79734858 -9.86825882 -7.58163363 -5.51636869 -4.55557033 
6.57933225e+00 -10.79734858 -9.86825882 -7.58163363 -5.51636869 -4.55557033 
5.33669923e+00 -10.79734858 -9.86825882 -7.58163363 -5.51636869 -4.55557033 
4.32876128e+00 -10.79734858 -9.86825882 -7.58163363 -5.51636869 -4.55557033 
3.51119173e+00 -10.79734858 -9.86825882 -7.58163363 -5.51636869 -4.55557033 
2.84803587e+00 -10.79734858 -9.86825882 -7.58163363 -5.51636869 -4.55557033 
2.31012970e+00 -10.79734858 -9.86825882 -7.58163363 -5.51636869 -4.55557033 
1.87381742e+00 -10.79734858 -9.86825882 -7.58163363 -5.51636869 -4.55557033 
1.51991108e+00 -10.79734858 -9.86825882 -7.58163363 -5.51636869 -4.55557033 
1.23284674e+00 -10.79734858 -9.86825882 -7.58163363 -5.51636869 -4.55557033 
1.00000000e+00 -10.79734858 -9.86825882 -7.58163363 -5.51636869 -4.55557033 
8.11130831e-01 -10.79734858 -9.86825882 -7.58163363 -5.51636869 -4.55557033 
6.57933225e-01 -10.79734858 -9.86825882 -7.58163363 -5.51636869 -4.55557033 
5.33669923e-01 -10.79734858 -9.86825882 -7.58163363 -5.51636869 -4.55557033 
4.32876128e-01 -10.79734858 -9.86825882 -7.58163363 -5.51636869 -4.55557033 
3.51119173e-01 -10.79734858 -9.86825882 -7.58163363 -5.51636869 -4.55557033 
2.84803587e-01 -10.79734858 -9.86825882 -7.58163363 -5.51636869 -4.55557033 
2.31012970e-01 -10.79734858 -9.86825882 -7.58163363 -5.51636869 -4.55557033 
1.87381742e-01 -10.79734858 -9.86825882 -7.58163363 -5.51636869 -4.55557033 
1.51991108e-01 -10.79734858 -9.86825882 -7.58163363 -5.51636869 -4.55557033 
1.23284674e-01 -10.79734858 -9.86825882 -7.58163363 -5.51636869 -4.55557033 
1.00000000e-01 -10.79734858 -9.86825882 -7.58163363 -5.51636869 -4.55557033 
8.11130831e-02 -10.79734858 -9.86825882 -7.58163363 -5.51636869 -4.55557033 
6.57933225e-02 -10.79734858 -9.86825882 -7.58163363 -5.51636869 -4.55557033 
5.33669923e-02 -10.79734858 -9.86825882 -7.58163363 -5.51636869 -4.55557033 
4.32876128e-02 -10.79734858 -9.86825882 -7.58163363 -5.51636869 -4.55557033 
3.51119173e-02 -10.79734858 -9.86825882 -7.58163363 -5.51636869 -4.55557033 
2.84803587e-02 -10.79734858 -9.86825882 -7.58163363 -5.51636869 -4.55557033 
2.31012970e-02 -10.79734858 -9.86825882 -7.58163363 -5.51636869 -4.55557033 
1.87381742e-02 -10.79734858 -9.86825882 -7.58163363 -5.51636869 -4.55557033 
1.51991108e-02 -10.79734858 -9.86825882 -7.58163363 -5.51636869 -4.55557033 
1.23284674e-02 -10.79734858 -9.86825882 -7.58163363 -5.51636869 -4.55557033 
1.00000000e-02 -10.79734858 -9.86825882 -7.58163363 -5.51636869 -4.55557033 
8.11130831e-03 -10.79734858 -9.86825882 -7.58163363 -5.51636869 -4.55557033 
6.57933225e-03 -10.79734858 -9.86825882 -7.58163363 -5.51636869 -4.55557033 
5.33669923e-03 -10.79734858 -9.86825882 -7.58163363 -5.51636869 -4.55557033 
4.32876128e-03 -10.79734858 -9.86825882 -7.58163363 -5.51636869 -4.55557033 
3.51119173e-03 -10.79734858 -9.86825882 -7.58163363 -5.51636869 -4.55557033 
2.84803587e-03 -10.79734858 -9.86825882 -7.58163363 -5.51636869 -4.55557033 
2.31012970e-03 -10.79734858 -9.86825882 -7.58163363 -5.51636869 -4.55557033 
1.87381742e-03 -10.79734858 -9.86825882 -7.58163363 -5.51636869 -4.55557033 
1.51991108e-03 -10.79734858 -9.86825882 -7.58163363 -5.51636869 -4.55557033 
1.23284674e-03 -10.79734858 -9.86825882 -7.58163363 -5.51636869 -4.55557033 
1.00000000e-03 -10.79734858 -9.86825882 -7.58163363 -5.51636869 -4.55557033 
8.11130831e-04 -10.79734858 -9.86825882 -7.58163363 -5.51636869 -4.55557033 
6.57933225e-04 -10.79734858 -9.86825882 -7.58163363 -5.51636869 -4.55557033 
5.33669923e-04 -10.79734858 -9.86825882 -7.58163363 -5.51636869 -4.55557033 
4.32876128e-04 -10.79734858 -9.86825882 -7.58163363 -5.51636869 -4.55557033 
3.51119173e-04 -10.79734858 -9.86825882 -7.58163363 -5.51636869 -4.55557033 
2.84803587e-04 -10.79734858 -9.86825882 -7.58163363 -5.51636869 -4.55557033 
2.31012970e-04 -10.79734858 -9.86825882 -7.58163363 -5.51636869 -4.55557033 
1.87381742e-04 -10.79734858 -9.86825882 -7.58163363 -5.51636869 -4.55557033 
1.51991108e-04 -10.79734858 -9.86825882 -7.58163363 -5.51636869 -4.55557033 
1.23284674e-04 -10.79734858 -9.86825882 -7.58163363 -5.51636869 -4.55557033 
1.00000000e-04 -10.79734858 -9.86825882 -7.58163363 -5.51636869 -4.55557033 
8.11130831e-05 -10.79734858 -9.86825882 -7.58163363 -5.51636869 -4.55557033 
6.57933225e-05 -10.79734858 -9.86825882 -7.58163363 -5.51636869 -4.55557033 
5.33669923e-05 -10.79734858 -9.86825882 -7.58163363 -5.51636869 -4.55557033 
4.32876128e-05 -10.79734858 -9.86825882 -7.58163363 -5.51636869 -4.55557033 
3.51119173e-05 -10.79734858 -9.86825882 -7.58163363 -5.51636869 -4.55557033 
2.84803587e-05 -10.79734858 -9.86825882 -7.58163363 -5.51636869 -4.55557033 
2.31012970e-05 -10.79734858 -9.86825882 -7.58163363 -5.51636869 -4.55557033 
1.87381742e-05 -10.79734858 -9.86825882 -7.58163363 -5.51636869 -4.55557033 
1.51991108e-05 -10.79734858 -9.86825882 -7.58163363 -5.51636869 -4.55557033 
1.23284674e-05 -10.79734858 -9.86825882 -7.58163363 -5.51636869 -4.55557033 
1.00000000e-05 -10.79734858 -9.86825882 -7.58163363 -5.51636869 -4.55557033 
8.11130831e-06 -10.79734858 -9.86825882 -7.58163363 -5.51636869 -4.55557033 
6.57933225e-06 -10.79734858 -9.86825882 -7.58163363 -5.51636869 -4.55557033 
5.33669923e-06 -10.79734858 -9.86825882 -7.58163363 -5.51636869 -4.55557033 
4.32876128e-06 -10.79734858 -9.86825882 -7.58163363 -5.51636869 -4.55557033 
3.51119173e-06 -10.79734858 -9.86825882 -7.58163363 -5.51636869 -4.55557033 
2.84803587e-06 -10.79734858 -9.86825882 -7.58163363 -5.51636869 -4.55557033 
2.31012970e-06 -10.79734858 -9.86825882 -7.58163363 -5.51636869 -4.55557033 
1.87381742e-06 -10.79734858 -9.86825882 -7.58163363 -5.51636869 -4.55557033 
1.51991108e-06 -10.79734858 -9.86825882 -7.58163363 -5.51636869 -4.55557033 
1.23284674e-06 -10.79734858 -9.86825882 -7.58163363 -5.51636869 -4.55557033 
1.00000000e-06 -10.79734858 -9.86825882 -7.58163363 -5.51636869 -4.55557033 
8.11130831e-07 -10.79734858 -9.86825882 -7.58163363 -5.51636869 -4.55557033 
6.57933225e-07 -10.79734858 -9.86825882 -7.58163363 -5.51636869 -4.55557033 
5.33669923e-07 -10.79734858 -9.86825882 -7.58163363 -5.51636869 -4.55557033 
4.32876128e-07 -10.79734858 -9.86825882 -7.58163363 -5.51636869 -4.55557033 
3.51119173e-07 -10.79734858 -9.86825882 -7.58163363 -5.51636869 -4.55557033 
2.84803587e-07 -10.79734858 -9.86825882 -7.58163363 -5.51636869 -4.55557033 
2.31012970e-07 -10.79734858 -9.86825882 -7.58163363 -5.51636869 -4.55557033 
1.87381742e-07 -10.79734858 -9.86825882 -7.58163363 -5.51636869 -4.55557033 
1.51991108e-07 -10.79734858 -9.86825882 -7.58163363 -5.51636869 -4.55557033 
1.23284674e-07 -10.79734858 -9.86825882 -7.58163363 -5.51636869 -4.55557033 
1.00000000e-07 -10.79734858 -9.86825882 -7.58163363 -5.51636869 -4.55557033 
P (bar) | log_CO: -2σ | log_CO: -1σ | log_CO: median | log_CO: +1σ | log_CO: +2σ 
1.00000000e+02 -3.42246115 -3.04328358 -2.38870423 -1.92312812 -1.66265750 
8.11130831e+01 -3.42246115 -3.04328358 -2.38870423 -1.92312812 -1.66265750 
6.57933225e+01 -3.42246115 -3.04328358 -2.38870423 -1.92312812 -1.66265750 
5.33669923e+01 -3.42246115 -3.04328358 -2.38870423 -1.92312812 -1.66265750 
4.32876128e+01 -3.42246115 -3.04328358 -2.38870423 -1.92312812 -1.66265750 
3.51119173e+01 -3.42246115 -3.04328358 -2.38870423 -1.92312812 -1.66265750 
2.84803587e+01 -3.42246115 -3.04328358 -2.38870423 -1.92312812 -1.66265750 
2.31012970e+01 -3.42246115 -3.04328358 -2.38870423 -1.92312812 -1.66265750 
1.87381742e+01 -3.42246115 -3.04328358 -2.38870423 -1.92312812 -1.66265750 
1.51991108e+01 -3.42246115 -3.04328358 -2.38870423 -1.92312812 -1.66265750 
1.23284674e+01 -3.42246115 -3.04328358 -2.38870423 -1.92312812 -1.66265750 
1.00000000e+01 -3.42246115 -3.04328358 -2.38870423 -1.92312812 -1.66265750 
8.11130831e+00 -3.42246115 -3.04328358 -2.38870423 -1.92312812 -1.66265750 
6.57933225e+00 -3.42246115 -3.04328358 -2.38870423 -1.92312812 -1.66265750 
5.33669923e+00 -3.42246115 -3.04328358 -2.38870423 -1.92312812 -1.66265750 
4.32876128e+00 -3.42246115 -3.04328358 -2.38870423 -1.92312812 -1.66265750 
3.51119173e+00 -3.42246115 -3.04328358 -2.38870423 -1.92312812 -1.66265750 
2.84803587e+00 -3.42246115 -3.04328358 -2.38870423 -1.92312812 -1.66265750 
2.31012970e+00 -3.42246115 -3.04328358 -2.38870423 -1.92312812 -1.66265750 
1.87381742e+00 -3.42246115 -3.04328358 -2.38870423 -1.92312812 -1.66265750 
1.51991108e+00 -3.42246115 -3.04328358 -2.38870423 -1.92312812 -1.66265750 
1.23284674e+00 -3.42246115 -3.04328358 -2.38870423 -1.92312812 -1.66265750 
1.00000000e+00 -3.42246115 -3.04328358 -2.38870423 -1.92312812 -1.66265750 
8.11130831e-01 -3.42246115 -3.04328358 -2.38870423 -1.92312812 -1.66265750 
6.57933225e-01 -3.42246115 -3.04328358 -2.38870423 -1.92312812 -1.66265750 
5.33669923e-01 -3.42246115 -3.04328358 -2.38870423 -1.92312812 -1.66265750 
4.32876128e-01 -3.42246115 -3.04328358 -2.38870423 -1.92312812 -1.66265750 
3.51119173e-01 -3.42246115 -3.04328358 -2.38870423 -1.92312812 -1.66265750 
2.84803587e-01 -3.42246115 -3.04328358 -2.38870423 -1.92312812 -1.66265750 
2.31012970e-01 -3.42246115 -3.04328358 -2.38870423 -1.92312812 -1.66265750 
1.87381742e-01 -3.42246115 -3.04328358 -2.38870423 -1.92312812 -1.66265750 
1.51991108e-01 -3.42246115 -3.04328358 -2.38870423 -1.92312812 -1.66265750 
1.23284674e-01 -3.42246115 -3.04328358 -2.38870423 -1.92312812 -1.66265750 
1.00000000e-01 -3.42246115 -3.04328358 -2.38870423 -1.92312812 -1.66265750 
8.11130831e-02 -3.42246115 -3.04328358 -2.38870423 -1.92312812 -1.66265750 
6.57933225e-02 -3.42246115 -3.04328358 -2.38870423 -1.92312812 -1.66265750 
5.33669923e-02 -3.42246115 -3.04328358 -2.38870423 -1.92312812 -1.66265750 
4.32876128e-02 -3.42246115 -3.04328358 -2.38870423 -1.92312812 -1.66265750 
3.51119173e-02 -3.42246115 -3.04328358 -2.38870423 -1.92312812 -1.66265750 
2.84803587e-02 -3.42246115 -3.04328358 -2.38870423 -1.92312812 -1.66265750 
2.31012970e-02 -3.42246115 -3.04328358 -2.38870423 -1.92312812 -1.66265750 
1.87381742e-02 -3.42246115 -3.04328358 -2.38870423 -1.92312812 -1.66265750 
1.51991108e-02 -3.42246115 -3.04328358 -2.38870423 -1.92312812 -1.66265750 
1.23284674e-02 -3.42246115 -3.04328358 -2.38870423 -1.92312812 -1.66265750 
1.00000000e-02 -3.42246115 -3.04328358 -2.38870423 -1.92312812 -1.66265750 
8.11130831e-03 -3.42246115 -3.04328358 -2.38870423 -1.92312812 -1.66265750 
6.57933225e-03 -3.42246115 -3.04328358 -2.38870423 -1.92312812 -1.66265750 
5.33669923e-03 -3.42246115 -3.04328358 -2.38870423 -1.92312812 -1.66265750 
4.32876128e-03 -3.42246115 -3.04328358 -2.38870423 -1.92312812 -1.66265750 
3.51119173e-03 -3.42246115 -3.04328358 -2.38870423 -1.92312812 -1.66265750 
2.84803587e-03 -3.42246115 -3.04328358 -2.38870423 -1.92312812 -1.66265750 
2.31012970e-03 -3.42246115 -3.04328358 -2.38870423 -1.92312812 -1.66265750 
1.87381742e-03 -3.42246115 -3.04328358 -2.38870423 -1.92312812 -1.66265750 
1.51991108e-03 -3.42246115 -3.04328358 -2.38870423 -1.92312812 -1.66265750 
1.23284674e-03 -3.42246115 -3.04328358 -2.38870423 -1.92312812 -1.66265750 
1.00000000e-03 -3.42246115 -3.04328358 -2.38870423 -1.92312812 -1.66265750 
8.11130831e-04 -3.42246115 -3.04328358 -2.38870423 -1.92312812 -1.66265750 
6.57933225e-04 -3.42246115 -3.04328358 -2.38870423 -1.92312812 -1.66265750 
5.33669923e-04 -3.42246115 -3.04328358 -2.38870423 -1.92312812 -1.66265750 
4.32876128e-04 -3.42246115 -3.04328358 -2.38870423 -1.92312812 -1.66265750 
3.51119173e-04 -3.42246115 -3.04328358 -2.38870423 -1.92312812 -1.66265750 
2.84803587e-04 -3.42246115 -3.04328358 -2.38870423 -1.92312812 -1.66265750 
2.31012970e-04 -3.42246115 -3.04328358 -2.38870423 -1.92312812 -1.66265750 
1.87381742e-04 -3.42246115 -3.04328358 -2.38870423 -1.92312812 -1.66265750 
1.51991108e-04 -3.42246115 -3.04328358 -2.38870423 -1.92312812 -1.66265750 
1.23284674e-04 -3.42246115 -3.04328358 -2.38870423 -1.92312812 -1.66265750 
1.00000000e-04 -3.42246115 -3.04328358 -2.38870423 -1.92312812 -1.66265750 
8.11130831e-05 -3.42246115 -3.04328358 -2.38870423 -1.92312812 -1.66265750 
6.57933225e-05 -3.42246115 -3.04328358 -2.38870423 -1.92312812 -1.66265750 
5.33669923e-05 -3.42246115 -3.04328358 -2.38870423 -1.92312812 -1.66265750 
4.32876128e-05 -3.42246115 -3.04328358 -2.38870423 -1.92312812 -1.66265750 
3.51119173e-05 -3.42246115 -3.04328358 -2.38870423 -1.92312812 -1.66265750 
2.84803587e-05 -3.42246115 -3.04328358 -2.38870423 -1.92312812 -1.66265750 
2.31012970e-05 -3.42246115 -3.04328358 -2.38870423 -1.92312812 -1.66265750 
1.87381742e-05 -3.42246115 -3.04328358 -2.38870423 -1.92312812 -1.66265750 
1.51991108e-05 -3.42246115 -3.04328358 -2.38870423 -1.92312812 -1.66265750 
1.23284674e-05 -3.42246115 -3.04328358 -2.38870423 -1.92312812 -1.66265750 
1.00000000e-05 -3.42246115 -3.04328358 -2.38870423 -1.92312812 -1.66265750 
8.11130831e-06 -3.42246115 -3.04328358 -2.38870423 -1.92312812 -1.66265750 
6.57933225e-06 -3.42246115 -3.04328358 -2.38870423 -1.92312812 -1.66265750 
5.33669923e-06 -3.42246115 -3.04328358 -2.38870423 -1.92312812 -1.66265750 
4.32876128e-06 -3.42246115 -3.04328358 -2.38870423 -1.92312812 -1.66265750 
3.51119173e-06 -3.42246115 -3.04328358 -2.38870423 -1.92312812 -1.66265750 
2.84803587e-06 -3.42246115 -3.04328358 -2.38870423 -1.92312812 -1.66265750 
2.31012970e-06 -3.42246115 -3.04328358 -2.38870423 -1.92312812 -1.66265750 
1.87381742e-06 -3.42246115 -3.04328358 -2.38870423 -1.92312812 -1.66265750 
1.51991108e-06 -3.42246115 -3.04328358 -2.38870423 -1.92312812 -1.66265750 
1.23284674e-06 -3.42246115 -3.04328358 -2.38870423 -1.92312812 -1.66265750 
1.00000000e-06 -3.42246115 -3.04328358 -2.38870423 -1.92312812 -1.66265750 
8.11130831e-07 -3.42246115 -3.04328358 -2.38870423 -1.92312812 -1.66265750 
6.57933225e-07 -3.42246115 -3.04328358 -2.38870423 -1.92312812 -1.66265750 
5.33669923e-07 -3.42246115 -3.04328358 -2.38870423 -1.92312812 -1.66265750 
4.32876128e-07 -3.42246115 -3.04328358 -2.38870423 -1.92312812 -1.66265750 
3.51119173e-07 -3.42246115 -3.04328358 -2.38870423 -1.92312812 -1.66265750 
2.84803587e-07 -3.42246115 -3.04328358 -2.38870423 -1.92312812 -1.66265750 
2.31012970e-07 -3.42246115 -3.04328358 -2.38870423 -1.92312812 -1.66265750 
1.87381742e-07 -3.42246115 -3.04328358 -2.38870423 -1.92312812 -1.66265750 
1.51991108e-07 -3.42246115 -3.04328358 -2.38870423 -1.92312812 -1.66265750 
1.23284674e-07 -3.42246115 -3.04328358 -2.38870423 -1.92312812 -1.66265750 
1.00000000e-07 -3.42246115 -3.04328358 -2.38870423 -1.92312812 -1.66265750 
