Chemical species: H2 He H2O K CO
P (bar) | log_H2: -2σ | log_H2: -1σ | log_H2: median | log_H2: +1σ | log_H2: +2σ 
1.00000000e+02 -0.10167320 -0.09600580 -0.09048228 -0.08526051 -0.08145643 
8.11130831e+01 -0.10167320 -0.09600580 -0.09048228 -0.08526051 -0.08145643 
6.57933225e+01 -0.10167320 -0.09600580 -0.09048228 -0.08526051 -0.08145643 
5.33669923e+01 -0.10167320 -0.09600580 -0.09048228 -0.08526051 -0.08145643 
4.32876128e+01 -0.10167320 -0.09600580 -0.09048228 -0.08526051 -0.08145643 
3.51119173e+01 -0.10167320 -0.09600580 -0.09048228 -0.08526051 -0.08145643 
2.84803587e+01 -0.10167320 -0.09600580 -0.09048228 -0.08526051 -0.08145643 
2.31012970e+01 -0.10167320 -0.09600580 -0.09048228 -0.08526051 -0.08145643 
1.87381742e+01 -0.10167320 -0.09600580 -0.09048228 -0.08526051 -0.08145643 
1.51991108e+01 -0.10167320 -0.09600580 -0.09048228 -0.08526051 -0.08145643 
1.23284674e+01 -0.10167320 -0.09600580 -0.09048228 -0.08526051 -0.08145643 
1.00000000e+01 -0.10167320 -0.09600580 -0.09048228 -0.08526051 -0.08145643 
8.11130831e+00 -0.10167320 -0.09600580 -0.09048228 -0.08526051 -0.08145643 
6.57933225e+00 -0.10167320 -0.09600580 -0.09048228 -0.08526051 -0.08145643 
5.33669923e+00 -0.10167320 -0.09600580 -0.09048228 -0.08526051 -0.08145643 
4.32876128e+00 -0.10167320 -0.09600580 -0.09048228 -0.08526051 -0.08145643 
3.51119173e+00 -0.10167320 -0.09600580 -0.09048228 -0.08526051 -0.08145643 
2.84803587e+00 -0.10167320 -0.09600580 -0.09048228 -0.08526051 -0.08145643 
2.31012970e+00 -0.10167320 -0.09600580 -0.09048228 -0.08526051 -0.08145643 
1.87381742e+00 -0.10167320 -0.09600580 -0.09048228 -0.08526051 -0.08145643 
1.51991108e+00 -0.10167320 -0.09600580 -0.09048228 -0.08526051 -0.08145643 
1.23284674e+00 -0.10167320 -0.09600580 -0.09048228 -0.08526051 -0.08145643 
1.00000000e+00 -0.10167320 -0.09600580 -0.09048228 -0.08526051 -0.08145643 
8.11130831e-01 -0.10167320 -0.09600580 -0.09048228 -0.08526051 -0.08145643 
6.57933225e-01 -0.10167320 -0.09600580 -0.09048228 -0.08526051 -0.08145643 
5.33669923e-01 -0.10167320 -0.09600580 -0.09048228 -0.08526051 -0.08145643 
4.32876128e-01 -0.10167320 -0.09600580 -0.09048228 -0.08526051 -0.08145643 
3.51119173e-01 -0.10167320 -0.09600580 -0.09048228 -0.08526051 -0.08145643 
2.84803587e-01 -0.10167320 -0.09600580 -0.09048228 -0.08526051 -0.08145643 
2.31012970e-01 -0.10167320 -0.09600580 -0.09048228 -0.08526051 -0.08145643 
1.87381742e-01 -0.10167320 -0.09600580 -0.09048228 -0.08526051 -0.08145643 
1.51991108e-01 -0.10167320 -0.09600580 -0.09048228 -0.08526051 -0.08145643 
1.23284674e-01 -0.10167320 -0.09600580 -0.09048228 -0.08526051 -0.08145643 
1.00000000e-01 -0.10167320 -0.09600580 -0.09048228 -0.08526051 -0.08145643 
8.11130831e-02 -0.10167320 -0.09600580 -0.09048228 -0.08526051 -0.08145643 
6.57933225e-02 -0.10167320 -0.09600580 -0.09048228 -0.08526051 -0.08145643 
5.33669923e-02 -0.10167320 -0.09600580 -0.09048228 -0.08526051 -0.08145643 
4.32876128e-02 -0.10167320 -0.09600580 -0.09048228 -0.08526051 -0.08145643 
3.51119173e-02 -0.10167320 -0.09600580 -0.09048228 -0.08526051 -0.08145643 
2.84803587e-02 -0.10167320 -0.09600580 -0.09048228 -0.08526051 -0.08145643 
2.31012970e-02 -0.10167320 -0.09600580 -0.09048228 -0.08526051 -0.08145643 
1.87381742e-02 -0.10167320 -0.09600580 -0.09048228 -0.08526051 -0.08145643 
1.51991108e-02 -0.10167320 -0.09600580 -0.09048228 -0.08526051 -0.08145643 
1.23284674e-02 -0.10167320 -0.09600580 -0.09048228 -0.08526051 -0.08145643 
1.00000000e-02 -0.10167320 -0.09600580 -0.09048228 -0.08526051 -0.08145643 
8.11130831e-03 -0.10167320 -0.09600580 -0.09048228 -0.08526051 -0.08145643 
6.57933225e-03 -0.10167320 -0.09600580 -0.09048228 -0.08526051 -0.08145643 
5.33669923e-03 -0.10167320 -0.09600580 -0.09048228 -0.08526051 -0.08145643 
4.32876128e-03 -0.10167320 -0.09600580 -0.09048228 -0.08526051 -0.08145643 
3.51119173e-03 -0.10167320 -0.09600580 -0.09048228 -0.08526051 -0.08145643 
2.84803587e-03 -0.10167320 -0.09600580 -0.09048228 -0.08526051 -0.08145643 
2.31012970e-03 -0.10167320 -0.09600580 -0.09048228 -0.08526051 -0.08145643 
1.87381742e-03 -0.10167320 -0.09600580 -0.09048228 -0.08526051 -0.08145643 
1.51991108e-03 -0.10167320 -0.09600580 -0.09048228 -0.08526051 -0.08145643 
1.23284674e-03 -0.10167320 -0.09600580 -0.09048228 -0.08526051 -0.08145643 
1.00000000e-03 -0.10167320 -0.09600580 -0.09048228 -0.08526051 -0.08145643 
8.11130831e-04 -0.10167320 -0.09600580 -0.09048228 -0.08526051 -0.08145643 
6.57933225e-04 -0.10167320 -0.09600580 -0.09048228 -0.08526051 -0.08145643 
5.33669923e-04 -0.10167320 -0.09600580 -0.09048228 -0.08526051 -0.08145643 
4.32876128e-04 -0.10167320 -0.09600580 -0.09048228 -0.08526051 -0.08145643 
3.51119173e-04 -0.10167320 -0.09600580 -0.09048228 -0.08526051 -0.08145643 
2.84803587e-04 -0.10167320 -0.09600580 -0.09048228 -0.08526051 -0.08145643 
2.31012970e-04 -0.10167320 -0.09600580 -0.09048228 -0.08526051 -0.08145643 
1.87381742e-04 -0.10167320 -0.09600580 -0.09048228 -0.08526051 -0.08145643 
1.51991108e-04 -0.10167320 -0.09600580 -0.09048228 -0.08526051 -0.08145643 
1.23284674e-04 -0.10167320 -0.09600580 -0.09048228 -0.08526051 -0.08145643 
1.00000000e-04 -0.10167320 -0.09600580 -0.09048228 -0.08526051 -0.08145643 
8.11130831e-05 -0.10167320 -0.09600580 -0.09048228 -0.08526051 -0.08145643 
6.57933225e-05 -0.10167320 -0.09600580 -0.09048228 -0.08526051 -0.08145643 
5.33669923e-05 -0.10167320 -0.09600580 -0.09048228 -0.08526051 -0.08145643 
4.32876128e-05 -0.10167320 -0.09600580 -0.09048228 -0.08526051 -0.08145643 
3.51119173e-05 -0.10167320 -0.09600580 -0.09048228 -0.08526051 -0.08145643 
2.84803587e-05 -0.10167320 -0.09600580 -0.09048228 -0.08526051 -0.08145643 
2.31012970e-05 -0.10167320 -0.09600580 -0.09048228 -0.08526051 -0.08145643 
1.87381742e-05 -0.10167320 -0.09600580 -0.09048228 -0.08526051 -0.08145643 
1.51991108e-05 -0.10167320 -0.09600580 -0.09048228 -0.08526051 -0.08145643 
1.23284674e-05 -0.10167320 -0.09600580 -0.09048228 -0.08526051 -0.08145643 
1.00000000e-05 -0.10167320 -0.09600580 -0.09048228 -0.08526051 -0.08145643 
8.11130831e-06 -0.10167320 -0.09600580 -0.09048228 -0.08526051 -0.08145643 
6.57933225e-06 -0.10167320 -0.09600580 -0.09048228 -0.08526051 -0.08145643 
5.33669923e-06 -0.10167320 -0.09600580 -0.09048228 -0.08526051 -0.08145643 
4.32876128e-06 -0.10167320 -0.09600580 -0.09048228 -0.08526051 -0.08145643 
3.51119173e-06 -0.10167320 -0.09600580 -0.09048228 -0.08526051 -0.08145643 
2.84803587e-06 -0.10167320 -0.09600580 -0.09048228 -0.08526051 -0.08145643 
2.31012970e-06 -0.10167320 -0.09600580 -0.09048228 -0.08526051 -0.08145643 
1.87381742e-06 -0.10167320 -0.09600580 -0.09048228 -0.08526051 -0.08145643 
1.51991108e-06 -0.10167320 -0.09600580 -0.09048228 -0.08526051 -0.08145643 
1.23284674e-06 -0.10167320 -0.09600580 -0.09048228 -0.08526051 -0.08145643 
1.00000000e-06 -0.10167320 -0.09600580 -0.09048228 -0.08526051 -0.08145643 
8.11130831e-07 -0.10167320 -0.09600580 -0.09048228 -0.08526051 -0.08145643 
6.57933225e-07 -0.10167320 -0.09600580 -0.09048228 -0.08526051 -0.08145643 
5.33669923e-07 -0.10167320 -0.09600580 -0.09048228 -0.08526051 -0.08145643 
4.32876128e-07 -0.10167320 -0.09600580 -0.09048228 -0.08526051 -0.08145643 
3.51119173e-07 -0.10167320 -0.09600580 -0.09048228 -0.08526051 -0.08145643 
2.84803587e-07 -0.10167320 -0.09600580 -0.09048228 -0.08526051 -0.08145643 
2.31012970e-07 -0.10167320 -0.09600580 -0.09048228 -0.08526051 -0.08145643 
1.87381742e-07 -0.10167320 -0.09600580 -0.09048228 -0.08526051 -0.08145643 
1.51991108e-07 -0.10167320 -0.09600580 -0.09048228 -0.08526051 -0.08145643 
1.23284674e-07 -0.10167320 -0.09600580 -0.09048228 -0.08526051 -0.08145643 
1.00000000e-07 -0.10167320 -0.09600580 -0.09048228 -0.08526051 -0.08145643 
P (bar) | log_He: -2σ | log_He: -1σ | log_He: median | log_He: +1σ | log_He: +2σ 
1.00000000e+02 -0.87122428 -0.86555688 -0.86003336 -0.85481159 -0.85100751 
8.11130831e+01 -0.87122428 -0.86555688 -0.86003336 -0.85481159 -0.85100751 
6.57933225e+01 -0.87122428 -0.86555688 -0.86003336 -0.85481159 -0.85100751 
5.33669923e+01 -0.87122428 -0.86555688 -0.86003336 -0.85481159 -0.85100751 
4.32876128e+01 -0.87122428 -0.86555688 -0.86003336 -0.85481159 -0.85100751 
3.51119173e+01 -0.87122428 -0.86555688 -0.86003336 -0.85481159 -0.85100751 
2.84803587e+01 -0.87122428 -0.86555688 -0.86003336 -0.85481159 -0.85100751 
2.31012970e+01 -0.87122428 -0.86555688 -0.86003336 -0.85481159 -0.85100751 
1.87381742e+01 -0.87122428 -0.86555688 -0.86003336 -0.85481159 -0.85100751 
1.51991108e+01 -0.87122428 -0.86555688 -0.86003336 -0.85481159 -0.85100751 
1.23284674e+01 -0.87122428 -0.86555688 -0.86003336 -0.85481159 -0.85100751 
1.00000000e+01 -0.87122428 -0.86555688 -0.86003336 -0.85481159 -0.85100751 
8.11130831e+00 -0.87122428 -0.86555688 -0.86003336 -0.85481159 -0.85100751 
6.57933225e+00 -0.87122428 -0.86555688 -0.86003336 -0.85481159 -0.85100751 
5.33669923e+00 -0.87122428 -0.86555688 -0.86003336 -0.85481159 -0.85100751 
4.32876128e+00 -0.87122428 -0.86555688 -0.86003336 -0.85481159 -0.85100751 
3.51119173e+00 -0.87122428 -0.86555688 -0.86003336 -0.85481159 -0.85100751 
2.84803587e+00 -0.87122428 -0.86555688 -0.86003336 -0.85481159 -0.85100751 
2.31012970e+00 -0.87122428 -0.86555688 -0.86003336 -0.85481159 -0.85100751 
1.87381742e+00 -0.87122428 -0.86555688 -0.86003336 -0.85481159 -0.85100751 
1.51991108e+00 -0.87122428 -0.86555688 -0.86003336 -0.85481159 -0.85100751 
1.23284674e+00 -0.87122428 -0.86555688 -0.86003336 -0.85481159 -0.85100751 
1.00000000e+00 -0.87122428 -0.86555688 -0.86003336 -0.85481159 -0.85100751 
8.11130831e-01 -0.87122428 -0.86555688 -0.86003336 -0.85481159 -0.85100751 
6.57933225e-01 -0.87122428 -0.86555688 -0.86003336 -0.85481159 -0.85100751 
5.33669923e-01 -0.87122428 -0.86555688 -0.86003336 -0.85481159 -0.85100751 
4.32876128e-01 -0.87122428 -0.86555688 -0.86003336 -0.85481159 -0.85100751 
3.51119173e-01 -0.87122428 -0.86555688 -0.86003336 -0.85481159 -0.85100751 
2.84803587e-01 -0.87122428 -0.86555688 -0.86003336 -0.85481159 -0.85100751 
2.31012970e-01 -0.87122428 -0.86555688 -0.86003336 -0.85481159 -0.85100751 
1.87381742e-01 -0.87122428 -0.86555688 -0.86003336 -0.85481159 -0.85100751 
1.51991108e-01 -0.87122428 -0.86555688 -0.86003336 -0.85481159 -0.85100751 
1.23284674e-01 -0.87122428 -0.86555688 -0.86003336 -0.85481159 -0.85100751 
1.00000000e-01 -0.87122428 -0.86555688 -0.86003336 -0.85481159 -0.85100751 
8.11130831e-02 -0.87122428 -0.86555688 -0.86003336 -0.85481159 -0.85100751 
6.57933225e-02 -0.87122428 -0.86555688 -0.86003336 -0.85481159 -0.85100751 
5.33669923e-02 -0.87122428 -0.86555688 -0.86003336 -0.85481159 -0.85100751 
4.32876128e-02 -0.87122428 -0.86555688 -0.86003336 -0.85481159 -0.85100751 
3.51119173e-02 -0.87122428 -0.86555688 -0.86003336 -0.85481159 -0.85100751 
2.84803587e-02 -0.87122428 -0.86555688 -0.86003336 -0.85481159 -0.85100751 
2.31012970e-02 -0.87122428 -0.86555688 -0.86003336 -0.85481159 -0.85100751 
1.87381742e-02 -0.87122428 -0.86555688 -0.86003336 -0.85481159 -0.85100751 
1.51991108e-02 -0.87122428 -0.86555688 -0.86003336 -0.85481159 -0.85100751 
1.23284674e-02 -0.87122428 -0.86555688 -0.86003336 -0.85481159 -0.85100751 
1.00000000e-02 -0.87122428 -0.86555688 -0.86003336 -0.85481159 -0.85100751 
8.11130831e-03 -0.87122428 -0.86555688 -0.86003336 -0.85481159 -0.85100751 
6.57933225e-03 -0.87122428 -0.86555688 -0.86003336 -0.85481159 -0.85100751 
5.33669923e-03 -0.87122428 -0.86555688 -0.86003336 -0.85481159 -0.85100751 
4.32876128e-03 -0.87122428 -0.86555688 -0.86003336 -0.85481159 -0.85100751 
3.51119173e-03 -0.87122428 -0.86555688 -0.86003336 -0.85481159 -0.85100751 
2.84803587e-03 -0.87122428 -0.86555688 -0.86003336 -0.85481159 -0.85100751 
2.31012970e-03 -0.87122428 -0.86555688 -0.86003336 -0.85481159 -0.85100751 
1.87381742e-03 -0.87122428 -0.86555688 -0.86003336 -0.85481159 -0.85100751 
1.51991108e-03 -0.87122428 -0.86555688 -0.86003336 -0.85481159 -0.85100751 
1.23284674e-03 -0.87122428 -0.86555688 -0.86003336 -0.85481159 -0.85100751 
1.00000000e-03 -0.87122428 -0.86555688 -0.86003336 -0.85481159 -0.85100751 
8.11130831e-04 -0.87122428 -0.86555688 -0.86003336 -0.85481159 -0.85100751 
6.57933225e-04 -0.87122428 -0.86555688 -0.86003336 -0.85481159 -0.85100751 
5.33669923e-04 -0.87122428 -0.86555688 -0.86003336 -0.85481159 -0.85100751 
4.32876128e-04 -0.87122428 -0.86555688 -0.86003336 -0.85481159 -0.85100751 
3.51119173e-04 -0.87122428 -0.86555688 -0.86003336 -0.85481159 -0.85100751 
2.84803587e-04 -0.87122428 -0.86555688 -0.86003336 -0.85481159 -0.85100751 
2.31012970e-04 -0.87122428 -0.86555688 -0.86003336 -0.85481159 -0.85100751 
1.87381742e-04 -0.87122428 -0.86555688 -0.86003336 -0.85481159 -0.85100751 
1.51991108e-04 -0.87122428 -0.86555688 -0.86003336 -0.85481159 -0.85100751 
1.23284674e-04 -0.87122428 -0.86555688 -0.86003336 -0.85481159 -0.85100751 
1.00000000e-04 -0.87122428 -0.86555688 -0.86003336 -0.85481159 -0.85100751 
8.11130831e-05 -0.87122428 -0.86555688 -0.86003336 -0.85481159 -0.85100751 
6.57933225e-05 -0.87122428 -0.86555688 -0.86003336 -0.85481159 -0.85100751 
5.33669923e-05 -0.87122428 -0.86555688 -0.86003336 -0.85481159 -0.85100751 
4.32876128e-05 -0.87122428 -0.86555688 -0.86003336 -0.85481159 -0.85100751 
3.51119173e-05 -0.87122428 -0.86555688 -0.86003336 -0.85481159 -0.85100751 
2.84803587e-05 -0.87122428 -0.86555688 -0.86003336 -0.85481159 -0.85100751 
2.31012970e-05 -0.87122428 -0.86555688 -0.86003336 -0.85481159 -0.85100751 
1.87381742e-05 -0.87122428 -0.86555688 -0.86003336 -0.85481159 -0.85100751 
1.51991108e-05 -0.87122428 -0.86555688 -0.86003336 -0.85481159 -0.85100751 
1.23284674e-05 -0.87122428 -0.86555688 -0.86003336 -0.85481159 -0.85100751 
1.00000000e-05 -0.87122428 -0.86555688 -0.86003336 -0.85481159 -0.85100751 
8.11130831e-06 -0.87122428 -0.86555688 -0.86003336 -0.85481159 -0.85100751 
6.57933225e-06 -0.87122428 -0.86555688 -0.86003336 -0.85481159 -0.85100751 
5.33669923e-06 -0.87122428 -0.86555688 -0.86003336 -0.85481159 -0.85100751 
4.32876128e-06 -0.87122428 -0.86555688 -0.86003336 -0.85481159 -0.85100751 
3.51119173e-06 -0.87122428 -0.86555688 -0.86003336 -0.85481159 -0.85100751 
2.84803587e-06 -0.87122428 -0.86555688 -0.86003336 -0.85481159 -0.85100751 
2.31012970e-06 -0.87122428 -0.86555688 -0.86003336 -0.85481159 -0.85100751 
1.87381742e-06 -0.87122428 -0.86555688 -0.86003336 -0.85481159 -0.85100751 
1.51991108e-06 -0.87122428 -0.86555688 -0.86003336 -0.85481159 -0.85100751 
1.23284674e-06 -0.87122428 -0.86555688 -0.86003336 -0.85481159 -0.85100751 
1.00000000e-06 -0.87122428 -0.86555688 -0.86003336 -0.85481159 -0.85100751 
8.11130831e-07 -0.87122428 -0.86555688 -0.86003336 -0.85481159 -0.85100751 
6.57933225e-07 -0.87122428 -0.86555688 -0.86003336 -0.85481159 -0.85100751 
5.33669923e-07 -0.87122428 -0.86555688 -0.86003336 -0.85481159 -0.85100751 
4.32876128e-07 -0.87122428 -0.86555688 -0.86003336 -0.85481159 -0.85100751 
3.51119173e-07 -0.87122428 -0.86555688 -0.86003336 -0.85481159 -0.85100751 
2.84803587e-07 -0.87122428 -0.86555688 -0.86003336 -0.85481159 -0.85100751 
2.31012970e-07 -0.87122428 -0.86555688 -0.86003336 -0.85481159 -0.85100751 
1.87381742e-07 -0.87122428 -0.86555688 -0.86003336 -0.85481159 -0.85100751 
1.51991108e-07 -0.87122428 -0.86555688 -0.86003336 -0.85481159 -0.85100751 
1.23284674e-07 -0.87122428 -0.86555688 -0.86003336 -0.85481159 -0.85100751 
1.00000000e-07 -0.87122428 -0.86555688 -0.86003336 -0.85481159 -0.85100751 
P (bar) | log_H2O: -2σ | log_H2O: -1σ | log_H2O: median | log_H2O: +1σ | log_H2O: +2σ 
1.00000000e+02 -1.62383375 -1.48549646 -1.35376217 -1.24222059 -1.14998028 
8.11130831e+01 -1.62383375 -1.48549646 -1.35376217 -1.24222059 -1.14998028 
6.57933225e+01 -1.62383375 -1.48549646 -1.35376217 -1.24222059 -1.14998028 
5.33669923e+01 -1.62383375 -1.48549646 -1.35376217 -1.24222059 -1.14998028 
4.32876128e+01 -1.62383375 -1.48549646 -1.35376217 -1.24222059 -1.14998028 
3.51119173e+01 -1.62383375 -1.48549646 -1.35376217 -1.24222059 -1.14998028 
2.84803587e+01 -1.62383375 -1.48549646 -1.35376217 -1.24222059 -1.14998028 
2.31012970e+01 -1.62383375 -1.48549646 -1.35376217 -1.24222059 -1.14998028 
1.87381742e+01 -1.62383375 -1.48549646 -1.35376217 -1.24222059 -1.14998028 
1.51991108e+01 -1.62383375 -1.48549646 -1.35376217 -1.24222059 -1.14998028 
1.23284674e+01 -1.62383375 -1.48549646 -1.35376217 -1.24222059 -1.14998028 
1.00000000e+01 -1.62383375 -1.48549646 -1.35376217 -1.24222059 -1.14998028 
8.11130831e+00 -1.62383375 -1.48549646 -1.35376217 -1.24222059 -1.14998028 
6.57933225e+00 -1.62383375 -1.48549646 -1.35376217 -1.24222059 -1.14998028 
5.33669923e+00 -1.62383375 -1.48549646 -1.35376217 -1.24222059 -1.14998028 
4.32876128e+00 -1.62383375 -1.48549646 -1.35376217 -1.24222059 -1.14998028 
3.51119173e+00 -1.62383375 -1.48549646 -1.35376217 -1.24222059 -1.14998028 
2.84803587e+00 -1.62383375 -1.48549646 -1.35376217 -1.24222059 -1.14998028 
2.31012970e+00 -1.62383375 -1.48549646 -1.35376217 -1.24222059 -1.14998028 
1.87381742e+00 -1.62383375 -1.48549646 -1.35376217 -1.24222059 -1.14998028 
1.51991108e+00 -1.62383375 -1.48549646 -1.35376217 -1.24222059 -1.14998028 
1.23284674e+00 -1.62383375 -1.48549646 -1.35376217 -1.24222059 -1.14998028 
1.00000000e+00 -1.62383375 -1.48549646 -1.35376217 -1.24222059 -1.14998028 
8.11130831e-01 -1.62383375 -1.48549646 -1.35376217 -1.24222059 -1.14998028 
6.57933225e-01 -1.62383375 -1.48549646 -1.35376217 -1.24222059 -1.14998028 
5.33669923e-01 -1.62383375 -1.48549646 -1.35376217 -1.24222059 -1.14998028 
4.32876128e-01 -1.62383375 -1.48549646 -1.35376217 -1.24222059 -1.14998028 
3.51119173e-01 -1.62383375 -1.48549646 -1.35376217 -1.24222059 -1.14998028 
2.84803587e-01 -1.62383375 -1.48549646 -1.35376217 -1.24222059 -1.14998028 
2.31012970e-01 -1.62383375 -1.48549646 -1.35376217 -1.24222059 -1.14998028 
1.87381742e-01 -1.62383375 -1.48549646 -1.35376217 -1.24222059 -1.14998028 
1.51991108e-01 -1.62383375 -1.48549646 -1.35376217 -1.24222059 -1.14998028 
1.23284674e-01 -1.62383375 -1.48549646 -1.35376217 -1.24222059 -1.14998028 
1.00000000e-01 -1.62383375 -1.48549646 -1.35376217 -1.24222059 -1.14998028 
8.11130831e-02 -1.62383375 -1.48549646 -1.35376217 -1.24222059 -1.14998028 
6.57933225e-02 -1.62383375 -1.48549646 -1.35376217 -1.24222059 -1.14998028 
5.33669923e-02 -1.62383375 -1.48549646 -1.35376217 -1.24222059 -1.14998028 
4.32876128e-02 -1.62383375 -1.48549646 -1.35376217 -1.24222059 -1.14998028 
3.51119173e-02 -1.62383375 -1.48549646 -1.35376217 -1.24222059 -1.14998028 
2.84803587e-02 -1.62383375 -1.48549646 -1.35376217 -1.24222059 -1.14998028 
2.31012970e-02 -1.62383375 -1.48549646 -1.35376217 -1.24222059 -1.14998028 
1.87381742e-02 -1.62383375 -1.48549646 -1.35376217 -1.24222059 -1.14998028 
1.51991108e-02 -1.62383375 -1.48549646 -1.35376217 -1.24222059 -1.14998028 
1.23284674e-02 -1.62383375 -1.48549646 -1.35376217 -1.24222059 -1.14998028 
1.00000000e-02 -1.62383375 -1.48549646 -1.35376217 -1.24222059 -1.14998028 
8.11130831e-03 -1.62383375 -1.48549646 -1.35376217 -1.24222059 -1.14998028 
6.57933225e-03 -1.62383375 -1.48549646 -1.35376217 -1.24222059 -1.14998028 
5.33669923e-03 -1.62383375 -1.48549646 -1.35376217 -1.24222059 -1.14998028 
4.32876128e-03 -1.62383375 -1.48549646 -1.35376217 -1.24222059 -1.14998028 
3.51119173e-03 -1.62383375 -1.48549646 -1.35376217 -1.24222059 -1.14998028 
2.84803587e-03 -1.62383375 -1.48549646 -1.35376217 -1.24222059 -1.14998028 
2.31012970e-03 -1.62383375 -1.48549646 -1.35376217 -1.24222059 -1.14998028 
1.87381742e-03 -1.62383375 -1.48549646 -1.35376217 -1.24222059 -1.14998028 
1.51991108e-03 -1.62383375 -1.48549646 -1.35376217 -1.24222059 -1.14998028 
1.23284674e-03 -1.62383375 -1.48549646 -1.35376217 -1.24222059 -1.14998028 
1.00000000e-03 -1.62383375 -1.48549646 -1.35376217 -1.24222059 -1.14998028 
8.11130831e-04 -1.62383375 -1.48549646 -1.35376217 -1.24222059 -1.14998028 
6.57933225e-04 -1.62383375 -1.48549646 -1.35376217 -1.24222059 -1.14998028 
5.33669923e-04 -1.62383375 -1.48549646 -1.35376217 -1.24222059 -1.14998028 
4.32876128e-04 -1.62383375 -1.48549646 -1.35376217 -1.24222059 -1.14998028 
3.51119173e-04 -1.62383375 -1.48549646 -1.35376217 -1.24222059 -1.14998028 
2.84803587e-04 -1.62383375 -1.48549646 -1.35376217 -1.24222059 -1.14998028 
2.31012970e-04 -1.62383375 -1.48549646 -1.35376217 -1.24222059 -1.14998028 
1.87381742e-04 -1.62383375 -1.48549646 -1.35376217 -1.24222059 -1.14998028 
1.51991108e-04 -1.62383375 -1.48549646 -1.35376217 -1.24222059 -1.14998028 
1.23284674e-04 -1.62383375 -1.48549646 -1.35376217 -1.24222059 -1.14998028 
1.00000000e-04 -1.62383375 -1.48549646 -1.35376217 -1.24222059 -1.14998028 
8.11130831e-05 -1.62383375 -1.48549646 -1.35376217 -1.24222059 -1.14998028 
6.57933225e-05 -1.62383375 -1.48549646 -1.35376217 -1.24222059 -1.14998028 
5.33669923e-05 -1.62383375 -1.48549646 -1.35376217 -1.24222059 -1.14998028 
4.32876128e-05 -1.62383375 -1.48549646 -1.35376217 -1.24222059 -1.14998028 
3.51119173e-05 -1.62383375 -1.48549646 -1.35376217 -1.24222059 -1.14998028 
2.84803587e-05 -1.62383375 -1.48549646 -1.35376217 -1.24222059 -1.14998028 
2.31012970e-05 -1.62383375 -1.48549646 -1.35376217 -1.24222059 -1.14998028 
1.87381742e-05 -1.62383375 -1.48549646 -1.35376217 -1.24222059 -1.14998028 
1.51991108e-05 -1.62383375 -1.48549646 -1.35376217 -1.24222059 -1.14998028 
1.23284674e-05 -1.62383375 -1.48549646 -1.35376217 -1.24222059 -1.14998028 
1.00000000e-05 -1.62383375 -1.48549646 -1.35376217 -1.24222059 -1.14998028 
8.11130831e-06 -1.62383375 -1.48549646 -1.35376217 -1.24222059 -1.14998028 
6.57933225e-06 -1.62383375 -1.48549646 -1.35376217 -1.24222059 -1.14998028 
5.33669923e-06 -1.62383375 -1.48549646 -1.35376217 -1.24222059 -1.14998028 
4.32876128e-06 -1.62383375 -1.48549646 -1.35376217 -1.24222059 -1.14998028 
3.51119173e-06 -1.62383375 -1.48549646 -1.35376217 -1.24222059 -1.14998028 
2.84803587e-06 -1.62383375 -1.48549646 -1.35376217 -1.24222059 -1.14998028 
2.31012970e-06 -1.62383375 -1.48549646 -1.35376217 -1.24222059 -1.14998028 
1.87381742e-06 -1.62383375 -1.48549646 -1.35376217 -1.24222059 -1.14998028 
1.51991108e-06 -1.62383375 -1.48549646 -1.35376217 -1.24222059 -1.14998028 
1.23284674e-06 -1.62383375 -1.48549646 -1.35376217 -1.24222059 -1.14998028 
1.00000000e-06 -1.62383375 -1.48549646 -1.35376217 -1.24222059 -1.14998028 
8.11130831e-07 -1.62383375 -1.48549646 -1.35376217 -1.24222059 -1.14998028 
6.57933225e-07 -1.62383375 -1.48549646 -1.35376217 -1.24222059 -1.14998028 
5.33669923e-07 -1.62383375 -1.48549646 -1.35376217 -1.24222059 -1.14998028 
4.32876128e-07 -1.62383375 -1.48549646 -1.35376217 -1.24222059 -1.14998028 
3.51119173e-07 -1.62383375 -1.48549646 -1.35376217 -1.24222059 -1.14998028 
2.84803587e-07 -1.62383375 -1.48549646 -1.35376217 -1.24222059 -1.14998028 
2.31012970e-07 -1.62383375 -1.48549646 -1.35376217 -1.24222059 -1.14998028 
1.87381742e-07 -1.62383375 -1.48549646 -1.35376217 -1.24222059 -1.14998028 
1.51991108e-07 -1.62383375 -1.48549646 -1.35376217 -1.24222059 -1.14998028 
1.23284674e-07 -1.62383375 -1.48549646 -1.35376217 -1.24222059 -1.14998028 
1.00000000e-07 -1.62383375 -1.48549646 -1.35376217 -1.24222059 -1.14998028 
P (bar) | log_K: -2σ | log_K: -1σ | log_K: median | log_K: +1σ | log_K: +2σ 
1.00000000e+02 -6.96860765 -6.71407104 -6.46883970 -6.25274567 -6.04209892 
8.11130831e+01 -6.96860765 -6.71407104 -6.46883970 -6.25274567 -6.04209892 
6.57933225e+01 -6.96860765 -6.71407104 -6.46883970 -6.25274567 -6.04209892 
5.33669923e+01 -6.96860765 -6.71407104 -6.46883970 -6.25274567 -6.04209892 
4.32876128e+01 -6.96860765 -6.71407104 -6.46883970 -6.25274567 -6.04209892 
3.51119173e+01 -6.96860765 -6.71407104 -6.46883970 -6.25274567 -6.04209892 
2.84803587e+01 -6.96860765 -6.71407104 -6.46883970 -6.25274567 -6.04209892 
2.31012970e+01 -6.96860765 -6.71407104 -6.46883970 -6.25274567 -6.04209892 
1.87381742e+01 -6.96860765 -6.71407104 -6.46883970 -6.25274567 -6.04209892 
1.51991108e+01 -6.96860765 -6.71407104 -6.46883970 -6.25274567 -6.04209892 
1.23284674e+01 -6.96860765 -6.71407104 -6.46883970 -6.25274567 -6.04209892 
1.00000000e+01 -6.96860765 -6.71407104 -6.46883970 -6.25274567 -6.04209892 
8.11130831e+00 -6.96860765 -6.71407104 -6.46883970 -6.25274567 -6.04209892 
6.57933225e+00 -6.96860765 -6.71407104 -6.46883970 -6.25274567 -6.04209892 
5.33669923e+00 -6.96860765 -6.71407104 -6.46883970 -6.25274567 -6.04209892 
4.32876128e+00 -6.96860765 -6.71407104 -6.46883970 -6.25274567 -6.04209892 
3.51119173e+00 -6.96860765 -6.71407104 -6.46883970 -6.25274567 -6.04209892 
2.84803587e+00 -6.96860765 -6.71407104 -6.46883970 -6.25274567 -6.04209892 
2.31012970e+00 -6.96860765 -6.71407104 -6.46883970 -6.25274567 -6.04209892 
1.87381742e+00 -6.96860765 -6.71407104 -6.46883970 -6.25274567 -6.04209892 
1.51991108e+00 -6.96860765 -6.71407104 -6.46883970 -6.25274567 -6.04209892 
1.23284674e+00 -6.96860765 -6.71407104 -6.46883970 -6.25274567 -6.04209892 
1.00000000e+00 -6.96860765 -6.71407104 -6.46883970 -6.25274567 -6.04209892 
8.11130831e-01 -6.96860765 -6.71407104 -6.46883970 -6.25274567 -6.04209892 
6.57933225e-01 -6.96860765 -6.71407104 -6.46883970 -6.25274567 -6.04209892 
5.33669923e-01 -6.96860765 -6.71407104 -6.46883970 -6.25274567 -6.04209892 
4.32876128e-01 -6.96860765 -6.71407104 -6.46883970 -6.25274567 -6.04209892 
3.51119173e-01 -6.96860765 -6.71407104 -6.46883970 -6.25274567 -6.04209892 
2.84803587e-01 -6.96860765 -6.71407104 -6.46883970 -6.25274567 -6.04209892 
2.31012970e-01 -6.96860765 -6.71407104 -6.46883970 -6.25274567 -6.04209892 
1.87381742e-01 -6.96860765 -6.71407104 -6.46883970 -6.25274567 -6.04209892 
1.51991108e-01 -6.96860765 -6.71407104 -6.46883970 -6.25274567 -6.04209892 
1.23284674e-01 -6.96860765 -6.71407104 -6.46883970 -6.25274567 -6.04209892 
1.00000000e-01 -6.96860765 -6.71407104 -6.46883970 -6.25274567 -6.04209892 
8.11130831e-02 -6.96860765 -6.71407104 -6.46883970 -6.25274567 -6.04209892 
6.57933225e-02 -6.96860765 -6.71407104 -6.46883970 -6.25274567 -6.04209892 
5.33669923e-02 -6.96860765 -6.71407104 -6.46883970 -6.25274567 -6.04209892 
4.32876128e-02 -6.96860765 -6.71407104 -6.46883970 -6.25274567 -6.04209892 
3.51119173e-02 -6.96860765 -6.71407104 -6.46883970 -6.25274567 -6.04209892 
2.84803587e-02 -6.96860765 -6.71407104 -6.46883970 -6.25274567 -6.04209892 
2.31012970e-02 -6.96860765 -6.71407104 -6.46883970 -6.25274567 -6.04209892 
1.87381742e-02 -6.96860765 -6.71407104 -6.46883970 -6.25274567 -6.04209892 
1.51991108e-02 -6.96860765 -6.71407104 -6.46883970 -6.25274567 -6.04209892 
1.23284674e-02 -6.96860765 -6.71407104 -6.46883970 -6.25274567 -6.04209892 
1.00000000e-02 -6.96860765 -6.71407104 -6.46883970 -6.25274567 -6.04209892 
8.11130831e-03 -6.96860765 -6.71407104 -6.46883970 -6.25274567 -6.04209892 
6.57933225e-03 -6.96860765 -6.71407104 -6.46883970 -6.25274567 -6.04209892 
5.33669923e-03 -6.96860765 -6.71407104 -6.46883970 -6.25274567 -6.04209892 
4.32876128e-03 -6.96860765 -6.71407104 -6.46883970 -6.25274567 -6.04209892 
3.51119173e-03 -6.96860765 -6.71407104 -6.46883970 -6.25274567 -6.04209892 
2.84803587e-03 -6.96860765 -6.71407104 -6.46883970 -6.25274567 -6.04209892 
2.31012970e-03 -6.96860765 -6.71407104 -6.46883970 -6.25274567 -6.04209892 
1.87381742e-03 -6.96860765 -6.71407104 -6.46883970 -6.25274567 -6.04209892 
1.51991108e-03 -6.96860765 -6.71407104 -6.46883970 -6.25274567 -6.04209892 
1.23284674e-03 -6.96860765 -6.71407104 -6.46883970 -6.25274567 -6.04209892 
1.00000000e-03 -6.96860765 -6.71407104 -6.46883970 -6.25274567 -6.04209892 
8.11130831e-04 -6.96860765 -6.71407104 -6.46883970 -6.25274567 -6.04209892 
6.57933225e-04 -6.96860765 -6.71407104 -6.46883970 -6.25274567 -6.04209892 
5.33669923e-04 -6.96860765 -6.71407104 -6.46883970 -6.25274567 -6.04209892 
4.32876128e-04 -6.96860765 -6.71407104 -6.46883970 -6.25274567 -6.04209892 
3.51119173e-04 -6.96860765 -6.71407104 -6.46883970 -6.25274567 -6.04209892 
2.84803587e-04 -6.96860765 -6.71407104 -6.46883970 -6.25274567 -6.04209892 
2.31012970e-04 -6.96860765 -6.71407104 -6.46883970 -6.25274567 -6.04209892 
1.87381742e-04 -6.96860765 -6.71407104 -6.46883970 -6.25274567 -6.04209892 
1.51991108e-04 -6.96860765 -6.71407104 -6.46883970 -6.25274567 -6.04209892 
1.23284674e-04 -6.96860765 -6.71407104 -6.46883970 -6.25274567 -6.04209892 
1.00000000e-04 -6.96860765 -6.71407104 -6.46883970 -6.25274567 -6.04209892 
8.11130831e-05 -6.96860765 -6.71407104 -6.46883970 -6.25274567 -6.04209892 
6.57933225e-05 -6.96860765 -6.71407104 -6.46883970 -6.25274567 -6.04209892 
5.33669923e-05 -6.96860765 -6.71407104 -6.46883970 -6.25274567 -6.04209892 
4.32876128e-05 -6.96860765 -6.71407104 -6.46883970 -6.25274567 -6.04209892 
3.51119173e-05 -6.96860765 -6.71407104 -6.46883970 -6.25274567 -6.04209892 
2.84803587e-05 -6.96860765 -6.71407104 -6.46883970 -6.25274567 -6.04209892 
2.31012970e-05 -6.96860765 -6.71407104 -6.46883970 -6.25274567 -6.04209892 
1.87381742e-05 -6.96860765 -6.71407104 -6.46883970 -6.25274567 -6.04209892 
1.51991108e-05 -6.96860765 -6.71407104 -6.46883970 -6.25274567 -6.04209892 
1.23284674e-05 -6.96860765 -6.71407104 -6.46883970 -6.25274567 -6.04209892 
1.00000000e-05 -6.96860765 -6.71407104 -6.46883970 -6.25274567 -6.04209892 
8.11130831e-06 -6.96860765 -6.71407104 -6.46883970 -6.25274567 -6.04209892 
6.57933225e-06 -6.96860765 -6.71407104 -6.46883970 -6.25274567 -6.04209892 
5.33669923e-06 -6.96860765 -6.71407104 -6.46883970 -6.25274567 -6.04209892 
4.32876128e-06 -6.96860765 -6.71407104 -6.46883970 -6.25274567 -6.04209892 
3.51119173e-06 -6.96860765 -6.71407104 -6.46883970 -6.25274567 -6.04209892 
2.84803587e-06 -6.96860765 -6.71407104 -6.46883970 -6.25274567 -6.04209892 
2.31012970e-06 -6.96860765 -6.71407104 -6.46883970 -6.25274567 -6.04209892 
1.87381742e-06 -6.96860765 -6.71407104 -6.46883970 -6.25274567 -6.04209892 
1.51991108e-06 -6.96860765 -6.71407104 -6.46883970 -6.25274567 -6.04209892 
1.23284674e-06 -6.96860765 -6.71407104 -6.46883970 -6.25274567 -6.04209892 
1.00000000e-06 -6.96860765 -6.71407104 -6.46883970 -6.25274567 -6.04209892 
8.11130831e-07 -6.96860765 -6.71407104 -6.46883970 -6.25274567 -6.04209892 
6.57933225e-07 -6.96860765 -6.71407104 -6.46883970 -6.25274567 -6.04209892 
5.33669923e-07 -6.96860765 -6.71407104 -6.46883970 -6.25274567 -6.04209892 
4.32876128e-07 -6.96860765 -6.71407104 -6.46883970 -6.25274567 -6.04209892 
3.51119173e-07 -6.96860765 -6.71407104 -6.46883970 -6.25274567 -6.04209892 
2.84803587e-07 -6.96860765 -6.71407104 -6.46883970 -6.25274567 -6.04209892 
2.31012970e-07 -6.96860765 -6.71407104 -6.46883970 -6.25274567 -6.04209892 
1.87381742e-07 -6.96860765 -6.71407104 -6.46883970 -6.25274567 -6.04209892 
1.51991108e-07 -6.96860765 -6.71407104 -6.46883970 -6.25274567 -6.04209892 
1.23284674e-07 -6.96860765 -6.71407104 -6.46883970 -6.25274567 -6.04209892 
1.00000000e-07 -6.96860765 -6.71407104 -6.46883970 -6.25274567 -6.04209892 
P (bar) | log_CO: -2σ | log_CO: -1σ | log_CO: median | log_CO: +1σ | log_CO: +2σ 
1.00000000e+02 -3.41866364 -3.06658081 -2.44931179 -1.98507828 -1.68322812 
8.11130831e+01 -3.41866364 -3.06658081 -2.44931179 -1.98507828 -1.68322812 
6.57933225e+01 -3.41866364 -3.06658081 -2.44931179 -1.98507828 -1.68322812 
5.33669923e+01 -3.41866364 -3.06658081 -2.44931179 -1.98507828 -1.68322812 
4.32876128e+01 -3.41866364 -3.06658081 -2.44931179 -1.98507828 -1.68322812 
3.51119173e+01 -3.41866364 -3.06658081 -2.44931179 -1.98507828 -1.68322812 
2.84803587e+01 -3.41866364 -3.06658081 -2.44931179 -1.98507828 -1.68322812 
2.31012970e+01 -3.41866364 -3.06658081 -2.44931179 -1.98507828 -1.68322812 
1.87381742e+01 -3.41866364 -3.06658081 -2.44931179 -1.98507828 -1.68322812 
1.51991108e+01 -3.41866364 -3.06658081 -2.44931179 -1.98507828 -1.68322812 
1.23284674e+01 -3.41866364 -3.06658081 -2.44931179 -1.98507828 -1.68322812 
1.00000000e+01 -3.41866364 -3.06658081 -2.44931179 -1.98507828 -1.68322812 
8.11130831e+00 -3.41866364 -3.06658081 -2.44931179 -1.98507828 -1.68322812 
6.57933225e+00 -3.41866364 -3.06658081 -2.44931179 -1.98507828 -1.68322812 
5.33669923e+00 -3.41866364 -3.06658081 -2.44931179 -1.98507828 -1.68322812 
4.32876128e+00 -3.41866364 -3.06658081 -2.44931179 -1.98507828 -1.68322812 
3.51119173e+00 -3.41866364 -3.06658081 -2.44931179 -1.98507828 -1.68322812 
2.84803587e+00 -3.41866364 -3.06658081 -2.44931179 -1.98507828 -1.68322812 
2.31012970e+00 -3.41866364 -3.06658081 -2.44931179 -1.98507828 -1.68322812 
1.87381742e+00 -3.41866364 -3.06658081 -2.44931179 -1.98507828 -1.68322812 
1.51991108e+00 -3.41866364 -3.06658081 -2.44931179 -1.98507828 -1.68322812 
1.23284674e+00 -3.41866364 -3.06658081 -2.44931179 -1.98507828 -1.68322812 
1.00000000e+00 -3.41866364 -3.06658081 -2.44931179 -1.98507828 -1.68322812 
8.11130831e-01 -3.41866364 -3.06658081 -2.44931179 -1.98507828 -1.68322812 
6.57933225e-01 -3.41866364 -3.06658081 -2.44931179 -1.98507828 -1.68322812 
5.33669923e-01 -3.41866364 -3.06658081 -2.44931179 -1.98507828 -1.68322812 
4.32876128e-01 -3.41866364 -3.06658081 -2.44931179 -1.98507828 -1.68322812 
3.51119173e-01 -3.41866364 -3.06658081 -2.44931179 -1.98507828 -1.68322812 
2.84803587e-01 -3.41866364 -3.06658081 -2.44931179 -1.98507828 -1.68322812 
2.31012970e-01 -3.41866364 -3.06658081 -2.44931179 -1.98507828 -1.68322812 
1.87381742e-01 -3.41866364 -3.06658081 -2.44931179 -1.98507828 -1.68322812 
1.51991108e-01 -3.41866364 -3.06658081 -2.44931179 -1.98507828 -1.68322812 
1.23284674e-01 -3.41866364 -3.06658081 -2.44931179 -1.98507828 -1.68322812 
1.00000000e-01 -3.41866364 -3.06658081 -2.44931179 -1.98507828 -1.68322812 
8.11130831e-02 -3.41866364 -3.06658081 -2.44931179 -1.98507828 -1.68322812 
6.57933225e-02 -3.41866364 -3.06658081 -2.44931179 -1.98507828 -1.68322812 
5.33669923e-02 -3.41866364 -3.06658081 -2.44931179 -1.98507828 -1.68322812 
4.32876128e-02 -3.41866364 -3.06658081 -2.44931179 -1.98507828 -1.68322812 
3.51119173e-02 -3.41866364 -3.06658081 -2.44931179 -1.98507828 -1.68322812 
2.84803587e-02 -3.41866364 -3.06658081 -2.44931179 -1.98507828 -1.68322812 
2.31012970e-02 -3.41866364 -3.06658081 -2.44931179 -1.98507828 -1.68322812 
1.87381742e-02 -3.41866364 -3.06658081 -2.44931179 -1.98507828 -1.68322812 
1.51991108e-02 -3.41866364 -3.06658081 -2.44931179 -1.98507828 -1.68322812 
1.23284674e-02 -3.41866364 -3.06658081 -2.44931179 -1.98507828 -1.68322812 
1.00000000e-02 -3.41866364 -3.06658081 -2.44931179 -1.98507828 -1.68322812 
8.11130831e-03 -3.41866364 -3.06658081 -2.44931179 -1.98507828 -1.68322812 
6.57933225e-03 -3.41866364 -3.06658081 -2.44931179 -1.98507828 -1.68322812 
5.33669923e-03 -3.41866364 -3.06658081 -2.44931179 -1.98507828 -1.68322812 
4.32876128e-03 -3.41866364 -3.06658081 -2.44931179 -1.98507828 -1.68322812 
3.51119173e-03 -3.41866364 -3.06658081 -2.44931179 -1.98507828 -1.68322812 
2.84803587e-03 -3.41866364 -3.06658081 -2.44931179 -1.98507828 -1.68322812 
2.31012970e-03 -3.41866364 -3.06658081 -2.44931179 -1.98507828 -1.68322812 
1.87381742e-03 -3.41866364 -3.06658081 -2.44931179 -1.98507828 -1.68322812 
1.51991108e-03 -3.41866364 -3.06658081 -2.44931179 -1.98507828 -1.68322812 
1.23284674e-03 -3.41866364 -3.06658081 -2.44931179 -1.98507828 -1.68322812 
1.00000000e-03 -3.41866364 -3.06658081 -2.44931179 -1.98507828 -1.68322812 
8.11130831e-04 -3.41866364 -3.06658081 -2.44931179 -1.98507828 -1.68322812 
6.57933225e-04 -3.41866364 -3.06658081 -2.44931179 -1.98507828 -1.68322812 
5.33669923e-04 -3.41866364 -3.06658081 -2.44931179 -1.98507828 -1.68322812 
4.32876128e-04 -3.41866364 -3.06658081 -2.44931179 -1.98507828 -1.68322812 
3.51119173e-04 -3.41866364 -3.06658081 -2.44931179 -1.98507828 -1.68322812 
2.84803587e-04 -3.41866364 -3.06658081 -2.44931179 -1.98507828 -1.68322812 
2.31012970e-04 -3.41866364 -3.06658081 -2.44931179 -1.98507828 -1.68322812 
1.87381742e-04 -3.41866364 -3.06658081 -2.44931179 -1.98507828 -1.68322812 
1.51991108e-04 -3.41866364 -3.06658081 -2.44931179 -1.98507828 -1.68322812 
1.23284674e-04 -3.41866364 -3.06658081 -2.44931179 -1.98507828 -1.68322812 
1.00000000e-04 -3.41866364 -3.06658081 -2.44931179 -1.98507828 -1.68322812 
8.11130831e-05 -3.41866364 -3.06658081 -2.44931179 -1.98507828 -1.68322812 
6.57933225e-05 -3.41866364 -3.06658081 -2.44931179 -1.98507828 -1.68322812 
5.33669923e-05 -3.41866364 -3.06658081 -2.44931179 -1.98507828 -1.68322812 
4.32876128e-05 -3.41866364 -3.06658081 -2.44931179 -1.98507828 -1.68322812 
3.51119173e-05 -3.41866364 -3.06658081 -2.44931179 -1.98507828 -1.68322812 
2.84803587e-05 -3.41866364 -3.06658081 -2.44931179 -1.98507828 -1.68322812 
2.31012970e-05 -3.41866364 -3.06658081 -2.44931179 -1.98507828 -1.68322812 
1.87381742e-05 -3.41866364 -3.06658081 -2.44931179 -1.98507828 -1.68322812 
1.51991108e-05 -3.41866364 -3.06658081 -2.44931179 -1.98507828 -1.68322812 
1.23284674e-05 -3.41866364 -3.06658081 -2.44931179 -1.98507828 -1.68322812 
1.00000000e-05 -3.41866364 -3.06658081 -2.44931179 -1.98507828 -1.68322812 
8.11130831e-06 -3.41866364 -3.06658081 -2.44931179 -1.98507828 -1.68322812 
6.57933225e-06 -3.41866364 -3.06658081 -2.44931179 -1.98507828 -1.68322812 
5.33669923e-06 -3.41866364 -3.06658081 -2.44931179 -1.98507828 -1.68322812 
4.32876128e-06 -3.41866364 -3.06658081 -2.44931179 -1.98507828 -1.68322812 
3.51119173e-06 -3.41866364 -3.06658081 -2.44931179 -1.98507828 -1.68322812 
2.84803587e-06 -3.41866364 -3.06658081 -2.44931179 -1.98507828 -1.68322812 
2.31012970e-06 -3.41866364 -3.06658081 -2.44931179 -1.98507828 -1.68322812 
1.87381742e-06 -3.41866364 -3.06658081 -2.44931179 -1.98507828 -1.68322812 
1.51991108e-06 -3.41866364 -3.06658081 -2.44931179 -1.98507828 -1.68322812 
1.23284674e-06 -3.41866364 -3.06658081 -2.44931179 -1.98507828 -1.68322812 
1.00000000e-06 -3.41866364 -3.06658081 -2.44931179 -1.98507828 -1.68322812 
8.11130831e-07 -3.41866364 -3.06658081 -2.44931179 -1.98507828 -1.68322812 
6.57933225e-07 -3.41866364 -3.06658081 -2.44931179 -1.98507828 -1.68322812 
5.33669923e-07 -3.41866364 -3.06658081 -2.44931179 -1.98507828 -1.68322812 
4.32876128e-07 -3.41866364 -3.06658081 -2.44931179 -1.98507828 -1.68322812 
3.51119173e-07 -3.41866364 -3.06658081 -2.44931179 -1.98507828 -1.68322812 
2.84803587e-07 -3.41866364 -3.06658081 -2.44931179 -1.98507828 -1.68322812 
2.31012970e-07 -3.41866364 -3.06658081 -2.44931179 -1.98507828 -1.68322812 
1.87381742e-07 -3.41866364 -3.06658081 -2.44931179 -1.98507828 -1.68322812 
1.51991108e-07 -3.41866364 -3.06658081 -2.44931179 -1.98507828 -1.68322812 
1.23284674e-07 -3.41866364 -3.06658081 -2.44931179 -1.98507828 -1.68322812 
1.00000000e-07 -3.41866364 -3.06658081 -2.44931179 -1.98507828 -1.68322812 
