Chemical species: H2 He H2O CO2 K
P (bar) | log_H2: -2σ | log_H2: -1σ | log_H2: median | log_H2: +1σ | log_H2: +2σ 
1.00000000e+02 -0.10370919 -0.09699040 -0.09100462 -0.08628635 -0.08185180 
8.11130831e+01 -0.10370919 -0.09699040 -0.09100462 -0.08628635 -0.08185180 
6.57933225e+01 -0.10370919 -0.09699040 -0.09100462 -0.08628635 -0.08185180 
5.33669923e+01 -0.10370919 -0.09699040 -0.09100462 -0.08628635 -0.08185180 
4.32876128e+01 -0.10370919 -0.09699040 -0.09100462 -0.08628635 -0.08185180 
3.51119173e+01 -0.10370919 -0.09699040 -0.09100462 -0.08628635 -0.08185180 
2.84803587e+01 -0.10370919 -0.09699040 -0.09100462 -0.08628635 -0.08185180 
2.31012970e+01 -0.10370919 -0.09699040 -0.09100462 -0.08628635 -0.08185180 
1.87381742e+01 -0.10370919 -0.09699040 -0.09100462 -0.08628635 -0.08185180 
1.51991108e+01 -0.10370919 -0.09699040 -0.09100462 -0.08628635 -0.08185180 
1.23284674e+01 -0.10370919 -0.09699040 -0.09100462 -0.08628635 -0.08185180 
1.00000000e+01 -0.10370919 -0.09699040 -0.09100462 -0.08628635 -0.08185180 
8.11130831e+00 -0.10370919 -0.09699040 -0.09100462 -0.08628635 -0.08185180 
6.57933225e+00 -0.10370919 -0.09699040 -0.09100462 -0.08628635 -0.08185180 
5.33669923e+00 -0.10370919 -0.09699040 -0.09100462 -0.08628635 -0.08185180 
4.32876128e+00 -0.10370919 -0.09699040 -0.09100462 -0.08628635 -0.08185180 
3.51119173e+00 -0.10370919 -0.09699040 -0.09100462 -0.08628635 -0.08185180 
2.84803587e+00 -0.10370919 -0.09699040 -0.09100462 -0.08628635 -0.08185180 
2.31012970e+00 -0.10370919 -0.09699040 -0.09100462 -0.08628635 -0.08185180 
1.87381742e+00 -0.10370919 -0.09699040 -0.09100462 -0.08628635 -0.08185180 
1.51991108e+00 -0.10370919 -0.09699040 -0.09100462 -0.08628635 -0.08185180 
1.23284674e+00 -0.10370919 -0.09699040 -0.09100462 -0.08628635 -0.08185180 
1.00000000e+00 -0.10370919 -0.09699040 -0.09100462 -0.08628635 -0.08185180 
8.11130831e-01 -0.10370919 -0.09699040 -0.09100462 -0.08628635 -0.08185180 
6.57933225e-01 -0.10370919 -0.09699040 -0.09100462 -0.08628635 -0.08185180 
5.33669923e-01 -0.10370919 -0.09699040 -0.09100462 -0.08628635 -0.08185180 
4.32876128e-01 -0.10370919 -0.09699040 -0.09100462 -0.08628635 -0.08185180 
3.51119173e-01 -0.10370919 -0.09699040 -0.09100462 -0.08628635 -0.08185180 
2.84803587e-01 -0.10370919 -0.09699040 -0.09100462 -0.08628635 -0.08185180 
2.31012970e-01 -0.10370919 -0.09699040 -0.09100462 -0.08628635 -0.08185180 
1.87381742e-01 -0.10370919 -0.09699040 -0.09100462 -0.08628635 -0.08185180 
1.51991108e-01 -0.10370919 -0.09699040 -0.09100462 -0.08628635 -0.08185180 
1.23284674e-01 -0.10370919 -0.09699040 -0.09100462 -0.08628635 -0.08185180 
1.00000000e-01 -0.10370919 -0.09699040 -0.09100462 -0.08628635 -0.08185180 
8.11130831e-02 -0.10370919 -0.09699040 -0.09100462 -0.08628635 -0.08185180 
6.57933225e-02 -0.10370919 -0.09699040 -0.09100462 -0.08628635 -0.08185180 
5.33669923e-02 -0.10370919 -0.09699040 -0.09100462 -0.08628635 -0.08185180 
4.32876128e-02 -0.10370919 -0.09699040 -0.09100462 -0.08628635 -0.08185180 
3.51119173e-02 -0.10370919 -0.09699040 -0.09100462 -0.08628635 -0.08185180 
2.84803587e-02 -0.10370919 -0.09699040 -0.09100462 -0.08628635 -0.08185180 
2.31012970e-02 -0.10370919 -0.09699040 -0.09100462 -0.08628635 -0.08185180 
1.87381742e-02 -0.10370919 -0.09699040 -0.09100462 -0.08628635 -0.08185180 
1.51991108e-02 -0.10370919 -0.09699040 -0.09100462 -0.08628635 -0.08185180 
1.23284674e-02 -0.10370919 -0.09699040 -0.09100462 -0.08628635 -0.08185180 
1.00000000e-02 -0.10370919 -0.09699040 -0.09100462 -0.08628635 -0.08185180 
8.11130831e-03 -0.10370919 -0.09699040 -0.09100462 -0.08628635 -0.08185180 
6.57933225e-03 -0.10370919 -0.09699040 -0.09100462 -0.08628635 -0.08185180 
5.33669923e-03 -0.10370919 -0.09699040 -0.09100462 -0.08628635 -0.08185180 
4.32876128e-03 -0.10370919 -0.09699040 -0.09100462 -0.08628635 -0.08185180 
3.51119173e-03 -0.10370919 -0.09699040 -0.09100462 -0.08628635 -0.08185180 
2.84803587e-03 -0.10370919 -0.09699040 -0.09100462 -0.08628635 -0.08185180 
2.31012970e-03 -0.10370919 -0.09699040 -0.09100462 -0.08628635 -0.08185180 
1.87381742e-03 -0.10370919 -0.09699040 -0.09100462 -0.08628635 -0.08185180 
1.51991108e-03 -0.10370919 -0.09699040 -0.09100462 -0.08628635 -0.08185180 
1.23284674e-03 -0.10370919 -0.09699040 -0.09100462 -0.08628635 -0.08185180 
1.00000000e-03 -0.10370919 -0.09699040 -0.09100462 -0.08628635 -0.08185180 
8.11130831e-04 -0.10370919 -0.09699040 -0.09100462 -0.08628635 -0.08185180 
6.57933225e-04 -0.10370919 -0.09699040 -0.09100462 -0.08628635 -0.08185180 
5.33669923e-04 -0.10370919 -0.09699040 -0.09100462 -0.08628635 -0.08185180 
4.32876128e-04 -0.10370919 -0.09699040 -0.09100462 -0.08628635 -0.08185180 
3.51119173e-04 -0.10370919 -0.09699040 -0.09100462 -0.08628635 -0.08185180 
2.84803587e-04 -0.10370919 -0.09699040 -0.09100462 -0.08628635 -0.08185180 
2.31012970e-04 -0.10370919 -0.09699040 -0.09100462 -0.08628635 -0.08185180 
1.87381742e-04 -0.10370919 -0.09699040 -0.09100462 -0.08628635 -0.08185180 
1.51991108e-04 -0.10370919 -0.09699040 -0.09100462 -0.08628635 -0.08185180 
1.23284674e-04 -0.10370919 -0.09699040 -0.09100462 -0.08628635 -0.08185180 
1.00000000e-04 -0.10370919 -0.09699040 -0.09100462 -0.08628635 -0.08185180 
8.11130831e-05 -0.10370919 -0.09699040 -0.09100462 -0.08628635 -0.08185180 
6.57933225e-05 -0.10370919 -0.09699040 -0.09100462 -0.08628635 -0.08185180 
5.33669923e-05 -0.10370919 -0.09699040 -0.09100462 -0.08628635 -0.08185180 
4.32876128e-05 -0.10370919 -0.09699040 -0.09100462 -0.08628635 -0.08185180 
3.51119173e-05 -0.10370919 -0.09699040 -0.09100462 -0.08628635 -0.08185180 
2.84803587e-05 -0.10370919 -0.09699040 -0.09100462 -0.08628635 -0.08185180 
2.31012970e-05 -0.10370919 -0.09699040 -0.09100462 -0.08628635 -0.08185180 
1.87381742e-05 -0.10370919 -0.09699040 -0.09100462 -0.08628635 -0.08185180 
1.51991108e-05 -0.10370919 -0.09699040 -0.09100462 -0.08628635 -0.08185180 
1.23284674e-05 -0.10370919 -0.09699040 -0.09100462 -0.08628635 -0.08185180 
1.00000000e-05 -0.10370919 -0.09699040 -0.09100462 -0.08628635 -0.08185180 
8.11130831e-06 -0.10370919 -0.09699040 -0.09100462 -0.08628635 -0.08185180 
6.57933225e-06 -0.10370919 -0.09699040 -0.09100462 -0.08628635 -0.08185180 
5.33669923e-06 -0.10370919 -0.09699040 -0.09100462 -0.08628635 -0.08185180 
4.32876128e-06 -0.10370919 -0.09699040 -0.09100462 -0.08628635 -0.08185180 
3.51119173e-06 -0.10370919 -0.09699040 -0.09100462 -0.08628635 -0.08185180 
2.84803587e-06 -0.10370919 -0.09699040 -0.09100462 -0.08628635 -0.08185180 
2.31012970e-06 -0.10370919 -0.09699040 -0.09100462 -0.08628635 -0.08185180 
1.87381742e-06 -0.10370919 -0.09699040 -0.09100462 -0.08628635 -0.08185180 
1.51991108e-06 -0.10370919 -0.09699040 -0.09100462 -0.08628635 -0.08185180 
1.23284674e-06 -0.10370919 -0.09699040 -0.09100462 -0.08628635 -0.08185180 
1.00000000e-06 -0.10370919 -0.09699040 -0.09100462 -0.08628635 -0.08185180 
8.11130831e-07 -0.10370919 -0.09699040 -0.09100462 -0.08628635 -0.08185180 
6.57933225e-07 -0.10370919 -0.09699040 -0.09100462 -0.08628635 -0.08185180 
5.33669923e-07 -0.10370919 -0.09699040 -0.09100462 -0.08628635 -0.08185180 
4.32876128e-07 -0.10370919 -0.09699040 -0.09100462 -0.08628635 -0.08185180 
3.51119173e-07 -0.10370919 -0.09699040 -0.09100462 -0.08628635 -0.08185180 
2.84803587e-07 -0.10370919 -0.09699040 -0.09100462 -0.08628635 -0.08185180 
2.31012970e-07 -0.10370919 -0.09699040 -0.09100462 -0.08628635 -0.08185180 
1.87381742e-07 -0.10370919 -0.09699040 -0.09100462 -0.08628635 -0.08185180 
1.51991108e-07 -0.10370919 -0.09699040 -0.09100462 -0.08628635 -0.08185180 
1.23284674e-07 -0.10370919 -0.09699040 -0.09100462 -0.08628635 -0.08185180 
1.00000000e-07 -0.10370919 -0.09699040 -0.09100462 -0.08628635 -0.08185180 
P (bar) | log_He: -2σ | log_He: -1σ | log_He: median | log_He: +1σ | log_He: +2σ 
1.00000000e+02 -0.87326027 -0.86654147 -0.86055570 -0.85583742 -0.85140288 
8.11130831e+01 -0.87326027 -0.86654147 -0.86055570 -0.85583742 -0.85140288 
6.57933225e+01 -0.87326027 -0.86654147 -0.86055570 -0.85583742 -0.85140288 
5.33669923e+01 -0.87326027 -0.86654147 -0.86055570 -0.85583742 -0.85140288 
4.32876128e+01 -0.87326027 -0.86654147 -0.86055570 -0.85583742 -0.85140288 
3.51119173e+01 -0.87326027 -0.86654147 -0.86055570 -0.85583742 -0.85140288 
2.84803587e+01 -0.87326027 -0.86654147 -0.86055570 -0.85583742 -0.85140288 
2.31012970e+01 -0.87326027 -0.86654147 -0.86055570 -0.85583742 -0.85140288 
1.87381742e+01 -0.87326027 -0.86654147 -0.86055570 -0.85583742 -0.85140288 
1.51991108e+01 -0.87326027 -0.86654147 -0.86055570 -0.85583742 -0.85140288 
1.23284674e+01 -0.87326027 -0.86654147 -0.86055570 -0.85583742 -0.85140288 
1.00000000e+01 -0.87326027 -0.86654147 -0.86055570 -0.85583742 -0.85140288 
8.11130831e+00 -0.87326027 -0.86654147 -0.86055570 -0.85583742 -0.85140288 
6.57933225e+00 -0.87326027 -0.86654147 -0.86055570 -0.85583742 -0.85140288 
5.33669923e+00 -0.87326027 -0.86654147 -0.86055570 -0.85583742 -0.85140288 
4.32876128e+00 -0.87326027 -0.86654147 -0.86055570 -0.85583742 -0.85140288 
3.51119173e+00 -0.87326027 -0.86654147 -0.86055570 -0.85583742 -0.85140288 
2.84803587e+00 -0.87326027 -0.86654147 -0.86055570 -0.85583742 -0.85140288 
2.31012970e+00 -0.87326027 -0.86654147 -0.86055570 -0.85583742 -0.85140288 
1.87381742e+00 -0.87326027 -0.86654147 -0.86055570 -0.85583742 -0.85140288 
1.51991108e+00 -0.87326027 -0.86654147 -0.86055570 -0.85583742 -0.85140288 
1.23284674e+00 -0.87326027 -0.86654147 -0.86055570 -0.85583742 -0.85140288 
1.00000000e+00 -0.87326027 -0.86654147 -0.86055570 -0.85583742 -0.85140288 
8.11130831e-01 -0.87326027 -0.86654147 -0.86055570 -0.85583742 -0.85140288 
6.57933225e-01 -0.87326027 -0.86654147 -0.86055570 -0.85583742 -0.85140288 
5.33669923e-01 -0.87326027 -0.86654147 -0.86055570 -0.85583742 -0.85140288 
4.32876128e-01 -0.87326027 -0.86654147 -0.86055570 -0.85583742 -0.85140288 
3.51119173e-01 -0.87326027 -0.86654147 -0.86055570 -0.85583742 -0.85140288 
2.84803587e-01 -0.87326027 -0.86654147 -0.86055570 -0.85583742 -0.85140288 
2.31012970e-01 -0.87326027 -0.86654147 -0.86055570 -0.85583742 -0.85140288 
1.87381742e-01 -0.87326027 -0.86654147 -0.86055570 -0.85583742 -0.85140288 
1.51991108e-01 -0.87326027 -0.86654147 -0.86055570 -0.85583742 -0.85140288 
1.23284674e-01 -0.87326027 -0.86654147 -0.86055570 -0.85583742 -0.85140288 
1.00000000e-01 -0.87326027 -0.86654147 -0.86055570 -0.85583742 -0.85140288 
8.11130831e-02 -0.87326027 -0.86654147 -0.86055570 -0.85583742 -0.85140288 
6.57933225e-02 -0.87326027 -0.86654147 -0.86055570 -0.85583742 -0.85140288 
5.33669923e-02 -0.87326027 -0.86654147 -0.86055570 -0.85583742 -0.85140288 
4.32876128e-02 -0.87326027 -0.86654147 -0.86055570 -0.85583742 -0.85140288 
3.51119173e-02 -0.87326027 -0.86654147 -0.86055570 -0.85583742 -0.85140288 
2.84803587e-02 -0.87326027 -0.86654147 -0.86055570 -0.85583742 -0.85140288 
2.31012970e-02 -0.87326027 -0.86654147 -0.86055570 -0.85583742 -0.85140288 
1.87381742e-02 -0.87326027 -0.86654147 -0.86055570 -0.85583742 -0.85140288 
1.51991108e-02 -0.87326027 -0.86654147 -0.86055570 -0.85583742 -0.85140288 
1.23284674e-02 -0.87326027 -0.86654147 -0.86055570 -0.85583742 -0.85140288 
1.00000000e-02 -0.87326027 -0.86654147 -0.86055570 -0.85583742 -0.85140288 
8.11130831e-03 -0.87326027 -0.86654147 -0.86055570 -0.85583742 -0.85140288 
6.57933225e-03 -0.87326027 -0.86654147 -0.86055570 -0.85583742 -0.85140288 
5.33669923e-03 -0.87326027 -0.86654147 -0.86055570 -0.85583742 -0.85140288 
4.32876128e-03 -0.87326027 -0.86654147 -0.86055570 -0.85583742 -0.85140288 
3.51119173e-03 -0.87326027 -0.86654147 -0.86055570 -0.85583742 -0.85140288 
2.84803587e-03 -0.87326027 -0.86654147 -0.86055570 -0.85583742 -0.85140288 
2.31012970e-03 -0.87326027 -0.86654147 -0.86055570 -0.85583742 -0.85140288 
1.87381742e-03 -0.87326027 -0.86654147 -0.86055570 -0.85583742 -0.85140288 
1.51991108e-03 -0.87326027 -0.86654147 -0.86055570 -0.85583742 -0.85140288 
1.23284674e-03 -0.87326027 -0.86654147 -0.86055570 -0.85583742 -0.85140288 
1.00000000e-03 -0.87326027 -0.86654147 -0.86055570 -0.85583742 -0.85140288 
8.11130831e-04 -0.87326027 -0.86654147 -0.86055570 -0.85583742 -0.85140288 
6.57933225e-04 -0.87326027 -0.86654147 -0.86055570 -0.85583742 -0.85140288 
5.33669923e-04 -0.87326027 -0.86654147 -0.86055570 -0.85583742 -0.85140288 
4.32876128e-04 -0.87326027 -0.86654147 -0.86055570 -0.85583742 -0.85140288 
3.51119173e-04 -0.87326027 -0.86654147 -0.86055570 -0.85583742 -0.85140288 
2.84803587e-04 -0.87326027 -0.86654147 -0.86055570 -0.85583742 -0.85140288 
2.31012970e-04 -0.87326027 -0.86654147 -0.86055570 -0.85583742 -0.85140288 
1.87381742e-04 -0.87326027 -0.86654147 -0.86055570 -0.85583742 -0.85140288 
1.51991108e-04 -0.87326027 -0.86654147 -0.86055570 -0.85583742 -0.85140288 
1.23284674e-04 -0.87326027 -0.86654147 -0.86055570 -0.85583742 -0.85140288 
1.00000000e-04 -0.87326027 -0.86654147 -0.86055570 -0.85583742 -0.85140288 
8.11130831e-05 -0.87326027 -0.86654147 -0.86055570 -0.85583742 -0.85140288 
6.57933225e-05 -0.87326027 -0.86654147 -0.86055570 -0.85583742 -0.85140288 
5.33669923e-05 -0.87326027 -0.86654147 -0.86055570 -0.85583742 -0.85140288 
4.32876128e-05 -0.87326027 -0.86654147 -0.86055570 -0.85583742 -0.85140288 
3.51119173e-05 -0.87326027 -0.86654147 -0.86055570 -0.85583742 -0.85140288 
2.84803587e-05 -0.87326027 -0.86654147 -0.86055570 -0.85583742 -0.85140288 
2.31012970e-05 -0.87326027 -0.86654147 -0.86055570 -0.85583742 -0.85140288 
1.87381742e-05 -0.87326027 -0.86654147 -0.86055570 -0.85583742 -0.85140288 
1.51991108e-05 -0.87326027 -0.86654147 -0.86055570 -0.85583742 -0.85140288 
1.23284674e-05 -0.87326027 -0.86654147 -0.86055570 -0.85583742 -0.85140288 
1.00000000e-05 -0.87326027 -0.86654147 -0.86055570 -0.85583742 -0.85140288 
8.11130831e-06 -0.87326027 -0.86654147 -0.86055570 -0.85583742 -0.85140288 
6.57933225e-06 -0.87326027 -0.86654147 -0.86055570 -0.85583742 -0.85140288 
5.33669923e-06 -0.87326027 -0.86654147 -0.86055570 -0.85583742 -0.85140288 
4.32876128e-06 -0.87326027 -0.86654147 -0.86055570 -0.85583742 -0.85140288 
3.51119173e-06 -0.87326027 -0.86654147 -0.86055570 -0.85583742 -0.85140288 
2.84803587e-06 -0.87326027 -0.86654147 -0.86055570 -0.85583742 -0.85140288 
2.31012970e-06 -0.87326027 -0.86654147 -0.86055570 -0.85583742 -0.85140288 
1.87381742e-06 -0.87326027 -0.86654147 -0.86055570 -0.85583742 -0.85140288 
1.51991108e-06 -0.87326027 -0.86654147 -0.86055570 -0.85583742 -0.85140288 
1.23284674e-06 -0.87326027 -0.86654147 -0.86055570 -0.85583742 -0.85140288 
1.00000000e-06 -0.87326027 -0.86654147 -0.86055570 -0.85583742 -0.85140288 
8.11130831e-07 -0.87326027 -0.86654147 -0.86055570 -0.85583742 -0.85140288 
6.57933225e-07 -0.87326027 -0.86654147 -0.86055570 -0.85583742 -0.85140288 
5.33669923e-07 -0.87326027 -0.86654147 -0.86055570 -0.85583742 -0.85140288 
4.32876128e-07 -0.87326027 -0.86654147 -0.86055570 -0.85583742 -0.85140288 
3.51119173e-07 -0.87326027 -0.86654147 -0.86055570 -0.85583742 -0.85140288 
2.84803587e-07 -0.87326027 -0.86654147 -0.86055570 -0.85583742 -0.85140288 
2.31012970e-07 -0.87326027 -0.86654147 -0.86055570 -0.85583742 -0.85140288 
1.87381742e-07 -0.87326027 -0.86654147 -0.86055570 -0.85583742 -0.85140288 
1.51991108e-07 -0.87326027 -0.86654147 -0.86055570 -0.85583742 -0.85140288 
1.23284674e-07 -0.87326027 -0.86654147 -0.86055570 -0.85583742 -0.85140288 
1.00000000e-07 -0.87326027 -0.86654147 -0.86055570 -0.85583742 -0.85140288 
P (bar) | log_H2O: -2σ | log_H2O: -1σ | log_H2O: median | log_H2O: +1σ | log_H2O: +2σ 
1.00000000e+02 -1.51519318 -1.38933226 -1.29088706 -1.19283745 -1.10653568 
8.11130831e+01 -1.51519318 -1.38933226 -1.29088706 -1.19283745 -1.10653568 
6.57933225e+01 -1.51519318 -1.38933226 -1.29088706 -1.19283745 -1.10653568 
5.33669923e+01 -1.51519318 -1.38933226 -1.29088706 -1.19283745 -1.10653568 
4.32876128e+01 -1.51519318 -1.38933226 -1.29088706 -1.19283745 -1.10653568 
3.51119173e+01 -1.51519318 -1.38933226 -1.29088706 -1.19283745 -1.10653568 
2.84803587e+01 -1.51519318 -1.38933226 -1.29088706 -1.19283745 -1.10653568 
2.31012970e+01 -1.51519318 -1.38933226 -1.29088706 -1.19283745 -1.10653568 
1.87381742e+01 -1.51519318 -1.38933226 -1.29088706 -1.19283745 -1.10653568 
1.51991108e+01 -1.51519318 -1.38933226 -1.29088706 -1.19283745 -1.10653568 
1.23284674e+01 -1.51519318 -1.38933226 -1.29088706 -1.19283745 -1.10653568 
1.00000000e+01 -1.51519318 -1.38933226 -1.29088706 -1.19283745 -1.10653568 
8.11130831e+00 -1.51519318 -1.38933226 -1.29088706 -1.19283745 -1.10653568 
6.57933225e+00 -1.51519318 -1.38933226 -1.29088706 -1.19283745 -1.10653568 
5.33669923e+00 -1.51519318 -1.38933226 -1.29088706 -1.19283745 -1.10653568 
4.32876128e+00 -1.51519318 -1.38933226 -1.29088706 -1.19283745 -1.10653568 
3.51119173e+00 -1.51519318 -1.38933226 -1.29088706 -1.19283745 -1.10653568 
2.84803587e+00 -1.51519318 -1.38933226 -1.29088706 -1.19283745 -1.10653568 
2.31012970e+00 -1.51519318 -1.38933226 -1.29088706 -1.19283745 -1.10653568 
1.87381742e+00 -1.51519318 -1.38933226 -1.29088706 -1.19283745 -1.10653568 
1.51991108e+00 -1.51519318 -1.38933226 -1.29088706 -1.19283745 -1.10653568 
1.23284674e+00 -1.51519318 -1.38933226 -1.29088706 -1.19283745 -1.10653568 
1.00000000e+00 -1.51519318 -1.38933226 -1.29088706 -1.19283745 -1.10653568 
8.11130831e-01 -1.51519318 -1.38933226 -1.29088706 -1.19283745 -1.10653568 
6.57933225e-01 -1.51519318 -1.38933226 -1.29088706 -1.19283745 -1.10653568 
5.33669923e-01 -1.51519318 -1.38933226 -1.29088706 -1.19283745 -1.10653568 
4.32876128e-01 -1.51519318 -1.38933226 -1.29088706 -1.19283745 -1.10653568 
3.51119173e-01 -1.51519318 -1.38933226 -1.29088706 -1.19283745 -1.10653568 
2.84803587e-01 -1.51519318 -1.38933226 -1.29088706 -1.19283745 -1.10653568 
2.31012970e-01 -1.51519318 -1.38933226 -1.29088706 -1.19283745 -1.10653568 
1.87381742e-01 -1.51519318 -1.38933226 -1.29088706 -1.19283745 -1.10653568 
1.51991108e-01 -1.51519318 -1.38933226 -1.29088706 -1.19283745 -1.10653568 
1.23284674e-01 -1.51519318 -1.38933226 -1.29088706 -1.19283745 -1.10653568 
1.00000000e-01 -1.51519318 -1.38933226 -1.29088706 -1.19283745 -1.10653568 
8.11130831e-02 -1.51519318 -1.38933226 -1.29088706 -1.19283745 -1.10653568 
6.57933225e-02 -1.51519318 -1.38933226 -1.29088706 -1.19283745 -1.10653568 
5.33669923e-02 -1.51519318 -1.38933226 -1.29088706 -1.19283745 -1.10653568 
4.32876128e-02 -1.51519318 -1.38933226 -1.29088706 -1.19283745 -1.10653568 
3.51119173e-02 -1.51519318 -1.38933226 -1.29088706 -1.19283745 -1.10653568 
2.84803587e-02 -1.51519318 -1.38933226 -1.29088706 -1.19283745 -1.10653568 
2.31012970e-02 -1.51519318 -1.38933226 -1.29088706 -1.19283745 -1.10653568 
1.87381742e-02 -1.51519318 -1.38933226 -1.29088706 -1.19283745 -1.10653568 
1.51991108e-02 -1.51519318 -1.38933226 -1.29088706 -1.19283745 -1.10653568 
1.23284674e-02 -1.51519318 -1.38933226 -1.29088706 -1.19283745 -1.10653568 
1.00000000e-02 -1.51519318 -1.38933226 -1.29088706 -1.19283745 -1.10653568 
8.11130831e-03 -1.51519318 -1.38933226 -1.29088706 -1.19283745 -1.10653568 
6.57933225e-03 -1.51519318 -1.38933226 -1.29088706 -1.19283745 -1.10653568 
5.33669923e-03 -1.51519318 -1.38933226 -1.29088706 -1.19283745 -1.10653568 
4.32876128e-03 -1.51519318 -1.38933226 -1.29088706 -1.19283745 -1.10653568 
3.51119173e-03 -1.51519318 -1.38933226 -1.29088706 -1.19283745 -1.10653568 
2.84803587e-03 -1.51519318 -1.38933226 -1.29088706 -1.19283745 -1.10653568 
2.31012970e-03 -1.51519318 -1.38933226 -1.29088706 -1.19283745 -1.10653568 
1.87381742e-03 -1.51519318 -1.38933226 -1.29088706 -1.19283745 -1.10653568 
1.51991108e-03 -1.51519318 -1.38933226 -1.29088706 -1.19283745 -1.10653568 
1.23284674e-03 -1.51519318 -1.38933226 -1.29088706 -1.19283745 -1.10653568 
1.00000000e-03 -1.51519318 -1.38933226 -1.29088706 -1.19283745 -1.10653568 
8.11130831e-04 -1.51519318 -1.38933226 -1.29088706 -1.19283745 -1.10653568 
6.57933225e-04 -1.51519318 -1.38933226 -1.29088706 -1.19283745 -1.10653568 
5.33669923e-04 -1.51519318 -1.38933226 -1.29088706 -1.19283745 -1.10653568 
4.32876128e-04 -1.51519318 -1.38933226 -1.29088706 -1.19283745 -1.10653568 
3.51119173e-04 -1.51519318 -1.38933226 -1.29088706 -1.19283745 -1.10653568 
2.84803587e-04 -1.51519318 -1.38933226 -1.29088706 -1.19283745 -1.10653568 
2.31012970e-04 -1.51519318 -1.38933226 -1.29088706 -1.19283745 -1.10653568 
1.87381742e-04 -1.51519318 -1.38933226 -1.29088706 -1.19283745 -1.10653568 
1.51991108e-04 -1.51519318 -1.38933226 -1.29088706 -1.19283745 -1.10653568 
1.23284674e-04 -1.51519318 -1.38933226 -1.29088706 -1.19283745 -1.10653568 
1.00000000e-04 -1.51519318 -1.38933226 -1.29088706 -1.19283745 -1.10653568 
8.11130831e-05 -1.51519318 -1.38933226 -1.29088706 -1.19283745 -1.10653568 
6.57933225e-05 -1.51519318 -1.38933226 -1.29088706 -1.19283745 -1.10653568 
5.33669923e-05 -1.51519318 -1.38933226 -1.29088706 -1.19283745 -1.10653568 
4.32876128e-05 -1.51519318 -1.38933226 -1.29088706 -1.19283745 -1.10653568 
3.51119173e-05 -1.51519318 -1.38933226 -1.29088706 -1.19283745 -1.10653568 
2.84803587e-05 -1.51519318 -1.38933226 -1.29088706 -1.19283745 -1.10653568 
2.31012970e-05 -1.51519318 -1.38933226 -1.29088706 -1.19283745 -1.10653568 
1.87381742e-05 -1.51519318 -1.38933226 -1.29088706 -1.19283745 -1.10653568 
1.51991108e-05 -1.51519318 -1.38933226 -1.29088706 -1.19283745 -1.10653568 
1.23284674e-05 -1.51519318 -1.38933226 -1.29088706 -1.19283745 -1.10653568 
1.00000000e-05 -1.51519318 -1.38933226 -1.29088706 -1.19283745 -1.10653568 
8.11130831e-06 -1.51519318 -1.38933226 -1.29088706 -1.19283745 -1.10653568 
6.57933225e-06 -1.51519318 -1.38933226 -1.29088706 -1.19283745 -1.10653568 
5.33669923e-06 -1.51519318 -1.38933226 -1.29088706 -1.19283745 -1.10653568 
4.32876128e-06 -1.51519318 -1.38933226 -1.29088706 -1.19283745 -1.10653568 
3.51119173e-06 -1.51519318 -1.38933226 -1.29088706 -1.19283745 -1.10653568 
2.84803587e-06 -1.51519318 -1.38933226 -1.29088706 -1.19283745 -1.10653568 
2.31012970e-06 -1.51519318 -1.38933226 -1.29088706 -1.19283745 -1.10653568 
1.87381742e-06 -1.51519318 -1.38933226 -1.29088706 -1.19283745 -1.10653568 
1.51991108e-06 -1.51519318 -1.38933226 -1.29088706 -1.19283745 -1.10653568 
1.23284674e-06 -1.51519318 -1.38933226 -1.29088706 -1.19283745 -1.10653568 
1.00000000e-06 -1.51519318 -1.38933226 -1.29088706 -1.19283745 -1.10653568 
8.11130831e-07 -1.51519318 -1.38933226 -1.29088706 -1.19283745 -1.10653568 
6.57933225e-07 -1.51519318 -1.38933226 -1.29088706 -1.19283745 -1.10653568 
5.33669923e-07 -1.51519318 -1.38933226 -1.29088706 -1.19283745 -1.10653568 
4.32876128e-07 -1.51519318 -1.38933226 -1.29088706 -1.19283745 -1.10653568 
3.51119173e-07 -1.51519318 -1.38933226 -1.29088706 -1.19283745 -1.10653568 
2.84803587e-07 -1.51519318 -1.38933226 -1.29088706 -1.19283745 -1.10653568 
2.31012970e-07 -1.51519318 -1.38933226 -1.29088706 -1.19283745 -1.10653568 
1.87381742e-07 -1.51519318 -1.38933226 -1.29088706 -1.19283745 -1.10653568 
1.51991108e-07 -1.51519318 -1.38933226 -1.29088706 -1.19283745 -1.10653568 
1.23284674e-07 -1.51519318 -1.38933226 -1.29088706 -1.19283745 -1.10653568 
1.00000000e-07 -1.51519318 -1.38933226 -1.29088706 -1.19283745 -1.10653568 
P (bar) | log_CO2: -2σ | log_CO2: -1σ | log_CO2: median | log_CO2: +1σ | log_CO2: +2σ 
1.00000000e+02 -10.85934494 -9.91186063 -7.44882240 -5.27532880 -4.38455713 
8.11130831e+01 -10.85934494 -9.91186063 -7.44882240 -5.27532880 -4.38455713 
6.57933225e+01 -10.85934494 -9.91186063 -7.44882240 -5.27532880 -4.38455713 
5.33669923e+01 -10.85934494 -9.91186063 -7.44882240 -5.27532880 -4.38455713 
4.32876128e+01 -10.85934494 -9.91186063 -7.44882240 -5.27532880 -4.38455713 
3.51119173e+01 -10.85934494 -9.91186063 -7.44882240 -5.27532880 -4.38455713 
2.84803587e+01 -10.85934494 -9.91186063 -7.44882240 -5.27532880 -4.38455713 
2.31012970e+01 -10.85934494 -9.91186063 -7.44882240 -5.27532880 -4.38455713 
1.87381742e+01 -10.85934494 -9.91186063 -7.44882240 -5.27532880 -4.38455713 
1.51991108e+01 -10.85934494 -9.91186063 -7.44882240 -5.27532880 -4.38455713 
1.23284674e+01 -10.85934494 -9.91186063 -7.44882240 -5.27532880 -4.38455713 
1.00000000e+01 -10.85934494 -9.91186063 -7.44882240 -5.27532880 -4.38455713 
8.11130831e+00 -10.85934494 -9.91186063 -7.44882240 -5.27532880 -4.38455713 
6.57933225e+00 -10.85934494 -9.91186063 -7.44882240 -5.27532880 -4.38455713 
5.33669923e+00 -10.85934494 -9.91186063 -7.44882240 -5.27532880 -4.38455713 
4.32876128e+00 -10.85934494 -9.91186063 -7.44882240 -5.27532880 -4.38455713 
3.51119173e+00 -10.85934494 -9.91186063 -7.44882240 -5.27532880 -4.38455713 
2.84803587e+00 -10.85934494 -9.91186063 -7.44882240 -5.27532880 -4.38455713 
2.31012970e+00 -10.85934494 -9.91186063 -7.44882240 -5.27532880 -4.38455713 
1.87381742e+00 -10.85934494 -9.91186063 -7.44882240 -5.27532880 -4.38455713 
1.51991108e+00 -10.85934494 -9.91186063 -7.44882240 -5.27532880 -4.38455713 
1.23284674e+00 -10.85934494 -9.91186063 -7.44882240 -5.27532880 -4.38455713 
1.00000000e+00 -10.85934494 -9.91186063 -7.44882240 -5.27532880 -4.38455713 
8.11130831e-01 -10.85934494 -9.91186063 -7.44882240 -5.27532880 -4.38455713 
6.57933225e-01 -10.85934494 -9.91186063 -7.44882240 -5.27532880 -4.38455713 
5.33669923e-01 -10.85934494 -9.91186063 -7.44882240 -5.27532880 -4.38455713 
4.32876128e-01 -10.85934494 -9.91186063 -7.44882240 -5.27532880 -4.38455713 
3.51119173e-01 -10.85934494 -9.91186063 -7.44882240 -5.27532880 -4.38455713 
2.84803587e-01 -10.85934494 -9.91186063 -7.44882240 -5.27532880 -4.38455713 
2.31012970e-01 -10.85934494 -9.91186063 -7.44882240 -5.27532880 -4.38455713 
1.87381742e-01 -10.85934494 -9.91186063 -7.44882240 -5.27532880 -4.38455713 
1.51991108e-01 -10.85934494 -9.91186063 -7.44882240 -5.27532880 -4.38455713 
1.23284674e-01 -10.85934494 -9.91186063 -7.44882240 -5.27532880 -4.38455713 
1.00000000e-01 -10.85934494 -9.91186063 -7.44882240 -5.27532880 -4.38455713 
8.11130831e-02 -10.85934494 -9.91186063 -7.44882240 -5.27532880 -4.38455713 
6.57933225e-02 -10.85934494 -9.91186063 -7.44882240 -5.27532880 -4.38455713 
5.33669923e-02 -10.85934494 -9.91186063 -7.44882240 -5.27532880 -4.38455713 
4.32876128e-02 -10.85934494 -9.91186063 -7.44882240 -5.27532880 -4.38455713 
3.51119173e-02 -10.85934494 -9.91186063 -7.44882240 -5.27532880 -4.38455713 
2.84803587e-02 -10.85934494 -9.91186063 -7.44882240 -5.27532880 -4.38455713 
2.31012970e-02 -10.85934494 -9.91186063 -7.44882240 -5.27532880 -4.38455713 
1.87381742e-02 -10.85934494 -9.91186063 -7.44882240 -5.27532880 -4.38455713 
1.51991108e-02 -10.85934494 -9.91186063 -7.44882240 -5.27532880 -4.38455713 
1.23284674e-02 -10.85934494 -9.91186063 -7.44882240 -5.27532880 -4.38455713 
1.00000000e-02 -10.85934494 -9.91186063 -7.44882240 -5.27532880 -4.38455713 
8.11130831e-03 -10.85934494 -9.91186063 -7.44882240 -5.27532880 -4.38455713 
6.57933225e-03 -10.85934494 -9.91186063 -7.44882240 -5.27532880 -4.38455713 
5.33669923e-03 -10.85934494 -9.91186063 -7.44882240 -5.27532880 -4.38455713 
4.32876128e-03 -10.85934494 -9.91186063 -7.44882240 -5.27532880 -4.38455713 
3.51119173e-03 -10.85934494 -9.91186063 -7.44882240 -5.27532880 -4.38455713 
2.84803587e-03 -10.85934494 -9.91186063 -7.44882240 -5.27532880 -4.38455713 
2.31012970e-03 -10.85934494 -9.91186063 -7.44882240 -5.27532880 -4.38455713 
1.87381742e-03 -10.85934494 -9.91186063 -7.44882240 -5.27532880 -4.38455713 
1.51991108e-03 -10.85934494 -9.91186063 -7.44882240 -5.27532880 -4.38455713 
1.23284674e-03 -10.85934494 -9.91186063 -7.44882240 -5.27532880 -4.38455713 
1.00000000e-03 -10.85934494 -9.91186063 -7.44882240 -5.27532880 -4.38455713 
8.11130831e-04 -10.85934494 -9.91186063 -7.44882240 -5.27532880 -4.38455713 
6.57933225e-04 -10.85934494 -9.91186063 -7.44882240 -5.27532880 -4.38455713 
5.33669923e-04 -10.85934494 -9.91186063 -7.44882240 -5.27532880 -4.38455713 
4.32876128e-04 -10.85934494 -9.91186063 -7.44882240 -5.27532880 -4.38455713 
3.51119173e-04 -10.85934494 -9.91186063 -7.44882240 -5.27532880 -4.38455713 
2.84803587e-04 -10.85934494 -9.91186063 -7.44882240 -5.27532880 -4.38455713 
2.31012970e-04 -10.85934494 -9.91186063 -7.44882240 -5.27532880 -4.38455713 
1.87381742e-04 -10.85934494 -9.91186063 -7.44882240 -5.27532880 -4.38455713 
1.51991108e-04 -10.85934494 -9.91186063 -7.44882240 -5.27532880 -4.38455713 
1.23284674e-04 -10.85934494 -9.91186063 -7.44882240 -5.27532880 -4.38455713 
1.00000000e-04 -10.85934494 -9.91186063 -7.44882240 -5.27532880 -4.38455713 
8.11130831e-05 -10.85934494 -9.91186063 -7.44882240 -5.27532880 -4.38455713 
6.57933225e-05 -10.85934494 -9.91186063 -7.44882240 -5.27532880 -4.38455713 
5.33669923e-05 -10.85934494 -9.91186063 -7.44882240 -5.27532880 -4.38455713 
4.32876128e-05 -10.85934494 -9.91186063 -7.44882240 -5.27532880 -4.38455713 
3.51119173e-05 -10.85934494 -9.91186063 -7.44882240 -5.27532880 -4.38455713 
2.84803587e-05 -10.85934494 -9.91186063 -7.44882240 -5.27532880 -4.38455713 
2.31012970e-05 -10.85934494 -9.91186063 -7.44882240 -5.27532880 -4.38455713 
1.87381742e-05 -10.85934494 -9.91186063 -7.44882240 -5.27532880 -4.38455713 
1.51991108e-05 -10.85934494 -9.91186063 -7.44882240 -5.27532880 -4.38455713 
1.23284674e-05 -10.85934494 -9.91186063 -7.44882240 -5.27532880 -4.38455713 
1.00000000e-05 -10.85934494 -9.91186063 -7.44882240 -5.27532880 -4.38455713 
8.11130831e-06 -10.85934494 -9.91186063 -7.44882240 -5.27532880 -4.38455713 
6.57933225e-06 -10.85934494 -9.91186063 -7.44882240 -5.27532880 -4.38455713 
5.33669923e-06 -10.85934494 -9.91186063 -7.44882240 -5.27532880 -4.38455713 
4.32876128e-06 -10.85934494 -9.91186063 -7.44882240 -5.27532880 -4.38455713 
3.51119173e-06 -10.85934494 -9.91186063 -7.44882240 -5.27532880 -4.38455713 
2.84803587e-06 -10.85934494 -9.91186063 -7.44882240 -5.27532880 -4.38455713 
2.31012970e-06 -10.85934494 -9.91186063 -7.44882240 -5.27532880 -4.38455713 
1.87381742e-06 -10.85934494 -9.91186063 -7.44882240 -5.27532880 -4.38455713 
1.51991108e-06 -10.85934494 -9.91186063 -7.44882240 -5.27532880 -4.38455713 
1.23284674e-06 -10.85934494 -9.91186063 -7.44882240 -5.27532880 -4.38455713 
1.00000000e-06 -10.85934494 -9.91186063 -7.44882240 -5.27532880 -4.38455713 
8.11130831e-07 -10.85934494 -9.91186063 -7.44882240 -5.27532880 -4.38455713 
6.57933225e-07 -10.85934494 -9.91186063 -7.44882240 -5.27532880 -4.38455713 
5.33669923e-07 -10.85934494 -9.91186063 -7.44882240 -5.27532880 -4.38455713 
4.32876128e-07 -10.85934494 -9.91186063 -7.44882240 -5.27532880 -4.38455713 
3.51119173e-07 -10.85934494 -9.91186063 -7.44882240 -5.27532880 -4.38455713 
2.84803587e-07 -10.85934494 -9.91186063 -7.44882240 -5.27532880 -4.38455713 
2.31012970e-07 -10.85934494 -9.91186063 -7.44882240 -5.27532880 -4.38455713 
1.87381742e-07 -10.85934494 -9.91186063 -7.44882240 -5.27532880 -4.38455713 
1.51991108e-07 -10.85934494 -9.91186063 -7.44882240 -5.27532880 -4.38455713 
1.23284674e-07 -10.85934494 -9.91186063 -7.44882240 -5.27532880 -4.38455713 
1.00000000e-07 -10.85934494 -9.91186063 -7.44882240 -5.27532880 -4.38455713 
P (bar) | log_K: -2σ | log_K: -1σ | log_K: median | log_K: +1σ | log_K: +2σ 
1.00000000e+02 -6.79273871 -6.56640186 -6.34732063 -6.13527011 -5.94422852 
8.11130831e+01 -6.79273871 -6.56640186 -6.34732063 -6.13527011 -5.94422852 
6.57933225e+01 -6.79273871 -6.56640186 -6.34732063 -6.13527011 -5.94422852 
5.33669923e+01 -6.79273871 -6.56640186 -6.34732063 -6.13527011 -5.94422852 
4.32876128e+01 -6.79273871 -6.56640186 -6.34732063 -6.13527011 -5.94422852 
3.51119173e+01 -6.79273871 -6.56640186 -6.34732063 -6.13527011 -5.94422852 
2.84803587e+01 -6.79273871 -6.56640186 -6.34732063 -6.13527011 -5.94422852 
2.31012970e+01 -6.79273871 -6.56640186 -6.34732063 -6.13527011 -5.94422852 
1.87381742e+01 -6.79273871 -6.56640186 -6.34732063 -6.13527011 -5.94422852 
1.51991108e+01 -6.79273871 -6.56640186 -6.34732063 -6.13527011 -5.94422852 
1.23284674e+01 -6.79273871 -6.56640186 -6.34732063 -6.13527011 -5.94422852 
1.00000000e+01 -6.79273871 -6.56640186 -6.34732063 -6.13527011 -5.94422852 
8.11130831e+00 -6.79273871 -6.56640186 -6.34732063 -6.13527011 -5.94422852 
6.57933225e+00 -6.79273871 -6.56640186 -6.34732063 -6.13527011 -5.94422852 
5.33669923e+00 -6.79273871 -6.56640186 -6.34732063 -6.13527011 -5.94422852 
4.32876128e+00 -6.79273871 -6.56640186 -6.34732063 -6.13527011 -5.94422852 
3.51119173e+00 -6.79273871 -6.56640186 -6.34732063 -6.13527011 -5.94422852 
2.84803587e+00 -6.79273871 -6.56640186 -6.34732063 -6.13527011 -5.94422852 
2.31012970e+00 -6.79273871 -6.56640186 -6.34732063 -6.13527011 -5.94422852 
1.87381742e+00 -6.79273871 -6.56640186 -6.34732063 -6.13527011 -5.94422852 
1.51991108e+00 -6.79273871 -6.56640186 -6.34732063 -6.13527011 -5.94422852 
1.23284674e+00 -6.79273871 -6.56640186 -6.34732063 -6.13527011 -5.94422852 
1.00000000e+00 -6.79273871 -6.56640186 -6.34732063 -6.13527011 -5.94422852 
8.11130831e-01 -6.79273871 -6.56640186 -6.34732063 -6.13527011 -5.94422852 
6.57933225e-01 -6.79273871 -6.56640186 -6.34732063 -6.13527011 -5.94422852 
5.33669923e-01 -6.79273871 -6.56640186 -6.34732063 -6.13527011 -5.94422852 
4.32876128e-01 -6.79273871 -6.56640186 -6.34732063 -6.13527011 -5.94422852 
3.51119173e-01 -6.79273871 -6.56640186 -6.34732063 -6.13527011 -5.94422852 
2.84803587e-01 -6.79273871 -6.56640186 -6.34732063 -6.13527011 -5.94422852 
2.31012970e-01 -6.79273871 -6.56640186 -6.34732063 -6.13527011 -5.94422852 
1.87381742e-01 -6.79273871 -6.56640186 -6.34732063 -6.13527011 -5.94422852 
1.51991108e-01 -6.79273871 -6.56640186 -6.34732063 -6.13527011 -5.94422852 
1.23284674e-01 -6.79273871 -6.56640186 -6.34732063 -6.13527011 -5.94422852 
1.00000000e-01 -6.79273871 -6.56640186 -6.34732063 -6.13527011 -5.94422852 
8.11130831e-02 -6.79273871 -6.56640186 -6.34732063 -6.13527011 -5.94422852 
6.57933225e-02 -6.79273871 -6.56640186 -6.34732063 -6.13527011 -5.94422852 
5.33669923e-02 -6.79273871 -6.56640186 -6.34732063 -6.13527011 -5.94422852 
4.32876128e-02 -6.79273871 -6.56640186 -6.34732063 -6.13527011 -5.94422852 
3.51119173e-02 -6.79273871 -6.56640186 -6.34732063 -6.13527011 -5.94422852 
2.84803587e-02 -6.79273871 -6.56640186 -6.34732063 -6.13527011 -5.94422852 
2.31012970e-02 -6.79273871 -6.56640186 -6.34732063 -6.13527011 -5.94422852 
1.87381742e-02 -6.79273871 -6.56640186 -6.34732063 -6.13527011 -5.94422852 
1.51991108e-02 -6.79273871 -6.56640186 -6.34732063 -6.13527011 -5.94422852 
1.23284674e-02 -6.79273871 -6.56640186 -6.34732063 -6.13527011 -5.94422852 
1.00000000e-02 -6.79273871 -6.56640186 -6.34732063 -6.13527011 -5.94422852 
8.11130831e-03 -6.79273871 -6.56640186 -6.34732063 -6.13527011 -5.94422852 
6.57933225e-03 -6.79273871 -6.56640186 -6.34732063 -6.13527011 -5.94422852 
5.33669923e-03 -6.79273871 -6.56640186 -6.34732063 -6.13527011 -5.94422852 
4.32876128e-03 -6.79273871 -6.56640186 -6.34732063 -6.13527011 -5.94422852 
3.51119173e-03 -6.79273871 -6.56640186 -6.34732063 -6.13527011 -5.94422852 
2.84803587e-03 -6.79273871 -6.56640186 -6.34732063 -6.13527011 -5.94422852 
2.31012970e-03 -6.79273871 -6.56640186 -6.34732063 -6.13527011 -5.94422852 
1.87381742e-03 -6.79273871 -6.56640186 -6.34732063 -6.13527011 -5.94422852 
1.51991108e-03 -6.79273871 -6.56640186 -6.34732063 -6.13527011 -5.94422852 
1.23284674e-03 -6.79273871 -6.56640186 -6.34732063 -6.13527011 -5.94422852 
1.00000000e-03 -6.79273871 -6.56640186 -6.34732063 -6.13527011 -5.94422852 
8.11130831e-04 -6.79273871 -6.56640186 -6.34732063 -6.13527011 -5.94422852 
6.57933225e-04 -6.79273871 -6.56640186 -6.34732063 -6.13527011 -5.94422852 
5.33669923e-04 -6.79273871 -6.56640186 -6.34732063 -6.13527011 -5.94422852 
4.32876128e-04 -6.79273871 -6.56640186 -6.34732063 -6.13527011 -5.94422852 
3.51119173e-04 -6.79273871 -6.56640186 -6.34732063 -6.13527011 -5.94422852 
2.84803587e-04 -6.79273871 -6.56640186 -6.34732063 -6.13527011 -5.94422852 
2.31012970e-04 -6.79273871 -6.56640186 -6.34732063 -6.13527011 -5.94422852 
1.87381742e-04 -6.79273871 -6.56640186 -6.34732063 -6.13527011 -5.94422852 
1.51991108e-04 -6.79273871 -6.56640186 -6.34732063 -6.13527011 -5.94422852 
1.23284674e-04 -6.79273871 -6.56640186 -6.34732063 -6.13527011 -5.94422852 
1.00000000e-04 -6.79273871 -6.56640186 -6.34732063 -6.13527011 -5.94422852 
8.11130831e-05 -6.79273871 -6.56640186 -6.34732063 -6.13527011 -5.94422852 
6.57933225e-05 -6.79273871 -6.56640186 -6.34732063 -6.13527011 -5.94422852 
5.33669923e-05 -6.79273871 -6.56640186 -6.34732063 -6.13527011 -5.94422852 
4.32876128e-05 -6.79273871 -6.56640186 -6.34732063 -6.13527011 -5.94422852 
3.51119173e-05 -6.79273871 -6.56640186 -6.34732063 -6.13527011 -5.94422852 
2.84803587e-05 -6.79273871 -6.56640186 -6.34732063 -6.13527011 -5.94422852 
2.31012970e-05 -6.79273871 -6.56640186 -6.34732063 -6.13527011 -5.94422852 
1.87381742e-05 -6.79273871 -6.56640186 -6.34732063 -6.13527011 -5.94422852 
1.51991108e-05 -6.79273871 -6.56640186 -6.34732063 -6.13527011 -5.94422852 
1.23284674e-05 -6.79273871 -6.56640186 -6.34732063 -6.13527011 -5.94422852 
1.00000000e-05 -6.79273871 -6.56640186 -6.34732063 -6.13527011 -5.94422852 
8.11130831e-06 -6.79273871 -6.56640186 -6.34732063 -6.13527011 -5.94422852 
6.57933225e-06 -6.79273871 -6.56640186 -6.34732063 -6.13527011 -5.94422852 
5.33669923e-06 -6.79273871 -6.56640186 -6.34732063 -6.13527011 -5.94422852 
4.32876128e-06 -6.79273871 -6.56640186 -6.34732063 -6.13527011 -5.94422852 
3.51119173e-06 -6.79273871 -6.56640186 -6.34732063 -6.13527011 -5.94422852 
2.84803587e-06 -6.79273871 -6.56640186 -6.34732063 -6.13527011 -5.94422852 
2.31012970e-06 -6.79273871 -6.56640186 -6.34732063 -6.13527011 -5.94422852 
1.87381742e-06 -6.79273871 -6.56640186 -6.34732063 -6.13527011 -5.94422852 
1.51991108e-06 -6.79273871 -6.56640186 -6.34732063 -6.13527011 -5.94422852 
1.23284674e-06 -6.79273871 -6.56640186 -6.34732063 -6.13527011 -5.94422852 
1.00000000e-06 -6.79273871 -6.56640186 -6.34732063 -6.13527011 -5.94422852 
8.11130831e-07 -6.79273871 -6.56640186 -6.34732063 -6.13527011 -5.94422852 
6.57933225e-07 -6.79273871 -6.56640186 -6.34732063 -6.13527011 -5.94422852 
5.33669923e-07 -6.79273871 -6.56640186 -6.34732063 -6.13527011 -5.94422852 
4.32876128e-07 -6.79273871 -6.56640186 -6.34732063 -6.13527011 -5.94422852 
3.51119173e-07 -6.79273871 -6.56640186 -6.34732063 -6.13527011 -5.94422852 
2.84803587e-07 -6.79273871 -6.56640186 -6.34732063 -6.13527011 -5.94422852 
2.31012970e-07 -6.79273871 -6.56640186 -6.34732063 -6.13527011 -5.94422852 
1.87381742e-07 -6.79273871 -6.56640186 -6.34732063 -6.13527011 -5.94422852 
1.51991108e-07 -6.79273871 -6.56640186 -6.34732063 -6.13527011 -5.94422852 
1.23284674e-07 -6.79273871 -6.56640186 -6.34732063 -6.13527011 -5.94422852 
1.00000000e-07 -6.79273871 -6.56640186 -6.34732063 -6.13527011 -5.94422852 
