Chemical species: H2 He H2O CO2 K CO Na CH4 H2S
P (bar) | log_H2: -2σ | log_H2: -1σ | log_H2: median | log_H2: +1σ | log_H2: +2σ 
1.00000000e+02 -0.09044600 -0.08698802 -0.08397298 -0.08120506 -0.07858740 
8.11130831e+01 -0.09044600 -0.08698802 -0.08397298 -0.08120506 -0.07858740 
6.57933225e+01 -0.09044600 -0.08698802 -0.08397298 -0.08120506 -0.07858740 
5.33669923e+01 -0.09044600 -0.08698802 -0.08397298 -0.08120506 -0.07858740 
4.32876128e+01 -0.09044600 -0.08698802 -0.08397298 -0.08120506 -0.07858740 
3.51119173e+01 -0.09044600 -0.08698802 -0.08397298 -0.08120506 -0.07858740 
2.84803587e+01 -0.09044600 -0.08698802 -0.08397298 -0.08120506 -0.07858740 
2.31012970e+01 -0.09044600 -0.08698802 -0.08397298 -0.08120506 -0.07858740 
1.87381742e+01 -0.09044600 -0.08698802 -0.08397298 -0.08120506 -0.07858740 
1.51991108e+01 -0.09044600 -0.08698802 -0.08397298 -0.08120506 -0.07858740 
1.23284674e+01 -0.09044600 -0.08698802 -0.08397298 -0.08120506 -0.07858740 
1.00000000e+01 -0.09044600 -0.08698802 -0.08397298 -0.08120506 -0.07858740 
8.11130831e+00 -0.09044600 -0.08698802 -0.08397298 -0.08120506 -0.07858740 
6.57933225e+00 -0.09044600 -0.08698802 -0.08397298 -0.08120506 -0.07858740 
5.33669923e+00 -0.09044600 -0.08698802 -0.08397298 -0.08120506 -0.07858740 
4.32876128e+00 -0.09044600 -0.08698802 -0.08397298 -0.08120506 -0.07858740 
3.51119173e+00 -0.09044600 -0.08698802 -0.08397298 -0.08120506 -0.07858740 
2.84803587e+00 -0.09044600 -0.08698802 -0.08397298 -0.08120506 -0.07858740 
2.31012970e+00 -0.09044600 -0.08698802 -0.08397298 -0.08120506 -0.07858740 
1.87381742e+00 -0.09044600 -0.08698802 -0.08397298 -0.08120506 -0.07858740 
1.51991108e+00 -0.09044600 -0.08698802 -0.08397298 -0.08120506 -0.07858740 
1.23284674e+00 -0.09044600 -0.08698802 -0.08397298 -0.08120506 -0.07858740 
1.00000000e+00 -0.09044600 -0.08698802 -0.08397298 -0.08120506 -0.07858740 
8.11130831e-01 -0.09044600 -0.08698802 -0.08397298 -0.08120506 -0.07858740 
6.57933225e-01 -0.09044600 -0.08698802 -0.08397298 -0.08120506 -0.07858740 
5.33669923e-01 -0.09044600 -0.08698802 -0.08397298 -0.08120506 -0.07858740 
4.32876128e-01 -0.09044600 -0.08698802 -0.08397298 -0.08120506 -0.07858740 
3.51119173e-01 -0.09044600 -0.08698802 -0.08397298 -0.08120506 -0.07858740 
2.84803587e-01 -0.09044600 -0.08698802 -0.08397298 -0.08120506 -0.07858740 
2.31012970e-01 -0.09044600 -0.08698802 -0.08397298 -0.08120506 -0.07858740 
1.87381742e-01 -0.09044600 -0.08698802 -0.08397298 -0.08120506 -0.07858740 
1.51991108e-01 -0.09044600 -0.08698802 -0.08397298 -0.08120506 -0.07858740 
1.23284674e-01 -0.09044600 -0.08698802 -0.08397298 -0.08120506 -0.07858740 
1.00000000e-01 -0.09044600 -0.08698802 -0.08397298 -0.08120506 -0.07858740 
8.11130831e-02 -0.09044600 -0.08698802 -0.08397298 -0.08120506 -0.07858740 
6.57933225e-02 -0.09044600 -0.08698802 -0.08397298 -0.08120506 -0.07858740 
5.33669923e-02 -0.09044600 -0.08698802 -0.08397298 -0.08120506 -0.07858740 
4.32876128e-02 -0.09044600 -0.08698802 -0.08397298 -0.08120506 -0.07858740 
3.51119173e-02 -0.09044600 -0.08698802 -0.08397298 -0.08120506 -0.07858740 
2.84803587e-02 -0.09044600 -0.08698802 -0.08397298 -0.08120506 -0.07858740 
2.31012970e-02 -0.09044600 -0.08698802 -0.08397298 -0.08120506 -0.07858740 
1.87381742e-02 -0.09044600 -0.08698802 -0.08397298 -0.08120506 -0.07858740 
1.51991108e-02 -0.09044600 -0.08698802 -0.08397298 -0.08120506 -0.07858740 
1.23284674e-02 -0.09044600 -0.08698802 -0.08397298 -0.08120506 -0.07858740 
1.00000000e-02 -0.09044600 -0.08698802 -0.08397298 -0.08120506 -0.07858740 
8.11130831e-03 -0.09044600 -0.08698802 -0.08397298 -0.08120506 -0.07858740 
6.57933225e-03 -0.09044600 -0.08698802 -0.08397298 -0.08120506 -0.07858740 
5.33669923e-03 -0.09044600 -0.08698802 -0.08397298 -0.08120506 -0.07858740 
4.32876128e-03 -0.09044600 -0.08698802 -0.08397298 -0.08120506 -0.07858740 
3.51119173e-03 -0.09044600 -0.08698802 -0.08397298 -0.08120506 -0.07858740 
2.84803587e-03 -0.09044600 -0.08698802 -0.08397298 -0.08120506 -0.07858740 
2.31012970e-03 -0.09044600 -0.08698802 -0.08397298 -0.08120506 -0.07858740 
1.87381742e-03 -0.09044600 -0.08698802 -0.08397298 -0.08120506 -0.07858740 
1.51991108e-03 -0.09044600 -0.08698802 -0.08397298 -0.08120506 -0.07858740 
1.23284674e-03 -0.09044600 -0.08698802 -0.08397298 -0.08120506 -0.07858740 
1.00000000e-03 -0.09044600 -0.08698802 -0.08397298 -0.08120506 -0.07858740 
8.11130831e-04 -0.09044600 -0.08698802 -0.08397298 -0.08120506 -0.07858740 
6.57933225e-04 -0.09044600 -0.08698802 -0.08397298 -0.08120506 -0.07858740 
5.33669923e-04 -0.09044600 -0.08698802 -0.08397298 -0.08120506 -0.07858740 
4.32876128e-04 -0.09044600 -0.08698802 -0.08397298 -0.08120506 -0.07858740 
3.51119173e-04 -0.09044600 -0.08698802 -0.08397298 -0.08120506 -0.07858740 
2.84803587e-04 -0.09044600 -0.08698802 -0.08397298 -0.08120506 -0.07858740 
2.31012970e-04 -0.09044600 -0.08698802 -0.08397298 -0.08120506 -0.07858740 
1.87381742e-04 -0.09044600 -0.08698802 -0.08397298 -0.08120506 -0.07858740 
1.51991108e-04 -0.09044600 -0.08698802 -0.08397298 -0.08120506 -0.07858740 
1.23284674e-04 -0.09044600 -0.08698802 -0.08397298 -0.08120506 -0.07858740 
1.00000000e-04 -0.09044600 -0.08698802 -0.08397298 -0.08120506 -0.07858740 
8.11130831e-05 -0.09044600 -0.08698802 -0.08397298 -0.08120506 -0.07858740 
6.57933225e-05 -0.09044600 -0.08698802 -0.08397298 -0.08120506 -0.07858740 
5.33669923e-05 -0.09044600 -0.08698802 -0.08397298 -0.08120506 -0.07858740 
4.32876128e-05 -0.09044600 -0.08698802 -0.08397298 -0.08120506 -0.07858740 
3.51119173e-05 -0.09044600 -0.08698802 -0.08397298 -0.08120506 -0.07858740 
2.84803587e-05 -0.09044600 -0.08698802 -0.08397298 -0.08120506 -0.07858740 
2.31012970e-05 -0.09044600 -0.08698802 -0.08397298 -0.08120506 -0.07858740 
1.87381742e-05 -0.09044600 -0.08698802 -0.08397298 -0.08120506 -0.07858740 
1.51991108e-05 -0.09044600 -0.08698802 -0.08397298 -0.08120506 -0.07858740 
1.23284674e-05 -0.09044600 -0.08698802 -0.08397298 -0.08120506 -0.07858740 
1.00000000e-05 -0.09044600 -0.08698802 -0.08397298 -0.08120506 -0.07858740 
8.11130831e-06 -0.09044600 -0.08698802 -0.08397298 -0.08120506 -0.07858740 
6.57933225e-06 -0.09044600 -0.08698802 -0.08397298 -0.08120506 -0.07858740 
5.33669923e-06 -0.09044600 -0.08698802 -0.08397298 -0.08120506 -0.07858740 
4.32876128e-06 -0.09044600 -0.08698802 -0.08397298 -0.08120506 -0.07858740 
3.51119173e-06 -0.09044600 -0.08698802 -0.08397298 -0.08120506 -0.07858740 
2.84803587e-06 -0.09044600 -0.08698802 -0.08397298 -0.08120506 -0.07858740 
2.31012970e-06 -0.09044600 -0.08698802 -0.08397298 -0.08120506 -0.07858740 
1.87381742e-06 -0.09044600 -0.08698802 -0.08397298 -0.08120506 -0.07858740 
1.51991108e-06 -0.09044600 -0.08698802 -0.08397298 -0.08120506 -0.07858740 
1.23284674e-06 -0.09044600 -0.08698802 -0.08397298 -0.08120506 -0.07858740 
1.00000000e-06 -0.09044600 -0.08698802 -0.08397298 -0.08120506 -0.07858740 
8.11130831e-07 -0.09044600 -0.08698802 -0.08397298 -0.08120506 -0.07858740 
6.57933225e-07 -0.09044600 -0.08698802 -0.08397298 -0.08120506 -0.07858740 
5.33669923e-07 -0.09044600 -0.08698802 -0.08397298 -0.08120506 -0.07858740 
4.32876128e-07 -0.09044600 -0.08698802 -0.08397298 -0.08120506 -0.07858740 
3.51119173e-07 -0.09044600 -0.08698802 -0.08397298 -0.08120506 -0.07858740 
2.84803587e-07 -0.09044600 -0.08698802 -0.08397298 -0.08120506 -0.07858740 
2.31012970e-07 -0.09044600 -0.08698802 -0.08397298 -0.08120506 -0.07858740 
1.87381742e-07 -0.09044600 -0.08698802 -0.08397298 -0.08120506 -0.07858740 
1.51991108e-07 -0.09044600 -0.08698802 -0.08397298 -0.08120506 -0.07858740 
1.23284674e-07 -0.09044600 -0.08698802 -0.08397298 -0.08120506 -0.07858740 
1.00000000e-07 -0.09044600 -0.08698802 -0.08397298 -0.08120506 -0.07858740 
P (bar) | log_He: -2σ | log_He: -1σ | log_He: median | log_He: +1σ | log_He: +2σ 
1.00000000e+02 -0.85999708 -0.85653910 -0.85352405 -0.85075614 -0.84813847 
8.11130831e+01 -0.85999708 -0.85653910 -0.85352405 -0.85075614 -0.84813847 
6.57933225e+01 -0.85999708 -0.85653910 -0.85352405 -0.85075614 -0.84813847 
5.33669923e+01 -0.85999708 -0.85653910 -0.85352405 -0.85075614 -0.84813847 
4.32876128e+01 -0.85999708 -0.85653910 -0.85352405 -0.85075614 -0.84813847 
3.51119173e+01 -0.85999708 -0.85653910 -0.85352405 -0.85075614 -0.84813847 
2.84803587e+01 -0.85999708 -0.85653910 -0.85352405 -0.85075614 -0.84813847 
2.31012970e+01 -0.85999708 -0.85653910 -0.85352405 -0.85075614 -0.84813847 
1.87381742e+01 -0.85999708 -0.85653910 -0.85352405 -0.85075614 -0.84813847 
1.51991108e+01 -0.85999708 -0.85653910 -0.85352405 -0.85075614 -0.84813847 
1.23284674e+01 -0.85999708 -0.85653910 -0.85352405 -0.85075614 -0.84813847 
1.00000000e+01 -0.85999708 -0.85653910 -0.85352405 -0.85075614 -0.84813847 
8.11130831e+00 -0.85999708 -0.85653910 -0.85352405 -0.85075614 -0.84813847 
6.57933225e+00 -0.85999708 -0.85653910 -0.85352405 -0.85075614 -0.84813847 
5.33669923e+00 -0.85999708 -0.85653910 -0.85352405 -0.85075614 -0.84813847 
4.32876128e+00 -0.85999708 -0.85653910 -0.85352405 -0.85075614 -0.84813847 
3.51119173e+00 -0.85999708 -0.85653910 -0.85352405 -0.85075614 -0.84813847 
2.84803587e+00 -0.85999708 -0.85653910 -0.85352405 -0.85075614 -0.84813847 
2.31012970e+00 -0.85999708 -0.85653910 -0.85352405 -0.85075614 -0.84813847 
1.87381742e+00 -0.85999708 -0.85653910 -0.85352405 -0.85075614 -0.84813847 
1.51991108e+00 -0.85999708 -0.85653910 -0.85352405 -0.85075614 -0.84813847 
1.23284674e+00 -0.85999708 -0.85653910 -0.85352405 -0.85075614 -0.84813847 
1.00000000e+00 -0.85999708 -0.85653910 -0.85352405 -0.85075614 -0.84813847 
8.11130831e-01 -0.85999708 -0.85653910 -0.85352405 -0.85075614 -0.84813847 
6.57933225e-01 -0.85999708 -0.85653910 -0.85352405 -0.85075614 -0.84813847 
5.33669923e-01 -0.85999708 -0.85653910 -0.85352405 -0.85075614 -0.84813847 
4.32876128e-01 -0.85999708 -0.85653910 -0.85352405 -0.85075614 -0.84813847 
3.51119173e-01 -0.85999708 -0.85653910 -0.85352405 -0.85075614 -0.84813847 
2.84803587e-01 -0.85999708 -0.85653910 -0.85352405 -0.85075614 -0.84813847 
2.31012970e-01 -0.85999708 -0.85653910 -0.85352405 -0.85075614 -0.84813847 
1.87381742e-01 -0.85999708 -0.85653910 -0.85352405 -0.85075614 -0.84813847 
1.51991108e-01 -0.85999708 -0.85653910 -0.85352405 -0.85075614 -0.84813847 
1.23284674e-01 -0.85999708 -0.85653910 -0.85352405 -0.85075614 -0.84813847 
1.00000000e-01 -0.85999708 -0.85653910 -0.85352405 -0.85075614 -0.84813847 
8.11130831e-02 -0.85999708 -0.85653910 -0.85352405 -0.85075614 -0.84813847 
6.57933225e-02 -0.85999708 -0.85653910 -0.85352405 -0.85075614 -0.84813847 
5.33669923e-02 -0.85999708 -0.85653910 -0.85352405 -0.85075614 -0.84813847 
4.32876128e-02 -0.85999708 -0.85653910 -0.85352405 -0.85075614 -0.84813847 
3.51119173e-02 -0.85999708 -0.85653910 -0.85352405 -0.85075614 -0.84813847 
2.84803587e-02 -0.85999708 -0.85653910 -0.85352405 -0.85075614 -0.84813847 
2.31012970e-02 -0.85999708 -0.85653910 -0.85352405 -0.85075614 -0.84813847 
1.87381742e-02 -0.85999708 -0.85653910 -0.85352405 -0.85075614 -0.84813847 
1.51991108e-02 -0.85999708 -0.85653910 -0.85352405 -0.85075614 -0.84813847 
1.23284674e-02 -0.85999708 -0.85653910 -0.85352405 -0.85075614 -0.84813847 
1.00000000e-02 -0.85999708 -0.85653910 -0.85352405 -0.85075614 -0.84813847 
8.11130831e-03 -0.85999708 -0.85653910 -0.85352405 -0.85075614 -0.84813847 
6.57933225e-03 -0.85999708 -0.85653910 -0.85352405 -0.85075614 -0.84813847 
5.33669923e-03 -0.85999708 -0.85653910 -0.85352405 -0.85075614 -0.84813847 
4.32876128e-03 -0.85999708 -0.85653910 -0.85352405 -0.85075614 -0.84813847 
3.51119173e-03 -0.85999708 -0.85653910 -0.85352405 -0.85075614 -0.84813847 
2.84803587e-03 -0.85999708 -0.85653910 -0.85352405 -0.85075614 -0.84813847 
2.31012970e-03 -0.85999708 -0.85653910 -0.85352405 -0.85075614 -0.84813847 
1.87381742e-03 -0.85999708 -0.85653910 -0.85352405 -0.85075614 -0.84813847 
1.51991108e-03 -0.85999708 -0.85653910 -0.85352405 -0.85075614 -0.84813847 
1.23284674e-03 -0.85999708 -0.85653910 -0.85352405 -0.85075614 -0.84813847 
1.00000000e-03 -0.85999708 -0.85653910 -0.85352405 -0.85075614 -0.84813847 
8.11130831e-04 -0.85999708 -0.85653910 -0.85352405 -0.85075614 -0.84813847 
6.57933225e-04 -0.85999708 -0.85653910 -0.85352405 -0.85075614 -0.84813847 
5.33669923e-04 -0.85999708 -0.85653910 -0.85352405 -0.85075614 -0.84813847 
4.32876128e-04 -0.85999708 -0.85653910 -0.85352405 -0.85075614 -0.84813847 
3.51119173e-04 -0.85999708 -0.85653910 -0.85352405 -0.85075614 -0.84813847 
2.84803587e-04 -0.85999708 -0.85653910 -0.85352405 -0.85075614 -0.84813847 
2.31012970e-04 -0.85999708 -0.85653910 -0.85352405 -0.85075614 -0.84813847 
1.87381742e-04 -0.85999708 -0.85653910 -0.85352405 -0.85075614 -0.84813847 
1.51991108e-04 -0.85999708 -0.85653910 -0.85352405 -0.85075614 -0.84813847 
1.23284674e-04 -0.85999708 -0.85653910 -0.85352405 -0.85075614 -0.84813847 
1.00000000e-04 -0.85999708 -0.85653910 -0.85352405 -0.85075614 -0.84813847 
8.11130831e-05 -0.85999708 -0.85653910 -0.85352405 -0.85075614 -0.84813847 
6.57933225e-05 -0.85999708 -0.85653910 -0.85352405 -0.85075614 -0.84813847 
5.33669923e-05 -0.85999708 -0.85653910 -0.85352405 -0.85075614 -0.84813847 
4.32876128e-05 -0.85999708 -0.85653910 -0.85352405 -0.85075614 -0.84813847 
3.51119173e-05 -0.85999708 -0.85653910 -0.85352405 -0.85075614 -0.84813847 
2.84803587e-05 -0.85999708 -0.85653910 -0.85352405 -0.85075614 -0.84813847 
2.31012970e-05 -0.85999708 -0.85653910 -0.85352405 -0.85075614 -0.84813847 
1.87381742e-05 -0.85999708 -0.85653910 -0.85352405 -0.85075614 -0.84813847 
1.51991108e-05 -0.85999708 -0.85653910 -0.85352405 -0.85075614 -0.84813847 
1.23284674e-05 -0.85999708 -0.85653910 -0.85352405 -0.85075614 -0.84813847 
1.00000000e-05 -0.85999708 -0.85653910 -0.85352405 -0.85075614 -0.84813847 
8.11130831e-06 -0.85999708 -0.85653910 -0.85352405 -0.85075614 -0.84813847 
6.57933225e-06 -0.85999708 -0.85653910 -0.85352405 -0.85075614 -0.84813847 
5.33669923e-06 -0.85999708 -0.85653910 -0.85352405 -0.85075614 -0.84813847 
4.32876128e-06 -0.85999708 -0.85653910 -0.85352405 -0.85075614 -0.84813847 
3.51119173e-06 -0.85999708 -0.85653910 -0.85352405 -0.85075614 -0.84813847 
2.84803587e-06 -0.85999708 -0.85653910 -0.85352405 -0.85075614 -0.84813847 
2.31012970e-06 -0.85999708 -0.85653910 -0.85352405 -0.85075614 -0.84813847 
1.87381742e-06 -0.85999708 -0.85653910 -0.85352405 -0.85075614 -0.84813847 
1.51991108e-06 -0.85999708 -0.85653910 -0.85352405 -0.85075614 -0.84813847 
1.23284674e-06 -0.85999708 -0.85653910 -0.85352405 -0.85075614 -0.84813847 
1.00000000e-06 -0.85999708 -0.85653910 -0.85352405 -0.85075614 -0.84813847 
8.11130831e-07 -0.85999708 -0.85653910 -0.85352405 -0.85075614 -0.84813847 
6.57933225e-07 -0.85999708 -0.85653910 -0.85352405 -0.85075614 -0.84813847 
5.33669923e-07 -0.85999708 -0.85653910 -0.85352405 -0.85075614 -0.84813847 
4.32876128e-07 -0.85999708 -0.85653910 -0.85352405 -0.85075614 -0.84813847 
3.51119173e-07 -0.85999708 -0.85653910 -0.85352405 -0.85075614 -0.84813847 
2.84803587e-07 -0.85999708 -0.85653910 -0.85352405 -0.85075614 -0.84813847 
2.31012970e-07 -0.85999708 -0.85653910 -0.85352405 -0.85075614 -0.84813847 
1.87381742e-07 -0.85999708 -0.85653910 -0.85352405 -0.85075614 -0.84813847 
1.51991108e-07 -0.85999708 -0.85653910 -0.85352405 -0.85075614 -0.84813847 
1.23284674e-07 -0.85999708 -0.85653910 -0.85352405 -0.85075614 -0.84813847 
1.00000000e-07 -0.85999708 -0.85653910 -0.85352405 -0.85075614 -0.84813847 
P (bar) | log_H2O: -2σ | log_H2O: -1σ | log_H2O: median | log_H2O: +1σ | log_H2O: +2σ 
1.00000000e+02 -1.83512834 -1.70056082 -1.57467403 -1.47228445 -1.37817718 
8.11130831e+01 -1.83512834 -1.70056082 -1.57467403 -1.47228445 -1.37817718 
6.57933225e+01 -1.83512834 -1.70056082 -1.57467403 -1.47228445 -1.37817718 
5.33669923e+01 -1.83512834 -1.70056082 -1.57467403 -1.47228445 -1.37817718 
4.32876128e+01 -1.83512834 -1.70056082 -1.57467403 -1.47228445 -1.37817718 
3.51119173e+01 -1.83512834 -1.70056082 -1.57467403 -1.47228445 -1.37817718 
2.84803587e+01 -1.83512834 -1.70056082 -1.57467403 -1.47228445 -1.37817718 
2.31012970e+01 -1.83512834 -1.70056082 -1.57467403 -1.47228445 -1.37817718 
1.87381742e+01 -1.83512834 -1.70056082 -1.57467403 -1.47228445 -1.37817718 
1.51991108e+01 -1.83512834 -1.70056082 -1.57467403 -1.47228445 -1.37817718 
1.23284674e+01 -1.83512834 -1.70056082 -1.57467403 -1.47228445 -1.37817718 
1.00000000e+01 -1.83512834 -1.70056082 -1.57467403 -1.47228445 -1.37817718 
8.11130831e+00 -1.83512834 -1.70056082 -1.57467403 -1.47228445 -1.37817718 
6.57933225e+00 -1.83512834 -1.70056082 -1.57467403 -1.47228445 -1.37817718 
5.33669923e+00 -1.83512834 -1.70056082 -1.57467403 -1.47228445 -1.37817718 
4.32876128e+00 -1.83512834 -1.70056082 -1.57467403 -1.47228445 -1.37817718 
3.51119173e+00 -1.83512834 -1.70056082 -1.57467403 -1.47228445 -1.37817718 
2.84803587e+00 -1.83512834 -1.70056082 -1.57467403 -1.47228445 -1.37817718 
2.31012970e+00 -1.83512834 -1.70056082 -1.57467403 -1.47228445 -1.37817718 
1.87381742e+00 -1.83512834 -1.70056082 -1.57467403 -1.47228445 -1.37817718 
1.51991108e+00 -1.83512834 -1.70056082 -1.57467403 -1.47228445 -1.37817718 
1.23284674e+00 -1.83512834 -1.70056082 -1.57467403 -1.47228445 -1.37817718 
1.00000000e+00 -1.83512834 -1.70056082 -1.57467403 -1.47228445 -1.37817718 
8.11130831e-01 -1.83512834 -1.70056082 -1.57467403 -1.47228445 -1.37817718 
6.57933225e-01 -1.83512834 -1.70056082 -1.57467403 -1.47228445 -1.37817718 
5.33669923e-01 -1.83512834 -1.70056082 -1.57467403 -1.47228445 -1.37817718 
4.32876128e-01 -1.83512834 -1.70056082 -1.57467403 -1.47228445 -1.37817718 
3.51119173e-01 -1.83512834 -1.70056082 -1.57467403 -1.47228445 -1.37817718 
2.84803587e-01 -1.83512834 -1.70056082 -1.57467403 -1.47228445 -1.37817718 
2.31012970e-01 -1.83512834 -1.70056082 -1.57467403 -1.47228445 -1.37817718 
1.87381742e-01 -1.83512834 -1.70056082 -1.57467403 -1.47228445 -1.37817718 
1.51991108e-01 -1.83512834 -1.70056082 -1.57467403 -1.47228445 -1.37817718 
1.23284674e-01 -1.83512834 -1.70056082 -1.57467403 -1.47228445 -1.37817718 
1.00000000e-01 -1.83512834 -1.70056082 -1.57467403 -1.47228445 -1.37817718 
8.11130831e-02 -1.83512834 -1.70056082 -1.57467403 -1.47228445 -1.37817718 
6.57933225e-02 -1.83512834 -1.70056082 -1.57467403 -1.47228445 -1.37817718 
5.33669923e-02 -1.83512834 -1.70056082 -1.57467403 -1.47228445 -1.37817718 
4.32876128e-02 -1.83512834 -1.70056082 -1.57467403 -1.47228445 -1.37817718 
3.51119173e-02 -1.83512834 -1.70056082 -1.57467403 -1.47228445 -1.37817718 
2.84803587e-02 -1.83512834 -1.70056082 -1.57467403 -1.47228445 -1.37817718 
2.31012970e-02 -1.83512834 -1.70056082 -1.57467403 -1.47228445 -1.37817718 
1.87381742e-02 -1.83512834 -1.70056082 -1.57467403 -1.47228445 -1.37817718 
1.51991108e-02 -1.83512834 -1.70056082 -1.57467403 -1.47228445 -1.37817718 
1.23284674e-02 -1.83512834 -1.70056082 -1.57467403 -1.47228445 -1.37817718 
1.00000000e-02 -1.83512834 -1.70056082 -1.57467403 -1.47228445 -1.37817718 
8.11130831e-03 -1.83512834 -1.70056082 -1.57467403 -1.47228445 -1.37817718 
6.57933225e-03 -1.83512834 -1.70056082 -1.57467403 -1.47228445 -1.37817718 
5.33669923e-03 -1.83512834 -1.70056082 -1.57467403 -1.47228445 -1.37817718 
4.32876128e-03 -1.83512834 -1.70056082 -1.57467403 -1.47228445 -1.37817718 
3.51119173e-03 -1.83512834 -1.70056082 -1.57467403 -1.47228445 -1.37817718 
2.84803587e-03 -1.83512834 -1.70056082 -1.57467403 -1.47228445 -1.37817718 
2.31012970e-03 -1.83512834 -1.70056082 -1.57467403 -1.47228445 -1.37817718 
1.87381742e-03 -1.83512834 -1.70056082 -1.57467403 -1.47228445 -1.37817718 
1.51991108e-03 -1.83512834 -1.70056082 -1.57467403 -1.47228445 -1.37817718 
1.23284674e-03 -1.83512834 -1.70056082 -1.57467403 -1.47228445 -1.37817718 
1.00000000e-03 -1.83512834 -1.70056082 -1.57467403 -1.47228445 -1.37817718 
8.11130831e-04 -1.83512834 -1.70056082 -1.57467403 -1.47228445 -1.37817718 
6.57933225e-04 -1.83512834 -1.70056082 -1.57467403 -1.47228445 -1.37817718 
5.33669923e-04 -1.83512834 -1.70056082 -1.57467403 -1.47228445 -1.37817718 
4.32876128e-04 -1.83512834 -1.70056082 -1.57467403 -1.47228445 -1.37817718 
3.51119173e-04 -1.83512834 -1.70056082 -1.57467403 -1.47228445 -1.37817718 
2.84803587e-04 -1.83512834 -1.70056082 -1.57467403 -1.47228445 -1.37817718 
2.31012970e-04 -1.83512834 -1.70056082 -1.57467403 -1.47228445 -1.37817718 
1.87381742e-04 -1.83512834 -1.70056082 -1.57467403 -1.47228445 -1.37817718 
1.51991108e-04 -1.83512834 -1.70056082 -1.57467403 -1.47228445 -1.37817718 
1.23284674e-04 -1.83512834 -1.70056082 -1.57467403 -1.47228445 -1.37817718 
1.00000000e-04 -1.83512834 -1.70056082 -1.57467403 -1.47228445 -1.37817718 
8.11130831e-05 -1.83512834 -1.70056082 -1.57467403 -1.47228445 -1.37817718 
6.57933225e-05 -1.83512834 -1.70056082 -1.57467403 -1.47228445 -1.37817718 
5.33669923e-05 -1.83512834 -1.70056082 -1.57467403 -1.47228445 -1.37817718 
4.32876128e-05 -1.83512834 -1.70056082 -1.57467403 -1.47228445 -1.37817718 
3.51119173e-05 -1.83512834 -1.70056082 -1.57467403 -1.47228445 -1.37817718 
2.84803587e-05 -1.83512834 -1.70056082 -1.57467403 -1.47228445 -1.37817718 
2.31012970e-05 -1.83512834 -1.70056082 -1.57467403 -1.47228445 -1.37817718 
1.87381742e-05 -1.83512834 -1.70056082 -1.57467403 -1.47228445 -1.37817718 
1.51991108e-05 -1.83512834 -1.70056082 -1.57467403 -1.47228445 -1.37817718 
1.23284674e-05 -1.83512834 -1.70056082 -1.57467403 -1.47228445 -1.37817718 
1.00000000e-05 -1.83512834 -1.70056082 -1.57467403 -1.47228445 -1.37817718 
8.11130831e-06 -1.83512834 -1.70056082 -1.57467403 -1.47228445 -1.37817718 
6.57933225e-06 -1.83512834 -1.70056082 -1.57467403 -1.47228445 -1.37817718 
5.33669923e-06 -1.83512834 -1.70056082 -1.57467403 -1.47228445 -1.37817718 
4.32876128e-06 -1.83512834 -1.70056082 -1.57467403 -1.47228445 -1.37817718 
3.51119173e-06 -1.83512834 -1.70056082 -1.57467403 -1.47228445 -1.37817718 
2.84803587e-06 -1.83512834 -1.70056082 -1.57467403 -1.47228445 -1.37817718 
2.31012970e-06 -1.83512834 -1.70056082 -1.57467403 -1.47228445 -1.37817718 
1.87381742e-06 -1.83512834 -1.70056082 -1.57467403 -1.47228445 -1.37817718 
1.51991108e-06 -1.83512834 -1.70056082 -1.57467403 -1.47228445 -1.37817718 
1.23284674e-06 -1.83512834 -1.70056082 -1.57467403 -1.47228445 -1.37817718 
1.00000000e-06 -1.83512834 -1.70056082 -1.57467403 -1.47228445 -1.37817718 
8.11130831e-07 -1.83512834 -1.70056082 -1.57467403 -1.47228445 -1.37817718 
6.57933225e-07 -1.83512834 -1.70056082 -1.57467403 -1.47228445 -1.37817718 
5.33669923e-07 -1.83512834 -1.70056082 -1.57467403 -1.47228445 -1.37817718 
4.32876128e-07 -1.83512834 -1.70056082 -1.57467403 -1.47228445 -1.37817718 
3.51119173e-07 -1.83512834 -1.70056082 -1.57467403 -1.47228445 -1.37817718 
2.84803587e-07 -1.83512834 -1.70056082 -1.57467403 -1.47228445 -1.37817718 
2.31012970e-07 -1.83512834 -1.70056082 -1.57467403 -1.47228445 -1.37817718 
1.87381742e-07 -1.83512834 -1.70056082 -1.57467403 -1.47228445 -1.37817718 
1.51991108e-07 -1.83512834 -1.70056082 -1.57467403 -1.47228445 -1.37817718 
1.23284674e-07 -1.83512834 -1.70056082 -1.57467403 -1.47228445 -1.37817718 
1.00000000e-07 -1.83512834 -1.70056082 -1.57467403 -1.47228445 -1.37817718 
P (bar) | log_CO2: -2σ | log_CO2: -1σ | log_CO2: median | log_CO2: +1σ | log_CO2: +2σ 
1.00000000e+02 -3.30678203 -3.13375833 -2.96109118 -2.80676839 -2.66040994 
8.11130831e+01 -3.30678203 -3.13375833 -2.96109118 -2.80676839 -2.66040994 
6.57933225e+01 -3.30678203 -3.13375833 -2.96109118 -2.80676839 -2.66040994 
5.33669923e+01 -3.30678203 -3.13375833 -2.96109118 -2.80676839 -2.66040994 
4.32876128e+01 -3.30678203 -3.13375833 -2.96109118 -2.80676839 -2.66040994 
3.51119173e+01 -3.30678203 -3.13375833 -2.96109118 -2.80676839 -2.66040994 
2.84803587e+01 -3.30678203 -3.13375833 -2.96109118 -2.80676839 -2.66040994 
2.31012970e+01 -3.30678203 -3.13375833 -2.96109118 -2.80676839 -2.66040994 
1.87381742e+01 -3.30678203 -3.13375833 -2.96109118 -2.80676839 -2.66040994 
1.51991108e+01 -3.30678203 -3.13375833 -2.96109118 -2.80676839 -2.66040994 
1.23284674e+01 -3.30678203 -3.13375833 -2.96109118 -2.80676839 -2.66040994 
1.00000000e+01 -3.30678203 -3.13375833 -2.96109118 -2.80676839 -2.66040994 
8.11130831e+00 -3.30678203 -3.13375833 -2.96109118 -2.80676839 -2.66040994 
6.57933225e+00 -3.30678203 -3.13375833 -2.96109118 -2.80676839 -2.66040994 
5.33669923e+00 -3.30678203 -3.13375833 -2.96109118 -2.80676839 -2.66040994 
4.32876128e+00 -3.30678203 -3.13375833 -2.96109118 -2.80676839 -2.66040994 
3.51119173e+00 -3.30678203 -3.13375833 -2.96109118 -2.80676839 -2.66040994 
2.84803587e+00 -3.30678203 -3.13375833 -2.96109118 -2.80676839 -2.66040994 
2.31012970e+00 -3.30678203 -3.13375833 -2.96109118 -2.80676839 -2.66040994 
1.87381742e+00 -3.30678203 -3.13375833 -2.96109118 -2.80676839 -2.66040994 
1.51991108e+00 -3.30678203 -3.13375833 -2.96109118 -2.80676839 -2.66040994 
1.23284674e+00 -3.30678203 -3.13375833 -2.96109118 -2.80676839 -2.66040994 
1.00000000e+00 -3.30678203 -3.13375833 -2.96109118 -2.80676839 -2.66040994 
8.11130831e-01 -3.30678203 -3.13375833 -2.96109118 -2.80676839 -2.66040994 
6.57933225e-01 -3.30678203 -3.13375833 -2.96109118 -2.80676839 -2.66040994 
5.33669923e-01 -3.30678203 -3.13375833 -2.96109118 -2.80676839 -2.66040994 
4.32876128e-01 -3.30678203 -3.13375833 -2.96109118 -2.80676839 -2.66040994 
3.51119173e-01 -3.30678203 -3.13375833 -2.96109118 -2.80676839 -2.66040994 
2.84803587e-01 -3.30678203 -3.13375833 -2.96109118 -2.80676839 -2.66040994 
2.31012970e-01 -3.30678203 -3.13375833 -2.96109118 -2.80676839 -2.66040994 
1.87381742e-01 -3.30678203 -3.13375833 -2.96109118 -2.80676839 -2.66040994 
1.51991108e-01 -3.30678203 -3.13375833 -2.96109118 -2.80676839 -2.66040994 
1.23284674e-01 -3.30678203 -3.13375833 -2.96109118 -2.80676839 -2.66040994 
1.00000000e-01 -3.30678203 -3.13375833 -2.96109118 -2.80676839 -2.66040994 
8.11130831e-02 -3.30678203 -3.13375833 -2.96109118 -2.80676839 -2.66040994 
6.57933225e-02 -3.30678203 -3.13375833 -2.96109118 -2.80676839 -2.66040994 
5.33669923e-02 -3.30678203 -3.13375833 -2.96109118 -2.80676839 -2.66040994 
4.32876128e-02 -3.30678203 -3.13375833 -2.96109118 -2.80676839 -2.66040994 
3.51119173e-02 -3.30678203 -3.13375833 -2.96109118 -2.80676839 -2.66040994 
2.84803587e-02 -3.30678203 -3.13375833 -2.96109118 -2.80676839 -2.66040994 
2.31012970e-02 -3.30678203 -3.13375833 -2.96109118 -2.80676839 -2.66040994 
1.87381742e-02 -3.30678203 -3.13375833 -2.96109118 -2.80676839 -2.66040994 
1.51991108e-02 -3.30678203 -3.13375833 -2.96109118 -2.80676839 -2.66040994 
1.23284674e-02 -3.30678203 -3.13375833 -2.96109118 -2.80676839 -2.66040994 
1.00000000e-02 -3.30678203 -3.13375833 -2.96109118 -2.80676839 -2.66040994 
8.11130831e-03 -3.30678203 -3.13375833 -2.96109118 -2.80676839 -2.66040994 
6.57933225e-03 -3.30678203 -3.13375833 -2.96109118 -2.80676839 -2.66040994 
5.33669923e-03 -3.30678203 -3.13375833 -2.96109118 -2.80676839 -2.66040994 
4.32876128e-03 -3.30678203 -3.13375833 -2.96109118 -2.80676839 -2.66040994 
3.51119173e-03 -3.30678203 -3.13375833 -2.96109118 -2.80676839 -2.66040994 
2.84803587e-03 -3.30678203 -3.13375833 -2.96109118 -2.80676839 -2.66040994 
2.31012970e-03 -3.30678203 -3.13375833 -2.96109118 -2.80676839 -2.66040994 
1.87381742e-03 -3.30678203 -3.13375833 -2.96109118 -2.80676839 -2.66040994 
1.51991108e-03 -3.30678203 -3.13375833 -2.96109118 -2.80676839 -2.66040994 
1.23284674e-03 -3.30678203 -3.13375833 -2.96109118 -2.80676839 -2.66040994 
1.00000000e-03 -3.30678203 -3.13375833 -2.96109118 -2.80676839 -2.66040994 
8.11130831e-04 -3.30678203 -3.13375833 -2.96109118 -2.80676839 -2.66040994 
6.57933225e-04 -3.30678203 -3.13375833 -2.96109118 -2.80676839 -2.66040994 
5.33669923e-04 -3.30678203 -3.13375833 -2.96109118 -2.80676839 -2.66040994 
4.32876128e-04 -3.30678203 -3.13375833 -2.96109118 -2.80676839 -2.66040994 
3.51119173e-04 -3.30678203 -3.13375833 -2.96109118 -2.80676839 -2.66040994 
2.84803587e-04 -3.30678203 -3.13375833 -2.96109118 -2.80676839 -2.66040994 
2.31012970e-04 -3.30678203 -3.13375833 -2.96109118 -2.80676839 -2.66040994 
1.87381742e-04 -3.30678203 -3.13375833 -2.96109118 -2.80676839 -2.66040994 
1.51991108e-04 -3.30678203 -3.13375833 -2.96109118 -2.80676839 -2.66040994 
1.23284674e-04 -3.30678203 -3.13375833 -2.96109118 -2.80676839 -2.66040994 
1.00000000e-04 -3.30678203 -3.13375833 -2.96109118 -2.80676839 -2.66040994 
8.11130831e-05 -3.30678203 -3.13375833 -2.96109118 -2.80676839 -2.66040994 
6.57933225e-05 -3.30678203 -3.13375833 -2.96109118 -2.80676839 -2.66040994 
5.33669923e-05 -3.30678203 -3.13375833 -2.96109118 -2.80676839 -2.66040994 
4.32876128e-05 -3.30678203 -3.13375833 -2.96109118 -2.80676839 -2.66040994 
3.51119173e-05 -3.30678203 -3.13375833 -2.96109118 -2.80676839 -2.66040994 
2.84803587e-05 -3.30678203 -3.13375833 -2.96109118 -2.80676839 -2.66040994 
2.31012970e-05 -3.30678203 -3.13375833 -2.96109118 -2.80676839 -2.66040994 
1.87381742e-05 -3.30678203 -3.13375833 -2.96109118 -2.80676839 -2.66040994 
1.51991108e-05 -3.30678203 -3.13375833 -2.96109118 -2.80676839 -2.66040994 
1.23284674e-05 -3.30678203 -3.13375833 -2.96109118 -2.80676839 -2.66040994 
1.00000000e-05 -3.30678203 -3.13375833 -2.96109118 -2.80676839 -2.66040994 
8.11130831e-06 -3.30678203 -3.13375833 -2.96109118 -2.80676839 -2.66040994 
6.57933225e-06 -3.30678203 -3.13375833 -2.96109118 -2.80676839 -2.66040994 
5.33669923e-06 -3.30678203 -3.13375833 -2.96109118 -2.80676839 -2.66040994 
4.32876128e-06 -3.30678203 -3.13375833 -2.96109118 -2.80676839 -2.66040994 
3.51119173e-06 -3.30678203 -3.13375833 -2.96109118 -2.80676839 -2.66040994 
2.84803587e-06 -3.30678203 -3.13375833 -2.96109118 -2.80676839 -2.66040994 
2.31012970e-06 -3.30678203 -3.13375833 -2.96109118 -2.80676839 -2.66040994 
1.87381742e-06 -3.30678203 -3.13375833 -2.96109118 -2.80676839 -2.66040994 
1.51991108e-06 -3.30678203 -3.13375833 -2.96109118 -2.80676839 -2.66040994 
1.23284674e-06 -3.30678203 -3.13375833 -2.96109118 -2.80676839 -2.66040994 
1.00000000e-06 -3.30678203 -3.13375833 -2.96109118 -2.80676839 -2.66040994 
8.11130831e-07 -3.30678203 -3.13375833 -2.96109118 -2.80676839 -2.66040994 
6.57933225e-07 -3.30678203 -3.13375833 -2.96109118 -2.80676839 -2.66040994 
5.33669923e-07 -3.30678203 -3.13375833 -2.96109118 -2.80676839 -2.66040994 
4.32876128e-07 -3.30678203 -3.13375833 -2.96109118 -2.80676839 -2.66040994 
3.51119173e-07 -3.30678203 -3.13375833 -2.96109118 -2.80676839 -2.66040994 
2.84803587e-07 -3.30678203 -3.13375833 -2.96109118 -2.80676839 -2.66040994 
2.31012970e-07 -3.30678203 -3.13375833 -2.96109118 -2.80676839 -2.66040994 
1.87381742e-07 -3.30678203 -3.13375833 -2.96109118 -2.80676839 -2.66040994 
1.51991108e-07 -3.30678203 -3.13375833 -2.96109118 -2.80676839 -2.66040994 
1.23284674e-07 -3.30678203 -3.13375833 -2.96109118 -2.80676839 -2.66040994 
1.00000000e-07 -3.30678203 -3.13375833 -2.96109118 -2.80676839 -2.66040994 
P (bar) | log_K: -2σ | log_K: -1σ | log_K: median | log_K: +1σ | log_K: +2σ 
1.00000000e+02 -6.73647140 -6.52123880 -6.31006952 -6.13797319 -6.02897764 
8.11130831e+01 -6.73647140 -6.52123880 -6.31006952 -6.13797319 -6.02897764 
6.57933225e+01 -6.73647140 -6.52123880 -6.31006952 -6.13797319 -6.02897764 
5.33669923e+01 -6.73647140 -6.52123880 -6.31006952 -6.13797319 -6.02897764 
4.32876128e+01 -6.73647140 -6.52123880 -6.31006952 -6.13797319 -6.02897764 
3.51119173e+01 -6.73647140 -6.52123880 -6.31006952 -6.13797319 -6.02897764 
2.84803587e+01 -6.73647140 -6.52123880 -6.31006952 -6.13797319 -6.02897764 
2.31012970e+01 -6.73647140 -6.52123880 -6.31006952 -6.13797319 -6.02897764 
1.87381742e+01 -6.73647140 -6.52123880 -6.31006952 -6.13797319 -6.02897764 
1.51991108e+01 -6.73647140 -6.52123880 -6.31006952 -6.13797319 -6.02897764 
1.23284674e+01 -6.73647140 -6.52123880 -6.31006952 -6.13797319 -6.02897764 
1.00000000e+01 -6.73647140 -6.52123880 -6.31006952 -6.13797319 -6.02897764 
8.11130831e+00 -6.73647140 -6.52123880 -6.31006952 -6.13797319 -6.02897764 
6.57933225e+00 -6.73647140 -6.52123880 -6.31006952 -6.13797319 -6.02897764 
5.33669923e+00 -6.73647140 -6.52123880 -6.31006952 -6.13797319 -6.02897764 
4.32876128e+00 -6.73647140 -6.52123880 -6.31006952 -6.13797319 -6.02897764 
3.51119173e+00 -6.73647140 -6.52123880 -6.31006952 -6.13797319 -6.02897764 
2.84803587e+00 -6.73647140 -6.52123880 -6.31006952 -6.13797319 -6.02897764 
2.31012970e+00 -6.73647140 -6.52123880 -6.31006952 -6.13797319 -6.02897764 
1.87381742e+00 -6.73647140 -6.52123880 -6.31006952 -6.13797319 -6.02897764 
1.51991108e+00 -6.73647140 -6.52123880 -6.31006952 -6.13797319 -6.02897764 
1.23284674e+00 -6.73647140 -6.52123880 -6.31006952 -6.13797319 -6.02897764 
1.00000000e+00 -6.73647140 -6.52123880 -6.31006952 -6.13797319 -6.02897764 
8.11130831e-01 -6.73647140 -6.52123880 -6.31006952 -6.13797319 -6.02897764 
6.57933225e-01 -6.73647140 -6.52123880 -6.31006952 -6.13797319 -6.02897764 
5.33669923e-01 -6.73647140 -6.52123880 -6.31006952 -6.13797319 -6.02897764 
4.32876128e-01 -6.73647140 -6.52123880 -6.31006952 -6.13797319 -6.02897764 
3.51119173e-01 -6.73647140 -6.52123880 -6.31006952 -6.13797319 -6.02897764 
2.84803587e-01 -6.73647140 -6.52123880 -6.31006952 -6.13797319 -6.02897764 
2.31012970e-01 -6.73647140 -6.52123880 -6.31006952 -6.13797319 -6.02897764 
1.87381742e-01 -6.73647140 -6.52123880 -6.31006952 -6.13797319 -6.02897764 
1.51991108e-01 -6.73647140 -6.52123880 -6.31006952 -6.13797319 -6.02897764 
1.23284674e-01 -6.73647140 -6.52123880 -6.31006952 -6.13797319 -6.02897764 
1.00000000e-01 -6.73647140 -6.52123880 -6.31006952 -6.13797319 -6.02897764 
8.11130831e-02 -6.73647140 -6.52123880 -6.31006952 -6.13797319 -6.02897764 
6.57933225e-02 -6.73647140 -6.52123880 -6.31006952 -6.13797319 -6.02897764 
5.33669923e-02 -6.73647140 -6.52123880 -6.31006952 -6.13797319 -6.02897764 
4.32876128e-02 -6.73647140 -6.52123880 -6.31006952 -6.13797319 -6.02897764 
3.51119173e-02 -6.73647140 -6.52123880 -6.31006952 -6.13797319 -6.02897764 
2.84803587e-02 -6.73647140 -6.52123880 -6.31006952 -6.13797319 -6.02897764 
2.31012970e-02 -6.73647140 -6.52123880 -6.31006952 -6.13797319 -6.02897764 
1.87381742e-02 -6.73647140 -6.52123880 -6.31006952 -6.13797319 -6.02897764 
1.51991108e-02 -6.73647140 -6.52123880 -6.31006952 -6.13797319 -6.02897764 
1.23284674e-02 -6.73647140 -6.52123880 -6.31006952 -6.13797319 -6.02897764 
1.00000000e-02 -6.73647140 -6.52123880 -6.31006952 -6.13797319 -6.02897764 
8.11130831e-03 -6.73647140 -6.52123880 -6.31006952 -6.13797319 -6.02897764 
6.57933225e-03 -6.73647140 -6.52123880 -6.31006952 -6.13797319 -6.02897764 
5.33669923e-03 -6.73647140 -6.52123880 -6.31006952 -6.13797319 -6.02897764 
4.32876128e-03 -6.73647140 -6.52123880 -6.31006952 -6.13797319 -6.02897764 
3.51119173e-03 -6.73647140 -6.52123880 -6.31006952 -6.13797319 -6.02897764 
2.84803587e-03 -6.73647140 -6.52123880 -6.31006952 -6.13797319 -6.02897764 
2.31012970e-03 -6.73647140 -6.52123880 -6.31006952 -6.13797319 -6.02897764 
1.87381742e-03 -6.73647140 -6.52123880 -6.31006952 -6.13797319 -6.02897764 
1.51991108e-03 -6.73647140 -6.52123880 -6.31006952 -6.13797319 -6.02897764 
1.23284674e-03 -6.73647140 -6.52123880 -6.31006952 -6.13797319 -6.02897764 
1.00000000e-03 -6.73647140 -6.52123880 -6.31006952 -6.13797319 -6.02897764 
8.11130831e-04 -6.73647140 -6.52123880 -6.31006952 -6.13797319 -6.02897764 
6.57933225e-04 -6.73647140 -6.52123880 -6.31006952 -6.13797319 -6.02897764 
5.33669923e-04 -6.73647140 -6.52123880 -6.31006952 -6.13797319 -6.02897764 
4.32876128e-04 -6.73647140 -6.52123880 -6.31006952 -6.13797319 -6.02897764 
3.51119173e-04 -6.73647140 -6.52123880 -6.31006952 -6.13797319 -6.02897764 
2.84803587e-04 -6.73647140 -6.52123880 -6.31006952 -6.13797319 -6.02897764 
2.31012970e-04 -6.73647140 -6.52123880 -6.31006952 -6.13797319 -6.02897764 
1.87381742e-04 -6.73647140 -6.52123880 -6.31006952 -6.13797319 -6.02897764 
1.51991108e-04 -6.73647140 -6.52123880 -6.31006952 -6.13797319 -6.02897764 
1.23284674e-04 -6.73647140 -6.52123880 -6.31006952 -6.13797319 -6.02897764 
1.00000000e-04 -6.73647140 -6.52123880 -6.31006952 -6.13797319 -6.02897764 
8.11130831e-05 -6.73647140 -6.52123880 -6.31006952 -6.13797319 -6.02897764 
6.57933225e-05 -6.73647140 -6.52123880 -6.31006952 -6.13797319 -6.02897764 
5.33669923e-05 -6.73647140 -6.52123880 -6.31006952 -6.13797319 -6.02897764 
4.32876128e-05 -6.73647140 -6.52123880 -6.31006952 -6.13797319 -6.02897764 
3.51119173e-05 -6.73647140 -6.52123880 -6.31006952 -6.13797319 -6.02897764 
2.84803587e-05 -6.73647140 -6.52123880 -6.31006952 -6.13797319 -6.02897764 
2.31012970e-05 -6.73647140 -6.52123880 -6.31006952 -6.13797319 -6.02897764 
1.87381742e-05 -6.73647140 -6.52123880 -6.31006952 -6.13797319 -6.02897764 
1.51991108e-05 -6.73647140 -6.52123880 -6.31006952 -6.13797319 -6.02897764 
1.23284674e-05 -6.73647140 -6.52123880 -6.31006952 -6.13797319 -6.02897764 
1.00000000e-05 -6.73647140 -6.52123880 -6.31006952 -6.13797319 -6.02897764 
8.11130831e-06 -6.73647140 -6.52123880 -6.31006952 -6.13797319 -6.02897764 
6.57933225e-06 -6.73647140 -6.52123880 -6.31006952 -6.13797319 -6.02897764 
5.33669923e-06 -6.73647140 -6.52123880 -6.31006952 -6.13797319 -6.02897764 
4.32876128e-06 -6.73647140 -6.52123880 -6.31006952 -6.13797319 -6.02897764 
3.51119173e-06 -6.73647140 -6.52123880 -6.31006952 -6.13797319 -6.02897764 
2.84803587e-06 -6.73647140 -6.52123880 -6.31006952 -6.13797319 -6.02897764 
2.31012970e-06 -6.73647140 -6.52123880 -6.31006952 -6.13797319 -6.02897764 
1.87381742e-06 -6.73647140 -6.52123880 -6.31006952 -6.13797319 -6.02897764 
1.51991108e-06 -6.73647140 -6.52123880 -6.31006952 -6.13797319 -6.02897764 
1.23284674e-06 -6.73647140 -6.52123880 -6.31006952 -6.13797319 -6.02897764 
1.00000000e-06 -6.73647140 -6.52123880 -6.31006952 -6.13797319 -6.02897764 
8.11130831e-07 -6.73647140 -6.52123880 -6.31006952 -6.13797319 -6.02897764 
6.57933225e-07 -6.73647140 -6.52123880 -6.31006952 -6.13797319 -6.02897764 
5.33669923e-07 -6.73647140 -6.52123880 -6.31006952 -6.13797319 -6.02897764 
4.32876128e-07 -6.73647140 -6.52123880 -6.31006952 -6.13797319 -6.02897764 
3.51119173e-07 -6.73647140 -6.52123880 -6.31006952 -6.13797319 -6.02897764 
2.84803587e-07 -6.73647140 -6.52123880 -6.31006952 -6.13797319 -6.02897764 
2.31012970e-07 -6.73647140 -6.52123880 -6.31006952 -6.13797319 -6.02897764 
1.87381742e-07 -6.73647140 -6.52123880 -6.31006952 -6.13797319 -6.02897764 
1.51991108e-07 -6.73647140 -6.52123880 -6.31006952 -6.13797319 -6.02897764 
1.23284674e-07 -6.73647140 -6.52123880 -6.31006952 -6.13797319 -6.02897764 
1.00000000e-07 -6.73647140 -6.52123880 -6.31006952 -6.13797319 -6.02897764 
P (bar) | log_CO: -2σ | log_CO: -1σ | log_CO: median | log_CO: +1σ | log_CO: +2σ 
1.00000000e+02 -2.85652072 -2.49683421 -2.12486278 -1.90097181 -1.74489144 
8.11130831e+01 -2.85652072 -2.49683421 -2.12486278 -1.90097181 -1.74489144 
6.57933225e+01 -2.85652072 -2.49683421 -2.12486278 -1.90097181 -1.74489144 
5.33669923e+01 -2.85652072 -2.49683421 -2.12486278 -1.90097181 -1.74489144 
4.32876128e+01 -2.85652072 -2.49683421 -2.12486278 -1.90097181 -1.74489144 
3.51119173e+01 -2.85652072 -2.49683421 -2.12486278 -1.90097181 -1.74489144 
2.84803587e+01 -2.85652072 -2.49683421 -2.12486278 -1.90097181 -1.74489144 
2.31012970e+01 -2.85652072 -2.49683421 -2.12486278 -1.90097181 -1.74489144 
1.87381742e+01 -2.85652072 -2.49683421 -2.12486278 -1.90097181 -1.74489144 
1.51991108e+01 -2.85652072 -2.49683421 -2.12486278 -1.90097181 -1.74489144 
1.23284674e+01 -2.85652072 -2.49683421 -2.12486278 -1.90097181 -1.74489144 
1.00000000e+01 -2.85652072 -2.49683421 -2.12486278 -1.90097181 -1.74489144 
8.11130831e+00 -2.85652072 -2.49683421 -2.12486278 -1.90097181 -1.74489144 
6.57933225e+00 -2.85652072 -2.49683421 -2.12486278 -1.90097181 -1.74489144 
5.33669923e+00 -2.85652072 -2.49683421 -2.12486278 -1.90097181 -1.74489144 
4.32876128e+00 -2.85652072 -2.49683421 -2.12486278 -1.90097181 -1.74489144 
3.51119173e+00 -2.85652072 -2.49683421 -2.12486278 -1.90097181 -1.74489144 
2.84803587e+00 -2.85652072 -2.49683421 -2.12486278 -1.90097181 -1.74489144 
2.31012970e+00 -2.85652072 -2.49683421 -2.12486278 -1.90097181 -1.74489144 
1.87381742e+00 -2.85652072 -2.49683421 -2.12486278 -1.90097181 -1.74489144 
1.51991108e+00 -2.85652072 -2.49683421 -2.12486278 -1.90097181 -1.74489144 
1.23284674e+00 -2.85652072 -2.49683421 -2.12486278 -1.90097181 -1.74489144 
1.00000000e+00 -2.85652072 -2.49683421 -2.12486278 -1.90097181 -1.74489144 
8.11130831e-01 -2.85652072 -2.49683421 -2.12486278 -1.90097181 -1.74489144 
6.57933225e-01 -2.85652072 -2.49683421 -2.12486278 -1.90097181 -1.74489144 
5.33669923e-01 -2.85652072 -2.49683421 -2.12486278 -1.90097181 -1.74489144 
4.32876128e-01 -2.85652072 -2.49683421 -2.12486278 -1.90097181 -1.74489144 
3.51119173e-01 -2.85652072 -2.49683421 -2.12486278 -1.90097181 -1.74489144 
2.84803587e-01 -2.85652072 -2.49683421 -2.12486278 -1.90097181 -1.74489144 
2.31012970e-01 -2.85652072 -2.49683421 -2.12486278 -1.90097181 -1.74489144 
1.87381742e-01 -2.85652072 -2.49683421 -2.12486278 -1.90097181 -1.74489144 
1.51991108e-01 -2.85652072 -2.49683421 -2.12486278 -1.90097181 -1.74489144 
1.23284674e-01 -2.85652072 -2.49683421 -2.12486278 -1.90097181 -1.74489144 
1.00000000e-01 -2.85652072 -2.49683421 -2.12486278 -1.90097181 -1.74489144 
8.11130831e-02 -2.85652072 -2.49683421 -2.12486278 -1.90097181 -1.74489144 
6.57933225e-02 -2.85652072 -2.49683421 -2.12486278 -1.90097181 -1.74489144 
5.33669923e-02 -2.85652072 -2.49683421 -2.12486278 -1.90097181 -1.74489144 
4.32876128e-02 -2.85652072 -2.49683421 -2.12486278 -1.90097181 -1.74489144 
3.51119173e-02 -2.85652072 -2.49683421 -2.12486278 -1.90097181 -1.74489144 
2.84803587e-02 -2.85652072 -2.49683421 -2.12486278 -1.90097181 -1.74489144 
2.31012970e-02 -2.85652072 -2.49683421 -2.12486278 -1.90097181 -1.74489144 
1.87381742e-02 -2.85652072 -2.49683421 -2.12486278 -1.90097181 -1.74489144 
1.51991108e-02 -2.85652072 -2.49683421 -2.12486278 -1.90097181 -1.74489144 
1.23284674e-02 -2.85652072 -2.49683421 -2.12486278 -1.90097181 -1.74489144 
1.00000000e-02 -2.85652072 -2.49683421 -2.12486278 -1.90097181 -1.74489144 
8.11130831e-03 -2.85652072 -2.49683421 -2.12486278 -1.90097181 -1.74489144 
6.57933225e-03 -2.85652072 -2.49683421 -2.12486278 -1.90097181 -1.74489144 
5.33669923e-03 -2.85652072 -2.49683421 -2.12486278 -1.90097181 -1.74489144 
4.32876128e-03 -2.85652072 -2.49683421 -2.12486278 -1.90097181 -1.74489144 
3.51119173e-03 -2.85652072 -2.49683421 -2.12486278 -1.90097181 -1.74489144 
2.84803587e-03 -2.85652072 -2.49683421 -2.12486278 -1.90097181 -1.74489144 
2.31012970e-03 -2.85652072 -2.49683421 -2.12486278 -1.90097181 -1.74489144 
1.87381742e-03 -2.85652072 -2.49683421 -2.12486278 -1.90097181 -1.74489144 
1.51991108e-03 -2.85652072 -2.49683421 -2.12486278 -1.90097181 -1.74489144 
1.23284674e-03 -2.85652072 -2.49683421 -2.12486278 -1.90097181 -1.74489144 
1.00000000e-03 -2.85652072 -2.49683421 -2.12486278 -1.90097181 -1.74489144 
8.11130831e-04 -2.85652072 -2.49683421 -2.12486278 -1.90097181 -1.74489144 
6.57933225e-04 -2.85652072 -2.49683421 -2.12486278 -1.90097181 -1.74489144 
5.33669923e-04 -2.85652072 -2.49683421 -2.12486278 -1.90097181 -1.74489144 
4.32876128e-04 -2.85652072 -2.49683421 -2.12486278 -1.90097181 -1.74489144 
3.51119173e-04 -2.85652072 -2.49683421 -2.12486278 -1.90097181 -1.74489144 
2.84803587e-04 -2.85652072 -2.49683421 -2.12486278 -1.90097181 -1.74489144 
2.31012970e-04 -2.85652072 -2.49683421 -2.12486278 -1.90097181 -1.74489144 
1.87381742e-04 -2.85652072 -2.49683421 -2.12486278 -1.90097181 -1.74489144 
1.51991108e-04 -2.85652072 -2.49683421 -2.12486278 -1.90097181 -1.74489144 
1.23284674e-04 -2.85652072 -2.49683421 -2.12486278 -1.90097181 -1.74489144 
1.00000000e-04 -2.85652072 -2.49683421 -2.12486278 -1.90097181 -1.74489144 
8.11130831e-05 -2.85652072 -2.49683421 -2.12486278 -1.90097181 -1.74489144 
6.57933225e-05 -2.85652072 -2.49683421 -2.12486278 -1.90097181 -1.74489144 
5.33669923e-05 -2.85652072 -2.49683421 -2.12486278 -1.90097181 -1.74489144 
4.32876128e-05 -2.85652072 -2.49683421 -2.12486278 -1.90097181 -1.74489144 
3.51119173e-05 -2.85652072 -2.49683421 -2.12486278 -1.90097181 -1.74489144 
2.84803587e-05 -2.85652072 -2.49683421 -2.12486278 -1.90097181 -1.74489144 
2.31012970e-05 -2.85652072 -2.49683421 -2.12486278 -1.90097181 -1.74489144 
1.87381742e-05 -2.85652072 -2.49683421 -2.12486278 -1.90097181 -1.74489144 
1.51991108e-05 -2.85652072 -2.49683421 -2.12486278 -1.90097181 -1.74489144 
1.23284674e-05 -2.85652072 -2.49683421 -2.12486278 -1.90097181 -1.74489144 
1.00000000e-05 -2.85652072 -2.49683421 -2.12486278 -1.90097181 -1.74489144 
8.11130831e-06 -2.85652072 -2.49683421 -2.12486278 -1.90097181 -1.74489144 
6.57933225e-06 -2.85652072 -2.49683421 -2.12486278 -1.90097181 -1.74489144 
5.33669923e-06 -2.85652072 -2.49683421 -2.12486278 -1.90097181 -1.74489144 
4.32876128e-06 -2.85652072 -2.49683421 -2.12486278 -1.90097181 -1.74489144 
3.51119173e-06 -2.85652072 -2.49683421 -2.12486278 -1.90097181 -1.74489144 
2.84803587e-06 -2.85652072 -2.49683421 -2.12486278 -1.90097181 -1.74489144 
2.31012970e-06 -2.85652072 -2.49683421 -2.12486278 -1.90097181 -1.74489144 
1.87381742e-06 -2.85652072 -2.49683421 -2.12486278 -1.90097181 -1.74489144 
1.51991108e-06 -2.85652072 -2.49683421 -2.12486278 -1.90097181 -1.74489144 
1.23284674e-06 -2.85652072 -2.49683421 -2.12486278 -1.90097181 -1.74489144 
1.00000000e-06 -2.85652072 -2.49683421 -2.12486278 -1.90097181 -1.74489144 
8.11130831e-07 -2.85652072 -2.49683421 -2.12486278 -1.90097181 -1.74489144 
6.57933225e-07 -2.85652072 -2.49683421 -2.12486278 -1.90097181 -1.74489144 
5.33669923e-07 -2.85652072 -2.49683421 -2.12486278 -1.90097181 -1.74489144 
4.32876128e-07 -2.85652072 -2.49683421 -2.12486278 -1.90097181 -1.74489144 
3.51119173e-07 -2.85652072 -2.49683421 -2.12486278 -1.90097181 -1.74489144 
2.84803587e-07 -2.85652072 -2.49683421 -2.12486278 -1.90097181 -1.74489144 
2.31012970e-07 -2.85652072 -2.49683421 -2.12486278 -1.90097181 -1.74489144 
1.87381742e-07 -2.85652072 -2.49683421 -2.12486278 -1.90097181 -1.74489144 
1.51991108e-07 -2.85652072 -2.49683421 -2.12486278 -1.90097181 -1.74489144 
1.23284674e-07 -2.85652072 -2.49683421 -2.12486278 -1.90097181 -1.74489144 
1.00000000e-07 -2.85652072 -2.49683421 -2.12486278 -1.90097181 -1.74489144 
P (bar) | log_Na: -2σ | log_Na: -1σ | log_Na: median | log_Na: +1σ | log_Na: +2σ 
1.00000000e+02 -4.68534874 -4.51848212 -4.33929511 -4.17906392 -4.06560004 
8.11130831e+01 -4.68534874 -4.51848212 -4.33929511 -4.17906392 -4.06560004 
6.57933225e+01 -4.68534874 -4.51848212 -4.33929511 -4.17906392 -4.06560004 
5.33669923e+01 -4.68534874 -4.51848212 -4.33929511 -4.17906392 -4.06560004 
4.32876128e+01 -4.68534874 -4.51848212 -4.33929511 -4.17906392 -4.06560004 
3.51119173e+01 -4.68534874 -4.51848212 -4.33929511 -4.17906392 -4.06560004 
2.84803587e+01 -4.68534874 -4.51848212 -4.33929511 -4.17906392 -4.06560004 
2.31012970e+01 -4.68534874 -4.51848212 -4.33929511 -4.17906392 -4.06560004 
1.87381742e+01 -4.68534874 -4.51848212 -4.33929511 -4.17906392 -4.06560004 
1.51991108e+01 -4.68534874 -4.51848212 -4.33929511 -4.17906392 -4.06560004 
1.23284674e+01 -4.68534874 -4.51848212 -4.33929511 -4.17906392 -4.06560004 
1.00000000e+01 -4.68534874 -4.51848212 -4.33929511 -4.17906392 -4.06560004 
8.11130831e+00 -4.68534874 -4.51848212 -4.33929511 -4.17906392 -4.06560004 
6.57933225e+00 -4.68534874 -4.51848212 -4.33929511 -4.17906392 -4.06560004 
5.33669923e+00 -4.68534874 -4.51848212 -4.33929511 -4.17906392 -4.06560004 
4.32876128e+00 -4.68534874 -4.51848212 -4.33929511 -4.17906392 -4.06560004 
3.51119173e+00 -4.68534874 -4.51848212 -4.33929511 -4.17906392 -4.06560004 
2.84803587e+00 -4.68534874 -4.51848212 -4.33929511 -4.17906392 -4.06560004 
2.31012970e+00 -4.68534874 -4.51848212 -4.33929511 -4.17906392 -4.06560004 
1.87381742e+00 -4.68534874 -4.51848212 -4.33929511 -4.17906392 -4.06560004 
1.51991108e+00 -4.68534874 -4.51848212 -4.33929511 -4.17906392 -4.06560004 
1.23284674e+00 -4.68534874 -4.51848212 -4.33929511 -4.17906392 -4.06560004 
1.00000000e+00 -4.68534874 -4.51848212 -4.33929511 -4.17906392 -4.06560004 
8.11130831e-01 -4.68534874 -4.51848212 -4.33929511 -4.17906392 -4.06560004 
6.57933225e-01 -4.68534874 -4.51848212 -4.33929511 -4.17906392 -4.06560004 
5.33669923e-01 -4.68534874 -4.51848212 -4.33929511 -4.17906392 -4.06560004 
4.32876128e-01 -4.68534874 -4.51848212 -4.33929511 -4.17906392 -4.06560004 
3.51119173e-01 -4.68534874 -4.51848212 -4.33929511 -4.17906392 -4.06560004 
2.84803587e-01 -4.68534874 -4.51848212 -4.33929511 -4.17906392 -4.06560004 
2.31012970e-01 -4.68534874 -4.51848212 -4.33929511 -4.17906392 -4.06560004 
1.87381742e-01 -4.68534874 -4.51848212 -4.33929511 -4.17906392 -4.06560004 
1.51991108e-01 -4.68534874 -4.51848212 -4.33929511 -4.17906392 -4.06560004 
1.23284674e-01 -4.68534874 -4.51848212 -4.33929511 -4.17906392 -4.06560004 
1.00000000e-01 -4.68534874 -4.51848212 -4.33929511 -4.17906392 -4.06560004 
8.11130831e-02 -4.68534874 -4.51848212 -4.33929511 -4.17906392 -4.06560004 
6.57933225e-02 -4.68534874 -4.51848212 -4.33929511 -4.17906392 -4.06560004 
5.33669923e-02 -4.68534874 -4.51848212 -4.33929511 -4.17906392 -4.06560004 
4.32876128e-02 -4.68534874 -4.51848212 -4.33929511 -4.17906392 -4.06560004 
3.51119173e-02 -4.68534874 -4.51848212 -4.33929511 -4.17906392 -4.06560004 
2.84803587e-02 -4.68534874 -4.51848212 -4.33929511 -4.17906392 -4.06560004 
2.31012970e-02 -4.68534874 -4.51848212 -4.33929511 -4.17906392 -4.06560004 
1.87381742e-02 -4.68534874 -4.51848212 -4.33929511 -4.17906392 -4.06560004 
1.51991108e-02 -4.68534874 -4.51848212 -4.33929511 -4.17906392 -4.06560004 
1.23284674e-02 -4.68534874 -4.51848212 -4.33929511 -4.17906392 -4.06560004 
1.00000000e-02 -4.68534874 -4.51848212 -4.33929511 -4.17906392 -4.06560004 
8.11130831e-03 -4.68534874 -4.51848212 -4.33929511 -4.17906392 -4.06560004 
6.57933225e-03 -4.68534874 -4.51848212 -4.33929511 -4.17906392 -4.06560004 
5.33669923e-03 -4.68534874 -4.51848212 -4.33929511 -4.17906392 -4.06560004 
4.32876128e-03 -4.68534874 -4.51848212 -4.33929511 -4.17906392 -4.06560004 
3.51119173e-03 -4.68534874 -4.51848212 -4.33929511 -4.17906392 -4.06560004 
2.84803587e-03 -4.68534874 -4.51848212 -4.33929511 -4.17906392 -4.06560004 
2.31012970e-03 -4.68534874 -4.51848212 -4.33929511 -4.17906392 -4.06560004 
1.87381742e-03 -4.68534874 -4.51848212 -4.33929511 -4.17906392 -4.06560004 
1.51991108e-03 -4.68534874 -4.51848212 -4.33929511 -4.17906392 -4.06560004 
1.23284674e-03 -4.68534874 -4.51848212 -4.33929511 -4.17906392 -4.06560004 
1.00000000e-03 -4.68534874 -4.51848212 -4.33929511 -4.17906392 -4.06560004 
8.11130831e-04 -4.68534874 -4.51848212 -4.33929511 -4.17906392 -4.06560004 
6.57933225e-04 -4.68534874 -4.51848212 -4.33929511 -4.17906392 -4.06560004 
5.33669923e-04 -4.68534874 -4.51848212 -4.33929511 -4.17906392 -4.06560004 
4.32876128e-04 -4.68534874 -4.51848212 -4.33929511 -4.17906392 -4.06560004 
3.51119173e-04 -4.68534874 -4.51848212 -4.33929511 -4.17906392 -4.06560004 
2.84803587e-04 -4.68534874 -4.51848212 -4.33929511 -4.17906392 -4.06560004 
2.31012970e-04 -4.68534874 -4.51848212 -4.33929511 -4.17906392 -4.06560004 
1.87381742e-04 -4.68534874 -4.51848212 -4.33929511 -4.17906392 -4.06560004 
1.51991108e-04 -4.68534874 -4.51848212 -4.33929511 -4.17906392 -4.06560004 
1.23284674e-04 -4.68534874 -4.51848212 -4.33929511 -4.17906392 -4.06560004 
1.00000000e-04 -4.68534874 -4.51848212 -4.33929511 -4.17906392 -4.06560004 
8.11130831e-05 -4.68534874 -4.51848212 -4.33929511 -4.17906392 -4.06560004 
6.57933225e-05 -4.68534874 -4.51848212 -4.33929511 -4.17906392 -4.06560004 
5.33669923e-05 -4.68534874 -4.51848212 -4.33929511 -4.17906392 -4.06560004 
4.32876128e-05 -4.68534874 -4.51848212 -4.33929511 -4.17906392 -4.06560004 
3.51119173e-05 -4.68534874 -4.51848212 -4.33929511 -4.17906392 -4.06560004 
2.84803587e-05 -4.68534874 -4.51848212 -4.33929511 -4.17906392 -4.06560004 
2.31012970e-05 -4.68534874 -4.51848212 -4.33929511 -4.17906392 -4.06560004 
1.87381742e-05 -4.68534874 -4.51848212 -4.33929511 -4.17906392 -4.06560004 
1.51991108e-05 -4.68534874 -4.51848212 -4.33929511 -4.17906392 -4.06560004 
1.23284674e-05 -4.68534874 -4.51848212 -4.33929511 -4.17906392 -4.06560004 
1.00000000e-05 -4.68534874 -4.51848212 -4.33929511 -4.17906392 -4.06560004 
8.11130831e-06 -4.68534874 -4.51848212 -4.33929511 -4.17906392 -4.06560004 
6.57933225e-06 -4.68534874 -4.51848212 -4.33929511 -4.17906392 -4.06560004 
5.33669923e-06 -4.68534874 -4.51848212 -4.33929511 -4.17906392 -4.06560004 
4.32876128e-06 -4.68534874 -4.51848212 -4.33929511 -4.17906392 -4.06560004 
3.51119173e-06 -4.68534874 -4.51848212 -4.33929511 -4.17906392 -4.06560004 
2.84803587e-06 -4.68534874 -4.51848212 -4.33929511 -4.17906392 -4.06560004 
2.31012970e-06 -4.68534874 -4.51848212 -4.33929511 -4.17906392 -4.06560004 
1.87381742e-06 -4.68534874 -4.51848212 -4.33929511 -4.17906392 -4.06560004 
1.51991108e-06 -4.68534874 -4.51848212 -4.33929511 -4.17906392 -4.06560004 
1.23284674e-06 -4.68534874 -4.51848212 -4.33929511 -4.17906392 -4.06560004 
1.00000000e-06 -4.68534874 -4.51848212 -4.33929511 -4.17906392 -4.06560004 
8.11130831e-07 -4.68534874 -4.51848212 -4.33929511 -4.17906392 -4.06560004 
6.57933225e-07 -4.68534874 -4.51848212 -4.33929511 -4.17906392 -4.06560004 
5.33669923e-07 -4.68534874 -4.51848212 -4.33929511 -4.17906392 -4.06560004 
4.32876128e-07 -4.68534874 -4.51848212 -4.33929511 -4.17906392 -4.06560004 
3.51119173e-07 -4.68534874 -4.51848212 -4.33929511 -4.17906392 -4.06560004 
2.84803587e-07 -4.68534874 -4.51848212 -4.33929511 -4.17906392 -4.06560004 
2.31012970e-07 -4.68534874 -4.51848212 -4.33929511 -4.17906392 -4.06560004 
1.87381742e-07 -4.68534874 -4.51848212 -4.33929511 -4.17906392 -4.06560004 
1.51991108e-07 -4.68534874 -4.51848212 -4.33929511 -4.17906392 -4.06560004 
1.23284674e-07 -4.68534874 -4.51848212 -4.33929511 -4.17906392 -4.06560004 
1.00000000e-07 -4.68534874 -4.51848212 -4.33929511 -4.17906392 -4.06560004 
P (bar) | log_CH4: -2σ | log_CH4: -1σ | log_CH4: median | log_CH4: +1σ | log_CH4: +2σ 
1.00000000e+02 -8.94597279 -8.57925347 -7.88610277 -6.97511494 -6.41076456 
8.11130831e+01 -8.94597279 -8.57925347 -7.88610277 -6.97511494 -6.41076456 
6.57933225e+01 -8.94597279 -8.57925347 -7.88610277 -6.97511494 -6.41076456 
5.33669923e+01 -8.94597279 -8.57925347 -7.88610277 -6.97511494 -6.41076456 
4.32876128e+01 -8.94597279 -8.57925347 -7.88610277 -6.97511494 -6.41076456 
3.51119173e+01 -8.94597279 -8.57925347 -7.88610277 -6.97511494 -6.41076456 
2.84803587e+01 -8.94597279 -8.57925347 -7.88610277 -6.97511494 -6.41076456 
2.31012970e+01 -8.94597279 -8.57925347 -7.88610277 -6.97511494 -6.41076456 
1.87381742e+01 -8.94597279 -8.57925347 -7.88610277 -6.97511494 -6.41076456 
1.51991108e+01 -8.94597279 -8.57925347 -7.88610277 -6.97511494 -6.41076456 
1.23284674e+01 -8.94597279 -8.57925347 -7.88610277 -6.97511494 -6.41076456 
1.00000000e+01 -8.94597279 -8.57925347 -7.88610277 -6.97511494 -6.41076456 
8.11130831e+00 -8.94597279 -8.57925347 -7.88610277 -6.97511494 -6.41076456 
6.57933225e+00 -8.94597279 -8.57925347 -7.88610277 -6.97511494 -6.41076456 
5.33669923e+00 -8.94597279 -8.57925347 -7.88610277 -6.97511494 -6.41076456 
4.32876128e+00 -8.94597279 -8.57925347 -7.88610277 -6.97511494 -6.41076456 
3.51119173e+00 -8.94597279 -8.57925347 -7.88610277 -6.97511494 -6.41076456 
2.84803587e+00 -8.94597279 -8.57925347 -7.88610277 -6.97511494 -6.41076456 
2.31012970e+00 -8.94597279 -8.57925347 -7.88610277 -6.97511494 -6.41076456 
1.87381742e+00 -8.94597279 -8.57925347 -7.88610277 -6.97511494 -6.41076456 
1.51991108e+00 -8.94597279 -8.57925347 -7.88610277 -6.97511494 -6.41076456 
1.23284674e+00 -8.94597279 -8.57925347 -7.88610277 -6.97511494 -6.41076456 
1.00000000e+00 -8.94597279 -8.57925347 -7.88610277 -6.97511494 -6.41076456 
8.11130831e-01 -8.94597279 -8.57925347 -7.88610277 -6.97511494 -6.41076456 
6.57933225e-01 -8.94597279 -8.57925347 -7.88610277 -6.97511494 -6.41076456 
5.33669923e-01 -8.94597279 -8.57925347 -7.88610277 -6.97511494 -6.41076456 
4.32876128e-01 -8.94597279 -8.57925347 -7.88610277 -6.97511494 -6.41076456 
3.51119173e-01 -8.94597279 -8.57925347 -7.88610277 -6.97511494 -6.41076456 
2.84803587e-01 -8.94597279 -8.57925347 -7.88610277 -6.97511494 -6.41076456 
2.31012970e-01 -8.94597279 -8.57925347 -7.88610277 -6.97511494 -6.41076456 
1.87381742e-01 -8.94597279 -8.57925347 -7.88610277 -6.97511494 -6.41076456 
1.51991108e-01 -8.94597279 -8.57925347 -7.88610277 -6.97511494 -6.41076456 
1.23284674e-01 -8.94597279 -8.57925347 -7.88610277 -6.97511494 -6.41076456 
1.00000000e-01 -8.94597279 -8.57925347 -7.88610277 -6.97511494 -6.41076456 
8.11130831e-02 -8.94597279 -8.57925347 -7.88610277 -6.97511494 -6.41076456 
6.57933225e-02 -8.94597279 -8.57925347 -7.88610277 -6.97511494 -6.41076456 
5.33669923e-02 -8.94597279 -8.57925347 -7.88610277 -6.97511494 -6.41076456 
4.32876128e-02 -8.94597279 -8.57925347 -7.88610277 -6.97511494 -6.41076456 
3.51119173e-02 -8.94597279 -8.57925347 -7.88610277 -6.97511494 -6.41076456 
2.84803587e-02 -8.94597279 -8.57925347 -7.88610277 -6.97511494 -6.41076456 
2.31012970e-02 -8.94597279 -8.57925347 -7.88610277 -6.97511494 -6.41076456 
1.87381742e-02 -8.94597279 -8.57925347 -7.88610277 -6.97511494 -6.41076456 
1.51991108e-02 -8.94597279 -8.57925347 -7.88610277 -6.97511494 -6.41076456 
1.23284674e-02 -8.94597279 -8.57925347 -7.88610277 -6.97511494 -6.41076456 
1.00000000e-02 -8.94597279 -8.57925347 -7.88610277 -6.97511494 -6.41076456 
8.11130831e-03 -8.94597279 -8.57925347 -7.88610277 -6.97511494 -6.41076456 
6.57933225e-03 -8.94597279 -8.57925347 -7.88610277 -6.97511494 -6.41076456 
5.33669923e-03 -8.94597279 -8.57925347 -7.88610277 -6.97511494 -6.41076456 
4.32876128e-03 -8.94597279 -8.57925347 -7.88610277 -6.97511494 -6.41076456 
3.51119173e-03 -8.94597279 -8.57925347 -7.88610277 -6.97511494 -6.41076456 
2.84803587e-03 -8.94597279 -8.57925347 -7.88610277 -6.97511494 -6.41076456 
2.31012970e-03 -8.94597279 -8.57925347 -7.88610277 -6.97511494 -6.41076456 
1.87381742e-03 -8.94597279 -8.57925347 -7.88610277 -6.97511494 -6.41076456 
1.51991108e-03 -8.94597279 -8.57925347 -7.88610277 -6.97511494 -6.41076456 
1.23284674e-03 -8.94597279 -8.57925347 -7.88610277 -6.97511494 -6.41076456 
1.00000000e-03 -8.94597279 -8.57925347 -7.88610277 -6.97511494 -6.41076456 
8.11130831e-04 -8.94597279 -8.57925347 -7.88610277 -6.97511494 -6.41076456 
6.57933225e-04 -8.94597279 -8.57925347 -7.88610277 -6.97511494 -6.41076456 
5.33669923e-04 -8.94597279 -8.57925347 -7.88610277 -6.97511494 -6.41076456 
4.32876128e-04 -8.94597279 -8.57925347 -7.88610277 -6.97511494 -6.41076456 
3.51119173e-04 -8.94597279 -8.57925347 -7.88610277 -6.97511494 -6.41076456 
2.84803587e-04 -8.94597279 -8.57925347 -7.88610277 -6.97511494 -6.41076456 
2.31012970e-04 -8.94597279 -8.57925347 -7.88610277 -6.97511494 -6.41076456 
1.87381742e-04 -8.94597279 -8.57925347 -7.88610277 -6.97511494 -6.41076456 
1.51991108e-04 -8.94597279 -8.57925347 -7.88610277 -6.97511494 -6.41076456 
1.23284674e-04 -8.94597279 -8.57925347 -7.88610277 -6.97511494 -6.41076456 
1.00000000e-04 -8.94597279 -8.57925347 -7.88610277 -6.97511494 -6.41076456 
8.11130831e-05 -8.94597279 -8.57925347 -7.88610277 -6.97511494 -6.41076456 
6.57933225e-05 -8.94597279 -8.57925347 -7.88610277 -6.97511494 -6.41076456 
5.33669923e-05 -8.94597279 -8.57925347 -7.88610277 -6.97511494 -6.41076456 
4.32876128e-05 -8.94597279 -8.57925347 -7.88610277 -6.97511494 -6.41076456 
3.51119173e-05 -8.94597279 -8.57925347 -7.88610277 -6.97511494 -6.41076456 
2.84803587e-05 -8.94597279 -8.57925347 -7.88610277 -6.97511494 -6.41076456 
2.31012970e-05 -8.94597279 -8.57925347 -7.88610277 -6.97511494 -6.41076456 
1.87381742e-05 -8.94597279 -8.57925347 -7.88610277 -6.97511494 -6.41076456 
1.51991108e-05 -8.94597279 -8.57925347 -7.88610277 -6.97511494 -6.41076456 
1.23284674e-05 -8.94597279 -8.57925347 -7.88610277 -6.97511494 -6.41076456 
1.00000000e-05 -8.94597279 -8.57925347 -7.88610277 -6.97511494 -6.41076456 
8.11130831e-06 -8.94597279 -8.57925347 -7.88610277 -6.97511494 -6.41076456 
6.57933225e-06 -8.94597279 -8.57925347 -7.88610277 -6.97511494 -6.41076456 
5.33669923e-06 -8.94597279 -8.57925347 -7.88610277 -6.97511494 -6.41076456 
4.32876128e-06 -8.94597279 -8.57925347 -7.88610277 -6.97511494 -6.41076456 
3.51119173e-06 -8.94597279 -8.57925347 -7.88610277 -6.97511494 -6.41076456 
2.84803587e-06 -8.94597279 -8.57925347 -7.88610277 -6.97511494 -6.41076456 
2.31012970e-06 -8.94597279 -8.57925347 -7.88610277 -6.97511494 -6.41076456 
1.87381742e-06 -8.94597279 -8.57925347 -7.88610277 -6.97511494 -6.41076456 
1.51991108e-06 -8.94597279 -8.57925347 -7.88610277 -6.97511494 -6.41076456 
1.23284674e-06 -8.94597279 -8.57925347 -7.88610277 -6.97511494 -6.41076456 
1.00000000e-06 -8.94597279 -8.57925347 -7.88610277 -6.97511494 -6.41076456 
8.11130831e-07 -8.94597279 -8.57925347 -7.88610277 -6.97511494 -6.41076456 
6.57933225e-07 -8.94597279 -8.57925347 -7.88610277 -6.97511494 -6.41076456 
5.33669923e-07 -8.94597279 -8.57925347 -7.88610277 -6.97511494 -6.41076456 
4.32876128e-07 -8.94597279 -8.57925347 -7.88610277 -6.97511494 -6.41076456 
3.51119173e-07 -8.94597279 -8.57925347 -7.88610277 -6.97511494 -6.41076456 
2.84803587e-07 -8.94597279 -8.57925347 -7.88610277 -6.97511494 -6.41076456 
2.31012970e-07 -8.94597279 -8.57925347 -7.88610277 -6.97511494 -6.41076456 
1.87381742e-07 -8.94597279 -8.57925347 -7.88610277 -6.97511494 -6.41076456 
1.51991108e-07 -8.94597279 -8.57925347 -7.88610277 -6.97511494 -6.41076456 
1.23284674e-07 -8.94597279 -8.57925347 -7.88610277 -6.97511494 -6.41076456 
1.00000000e-07 -8.94597279 -8.57925347 -7.88610277 -6.97511494 -6.41076456 
P (bar) | log_H2S: -2σ | log_H2S: -1σ | log_H2S: median | log_H2S: +1σ | log_H2S: +2σ 
1.00000000e+02 -6.93851541 -6.68060995 -6.03436331 -5.18313076 -4.59410884 
8.11130831e+01 -6.93851541 -6.68060995 -6.03436331 -5.18313076 -4.59410884 
6.57933225e+01 -6.93851541 -6.68060995 -6.03436331 -5.18313076 -4.59410884 
5.33669923e+01 -6.93851541 -6.68060995 -6.03436331 -5.18313076 -4.59410884 
4.32876128e+01 -6.93851541 -6.68060995 -6.03436331 -5.18313076 -4.59410884 
3.51119173e+01 -6.93851541 -6.68060995 -6.03436331 -5.18313076 -4.59410884 
2.84803587e+01 -6.93851541 -6.68060995 -6.03436331 -5.18313076 -4.59410884 
2.31012970e+01 -6.93851541 -6.68060995 -6.03436331 -5.18313076 -4.59410884 
1.87381742e+01 -6.93851541 -6.68060995 -6.03436331 -5.18313076 -4.59410884 
1.51991108e+01 -6.93851541 -6.68060995 -6.03436331 -5.18313076 -4.59410884 
1.23284674e+01 -6.93851541 -6.68060995 -6.03436331 -5.18313076 -4.59410884 
1.00000000e+01 -6.93851541 -6.68060995 -6.03436331 -5.18313076 -4.59410884 
8.11130831e+00 -6.93851541 -6.68060995 -6.03436331 -5.18313076 -4.59410884 
6.57933225e+00 -6.93851541 -6.68060995 -6.03436331 -5.18313076 -4.59410884 
5.33669923e+00 -6.93851541 -6.68060995 -6.03436331 -5.18313076 -4.59410884 
4.32876128e+00 -6.93851541 -6.68060995 -6.03436331 -5.18313076 -4.59410884 
3.51119173e+00 -6.93851541 -6.68060995 -6.03436331 -5.18313076 -4.59410884 
2.84803587e+00 -6.93851541 -6.68060995 -6.03436331 -5.18313076 -4.59410884 
2.31012970e+00 -6.93851541 -6.68060995 -6.03436331 -5.18313076 -4.59410884 
1.87381742e+00 -6.93851541 -6.68060995 -6.03436331 -5.18313076 -4.59410884 
1.51991108e+00 -6.93851541 -6.68060995 -6.03436331 -5.18313076 -4.59410884 
1.23284674e+00 -6.93851541 -6.68060995 -6.03436331 -5.18313076 -4.59410884 
1.00000000e+00 -6.93851541 -6.68060995 -6.03436331 -5.18313076 -4.59410884 
8.11130831e-01 -6.93851541 -6.68060995 -6.03436331 -5.18313076 -4.59410884 
6.57933225e-01 -6.93851541 -6.68060995 -6.03436331 -5.18313076 -4.59410884 
5.33669923e-01 -6.93851541 -6.68060995 -6.03436331 -5.18313076 -4.59410884 
4.32876128e-01 -6.93851541 -6.68060995 -6.03436331 -5.18313076 -4.59410884 
3.51119173e-01 -6.93851541 -6.68060995 -6.03436331 -5.18313076 -4.59410884 
2.84803587e-01 -6.93851541 -6.68060995 -6.03436331 -5.18313076 -4.59410884 
2.31012970e-01 -6.93851541 -6.68060995 -6.03436331 -5.18313076 -4.59410884 
1.87381742e-01 -6.93851541 -6.68060995 -6.03436331 -5.18313076 -4.59410884 
1.51991108e-01 -6.93851541 -6.68060995 -6.03436331 -5.18313076 -4.59410884 
1.23284674e-01 -6.93851541 -6.68060995 -6.03436331 -5.18313076 -4.59410884 
1.00000000e-01 -6.93851541 -6.68060995 -6.03436331 -5.18313076 -4.59410884 
8.11130831e-02 -6.93851541 -6.68060995 -6.03436331 -5.18313076 -4.59410884 
6.57933225e-02 -6.93851541 -6.68060995 -6.03436331 -5.18313076 -4.59410884 
5.33669923e-02 -6.93851541 -6.68060995 -6.03436331 -5.18313076 -4.59410884 
4.32876128e-02 -6.93851541 -6.68060995 -6.03436331 -5.18313076 -4.59410884 
3.51119173e-02 -6.93851541 -6.68060995 -6.03436331 -5.18313076 -4.59410884 
2.84803587e-02 -6.93851541 -6.68060995 -6.03436331 -5.18313076 -4.59410884 
2.31012970e-02 -6.93851541 -6.68060995 -6.03436331 -5.18313076 -4.59410884 
1.87381742e-02 -6.93851541 -6.68060995 -6.03436331 -5.18313076 -4.59410884 
1.51991108e-02 -6.93851541 -6.68060995 -6.03436331 -5.18313076 -4.59410884 
1.23284674e-02 -6.93851541 -6.68060995 -6.03436331 -5.18313076 -4.59410884 
1.00000000e-02 -6.93851541 -6.68060995 -6.03436331 -5.18313076 -4.59410884 
8.11130831e-03 -6.93851541 -6.68060995 -6.03436331 -5.18313076 -4.59410884 
6.57933225e-03 -6.93851541 -6.68060995 -6.03436331 -5.18313076 -4.59410884 
5.33669923e-03 -6.93851541 -6.68060995 -6.03436331 -5.18313076 -4.59410884 
4.32876128e-03 -6.93851541 -6.68060995 -6.03436331 -5.18313076 -4.59410884 
3.51119173e-03 -6.93851541 -6.68060995 -6.03436331 -5.18313076 -4.59410884 
2.84803587e-03 -6.93851541 -6.68060995 -6.03436331 -5.18313076 -4.59410884 
2.31012970e-03 -6.93851541 -6.68060995 -6.03436331 -5.18313076 -4.59410884 
1.87381742e-03 -6.93851541 -6.68060995 -6.03436331 -5.18313076 -4.59410884 
1.51991108e-03 -6.93851541 -6.68060995 -6.03436331 -5.18313076 -4.59410884 
1.23284674e-03 -6.93851541 -6.68060995 -6.03436331 -5.18313076 -4.59410884 
1.00000000e-03 -6.93851541 -6.68060995 -6.03436331 -5.18313076 -4.59410884 
8.11130831e-04 -6.93851541 -6.68060995 -6.03436331 -5.18313076 -4.59410884 
6.57933225e-04 -6.93851541 -6.68060995 -6.03436331 -5.18313076 -4.59410884 
5.33669923e-04 -6.93851541 -6.68060995 -6.03436331 -5.18313076 -4.59410884 
4.32876128e-04 -6.93851541 -6.68060995 -6.03436331 -5.18313076 -4.59410884 
3.51119173e-04 -6.93851541 -6.68060995 -6.03436331 -5.18313076 -4.59410884 
2.84803587e-04 -6.93851541 -6.68060995 -6.03436331 -5.18313076 -4.59410884 
2.31012970e-04 -6.93851541 -6.68060995 -6.03436331 -5.18313076 -4.59410884 
1.87381742e-04 -6.93851541 -6.68060995 -6.03436331 -5.18313076 -4.59410884 
1.51991108e-04 -6.93851541 -6.68060995 -6.03436331 -5.18313076 -4.59410884 
1.23284674e-04 -6.93851541 -6.68060995 -6.03436331 -5.18313076 -4.59410884 
1.00000000e-04 -6.93851541 -6.68060995 -6.03436331 -5.18313076 -4.59410884 
8.11130831e-05 -6.93851541 -6.68060995 -6.03436331 -5.18313076 -4.59410884 
6.57933225e-05 -6.93851541 -6.68060995 -6.03436331 -5.18313076 -4.59410884 
5.33669923e-05 -6.93851541 -6.68060995 -6.03436331 -5.18313076 -4.59410884 
4.32876128e-05 -6.93851541 -6.68060995 -6.03436331 -5.18313076 -4.59410884 
3.51119173e-05 -6.93851541 -6.68060995 -6.03436331 -5.18313076 -4.59410884 
2.84803587e-05 -6.93851541 -6.68060995 -6.03436331 -5.18313076 -4.59410884 
2.31012970e-05 -6.93851541 -6.68060995 -6.03436331 -5.18313076 -4.59410884 
1.87381742e-05 -6.93851541 -6.68060995 -6.03436331 -5.18313076 -4.59410884 
1.51991108e-05 -6.93851541 -6.68060995 -6.03436331 -5.18313076 -4.59410884 
1.23284674e-05 -6.93851541 -6.68060995 -6.03436331 -5.18313076 -4.59410884 
1.00000000e-05 -6.93851541 -6.68060995 -6.03436331 -5.18313076 -4.59410884 
8.11130831e-06 -6.93851541 -6.68060995 -6.03436331 -5.18313076 -4.59410884 
6.57933225e-06 -6.93851541 -6.68060995 -6.03436331 -5.18313076 -4.59410884 
5.33669923e-06 -6.93851541 -6.68060995 -6.03436331 -5.18313076 -4.59410884 
4.32876128e-06 -6.93851541 -6.68060995 -6.03436331 -5.18313076 -4.59410884 
3.51119173e-06 -6.93851541 -6.68060995 -6.03436331 -5.18313076 -4.59410884 
2.84803587e-06 -6.93851541 -6.68060995 -6.03436331 -5.18313076 -4.59410884 
2.31012970e-06 -6.93851541 -6.68060995 -6.03436331 -5.18313076 -4.59410884 
1.87381742e-06 -6.93851541 -6.68060995 -6.03436331 -5.18313076 -4.59410884 
1.51991108e-06 -6.93851541 -6.68060995 -6.03436331 -5.18313076 -4.59410884 
1.23284674e-06 -6.93851541 -6.68060995 -6.03436331 -5.18313076 -4.59410884 
1.00000000e-06 -6.93851541 -6.68060995 -6.03436331 -5.18313076 -4.59410884 
8.11130831e-07 -6.93851541 -6.68060995 -6.03436331 -5.18313076 -4.59410884 
6.57933225e-07 -6.93851541 -6.68060995 -6.03436331 -5.18313076 -4.59410884 
5.33669923e-07 -6.93851541 -6.68060995 -6.03436331 -5.18313076 -4.59410884 
4.32876128e-07 -6.93851541 -6.68060995 -6.03436331 -5.18313076 -4.59410884 
3.51119173e-07 -6.93851541 -6.68060995 -6.03436331 -5.18313076 -4.59410884 
2.84803587e-07 -6.93851541 -6.68060995 -6.03436331 -5.18313076 -4.59410884 
2.31012970e-07 -6.93851541 -6.68060995 -6.03436331 -5.18313076 -4.59410884 
1.87381742e-07 -6.93851541 -6.68060995 -6.03436331 -5.18313076 -4.59410884 
1.51991108e-07 -6.93851541 -6.68060995 -6.03436331 -5.18313076 -4.59410884 
1.23284674e-07 -6.93851541 -6.68060995 -6.03436331 -5.18313076 -4.59410884 
1.00000000e-07 -6.93851541 -6.68060995 -6.03436331 -5.18313076 -4.59410884 
