Chemical species: H2 He CO2 SO2 K CO Na CH4 H2S
P (bar) | log_H2: -2σ | log_H2: -1σ | log_H2: median | log_H2: +1σ | log_H2: +2σ 
1.00000000e+02 -0.09726921 -0.08500027 -0.07954303 -0.07721983 -0.07534758 
8.11130831e+01 -0.09726921 -0.08500027 -0.07954303 -0.07721983 -0.07534758 
6.57933225e+01 -0.09726921 -0.08500027 -0.07954303 -0.07721983 -0.07534758 
5.33669923e+01 -0.09726921 -0.08500027 -0.07954303 -0.07721983 -0.07534758 
4.32876128e+01 -0.09726921 -0.08500027 -0.07954303 -0.07721983 -0.07534758 
3.51119173e+01 -0.09726921 -0.08500027 -0.07954303 -0.07721983 -0.07534758 
2.84803587e+01 -0.09726921 -0.08500027 -0.07954303 -0.07721983 -0.07534758 
2.31012970e+01 -0.09726921 -0.08500027 -0.07954303 -0.07721983 -0.07534758 
1.87381742e+01 -0.09726921 -0.08500027 -0.07954303 -0.07721983 -0.07534758 
1.51991108e+01 -0.09726921 -0.08500027 -0.07954303 -0.07721983 -0.07534758 
1.23284674e+01 -0.09726921 -0.08500027 -0.07954303 -0.07721983 -0.07534758 
1.00000000e+01 -0.09726921 -0.08500027 -0.07954303 -0.07721983 -0.07534758 
8.11130831e+00 -0.09726921 -0.08500027 -0.07954303 -0.07721983 -0.07534758 
6.57933225e+00 -0.09726921 -0.08500027 -0.07954303 -0.07721983 -0.07534758 
5.33669923e+00 -0.09726921 -0.08500027 -0.07954303 -0.07721983 -0.07534758 
4.32876128e+00 -0.09726921 -0.08500027 -0.07954303 -0.07721983 -0.07534758 
3.51119173e+00 -0.09726921 -0.08500027 -0.07954303 -0.07721983 -0.07534758 
2.84803587e+00 -0.09726921 -0.08500027 -0.07954303 -0.07721983 -0.07534758 
2.31012970e+00 -0.09726921 -0.08500027 -0.07954303 -0.07721983 -0.07534758 
1.87381742e+00 -0.09726921 -0.08500027 -0.07954303 -0.07721983 -0.07534758 
1.51991108e+00 -0.09726921 -0.08500027 -0.07954303 -0.07721983 -0.07534758 
1.23284674e+00 -0.09726921 -0.08500027 -0.07954303 -0.07721983 -0.07534758 
1.00000000e+00 -0.09726921 -0.08500027 -0.07954303 -0.07721983 -0.07534758 
8.11130831e-01 -0.09726921 -0.08500027 -0.07954303 -0.07721983 -0.07534758 
6.57933225e-01 -0.09726921 -0.08500027 -0.07954303 -0.07721983 -0.07534758 
5.33669923e-01 -0.09726921 -0.08500027 -0.07954303 -0.07721983 -0.07534758 
4.32876128e-01 -0.09726921 -0.08500027 -0.07954303 -0.07721983 -0.07534758 
3.51119173e-01 -0.09726921 -0.08500027 -0.07954303 -0.07721983 -0.07534758 
2.84803587e-01 -0.09726921 -0.08500027 -0.07954303 -0.07721983 -0.07534758 
2.31012970e-01 -0.09726921 -0.08500027 -0.07954303 -0.07721983 -0.07534758 
1.87381742e-01 -0.09726921 -0.08500027 -0.07954303 -0.07721983 -0.07534758 
1.51991108e-01 -0.09726921 -0.08500027 -0.07954303 -0.07721983 -0.07534758 
1.23284674e-01 -0.09726921 -0.08500027 -0.07954303 -0.07721983 -0.07534758 
1.00000000e-01 -0.09726921 -0.08500027 -0.07954303 -0.07721983 -0.07534758 
8.11130831e-02 -0.09726921 -0.08500027 -0.07954303 -0.07721983 -0.07534758 
6.57933225e-02 -0.09726921 -0.08500027 -0.07954303 -0.07721983 -0.07534758 
5.33669923e-02 -0.09726921 -0.08500027 -0.07954303 -0.07721983 -0.07534758 
4.32876128e-02 -0.09726921 -0.08500027 -0.07954303 -0.07721983 -0.07534758 
3.51119173e-02 -0.09726921 -0.08500027 -0.07954303 -0.07721983 -0.07534758 
2.84803587e-02 -0.09726921 -0.08500027 -0.07954303 -0.07721983 -0.07534758 
2.31012970e-02 -0.09726921 -0.08500027 -0.07954303 -0.07721983 -0.07534758 
1.87381742e-02 -0.09726921 -0.08500027 -0.07954303 -0.07721983 -0.07534758 
1.51991108e-02 -0.09726921 -0.08500027 -0.07954303 -0.07721983 -0.07534758 
1.23284674e-02 -0.09726921 -0.08500027 -0.07954303 -0.07721983 -0.07534758 
1.00000000e-02 -0.09726921 -0.08500027 -0.07954303 -0.07721983 -0.07534758 
8.11130831e-03 -0.09726921 -0.08500027 -0.07954303 -0.07721983 -0.07534758 
6.57933225e-03 -0.09726921 -0.08500027 -0.07954303 -0.07721983 -0.07534758 
5.33669923e-03 -0.09726921 -0.08500027 -0.07954303 -0.07721983 -0.07534758 
4.32876128e-03 -0.09726921 -0.08500027 -0.07954303 -0.07721983 -0.07534758 
3.51119173e-03 -0.09726921 -0.08500027 -0.07954303 -0.07721983 -0.07534758 
2.84803587e-03 -0.09726921 -0.08500027 -0.07954303 -0.07721983 -0.07534758 
2.31012970e-03 -0.09726921 -0.08500027 -0.07954303 -0.07721983 -0.07534758 
1.87381742e-03 -0.09726921 -0.08500027 -0.07954303 -0.07721983 -0.07534758 
1.51991108e-03 -0.09726921 -0.08500027 -0.07954303 -0.07721983 -0.07534758 
1.23284674e-03 -0.09726921 -0.08500027 -0.07954303 -0.07721983 -0.07534758 
1.00000000e-03 -0.09726921 -0.08500027 -0.07954303 -0.07721983 -0.07534758 
8.11130831e-04 -0.09726921 -0.08500027 -0.07954303 -0.07721983 -0.07534758 
6.57933225e-04 -0.09726921 -0.08500027 -0.07954303 -0.07721983 -0.07534758 
5.33669923e-04 -0.09726921 -0.08500027 -0.07954303 -0.07721983 -0.07534758 
4.32876128e-04 -0.09726921 -0.08500027 -0.07954303 -0.07721983 -0.07534758 
3.51119173e-04 -0.09726921 -0.08500027 -0.07954303 -0.07721983 -0.07534758 
2.84803587e-04 -0.09726921 -0.08500027 -0.07954303 -0.07721983 -0.07534758 
2.31012970e-04 -0.09726921 -0.08500027 -0.07954303 -0.07721983 -0.07534758 
1.87381742e-04 -0.09726921 -0.08500027 -0.07954303 -0.07721983 -0.07534758 
1.51991108e-04 -0.09726921 -0.08500027 -0.07954303 -0.07721983 -0.07534758 
1.23284674e-04 -0.09726921 -0.08500027 -0.07954303 -0.07721983 -0.07534758 
1.00000000e-04 -0.09726921 -0.08500027 -0.07954303 -0.07721983 -0.07534758 
8.11130831e-05 -0.09726921 -0.08500027 -0.07954303 -0.07721983 -0.07534758 
6.57933225e-05 -0.09726921 -0.08500027 -0.07954303 -0.07721983 -0.07534758 
5.33669923e-05 -0.09726921 -0.08500027 -0.07954303 -0.07721983 -0.07534758 
4.32876128e-05 -0.09726921 -0.08500027 -0.07954303 -0.07721983 -0.07534758 
3.51119173e-05 -0.09726921 -0.08500027 -0.07954303 -0.07721983 -0.07534758 
2.84803587e-05 -0.09726921 -0.08500027 -0.07954303 -0.07721983 -0.07534758 
2.31012970e-05 -0.09726921 -0.08500027 -0.07954303 -0.07721983 -0.07534758 
1.87381742e-05 -0.09726921 -0.08500027 -0.07954303 -0.07721983 -0.07534758 
1.51991108e-05 -0.09726921 -0.08500027 -0.07954303 -0.07721983 -0.07534758 
1.23284674e-05 -0.09726921 -0.08500027 -0.07954303 -0.07721983 -0.07534758 
1.00000000e-05 -0.09726921 -0.08500027 -0.07954303 -0.07721983 -0.07534758 
8.11130831e-06 -0.09726921 -0.08500027 -0.07954303 -0.07721983 -0.07534758 
6.57933225e-06 -0.09726921 -0.08500027 -0.07954303 -0.07721983 -0.07534758 
5.33669923e-06 -0.09726921 -0.08500027 -0.07954303 -0.07721983 -0.07534758 
4.32876128e-06 -0.09726921 -0.08500027 -0.07954303 -0.07721983 -0.07534758 
3.51119173e-06 -0.09726921 -0.08500027 -0.07954303 -0.07721983 -0.07534758 
2.84803587e-06 -0.09726921 -0.08500027 -0.07954303 -0.07721983 -0.07534758 
2.31012970e-06 -0.09726921 -0.08500027 -0.07954303 -0.07721983 -0.07534758 
1.87381742e-06 -0.09726921 -0.08500027 -0.07954303 -0.07721983 -0.07534758 
1.51991108e-06 -0.09726921 -0.08500027 -0.07954303 -0.07721983 -0.07534758 
1.23284674e-06 -0.09726921 -0.08500027 -0.07954303 -0.07721983 -0.07534758 
1.00000000e-06 -0.09726921 -0.08500027 -0.07954303 -0.07721983 -0.07534758 
8.11130831e-07 -0.09726921 -0.08500027 -0.07954303 -0.07721983 -0.07534758 
6.57933225e-07 -0.09726921 -0.08500027 -0.07954303 -0.07721983 -0.07534758 
5.33669923e-07 -0.09726921 -0.08500027 -0.07954303 -0.07721983 -0.07534758 
4.32876128e-07 -0.09726921 -0.08500027 -0.07954303 -0.07721983 -0.07534758 
3.51119173e-07 -0.09726921 -0.08500027 -0.07954303 -0.07721983 -0.07534758 
2.84803587e-07 -0.09726921 -0.08500027 -0.07954303 -0.07721983 -0.07534758 
2.31012970e-07 -0.09726921 -0.08500027 -0.07954303 -0.07721983 -0.07534758 
1.87381742e-07 -0.09726921 -0.08500027 -0.07954303 -0.07721983 -0.07534758 
1.51991108e-07 -0.09726921 -0.08500027 -0.07954303 -0.07721983 -0.07534758 
1.23284674e-07 -0.09726921 -0.08500027 -0.07954303 -0.07721983 -0.07534758 
1.00000000e-07 -0.09726921 -0.08500027 -0.07954303 -0.07721983 -0.07534758 
P (bar) | log_He: -2σ | log_He: -1σ | log_He: median | log_He: +1σ | log_He: +2σ 
1.00000000e+02 -0.86682029 -0.85455135 -0.84909411 -0.84677090 -0.84489866 
8.11130831e+01 -0.86682029 -0.85455135 -0.84909411 -0.84677090 -0.84489866 
6.57933225e+01 -0.86682029 -0.85455135 -0.84909411 -0.84677090 -0.84489866 
5.33669923e+01 -0.86682029 -0.85455135 -0.84909411 -0.84677090 -0.84489866 
4.32876128e+01 -0.86682029 -0.85455135 -0.84909411 -0.84677090 -0.84489866 
3.51119173e+01 -0.86682029 -0.85455135 -0.84909411 -0.84677090 -0.84489866 
2.84803587e+01 -0.86682029 -0.85455135 -0.84909411 -0.84677090 -0.84489866 
2.31012970e+01 -0.86682029 -0.85455135 -0.84909411 -0.84677090 -0.84489866 
1.87381742e+01 -0.86682029 -0.85455135 -0.84909411 -0.84677090 -0.84489866 
1.51991108e+01 -0.86682029 -0.85455135 -0.84909411 -0.84677090 -0.84489866 
1.23284674e+01 -0.86682029 -0.85455135 -0.84909411 -0.84677090 -0.84489866 
1.00000000e+01 -0.86682029 -0.85455135 -0.84909411 -0.84677090 -0.84489866 
8.11130831e+00 -0.86682029 -0.85455135 -0.84909411 -0.84677090 -0.84489866 
6.57933225e+00 -0.86682029 -0.85455135 -0.84909411 -0.84677090 -0.84489866 
5.33669923e+00 -0.86682029 -0.85455135 -0.84909411 -0.84677090 -0.84489866 
4.32876128e+00 -0.86682029 -0.85455135 -0.84909411 -0.84677090 -0.84489866 
3.51119173e+00 -0.86682029 -0.85455135 -0.84909411 -0.84677090 -0.84489866 
2.84803587e+00 -0.86682029 -0.85455135 -0.84909411 -0.84677090 -0.84489866 
2.31012970e+00 -0.86682029 -0.85455135 -0.84909411 -0.84677090 -0.84489866 
1.87381742e+00 -0.86682029 -0.85455135 -0.84909411 -0.84677090 -0.84489866 
1.51991108e+00 -0.86682029 -0.85455135 -0.84909411 -0.84677090 -0.84489866 
1.23284674e+00 -0.86682029 -0.85455135 -0.84909411 -0.84677090 -0.84489866 
1.00000000e+00 -0.86682029 -0.85455135 -0.84909411 -0.84677090 -0.84489866 
8.11130831e-01 -0.86682029 -0.85455135 -0.84909411 -0.84677090 -0.84489866 
6.57933225e-01 -0.86682029 -0.85455135 -0.84909411 -0.84677090 -0.84489866 
5.33669923e-01 -0.86682029 -0.85455135 -0.84909411 -0.84677090 -0.84489866 
4.32876128e-01 -0.86682029 -0.85455135 -0.84909411 -0.84677090 -0.84489866 
3.51119173e-01 -0.86682029 -0.85455135 -0.84909411 -0.84677090 -0.84489866 
2.84803587e-01 -0.86682029 -0.85455135 -0.84909411 -0.84677090 -0.84489866 
2.31012970e-01 -0.86682029 -0.85455135 -0.84909411 -0.84677090 -0.84489866 
1.87381742e-01 -0.86682029 -0.85455135 -0.84909411 -0.84677090 -0.84489866 
1.51991108e-01 -0.86682029 -0.85455135 -0.84909411 -0.84677090 -0.84489866 
1.23284674e-01 -0.86682029 -0.85455135 -0.84909411 -0.84677090 -0.84489866 
1.00000000e-01 -0.86682029 -0.85455135 -0.84909411 -0.84677090 -0.84489866 
8.11130831e-02 -0.86682029 -0.85455135 -0.84909411 -0.84677090 -0.84489866 
6.57933225e-02 -0.86682029 -0.85455135 -0.84909411 -0.84677090 -0.84489866 
5.33669923e-02 -0.86682029 -0.85455135 -0.84909411 -0.84677090 -0.84489866 
4.32876128e-02 -0.86682029 -0.85455135 -0.84909411 -0.84677090 -0.84489866 
3.51119173e-02 -0.86682029 -0.85455135 -0.84909411 -0.84677090 -0.84489866 
2.84803587e-02 -0.86682029 -0.85455135 -0.84909411 -0.84677090 -0.84489866 
2.31012970e-02 -0.86682029 -0.85455135 -0.84909411 -0.84677090 -0.84489866 
1.87381742e-02 -0.86682029 -0.85455135 -0.84909411 -0.84677090 -0.84489866 
1.51991108e-02 -0.86682029 -0.85455135 -0.84909411 -0.84677090 -0.84489866 
1.23284674e-02 -0.86682029 -0.85455135 -0.84909411 -0.84677090 -0.84489866 
1.00000000e-02 -0.86682029 -0.85455135 -0.84909411 -0.84677090 -0.84489866 
8.11130831e-03 -0.86682029 -0.85455135 -0.84909411 -0.84677090 -0.84489866 
6.57933225e-03 -0.86682029 -0.85455135 -0.84909411 -0.84677090 -0.84489866 
5.33669923e-03 -0.86682029 -0.85455135 -0.84909411 -0.84677090 -0.84489866 
4.32876128e-03 -0.86682029 -0.85455135 -0.84909411 -0.84677090 -0.84489866 
3.51119173e-03 -0.86682029 -0.85455135 -0.84909411 -0.84677090 -0.84489866 
2.84803587e-03 -0.86682029 -0.85455135 -0.84909411 -0.84677090 -0.84489866 
2.31012970e-03 -0.86682029 -0.85455135 -0.84909411 -0.84677090 -0.84489866 
1.87381742e-03 -0.86682029 -0.85455135 -0.84909411 -0.84677090 -0.84489866 
1.51991108e-03 -0.86682029 -0.85455135 -0.84909411 -0.84677090 -0.84489866 
1.23284674e-03 -0.86682029 -0.85455135 -0.84909411 -0.84677090 -0.84489866 
1.00000000e-03 -0.86682029 -0.85455135 -0.84909411 -0.84677090 -0.84489866 
8.11130831e-04 -0.86682029 -0.85455135 -0.84909411 -0.84677090 -0.84489866 
6.57933225e-04 -0.86682029 -0.85455135 -0.84909411 -0.84677090 -0.84489866 
5.33669923e-04 -0.86682029 -0.85455135 -0.84909411 -0.84677090 -0.84489866 
4.32876128e-04 -0.86682029 -0.85455135 -0.84909411 -0.84677090 -0.84489866 
3.51119173e-04 -0.86682029 -0.85455135 -0.84909411 -0.84677090 -0.84489866 
2.84803587e-04 -0.86682029 -0.85455135 -0.84909411 -0.84677090 -0.84489866 
2.31012970e-04 -0.86682029 -0.85455135 -0.84909411 -0.84677090 -0.84489866 
1.87381742e-04 -0.86682029 -0.85455135 -0.84909411 -0.84677090 -0.84489866 
1.51991108e-04 -0.86682029 -0.85455135 -0.84909411 -0.84677090 -0.84489866 
1.23284674e-04 -0.86682029 -0.85455135 -0.84909411 -0.84677090 -0.84489866 
1.00000000e-04 -0.86682029 -0.85455135 -0.84909411 -0.84677090 -0.84489866 
8.11130831e-05 -0.86682029 -0.85455135 -0.84909411 -0.84677090 -0.84489866 
6.57933225e-05 -0.86682029 -0.85455135 -0.84909411 -0.84677090 -0.84489866 
5.33669923e-05 -0.86682029 -0.85455135 -0.84909411 -0.84677090 -0.84489866 
4.32876128e-05 -0.86682029 -0.85455135 -0.84909411 -0.84677090 -0.84489866 
3.51119173e-05 -0.86682029 -0.85455135 -0.84909411 -0.84677090 -0.84489866 
2.84803587e-05 -0.86682029 -0.85455135 -0.84909411 -0.84677090 -0.84489866 
2.31012970e-05 -0.86682029 -0.85455135 -0.84909411 -0.84677090 -0.84489866 
1.87381742e-05 -0.86682029 -0.85455135 -0.84909411 -0.84677090 -0.84489866 
1.51991108e-05 -0.86682029 -0.85455135 -0.84909411 -0.84677090 -0.84489866 
1.23284674e-05 -0.86682029 -0.85455135 -0.84909411 -0.84677090 -0.84489866 
1.00000000e-05 -0.86682029 -0.85455135 -0.84909411 -0.84677090 -0.84489866 
8.11130831e-06 -0.86682029 -0.85455135 -0.84909411 -0.84677090 -0.84489866 
6.57933225e-06 -0.86682029 -0.85455135 -0.84909411 -0.84677090 -0.84489866 
5.33669923e-06 -0.86682029 -0.85455135 -0.84909411 -0.84677090 -0.84489866 
4.32876128e-06 -0.86682029 -0.85455135 -0.84909411 -0.84677090 -0.84489866 
3.51119173e-06 -0.86682029 -0.85455135 -0.84909411 -0.84677090 -0.84489866 
2.84803587e-06 -0.86682029 -0.85455135 -0.84909411 -0.84677090 -0.84489866 
2.31012970e-06 -0.86682029 -0.85455135 -0.84909411 -0.84677090 -0.84489866 
1.87381742e-06 -0.86682029 -0.85455135 -0.84909411 -0.84677090 -0.84489866 
1.51991108e-06 -0.86682029 -0.85455135 -0.84909411 -0.84677090 -0.84489866 
1.23284674e-06 -0.86682029 -0.85455135 -0.84909411 -0.84677090 -0.84489866 
1.00000000e-06 -0.86682029 -0.85455135 -0.84909411 -0.84677090 -0.84489866 
8.11130831e-07 -0.86682029 -0.85455135 -0.84909411 -0.84677090 -0.84489866 
6.57933225e-07 -0.86682029 -0.85455135 -0.84909411 -0.84677090 -0.84489866 
5.33669923e-07 -0.86682029 -0.85455135 -0.84909411 -0.84677090 -0.84489866 
4.32876128e-07 -0.86682029 -0.85455135 -0.84909411 -0.84677090 -0.84489866 
3.51119173e-07 -0.86682029 -0.85455135 -0.84909411 -0.84677090 -0.84489866 
2.84803587e-07 -0.86682029 -0.85455135 -0.84909411 -0.84677090 -0.84489866 
2.31012970e-07 -0.86682029 -0.85455135 -0.84909411 -0.84677090 -0.84489866 
1.87381742e-07 -0.86682029 -0.85455135 -0.84909411 -0.84677090 -0.84489866 
1.51991108e-07 -0.86682029 -0.85455135 -0.84909411 -0.84677090 -0.84489866 
1.23284674e-07 -0.86682029 -0.85455135 -0.84909411 -0.84677090 -0.84489866 
1.00000000e-07 -0.86682029 -0.85455135 -0.84909411 -0.84677090 -0.84489866 
P (bar) | log_CO2: -2σ | log_CO2: -1σ | log_CO2: median | log_CO2: +1σ | log_CO2: +2σ 
1.00000000e+02 -2.16327960 -1.89796191 -1.73455302 -1.63839612 -1.56925864 
8.11130831e+01 -2.16327960 -1.89796191 -1.73455302 -1.63839612 -1.56925864 
6.57933225e+01 -2.16327960 -1.89796191 -1.73455302 -1.63839612 -1.56925864 
5.33669923e+01 -2.16327960 -1.89796191 -1.73455302 -1.63839612 -1.56925864 
4.32876128e+01 -2.16327960 -1.89796191 -1.73455302 -1.63839612 -1.56925864 
3.51119173e+01 -2.16327960 -1.89796191 -1.73455302 -1.63839612 -1.56925864 
2.84803587e+01 -2.16327960 -1.89796191 -1.73455302 -1.63839612 -1.56925864 
2.31012970e+01 -2.16327960 -1.89796191 -1.73455302 -1.63839612 -1.56925864 
1.87381742e+01 -2.16327960 -1.89796191 -1.73455302 -1.63839612 -1.56925864 
1.51991108e+01 -2.16327960 -1.89796191 -1.73455302 -1.63839612 -1.56925864 
1.23284674e+01 -2.16327960 -1.89796191 -1.73455302 -1.63839612 -1.56925864 
1.00000000e+01 -2.16327960 -1.89796191 -1.73455302 -1.63839612 -1.56925864 
8.11130831e+00 -2.16327960 -1.89796191 -1.73455302 -1.63839612 -1.56925864 
6.57933225e+00 -2.16327960 -1.89796191 -1.73455302 -1.63839612 -1.56925864 
5.33669923e+00 -2.16327960 -1.89796191 -1.73455302 -1.63839612 -1.56925864 
4.32876128e+00 -2.16327960 -1.89796191 -1.73455302 -1.63839612 -1.56925864 
3.51119173e+00 -2.16327960 -1.89796191 -1.73455302 -1.63839612 -1.56925864 
2.84803587e+00 -2.16327960 -1.89796191 -1.73455302 -1.63839612 -1.56925864 
2.31012970e+00 -2.16327960 -1.89796191 -1.73455302 -1.63839612 -1.56925864 
1.87381742e+00 -2.16327960 -1.89796191 -1.73455302 -1.63839612 -1.56925864 
1.51991108e+00 -2.16327960 -1.89796191 -1.73455302 -1.63839612 -1.56925864 
1.23284674e+00 -2.16327960 -1.89796191 -1.73455302 -1.63839612 -1.56925864 
1.00000000e+00 -2.16327960 -1.89796191 -1.73455302 -1.63839612 -1.56925864 
8.11130831e-01 -2.16327960 -1.89796191 -1.73455302 -1.63839612 -1.56925864 
6.57933225e-01 -2.16327960 -1.89796191 -1.73455302 -1.63839612 -1.56925864 
5.33669923e-01 -2.16327960 -1.89796191 -1.73455302 -1.63839612 -1.56925864 
4.32876128e-01 -2.16327960 -1.89796191 -1.73455302 -1.63839612 -1.56925864 
3.51119173e-01 -2.16327960 -1.89796191 -1.73455302 -1.63839612 -1.56925864 
2.84803587e-01 -2.16327960 -1.89796191 -1.73455302 -1.63839612 -1.56925864 
2.31012970e-01 -2.16327960 -1.89796191 -1.73455302 -1.63839612 -1.56925864 
1.87381742e-01 -2.16327960 -1.89796191 -1.73455302 -1.63839612 -1.56925864 
1.51991108e-01 -2.16327960 -1.89796191 -1.73455302 -1.63839612 -1.56925864 
1.23284674e-01 -2.16327960 -1.89796191 -1.73455302 -1.63839612 -1.56925864 
1.00000000e-01 -2.16327960 -1.89796191 -1.73455302 -1.63839612 -1.56925864 
8.11130831e-02 -2.16327960 -1.89796191 -1.73455302 -1.63839612 -1.56925864 
6.57933225e-02 -2.16327960 -1.89796191 -1.73455302 -1.63839612 -1.56925864 
5.33669923e-02 -2.16327960 -1.89796191 -1.73455302 -1.63839612 -1.56925864 
4.32876128e-02 -2.16327960 -1.89796191 -1.73455302 -1.63839612 -1.56925864 
3.51119173e-02 -2.16327960 -1.89796191 -1.73455302 -1.63839612 -1.56925864 
2.84803587e-02 -2.16327960 -1.89796191 -1.73455302 -1.63839612 -1.56925864 
2.31012970e-02 -2.16327960 -1.89796191 -1.73455302 -1.63839612 -1.56925864 
1.87381742e-02 -2.16327960 -1.89796191 -1.73455302 -1.63839612 -1.56925864 
1.51991108e-02 -2.16327960 -1.89796191 -1.73455302 -1.63839612 -1.56925864 
1.23284674e-02 -2.16327960 -1.89796191 -1.73455302 -1.63839612 -1.56925864 
1.00000000e-02 -2.16327960 -1.89796191 -1.73455302 -1.63839612 -1.56925864 
8.11130831e-03 -2.16327960 -1.89796191 -1.73455302 -1.63839612 -1.56925864 
6.57933225e-03 -2.16327960 -1.89796191 -1.73455302 -1.63839612 -1.56925864 
5.33669923e-03 -2.16327960 -1.89796191 -1.73455302 -1.63839612 -1.56925864 
4.32876128e-03 -2.16327960 -1.89796191 -1.73455302 -1.63839612 -1.56925864 
3.51119173e-03 -2.16327960 -1.89796191 -1.73455302 -1.63839612 -1.56925864 
2.84803587e-03 -2.16327960 -1.89796191 -1.73455302 -1.63839612 -1.56925864 
2.31012970e-03 -2.16327960 -1.89796191 -1.73455302 -1.63839612 -1.56925864 
1.87381742e-03 -2.16327960 -1.89796191 -1.73455302 -1.63839612 -1.56925864 
1.51991108e-03 -2.16327960 -1.89796191 -1.73455302 -1.63839612 -1.56925864 
1.23284674e-03 -2.16327960 -1.89796191 -1.73455302 -1.63839612 -1.56925864 
1.00000000e-03 -2.16327960 -1.89796191 -1.73455302 -1.63839612 -1.56925864 
8.11130831e-04 -2.16327960 -1.89796191 -1.73455302 -1.63839612 -1.56925864 
6.57933225e-04 -2.16327960 -1.89796191 -1.73455302 -1.63839612 -1.56925864 
5.33669923e-04 -2.16327960 -1.89796191 -1.73455302 -1.63839612 -1.56925864 
4.32876128e-04 -2.16327960 -1.89796191 -1.73455302 -1.63839612 -1.56925864 
3.51119173e-04 -2.16327960 -1.89796191 -1.73455302 -1.63839612 -1.56925864 
2.84803587e-04 -2.16327960 -1.89796191 -1.73455302 -1.63839612 -1.56925864 
2.31012970e-04 -2.16327960 -1.89796191 -1.73455302 -1.63839612 -1.56925864 
1.87381742e-04 -2.16327960 -1.89796191 -1.73455302 -1.63839612 -1.56925864 
1.51991108e-04 -2.16327960 -1.89796191 -1.73455302 -1.63839612 -1.56925864 
1.23284674e-04 -2.16327960 -1.89796191 -1.73455302 -1.63839612 -1.56925864 
1.00000000e-04 -2.16327960 -1.89796191 -1.73455302 -1.63839612 -1.56925864 
8.11130831e-05 -2.16327960 -1.89796191 -1.73455302 -1.63839612 -1.56925864 
6.57933225e-05 -2.16327960 -1.89796191 -1.73455302 -1.63839612 -1.56925864 
5.33669923e-05 -2.16327960 -1.89796191 -1.73455302 -1.63839612 -1.56925864 
4.32876128e-05 -2.16327960 -1.89796191 -1.73455302 -1.63839612 -1.56925864 
3.51119173e-05 -2.16327960 -1.89796191 -1.73455302 -1.63839612 -1.56925864 
2.84803587e-05 -2.16327960 -1.89796191 -1.73455302 -1.63839612 -1.56925864 
2.31012970e-05 -2.16327960 -1.89796191 -1.73455302 -1.63839612 -1.56925864 
1.87381742e-05 -2.16327960 -1.89796191 -1.73455302 -1.63839612 -1.56925864 
1.51991108e-05 -2.16327960 -1.89796191 -1.73455302 -1.63839612 -1.56925864 
1.23284674e-05 -2.16327960 -1.89796191 -1.73455302 -1.63839612 -1.56925864 
1.00000000e-05 -2.16327960 -1.89796191 -1.73455302 -1.63839612 -1.56925864 
8.11130831e-06 -2.16327960 -1.89796191 -1.73455302 -1.63839612 -1.56925864 
6.57933225e-06 -2.16327960 -1.89796191 -1.73455302 -1.63839612 -1.56925864 
5.33669923e-06 -2.16327960 -1.89796191 -1.73455302 -1.63839612 -1.56925864 
4.32876128e-06 -2.16327960 -1.89796191 -1.73455302 -1.63839612 -1.56925864 
3.51119173e-06 -2.16327960 -1.89796191 -1.73455302 -1.63839612 -1.56925864 
2.84803587e-06 -2.16327960 -1.89796191 -1.73455302 -1.63839612 -1.56925864 
2.31012970e-06 -2.16327960 -1.89796191 -1.73455302 -1.63839612 -1.56925864 
1.87381742e-06 -2.16327960 -1.89796191 -1.73455302 -1.63839612 -1.56925864 
1.51991108e-06 -2.16327960 -1.89796191 -1.73455302 -1.63839612 -1.56925864 
1.23284674e-06 -2.16327960 -1.89796191 -1.73455302 -1.63839612 -1.56925864 
1.00000000e-06 -2.16327960 -1.89796191 -1.73455302 -1.63839612 -1.56925864 
8.11130831e-07 -2.16327960 -1.89796191 -1.73455302 -1.63839612 -1.56925864 
6.57933225e-07 -2.16327960 -1.89796191 -1.73455302 -1.63839612 -1.56925864 
5.33669923e-07 -2.16327960 -1.89796191 -1.73455302 -1.63839612 -1.56925864 
4.32876128e-07 -2.16327960 -1.89796191 -1.73455302 -1.63839612 -1.56925864 
3.51119173e-07 -2.16327960 -1.89796191 -1.73455302 -1.63839612 -1.56925864 
2.84803587e-07 -2.16327960 -1.89796191 -1.73455302 -1.63839612 -1.56925864 
2.31012970e-07 -2.16327960 -1.89796191 -1.73455302 -1.63839612 -1.56925864 
1.87381742e-07 -2.16327960 -1.89796191 -1.73455302 -1.63839612 -1.56925864 
1.51991108e-07 -2.16327960 -1.89796191 -1.73455302 -1.63839612 -1.56925864 
1.23284674e-07 -2.16327960 -1.89796191 -1.73455302 -1.63839612 -1.56925864 
1.00000000e-07 -2.16327960 -1.89796191 -1.73455302 -1.63839612 -1.56925864 
P (bar) | log_SO2: -2σ | log_SO2: -1σ | log_SO2: median | log_SO2: +1σ | log_SO2: +2σ 
1.00000000e+02 -7.69219003 -6.72468397 -6.02216543 -5.69584989 -5.54469716 
8.11130831e+01 -7.69219003 -6.72468397 -6.02216543 -5.69584989 -5.54469716 
6.57933225e+01 -7.69219003 -6.72468397 -6.02216543 -5.69584989 -5.54469716 
5.33669923e+01 -7.69219003 -6.72468397 -6.02216543 -5.69584989 -5.54469716 
4.32876128e+01 -7.69219003 -6.72468397 -6.02216543 -5.69584989 -5.54469716 
3.51119173e+01 -7.69219003 -6.72468397 -6.02216543 -5.69584989 -5.54469716 
2.84803587e+01 -7.69219003 -6.72468397 -6.02216543 -5.69584989 -5.54469716 
2.31012970e+01 -7.69219003 -6.72468397 -6.02216543 -5.69584989 -5.54469716 
1.87381742e+01 -7.69219003 -6.72468397 -6.02216543 -5.69584989 -5.54469716 
1.51991108e+01 -7.69219003 -6.72468397 -6.02216543 -5.69584989 -5.54469716 
1.23284674e+01 -7.69219003 -6.72468397 -6.02216543 -5.69584989 -5.54469716 
1.00000000e+01 -7.69219003 -6.72468397 -6.02216543 -5.69584989 -5.54469716 
8.11130831e+00 -7.69219003 -6.72468397 -6.02216543 -5.69584989 -5.54469716 
6.57933225e+00 -7.69219003 -6.72468397 -6.02216543 -5.69584989 -5.54469716 
5.33669923e+00 -7.69219003 -6.72468397 -6.02216543 -5.69584989 -5.54469716 
4.32876128e+00 -7.69219003 -6.72468397 -6.02216543 -5.69584989 -5.54469716 
3.51119173e+00 -7.69219003 -6.72468397 -6.02216543 -5.69584989 -5.54469716 
2.84803587e+00 -7.69219003 -6.72468397 -6.02216543 -5.69584989 -5.54469716 
2.31012970e+00 -7.69219003 -6.72468397 -6.02216543 -5.69584989 -5.54469716 
1.87381742e+00 -7.69219003 -6.72468397 -6.02216543 -5.69584989 -5.54469716 
1.51991108e+00 -7.69219003 -6.72468397 -6.02216543 -5.69584989 -5.54469716 
1.23284674e+00 -7.69219003 -6.72468397 -6.02216543 -5.69584989 -5.54469716 
1.00000000e+00 -7.69219003 -6.72468397 -6.02216543 -5.69584989 -5.54469716 
8.11130831e-01 -7.69219003 -6.72468397 -6.02216543 -5.69584989 -5.54469716 
6.57933225e-01 -7.69219003 -6.72468397 -6.02216543 -5.69584989 -5.54469716 
5.33669923e-01 -7.69219003 -6.72468397 -6.02216543 -5.69584989 -5.54469716 
4.32876128e-01 -7.69219003 -6.72468397 -6.02216543 -5.69584989 -5.54469716 
3.51119173e-01 -7.69219003 -6.72468397 -6.02216543 -5.69584989 -5.54469716 
2.84803587e-01 -7.69219003 -6.72468397 -6.02216543 -5.69584989 -5.54469716 
2.31012970e-01 -7.69219003 -6.72468397 -6.02216543 -5.69584989 -5.54469716 
1.87381742e-01 -7.69219003 -6.72468397 -6.02216543 -5.69584989 -5.54469716 
1.51991108e-01 -7.69219003 -6.72468397 -6.02216543 -5.69584989 -5.54469716 
1.23284674e-01 -7.69219003 -6.72468397 -6.02216543 -5.69584989 -5.54469716 
1.00000000e-01 -7.69219003 -6.72468397 -6.02216543 -5.69584989 -5.54469716 
8.11130831e-02 -7.69219003 -6.72468397 -6.02216543 -5.69584989 -5.54469716 
6.57933225e-02 -7.69219003 -6.72468397 -6.02216543 -5.69584989 -5.54469716 
5.33669923e-02 -7.69219003 -6.72468397 -6.02216543 -5.69584989 -5.54469716 
4.32876128e-02 -7.69219003 -6.72468397 -6.02216543 -5.69584989 -5.54469716 
3.51119173e-02 -7.69219003 -6.72468397 -6.02216543 -5.69584989 -5.54469716 
2.84803587e-02 -7.69219003 -6.72468397 -6.02216543 -5.69584989 -5.54469716 
2.31012970e-02 -7.69219003 -6.72468397 -6.02216543 -5.69584989 -5.54469716 
1.87381742e-02 -7.69219003 -6.72468397 -6.02216543 -5.69584989 -5.54469716 
1.51991108e-02 -7.69219003 -6.72468397 -6.02216543 -5.69584989 -5.54469716 
1.23284674e-02 -7.69219003 -6.72468397 -6.02216543 -5.69584989 -5.54469716 
1.00000000e-02 -7.69219003 -6.72468397 -6.02216543 -5.69584989 -5.54469716 
8.11130831e-03 -7.69219003 -6.72468397 -6.02216543 -5.69584989 -5.54469716 
6.57933225e-03 -7.69219003 -6.72468397 -6.02216543 -5.69584989 -5.54469716 
5.33669923e-03 -7.69219003 -6.72468397 -6.02216543 -5.69584989 -5.54469716 
4.32876128e-03 -7.69219003 -6.72468397 -6.02216543 -5.69584989 -5.54469716 
3.51119173e-03 -7.69219003 -6.72468397 -6.02216543 -5.69584989 -5.54469716 
2.84803587e-03 -7.69219003 -6.72468397 -6.02216543 -5.69584989 -5.54469716 
2.31012970e-03 -7.69219003 -6.72468397 -6.02216543 -5.69584989 -5.54469716 
1.87381742e-03 -7.69219003 -6.72468397 -6.02216543 -5.69584989 -5.54469716 
1.51991108e-03 -7.69219003 -6.72468397 -6.02216543 -5.69584989 -5.54469716 
1.23284674e-03 -7.69219003 -6.72468397 -6.02216543 -5.69584989 -5.54469716 
1.00000000e-03 -7.69219003 -6.72468397 -6.02216543 -5.69584989 -5.54469716 
8.11130831e-04 -7.69219003 -6.72468397 -6.02216543 -5.69584989 -5.54469716 
6.57933225e-04 -7.69219003 -6.72468397 -6.02216543 -5.69584989 -5.54469716 
5.33669923e-04 -7.69219003 -6.72468397 -6.02216543 -5.69584989 -5.54469716 
4.32876128e-04 -7.69219003 -6.72468397 -6.02216543 -5.69584989 -5.54469716 
3.51119173e-04 -7.69219003 -6.72468397 -6.02216543 -5.69584989 -5.54469716 
2.84803587e-04 -7.69219003 -6.72468397 -6.02216543 -5.69584989 -5.54469716 
2.31012970e-04 -7.69219003 -6.72468397 -6.02216543 -5.69584989 -5.54469716 
1.87381742e-04 -7.69219003 -6.72468397 -6.02216543 -5.69584989 -5.54469716 
1.51991108e-04 -7.69219003 -6.72468397 -6.02216543 -5.69584989 -5.54469716 
1.23284674e-04 -7.69219003 -6.72468397 -6.02216543 -5.69584989 -5.54469716 
1.00000000e-04 -7.69219003 -6.72468397 -6.02216543 -5.69584989 -5.54469716 
8.11130831e-05 -7.69219003 -6.72468397 -6.02216543 -5.69584989 -5.54469716 
6.57933225e-05 -7.69219003 -6.72468397 -6.02216543 -5.69584989 -5.54469716 
5.33669923e-05 -7.69219003 -6.72468397 -6.02216543 -5.69584989 -5.54469716 
4.32876128e-05 -7.69219003 -6.72468397 -6.02216543 -5.69584989 -5.54469716 
3.51119173e-05 -7.69219003 -6.72468397 -6.02216543 -5.69584989 -5.54469716 
2.84803587e-05 -7.69219003 -6.72468397 -6.02216543 -5.69584989 -5.54469716 
2.31012970e-05 -7.69219003 -6.72468397 -6.02216543 -5.69584989 -5.54469716 
1.87381742e-05 -7.69219003 -6.72468397 -6.02216543 -5.69584989 -5.54469716 
1.51991108e-05 -7.69219003 -6.72468397 -6.02216543 -5.69584989 -5.54469716 
1.23284674e-05 -7.69219003 -6.72468397 -6.02216543 -5.69584989 -5.54469716 
1.00000000e-05 -7.69219003 -6.72468397 -6.02216543 -5.69584989 -5.54469716 
8.11130831e-06 -7.69219003 -6.72468397 -6.02216543 -5.69584989 -5.54469716 
6.57933225e-06 -7.69219003 -6.72468397 -6.02216543 -5.69584989 -5.54469716 
5.33669923e-06 -7.69219003 -6.72468397 -6.02216543 -5.69584989 -5.54469716 
4.32876128e-06 -7.69219003 -6.72468397 -6.02216543 -5.69584989 -5.54469716 
3.51119173e-06 -7.69219003 -6.72468397 -6.02216543 -5.69584989 -5.54469716 
2.84803587e-06 -7.69219003 -6.72468397 -6.02216543 -5.69584989 -5.54469716 
2.31012970e-06 -7.69219003 -6.72468397 -6.02216543 -5.69584989 -5.54469716 
1.87381742e-06 -7.69219003 -6.72468397 -6.02216543 -5.69584989 -5.54469716 
1.51991108e-06 -7.69219003 -6.72468397 -6.02216543 -5.69584989 -5.54469716 
1.23284674e-06 -7.69219003 -6.72468397 -6.02216543 -5.69584989 -5.54469716 
1.00000000e-06 -7.69219003 -6.72468397 -6.02216543 -5.69584989 -5.54469716 
8.11130831e-07 -7.69219003 -6.72468397 -6.02216543 -5.69584989 -5.54469716 
6.57933225e-07 -7.69219003 -6.72468397 -6.02216543 -5.69584989 -5.54469716 
5.33669923e-07 -7.69219003 -6.72468397 -6.02216543 -5.69584989 -5.54469716 
4.32876128e-07 -7.69219003 -6.72468397 -6.02216543 -5.69584989 -5.54469716 
3.51119173e-07 -7.69219003 -6.72468397 -6.02216543 -5.69584989 -5.54469716 
2.84803587e-07 -7.69219003 -6.72468397 -6.02216543 -5.69584989 -5.54469716 
2.31012970e-07 -7.69219003 -6.72468397 -6.02216543 -5.69584989 -5.54469716 
1.87381742e-07 -7.69219003 -6.72468397 -6.02216543 -5.69584989 -5.54469716 
1.51991108e-07 -7.69219003 -6.72468397 -6.02216543 -5.69584989 -5.54469716 
1.23284674e-07 -7.69219003 -6.72468397 -6.02216543 -5.69584989 -5.54469716 
1.00000000e-07 -7.69219003 -6.72468397 -6.02216543 -5.69584989 -5.54469716 
P (bar) | log_K: -2σ | log_K: -1σ | log_K: median | log_K: +1σ | log_K: +2σ 
1.00000000e+02 -6.72466873 -6.40431384 -6.18961506 -6.06232226 -6.00744824 
8.11130831e+01 -6.72466873 -6.40431384 -6.18961506 -6.06232226 -6.00744824 
6.57933225e+01 -6.72466873 -6.40431384 -6.18961506 -6.06232226 -6.00744824 
5.33669923e+01 -6.72466873 -6.40431384 -6.18961506 -6.06232226 -6.00744824 
4.32876128e+01 -6.72466873 -6.40431384 -6.18961506 -6.06232226 -6.00744824 
3.51119173e+01 -6.72466873 -6.40431384 -6.18961506 -6.06232226 -6.00744824 
2.84803587e+01 -6.72466873 -6.40431384 -6.18961506 -6.06232226 -6.00744824 
2.31012970e+01 -6.72466873 -6.40431384 -6.18961506 -6.06232226 -6.00744824 
1.87381742e+01 -6.72466873 -6.40431384 -6.18961506 -6.06232226 -6.00744824 
1.51991108e+01 -6.72466873 -6.40431384 -6.18961506 -6.06232226 -6.00744824 
1.23284674e+01 -6.72466873 -6.40431384 -6.18961506 -6.06232226 -6.00744824 
1.00000000e+01 -6.72466873 -6.40431384 -6.18961506 -6.06232226 -6.00744824 
8.11130831e+00 -6.72466873 -6.40431384 -6.18961506 -6.06232226 -6.00744824 
6.57933225e+00 -6.72466873 -6.40431384 -6.18961506 -6.06232226 -6.00744824 
5.33669923e+00 -6.72466873 -6.40431384 -6.18961506 -6.06232226 -6.00744824 
4.32876128e+00 -6.72466873 -6.40431384 -6.18961506 -6.06232226 -6.00744824 
3.51119173e+00 -6.72466873 -6.40431384 -6.18961506 -6.06232226 -6.00744824 
2.84803587e+00 -6.72466873 -6.40431384 -6.18961506 -6.06232226 -6.00744824 
2.31012970e+00 -6.72466873 -6.40431384 -6.18961506 -6.06232226 -6.00744824 
1.87381742e+00 -6.72466873 -6.40431384 -6.18961506 -6.06232226 -6.00744824 
1.51991108e+00 -6.72466873 -6.40431384 -6.18961506 -6.06232226 -6.00744824 
1.23284674e+00 -6.72466873 -6.40431384 -6.18961506 -6.06232226 -6.00744824 
1.00000000e+00 -6.72466873 -6.40431384 -6.18961506 -6.06232226 -6.00744824 
8.11130831e-01 -6.72466873 -6.40431384 -6.18961506 -6.06232226 -6.00744824 
6.57933225e-01 -6.72466873 -6.40431384 -6.18961506 -6.06232226 -6.00744824 
5.33669923e-01 -6.72466873 -6.40431384 -6.18961506 -6.06232226 -6.00744824 
4.32876128e-01 -6.72466873 -6.40431384 -6.18961506 -6.06232226 -6.00744824 
3.51119173e-01 -6.72466873 -6.40431384 -6.18961506 -6.06232226 -6.00744824 
2.84803587e-01 -6.72466873 -6.40431384 -6.18961506 -6.06232226 -6.00744824 
2.31012970e-01 -6.72466873 -6.40431384 -6.18961506 -6.06232226 -6.00744824 
1.87381742e-01 -6.72466873 -6.40431384 -6.18961506 -6.06232226 -6.00744824 
1.51991108e-01 -6.72466873 -6.40431384 -6.18961506 -6.06232226 -6.00744824 
1.23284674e-01 -6.72466873 -6.40431384 -6.18961506 -6.06232226 -6.00744824 
1.00000000e-01 -6.72466873 -6.40431384 -6.18961506 -6.06232226 -6.00744824 
8.11130831e-02 -6.72466873 -6.40431384 -6.18961506 -6.06232226 -6.00744824 
6.57933225e-02 -6.72466873 -6.40431384 -6.18961506 -6.06232226 -6.00744824 
5.33669923e-02 -6.72466873 -6.40431384 -6.18961506 -6.06232226 -6.00744824 
4.32876128e-02 -6.72466873 -6.40431384 -6.18961506 -6.06232226 -6.00744824 
3.51119173e-02 -6.72466873 -6.40431384 -6.18961506 -6.06232226 -6.00744824 
2.84803587e-02 -6.72466873 -6.40431384 -6.18961506 -6.06232226 -6.00744824 
2.31012970e-02 -6.72466873 -6.40431384 -6.18961506 -6.06232226 -6.00744824 
1.87381742e-02 -6.72466873 -6.40431384 -6.18961506 -6.06232226 -6.00744824 
1.51991108e-02 -6.72466873 -6.40431384 -6.18961506 -6.06232226 -6.00744824 
1.23284674e-02 -6.72466873 -6.40431384 -6.18961506 -6.06232226 -6.00744824 
1.00000000e-02 -6.72466873 -6.40431384 -6.18961506 -6.06232226 -6.00744824 
8.11130831e-03 -6.72466873 -6.40431384 -6.18961506 -6.06232226 -6.00744824 
6.57933225e-03 -6.72466873 -6.40431384 -6.18961506 -6.06232226 -6.00744824 
5.33669923e-03 -6.72466873 -6.40431384 -6.18961506 -6.06232226 -6.00744824 
4.32876128e-03 -6.72466873 -6.40431384 -6.18961506 -6.06232226 -6.00744824 
3.51119173e-03 -6.72466873 -6.40431384 -6.18961506 -6.06232226 -6.00744824 
2.84803587e-03 -6.72466873 -6.40431384 -6.18961506 -6.06232226 -6.00744824 
2.31012970e-03 -6.72466873 -6.40431384 -6.18961506 -6.06232226 -6.00744824 
1.87381742e-03 -6.72466873 -6.40431384 -6.18961506 -6.06232226 -6.00744824 
1.51991108e-03 -6.72466873 -6.40431384 -6.18961506 -6.06232226 -6.00744824 
1.23284674e-03 -6.72466873 -6.40431384 -6.18961506 -6.06232226 -6.00744824 
1.00000000e-03 -6.72466873 -6.40431384 -6.18961506 -6.06232226 -6.00744824 
8.11130831e-04 -6.72466873 -6.40431384 -6.18961506 -6.06232226 -6.00744824 
6.57933225e-04 -6.72466873 -6.40431384 -6.18961506 -6.06232226 -6.00744824 
5.33669923e-04 -6.72466873 -6.40431384 -6.18961506 -6.06232226 -6.00744824 
4.32876128e-04 -6.72466873 -6.40431384 -6.18961506 -6.06232226 -6.00744824 
3.51119173e-04 -6.72466873 -6.40431384 -6.18961506 -6.06232226 -6.00744824 
2.84803587e-04 -6.72466873 -6.40431384 -6.18961506 -6.06232226 -6.00744824 
2.31012970e-04 -6.72466873 -6.40431384 -6.18961506 -6.06232226 -6.00744824 
1.87381742e-04 -6.72466873 -6.40431384 -6.18961506 -6.06232226 -6.00744824 
1.51991108e-04 -6.72466873 -6.40431384 -6.18961506 -6.06232226 -6.00744824 
1.23284674e-04 -6.72466873 -6.40431384 -6.18961506 -6.06232226 -6.00744824 
1.00000000e-04 -6.72466873 -6.40431384 -6.18961506 -6.06232226 -6.00744824 
8.11130831e-05 -6.72466873 -6.40431384 -6.18961506 -6.06232226 -6.00744824 
6.57933225e-05 -6.72466873 -6.40431384 -6.18961506 -6.06232226 -6.00744824 
5.33669923e-05 -6.72466873 -6.40431384 -6.18961506 -6.06232226 -6.00744824 
4.32876128e-05 -6.72466873 -6.40431384 -6.18961506 -6.06232226 -6.00744824 
3.51119173e-05 -6.72466873 -6.40431384 -6.18961506 -6.06232226 -6.00744824 
2.84803587e-05 -6.72466873 -6.40431384 -6.18961506 -6.06232226 -6.00744824 
2.31012970e-05 -6.72466873 -6.40431384 -6.18961506 -6.06232226 -6.00744824 
1.87381742e-05 -6.72466873 -6.40431384 -6.18961506 -6.06232226 -6.00744824 
1.51991108e-05 -6.72466873 -6.40431384 -6.18961506 -6.06232226 -6.00744824 
1.23284674e-05 -6.72466873 -6.40431384 -6.18961506 -6.06232226 -6.00744824 
1.00000000e-05 -6.72466873 -6.40431384 -6.18961506 -6.06232226 -6.00744824 
8.11130831e-06 -6.72466873 -6.40431384 -6.18961506 -6.06232226 -6.00744824 
6.57933225e-06 -6.72466873 -6.40431384 -6.18961506 -6.06232226 -6.00744824 
5.33669923e-06 -6.72466873 -6.40431384 -6.18961506 -6.06232226 -6.00744824 
4.32876128e-06 -6.72466873 -6.40431384 -6.18961506 -6.06232226 -6.00744824 
3.51119173e-06 -6.72466873 -6.40431384 -6.18961506 -6.06232226 -6.00744824 
2.84803587e-06 -6.72466873 -6.40431384 -6.18961506 -6.06232226 -6.00744824 
2.31012970e-06 -6.72466873 -6.40431384 -6.18961506 -6.06232226 -6.00744824 
1.87381742e-06 -6.72466873 -6.40431384 -6.18961506 -6.06232226 -6.00744824 
1.51991108e-06 -6.72466873 -6.40431384 -6.18961506 -6.06232226 -6.00744824 
1.23284674e-06 -6.72466873 -6.40431384 -6.18961506 -6.06232226 -6.00744824 
1.00000000e-06 -6.72466873 -6.40431384 -6.18961506 -6.06232226 -6.00744824 
8.11130831e-07 -6.72466873 -6.40431384 -6.18961506 -6.06232226 -6.00744824 
6.57933225e-07 -6.72466873 -6.40431384 -6.18961506 -6.06232226 -6.00744824 
5.33669923e-07 -6.72466873 -6.40431384 -6.18961506 -6.06232226 -6.00744824 
4.32876128e-07 -6.72466873 -6.40431384 -6.18961506 -6.06232226 -6.00744824 
3.51119173e-07 -6.72466873 -6.40431384 -6.18961506 -6.06232226 -6.00744824 
2.84803587e-07 -6.72466873 -6.40431384 -6.18961506 -6.06232226 -6.00744824 
2.31012970e-07 -6.72466873 -6.40431384 -6.18961506 -6.06232226 -6.00744824 
1.87381742e-07 -6.72466873 -6.40431384 -6.18961506 -6.06232226 -6.00744824 
1.51991108e-07 -6.72466873 -6.40431384 -6.18961506 -6.06232226 -6.00744824 
1.23284674e-07 -6.72466873 -6.40431384 -6.18961506 -6.06232226 -6.00744824 
1.00000000e-07 -6.72466873 -6.40431384 -6.18961506 -6.06232226 -6.00744824 
P (bar) | log_CO: -2σ | log_CO: -1σ | log_CO: median | log_CO: +1σ | log_CO: +2σ 
1.00000000e+02 -2.97299779 -2.76234268 -2.31978635 -1.65965809 -1.24370231 
8.11130831e+01 -2.97299779 -2.76234268 -2.31978635 -1.65965809 -1.24370231 
6.57933225e+01 -2.97299779 -2.76234268 -2.31978635 -1.65965809 -1.24370231 
5.33669923e+01 -2.97299779 -2.76234268 -2.31978635 -1.65965809 -1.24370231 
4.32876128e+01 -2.97299779 -2.76234268 -2.31978635 -1.65965809 -1.24370231 
3.51119173e+01 -2.97299779 -2.76234268 -2.31978635 -1.65965809 -1.24370231 
2.84803587e+01 -2.97299779 -2.76234268 -2.31978635 -1.65965809 -1.24370231 
2.31012970e+01 -2.97299779 -2.76234268 -2.31978635 -1.65965809 -1.24370231 
1.87381742e+01 -2.97299779 -2.76234268 -2.31978635 -1.65965809 -1.24370231 
1.51991108e+01 -2.97299779 -2.76234268 -2.31978635 -1.65965809 -1.24370231 
1.23284674e+01 -2.97299779 -2.76234268 -2.31978635 -1.65965809 -1.24370231 
1.00000000e+01 -2.97299779 -2.76234268 -2.31978635 -1.65965809 -1.24370231 
8.11130831e+00 -2.97299779 -2.76234268 -2.31978635 -1.65965809 -1.24370231 
6.57933225e+00 -2.97299779 -2.76234268 -2.31978635 -1.65965809 -1.24370231 
5.33669923e+00 -2.97299779 -2.76234268 -2.31978635 -1.65965809 -1.24370231 
4.32876128e+00 -2.97299779 -2.76234268 -2.31978635 -1.65965809 -1.24370231 
3.51119173e+00 -2.97299779 -2.76234268 -2.31978635 -1.65965809 -1.24370231 
2.84803587e+00 -2.97299779 -2.76234268 -2.31978635 -1.65965809 -1.24370231 
2.31012970e+00 -2.97299779 -2.76234268 -2.31978635 -1.65965809 -1.24370231 
1.87381742e+00 -2.97299779 -2.76234268 -2.31978635 -1.65965809 -1.24370231 
1.51991108e+00 -2.97299779 -2.76234268 -2.31978635 -1.65965809 -1.24370231 
1.23284674e+00 -2.97299779 -2.76234268 -2.31978635 -1.65965809 -1.24370231 
1.00000000e+00 -2.97299779 -2.76234268 -2.31978635 -1.65965809 -1.24370231 
8.11130831e-01 -2.97299779 -2.76234268 -2.31978635 -1.65965809 -1.24370231 
6.57933225e-01 -2.97299779 -2.76234268 -2.31978635 -1.65965809 -1.24370231 
5.33669923e-01 -2.97299779 -2.76234268 -2.31978635 -1.65965809 -1.24370231 
4.32876128e-01 -2.97299779 -2.76234268 -2.31978635 -1.65965809 -1.24370231 
3.51119173e-01 -2.97299779 -2.76234268 -2.31978635 -1.65965809 -1.24370231 
2.84803587e-01 -2.97299779 -2.76234268 -2.31978635 -1.65965809 -1.24370231 
2.31012970e-01 -2.97299779 -2.76234268 -2.31978635 -1.65965809 -1.24370231 
1.87381742e-01 -2.97299779 -2.76234268 -2.31978635 -1.65965809 -1.24370231 
1.51991108e-01 -2.97299779 -2.76234268 -2.31978635 -1.65965809 -1.24370231 
1.23284674e-01 -2.97299779 -2.76234268 -2.31978635 -1.65965809 -1.24370231 
1.00000000e-01 -2.97299779 -2.76234268 -2.31978635 -1.65965809 -1.24370231 
8.11130831e-02 -2.97299779 -2.76234268 -2.31978635 -1.65965809 -1.24370231 
6.57933225e-02 -2.97299779 -2.76234268 -2.31978635 -1.65965809 -1.24370231 
5.33669923e-02 -2.97299779 -2.76234268 -2.31978635 -1.65965809 -1.24370231 
4.32876128e-02 -2.97299779 -2.76234268 -2.31978635 -1.65965809 -1.24370231 
3.51119173e-02 -2.97299779 -2.76234268 -2.31978635 -1.65965809 -1.24370231 
2.84803587e-02 -2.97299779 -2.76234268 -2.31978635 -1.65965809 -1.24370231 
2.31012970e-02 -2.97299779 -2.76234268 -2.31978635 -1.65965809 -1.24370231 
1.87381742e-02 -2.97299779 -2.76234268 -2.31978635 -1.65965809 -1.24370231 
1.51991108e-02 -2.97299779 -2.76234268 -2.31978635 -1.65965809 -1.24370231 
1.23284674e-02 -2.97299779 -2.76234268 -2.31978635 -1.65965809 -1.24370231 
1.00000000e-02 -2.97299779 -2.76234268 -2.31978635 -1.65965809 -1.24370231 
8.11130831e-03 -2.97299779 -2.76234268 -2.31978635 -1.65965809 -1.24370231 
6.57933225e-03 -2.97299779 -2.76234268 -2.31978635 -1.65965809 -1.24370231 
5.33669923e-03 -2.97299779 -2.76234268 -2.31978635 -1.65965809 -1.24370231 
4.32876128e-03 -2.97299779 -2.76234268 -2.31978635 -1.65965809 -1.24370231 
3.51119173e-03 -2.97299779 -2.76234268 -2.31978635 -1.65965809 -1.24370231 
2.84803587e-03 -2.97299779 -2.76234268 -2.31978635 -1.65965809 -1.24370231 
2.31012970e-03 -2.97299779 -2.76234268 -2.31978635 -1.65965809 -1.24370231 
1.87381742e-03 -2.97299779 -2.76234268 -2.31978635 -1.65965809 -1.24370231 
1.51991108e-03 -2.97299779 -2.76234268 -2.31978635 -1.65965809 -1.24370231 
1.23284674e-03 -2.97299779 -2.76234268 -2.31978635 -1.65965809 -1.24370231 
1.00000000e-03 -2.97299779 -2.76234268 -2.31978635 -1.65965809 -1.24370231 
8.11130831e-04 -2.97299779 -2.76234268 -2.31978635 -1.65965809 -1.24370231 
6.57933225e-04 -2.97299779 -2.76234268 -2.31978635 -1.65965809 -1.24370231 
5.33669923e-04 -2.97299779 -2.76234268 -2.31978635 -1.65965809 -1.24370231 
4.32876128e-04 -2.97299779 -2.76234268 -2.31978635 -1.65965809 -1.24370231 
3.51119173e-04 -2.97299779 -2.76234268 -2.31978635 -1.65965809 -1.24370231 
2.84803587e-04 -2.97299779 -2.76234268 -2.31978635 -1.65965809 -1.24370231 
2.31012970e-04 -2.97299779 -2.76234268 -2.31978635 -1.65965809 -1.24370231 
1.87381742e-04 -2.97299779 -2.76234268 -2.31978635 -1.65965809 -1.24370231 
1.51991108e-04 -2.97299779 -2.76234268 -2.31978635 -1.65965809 -1.24370231 
1.23284674e-04 -2.97299779 -2.76234268 -2.31978635 -1.65965809 -1.24370231 
1.00000000e-04 -2.97299779 -2.76234268 -2.31978635 -1.65965809 -1.24370231 
8.11130831e-05 -2.97299779 -2.76234268 -2.31978635 -1.65965809 -1.24370231 
6.57933225e-05 -2.97299779 -2.76234268 -2.31978635 -1.65965809 -1.24370231 
5.33669923e-05 -2.97299779 -2.76234268 -2.31978635 -1.65965809 -1.24370231 
4.32876128e-05 -2.97299779 -2.76234268 -2.31978635 -1.65965809 -1.24370231 
3.51119173e-05 -2.97299779 -2.76234268 -2.31978635 -1.65965809 -1.24370231 
2.84803587e-05 -2.97299779 -2.76234268 -2.31978635 -1.65965809 -1.24370231 
2.31012970e-05 -2.97299779 -2.76234268 -2.31978635 -1.65965809 -1.24370231 
1.87381742e-05 -2.97299779 -2.76234268 -2.31978635 -1.65965809 -1.24370231 
1.51991108e-05 -2.97299779 -2.76234268 -2.31978635 -1.65965809 -1.24370231 
1.23284674e-05 -2.97299779 -2.76234268 -2.31978635 -1.65965809 -1.24370231 
1.00000000e-05 -2.97299779 -2.76234268 -2.31978635 -1.65965809 -1.24370231 
8.11130831e-06 -2.97299779 -2.76234268 -2.31978635 -1.65965809 -1.24370231 
6.57933225e-06 -2.97299779 -2.76234268 -2.31978635 -1.65965809 -1.24370231 
5.33669923e-06 -2.97299779 -2.76234268 -2.31978635 -1.65965809 -1.24370231 
4.32876128e-06 -2.97299779 -2.76234268 -2.31978635 -1.65965809 -1.24370231 
3.51119173e-06 -2.97299779 -2.76234268 -2.31978635 -1.65965809 -1.24370231 
2.84803587e-06 -2.97299779 -2.76234268 -2.31978635 -1.65965809 -1.24370231 
2.31012970e-06 -2.97299779 -2.76234268 -2.31978635 -1.65965809 -1.24370231 
1.87381742e-06 -2.97299779 -2.76234268 -2.31978635 -1.65965809 -1.24370231 
1.51991108e-06 -2.97299779 -2.76234268 -2.31978635 -1.65965809 -1.24370231 
1.23284674e-06 -2.97299779 -2.76234268 -2.31978635 -1.65965809 -1.24370231 
1.00000000e-06 -2.97299779 -2.76234268 -2.31978635 -1.65965809 -1.24370231 
8.11130831e-07 -2.97299779 -2.76234268 -2.31978635 -1.65965809 -1.24370231 
6.57933225e-07 -2.97299779 -2.76234268 -2.31978635 -1.65965809 -1.24370231 
5.33669923e-07 -2.97299779 -2.76234268 -2.31978635 -1.65965809 -1.24370231 
4.32876128e-07 -2.97299779 -2.76234268 -2.31978635 -1.65965809 -1.24370231 
3.51119173e-07 -2.97299779 -2.76234268 -2.31978635 -1.65965809 -1.24370231 
2.84803587e-07 -2.97299779 -2.76234268 -2.31978635 -1.65965809 -1.24370231 
2.31012970e-07 -2.97299779 -2.76234268 -2.31978635 -1.65965809 -1.24370231 
1.87381742e-07 -2.97299779 -2.76234268 -2.31978635 -1.65965809 -1.24370231 
1.51991108e-07 -2.97299779 -2.76234268 -2.31978635 -1.65965809 -1.24370231 
1.23284674e-07 -2.97299779 -2.76234268 -2.31978635 -1.65965809 -1.24370231 
1.00000000e-07 -2.97299779 -2.76234268 -2.31978635 -1.65965809 -1.24370231 
P (bar) | log_Na: -2σ | log_Na: -1σ | log_Na: median | log_Na: +1σ | log_Na: +2σ 
1.00000000e+02 -4.62935217 -4.37736711 -4.20746544 -4.07598642 -4.01260038 
8.11130831e+01 -4.62935217 -4.37736711 -4.20746544 -4.07598642 -4.01260038 
6.57933225e+01 -4.62935217 -4.37736711 -4.20746544 -4.07598642 -4.01260038 
5.33669923e+01 -4.62935217 -4.37736711 -4.20746544 -4.07598642 -4.01260038 
4.32876128e+01 -4.62935217 -4.37736711 -4.20746544 -4.07598642 -4.01260038 
3.51119173e+01 -4.62935217 -4.37736711 -4.20746544 -4.07598642 -4.01260038 
2.84803587e+01 -4.62935217 -4.37736711 -4.20746544 -4.07598642 -4.01260038 
2.31012970e+01 -4.62935217 -4.37736711 -4.20746544 -4.07598642 -4.01260038 
1.87381742e+01 -4.62935217 -4.37736711 -4.20746544 -4.07598642 -4.01260038 
1.51991108e+01 -4.62935217 -4.37736711 -4.20746544 -4.07598642 -4.01260038 
1.23284674e+01 -4.62935217 -4.37736711 -4.20746544 -4.07598642 -4.01260038 
1.00000000e+01 -4.62935217 -4.37736711 -4.20746544 -4.07598642 -4.01260038 
8.11130831e+00 -4.62935217 -4.37736711 -4.20746544 -4.07598642 -4.01260038 
6.57933225e+00 -4.62935217 -4.37736711 -4.20746544 -4.07598642 -4.01260038 
5.33669923e+00 -4.62935217 -4.37736711 -4.20746544 -4.07598642 -4.01260038 
4.32876128e+00 -4.62935217 -4.37736711 -4.20746544 -4.07598642 -4.01260038 
3.51119173e+00 -4.62935217 -4.37736711 -4.20746544 -4.07598642 -4.01260038 
2.84803587e+00 -4.62935217 -4.37736711 -4.20746544 -4.07598642 -4.01260038 
2.31012970e+00 -4.62935217 -4.37736711 -4.20746544 -4.07598642 -4.01260038 
1.87381742e+00 -4.62935217 -4.37736711 -4.20746544 -4.07598642 -4.01260038 
1.51991108e+00 -4.62935217 -4.37736711 -4.20746544 -4.07598642 -4.01260038 
1.23284674e+00 -4.62935217 -4.37736711 -4.20746544 -4.07598642 -4.01260038 
1.00000000e+00 -4.62935217 -4.37736711 -4.20746544 -4.07598642 -4.01260038 
8.11130831e-01 -4.62935217 -4.37736711 -4.20746544 -4.07598642 -4.01260038 
6.57933225e-01 -4.62935217 -4.37736711 -4.20746544 -4.07598642 -4.01260038 
5.33669923e-01 -4.62935217 -4.37736711 -4.20746544 -4.07598642 -4.01260038 
4.32876128e-01 -4.62935217 -4.37736711 -4.20746544 -4.07598642 -4.01260038 
3.51119173e-01 -4.62935217 -4.37736711 -4.20746544 -4.07598642 -4.01260038 
2.84803587e-01 -4.62935217 -4.37736711 -4.20746544 -4.07598642 -4.01260038 
2.31012970e-01 -4.62935217 -4.37736711 -4.20746544 -4.07598642 -4.01260038 
1.87381742e-01 -4.62935217 -4.37736711 -4.20746544 -4.07598642 -4.01260038 
1.51991108e-01 -4.62935217 -4.37736711 -4.20746544 -4.07598642 -4.01260038 
1.23284674e-01 -4.62935217 -4.37736711 -4.20746544 -4.07598642 -4.01260038 
1.00000000e-01 -4.62935217 -4.37736711 -4.20746544 -4.07598642 -4.01260038 
8.11130831e-02 -4.62935217 -4.37736711 -4.20746544 -4.07598642 -4.01260038 
6.57933225e-02 -4.62935217 -4.37736711 -4.20746544 -4.07598642 -4.01260038 
5.33669923e-02 -4.62935217 -4.37736711 -4.20746544 -4.07598642 -4.01260038 
4.32876128e-02 -4.62935217 -4.37736711 -4.20746544 -4.07598642 -4.01260038 
3.51119173e-02 -4.62935217 -4.37736711 -4.20746544 -4.07598642 -4.01260038 
2.84803587e-02 -4.62935217 -4.37736711 -4.20746544 -4.07598642 -4.01260038 
2.31012970e-02 -4.62935217 -4.37736711 -4.20746544 -4.07598642 -4.01260038 
1.87381742e-02 -4.62935217 -4.37736711 -4.20746544 -4.07598642 -4.01260038 
1.51991108e-02 -4.62935217 -4.37736711 -4.20746544 -4.07598642 -4.01260038 
1.23284674e-02 -4.62935217 -4.37736711 -4.20746544 -4.07598642 -4.01260038 
1.00000000e-02 -4.62935217 -4.37736711 -4.20746544 -4.07598642 -4.01260038 
8.11130831e-03 -4.62935217 -4.37736711 -4.20746544 -4.07598642 -4.01260038 
6.57933225e-03 -4.62935217 -4.37736711 -4.20746544 -4.07598642 -4.01260038 
5.33669923e-03 -4.62935217 -4.37736711 -4.20746544 -4.07598642 -4.01260038 
4.32876128e-03 -4.62935217 -4.37736711 -4.20746544 -4.07598642 -4.01260038 
3.51119173e-03 -4.62935217 -4.37736711 -4.20746544 -4.07598642 -4.01260038 
2.84803587e-03 -4.62935217 -4.37736711 -4.20746544 -4.07598642 -4.01260038 
2.31012970e-03 -4.62935217 -4.37736711 -4.20746544 -4.07598642 -4.01260038 
1.87381742e-03 -4.62935217 -4.37736711 -4.20746544 -4.07598642 -4.01260038 
1.51991108e-03 -4.62935217 -4.37736711 -4.20746544 -4.07598642 -4.01260038 
1.23284674e-03 -4.62935217 -4.37736711 -4.20746544 -4.07598642 -4.01260038 
1.00000000e-03 -4.62935217 -4.37736711 -4.20746544 -4.07598642 -4.01260038 
8.11130831e-04 -4.62935217 -4.37736711 -4.20746544 -4.07598642 -4.01260038 
6.57933225e-04 -4.62935217 -4.37736711 -4.20746544 -4.07598642 -4.01260038 
5.33669923e-04 -4.62935217 -4.37736711 -4.20746544 -4.07598642 -4.01260038 
4.32876128e-04 -4.62935217 -4.37736711 -4.20746544 -4.07598642 -4.01260038 
3.51119173e-04 -4.62935217 -4.37736711 -4.20746544 -4.07598642 -4.01260038 
2.84803587e-04 -4.62935217 -4.37736711 -4.20746544 -4.07598642 -4.01260038 
2.31012970e-04 -4.62935217 -4.37736711 -4.20746544 -4.07598642 -4.01260038 
1.87381742e-04 -4.62935217 -4.37736711 -4.20746544 -4.07598642 -4.01260038 
1.51991108e-04 -4.62935217 -4.37736711 -4.20746544 -4.07598642 -4.01260038 
1.23284674e-04 -4.62935217 -4.37736711 -4.20746544 -4.07598642 -4.01260038 
1.00000000e-04 -4.62935217 -4.37736711 -4.20746544 -4.07598642 -4.01260038 
8.11130831e-05 -4.62935217 -4.37736711 -4.20746544 -4.07598642 -4.01260038 
6.57933225e-05 -4.62935217 -4.37736711 -4.20746544 -4.07598642 -4.01260038 
5.33669923e-05 -4.62935217 -4.37736711 -4.20746544 -4.07598642 -4.01260038 
4.32876128e-05 -4.62935217 -4.37736711 -4.20746544 -4.07598642 -4.01260038 
3.51119173e-05 -4.62935217 -4.37736711 -4.20746544 -4.07598642 -4.01260038 
2.84803587e-05 -4.62935217 -4.37736711 -4.20746544 -4.07598642 -4.01260038 
2.31012970e-05 -4.62935217 -4.37736711 -4.20746544 -4.07598642 -4.01260038 
1.87381742e-05 -4.62935217 -4.37736711 -4.20746544 -4.07598642 -4.01260038 
1.51991108e-05 -4.62935217 -4.37736711 -4.20746544 -4.07598642 -4.01260038 
1.23284674e-05 -4.62935217 -4.37736711 -4.20746544 -4.07598642 -4.01260038 
1.00000000e-05 -4.62935217 -4.37736711 -4.20746544 -4.07598642 -4.01260038 
8.11130831e-06 -4.62935217 -4.37736711 -4.20746544 -4.07598642 -4.01260038 
6.57933225e-06 -4.62935217 -4.37736711 -4.20746544 -4.07598642 -4.01260038 
5.33669923e-06 -4.62935217 -4.37736711 -4.20746544 -4.07598642 -4.01260038 
4.32876128e-06 -4.62935217 -4.37736711 -4.20746544 -4.07598642 -4.01260038 
3.51119173e-06 -4.62935217 -4.37736711 -4.20746544 -4.07598642 -4.01260038 
2.84803587e-06 -4.62935217 -4.37736711 -4.20746544 -4.07598642 -4.01260038 
2.31012970e-06 -4.62935217 -4.37736711 -4.20746544 -4.07598642 -4.01260038 
1.87381742e-06 -4.62935217 -4.37736711 -4.20746544 -4.07598642 -4.01260038 
1.51991108e-06 -4.62935217 -4.37736711 -4.20746544 -4.07598642 -4.01260038 
1.23284674e-06 -4.62935217 -4.37736711 -4.20746544 -4.07598642 -4.01260038 
1.00000000e-06 -4.62935217 -4.37736711 -4.20746544 -4.07598642 -4.01260038 
8.11130831e-07 -4.62935217 -4.37736711 -4.20746544 -4.07598642 -4.01260038 
6.57933225e-07 -4.62935217 -4.37736711 -4.20746544 -4.07598642 -4.01260038 
5.33669923e-07 -4.62935217 -4.37736711 -4.20746544 -4.07598642 -4.01260038 
4.32876128e-07 -4.62935217 -4.37736711 -4.20746544 -4.07598642 -4.01260038 
3.51119173e-07 -4.62935217 -4.37736711 -4.20746544 -4.07598642 -4.01260038 
2.84803587e-07 -4.62935217 -4.37736711 -4.20746544 -4.07598642 -4.01260038 
2.31012970e-07 -4.62935217 -4.37736711 -4.20746544 -4.07598642 -4.01260038 
1.87381742e-07 -4.62935217 -4.37736711 -4.20746544 -4.07598642 -4.01260038 
1.51991108e-07 -4.62935217 -4.37736711 -4.20746544 -4.07598642 -4.01260038 
1.23284674e-07 -4.62935217 -4.37736711 -4.20746544 -4.07598642 -4.01260038 
1.00000000e-07 -4.62935217 -4.37736711 -4.20746544 -4.07598642 -4.01260038 
P (bar) | log_CH4: -2σ | log_CH4: -1σ | log_CH4: median | log_CH4: +1σ | log_CH4: +2σ 
1.00000000e+02 -8.83137177 -8.07492303 -6.77043491 -5.91319085 -5.59525088 
8.11130831e+01 -8.83137177 -8.07492303 -6.77043491 -5.91319085 -5.59525088 
6.57933225e+01 -8.83137177 -8.07492303 -6.77043491 -5.91319085 -5.59525088 
5.33669923e+01 -8.83137177 -8.07492303 -6.77043491 -5.91319085 -5.59525088 
4.32876128e+01 -8.83137177 -8.07492303 -6.77043491 -5.91319085 -5.59525088 
3.51119173e+01 -8.83137177 -8.07492303 -6.77043491 -5.91319085 -5.59525088 
2.84803587e+01 -8.83137177 -8.07492303 -6.77043491 -5.91319085 -5.59525088 
2.31012970e+01 -8.83137177 -8.07492303 -6.77043491 -5.91319085 -5.59525088 
1.87381742e+01 -8.83137177 -8.07492303 -6.77043491 -5.91319085 -5.59525088 
1.51991108e+01 -8.83137177 -8.07492303 -6.77043491 -5.91319085 -5.59525088 
1.23284674e+01 -8.83137177 -8.07492303 -6.77043491 -5.91319085 -5.59525088 
1.00000000e+01 -8.83137177 -8.07492303 -6.77043491 -5.91319085 -5.59525088 
8.11130831e+00 -8.83137177 -8.07492303 -6.77043491 -5.91319085 -5.59525088 
6.57933225e+00 -8.83137177 -8.07492303 -6.77043491 -5.91319085 -5.59525088 
5.33669923e+00 -8.83137177 -8.07492303 -6.77043491 -5.91319085 -5.59525088 
4.32876128e+00 -8.83137177 -8.07492303 -6.77043491 -5.91319085 -5.59525088 
3.51119173e+00 -8.83137177 -8.07492303 -6.77043491 -5.91319085 -5.59525088 
2.84803587e+00 -8.83137177 -8.07492303 -6.77043491 -5.91319085 -5.59525088 
2.31012970e+00 -8.83137177 -8.07492303 -6.77043491 -5.91319085 -5.59525088 
1.87381742e+00 -8.83137177 -8.07492303 -6.77043491 -5.91319085 -5.59525088 
1.51991108e+00 -8.83137177 -8.07492303 -6.77043491 -5.91319085 -5.59525088 
1.23284674e+00 -8.83137177 -8.07492303 -6.77043491 -5.91319085 -5.59525088 
1.00000000e+00 -8.83137177 -8.07492303 -6.77043491 -5.91319085 -5.59525088 
8.11130831e-01 -8.83137177 -8.07492303 -6.77043491 -5.91319085 -5.59525088 
6.57933225e-01 -8.83137177 -8.07492303 -6.77043491 -5.91319085 -5.59525088 
5.33669923e-01 -8.83137177 -8.07492303 -6.77043491 -5.91319085 -5.59525088 
4.32876128e-01 -8.83137177 -8.07492303 -6.77043491 -5.91319085 -5.59525088 
3.51119173e-01 -8.83137177 -8.07492303 -6.77043491 -5.91319085 -5.59525088 
2.84803587e-01 -8.83137177 -8.07492303 -6.77043491 -5.91319085 -5.59525088 
2.31012970e-01 -8.83137177 -8.07492303 -6.77043491 -5.91319085 -5.59525088 
1.87381742e-01 -8.83137177 -8.07492303 -6.77043491 -5.91319085 -5.59525088 
1.51991108e-01 -8.83137177 -8.07492303 -6.77043491 -5.91319085 -5.59525088 
1.23284674e-01 -8.83137177 -8.07492303 -6.77043491 -5.91319085 -5.59525088 
1.00000000e-01 -8.83137177 -8.07492303 -6.77043491 -5.91319085 -5.59525088 
8.11130831e-02 -8.83137177 -8.07492303 -6.77043491 -5.91319085 -5.59525088 
6.57933225e-02 -8.83137177 -8.07492303 -6.77043491 -5.91319085 -5.59525088 
5.33669923e-02 -8.83137177 -8.07492303 -6.77043491 -5.91319085 -5.59525088 
4.32876128e-02 -8.83137177 -8.07492303 -6.77043491 -5.91319085 -5.59525088 
3.51119173e-02 -8.83137177 -8.07492303 -6.77043491 -5.91319085 -5.59525088 
2.84803587e-02 -8.83137177 -8.07492303 -6.77043491 -5.91319085 -5.59525088 
2.31012970e-02 -8.83137177 -8.07492303 -6.77043491 -5.91319085 -5.59525088 
1.87381742e-02 -8.83137177 -8.07492303 -6.77043491 -5.91319085 -5.59525088 
1.51991108e-02 -8.83137177 -8.07492303 -6.77043491 -5.91319085 -5.59525088 
1.23284674e-02 -8.83137177 -8.07492303 -6.77043491 -5.91319085 -5.59525088 
1.00000000e-02 -8.83137177 -8.07492303 -6.77043491 -5.91319085 -5.59525088 
8.11130831e-03 -8.83137177 -8.07492303 -6.77043491 -5.91319085 -5.59525088 
6.57933225e-03 -8.83137177 -8.07492303 -6.77043491 -5.91319085 -5.59525088 
5.33669923e-03 -8.83137177 -8.07492303 -6.77043491 -5.91319085 -5.59525088 
4.32876128e-03 -8.83137177 -8.07492303 -6.77043491 -5.91319085 -5.59525088 
3.51119173e-03 -8.83137177 -8.07492303 -6.77043491 -5.91319085 -5.59525088 
2.84803587e-03 -8.83137177 -8.07492303 -6.77043491 -5.91319085 -5.59525088 
2.31012970e-03 -8.83137177 -8.07492303 -6.77043491 -5.91319085 -5.59525088 
1.87381742e-03 -8.83137177 -8.07492303 -6.77043491 -5.91319085 -5.59525088 
1.51991108e-03 -8.83137177 -8.07492303 -6.77043491 -5.91319085 -5.59525088 
1.23284674e-03 -8.83137177 -8.07492303 -6.77043491 -5.91319085 -5.59525088 
1.00000000e-03 -8.83137177 -8.07492303 -6.77043491 -5.91319085 -5.59525088 
8.11130831e-04 -8.83137177 -8.07492303 -6.77043491 -5.91319085 -5.59525088 
6.57933225e-04 -8.83137177 -8.07492303 -6.77043491 -5.91319085 -5.59525088 
5.33669923e-04 -8.83137177 -8.07492303 -6.77043491 -5.91319085 -5.59525088 
4.32876128e-04 -8.83137177 -8.07492303 -6.77043491 -5.91319085 -5.59525088 
3.51119173e-04 -8.83137177 -8.07492303 -6.77043491 -5.91319085 -5.59525088 
2.84803587e-04 -8.83137177 -8.07492303 -6.77043491 -5.91319085 -5.59525088 
2.31012970e-04 -8.83137177 -8.07492303 -6.77043491 -5.91319085 -5.59525088 
1.87381742e-04 -8.83137177 -8.07492303 -6.77043491 -5.91319085 -5.59525088 
1.51991108e-04 -8.83137177 -8.07492303 -6.77043491 -5.91319085 -5.59525088 
1.23284674e-04 -8.83137177 -8.07492303 -6.77043491 -5.91319085 -5.59525088 
1.00000000e-04 -8.83137177 -8.07492303 -6.77043491 -5.91319085 -5.59525088 
8.11130831e-05 -8.83137177 -8.07492303 -6.77043491 -5.91319085 -5.59525088 
6.57933225e-05 -8.83137177 -8.07492303 -6.77043491 -5.91319085 -5.59525088 
5.33669923e-05 -8.83137177 -8.07492303 -6.77043491 -5.91319085 -5.59525088 
4.32876128e-05 -8.83137177 -8.07492303 -6.77043491 -5.91319085 -5.59525088 
3.51119173e-05 -8.83137177 -8.07492303 -6.77043491 -5.91319085 -5.59525088 
2.84803587e-05 -8.83137177 -8.07492303 -6.77043491 -5.91319085 -5.59525088 
2.31012970e-05 -8.83137177 -8.07492303 -6.77043491 -5.91319085 -5.59525088 
1.87381742e-05 -8.83137177 -8.07492303 -6.77043491 -5.91319085 -5.59525088 
1.51991108e-05 -8.83137177 -8.07492303 -6.77043491 -5.91319085 -5.59525088 
1.23284674e-05 -8.83137177 -8.07492303 -6.77043491 -5.91319085 -5.59525088 
1.00000000e-05 -8.83137177 -8.07492303 -6.77043491 -5.91319085 -5.59525088 
8.11130831e-06 -8.83137177 -8.07492303 -6.77043491 -5.91319085 -5.59525088 
6.57933225e-06 -8.83137177 -8.07492303 -6.77043491 -5.91319085 -5.59525088 
5.33669923e-06 -8.83137177 -8.07492303 -6.77043491 -5.91319085 -5.59525088 
4.32876128e-06 -8.83137177 -8.07492303 -6.77043491 -5.91319085 -5.59525088 
3.51119173e-06 -8.83137177 -8.07492303 -6.77043491 -5.91319085 -5.59525088 
2.84803587e-06 -8.83137177 -8.07492303 -6.77043491 -5.91319085 -5.59525088 
2.31012970e-06 -8.83137177 -8.07492303 -6.77043491 -5.91319085 -5.59525088 
1.87381742e-06 -8.83137177 -8.07492303 -6.77043491 -5.91319085 -5.59525088 
1.51991108e-06 -8.83137177 -8.07492303 -6.77043491 -5.91319085 -5.59525088 
1.23284674e-06 -8.83137177 -8.07492303 -6.77043491 -5.91319085 -5.59525088 
1.00000000e-06 -8.83137177 -8.07492303 -6.77043491 -5.91319085 -5.59525088 
8.11130831e-07 -8.83137177 -8.07492303 -6.77043491 -5.91319085 -5.59525088 
6.57933225e-07 -8.83137177 -8.07492303 -6.77043491 -5.91319085 -5.59525088 
5.33669923e-07 -8.83137177 -8.07492303 -6.77043491 -5.91319085 -5.59525088 
4.32876128e-07 -8.83137177 -8.07492303 -6.77043491 -5.91319085 -5.59525088 
3.51119173e-07 -8.83137177 -8.07492303 -6.77043491 -5.91319085 -5.59525088 
2.84803587e-07 -8.83137177 -8.07492303 -6.77043491 -5.91319085 -5.59525088 
2.31012970e-07 -8.83137177 -8.07492303 -6.77043491 -5.91319085 -5.59525088 
1.87381742e-07 -8.83137177 -8.07492303 -6.77043491 -5.91319085 -5.59525088 
1.51991108e-07 -8.83137177 -8.07492303 -6.77043491 -5.91319085 -5.59525088 
1.23284674e-07 -8.83137177 -8.07492303 -6.77043491 -5.91319085 -5.59525088 
1.00000000e-07 -8.83137177 -8.07492303 -6.77043491 -5.91319085 -5.59525088 
P (bar) | log_H2S: -2σ | log_H2S: -1σ | log_H2S: median | log_H2S: +1σ | log_H2S: +2σ 
1.00000000e+02 -6.94055314 -6.62508236 -5.90437147 -4.98057070 -4.32452846 
8.11130831e+01 -6.94055314 -6.62508236 -5.90437147 -4.98057070 -4.32452846 
6.57933225e+01 -6.94055314 -6.62508236 -5.90437147 -4.98057070 -4.32452846 
5.33669923e+01 -6.94055314 -6.62508236 -5.90437147 -4.98057070 -4.32452846 
4.32876128e+01 -6.94055314 -6.62508236 -5.90437147 -4.98057070 -4.32452846 
3.51119173e+01 -6.94055314 -6.62508236 -5.90437147 -4.98057070 -4.32452846 
2.84803587e+01 -6.94055314 -6.62508236 -5.90437147 -4.98057070 -4.32452846 
2.31012970e+01 -6.94055314 -6.62508236 -5.90437147 -4.98057070 -4.32452846 
1.87381742e+01 -6.94055314 -6.62508236 -5.90437147 -4.98057070 -4.32452846 
1.51991108e+01 -6.94055314 -6.62508236 -5.90437147 -4.98057070 -4.32452846 
1.23284674e+01 -6.94055314 -6.62508236 -5.90437147 -4.98057070 -4.32452846 
1.00000000e+01 -6.94055314 -6.62508236 -5.90437147 -4.98057070 -4.32452846 
8.11130831e+00 -6.94055314 -6.62508236 -5.90437147 -4.98057070 -4.32452846 
6.57933225e+00 -6.94055314 -6.62508236 -5.90437147 -4.98057070 -4.32452846 
5.33669923e+00 -6.94055314 -6.62508236 -5.90437147 -4.98057070 -4.32452846 
4.32876128e+00 -6.94055314 -6.62508236 -5.90437147 -4.98057070 -4.32452846 
3.51119173e+00 -6.94055314 -6.62508236 -5.90437147 -4.98057070 -4.32452846 
2.84803587e+00 -6.94055314 -6.62508236 -5.90437147 -4.98057070 -4.32452846 
2.31012970e+00 -6.94055314 -6.62508236 -5.90437147 -4.98057070 -4.32452846 
1.87381742e+00 -6.94055314 -6.62508236 -5.90437147 -4.98057070 -4.32452846 
1.51991108e+00 -6.94055314 -6.62508236 -5.90437147 -4.98057070 -4.32452846 
1.23284674e+00 -6.94055314 -6.62508236 -5.90437147 -4.98057070 -4.32452846 
1.00000000e+00 -6.94055314 -6.62508236 -5.90437147 -4.98057070 -4.32452846 
8.11130831e-01 -6.94055314 -6.62508236 -5.90437147 -4.98057070 -4.32452846 
6.57933225e-01 -6.94055314 -6.62508236 -5.90437147 -4.98057070 -4.32452846 
5.33669923e-01 -6.94055314 -6.62508236 -5.90437147 -4.98057070 -4.32452846 
4.32876128e-01 -6.94055314 -6.62508236 -5.90437147 -4.98057070 -4.32452846 
3.51119173e-01 -6.94055314 -6.62508236 -5.90437147 -4.98057070 -4.32452846 
2.84803587e-01 -6.94055314 -6.62508236 -5.90437147 -4.98057070 -4.32452846 
2.31012970e-01 -6.94055314 -6.62508236 -5.90437147 -4.98057070 -4.32452846 
1.87381742e-01 -6.94055314 -6.62508236 -5.90437147 -4.98057070 -4.32452846 
1.51991108e-01 -6.94055314 -6.62508236 -5.90437147 -4.98057070 -4.32452846 
1.23284674e-01 -6.94055314 -6.62508236 -5.90437147 -4.98057070 -4.32452846 
1.00000000e-01 -6.94055314 -6.62508236 -5.90437147 -4.98057070 -4.32452846 
8.11130831e-02 -6.94055314 -6.62508236 -5.90437147 -4.98057070 -4.32452846 
6.57933225e-02 -6.94055314 -6.62508236 -5.90437147 -4.98057070 -4.32452846 
5.33669923e-02 -6.94055314 -6.62508236 -5.90437147 -4.98057070 -4.32452846 
4.32876128e-02 -6.94055314 -6.62508236 -5.90437147 -4.98057070 -4.32452846 
3.51119173e-02 -6.94055314 -6.62508236 -5.90437147 -4.98057070 -4.32452846 
2.84803587e-02 -6.94055314 -6.62508236 -5.90437147 -4.98057070 -4.32452846 
2.31012970e-02 -6.94055314 -6.62508236 -5.90437147 -4.98057070 -4.32452846 
1.87381742e-02 -6.94055314 -6.62508236 -5.90437147 -4.98057070 -4.32452846 
1.51991108e-02 -6.94055314 -6.62508236 -5.90437147 -4.98057070 -4.32452846 
1.23284674e-02 -6.94055314 -6.62508236 -5.90437147 -4.98057070 -4.32452846 
1.00000000e-02 -6.94055314 -6.62508236 -5.90437147 -4.98057070 -4.32452846 
8.11130831e-03 -6.94055314 -6.62508236 -5.90437147 -4.98057070 -4.32452846 
6.57933225e-03 -6.94055314 -6.62508236 -5.90437147 -4.98057070 -4.32452846 
5.33669923e-03 -6.94055314 -6.62508236 -5.90437147 -4.98057070 -4.32452846 
4.32876128e-03 -6.94055314 -6.62508236 -5.90437147 -4.98057070 -4.32452846 
3.51119173e-03 -6.94055314 -6.62508236 -5.90437147 -4.98057070 -4.32452846 
2.84803587e-03 -6.94055314 -6.62508236 -5.90437147 -4.98057070 -4.32452846 
2.31012970e-03 -6.94055314 -6.62508236 -5.90437147 -4.98057070 -4.32452846 
1.87381742e-03 -6.94055314 -6.62508236 -5.90437147 -4.98057070 -4.32452846 
1.51991108e-03 -6.94055314 -6.62508236 -5.90437147 -4.98057070 -4.32452846 
1.23284674e-03 -6.94055314 -6.62508236 -5.90437147 -4.98057070 -4.32452846 
1.00000000e-03 -6.94055314 -6.62508236 -5.90437147 -4.98057070 -4.32452846 
8.11130831e-04 -6.94055314 -6.62508236 -5.90437147 -4.98057070 -4.32452846 
6.57933225e-04 -6.94055314 -6.62508236 -5.90437147 -4.98057070 -4.32452846 
5.33669923e-04 -6.94055314 -6.62508236 -5.90437147 -4.98057070 -4.32452846 
4.32876128e-04 -6.94055314 -6.62508236 -5.90437147 -4.98057070 -4.32452846 
3.51119173e-04 -6.94055314 -6.62508236 -5.90437147 -4.98057070 -4.32452846 
2.84803587e-04 -6.94055314 -6.62508236 -5.90437147 -4.98057070 -4.32452846 
2.31012970e-04 -6.94055314 -6.62508236 -5.90437147 -4.98057070 -4.32452846 
1.87381742e-04 -6.94055314 -6.62508236 -5.90437147 -4.98057070 -4.32452846 
1.51991108e-04 -6.94055314 -6.62508236 -5.90437147 -4.98057070 -4.32452846 
1.23284674e-04 -6.94055314 -6.62508236 -5.90437147 -4.98057070 -4.32452846 
1.00000000e-04 -6.94055314 -6.62508236 -5.90437147 -4.98057070 -4.32452846 
8.11130831e-05 -6.94055314 -6.62508236 -5.90437147 -4.98057070 -4.32452846 
6.57933225e-05 -6.94055314 -6.62508236 -5.90437147 -4.98057070 -4.32452846 
5.33669923e-05 -6.94055314 -6.62508236 -5.90437147 -4.98057070 -4.32452846 
4.32876128e-05 -6.94055314 -6.62508236 -5.90437147 -4.98057070 -4.32452846 
3.51119173e-05 -6.94055314 -6.62508236 -5.90437147 -4.98057070 -4.32452846 
2.84803587e-05 -6.94055314 -6.62508236 -5.90437147 -4.98057070 -4.32452846 
2.31012970e-05 -6.94055314 -6.62508236 -5.90437147 -4.98057070 -4.32452846 
1.87381742e-05 -6.94055314 -6.62508236 -5.90437147 -4.98057070 -4.32452846 
1.51991108e-05 -6.94055314 -6.62508236 -5.90437147 -4.98057070 -4.32452846 
1.23284674e-05 -6.94055314 -6.62508236 -5.90437147 -4.98057070 -4.32452846 
1.00000000e-05 -6.94055314 -6.62508236 -5.90437147 -4.98057070 -4.32452846 
8.11130831e-06 -6.94055314 -6.62508236 -5.90437147 -4.98057070 -4.32452846 
6.57933225e-06 -6.94055314 -6.62508236 -5.90437147 -4.98057070 -4.32452846 
5.33669923e-06 -6.94055314 -6.62508236 -5.90437147 -4.98057070 -4.32452846 
4.32876128e-06 -6.94055314 -6.62508236 -5.90437147 -4.98057070 -4.32452846 
3.51119173e-06 -6.94055314 -6.62508236 -5.90437147 -4.98057070 -4.32452846 
2.84803587e-06 -6.94055314 -6.62508236 -5.90437147 -4.98057070 -4.32452846 
2.31012970e-06 -6.94055314 -6.62508236 -5.90437147 -4.98057070 -4.32452846 
1.87381742e-06 -6.94055314 -6.62508236 -5.90437147 -4.98057070 -4.32452846 
1.51991108e-06 -6.94055314 -6.62508236 -5.90437147 -4.98057070 -4.32452846 
1.23284674e-06 -6.94055314 -6.62508236 -5.90437147 -4.98057070 -4.32452846 
1.00000000e-06 -6.94055314 -6.62508236 -5.90437147 -4.98057070 -4.32452846 
8.11130831e-07 -6.94055314 -6.62508236 -5.90437147 -4.98057070 -4.32452846 
6.57933225e-07 -6.94055314 -6.62508236 -5.90437147 -4.98057070 -4.32452846 
5.33669923e-07 -6.94055314 -6.62508236 -5.90437147 -4.98057070 -4.32452846 
4.32876128e-07 -6.94055314 -6.62508236 -5.90437147 -4.98057070 -4.32452846 
3.51119173e-07 -6.94055314 -6.62508236 -5.90437147 -4.98057070 -4.32452846 
2.84803587e-07 -6.94055314 -6.62508236 -5.90437147 -4.98057070 -4.32452846 
2.31012970e-07 -6.94055314 -6.62508236 -5.90437147 -4.98057070 -4.32452846 
1.87381742e-07 -6.94055314 -6.62508236 -5.90437147 -4.98057070 -4.32452846 
1.51991108e-07 -6.94055314 -6.62508236 -5.90437147 -4.98057070 -4.32452846 
1.23284674e-07 -6.94055314 -6.62508236 -5.90437147 -4.98057070 -4.32452846 
1.00000000e-07 -6.94055314 -6.62508236 -5.90437147 -4.98057070 -4.32452846 
