Chemical species: H2 He H2O SO2 K CO Na CH4 H2S
P (bar) | log_H2: -2σ | log_H2: -1σ | log_H2: median | log_H2: +1σ | log_H2: +2σ 
1.00000000e+02 -0.10626656 -0.10200694 -0.09774186 -0.09357389 -0.08958469 
8.11130831e+01 -0.10626656 -0.10200694 -0.09774186 -0.09357389 -0.08958469 
6.57933225e+01 -0.10626656 -0.10200694 -0.09774186 -0.09357389 -0.08958469 
5.33669923e+01 -0.10626656 -0.10200694 -0.09774186 -0.09357389 -0.08958469 
4.32876128e+01 -0.10626656 -0.10200694 -0.09774186 -0.09357389 -0.08958469 
3.51119173e+01 -0.10626656 -0.10200694 -0.09774186 -0.09357389 -0.08958469 
2.84803587e+01 -0.10626656 -0.10200694 -0.09774186 -0.09357389 -0.08958469 
2.31012970e+01 -0.10626656 -0.10200694 -0.09774186 -0.09357389 -0.08958469 
1.87381742e+01 -0.10626656 -0.10200694 -0.09774186 -0.09357389 -0.08958469 
1.51991108e+01 -0.10626656 -0.10200694 -0.09774186 -0.09357389 -0.08958469 
1.23284674e+01 -0.10626656 -0.10200694 -0.09774186 -0.09357389 -0.08958469 
1.00000000e+01 -0.10626656 -0.10200694 -0.09774186 -0.09357389 -0.08958469 
8.11130831e+00 -0.10626656 -0.10200694 -0.09774186 -0.09357389 -0.08958469 
6.57933225e+00 -0.10626656 -0.10200694 -0.09774186 -0.09357389 -0.08958469 
5.33669923e+00 -0.10626656 -0.10200694 -0.09774186 -0.09357389 -0.08958469 
4.32876128e+00 -0.10626656 -0.10200694 -0.09774186 -0.09357389 -0.08958469 
3.51119173e+00 -0.10626656 -0.10200694 -0.09774186 -0.09357389 -0.08958469 
2.84803587e+00 -0.10626656 -0.10200694 -0.09774186 -0.09357389 -0.08958469 
2.31012970e+00 -0.10626656 -0.10200694 -0.09774186 -0.09357389 -0.08958469 
1.87381742e+00 -0.10626656 -0.10200694 -0.09774186 -0.09357389 -0.08958469 
1.51991108e+00 -0.10626656 -0.10200694 -0.09774186 -0.09357389 -0.08958469 
1.23284674e+00 -0.10626656 -0.10200694 -0.09774186 -0.09357389 -0.08958469 
1.00000000e+00 -0.10626656 -0.10200694 -0.09774186 -0.09357389 -0.08958469 
8.11130831e-01 -0.10626656 -0.10200694 -0.09774186 -0.09357389 -0.08958469 
6.57933225e-01 -0.10626656 -0.10200694 -0.09774186 -0.09357389 -0.08958469 
5.33669923e-01 -0.10626656 -0.10200694 -0.09774186 -0.09357389 -0.08958469 
4.32876128e-01 -0.10626656 -0.10200694 -0.09774186 -0.09357389 -0.08958469 
3.51119173e-01 -0.10626656 -0.10200694 -0.09774186 -0.09357389 -0.08958469 
2.84803587e-01 -0.10626656 -0.10200694 -0.09774186 -0.09357389 -0.08958469 
2.31012970e-01 -0.10626656 -0.10200694 -0.09774186 -0.09357389 -0.08958469 
1.87381742e-01 -0.10626656 -0.10200694 -0.09774186 -0.09357389 -0.08958469 
1.51991108e-01 -0.10626656 -0.10200694 -0.09774186 -0.09357389 -0.08958469 
1.23284674e-01 -0.10626656 -0.10200694 -0.09774186 -0.09357389 -0.08958469 
1.00000000e-01 -0.10626656 -0.10200694 -0.09774186 -0.09357389 -0.08958469 
8.11130831e-02 -0.10626656 -0.10200694 -0.09774186 -0.09357389 -0.08958469 
6.57933225e-02 -0.10626656 -0.10200694 -0.09774186 -0.09357389 -0.08958469 
5.33669923e-02 -0.10626656 -0.10200694 -0.09774186 -0.09357389 -0.08958469 
4.32876128e-02 -0.10626656 -0.10200694 -0.09774186 -0.09357389 -0.08958469 
3.51119173e-02 -0.10626656 -0.10200694 -0.09774186 -0.09357389 -0.08958469 
2.84803587e-02 -0.10626656 -0.10200694 -0.09774186 -0.09357389 -0.08958469 
2.31012970e-02 -0.10626656 -0.10200694 -0.09774186 -0.09357389 -0.08958469 
1.87381742e-02 -0.10626656 -0.10200694 -0.09774186 -0.09357389 -0.08958469 
1.51991108e-02 -0.10626656 -0.10200694 -0.09774186 -0.09357389 -0.08958469 
1.23284674e-02 -0.10626656 -0.10200694 -0.09774186 -0.09357389 -0.08958469 
1.00000000e-02 -0.10626656 -0.10200694 -0.09774186 -0.09357389 -0.08958469 
8.11130831e-03 -0.10626656 -0.10200694 -0.09774186 -0.09357389 -0.08958469 
6.57933225e-03 -0.10626656 -0.10200694 -0.09774186 -0.09357389 -0.08958469 
5.33669923e-03 -0.10626656 -0.10200694 -0.09774186 -0.09357389 -0.08958469 
4.32876128e-03 -0.10626656 -0.10200694 -0.09774186 -0.09357389 -0.08958469 
3.51119173e-03 -0.10626656 -0.10200694 -0.09774186 -0.09357389 -0.08958469 
2.84803587e-03 -0.10626656 -0.10200694 -0.09774186 -0.09357389 -0.08958469 
2.31012970e-03 -0.10626656 -0.10200694 -0.09774186 -0.09357389 -0.08958469 
1.87381742e-03 -0.10626656 -0.10200694 -0.09774186 -0.09357389 -0.08958469 
1.51991108e-03 -0.10626656 -0.10200694 -0.09774186 -0.09357389 -0.08958469 
1.23284674e-03 -0.10626656 -0.10200694 -0.09774186 -0.09357389 -0.08958469 
1.00000000e-03 -0.10626656 -0.10200694 -0.09774186 -0.09357389 -0.08958469 
8.11130831e-04 -0.10626656 -0.10200694 -0.09774186 -0.09357389 -0.08958469 
6.57933225e-04 -0.10626656 -0.10200694 -0.09774186 -0.09357389 -0.08958469 
5.33669923e-04 -0.10626656 -0.10200694 -0.09774186 -0.09357389 -0.08958469 
4.32876128e-04 -0.10626656 -0.10200694 -0.09774186 -0.09357389 -0.08958469 
3.51119173e-04 -0.10626656 -0.10200694 -0.09774186 -0.09357389 -0.08958469 
2.84803587e-04 -0.10626656 -0.10200694 -0.09774186 -0.09357389 -0.08958469 
2.31012970e-04 -0.10626656 -0.10200694 -0.09774186 -0.09357389 -0.08958469 
1.87381742e-04 -0.10626656 -0.10200694 -0.09774186 -0.09357389 -0.08958469 
1.51991108e-04 -0.10626656 -0.10200694 -0.09774186 -0.09357389 -0.08958469 
1.23284674e-04 -0.10626656 -0.10200694 -0.09774186 -0.09357389 -0.08958469 
1.00000000e-04 -0.10626656 -0.10200694 -0.09774186 -0.09357389 -0.08958469 
8.11130831e-05 -0.10626656 -0.10200694 -0.09774186 -0.09357389 -0.08958469 
6.57933225e-05 -0.10626656 -0.10200694 -0.09774186 -0.09357389 -0.08958469 
5.33669923e-05 -0.10626656 -0.10200694 -0.09774186 -0.09357389 -0.08958469 
4.32876128e-05 -0.10626656 -0.10200694 -0.09774186 -0.09357389 -0.08958469 
3.51119173e-05 -0.10626656 -0.10200694 -0.09774186 -0.09357389 -0.08958469 
2.84803587e-05 -0.10626656 -0.10200694 -0.09774186 -0.09357389 -0.08958469 
2.31012970e-05 -0.10626656 -0.10200694 -0.09774186 -0.09357389 -0.08958469 
1.87381742e-05 -0.10626656 -0.10200694 -0.09774186 -0.09357389 -0.08958469 
1.51991108e-05 -0.10626656 -0.10200694 -0.09774186 -0.09357389 -0.08958469 
1.23284674e-05 -0.10626656 -0.10200694 -0.09774186 -0.09357389 -0.08958469 
1.00000000e-05 -0.10626656 -0.10200694 -0.09774186 -0.09357389 -0.08958469 
8.11130831e-06 -0.10626656 -0.10200694 -0.09774186 -0.09357389 -0.08958469 
6.57933225e-06 -0.10626656 -0.10200694 -0.09774186 -0.09357389 -0.08958469 
5.33669923e-06 -0.10626656 -0.10200694 -0.09774186 -0.09357389 -0.08958469 
4.32876128e-06 -0.10626656 -0.10200694 -0.09774186 -0.09357389 -0.08958469 
3.51119173e-06 -0.10626656 -0.10200694 -0.09774186 -0.09357389 -0.08958469 
2.84803587e-06 -0.10626656 -0.10200694 -0.09774186 -0.09357389 -0.08958469 
2.31012970e-06 -0.10626656 -0.10200694 -0.09774186 -0.09357389 -0.08958469 
1.87381742e-06 -0.10626656 -0.10200694 -0.09774186 -0.09357389 -0.08958469 
1.51991108e-06 -0.10626656 -0.10200694 -0.09774186 -0.09357389 -0.08958469 
1.23284674e-06 -0.10626656 -0.10200694 -0.09774186 -0.09357389 -0.08958469 
1.00000000e-06 -0.10626656 -0.10200694 -0.09774186 -0.09357389 -0.08958469 
8.11130831e-07 -0.10626656 -0.10200694 -0.09774186 -0.09357389 -0.08958469 
6.57933225e-07 -0.10626656 -0.10200694 -0.09774186 -0.09357389 -0.08958469 
5.33669923e-07 -0.10626656 -0.10200694 -0.09774186 -0.09357389 -0.08958469 
4.32876128e-07 -0.10626656 -0.10200694 -0.09774186 -0.09357389 -0.08958469 
3.51119173e-07 -0.10626656 -0.10200694 -0.09774186 -0.09357389 -0.08958469 
2.84803587e-07 -0.10626656 -0.10200694 -0.09774186 -0.09357389 -0.08958469 
2.31012970e-07 -0.10626656 -0.10200694 -0.09774186 -0.09357389 -0.08958469 
1.87381742e-07 -0.10626656 -0.10200694 -0.09774186 -0.09357389 -0.08958469 
1.51991108e-07 -0.10626656 -0.10200694 -0.09774186 -0.09357389 -0.08958469 
1.23284674e-07 -0.10626656 -0.10200694 -0.09774186 -0.09357389 -0.08958469 
1.00000000e-07 -0.10626656 -0.10200694 -0.09774186 -0.09357389 -0.08958469 
P (bar) | log_He: -2σ | log_He: -1σ | log_He: median | log_He: +1σ | log_He: +2σ 
1.00000000e+02 -0.87581763 -0.87155802 -0.86729294 -0.86312497 -0.85913577 
8.11130831e+01 -0.87581763 -0.87155802 -0.86729294 -0.86312497 -0.85913577 
6.57933225e+01 -0.87581763 -0.87155802 -0.86729294 -0.86312497 -0.85913577 
5.33669923e+01 -0.87581763 -0.87155802 -0.86729294 -0.86312497 -0.85913577 
4.32876128e+01 -0.87581763 -0.87155802 -0.86729294 -0.86312497 -0.85913577 
3.51119173e+01 -0.87581763 -0.87155802 -0.86729294 -0.86312497 -0.85913577 
2.84803587e+01 -0.87581763 -0.87155802 -0.86729294 -0.86312497 -0.85913577 
2.31012970e+01 -0.87581763 -0.87155802 -0.86729294 -0.86312497 -0.85913577 
1.87381742e+01 -0.87581763 -0.87155802 -0.86729294 -0.86312497 -0.85913577 
1.51991108e+01 -0.87581763 -0.87155802 -0.86729294 -0.86312497 -0.85913577 
1.23284674e+01 -0.87581763 -0.87155802 -0.86729294 -0.86312497 -0.85913577 
1.00000000e+01 -0.87581763 -0.87155802 -0.86729294 -0.86312497 -0.85913577 
8.11130831e+00 -0.87581763 -0.87155802 -0.86729294 -0.86312497 -0.85913577 
6.57933225e+00 -0.87581763 -0.87155802 -0.86729294 -0.86312497 -0.85913577 
5.33669923e+00 -0.87581763 -0.87155802 -0.86729294 -0.86312497 -0.85913577 
4.32876128e+00 -0.87581763 -0.87155802 -0.86729294 -0.86312497 -0.85913577 
3.51119173e+00 -0.87581763 -0.87155802 -0.86729294 -0.86312497 -0.85913577 
2.84803587e+00 -0.87581763 -0.87155802 -0.86729294 -0.86312497 -0.85913577 
2.31012970e+00 -0.87581763 -0.87155802 -0.86729294 -0.86312497 -0.85913577 
1.87381742e+00 -0.87581763 -0.87155802 -0.86729294 -0.86312497 -0.85913577 
1.51991108e+00 -0.87581763 -0.87155802 -0.86729294 -0.86312497 -0.85913577 
1.23284674e+00 -0.87581763 -0.87155802 -0.86729294 -0.86312497 -0.85913577 
1.00000000e+00 -0.87581763 -0.87155802 -0.86729294 -0.86312497 -0.85913577 
8.11130831e-01 -0.87581763 -0.87155802 -0.86729294 -0.86312497 -0.85913577 
6.57933225e-01 -0.87581763 -0.87155802 -0.86729294 -0.86312497 -0.85913577 
5.33669923e-01 -0.87581763 -0.87155802 -0.86729294 -0.86312497 -0.85913577 
4.32876128e-01 -0.87581763 -0.87155802 -0.86729294 -0.86312497 -0.85913577 
3.51119173e-01 -0.87581763 -0.87155802 -0.86729294 -0.86312497 -0.85913577 
2.84803587e-01 -0.87581763 -0.87155802 -0.86729294 -0.86312497 -0.85913577 
2.31012970e-01 -0.87581763 -0.87155802 -0.86729294 -0.86312497 -0.85913577 
1.87381742e-01 -0.87581763 -0.87155802 -0.86729294 -0.86312497 -0.85913577 
1.51991108e-01 -0.87581763 -0.87155802 -0.86729294 -0.86312497 -0.85913577 
1.23284674e-01 -0.87581763 -0.87155802 -0.86729294 -0.86312497 -0.85913577 
1.00000000e-01 -0.87581763 -0.87155802 -0.86729294 -0.86312497 -0.85913577 
8.11130831e-02 -0.87581763 -0.87155802 -0.86729294 -0.86312497 -0.85913577 
6.57933225e-02 -0.87581763 -0.87155802 -0.86729294 -0.86312497 -0.85913577 
5.33669923e-02 -0.87581763 -0.87155802 -0.86729294 -0.86312497 -0.85913577 
4.32876128e-02 -0.87581763 -0.87155802 -0.86729294 -0.86312497 -0.85913577 
3.51119173e-02 -0.87581763 -0.87155802 -0.86729294 -0.86312497 -0.85913577 
2.84803587e-02 -0.87581763 -0.87155802 -0.86729294 -0.86312497 -0.85913577 
2.31012970e-02 -0.87581763 -0.87155802 -0.86729294 -0.86312497 -0.85913577 
1.87381742e-02 -0.87581763 -0.87155802 -0.86729294 -0.86312497 -0.85913577 
1.51991108e-02 -0.87581763 -0.87155802 -0.86729294 -0.86312497 -0.85913577 
1.23284674e-02 -0.87581763 -0.87155802 -0.86729294 -0.86312497 -0.85913577 
1.00000000e-02 -0.87581763 -0.87155802 -0.86729294 -0.86312497 -0.85913577 
8.11130831e-03 -0.87581763 -0.87155802 -0.86729294 -0.86312497 -0.85913577 
6.57933225e-03 -0.87581763 -0.87155802 -0.86729294 -0.86312497 -0.85913577 
5.33669923e-03 -0.87581763 -0.87155802 -0.86729294 -0.86312497 -0.85913577 
4.32876128e-03 -0.87581763 -0.87155802 -0.86729294 -0.86312497 -0.85913577 
3.51119173e-03 -0.87581763 -0.87155802 -0.86729294 -0.86312497 -0.85913577 
2.84803587e-03 -0.87581763 -0.87155802 -0.86729294 -0.86312497 -0.85913577 
2.31012970e-03 -0.87581763 -0.87155802 -0.86729294 -0.86312497 -0.85913577 
1.87381742e-03 -0.87581763 -0.87155802 -0.86729294 -0.86312497 -0.85913577 
1.51991108e-03 -0.87581763 -0.87155802 -0.86729294 -0.86312497 -0.85913577 
1.23284674e-03 -0.87581763 -0.87155802 -0.86729294 -0.86312497 -0.85913577 
1.00000000e-03 -0.87581763 -0.87155802 -0.86729294 -0.86312497 -0.85913577 
8.11130831e-04 -0.87581763 -0.87155802 -0.86729294 -0.86312497 -0.85913577 
6.57933225e-04 -0.87581763 -0.87155802 -0.86729294 -0.86312497 -0.85913577 
5.33669923e-04 -0.87581763 -0.87155802 -0.86729294 -0.86312497 -0.85913577 
4.32876128e-04 -0.87581763 -0.87155802 -0.86729294 -0.86312497 -0.85913577 
3.51119173e-04 -0.87581763 -0.87155802 -0.86729294 -0.86312497 -0.85913577 
2.84803587e-04 -0.87581763 -0.87155802 -0.86729294 -0.86312497 -0.85913577 
2.31012970e-04 -0.87581763 -0.87155802 -0.86729294 -0.86312497 -0.85913577 
1.87381742e-04 -0.87581763 -0.87155802 -0.86729294 -0.86312497 -0.85913577 
1.51991108e-04 -0.87581763 -0.87155802 -0.86729294 -0.86312497 -0.85913577 
1.23284674e-04 -0.87581763 -0.87155802 -0.86729294 -0.86312497 -0.85913577 
1.00000000e-04 -0.87581763 -0.87155802 -0.86729294 -0.86312497 -0.85913577 
8.11130831e-05 -0.87581763 -0.87155802 -0.86729294 -0.86312497 -0.85913577 
6.57933225e-05 -0.87581763 -0.87155802 -0.86729294 -0.86312497 -0.85913577 
5.33669923e-05 -0.87581763 -0.87155802 -0.86729294 -0.86312497 -0.85913577 
4.32876128e-05 -0.87581763 -0.87155802 -0.86729294 -0.86312497 -0.85913577 
3.51119173e-05 -0.87581763 -0.87155802 -0.86729294 -0.86312497 -0.85913577 
2.84803587e-05 -0.87581763 -0.87155802 -0.86729294 -0.86312497 -0.85913577 
2.31012970e-05 -0.87581763 -0.87155802 -0.86729294 -0.86312497 -0.85913577 
1.87381742e-05 -0.87581763 -0.87155802 -0.86729294 -0.86312497 -0.85913577 
1.51991108e-05 -0.87581763 -0.87155802 -0.86729294 -0.86312497 -0.85913577 
1.23284674e-05 -0.87581763 -0.87155802 -0.86729294 -0.86312497 -0.85913577 
1.00000000e-05 -0.87581763 -0.87155802 -0.86729294 -0.86312497 -0.85913577 
8.11130831e-06 -0.87581763 -0.87155802 -0.86729294 -0.86312497 -0.85913577 
6.57933225e-06 -0.87581763 -0.87155802 -0.86729294 -0.86312497 -0.85913577 
5.33669923e-06 -0.87581763 -0.87155802 -0.86729294 -0.86312497 -0.85913577 
4.32876128e-06 -0.87581763 -0.87155802 -0.86729294 -0.86312497 -0.85913577 
3.51119173e-06 -0.87581763 -0.87155802 -0.86729294 -0.86312497 -0.85913577 
2.84803587e-06 -0.87581763 -0.87155802 -0.86729294 -0.86312497 -0.85913577 
2.31012970e-06 -0.87581763 -0.87155802 -0.86729294 -0.86312497 -0.85913577 
1.87381742e-06 -0.87581763 -0.87155802 -0.86729294 -0.86312497 -0.85913577 
1.51991108e-06 -0.87581763 -0.87155802 -0.86729294 -0.86312497 -0.85913577 
1.23284674e-06 -0.87581763 -0.87155802 -0.86729294 -0.86312497 -0.85913577 
1.00000000e-06 -0.87581763 -0.87155802 -0.86729294 -0.86312497 -0.85913577 
8.11130831e-07 -0.87581763 -0.87155802 -0.86729294 -0.86312497 -0.85913577 
6.57933225e-07 -0.87581763 -0.87155802 -0.86729294 -0.86312497 -0.85913577 
5.33669923e-07 -0.87581763 -0.87155802 -0.86729294 -0.86312497 -0.85913577 
4.32876128e-07 -0.87581763 -0.87155802 -0.86729294 -0.86312497 -0.85913577 
3.51119173e-07 -0.87581763 -0.87155802 -0.86729294 -0.86312497 -0.85913577 
2.84803587e-07 -0.87581763 -0.87155802 -0.86729294 -0.86312497 -0.85913577 
2.31012970e-07 -0.87581763 -0.87155802 -0.86729294 -0.86312497 -0.85913577 
1.87381742e-07 -0.87581763 -0.87155802 -0.86729294 -0.86312497 -0.85913577 
1.51991108e-07 -0.87581763 -0.87155802 -0.86729294 -0.86312497 -0.85913577 
1.23284674e-07 -0.87581763 -0.87155802 -0.86729294 -0.86312497 -0.85913577 
1.00000000e-07 -0.87581763 -0.87155802 -0.86729294 -0.86312497 -0.85913577 
P (bar) | log_H2O: -2σ | log_H2O: -1σ | log_H2O: median | log_H2O: +1σ | log_H2O: +2σ 
1.00000000e+02 -2.58218474 -2.49592259 -2.40750291 -2.30262118 -2.19996976 
8.11130831e+01 -2.58218474 -2.49592259 -2.40750291 -2.30262118 -2.19996976 
6.57933225e+01 -2.58218474 -2.49592259 -2.40750291 -2.30262118 -2.19996976 
5.33669923e+01 -2.58218474 -2.49592259 -2.40750291 -2.30262118 -2.19996976 
4.32876128e+01 -2.58218474 -2.49592259 -2.40750291 -2.30262118 -2.19996976 
3.51119173e+01 -2.58218474 -2.49592259 -2.40750291 -2.30262118 -2.19996976 
2.84803587e+01 -2.58218474 -2.49592259 -2.40750291 -2.30262118 -2.19996976 
2.31012970e+01 -2.58218474 -2.49592259 -2.40750291 -2.30262118 -2.19996976 
1.87381742e+01 -2.58218474 -2.49592259 -2.40750291 -2.30262118 -2.19996976 
1.51991108e+01 -2.58218474 -2.49592259 -2.40750291 -2.30262118 -2.19996976 
1.23284674e+01 -2.58218474 -2.49592259 -2.40750291 -2.30262118 -2.19996976 
1.00000000e+01 -2.58218474 -2.49592259 -2.40750291 -2.30262118 -2.19996976 
8.11130831e+00 -2.58218474 -2.49592259 -2.40750291 -2.30262118 -2.19996976 
6.57933225e+00 -2.58218474 -2.49592259 -2.40750291 -2.30262118 -2.19996976 
5.33669923e+00 -2.58218474 -2.49592259 -2.40750291 -2.30262118 -2.19996976 
4.32876128e+00 -2.58218474 -2.49592259 -2.40750291 -2.30262118 -2.19996976 
3.51119173e+00 -2.58218474 -2.49592259 -2.40750291 -2.30262118 -2.19996976 
2.84803587e+00 -2.58218474 -2.49592259 -2.40750291 -2.30262118 -2.19996976 
2.31012970e+00 -2.58218474 -2.49592259 -2.40750291 -2.30262118 -2.19996976 
1.87381742e+00 -2.58218474 -2.49592259 -2.40750291 -2.30262118 -2.19996976 
1.51991108e+00 -2.58218474 -2.49592259 -2.40750291 -2.30262118 -2.19996976 
1.23284674e+00 -2.58218474 -2.49592259 -2.40750291 -2.30262118 -2.19996976 
1.00000000e+00 -2.58218474 -2.49592259 -2.40750291 -2.30262118 -2.19996976 
8.11130831e-01 -2.58218474 -2.49592259 -2.40750291 -2.30262118 -2.19996976 
6.57933225e-01 -2.58218474 -2.49592259 -2.40750291 -2.30262118 -2.19996976 
5.33669923e-01 -2.58218474 -2.49592259 -2.40750291 -2.30262118 -2.19996976 
4.32876128e-01 -2.58218474 -2.49592259 -2.40750291 -2.30262118 -2.19996976 
3.51119173e-01 -2.58218474 -2.49592259 -2.40750291 -2.30262118 -2.19996976 
2.84803587e-01 -2.58218474 -2.49592259 -2.40750291 -2.30262118 -2.19996976 
2.31012970e-01 -2.58218474 -2.49592259 -2.40750291 -2.30262118 -2.19996976 
1.87381742e-01 -2.58218474 -2.49592259 -2.40750291 -2.30262118 -2.19996976 
1.51991108e-01 -2.58218474 -2.49592259 -2.40750291 -2.30262118 -2.19996976 
1.23284674e-01 -2.58218474 -2.49592259 -2.40750291 -2.30262118 -2.19996976 
1.00000000e-01 -2.58218474 -2.49592259 -2.40750291 -2.30262118 -2.19996976 
8.11130831e-02 -2.58218474 -2.49592259 -2.40750291 -2.30262118 -2.19996976 
6.57933225e-02 -2.58218474 -2.49592259 -2.40750291 -2.30262118 -2.19996976 
5.33669923e-02 -2.58218474 -2.49592259 -2.40750291 -2.30262118 -2.19996976 
4.32876128e-02 -2.58218474 -2.49592259 -2.40750291 -2.30262118 -2.19996976 
3.51119173e-02 -2.58218474 -2.49592259 -2.40750291 -2.30262118 -2.19996976 
2.84803587e-02 -2.58218474 -2.49592259 -2.40750291 -2.30262118 -2.19996976 
2.31012970e-02 -2.58218474 -2.49592259 -2.40750291 -2.30262118 -2.19996976 
1.87381742e-02 -2.58218474 -2.49592259 -2.40750291 -2.30262118 -2.19996976 
1.51991108e-02 -2.58218474 -2.49592259 -2.40750291 -2.30262118 -2.19996976 
1.23284674e-02 -2.58218474 -2.49592259 -2.40750291 -2.30262118 -2.19996976 
1.00000000e-02 -2.58218474 -2.49592259 -2.40750291 -2.30262118 -2.19996976 
8.11130831e-03 -2.58218474 -2.49592259 -2.40750291 -2.30262118 -2.19996976 
6.57933225e-03 -2.58218474 -2.49592259 -2.40750291 -2.30262118 -2.19996976 
5.33669923e-03 -2.58218474 -2.49592259 -2.40750291 -2.30262118 -2.19996976 
4.32876128e-03 -2.58218474 -2.49592259 -2.40750291 -2.30262118 -2.19996976 
3.51119173e-03 -2.58218474 -2.49592259 -2.40750291 -2.30262118 -2.19996976 
2.84803587e-03 -2.58218474 -2.49592259 -2.40750291 -2.30262118 -2.19996976 
2.31012970e-03 -2.58218474 -2.49592259 -2.40750291 -2.30262118 -2.19996976 
1.87381742e-03 -2.58218474 -2.49592259 -2.40750291 -2.30262118 -2.19996976 
1.51991108e-03 -2.58218474 -2.49592259 -2.40750291 -2.30262118 -2.19996976 
1.23284674e-03 -2.58218474 -2.49592259 -2.40750291 -2.30262118 -2.19996976 
1.00000000e-03 -2.58218474 -2.49592259 -2.40750291 -2.30262118 -2.19996976 
8.11130831e-04 -2.58218474 -2.49592259 -2.40750291 -2.30262118 -2.19996976 
6.57933225e-04 -2.58218474 -2.49592259 -2.40750291 -2.30262118 -2.19996976 
5.33669923e-04 -2.58218474 -2.49592259 -2.40750291 -2.30262118 -2.19996976 
4.32876128e-04 -2.58218474 -2.49592259 -2.40750291 -2.30262118 -2.19996976 
3.51119173e-04 -2.58218474 -2.49592259 -2.40750291 -2.30262118 -2.19996976 
2.84803587e-04 -2.58218474 -2.49592259 -2.40750291 -2.30262118 -2.19996976 
2.31012970e-04 -2.58218474 -2.49592259 -2.40750291 -2.30262118 -2.19996976 
1.87381742e-04 -2.58218474 -2.49592259 -2.40750291 -2.30262118 -2.19996976 
1.51991108e-04 -2.58218474 -2.49592259 -2.40750291 -2.30262118 -2.19996976 
1.23284674e-04 -2.58218474 -2.49592259 -2.40750291 -2.30262118 -2.19996976 
1.00000000e-04 -2.58218474 -2.49592259 -2.40750291 -2.30262118 -2.19996976 
8.11130831e-05 -2.58218474 -2.49592259 -2.40750291 -2.30262118 -2.19996976 
6.57933225e-05 -2.58218474 -2.49592259 -2.40750291 -2.30262118 -2.19996976 
5.33669923e-05 -2.58218474 -2.49592259 -2.40750291 -2.30262118 -2.19996976 
4.32876128e-05 -2.58218474 -2.49592259 -2.40750291 -2.30262118 -2.19996976 
3.51119173e-05 -2.58218474 -2.49592259 -2.40750291 -2.30262118 -2.19996976 
2.84803587e-05 -2.58218474 -2.49592259 -2.40750291 -2.30262118 -2.19996976 
2.31012970e-05 -2.58218474 -2.49592259 -2.40750291 -2.30262118 -2.19996976 
1.87381742e-05 -2.58218474 -2.49592259 -2.40750291 -2.30262118 -2.19996976 
1.51991108e-05 -2.58218474 -2.49592259 -2.40750291 -2.30262118 -2.19996976 
1.23284674e-05 -2.58218474 -2.49592259 -2.40750291 -2.30262118 -2.19996976 
1.00000000e-05 -2.58218474 -2.49592259 -2.40750291 -2.30262118 -2.19996976 
8.11130831e-06 -2.58218474 -2.49592259 -2.40750291 -2.30262118 -2.19996976 
6.57933225e-06 -2.58218474 -2.49592259 -2.40750291 -2.30262118 -2.19996976 
5.33669923e-06 -2.58218474 -2.49592259 -2.40750291 -2.30262118 -2.19996976 
4.32876128e-06 -2.58218474 -2.49592259 -2.40750291 -2.30262118 -2.19996976 
3.51119173e-06 -2.58218474 -2.49592259 -2.40750291 -2.30262118 -2.19996976 
2.84803587e-06 -2.58218474 -2.49592259 -2.40750291 -2.30262118 -2.19996976 
2.31012970e-06 -2.58218474 -2.49592259 -2.40750291 -2.30262118 -2.19996976 
1.87381742e-06 -2.58218474 -2.49592259 -2.40750291 -2.30262118 -2.19996976 
1.51991108e-06 -2.58218474 -2.49592259 -2.40750291 -2.30262118 -2.19996976 
1.23284674e-06 -2.58218474 -2.49592259 -2.40750291 -2.30262118 -2.19996976 
1.00000000e-06 -2.58218474 -2.49592259 -2.40750291 -2.30262118 -2.19996976 
8.11130831e-07 -2.58218474 -2.49592259 -2.40750291 -2.30262118 -2.19996976 
6.57933225e-07 -2.58218474 -2.49592259 -2.40750291 -2.30262118 -2.19996976 
5.33669923e-07 -2.58218474 -2.49592259 -2.40750291 -2.30262118 -2.19996976 
4.32876128e-07 -2.58218474 -2.49592259 -2.40750291 -2.30262118 -2.19996976 
3.51119173e-07 -2.58218474 -2.49592259 -2.40750291 -2.30262118 -2.19996976 
2.84803587e-07 -2.58218474 -2.49592259 -2.40750291 -2.30262118 -2.19996976 
2.31012970e-07 -2.58218474 -2.49592259 -2.40750291 -2.30262118 -2.19996976 
1.87381742e-07 -2.58218474 -2.49592259 -2.40750291 -2.30262118 -2.19996976 
1.51991108e-07 -2.58218474 -2.49592259 -2.40750291 -2.30262118 -2.19996976 
1.23284674e-07 -2.58218474 -2.49592259 -2.40750291 -2.30262118 -2.19996976 
1.00000000e-07 -2.58218474 -2.49592259 -2.40750291 -2.30262118 -2.19996976 
P (bar) | log_SO2: -2σ | log_SO2: -1σ | log_SO2: median | log_SO2: +1σ | log_SO2: +2σ 
1.00000000e+02 -7.95079512 -7.67516968 -7.07550066 -6.45485375 -6.09959007 
8.11130831e+01 -7.95079512 -7.67516968 -7.07550066 -6.45485375 -6.09959007 
6.57933225e+01 -7.95079512 -7.67516968 -7.07550066 -6.45485375 -6.09959007 
5.33669923e+01 -7.95079512 -7.67516968 -7.07550066 -6.45485375 -6.09959007 
4.32876128e+01 -7.95079512 -7.67516968 -7.07550066 -6.45485375 -6.09959007 
3.51119173e+01 -7.95079512 -7.67516968 -7.07550066 -6.45485375 -6.09959007 
2.84803587e+01 -7.95079512 -7.67516968 -7.07550066 -6.45485375 -6.09959007 
2.31012970e+01 -7.95079512 -7.67516968 -7.07550066 -6.45485375 -6.09959007 
1.87381742e+01 -7.95079512 -7.67516968 -7.07550066 -6.45485375 -6.09959007 
1.51991108e+01 -7.95079512 -7.67516968 -7.07550066 -6.45485375 -6.09959007 
1.23284674e+01 -7.95079512 -7.67516968 -7.07550066 -6.45485375 -6.09959007 
1.00000000e+01 -7.95079512 -7.67516968 -7.07550066 -6.45485375 -6.09959007 
8.11130831e+00 -7.95079512 -7.67516968 -7.07550066 -6.45485375 -6.09959007 
6.57933225e+00 -7.95079512 -7.67516968 -7.07550066 -6.45485375 -6.09959007 
5.33669923e+00 -7.95079512 -7.67516968 -7.07550066 -6.45485375 -6.09959007 
4.32876128e+00 -7.95079512 -7.67516968 -7.07550066 -6.45485375 -6.09959007 
3.51119173e+00 -7.95079512 -7.67516968 -7.07550066 -6.45485375 -6.09959007 
2.84803587e+00 -7.95079512 -7.67516968 -7.07550066 -6.45485375 -6.09959007 
2.31012970e+00 -7.95079512 -7.67516968 -7.07550066 -6.45485375 -6.09959007 
1.87381742e+00 -7.95079512 -7.67516968 -7.07550066 -6.45485375 -6.09959007 
1.51991108e+00 -7.95079512 -7.67516968 -7.07550066 -6.45485375 -6.09959007 
1.23284674e+00 -7.95079512 -7.67516968 -7.07550066 -6.45485375 -6.09959007 
1.00000000e+00 -7.95079512 -7.67516968 -7.07550066 -6.45485375 -6.09959007 
8.11130831e-01 -7.95079512 -7.67516968 -7.07550066 -6.45485375 -6.09959007 
6.57933225e-01 -7.95079512 -7.67516968 -7.07550066 -6.45485375 -6.09959007 
5.33669923e-01 -7.95079512 -7.67516968 -7.07550066 -6.45485375 -6.09959007 
4.32876128e-01 -7.95079512 -7.67516968 -7.07550066 -6.45485375 -6.09959007 
3.51119173e-01 -7.95079512 -7.67516968 -7.07550066 -6.45485375 -6.09959007 
2.84803587e-01 -7.95079512 -7.67516968 -7.07550066 -6.45485375 -6.09959007 
2.31012970e-01 -7.95079512 -7.67516968 -7.07550066 -6.45485375 -6.09959007 
1.87381742e-01 -7.95079512 -7.67516968 -7.07550066 -6.45485375 -6.09959007 
1.51991108e-01 -7.95079512 -7.67516968 -7.07550066 -6.45485375 -6.09959007 
1.23284674e-01 -7.95079512 -7.67516968 -7.07550066 -6.45485375 -6.09959007 
1.00000000e-01 -7.95079512 -7.67516968 -7.07550066 -6.45485375 -6.09959007 
8.11130831e-02 -7.95079512 -7.67516968 -7.07550066 -6.45485375 -6.09959007 
6.57933225e-02 -7.95079512 -7.67516968 -7.07550066 -6.45485375 -6.09959007 
5.33669923e-02 -7.95079512 -7.67516968 -7.07550066 -6.45485375 -6.09959007 
4.32876128e-02 -7.95079512 -7.67516968 -7.07550066 -6.45485375 -6.09959007 
3.51119173e-02 -7.95079512 -7.67516968 -7.07550066 -6.45485375 -6.09959007 
2.84803587e-02 -7.95079512 -7.67516968 -7.07550066 -6.45485375 -6.09959007 
2.31012970e-02 -7.95079512 -7.67516968 -7.07550066 -6.45485375 -6.09959007 
1.87381742e-02 -7.95079512 -7.67516968 -7.07550066 -6.45485375 -6.09959007 
1.51991108e-02 -7.95079512 -7.67516968 -7.07550066 -6.45485375 -6.09959007 
1.23284674e-02 -7.95079512 -7.67516968 -7.07550066 -6.45485375 -6.09959007 
1.00000000e-02 -7.95079512 -7.67516968 -7.07550066 -6.45485375 -6.09959007 
8.11130831e-03 -7.95079512 -7.67516968 -7.07550066 -6.45485375 -6.09959007 
6.57933225e-03 -7.95079512 -7.67516968 -7.07550066 -6.45485375 -6.09959007 
5.33669923e-03 -7.95079512 -7.67516968 -7.07550066 -6.45485375 -6.09959007 
4.32876128e-03 -7.95079512 -7.67516968 -7.07550066 -6.45485375 -6.09959007 
3.51119173e-03 -7.95079512 -7.67516968 -7.07550066 -6.45485375 -6.09959007 
2.84803587e-03 -7.95079512 -7.67516968 -7.07550066 -6.45485375 -6.09959007 
2.31012970e-03 -7.95079512 -7.67516968 -7.07550066 -6.45485375 -6.09959007 
1.87381742e-03 -7.95079512 -7.67516968 -7.07550066 -6.45485375 -6.09959007 
1.51991108e-03 -7.95079512 -7.67516968 -7.07550066 -6.45485375 -6.09959007 
1.23284674e-03 -7.95079512 -7.67516968 -7.07550066 -6.45485375 -6.09959007 
1.00000000e-03 -7.95079512 -7.67516968 -7.07550066 -6.45485375 -6.09959007 
8.11130831e-04 -7.95079512 -7.67516968 -7.07550066 -6.45485375 -6.09959007 
6.57933225e-04 -7.95079512 -7.67516968 -7.07550066 -6.45485375 -6.09959007 
5.33669923e-04 -7.95079512 -7.67516968 -7.07550066 -6.45485375 -6.09959007 
4.32876128e-04 -7.95079512 -7.67516968 -7.07550066 -6.45485375 -6.09959007 
3.51119173e-04 -7.95079512 -7.67516968 -7.07550066 -6.45485375 -6.09959007 
2.84803587e-04 -7.95079512 -7.67516968 -7.07550066 -6.45485375 -6.09959007 
2.31012970e-04 -7.95079512 -7.67516968 -7.07550066 -6.45485375 -6.09959007 
1.87381742e-04 -7.95079512 -7.67516968 -7.07550066 -6.45485375 -6.09959007 
1.51991108e-04 -7.95079512 -7.67516968 -7.07550066 -6.45485375 -6.09959007 
1.23284674e-04 -7.95079512 -7.67516968 -7.07550066 -6.45485375 -6.09959007 
1.00000000e-04 -7.95079512 -7.67516968 -7.07550066 -6.45485375 -6.09959007 
8.11130831e-05 -7.95079512 -7.67516968 -7.07550066 -6.45485375 -6.09959007 
6.57933225e-05 -7.95079512 -7.67516968 -7.07550066 -6.45485375 -6.09959007 
5.33669923e-05 -7.95079512 -7.67516968 -7.07550066 -6.45485375 -6.09959007 
4.32876128e-05 -7.95079512 -7.67516968 -7.07550066 -6.45485375 -6.09959007 
3.51119173e-05 -7.95079512 -7.67516968 -7.07550066 -6.45485375 -6.09959007 
2.84803587e-05 -7.95079512 -7.67516968 -7.07550066 -6.45485375 -6.09959007 
2.31012970e-05 -7.95079512 -7.67516968 -7.07550066 -6.45485375 -6.09959007 
1.87381742e-05 -7.95079512 -7.67516968 -7.07550066 -6.45485375 -6.09959007 
1.51991108e-05 -7.95079512 -7.67516968 -7.07550066 -6.45485375 -6.09959007 
1.23284674e-05 -7.95079512 -7.67516968 -7.07550066 -6.45485375 -6.09959007 
1.00000000e-05 -7.95079512 -7.67516968 -7.07550066 -6.45485375 -6.09959007 
8.11130831e-06 -7.95079512 -7.67516968 -7.07550066 -6.45485375 -6.09959007 
6.57933225e-06 -7.95079512 -7.67516968 -7.07550066 -6.45485375 -6.09959007 
5.33669923e-06 -7.95079512 -7.67516968 -7.07550066 -6.45485375 -6.09959007 
4.32876128e-06 -7.95079512 -7.67516968 -7.07550066 -6.45485375 -6.09959007 
3.51119173e-06 -7.95079512 -7.67516968 -7.07550066 -6.45485375 -6.09959007 
2.84803587e-06 -7.95079512 -7.67516968 -7.07550066 -6.45485375 -6.09959007 
2.31012970e-06 -7.95079512 -7.67516968 -7.07550066 -6.45485375 -6.09959007 
1.87381742e-06 -7.95079512 -7.67516968 -7.07550066 -6.45485375 -6.09959007 
1.51991108e-06 -7.95079512 -7.67516968 -7.07550066 -6.45485375 -6.09959007 
1.23284674e-06 -7.95079512 -7.67516968 -7.07550066 -6.45485375 -6.09959007 
1.00000000e-06 -7.95079512 -7.67516968 -7.07550066 -6.45485375 -6.09959007 
8.11130831e-07 -7.95079512 -7.67516968 -7.07550066 -6.45485375 -6.09959007 
6.57933225e-07 -7.95079512 -7.67516968 -7.07550066 -6.45485375 -6.09959007 
5.33669923e-07 -7.95079512 -7.67516968 -7.07550066 -6.45485375 -6.09959007 
4.32876128e-07 -7.95079512 -7.67516968 -7.07550066 -6.45485375 -6.09959007 
3.51119173e-07 -7.95079512 -7.67516968 -7.07550066 -6.45485375 -6.09959007 
2.84803587e-07 -7.95079512 -7.67516968 -7.07550066 -6.45485375 -6.09959007 
2.31012970e-07 -7.95079512 -7.67516968 -7.07550066 -6.45485375 -6.09959007 
1.87381742e-07 -7.95079512 -7.67516968 -7.07550066 -6.45485375 -6.09959007 
1.51991108e-07 -7.95079512 -7.67516968 -7.07550066 -6.45485375 -6.09959007 
1.23284674e-07 -7.95079512 -7.67516968 -7.07550066 -6.45485375 -6.09959007 
1.00000000e-07 -7.95079512 -7.67516968 -7.07550066 -6.45485375 -6.09959007 
P (bar) | log_K: -2σ | log_K: -1σ | log_K: median | log_K: +1σ | log_K: +2σ 
1.00000000e+02 -7.98759581 -7.90688379 -7.74206397 -7.55326552 -7.33065278 
8.11130831e+01 -7.98759581 -7.90688379 -7.74206397 -7.55326552 -7.33065278 
6.57933225e+01 -7.98759581 -7.90688379 -7.74206397 -7.55326552 -7.33065278 
5.33669923e+01 -7.98759581 -7.90688379 -7.74206397 -7.55326552 -7.33065278 
4.32876128e+01 -7.98759581 -7.90688379 -7.74206397 -7.55326552 -7.33065278 
3.51119173e+01 -7.98759581 -7.90688379 -7.74206397 -7.55326552 -7.33065278 
2.84803587e+01 -7.98759581 -7.90688379 -7.74206397 -7.55326552 -7.33065278 
2.31012970e+01 -7.98759581 -7.90688379 -7.74206397 -7.55326552 -7.33065278 
1.87381742e+01 -7.98759581 -7.90688379 -7.74206397 -7.55326552 -7.33065278 
1.51991108e+01 -7.98759581 -7.90688379 -7.74206397 -7.55326552 -7.33065278 
1.23284674e+01 -7.98759581 -7.90688379 -7.74206397 -7.55326552 -7.33065278 
1.00000000e+01 -7.98759581 -7.90688379 -7.74206397 -7.55326552 -7.33065278 
8.11130831e+00 -7.98759581 -7.90688379 -7.74206397 -7.55326552 -7.33065278 
6.57933225e+00 -7.98759581 -7.90688379 -7.74206397 -7.55326552 -7.33065278 
5.33669923e+00 -7.98759581 -7.90688379 -7.74206397 -7.55326552 -7.33065278 
4.32876128e+00 -7.98759581 -7.90688379 -7.74206397 -7.55326552 -7.33065278 
3.51119173e+00 -7.98759581 -7.90688379 -7.74206397 -7.55326552 -7.33065278 
2.84803587e+00 -7.98759581 -7.90688379 -7.74206397 -7.55326552 -7.33065278 
2.31012970e+00 -7.98759581 -7.90688379 -7.74206397 -7.55326552 -7.33065278 
1.87381742e+00 -7.98759581 -7.90688379 -7.74206397 -7.55326552 -7.33065278 
1.51991108e+00 -7.98759581 -7.90688379 -7.74206397 -7.55326552 -7.33065278 
1.23284674e+00 -7.98759581 -7.90688379 -7.74206397 -7.55326552 -7.33065278 
1.00000000e+00 -7.98759581 -7.90688379 -7.74206397 -7.55326552 -7.33065278 
8.11130831e-01 -7.98759581 -7.90688379 -7.74206397 -7.55326552 -7.33065278 
6.57933225e-01 -7.98759581 -7.90688379 -7.74206397 -7.55326552 -7.33065278 
5.33669923e-01 -7.98759581 -7.90688379 -7.74206397 -7.55326552 -7.33065278 
4.32876128e-01 -7.98759581 -7.90688379 -7.74206397 -7.55326552 -7.33065278 
3.51119173e-01 -7.98759581 -7.90688379 -7.74206397 -7.55326552 -7.33065278 
2.84803587e-01 -7.98759581 -7.90688379 -7.74206397 -7.55326552 -7.33065278 
2.31012970e-01 -7.98759581 -7.90688379 -7.74206397 -7.55326552 -7.33065278 
1.87381742e-01 -7.98759581 -7.90688379 -7.74206397 -7.55326552 -7.33065278 
1.51991108e-01 -7.98759581 -7.90688379 -7.74206397 -7.55326552 -7.33065278 
1.23284674e-01 -7.98759581 -7.90688379 -7.74206397 -7.55326552 -7.33065278 
1.00000000e-01 -7.98759581 -7.90688379 -7.74206397 -7.55326552 -7.33065278 
8.11130831e-02 -7.98759581 -7.90688379 -7.74206397 -7.55326552 -7.33065278 
6.57933225e-02 -7.98759581 -7.90688379 -7.74206397 -7.55326552 -7.33065278 
5.33669923e-02 -7.98759581 -7.90688379 -7.74206397 -7.55326552 -7.33065278 
4.32876128e-02 -7.98759581 -7.90688379 -7.74206397 -7.55326552 -7.33065278 
3.51119173e-02 -7.98759581 -7.90688379 -7.74206397 -7.55326552 -7.33065278 
2.84803587e-02 -7.98759581 -7.90688379 -7.74206397 -7.55326552 -7.33065278 
2.31012970e-02 -7.98759581 -7.90688379 -7.74206397 -7.55326552 -7.33065278 
1.87381742e-02 -7.98759581 -7.90688379 -7.74206397 -7.55326552 -7.33065278 
1.51991108e-02 -7.98759581 -7.90688379 -7.74206397 -7.55326552 -7.33065278 
1.23284674e-02 -7.98759581 -7.90688379 -7.74206397 -7.55326552 -7.33065278 
1.00000000e-02 -7.98759581 -7.90688379 -7.74206397 -7.55326552 -7.33065278 
8.11130831e-03 -7.98759581 -7.90688379 -7.74206397 -7.55326552 -7.33065278 
6.57933225e-03 -7.98759581 -7.90688379 -7.74206397 -7.55326552 -7.33065278 
5.33669923e-03 -7.98759581 -7.90688379 -7.74206397 -7.55326552 -7.33065278 
4.32876128e-03 -7.98759581 -7.90688379 -7.74206397 -7.55326552 -7.33065278 
3.51119173e-03 -7.98759581 -7.90688379 -7.74206397 -7.55326552 -7.33065278 
2.84803587e-03 -7.98759581 -7.90688379 -7.74206397 -7.55326552 -7.33065278 
2.31012970e-03 -7.98759581 -7.90688379 -7.74206397 -7.55326552 -7.33065278 
1.87381742e-03 -7.98759581 -7.90688379 -7.74206397 -7.55326552 -7.33065278 
1.51991108e-03 -7.98759581 -7.90688379 -7.74206397 -7.55326552 -7.33065278 
1.23284674e-03 -7.98759581 -7.90688379 -7.74206397 -7.55326552 -7.33065278 
1.00000000e-03 -7.98759581 -7.90688379 -7.74206397 -7.55326552 -7.33065278 
8.11130831e-04 -7.98759581 -7.90688379 -7.74206397 -7.55326552 -7.33065278 
6.57933225e-04 -7.98759581 -7.90688379 -7.74206397 -7.55326552 -7.33065278 
5.33669923e-04 -7.98759581 -7.90688379 -7.74206397 -7.55326552 -7.33065278 
4.32876128e-04 -7.98759581 -7.90688379 -7.74206397 -7.55326552 -7.33065278 
3.51119173e-04 -7.98759581 -7.90688379 -7.74206397 -7.55326552 -7.33065278 
2.84803587e-04 -7.98759581 -7.90688379 -7.74206397 -7.55326552 -7.33065278 
2.31012970e-04 -7.98759581 -7.90688379 -7.74206397 -7.55326552 -7.33065278 
1.87381742e-04 -7.98759581 -7.90688379 -7.74206397 -7.55326552 -7.33065278 
1.51991108e-04 -7.98759581 -7.90688379 -7.74206397 -7.55326552 -7.33065278 
1.23284674e-04 -7.98759581 -7.90688379 -7.74206397 -7.55326552 -7.33065278 
1.00000000e-04 -7.98759581 -7.90688379 -7.74206397 -7.55326552 -7.33065278 
8.11130831e-05 -7.98759581 -7.90688379 -7.74206397 -7.55326552 -7.33065278 
6.57933225e-05 -7.98759581 -7.90688379 -7.74206397 -7.55326552 -7.33065278 
5.33669923e-05 -7.98759581 -7.90688379 -7.74206397 -7.55326552 -7.33065278 
4.32876128e-05 -7.98759581 -7.90688379 -7.74206397 -7.55326552 -7.33065278 
3.51119173e-05 -7.98759581 -7.90688379 -7.74206397 -7.55326552 -7.33065278 
2.84803587e-05 -7.98759581 -7.90688379 -7.74206397 -7.55326552 -7.33065278 
2.31012970e-05 -7.98759581 -7.90688379 -7.74206397 -7.55326552 -7.33065278 
1.87381742e-05 -7.98759581 -7.90688379 -7.74206397 -7.55326552 -7.33065278 
1.51991108e-05 -7.98759581 -7.90688379 -7.74206397 -7.55326552 -7.33065278 
1.23284674e-05 -7.98759581 -7.90688379 -7.74206397 -7.55326552 -7.33065278 
1.00000000e-05 -7.98759581 -7.90688379 -7.74206397 -7.55326552 -7.33065278 
8.11130831e-06 -7.98759581 -7.90688379 -7.74206397 -7.55326552 -7.33065278 
6.57933225e-06 -7.98759581 -7.90688379 -7.74206397 -7.55326552 -7.33065278 
5.33669923e-06 -7.98759581 -7.90688379 -7.74206397 -7.55326552 -7.33065278 
4.32876128e-06 -7.98759581 -7.90688379 -7.74206397 -7.55326552 -7.33065278 
3.51119173e-06 -7.98759581 -7.90688379 -7.74206397 -7.55326552 -7.33065278 
2.84803587e-06 -7.98759581 -7.90688379 -7.74206397 -7.55326552 -7.33065278 
2.31012970e-06 -7.98759581 -7.90688379 -7.74206397 -7.55326552 -7.33065278 
1.87381742e-06 -7.98759581 -7.90688379 -7.74206397 -7.55326552 -7.33065278 
1.51991108e-06 -7.98759581 -7.90688379 -7.74206397 -7.55326552 -7.33065278 
1.23284674e-06 -7.98759581 -7.90688379 -7.74206397 -7.55326552 -7.33065278 
1.00000000e-06 -7.98759581 -7.90688379 -7.74206397 -7.55326552 -7.33065278 
8.11130831e-07 -7.98759581 -7.90688379 -7.74206397 -7.55326552 -7.33065278 
6.57933225e-07 -7.98759581 -7.90688379 -7.74206397 -7.55326552 -7.33065278 
5.33669923e-07 -7.98759581 -7.90688379 -7.74206397 -7.55326552 -7.33065278 
4.32876128e-07 -7.98759581 -7.90688379 -7.74206397 -7.55326552 -7.33065278 
3.51119173e-07 -7.98759581 -7.90688379 -7.74206397 -7.55326552 -7.33065278 
2.84803587e-07 -7.98759581 -7.90688379 -7.74206397 -7.55326552 -7.33065278 
2.31012970e-07 -7.98759581 -7.90688379 -7.74206397 -7.55326552 -7.33065278 
1.87381742e-07 -7.98759581 -7.90688379 -7.74206397 -7.55326552 -7.33065278 
1.51991108e-07 -7.98759581 -7.90688379 -7.74206397 -7.55326552 -7.33065278 
1.23284674e-07 -7.98759581 -7.90688379 -7.74206397 -7.55326552 -7.33065278 
1.00000000e-07 -7.98759581 -7.90688379 -7.74206397 -7.55326552 -7.33065278 
P (bar) | log_CO: -2σ | log_CO: -1σ | log_CO: median | log_CO: +1σ | log_CO: +2σ 
1.00000000e+02 -1.35191145 -1.27603556 -1.20942294 -1.15269120 -1.10361778 
8.11130831e+01 -1.35191145 -1.27603556 -1.20942294 -1.15269120 -1.10361778 
6.57933225e+01 -1.35191145 -1.27603556 -1.20942294 -1.15269120 -1.10361778 
5.33669923e+01 -1.35191145 -1.27603556 -1.20942294 -1.15269120 -1.10361778 
4.32876128e+01 -1.35191145 -1.27603556 -1.20942294 -1.15269120 -1.10361778 
3.51119173e+01 -1.35191145 -1.27603556 -1.20942294 -1.15269120 -1.10361778 
2.84803587e+01 -1.35191145 -1.27603556 -1.20942294 -1.15269120 -1.10361778 
2.31012970e+01 -1.35191145 -1.27603556 -1.20942294 -1.15269120 -1.10361778 
1.87381742e+01 -1.35191145 -1.27603556 -1.20942294 -1.15269120 -1.10361778 
1.51991108e+01 -1.35191145 -1.27603556 -1.20942294 -1.15269120 -1.10361778 
1.23284674e+01 -1.35191145 -1.27603556 -1.20942294 -1.15269120 -1.10361778 
1.00000000e+01 -1.35191145 -1.27603556 -1.20942294 -1.15269120 -1.10361778 
8.11130831e+00 -1.35191145 -1.27603556 -1.20942294 -1.15269120 -1.10361778 
6.57933225e+00 -1.35191145 -1.27603556 -1.20942294 -1.15269120 -1.10361778 
5.33669923e+00 -1.35191145 -1.27603556 -1.20942294 -1.15269120 -1.10361778 
4.32876128e+00 -1.35191145 -1.27603556 -1.20942294 -1.15269120 -1.10361778 
3.51119173e+00 -1.35191145 -1.27603556 -1.20942294 -1.15269120 -1.10361778 
2.84803587e+00 -1.35191145 -1.27603556 -1.20942294 -1.15269120 -1.10361778 
2.31012970e+00 -1.35191145 -1.27603556 -1.20942294 -1.15269120 -1.10361778 
1.87381742e+00 -1.35191145 -1.27603556 -1.20942294 -1.15269120 -1.10361778 
1.51991108e+00 -1.35191145 -1.27603556 -1.20942294 -1.15269120 -1.10361778 
1.23284674e+00 -1.35191145 -1.27603556 -1.20942294 -1.15269120 -1.10361778 
1.00000000e+00 -1.35191145 -1.27603556 -1.20942294 -1.15269120 -1.10361778 
8.11130831e-01 -1.35191145 -1.27603556 -1.20942294 -1.15269120 -1.10361778 
6.57933225e-01 -1.35191145 -1.27603556 -1.20942294 -1.15269120 -1.10361778 
5.33669923e-01 -1.35191145 -1.27603556 -1.20942294 -1.15269120 -1.10361778 
4.32876128e-01 -1.35191145 -1.27603556 -1.20942294 -1.15269120 -1.10361778 
3.51119173e-01 -1.35191145 -1.27603556 -1.20942294 -1.15269120 -1.10361778 
2.84803587e-01 -1.35191145 -1.27603556 -1.20942294 -1.15269120 -1.10361778 
2.31012970e-01 -1.35191145 -1.27603556 -1.20942294 -1.15269120 -1.10361778 
1.87381742e-01 -1.35191145 -1.27603556 -1.20942294 -1.15269120 -1.10361778 
1.51991108e-01 -1.35191145 -1.27603556 -1.20942294 -1.15269120 -1.10361778 
1.23284674e-01 -1.35191145 -1.27603556 -1.20942294 -1.15269120 -1.10361778 
1.00000000e-01 -1.35191145 -1.27603556 -1.20942294 -1.15269120 -1.10361778 
8.11130831e-02 -1.35191145 -1.27603556 -1.20942294 -1.15269120 -1.10361778 
6.57933225e-02 -1.35191145 -1.27603556 -1.20942294 -1.15269120 -1.10361778 
5.33669923e-02 -1.35191145 -1.27603556 -1.20942294 -1.15269120 -1.10361778 
4.32876128e-02 -1.35191145 -1.27603556 -1.20942294 -1.15269120 -1.10361778 
3.51119173e-02 -1.35191145 -1.27603556 -1.20942294 -1.15269120 -1.10361778 
2.84803587e-02 -1.35191145 -1.27603556 -1.20942294 -1.15269120 -1.10361778 
2.31012970e-02 -1.35191145 -1.27603556 -1.20942294 -1.15269120 -1.10361778 
1.87381742e-02 -1.35191145 -1.27603556 -1.20942294 -1.15269120 -1.10361778 
1.51991108e-02 -1.35191145 -1.27603556 -1.20942294 -1.15269120 -1.10361778 
1.23284674e-02 -1.35191145 -1.27603556 -1.20942294 -1.15269120 -1.10361778 
1.00000000e-02 -1.35191145 -1.27603556 -1.20942294 -1.15269120 -1.10361778 
8.11130831e-03 -1.35191145 -1.27603556 -1.20942294 -1.15269120 -1.10361778 
6.57933225e-03 -1.35191145 -1.27603556 -1.20942294 -1.15269120 -1.10361778 
5.33669923e-03 -1.35191145 -1.27603556 -1.20942294 -1.15269120 -1.10361778 
4.32876128e-03 -1.35191145 -1.27603556 -1.20942294 -1.15269120 -1.10361778 
3.51119173e-03 -1.35191145 -1.27603556 -1.20942294 -1.15269120 -1.10361778 
2.84803587e-03 -1.35191145 -1.27603556 -1.20942294 -1.15269120 -1.10361778 
2.31012970e-03 -1.35191145 -1.27603556 -1.20942294 -1.15269120 -1.10361778 
1.87381742e-03 -1.35191145 -1.27603556 -1.20942294 -1.15269120 -1.10361778 
1.51991108e-03 -1.35191145 -1.27603556 -1.20942294 -1.15269120 -1.10361778 
1.23284674e-03 -1.35191145 -1.27603556 -1.20942294 -1.15269120 -1.10361778 
1.00000000e-03 -1.35191145 -1.27603556 -1.20942294 -1.15269120 -1.10361778 
8.11130831e-04 -1.35191145 -1.27603556 -1.20942294 -1.15269120 -1.10361778 
6.57933225e-04 -1.35191145 -1.27603556 -1.20942294 -1.15269120 -1.10361778 
5.33669923e-04 -1.35191145 -1.27603556 -1.20942294 -1.15269120 -1.10361778 
4.32876128e-04 -1.35191145 -1.27603556 -1.20942294 -1.15269120 -1.10361778 
3.51119173e-04 -1.35191145 -1.27603556 -1.20942294 -1.15269120 -1.10361778 
2.84803587e-04 -1.35191145 -1.27603556 -1.20942294 -1.15269120 -1.10361778 
2.31012970e-04 -1.35191145 -1.27603556 -1.20942294 -1.15269120 -1.10361778 
1.87381742e-04 -1.35191145 -1.27603556 -1.20942294 -1.15269120 -1.10361778 
1.51991108e-04 -1.35191145 -1.27603556 -1.20942294 -1.15269120 -1.10361778 
1.23284674e-04 -1.35191145 -1.27603556 -1.20942294 -1.15269120 -1.10361778 
1.00000000e-04 -1.35191145 -1.27603556 -1.20942294 -1.15269120 -1.10361778 
8.11130831e-05 -1.35191145 -1.27603556 -1.20942294 -1.15269120 -1.10361778 
6.57933225e-05 -1.35191145 -1.27603556 -1.20942294 -1.15269120 -1.10361778 
5.33669923e-05 -1.35191145 -1.27603556 -1.20942294 -1.15269120 -1.10361778 
4.32876128e-05 -1.35191145 -1.27603556 -1.20942294 -1.15269120 -1.10361778 
3.51119173e-05 -1.35191145 -1.27603556 -1.20942294 -1.15269120 -1.10361778 
2.84803587e-05 -1.35191145 -1.27603556 -1.20942294 -1.15269120 -1.10361778 
2.31012970e-05 -1.35191145 -1.27603556 -1.20942294 -1.15269120 -1.10361778 
1.87381742e-05 -1.35191145 -1.27603556 -1.20942294 -1.15269120 -1.10361778 
1.51991108e-05 -1.35191145 -1.27603556 -1.20942294 -1.15269120 -1.10361778 
1.23284674e-05 -1.35191145 -1.27603556 -1.20942294 -1.15269120 -1.10361778 
1.00000000e-05 -1.35191145 -1.27603556 -1.20942294 -1.15269120 -1.10361778 
8.11130831e-06 -1.35191145 -1.27603556 -1.20942294 -1.15269120 -1.10361778 
6.57933225e-06 -1.35191145 -1.27603556 -1.20942294 -1.15269120 -1.10361778 
5.33669923e-06 -1.35191145 -1.27603556 -1.20942294 -1.15269120 -1.10361778 
4.32876128e-06 -1.35191145 -1.27603556 -1.20942294 -1.15269120 -1.10361778 
3.51119173e-06 -1.35191145 -1.27603556 -1.20942294 -1.15269120 -1.10361778 
2.84803587e-06 -1.35191145 -1.27603556 -1.20942294 -1.15269120 -1.10361778 
2.31012970e-06 -1.35191145 -1.27603556 -1.20942294 -1.15269120 -1.10361778 
1.87381742e-06 -1.35191145 -1.27603556 -1.20942294 -1.15269120 -1.10361778 
1.51991108e-06 -1.35191145 -1.27603556 -1.20942294 -1.15269120 -1.10361778 
1.23284674e-06 -1.35191145 -1.27603556 -1.20942294 -1.15269120 -1.10361778 
1.00000000e-06 -1.35191145 -1.27603556 -1.20942294 -1.15269120 -1.10361778 
8.11130831e-07 -1.35191145 -1.27603556 -1.20942294 -1.15269120 -1.10361778 
6.57933225e-07 -1.35191145 -1.27603556 -1.20942294 -1.15269120 -1.10361778 
5.33669923e-07 -1.35191145 -1.27603556 -1.20942294 -1.15269120 -1.10361778 
4.32876128e-07 -1.35191145 -1.27603556 -1.20942294 -1.15269120 -1.10361778 
3.51119173e-07 -1.35191145 -1.27603556 -1.20942294 -1.15269120 -1.10361778 
2.84803587e-07 -1.35191145 -1.27603556 -1.20942294 -1.15269120 -1.10361778 
2.31012970e-07 -1.35191145 -1.27603556 -1.20942294 -1.15269120 -1.10361778 
1.87381742e-07 -1.35191145 -1.27603556 -1.20942294 -1.15269120 -1.10361778 
1.51991108e-07 -1.35191145 -1.27603556 -1.20942294 -1.15269120 -1.10361778 
1.23284674e-07 -1.35191145 -1.27603556 -1.20942294 -1.15269120 -1.10361778 
1.00000000e-07 -1.35191145 -1.27603556 -1.20942294 -1.15269120 -1.10361778 
P (bar) | log_Na: -2σ | log_Na: -1σ | log_Na: median | log_Na: +1σ | log_Na: +2σ 
1.00000000e+02 -5.84925995 -5.68326937 -5.52083028 -5.35718830 -5.17232041 
8.11130831e+01 -5.84925995 -5.68326937 -5.52083028 -5.35718830 -5.17232041 
6.57933225e+01 -5.84925995 -5.68326937 -5.52083028 -5.35718830 -5.17232041 
5.33669923e+01 -5.84925995 -5.68326937 -5.52083028 -5.35718830 -5.17232041 
4.32876128e+01 -5.84925995 -5.68326937 -5.52083028 -5.35718830 -5.17232041 
3.51119173e+01 -5.84925995 -5.68326937 -5.52083028 -5.35718830 -5.17232041 
2.84803587e+01 -5.84925995 -5.68326937 -5.52083028 -5.35718830 -5.17232041 
2.31012970e+01 -5.84925995 -5.68326937 -5.52083028 -5.35718830 -5.17232041 
1.87381742e+01 -5.84925995 -5.68326937 -5.52083028 -5.35718830 -5.17232041 
1.51991108e+01 -5.84925995 -5.68326937 -5.52083028 -5.35718830 -5.17232041 
1.23284674e+01 -5.84925995 -5.68326937 -5.52083028 -5.35718830 -5.17232041 
1.00000000e+01 -5.84925995 -5.68326937 -5.52083028 -5.35718830 -5.17232041 
8.11130831e+00 -5.84925995 -5.68326937 -5.52083028 -5.35718830 -5.17232041 
6.57933225e+00 -5.84925995 -5.68326937 -5.52083028 -5.35718830 -5.17232041 
5.33669923e+00 -5.84925995 -5.68326937 -5.52083028 -5.35718830 -5.17232041 
4.32876128e+00 -5.84925995 -5.68326937 -5.52083028 -5.35718830 -5.17232041 
3.51119173e+00 -5.84925995 -5.68326937 -5.52083028 -5.35718830 -5.17232041 
2.84803587e+00 -5.84925995 -5.68326937 -5.52083028 -5.35718830 -5.17232041 
2.31012970e+00 -5.84925995 -5.68326937 -5.52083028 -5.35718830 -5.17232041 
1.87381742e+00 -5.84925995 -5.68326937 -5.52083028 -5.35718830 -5.17232041 
1.51991108e+00 -5.84925995 -5.68326937 -5.52083028 -5.35718830 -5.17232041 
1.23284674e+00 -5.84925995 -5.68326937 -5.52083028 -5.35718830 -5.17232041 
1.00000000e+00 -5.84925995 -5.68326937 -5.52083028 -5.35718830 -5.17232041 
8.11130831e-01 -5.84925995 -5.68326937 -5.52083028 -5.35718830 -5.17232041 
6.57933225e-01 -5.84925995 -5.68326937 -5.52083028 -5.35718830 -5.17232041 
5.33669923e-01 -5.84925995 -5.68326937 -5.52083028 -5.35718830 -5.17232041 
4.32876128e-01 -5.84925995 -5.68326937 -5.52083028 -5.35718830 -5.17232041 
3.51119173e-01 -5.84925995 -5.68326937 -5.52083028 -5.35718830 -5.17232041 
2.84803587e-01 -5.84925995 -5.68326937 -5.52083028 -5.35718830 -5.17232041 
2.31012970e-01 -5.84925995 -5.68326937 -5.52083028 -5.35718830 -5.17232041 
1.87381742e-01 -5.84925995 -5.68326937 -5.52083028 -5.35718830 -5.17232041 
1.51991108e-01 -5.84925995 -5.68326937 -5.52083028 -5.35718830 -5.17232041 
1.23284674e-01 -5.84925995 -5.68326937 -5.52083028 -5.35718830 -5.17232041 
1.00000000e-01 -5.84925995 -5.68326937 -5.52083028 -5.35718830 -5.17232041 
8.11130831e-02 -5.84925995 -5.68326937 -5.52083028 -5.35718830 -5.17232041 
6.57933225e-02 -5.84925995 -5.68326937 -5.52083028 -5.35718830 -5.17232041 
5.33669923e-02 -5.84925995 -5.68326937 -5.52083028 -5.35718830 -5.17232041 
4.32876128e-02 -5.84925995 -5.68326937 -5.52083028 -5.35718830 -5.17232041 
3.51119173e-02 -5.84925995 -5.68326937 -5.52083028 -5.35718830 -5.17232041 
2.84803587e-02 -5.84925995 -5.68326937 -5.52083028 -5.35718830 -5.17232041 
2.31012970e-02 -5.84925995 -5.68326937 -5.52083028 -5.35718830 -5.17232041 
1.87381742e-02 -5.84925995 -5.68326937 -5.52083028 -5.35718830 -5.17232041 
1.51991108e-02 -5.84925995 -5.68326937 -5.52083028 -5.35718830 -5.17232041 
1.23284674e-02 -5.84925995 -5.68326937 -5.52083028 -5.35718830 -5.17232041 
1.00000000e-02 -5.84925995 -5.68326937 -5.52083028 -5.35718830 -5.17232041 
8.11130831e-03 -5.84925995 -5.68326937 -5.52083028 -5.35718830 -5.17232041 
6.57933225e-03 -5.84925995 -5.68326937 -5.52083028 -5.35718830 -5.17232041 
5.33669923e-03 -5.84925995 -5.68326937 -5.52083028 -5.35718830 -5.17232041 
4.32876128e-03 -5.84925995 -5.68326937 -5.52083028 -5.35718830 -5.17232041 
3.51119173e-03 -5.84925995 -5.68326937 -5.52083028 -5.35718830 -5.17232041 
2.84803587e-03 -5.84925995 -5.68326937 -5.52083028 -5.35718830 -5.17232041 
2.31012970e-03 -5.84925995 -5.68326937 -5.52083028 -5.35718830 -5.17232041 
1.87381742e-03 -5.84925995 -5.68326937 -5.52083028 -5.35718830 -5.17232041 
1.51991108e-03 -5.84925995 -5.68326937 -5.52083028 -5.35718830 -5.17232041 
1.23284674e-03 -5.84925995 -5.68326937 -5.52083028 -5.35718830 -5.17232041 
1.00000000e-03 -5.84925995 -5.68326937 -5.52083028 -5.35718830 -5.17232041 
8.11130831e-04 -5.84925995 -5.68326937 -5.52083028 -5.35718830 -5.17232041 
6.57933225e-04 -5.84925995 -5.68326937 -5.52083028 -5.35718830 -5.17232041 
5.33669923e-04 -5.84925995 -5.68326937 -5.52083028 -5.35718830 -5.17232041 
4.32876128e-04 -5.84925995 -5.68326937 -5.52083028 -5.35718830 -5.17232041 
3.51119173e-04 -5.84925995 -5.68326937 -5.52083028 -5.35718830 -5.17232041 
2.84803587e-04 -5.84925995 -5.68326937 -5.52083028 -5.35718830 -5.17232041 
2.31012970e-04 -5.84925995 -5.68326937 -5.52083028 -5.35718830 -5.17232041 
1.87381742e-04 -5.84925995 -5.68326937 -5.52083028 -5.35718830 -5.17232041 
1.51991108e-04 -5.84925995 -5.68326937 -5.52083028 -5.35718830 -5.17232041 
1.23284674e-04 -5.84925995 -5.68326937 -5.52083028 -5.35718830 -5.17232041 
1.00000000e-04 -5.84925995 -5.68326937 -5.52083028 -5.35718830 -5.17232041 
8.11130831e-05 -5.84925995 -5.68326937 -5.52083028 -5.35718830 -5.17232041 
6.57933225e-05 -5.84925995 -5.68326937 -5.52083028 -5.35718830 -5.17232041 
5.33669923e-05 -5.84925995 -5.68326937 -5.52083028 -5.35718830 -5.17232041 
4.32876128e-05 -5.84925995 -5.68326937 -5.52083028 -5.35718830 -5.17232041 
3.51119173e-05 -5.84925995 -5.68326937 -5.52083028 -5.35718830 -5.17232041 
2.84803587e-05 -5.84925995 -5.68326937 -5.52083028 -5.35718830 -5.17232041 
2.31012970e-05 -5.84925995 -5.68326937 -5.52083028 -5.35718830 -5.17232041 
1.87381742e-05 -5.84925995 -5.68326937 -5.52083028 -5.35718830 -5.17232041 
1.51991108e-05 -5.84925995 -5.68326937 -5.52083028 -5.35718830 -5.17232041 
1.23284674e-05 -5.84925995 -5.68326937 -5.52083028 -5.35718830 -5.17232041 
1.00000000e-05 -5.84925995 -5.68326937 -5.52083028 -5.35718830 -5.17232041 
8.11130831e-06 -5.84925995 -5.68326937 -5.52083028 -5.35718830 -5.17232041 
6.57933225e-06 -5.84925995 -5.68326937 -5.52083028 -5.35718830 -5.17232041 
5.33669923e-06 -5.84925995 -5.68326937 -5.52083028 -5.35718830 -5.17232041 
4.32876128e-06 -5.84925995 -5.68326937 -5.52083028 -5.35718830 -5.17232041 
3.51119173e-06 -5.84925995 -5.68326937 -5.52083028 -5.35718830 -5.17232041 
2.84803587e-06 -5.84925995 -5.68326937 -5.52083028 -5.35718830 -5.17232041 
2.31012970e-06 -5.84925995 -5.68326937 -5.52083028 -5.35718830 -5.17232041 
1.87381742e-06 -5.84925995 -5.68326937 -5.52083028 -5.35718830 -5.17232041 
1.51991108e-06 -5.84925995 -5.68326937 -5.52083028 -5.35718830 -5.17232041 
1.23284674e-06 -5.84925995 -5.68326937 -5.52083028 -5.35718830 -5.17232041 
1.00000000e-06 -5.84925995 -5.68326937 -5.52083028 -5.35718830 -5.17232041 
8.11130831e-07 -5.84925995 -5.68326937 -5.52083028 -5.35718830 -5.17232041 
6.57933225e-07 -5.84925995 -5.68326937 -5.52083028 -5.35718830 -5.17232041 
5.33669923e-07 -5.84925995 -5.68326937 -5.52083028 -5.35718830 -5.17232041 
4.32876128e-07 -5.84925995 -5.68326937 -5.52083028 -5.35718830 -5.17232041 
3.51119173e-07 -5.84925995 -5.68326937 -5.52083028 -5.35718830 -5.17232041 
2.84803587e-07 -5.84925995 -5.68326937 -5.52083028 -5.35718830 -5.17232041 
2.31012970e-07 -5.84925995 -5.68326937 -5.52083028 -5.35718830 -5.17232041 
1.87381742e-07 -5.84925995 -5.68326937 -5.52083028 -5.35718830 -5.17232041 
1.51991108e-07 -5.84925995 -5.68326937 -5.52083028 -5.35718830 -5.17232041 
1.23284674e-07 -5.84925995 -5.68326937 -5.52083028 -5.35718830 -5.17232041 
1.00000000e-07 -5.84925995 -5.68326937 -5.52083028 -5.35718830 -5.17232041 
P (bar) | log_CH4: -2σ | log_CH4: -1σ | log_CH4: median | log_CH4: +1σ | log_CH4: +2σ 
1.00000000e+02 -8.96719662 -8.82440135 -8.41222001 -7.92623078 -7.42606969 
8.11130831e+01 -8.96719662 -8.82440135 -8.41222001 -7.92623078 -7.42606969 
6.57933225e+01 -8.96719662 -8.82440135 -8.41222001 -7.92623078 -7.42606969 
5.33669923e+01 -8.96719662 -8.82440135 -8.41222001 -7.92623078 -7.42606969 
4.32876128e+01 -8.96719662 -8.82440135 -8.41222001 -7.92623078 -7.42606969 
3.51119173e+01 -8.96719662 -8.82440135 -8.41222001 -7.92623078 -7.42606969 
2.84803587e+01 -8.96719662 -8.82440135 -8.41222001 -7.92623078 -7.42606969 
2.31012970e+01 -8.96719662 -8.82440135 -8.41222001 -7.92623078 -7.42606969 
1.87381742e+01 -8.96719662 -8.82440135 -8.41222001 -7.92623078 -7.42606969 
1.51991108e+01 -8.96719662 -8.82440135 -8.41222001 -7.92623078 -7.42606969 
1.23284674e+01 -8.96719662 -8.82440135 -8.41222001 -7.92623078 -7.42606969 
1.00000000e+01 -8.96719662 -8.82440135 -8.41222001 -7.92623078 -7.42606969 
8.11130831e+00 -8.96719662 -8.82440135 -8.41222001 -7.92623078 -7.42606969 
6.57933225e+00 -8.96719662 -8.82440135 -8.41222001 -7.92623078 -7.42606969 
5.33669923e+00 -8.96719662 -8.82440135 -8.41222001 -7.92623078 -7.42606969 
4.32876128e+00 -8.96719662 -8.82440135 -8.41222001 -7.92623078 -7.42606969 
3.51119173e+00 -8.96719662 -8.82440135 -8.41222001 -7.92623078 -7.42606969 
2.84803587e+00 -8.96719662 -8.82440135 -8.41222001 -7.92623078 -7.42606969 
2.31012970e+00 -8.96719662 -8.82440135 -8.41222001 -7.92623078 -7.42606969 
1.87381742e+00 -8.96719662 -8.82440135 -8.41222001 -7.92623078 -7.42606969 
1.51991108e+00 -8.96719662 -8.82440135 -8.41222001 -7.92623078 -7.42606969 
1.23284674e+00 -8.96719662 -8.82440135 -8.41222001 -7.92623078 -7.42606969 
1.00000000e+00 -8.96719662 -8.82440135 -8.41222001 -7.92623078 -7.42606969 
8.11130831e-01 -8.96719662 -8.82440135 -8.41222001 -7.92623078 -7.42606969 
6.57933225e-01 -8.96719662 -8.82440135 -8.41222001 -7.92623078 -7.42606969 
5.33669923e-01 -8.96719662 -8.82440135 -8.41222001 -7.92623078 -7.42606969 
4.32876128e-01 -8.96719662 -8.82440135 -8.41222001 -7.92623078 -7.42606969 
3.51119173e-01 -8.96719662 -8.82440135 -8.41222001 -7.92623078 -7.42606969 
2.84803587e-01 -8.96719662 -8.82440135 -8.41222001 -7.92623078 -7.42606969 
2.31012970e-01 -8.96719662 -8.82440135 -8.41222001 -7.92623078 -7.42606969 
1.87381742e-01 -8.96719662 -8.82440135 -8.41222001 -7.92623078 -7.42606969 
1.51991108e-01 -8.96719662 -8.82440135 -8.41222001 -7.92623078 -7.42606969 
1.23284674e-01 -8.96719662 -8.82440135 -8.41222001 -7.92623078 -7.42606969 
1.00000000e-01 -8.96719662 -8.82440135 -8.41222001 -7.92623078 -7.42606969 
8.11130831e-02 -8.96719662 -8.82440135 -8.41222001 -7.92623078 -7.42606969 
6.57933225e-02 -8.96719662 -8.82440135 -8.41222001 -7.92623078 -7.42606969 
5.33669923e-02 -8.96719662 -8.82440135 -8.41222001 -7.92623078 -7.42606969 
4.32876128e-02 -8.96719662 -8.82440135 -8.41222001 -7.92623078 -7.42606969 
3.51119173e-02 -8.96719662 -8.82440135 -8.41222001 -7.92623078 -7.42606969 
2.84803587e-02 -8.96719662 -8.82440135 -8.41222001 -7.92623078 -7.42606969 
2.31012970e-02 -8.96719662 -8.82440135 -8.41222001 -7.92623078 -7.42606969 
1.87381742e-02 -8.96719662 -8.82440135 -8.41222001 -7.92623078 -7.42606969 
1.51991108e-02 -8.96719662 -8.82440135 -8.41222001 -7.92623078 -7.42606969 
1.23284674e-02 -8.96719662 -8.82440135 -8.41222001 -7.92623078 -7.42606969 
1.00000000e-02 -8.96719662 -8.82440135 -8.41222001 -7.92623078 -7.42606969 
8.11130831e-03 -8.96719662 -8.82440135 -8.41222001 -7.92623078 -7.42606969 
6.57933225e-03 -8.96719662 -8.82440135 -8.41222001 -7.92623078 -7.42606969 
5.33669923e-03 -8.96719662 -8.82440135 -8.41222001 -7.92623078 -7.42606969 
4.32876128e-03 -8.96719662 -8.82440135 -8.41222001 -7.92623078 -7.42606969 
3.51119173e-03 -8.96719662 -8.82440135 -8.41222001 -7.92623078 -7.42606969 
2.84803587e-03 -8.96719662 -8.82440135 -8.41222001 -7.92623078 -7.42606969 
2.31012970e-03 -8.96719662 -8.82440135 -8.41222001 -7.92623078 -7.42606969 
1.87381742e-03 -8.96719662 -8.82440135 -8.41222001 -7.92623078 -7.42606969 
1.51991108e-03 -8.96719662 -8.82440135 -8.41222001 -7.92623078 -7.42606969 
1.23284674e-03 -8.96719662 -8.82440135 -8.41222001 -7.92623078 -7.42606969 
1.00000000e-03 -8.96719662 -8.82440135 -8.41222001 -7.92623078 -7.42606969 
8.11130831e-04 -8.96719662 -8.82440135 -8.41222001 -7.92623078 -7.42606969 
6.57933225e-04 -8.96719662 -8.82440135 -8.41222001 -7.92623078 -7.42606969 
5.33669923e-04 -8.96719662 -8.82440135 -8.41222001 -7.92623078 -7.42606969 
4.32876128e-04 -8.96719662 -8.82440135 -8.41222001 -7.92623078 -7.42606969 
3.51119173e-04 -8.96719662 -8.82440135 -8.41222001 -7.92623078 -7.42606969 
2.84803587e-04 -8.96719662 -8.82440135 -8.41222001 -7.92623078 -7.42606969 
2.31012970e-04 -8.96719662 -8.82440135 -8.41222001 -7.92623078 -7.42606969 
1.87381742e-04 -8.96719662 -8.82440135 -8.41222001 -7.92623078 -7.42606969 
1.51991108e-04 -8.96719662 -8.82440135 -8.41222001 -7.92623078 -7.42606969 
1.23284674e-04 -8.96719662 -8.82440135 -8.41222001 -7.92623078 -7.42606969 
1.00000000e-04 -8.96719662 -8.82440135 -8.41222001 -7.92623078 -7.42606969 
8.11130831e-05 -8.96719662 -8.82440135 -8.41222001 -7.92623078 -7.42606969 
6.57933225e-05 -8.96719662 -8.82440135 -8.41222001 -7.92623078 -7.42606969 
5.33669923e-05 -8.96719662 -8.82440135 -8.41222001 -7.92623078 -7.42606969 
4.32876128e-05 -8.96719662 -8.82440135 -8.41222001 -7.92623078 -7.42606969 
3.51119173e-05 -8.96719662 -8.82440135 -8.41222001 -7.92623078 -7.42606969 
2.84803587e-05 -8.96719662 -8.82440135 -8.41222001 -7.92623078 -7.42606969 
2.31012970e-05 -8.96719662 -8.82440135 -8.41222001 -7.92623078 -7.42606969 
1.87381742e-05 -8.96719662 -8.82440135 -8.41222001 -7.92623078 -7.42606969 
1.51991108e-05 -8.96719662 -8.82440135 -8.41222001 -7.92623078 -7.42606969 
1.23284674e-05 -8.96719662 -8.82440135 -8.41222001 -7.92623078 -7.42606969 
1.00000000e-05 -8.96719662 -8.82440135 -8.41222001 -7.92623078 -7.42606969 
8.11130831e-06 -8.96719662 -8.82440135 -8.41222001 -7.92623078 -7.42606969 
6.57933225e-06 -8.96719662 -8.82440135 -8.41222001 -7.92623078 -7.42606969 
5.33669923e-06 -8.96719662 -8.82440135 -8.41222001 -7.92623078 -7.42606969 
4.32876128e-06 -8.96719662 -8.82440135 -8.41222001 -7.92623078 -7.42606969 
3.51119173e-06 -8.96719662 -8.82440135 -8.41222001 -7.92623078 -7.42606969 
2.84803587e-06 -8.96719662 -8.82440135 -8.41222001 -7.92623078 -7.42606969 
2.31012970e-06 -8.96719662 -8.82440135 -8.41222001 -7.92623078 -7.42606969 
1.87381742e-06 -8.96719662 -8.82440135 -8.41222001 -7.92623078 -7.42606969 
1.51991108e-06 -8.96719662 -8.82440135 -8.41222001 -7.92623078 -7.42606969 
1.23284674e-06 -8.96719662 -8.82440135 -8.41222001 -7.92623078 -7.42606969 
1.00000000e-06 -8.96719662 -8.82440135 -8.41222001 -7.92623078 -7.42606969 
8.11130831e-07 -8.96719662 -8.82440135 -8.41222001 -7.92623078 -7.42606969 
6.57933225e-07 -8.96719662 -8.82440135 -8.41222001 -7.92623078 -7.42606969 
5.33669923e-07 -8.96719662 -8.82440135 -8.41222001 -7.92623078 -7.42606969 
4.32876128e-07 -8.96719662 -8.82440135 -8.41222001 -7.92623078 -7.42606969 
3.51119173e-07 -8.96719662 -8.82440135 -8.41222001 -7.92623078 -7.42606969 
2.84803587e-07 -8.96719662 -8.82440135 -8.41222001 -7.92623078 -7.42606969 
2.31012970e-07 -8.96719662 -8.82440135 -8.41222001 -7.92623078 -7.42606969 
1.87381742e-07 -8.96719662 -8.82440135 -8.41222001 -7.92623078 -7.42606969 
1.51991108e-07 -8.96719662 -8.82440135 -8.41222001 -7.92623078 -7.42606969 
1.23284674e-07 -8.96719662 -8.82440135 -8.41222001 -7.92623078 -7.42606969 
1.00000000e-07 -8.96719662 -8.82440135 -8.41222001 -7.92623078 -7.42606969 
P (bar) | log_H2S: -2σ | log_H2S: -1σ | log_H2S: median | log_H2S: +1σ | log_H2S: +2σ 
1.00000000e+02 -6.95910928 -6.68037469 -5.81521735 -5.05274698 -4.58115942 
8.11130831e+01 -6.95910928 -6.68037469 -5.81521735 -5.05274698 -4.58115942 
6.57933225e+01 -6.95910928 -6.68037469 -5.81521735 -5.05274698 -4.58115942 
5.33669923e+01 -6.95910928 -6.68037469 -5.81521735 -5.05274698 -4.58115942 
4.32876128e+01 -6.95910928 -6.68037469 -5.81521735 -5.05274698 -4.58115942 
3.51119173e+01 -6.95910928 -6.68037469 -5.81521735 -5.05274698 -4.58115942 
2.84803587e+01 -6.95910928 -6.68037469 -5.81521735 -5.05274698 -4.58115942 
2.31012970e+01 -6.95910928 -6.68037469 -5.81521735 -5.05274698 -4.58115942 
1.87381742e+01 -6.95910928 -6.68037469 -5.81521735 -5.05274698 -4.58115942 
1.51991108e+01 -6.95910928 -6.68037469 -5.81521735 -5.05274698 -4.58115942 
1.23284674e+01 -6.95910928 -6.68037469 -5.81521735 -5.05274698 -4.58115942 
1.00000000e+01 -6.95910928 -6.68037469 -5.81521735 -5.05274698 -4.58115942 
8.11130831e+00 -6.95910928 -6.68037469 -5.81521735 -5.05274698 -4.58115942 
6.57933225e+00 -6.95910928 -6.68037469 -5.81521735 -5.05274698 -4.58115942 
5.33669923e+00 -6.95910928 -6.68037469 -5.81521735 -5.05274698 -4.58115942 
4.32876128e+00 -6.95910928 -6.68037469 -5.81521735 -5.05274698 -4.58115942 
3.51119173e+00 -6.95910928 -6.68037469 -5.81521735 -5.05274698 -4.58115942 
2.84803587e+00 -6.95910928 -6.68037469 -5.81521735 -5.05274698 -4.58115942 
2.31012970e+00 -6.95910928 -6.68037469 -5.81521735 -5.05274698 -4.58115942 
1.87381742e+00 -6.95910928 -6.68037469 -5.81521735 -5.05274698 -4.58115942 
1.51991108e+00 -6.95910928 -6.68037469 -5.81521735 -5.05274698 -4.58115942 
1.23284674e+00 -6.95910928 -6.68037469 -5.81521735 -5.05274698 -4.58115942 
1.00000000e+00 -6.95910928 -6.68037469 -5.81521735 -5.05274698 -4.58115942 
8.11130831e-01 -6.95910928 -6.68037469 -5.81521735 -5.05274698 -4.58115942 
6.57933225e-01 -6.95910928 -6.68037469 -5.81521735 -5.05274698 -4.58115942 
5.33669923e-01 -6.95910928 -6.68037469 -5.81521735 -5.05274698 -4.58115942 
4.32876128e-01 -6.95910928 -6.68037469 -5.81521735 -5.05274698 -4.58115942 
3.51119173e-01 -6.95910928 -6.68037469 -5.81521735 -5.05274698 -4.58115942 
2.84803587e-01 -6.95910928 -6.68037469 -5.81521735 -5.05274698 -4.58115942 
2.31012970e-01 -6.95910928 -6.68037469 -5.81521735 -5.05274698 -4.58115942 
1.87381742e-01 -6.95910928 -6.68037469 -5.81521735 -5.05274698 -4.58115942 
1.51991108e-01 -6.95910928 -6.68037469 -5.81521735 -5.05274698 -4.58115942 
1.23284674e-01 -6.95910928 -6.68037469 -5.81521735 -5.05274698 -4.58115942 
1.00000000e-01 -6.95910928 -6.68037469 -5.81521735 -5.05274698 -4.58115942 
8.11130831e-02 -6.95910928 -6.68037469 -5.81521735 -5.05274698 -4.58115942 
6.57933225e-02 -6.95910928 -6.68037469 -5.81521735 -5.05274698 -4.58115942 
5.33669923e-02 -6.95910928 -6.68037469 -5.81521735 -5.05274698 -4.58115942 
4.32876128e-02 -6.95910928 -6.68037469 -5.81521735 -5.05274698 -4.58115942 
3.51119173e-02 -6.95910928 -6.68037469 -5.81521735 -5.05274698 -4.58115942 
2.84803587e-02 -6.95910928 -6.68037469 -5.81521735 -5.05274698 -4.58115942 
2.31012970e-02 -6.95910928 -6.68037469 -5.81521735 -5.05274698 -4.58115942 
1.87381742e-02 -6.95910928 -6.68037469 -5.81521735 -5.05274698 -4.58115942 
1.51991108e-02 -6.95910928 -6.68037469 -5.81521735 -5.05274698 -4.58115942 
1.23284674e-02 -6.95910928 -6.68037469 -5.81521735 -5.05274698 -4.58115942 
1.00000000e-02 -6.95910928 -6.68037469 -5.81521735 -5.05274698 -4.58115942 
8.11130831e-03 -6.95910928 -6.68037469 -5.81521735 -5.05274698 -4.58115942 
6.57933225e-03 -6.95910928 -6.68037469 -5.81521735 -5.05274698 -4.58115942 
5.33669923e-03 -6.95910928 -6.68037469 -5.81521735 -5.05274698 -4.58115942 
4.32876128e-03 -6.95910928 -6.68037469 -5.81521735 -5.05274698 -4.58115942 
3.51119173e-03 -6.95910928 -6.68037469 -5.81521735 -5.05274698 -4.58115942 
2.84803587e-03 -6.95910928 -6.68037469 -5.81521735 -5.05274698 -4.58115942 
2.31012970e-03 -6.95910928 -6.68037469 -5.81521735 -5.05274698 -4.58115942 
1.87381742e-03 -6.95910928 -6.68037469 -5.81521735 -5.05274698 -4.58115942 
1.51991108e-03 -6.95910928 -6.68037469 -5.81521735 -5.05274698 -4.58115942 
1.23284674e-03 -6.95910928 -6.68037469 -5.81521735 -5.05274698 -4.58115942 
1.00000000e-03 -6.95910928 -6.68037469 -5.81521735 -5.05274698 -4.58115942 
8.11130831e-04 -6.95910928 -6.68037469 -5.81521735 -5.05274698 -4.58115942 
6.57933225e-04 -6.95910928 -6.68037469 -5.81521735 -5.05274698 -4.58115942 
5.33669923e-04 -6.95910928 -6.68037469 -5.81521735 -5.05274698 -4.58115942 
4.32876128e-04 -6.95910928 -6.68037469 -5.81521735 -5.05274698 -4.58115942 
3.51119173e-04 -6.95910928 -6.68037469 -5.81521735 -5.05274698 -4.58115942 
2.84803587e-04 -6.95910928 -6.68037469 -5.81521735 -5.05274698 -4.58115942 
2.31012970e-04 -6.95910928 -6.68037469 -5.81521735 -5.05274698 -4.58115942 
1.87381742e-04 -6.95910928 -6.68037469 -5.81521735 -5.05274698 -4.58115942 
1.51991108e-04 -6.95910928 -6.68037469 -5.81521735 -5.05274698 -4.58115942 
1.23284674e-04 -6.95910928 -6.68037469 -5.81521735 -5.05274698 -4.58115942 
1.00000000e-04 -6.95910928 -6.68037469 -5.81521735 -5.05274698 -4.58115942 
8.11130831e-05 -6.95910928 -6.68037469 -5.81521735 -5.05274698 -4.58115942 
6.57933225e-05 -6.95910928 -6.68037469 -5.81521735 -5.05274698 -4.58115942 
5.33669923e-05 -6.95910928 -6.68037469 -5.81521735 -5.05274698 -4.58115942 
4.32876128e-05 -6.95910928 -6.68037469 -5.81521735 -5.05274698 -4.58115942 
3.51119173e-05 -6.95910928 -6.68037469 -5.81521735 -5.05274698 -4.58115942 
2.84803587e-05 -6.95910928 -6.68037469 -5.81521735 -5.05274698 -4.58115942 
2.31012970e-05 -6.95910928 -6.68037469 -5.81521735 -5.05274698 -4.58115942 
1.87381742e-05 -6.95910928 -6.68037469 -5.81521735 -5.05274698 -4.58115942 
1.51991108e-05 -6.95910928 -6.68037469 -5.81521735 -5.05274698 -4.58115942 
1.23284674e-05 -6.95910928 -6.68037469 -5.81521735 -5.05274698 -4.58115942 
1.00000000e-05 -6.95910928 -6.68037469 -5.81521735 -5.05274698 -4.58115942 
8.11130831e-06 -6.95910928 -6.68037469 -5.81521735 -5.05274698 -4.58115942 
6.57933225e-06 -6.95910928 -6.68037469 -5.81521735 -5.05274698 -4.58115942 
5.33669923e-06 -6.95910928 -6.68037469 -5.81521735 -5.05274698 -4.58115942 
4.32876128e-06 -6.95910928 -6.68037469 -5.81521735 -5.05274698 -4.58115942 
3.51119173e-06 -6.95910928 -6.68037469 -5.81521735 -5.05274698 -4.58115942 
2.84803587e-06 -6.95910928 -6.68037469 -5.81521735 -5.05274698 -4.58115942 
2.31012970e-06 -6.95910928 -6.68037469 -5.81521735 -5.05274698 -4.58115942 
1.87381742e-06 -6.95910928 -6.68037469 -5.81521735 -5.05274698 -4.58115942 
1.51991108e-06 -6.95910928 -6.68037469 -5.81521735 -5.05274698 -4.58115942 
1.23284674e-06 -6.95910928 -6.68037469 -5.81521735 -5.05274698 -4.58115942 
1.00000000e-06 -6.95910928 -6.68037469 -5.81521735 -5.05274698 -4.58115942 
8.11130831e-07 -6.95910928 -6.68037469 -5.81521735 -5.05274698 -4.58115942 
6.57933225e-07 -6.95910928 -6.68037469 -5.81521735 -5.05274698 -4.58115942 
5.33669923e-07 -6.95910928 -6.68037469 -5.81521735 -5.05274698 -4.58115942 
4.32876128e-07 -6.95910928 -6.68037469 -5.81521735 -5.05274698 -4.58115942 
3.51119173e-07 -6.95910928 -6.68037469 -5.81521735 -5.05274698 -4.58115942 
2.84803587e-07 -6.95910928 -6.68037469 -5.81521735 -5.05274698 -4.58115942 
2.31012970e-07 -6.95910928 -6.68037469 -5.81521735 -5.05274698 -4.58115942 
1.87381742e-07 -6.95910928 -6.68037469 -5.81521735 -5.05274698 -4.58115942 
1.51991108e-07 -6.95910928 -6.68037469 -5.81521735 -5.05274698 -4.58115942 
1.23284674e-07 -6.95910928 -6.68037469 -5.81521735 -5.05274698 -4.58115942 
1.00000000e-07 -6.95910928 -6.68037469 -5.81521735 -5.05274698 -4.58115942 
