Chemical species: H2 He H2O CO2 SO2 K CO CH4 H2S
P (bar) | log_H2: -2σ | log_H2: -1σ | log_H2: median | log_H2: +1σ | log_H2: +2σ 
1.00000000e+02 -0.08391989 -0.08129821 -0.07886977 -0.07680448 -0.07495020 
8.11130831e+01 -0.08391989 -0.08129821 -0.07886977 -0.07680448 -0.07495020 
6.57933225e+01 -0.08391989 -0.08129821 -0.07886977 -0.07680448 -0.07495020 
5.33669923e+01 -0.08391989 -0.08129821 -0.07886977 -0.07680448 -0.07495020 
4.32876128e+01 -0.08391989 -0.08129821 -0.07886977 -0.07680448 -0.07495020 
3.51119173e+01 -0.08391989 -0.08129821 -0.07886977 -0.07680448 -0.07495020 
2.84803587e+01 -0.08391989 -0.08129821 -0.07886977 -0.07680448 -0.07495020 
2.31012970e+01 -0.08391989 -0.08129821 -0.07886977 -0.07680448 -0.07495020 
1.87381742e+01 -0.08391989 -0.08129821 -0.07886977 -0.07680448 -0.07495020 
1.51991108e+01 -0.08391989 -0.08129821 -0.07886977 -0.07680448 -0.07495020 
1.23284674e+01 -0.08391989 -0.08129821 -0.07886977 -0.07680448 -0.07495020 
1.00000000e+01 -0.08391989 -0.08129821 -0.07886977 -0.07680448 -0.07495020 
8.11130831e+00 -0.08391989 -0.08129821 -0.07886977 -0.07680448 -0.07495020 
6.57933225e+00 -0.08391989 -0.08129821 -0.07886977 -0.07680448 -0.07495020 
5.33669923e+00 -0.08391989 -0.08129821 -0.07886977 -0.07680448 -0.07495020 
4.32876128e+00 -0.08391989 -0.08129821 -0.07886977 -0.07680448 -0.07495020 
3.51119173e+00 -0.08391989 -0.08129821 -0.07886977 -0.07680448 -0.07495020 
2.84803587e+00 -0.08391989 -0.08129821 -0.07886977 -0.07680448 -0.07495020 
2.31012970e+00 -0.08391989 -0.08129821 -0.07886977 -0.07680448 -0.07495020 
1.87381742e+00 -0.08391989 -0.08129821 -0.07886977 -0.07680448 -0.07495020 
1.51991108e+00 -0.08391989 -0.08129821 -0.07886977 -0.07680448 -0.07495020 
1.23284674e+00 -0.08391989 -0.08129821 -0.07886977 -0.07680448 -0.07495020 
1.00000000e+00 -0.08391989 -0.08129821 -0.07886977 -0.07680448 -0.07495020 
8.11130831e-01 -0.08391989 -0.08129821 -0.07886977 -0.07680448 -0.07495020 
6.57933225e-01 -0.08391989 -0.08129821 -0.07886977 -0.07680448 -0.07495020 
5.33669923e-01 -0.08391989 -0.08129821 -0.07886977 -0.07680448 -0.07495020 
4.32876128e-01 -0.08391989 -0.08129821 -0.07886977 -0.07680448 -0.07495020 
3.51119173e-01 -0.08391989 -0.08129821 -0.07886977 -0.07680448 -0.07495020 
2.84803587e-01 -0.08391989 -0.08129821 -0.07886977 -0.07680448 -0.07495020 
2.31012970e-01 -0.08391989 -0.08129821 -0.07886977 -0.07680448 -0.07495020 
1.87381742e-01 -0.08391989 -0.08129821 -0.07886977 -0.07680448 -0.07495020 
1.51991108e-01 -0.08391989 -0.08129821 -0.07886977 -0.07680448 -0.07495020 
1.23284674e-01 -0.08391989 -0.08129821 -0.07886977 -0.07680448 -0.07495020 
1.00000000e-01 -0.08391989 -0.08129821 -0.07886977 -0.07680448 -0.07495020 
8.11130831e-02 -0.08391989 -0.08129821 -0.07886977 -0.07680448 -0.07495020 
6.57933225e-02 -0.08391989 -0.08129821 -0.07886977 -0.07680448 -0.07495020 
5.33669923e-02 -0.08391989 -0.08129821 -0.07886977 -0.07680448 -0.07495020 
4.32876128e-02 -0.08391989 -0.08129821 -0.07886977 -0.07680448 -0.07495020 
3.51119173e-02 -0.08391989 -0.08129821 -0.07886977 -0.07680448 -0.07495020 
2.84803587e-02 -0.08391989 -0.08129821 -0.07886977 -0.07680448 -0.07495020 
2.31012970e-02 -0.08391989 -0.08129821 -0.07886977 -0.07680448 -0.07495020 
1.87381742e-02 -0.08391989 -0.08129821 -0.07886977 -0.07680448 -0.07495020 
1.51991108e-02 -0.08391989 -0.08129821 -0.07886977 -0.07680448 -0.07495020 
1.23284674e-02 -0.08391989 -0.08129821 -0.07886977 -0.07680448 -0.07495020 
1.00000000e-02 -0.08391989 -0.08129821 -0.07886977 -0.07680448 -0.07495020 
8.11130831e-03 -0.08391989 -0.08129821 -0.07886977 -0.07680448 -0.07495020 
6.57933225e-03 -0.08391989 -0.08129821 -0.07886977 -0.07680448 -0.07495020 
5.33669923e-03 -0.08391989 -0.08129821 -0.07886977 -0.07680448 -0.07495020 
4.32876128e-03 -0.08391989 -0.08129821 -0.07886977 -0.07680448 -0.07495020 
3.51119173e-03 -0.08391989 -0.08129821 -0.07886977 -0.07680448 -0.07495020 
2.84803587e-03 -0.08391989 -0.08129821 -0.07886977 -0.07680448 -0.07495020 
2.31012970e-03 -0.08391989 -0.08129821 -0.07886977 -0.07680448 -0.07495020 
1.87381742e-03 -0.08391989 -0.08129821 -0.07886977 -0.07680448 -0.07495020 
1.51991108e-03 -0.08391989 -0.08129821 -0.07886977 -0.07680448 -0.07495020 
1.23284674e-03 -0.08391989 -0.08129821 -0.07886977 -0.07680448 -0.07495020 
1.00000000e-03 -0.08391989 -0.08129821 -0.07886977 -0.07680448 -0.07495020 
8.11130831e-04 -0.08391989 -0.08129821 -0.07886977 -0.07680448 -0.07495020 
6.57933225e-04 -0.08391989 -0.08129821 -0.07886977 -0.07680448 -0.07495020 
5.33669923e-04 -0.08391989 -0.08129821 -0.07886977 -0.07680448 -0.07495020 
4.32876128e-04 -0.08391989 -0.08129821 -0.07886977 -0.07680448 -0.07495020 
3.51119173e-04 -0.08391989 -0.08129821 -0.07886977 -0.07680448 -0.07495020 
2.84803587e-04 -0.08391989 -0.08129821 -0.07886977 -0.07680448 -0.07495020 
2.31012970e-04 -0.08391989 -0.08129821 -0.07886977 -0.07680448 -0.07495020 
1.87381742e-04 -0.08391989 -0.08129821 -0.07886977 -0.07680448 -0.07495020 
1.51991108e-04 -0.08391989 -0.08129821 -0.07886977 -0.07680448 -0.07495020 
1.23284674e-04 -0.08391989 -0.08129821 -0.07886977 -0.07680448 -0.07495020 
1.00000000e-04 -0.08391989 -0.08129821 -0.07886977 -0.07680448 -0.07495020 
8.11130831e-05 -0.08391989 -0.08129821 -0.07886977 -0.07680448 -0.07495020 
6.57933225e-05 -0.08391989 -0.08129821 -0.07886977 -0.07680448 -0.07495020 
5.33669923e-05 -0.08391989 -0.08129821 -0.07886977 -0.07680448 -0.07495020 
4.32876128e-05 -0.08391989 -0.08129821 -0.07886977 -0.07680448 -0.07495020 
3.51119173e-05 -0.08391989 -0.08129821 -0.07886977 -0.07680448 -0.07495020 
2.84803587e-05 -0.08391989 -0.08129821 -0.07886977 -0.07680448 -0.07495020 
2.31012970e-05 -0.08391989 -0.08129821 -0.07886977 -0.07680448 -0.07495020 
1.87381742e-05 -0.08391989 -0.08129821 -0.07886977 -0.07680448 -0.07495020 
1.51991108e-05 -0.08391989 -0.08129821 -0.07886977 -0.07680448 -0.07495020 
1.23284674e-05 -0.08391989 -0.08129821 -0.07886977 -0.07680448 -0.07495020 
1.00000000e-05 -0.08391989 -0.08129821 -0.07886977 -0.07680448 -0.07495020 
8.11130831e-06 -0.08391989 -0.08129821 -0.07886977 -0.07680448 -0.07495020 
6.57933225e-06 -0.08391989 -0.08129821 -0.07886977 -0.07680448 -0.07495020 
5.33669923e-06 -0.08391989 -0.08129821 -0.07886977 -0.07680448 -0.07495020 
4.32876128e-06 -0.08391989 -0.08129821 -0.07886977 -0.07680448 -0.07495020 
3.51119173e-06 -0.08391989 -0.08129821 -0.07886977 -0.07680448 -0.07495020 
2.84803587e-06 -0.08391989 -0.08129821 -0.07886977 -0.07680448 -0.07495020 
2.31012970e-06 -0.08391989 -0.08129821 -0.07886977 -0.07680448 -0.07495020 
1.87381742e-06 -0.08391989 -0.08129821 -0.07886977 -0.07680448 -0.07495020 
1.51991108e-06 -0.08391989 -0.08129821 -0.07886977 -0.07680448 -0.07495020 
1.23284674e-06 -0.08391989 -0.08129821 -0.07886977 -0.07680448 -0.07495020 
1.00000000e-06 -0.08391989 -0.08129821 -0.07886977 -0.07680448 -0.07495020 
8.11130831e-07 -0.08391989 -0.08129821 -0.07886977 -0.07680448 -0.07495020 
6.57933225e-07 -0.08391989 -0.08129821 -0.07886977 -0.07680448 -0.07495020 
5.33669923e-07 -0.08391989 -0.08129821 -0.07886977 -0.07680448 -0.07495020 
4.32876128e-07 -0.08391989 -0.08129821 -0.07886977 -0.07680448 -0.07495020 
3.51119173e-07 -0.08391989 -0.08129821 -0.07886977 -0.07680448 -0.07495020 
2.84803587e-07 -0.08391989 -0.08129821 -0.07886977 -0.07680448 -0.07495020 
2.31012970e-07 -0.08391989 -0.08129821 -0.07886977 -0.07680448 -0.07495020 
1.87381742e-07 -0.08391989 -0.08129821 -0.07886977 -0.07680448 -0.07495020 
1.51991108e-07 -0.08391989 -0.08129821 -0.07886977 -0.07680448 -0.07495020 
1.23284674e-07 -0.08391989 -0.08129821 -0.07886977 -0.07680448 -0.07495020 
1.00000000e-07 -0.08391989 -0.08129821 -0.07886977 -0.07680448 -0.07495020 
P (bar) | log_He: -2σ | log_He: -1σ | log_He: median | log_He: +1σ | log_He: +2σ 
1.00000000e+02 -0.85347097 -0.85084929 -0.84842085 -0.84635555 -0.84450128 
8.11130831e+01 -0.85347097 -0.85084929 -0.84842085 -0.84635555 -0.84450128 
6.57933225e+01 -0.85347097 -0.85084929 -0.84842085 -0.84635555 -0.84450128 
5.33669923e+01 -0.85347097 -0.85084929 -0.84842085 -0.84635555 -0.84450128 
4.32876128e+01 -0.85347097 -0.85084929 -0.84842085 -0.84635555 -0.84450128 
3.51119173e+01 -0.85347097 -0.85084929 -0.84842085 -0.84635555 -0.84450128 
2.84803587e+01 -0.85347097 -0.85084929 -0.84842085 -0.84635555 -0.84450128 
2.31012970e+01 -0.85347097 -0.85084929 -0.84842085 -0.84635555 -0.84450128 
1.87381742e+01 -0.85347097 -0.85084929 -0.84842085 -0.84635555 -0.84450128 
1.51991108e+01 -0.85347097 -0.85084929 -0.84842085 -0.84635555 -0.84450128 
1.23284674e+01 -0.85347097 -0.85084929 -0.84842085 -0.84635555 -0.84450128 
1.00000000e+01 -0.85347097 -0.85084929 -0.84842085 -0.84635555 -0.84450128 
8.11130831e+00 -0.85347097 -0.85084929 -0.84842085 -0.84635555 -0.84450128 
6.57933225e+00 -0.85347097 -0.85084929 -0.84842085 -0.84635555 -0.84450128 
5.33669923e+00 -0.85347097 -0.85084929 -0.84842085 -0.84635555 -0.84450128 
4.32876128e+00 -0.85347097 -0.85084929 -0.84842085 -0.84635555 -0.84450128 
3.51119173e+00 -0.85347097 -0.85084929 -0.84842085 -0.84635555 -0.84450128 
2.84803587e+00 -0.85347097 -0.85084929 -0.84842085 -0.84635555 -0.84450128 
2.31012970e+00 -0.85347097 -0.85084929 -0.84842085 -0.84635555 -0.84450128 
1.87381742e+00 -0.85347097 -0.85084929 -0.84842085 -0.84635555 -0.84450128 
1.51991108e+00 -0.85347097 -0.85084929 -0.84842085 -0.84635555 -0.84450128 
1.23284674e+00 -0.85347097 -0.85084929 -0.84842085 -0.84635555 -0.84450128 
1.00000000e+00 -0.85347097 -0.85084929 -0.84842085 -0.84635555 -0.84450128 
8.11130831e-01 -0.85347097 -0.85084929 -0.84842085 -0.84635555 -0.84450128 
6.57933225e-01 -0.85347097 -0.85084929 -0.84842085 -0.84635555 -0.84450128 
5.33669923e-01 -0.85347097 -0.85084929 -0.84842085 -0.84635555 -0.84450128 
4.32876128e-01 -0.85347097 -0.85084929 -0.84842085 -0.84635555 -0.84450128 
3.51119173e-01 -0.85347097 -0.85084929 -0.84842085 -0.84635555 -0.84450128 
2.84803587e-01 -0.85347097 -0.85084929 -0.84842085 -0.84635555 -0.84450128 
2.31012970e-01 -0.85347097 -0.85084929 -0.84842085 -0.84635555 -0.84450128 
1.87381742e-01 -0.85347097 -0.85084929 -0.84842085 -0.84635555 -0.84450128 
1.51991108e-01 -0.85347097 -0.85084929 -0.84842085 -0.84635555 -0.84450128 
1.23284674e-01 -0.85347097 -0.85084929 -0.84842085 -0.84635555 -0.84450128 
1.00000000e-01 -0.85347097 -0.85084929 -0.84842085 -0.84635555 -0.84450128 
8.11130831e-02 -0.85347097 -0.85084929 -0.84842085 -0.84635555 -0.84450128 
6.57933225e-02 -0.85347097 -0.85084929 -0.84842085 -0.84635555 -0.84450128 
5.33669923e-02 -0.85347097 -0.85084929 -0.84842085 -0.84635555 -0.84450128 
4.32876128e-02 -0.85347097 -0.85084929 -0.84842085 -0.84635555 -0.84450128 
3.51119173e-02 -0.85347097 -0.85084929 -0.84842085 -0.84635555 -0.84450128 
2.84803587e-02 -0.85347097 -0.85084929 -0.84842085 -0.84635555 -0.84450128 
2.31012970e-02 -0.85347097 -0.85084929 -0.84842085 -0.84635555 -0.84450128 
1.87381742e-02 -0.85347097 -0.85084929 -0.84842085 -0.84635555 -0.84450128 
1.51991108e-02 -0.85347097 -0.85084929 -0.84842085 -0.84635555 -0.84450128 
1.23284674e-02 -0.85347097 -0.85084929 -0.84842085 -0.84635555 -0.84450128 
1.00000000e-02 -0.85347097 -0.85084929 -0.84842085 -0.84635555 -0.84450128 
8.11130831e-03 -0.85347097 -0.85084929 -0.84842085 -0.84635555 -0.84450128 
6.57933225e-03 -0.85347097 -0.85084929 -0.84842085 -0.84635555 -0.84450128 
5.33669923e-03 -0.85347097 -0.85084929 -0.84842085 -0.84635555 -0.84450128 
4.32876128e-03 -0.85347097 -0.85084929 -0.84842085 -0.84635555 -0.84450128 
3.51119173e-03 -0.85347097 -0.85084929 -0.84842085 -0.84635555 -0.84450128 
2.84803587e-03 -0.85347097 -0.85084929 -0.84842085 -0.84635555 -0.84450128 
2.31012970e-03 -0.85347097 -0.85084929 -0.84842085 -0.84635555 -0.84450128 
1.87381742e-03 -0.85347097 -0.85084929 -0.84842085 -0.84635555 -0.84450128 
1.51991108e-03 -0.85347097 -0.85084929 -0.84842085 -0.84635555 -0.84450128 
1.23284674e-03 -0.85347097 -0.85084929 -0.84842085 -0.84635555 -0.84450128 
1.00000000e-03 -0.85347097 -0.85084929 -0.84842085 -0.84635555 -0.84450128 
8.11130831e-04 -0.85347097 -0.85084929 -0.84842085 -0.84635555 -0.84450128 
6.57933225e-04 -0.85347097 -0.85084929 -0.84842085 -0.84635555 -0.84450128 
5.33669923e-04 -0.85347097 -0.85084929 -0.84842085 -0.84635555 -0.84450128 
4.32876128e-04 -0.85347097 -0.85084929 -0.84842085 -0.84635555 -0.84450128 
3.51119173e-04 -0.85347097 -0.85084929 -0.84842085 -0.84635555 -0.84450128 
2.84803587e-04 -0.85347097 -0.85084929 -0.84842085 -0.84635555 -0.84450128 
2.31012970e-04 -0.85347097 -0.85084929 -0.84842085 -0.84635555 -0.84450128 
1.87381742e-04 -0.85347097 -0.85084929 -0.84842085 -0.84635555 -0.84450128 
1.51991108e-04 -0.85347097 -0.85084929 -0.84842085 -0.84635555 -0.84450128 
1.23284674e-04 -0.85347097 -0.85084929 -0.84842085 -0.84635555 -0.84450128 
1.00000000e-04 -0.85347097 -0.85084929 -0.84842085 -0.84635555 -0.84450128 
8.11130831e-05 -0.85347097 -0.85084929 -0.84842085 -0.84635555 -0.84450128 
6.57933225e-05 -0.85347097 -0.85084929 -0.84842085 -0.84635555 -0.84450128 
5.33669923e-05 -0.85347097 -0.85084929 -0.84842085 -0.84635555 -0.84450128 
4.32876128e-05 -0.85347097 -0.85084929 -0.84842085 -0.84635555 -0.84450128 
3.51119173e-05 -0.85347097 -0.85084929 -0.84842085 -0.84635555 -0.84450128 
2.84803587e-05 -0.85347097 -0.85084929 -0.84842085 -0.84635555 -0.84450128 
2.31012970e-05 -0.85347097 -0.85084929 -0.84842085 -0.84635555 -0.84450128 
1.87381742e-05 -0.85347097 -0.85084929 -0.84842085 -0.84635555 -0.84450128 
1.51991108e-05 -0.85347097 -0.85084929 -0.84842085 -0.84635555 -0.84450128 
1.23284674e-05 -0.85347097 -0.85084929 -0.84842085 -0.84635555 -0.84450128 
1.00000000e-05 -0.85347097 -0.85084929 -0.84842085 -0.84635555 -0.84450128 
8.11130831e-06 -0.85347097 -0.85084929 -0.84842085 -0.84635555 -0.84450128 
6.57933225e-06 -0.85347097 -0.85084929 -0.84842085 -0.84635555 -0.84450128 
5.33669923e-06 -0.85347097 -0.85084929 -0.84842085 -0.84635555 -0.84450128 
4.32876128e-06 -0.85347097 -0.85084929 -0.84842085 -0.84635555 -0.84450128 
3.51119173e-06 -0.85347097 -0.85084929 -0.84842085 -0.84635555 -0.84450128 
2.84803587e-06 -0.85347097 -0.85084929 -0.84842085 -0.84635555 -0.84450128 
2.31012970e-06 -0.85347097 -0.85084929 -0.84842085 -0.84635555 -0.84450128 
1.87381742e-06 -0.85347097 -0.85084929 -0.84842085 -0.84635555 -0.84450128 
1.51991108e-06 -0.85347097 -0.85084929 -0.84842085 -0.84635555 -0.84450128 
1.23284674e-06 -0.85347097 -0.85084929 -0.84842085 -0.84635555 -0.84450128 
1.00000000e-06 -0.85347097 -0.85084929 -0.84842085 -0.84635555 -0.84450128 
8.11130831e-07 -0.85347097 -0.85084929 -0.84842085 -0.84635555 -0.84450128 
6.57933225e-07 -0.85347097 -0.85084929 -0.84842085 -0.84635555 -0.84450128 
5.33669923e-07 -0.85347097 -0.85084929 -0.84842085 -0.84635555 -0.84450128 
4.32876128e-07 -0.85347097 -0.85084929 -0.84842085 -0.84635555 -0.84450128 
3.51119173e-07 -0.85347097 -0.85084929 -0.84842085 -0.84635555 -0.84450128 
2.84803587e-07 -0.85347097 -0.85084929 -0.84842085 -0.84635555 -0.84450128 
2.31012970e-07 -0.85347097 -0.85084929 -0.84842085 -0.84635555 -0.84450128 
1.87381742e-07 -0.85347097 -0.85084929 -0.84842085 -0.84635555 -0.84450128 
1.51991108e-07 -0.85347097 -0.85084929 -0.84842085 -0.84635555 -0.84450128 
1.23284674e-07 -0.85347097 -0.85084929 -0.84842085 -0.84635555 -0.84450128 
1.00000000e-07 -0.85347097 -0.85084929 -0.84842085 -0.84635555 -0.84450128 
P (bar) | log_H2O: -2σ | log_H2O: -1σ | log_H2O: median | log_H2O: +1σ | log_H2O: +2σ 
1.00000000e+02 -2.02032673 -1.86799165 -1.72858079 -1.61624677 -1.51923334 
8.11130831e+01 -2.02032673 -1.86799165 -1.72858079 -1.61624677 -1.51923334 
6.57933225e+01 -2.02032673 -1.86799165 -1.72858079 -1.61624677 -1.51923334 
5.33669923e+01 -2.02032673 -1.86799165 -1.72858079 -1.61624677 -1.51923334 
4.32876128e+01 -2.02032673 -1.86799165 -1.72858079 -1.61624677 -1.51923334 
3.51119173e+01 -2.02032673 -1.86799165 -1.72858079 -1.61624677 -1.51923334 
2.84803587e+01 -2.02032673 -1.86799165 -1.72858079 -1.61624677 -1.51923334 
2.31012970e+01 -2.02032673 -1.86799165 -1.72858079 -1.61624677 -1.51923334 
1.87381742e+01 -2.02032673 -1.86799165 -1.72858079 -1.61624677 -1.51923334 
1.51991108e+01 -2.02032673 -1.86799165 -1.72858079 -1.61624677 -1.51923334 
1.23284674e+01 -2.02032673 -1.86799165 -1.72858079 -1.61624677 -1.51923334 
1.00000000e+01 -2.02032673 -1.86799165 -1.72858079 -1.61624677 -1.51923334 
8.11130831e+00 -2.02032673 -1.86799165 -1.72858079 -1.61624677 -1.51923334 
6.57933225e+00 -2.02032673 -1.86799165 -1.72858079 -1.61624677 -1.51923334 
5.33669923e+00 -2.02032673 -1.86799165 -1.72858079 -1.61624677 -1.51923334 
4.32876128e+00 -2.02032673 -1.86799165 -1.72858079 -1.61624677 -1.51923334 
3.51119173e+00 -2.02032673 -1.86799165 -1.72858079 -1.61624677 -1.51923334 
2.84803587e+00 -2.02032673 -1.86799165 -1.72858079 -1.61624677 -1.51923334 
2.31012970e+00 -2.02032673 -1.86799165 -1.72858079 -1.61624677 -1.51923334 
1.87381742e+00 -2.02032673 -1.86799165 -1.72858079 -1.61624677 -1.51923334 
1.51991108e+00 -2.02032673 -1.86799165 -1.72858079 -1.61624677 -1.51923334 
1.23284674e+00 -2.02032673 -1.86799165 -1.72858079 -1.61624677 -1.51923334 
1.00000000e+00 -2.02032673 -1.86799165 -1.72858079 -1.61624677 -1.51923334 
8.11130831e-01 -2.02032673 -1.86799165 -1.72858079 -1.61624677 -1.51923334 
6.57933225e-01 -2.02032673 -1.86799165 -1.72858079 -1.61624677 -1.51923334 
5.33669923e-01 -2.02032673 -1.86799165 -1.72858079 -1.61624677 -1.51923334 
4.32876128e-01 -2.02032673 -1.86799165 -1.72858079 -1.61624677 -1.51923334 
3.51119173e-01 -2.02032673 -1.86799165 -1.72858079 -1.61624677 -1.51923334 
2.84803587e-01 -2.02032673 -1.86799165 -1.72858079 -1.61624677 -1.51923334 
2.31012970e-01 -2.02032673 -1.86799165 -1.72858079 -1.61624677 -1.51923334 
1.87381742e-01 -2.02032673 -1.86799165 -1.72858079 -1.61624677 -1.51923334 
1.51991108e-01 -2.02032673 -1.86799165 -1.72858079 -1.61624677 -1.51923334 
1.23284674e-01 -2.02032673 -1.86799165 -1.72858079 -1.61624677 -1.51923334 
1.00000000e-01 -2.02032673 -1.86799165 -1.72858079 -1.61624677 -1.51923334 
8.11130831e-02 -2.02032673 -1.86799165 -1.72858079 -1.61624677 -1.51923334 
6.57933225e-02 -2.02032673 -1.86799165 -1.72858079 -1.61624677 -1.51923334 
5.33669923e-02 -2.02032673 -1.86799165 -1.72858079 -1.61624677 -1.51923334 
4.32876128e-02 -2.02032673 -1.86799165 -1.72858079 -1.61624677 -1.51923334 
3.51119173e-02 -2.02032673 -1.86799165 -1.72858079 -1.61624677 -1.51923334 
2.84803587e-02 -2.02032673 -1.86799165 -1.72858079 -1.61624677 -1.51923334 
2.31012970e-02 -2.02032673 -1.86799165 -1.72858079 -1.61624677 -1.51923334 
1.87381742e-02 -2.02032673 -1.86799165 -1.72858079 -1.61624677 -1.51923334 
1.51991108e-02 -2.02032673 -1.86799165 -1.72858079 -1.61624677 -1.51923334 
1.23284674e-02 -2.02032673 -1.86799165 -1.72858079 -1.61624677 -1.51923334 
1.00000000e-02 -2.02032673 -1.86799165 -1.72858079 -1.61624677 -1.51923334 
8.11130831e-03 -2.02032673 -1.86799165 -1.72858079 -1.61624677 -1.51923334 
6.57933225e-03 -2.02032673 -1.86799165 -1.72858079 -1.61624677 -1.51923334 
5.33669923e-03 -2.02032673 -1.86799165 -1.72858079 -1.61624677 -1.51923334 
4.32876128e-03 -2.02032673 -1.86799165 -1.72858079 -1.61624677 -1.51923334 
3.51119173e-03 -2.02032673 -1.86799165 -1.72858079 -1.61624677 -1.51923334 
2.84803587e-03 -2.02032673 -1.86799165 -1.72858079 -1.61624677 -1.51923334 
2.31012970e-03 -2.02032673 -1.86799165 -1.72858079 -1.61624677 -1.51923334 
1.87381742e-03 -2.02032673 -1.86799165 -1.72858079 -1.61624677 -1.51923334 
1.51991108e-03 -2.02032673 -1.86799165 -1.72858079 -1.61624677 -1.51923334 
1.23284674e-03 -2.02032673 -1.86799165 -1.72858079 -1.61624677 -1.51923334 
1.00000000e-03 -2.02032673 -1.86799165 -1.72858079 -1.61624677 -1.51923334 
8.11130831e-04 -2.02032673 -1.86799165 -1.72858079 -1.61624677 -1.51923334 
6.57933225e-04 -2.02032673 -1.86799165 -1.72858079 -1.61624677 -1.51923334 
5.33669923e-04 -2.02032673 -1.86799165 -1.72858079 -1.61624677 -1.51923334 
4.32876128e-04 -2.02032673 -1.86799165 -1.72858079 -1.61624677 -1.51923334 
3.51119173e-04 -2.02032673 -1.86799165 -1.72858079 -1.61624677 -1.51923334 
2.84803587e-04 -2.02032673 -1.86799165 -1.72858079 -1.61624677 -1.51923334 
2.31012970e-04 -2.02032673 -1.86799165 -1.72858079 -1.61624677 -1.51923334 
1.87381742e-04 -2.02032673 -1.86799165 -1.72858079 -1.61624677 -1.51923334 
1.51991108e-04 -2.02032673 -1.86799165 -1.72858079 -1.61624677 -1.51923334 
1.23284674e-04 -2.02032673 -1.86799165 -1.72858079 -1.61624677 -1.51923334 
1.00000000e-04 -2.02032673 -1.86799165 -1.72858079 -1.61624677 -1.51923334 
8.11130831e-05 -2.02032673 -1.86799165 -1.72858079 -1.61624677 -1.51923334 
6.57933225e-05 -2.02032673 -1.86799165 -1.72858079 -1.61624677 -1.51923334 
5.33669923e-05 -2.02032673 -1.86799165 -1.72858079 -1.61624677 -1.51923334 
4.32876128e-05 -2.02032673 -1.86799165 -1.72858079 -1.61624677 -1.51923334 
3.51119173e-05 -2.02032673 -1.86799165 -1.72858079 -1.61624677 -1.51923334 
2.84803587e-05 -2.02032673 -1.86799165 -1.72858079 -1.61624677 -1.51923334 
2.31012970e-05 -2.02032673 -1.86799165 -1.72858079 -1.61624677 -1.51923334 
1.87381742e-05 -2.02032673 -1.86799165 -1.72858079 -1.61624677 -1.51923334 
1.51991108e-05 -2.02032673 -1.86799165 -1.72858079 -1.61624677 -1.51923334 
1.23284674e-05 -2.02032673 -1.86799165 -1.72858079 -1.61624677 -1.51923334 
1.00000000e-05 -2.02032673 -1.86799165 -1.72858079 -1.61624677 -1.51923334 
8.11130831e-06 -2.02032673 -1.86799165 -1.72858079 -1.61624677 -1.51923334 
6.57933225e-06 -2.02032673 -1.86799165 -1.72858079 -1.61624677 -1.51923334 
5.33669923e-06 -2.02032673 -1.86799165 -1.72858079 -1.61624677 -1.51923334 
4.32876128e-06 -2.02032673 -1.86799165 -1.72858079 -1.61624677 -1.51923334 
3.51119173e-06 -2.02032673 -1.86799165 -1.72858079 -1.61624677 -1.51923334 
2.84803587e-06 -2.02032673 -1.86799165 -1.72858079 -1.61624677 -1.51923334 
2.31012970e-06 -2.02032673 -1.86799165 -1.72858079 -1.61624677 -1.51923334 
1.87381742e-06 -2.02032673 -1.86799165 -1.72858079 -1.61624677 -1.51923334 
1.51991108e-06 -2.02032673 -1.86799165 -1.72858079 -1.61624677 -1.51923334 
1.23284674e-06 -2.02032673 -1.86799165 -1.72858079 -1.61624677 -1.51923334 
1.00000000e-06 -2.02032673 -1.86799165 -1.72858079 -1.61624677 -1.51923334 
8.11130831e-07 -2.02032673 -1.86799165 -1.72858079 -1.61624677 -1.51923334 
6.57933225e-07 -2.02032673 -1.86799165 -1.72858079 -1.61624677 -1.51923334 
5.33669923e-07 -2.02032673 -1.86799165 -1.72858079 -1.61624677 -1.51923334 
4.32876128e-07 -2.02032673 -1.86799165 -1.72858079 -1.61624677 -1.51923334 
3.51119173e-07 -2.02032673 -1.86799165 -1.72858079 -1.61624677 -1.51923334 
2.84803587e-07 -2.02032673 -1.86799165 -1.72858079 -1.61624677 -1.51923334 
2.31012970e-07 -2.02032673 -1.86799165 -1.72858079 -1.61624677 -1.51923334 
1.87381742e-07 -2.02032673 -1.86799165 -1.72858079 -1.61624677 -1.51923334 
1.51991108e-07 -2.02032673 -1.86799165 -1.72858079 -1.61624677 -1.51923334 
1.23284674e-07 -2.02032673 -1.86799165 -1.72858079 -1.61624677 -1.51923334 
1.00000000e-07 -2.02032673 -1.86799165 -1.72858079 -1.61624677 -1.51923334 
P (bar) | log_CO2: -2σ | log_CO2: -1σ | log_CO2: median | log_CO2: +1σ | log_CO2: +2σ 
1.00000000e+02 -3.50004947 -3.29920560 -3.12414356 -2.96632941 -2.81364452 
8.11130831e+01 -3.50004947 -3.29920560 -3.12414356 -2.96632941 -2.81364452 
6.57933225e+01 -3.50004947 -3.29920560 -3.12414356 -2.96632941 -2.81364452 
5.33669923e+01 -3.50004947 -3.29920560 -3.12414356 -2.96632941 -2.81364452 
4.32876128e+01 -3.50004947 -3.29920560 -3.12414356 -2.96632941 -2.81364452 
3.51119173e+01 -3.50004947 -3.29920560 -3.12414356 -2.96632941 -2.81364452 
2.84803587e+01 -3.50004947 -3.29920560 -3.12414356 -2.96632941 -2.81364452 
2.31012970e+01 -3.50004947 -3.29920560 -3.12414356 -2.96632941 -2.81364452 
1.87381742e+01 -3.50004947 -3.29920560 -3.12414356 -2.96632941 -2.81364452 
1.51991108e+01 -3.50004947 -3.29920560 -3.12414356 -2.96632941 -2.81364452 
1.23284674e+01 -3.50004947 -3.29920560 -3.12414356 -2.96632941 -2.81364452 
1.00000000e+01 -3.50004947 -3.29920560 -3.12414356 -2.96632941 -2.81364452 
8.11130831e+00 -3.50004947 -3.29920560 -3.12414356 -2.96632941 -2.81364452 
6.57933225e+00 -3.50004947 -3.29920560 -3.12414356 -2.96632941 -2.81364452 
5.33669923e+00 -3.50004947 -3.29920560 -3.12414356 -2.96632941 -2.81364452 
4.32876128e+00 -3.50004947 -3.29920560 -3.12414356 -2.96632941 -2.81364452 
3.51119173e+00 -3.50004947 -3.29920560 -3.12414356 -2.96632941 -2.81364452 
2.84803587e+00 -3.50004947 -3.29920560 -3.12414356 -2.96632941 -2.81364452 
2.31012970e+00 -3.50004947 -3.29920560 -3.12414356 -2.96632941 -2.81364452 
1.87381742e+00 -3.50004947 -3.29920560 -3.12414356 -2.96632941 -2.81364452 
1.51991108e+00 -3.50004947 -3.29920560 -3.12414356 -2.96632941 -2.81364452 
1.23284674e+00 -3.50004947 -3.29920560 -3.12414356 -2.96632941 -2.81364452 
1.00000000e+00 -3.50004947 -3.29920560 -3.12414356 -2.96632941 -2.81364452 
8.11130831e-01 -3.50004947 -3.29920560 -3.12414356 -2.96632941 -2.81364452 
6.57933225e-01 -3.50004947 -3.29920560 -3.12414356 -2.96632941 -2.81364452 
5.33669923e-01 -3.50004947 -3.29920560 -3.12414356 -2.96632941 -2.81364452 
4.32876128e-01 -3.50004947 -3.29920560 -3.12414356 -2.96632941 -2.81364452 
3.51119173e-01 -3.50004947 -3.29920560 -3.12414356 -2.96632941 -2.81364452 
2.84803587e-01 -3.50004947 -3.29920560 -3.12414356 -2.96632941 -2.81364452 
2.31012970e-01 -3.50004947 -3.29920560 -3.12414356 -2.96632941 -2.81364452 
1.87381742e-01 -3.50004947 -3.29920560 -3.12414356 -2.96632941 -2.81364452 
1.51991108e-01 -3.50004947 -3.29920560 -3.12414356 -2.96632941 -2.81364452 
1.23284674e-01 -3.50004947 -3.29920560 -3.12414356 -2.96632941 -2.81364452 
1.00000000e-01 -3.50004947 -3.29920560 -3.12414356 -2.96632941 -2.81364452 
8.11130831e-02 -3.50004947 -3.29920560 -3.12414356 -2.96632941 -2.81364452 
6.57933225e-02 -3.50004947 -3.29920560 -3.12414356 -2.96632941 -2.81364452 
5.33669923e-02 -3.50004947 -3.29920560 -3.12414356 -2.96632941 -2.81364452 
4.32876128e-02 -3.50004947 -3.29920560 -3.12414356 -2.96632941 -2.81364452 
3.51119173e-02 -3.50004947 -3.29920560 -3.12414356 -2.96632941 -2.81364452 
2.84803587e-02 -3.50004947 -3.29920560 -3.12414356 -2.96632941 -2.81364452 
2.31012970e-02 -3.50004947 -3.29920560 -3.12414356 -2.96632941 -2.81364452 
1.87381742e-02 -3.50004947 -3.29920560 -3.12414356 -2.96632941 -2.81364452 
1.51991108e-02 -3.50004947 -3.29920560 -3.12414356 -2.96632941 -2.81364452 
1.23284674e-02 -3.50004947 -3.29920560 -3.12414356 -2.96632941 -2.81364452 
1.00000000e-02 -3.50004947 -3.29920560 -3.12414356 -2.96632941 -2.81364452 
8.11130831e-03 -3.50004947 -3.29920560 -3.12414356 -2.96632941 -2.81364452 
6.57933225e-03 -3.50004947 -3.29920560 -3.12414356 -2.96632941 -2.81364452 
5.33669923e-03 -3.50004947 -3.29920560 -3.12414356 -2.96632941 -2.81364452 
4.32876128e-03 -3.50004947 -3.29920560 -3.12414356 -2.96632941 -2.81364452 
3.51119173e-03 -3.50004947 -3.29920560 -3.12414356 -2.96632941 -2.81364452 
2.84803587e-03 -3.50004947 -3.29920560 -3.12414356 -2.96632941 -2.81364452 
2.31012970e-03 -3.50004947 -3.29920560 -3.12414356 -2.96632941 -2.81364452 
1.87381742e-03 -3.50004947 -3.29920560 -3.12414356 -2.96632941 -2.81364452 
1.51991108e-03 -3.50004947 -3.29920560 -3.12414356 -2.96632941 -2.81364452 
1.23284674e-03 -3.50004947 -3.29920560 -3.12414356 -2.96632941 -2.81364452 
1.00000000e-03 -3.50004947 -3.29920560 -3.12414356 -2.96632941 -2.81364452 
8.11130831e-04 -3.50004947 -3.29920560 -3.12414356 -2.96632941 -2.81364452 
6.57933225e-04 -3.50004947 -3.29920560 -3.12414356 -2.96632941 -2.81364452 
5.33669923e-04 -3.50004947 -3.29920560 -3.12414356 -2.96632941 -2.81364452 
4.32876128e-04 -3.50004947 -3.29920560 -3.12414356 -2.96632941 -2.81364452 
3.51119173e-04 -3.50004947 -3.29920560 -3.12414356 -2.96632941 -2.81364452 
2.84803587e-04 -3.50004947 -3.29920560 -3.12414356 -2.96632941 -2.81364452 
2.31012970e-04 -3.50004947 -3.29920560 -3.12414356 -2.96632941 -2.81364452 
1.87381742e-04 -3.50004947 -3.29920560 -3.12414356 -2.96632941 -2.81364452 
1.51991108e-04 -3.50004947 -3.29920560 -3.12414356 -2.96632941 -2.81364452 
1.23284674e-04 -3.50004947 -3.29920560 -3.12414356 -2.96632941 -2.81364452 
1.00000000e-04 -3.50004947 -3.29920560 -3.12414356 -2.96632941 -2.81364452 
8.11130831e-05 -3.50004947 -3.29920560 -3.12414356 -2.96632941 -2.81364452 
6.57933225e-05 -3.50004947 -3.29920560 -3.12414356 -2.96632941 -2.81364452 
5.33669923e-05 -3.50004947 -3.29920560 -3.12414356 -2.96632941 -2.81364452 
4.32876128e-05 -3.50004947 -3.29920560 -3.12414356 -2.96632941 -2.81364452 
3.51119173e-05 -3.50004947 -3.29920560 -3.12414356 -2.96632941 -2.81364452 
2.84803587e-05 -3.50004947 -3.29920560 -3.12414356 -2.96632941 -2.81364452 
2.31012970e-05 -3.50004947 -3.29920560 -3.12414356 -2.96632941 -2.81364452 
1.87381742e-05 -3.50004947 -3.29920560 -3.12414356 -2.96632941 -2.81364452 
1.51991108e-05 -3.50004947 -3.29920560 -3.12414356 -2.96632941 -2.81364452 
1.23284674e-05 -3.50004947 -3.29920560 -3.12414356 -2.96632941 -2.81364452 
1.00000000e-05 -3.50004947 -3.29920560 -3.12414356 -2.96632941 -2.81364452 
8.11130831e-06 -3.50004947 -3.29920560 -3.12414356 -2.96632941 -2.81364452 
6.57933225e-06 -3.50004947 -3.29920560 -3.12414356 -2.96632941 -2.81364452 
5.33669923e-06 -3.50004947 -3.29920560 -3.12414356 -2.96632941 -2.81364452 
4.32876128e-06 -3.50004947 -3.29920560 -3.12414356 -2.96632941 -2.81364452 
3.51119173e-06 -3.50004947 -3.29920560 -3.12414356 -2.96632941 -2.81364452 
2.84803587e-06 -3.50004947 -3.29920560 -3.12414356 -2.96632941 -2.81364452 
2.31012970e-06 -3.50004947 -3.29920560 -3.12414356 -2.96632941 -2.81364452 
1.87381742e-06 -3.50004947 -3.29920560 -3.12414356 -2.96632941 -2.81364452 
1.51991108e-06 -3.50004947 -3.29920560 -3.12414356 -2.96632941 -2.81364452 
1.23284674e-06 -3.50004947 -3.29920560 -3.12414356 -2.96632941 -2.81364452 
1.00000000e-06 -3.50004947 -3.29920560 -3.12414356 -2.96632941 -2.81364452 
8.11130831e-07 -3.50004947 -3.29920560 -3.12414356 -2.96632941 -2.81364452 
6.57933225e-07 -3.50004947 -3.29920560 -3.12414356 -2.96632941 -2.81364452 
5.33669923e-07 -3.50004947 -3.29920560 -3.12414356 -2.96632941 -2.81364452 
4.32876128e-07 -3.50004947 -3.29920560 -3.12414356 -2.96632941 -2.81364452 
3.51119173e-07 -3.50004947 -3.29920560 -3.12414356 -2.96632941 -2.81364452 
2.84803587e-07 -3.50004947 -3.29920560 -3.12414356 -2.96632941 -2.81364452 
2.31012970e-07 -3.50004947 -3.29920560 -3.12414356 -2.96632941 -2.81364452 
1.87381742e-07 -3.50004947 -3.29920560 -3.12414356 -2.96632941 -2.81364452 
1.51991108e-07 -3.50004947 -3.29920560 -3.12414356 -2.96632941 -2.81364452 
1.23284674e-07 -3.50004947 -3.29920560 -3.12414356 -2.96632941 -2.81364452 
1.00000000e-07 -3.50004947 -3.29920560 -3.12414356 -2.96632941 -2.81364452 
P (bar) | log_SO2: -2σ | log_SO2: -1σ | log_SO2: median | log_SO2: +1σ | log_SO2: +2σ 
1.00000000e+02 -7.92517368 -7.61186041 -6.93798305 -6.36883352 -5.90974189 
8.11130831e+01 -7.92517368 -7.61186041 -6.93798305 -6.36883352 -5.90974189 
6.57933225e+01 -7.92517368 -7.61186041 -6.93798305 -6.36883352 -5.90974189 
5.33669923e+01 -7.92517368 -7.61186041 -6.93798305 -6.36883352 -5.90974189 
4.32876128e+01 -7.92517368 -7.61186041 -6.93798305 -6.36883352 -5.90974189 
3.51119173e+01 -7.92517368 -7.61186041 -6.93798305 -6.36883352 -5.90974189 
2.84803587e+01 -7.92517368 -7.61186041 -6.93798305 -6.36883352 -5.90974189 
2.31012970e+01 -7.92517368 -7.61186041 -6.93798305 -6.36883352 -5.90974189 
1.87381742e+01 -7.92517368 -7.61186041 -6.93798305 -6.36883352 -5.90974189 
1.51991108e+01 -7.92517368 -7.61186041 -6.93798305 -6.36883352 -5.90974189 
1.23284674e+01 -7.92517368 -7.61186041 -6.93798305 -6.36883352 -5.90974189 
1.00000000e+01 -7.92517368 -7.61186041 -6.93798305 -6.36883352 -5.90974189 
8.11130831e+00 -7.92517368 -7.61186041 -6.93798305 -6.36883352 -5.90974189 
6.57933225e+00 -7.92517368 -7.61186041 -6.93798305 -6.36883352 -5.90974189 
5.33669923e+00 -7.92517368 -7.61186041 -6.93798305 -6.36883352 -5.90974189 
4.32876128e+00 -7.92517368 -7.61186041 -6.93798305 -6.36883352 -5.90974189 
3.51119173e+00 -7.92517368 -7.61186041 -6.93798305 -6.36883352 -5.90974189 
2.84803587e+00 -7.92517368 -7.61186041 -6.93798305 -6.36883352 -5.90974189 
2.31012970e+00 -7.92517368 -7.61186041 -6.93798305 -6.36883352 -5.90974189 
1.87381742e+00 -7.92517368 -7.61186041 -6.93798305 -6.36883352 -5.90974189 
1.51991108e+00 -7.92517368 -7.61186041 -6.93798305 -6.36883352 -5.90974189 
1.23284674e+00 -7.92517368 -7.61186041 -6.93798305 -6.36883352 -5.90974189 
1.00000000e+00 -7.92517368 -7.61186041 -6.93798305 -6.36883352 -5.90974189 
8.11130831e-01 -7.92517368 -7.61186041 -6.93798305 -6.36883352 -5.90974189 
6.57933225e-01 -7.92517368 -7.61186041 -6.93798305 -6.36883352 -5.90974189 
5.33669923e-01 -7.92517368 -7.61186041 -6.93798305 -6.36883352 -5.90974189 
4.32876128e-01 -7.92517368 -7.61186041 -6.93798305 -6.36883352 -5.90974189 
3.51119173e-01 -7.92517368 -7.61186041 -6.93798305 -6.36883352 -5.90974189 
2.84803587e-01 -7.92517368 -7.61186041 -6.93798305 -6.36883352 -5.90974189 
2.31012970e-01 -7.92517368 -7.61186041 -6.93798305 -6.36883352 -5.90974189 
1.87381742e-01 -7.92517368 -7.61186041 -6.93798305 -6.36883352 -5.90974189 
1.51991108e-01 -7.92517368 -7.61186041 -6.93798305 -6.36883352 -5.90974189 
1.23284674e-01 -7.92517368 -7.61186041 -6.93798305 -6.36883352 -5.90974189 
1.00000000e-01 -7.92517368 -7.61186041 -6.93798305 -6.36883352 -5.90974189 
8.11130831e-02 -7.92517368 -7.61186041 -6.93798305 -6.36883352 -5.90974189 
6.57933225e-02 -7.92517368 -7.61186041 -6.93798305 -6.36883352 -5.90974189 
5.33669923e-02 -7.92517368 -7.61186041 -6.93798305 -6.36883352 -5.90974189 
4.32876128e-02 -7.92517368 -7.61186041 -6.93798305 -6.36883352 -5.90974189 
3.51119173e-02 -7.92517368 -7.61186041 -6.93798305 -6.36883352 -5.90974189 
2.84803587e-02 -7.92517368 -7.61186041 -6.93798305 -6.36883352 -5.90974189 
2.31012970e-02 -7.92517368 -7.61186041 -6.93798305 -6.36883352 -5.90974189 
1.87381742e-02 -7.92517368 -7.61186041 -6.93798305 -6.36883352 -5.90974189 
1.51991108e-02 -7.92517368 -7.61186041 -6.93798305 -6.36883352 -5.90974189 
1.23284674e-02 -7.92517368 -7.61186041 -6.93798305 -6.36883352 -5.90974189 
1.00000000e-02 -7.92517368 -7.61186041 -6.93798305 -6.36883352 -5.90974189 
8.11130831e-03 -7.92517368 -7.61186041 -6.93798305 -6.36883352 -5.90974189 
6.57933225e-03 -7.92517368 -7.61186041 -6.93798305 -6.36883352 -5.90974189 
5.33669923e-03 -7.92517368 -7.61186041 -6.93798305 -6.36883352 -5.90974189 
4.32876128e-03 -7.92517368 -7.61186041 -6.93798305 -6.36883352 -5.90974189 
3.51119173e-03 -7.92517368 -7.61186041 -6.93798305 -6.36883352 -5.90974189 
2.84803587e-03 -7.92517368 -7.61186041 -6.93798305 -6.36883352 -5.90974189 
2.31012970e-03 -7.92517368 -7.61186041 -6.93798305 -6.36883352 -5.90974189 
1.87381742e-03 -7.92517368 -7.61186041 -6.93798305 -6.36883352 -5.90974189 
1.51991108e-03 -7.92517368 -7.61186041 -6.93798305 -6.36883352 -5.90974189 
1.23284674e-03 -7.92517368 -7.61186041 -6.93798305 -6.36883352 -5.90974189 
1.00000000e-03 -7.92517368 -7.61186041 -6.93798305 -6.36883352 -5.90974189 
8.11130831e-04 -7.92517368 -7.61186041 -6.93798305 -6.36883352 -5.90974189 
6.57933225e-04 -7.92517368 -7.61186041 -6.93798305 -6.36883352 -5.90974189 
5.33669923e-04 -7.92517368 -7.61186041 -6.93798305 -6.36883352 -5.90974189 
4.32876128e-04 -7.92517368 -7.61186041 -6.93798305 -6.36883352 -5.90974189 
3.51119173e-04 -7.92517368 -7.61186041 -6.93798305 -6.36883352 -5.90974189 
2.84803587e-04 -7.92517368 -7.61186041 -6.93798305 -6.36883352 -5.90974189 
2.31012970e-04 -7.92517368 -7.61186041 -6.93798305 -6.36883352 -5.90974189 
1.87381742e-04 -7.92517368 -7.61186041 -6.93798305 -6.36883352 -5.90974189 
1.51991108e-04 -7.92517368 -7.61186041 -6.93798305 -6.36883352 -5.90974189 
1.23284674e-04 -7.92517368 -7.61186041 -6.93798305 -6.36883352 -5.90974189 
1.00000000e-04 -7.92517368 -7.61186041 -6.93798305 -6.36883352 -5.90974189 
8.11130831e-05 -7.92517368 -7.61186041 -6.93798305 -6.36883352 -5.90974189 
6.57933225e-05 -7.92517368 -7.61186041 -6.93798305 -6.36883352 -5.90974189 
5.33669923e-05 -7.92517368 -7.61186041 -6.93798305 -6.36883352 -5.90974189 
4.32876128e-05 -7.92517368 -7.61186041 -6.93798305 -6.36883352 -5.90974189 
3.51119173e-05 -7.92517368 -7.61186041 -6.93798305 -6.36883352 -5.90974189 
2.84803587e-05 -7.92517368 -7.61186041 -6.93798305 -6.36883352 -5.90974189 
2.31012970e-05 -7.92517368 -7.61186041 -6.93798305 -6.36883352 -5.90974189 
1.87381742e-05 -7.92517368 -7.61186041 -6.93798305 -6.36883352 -5.90974189 
1.51991108e-05 -7.92517368 -7.61186041 -6.93798305 -6.36883352 -5.90974189 
1.23284674e-05 -7.92517368 -7.61186041 -6.93798305 -6.36883352 -5.90974189 
1.00000000e-05 -7.92517368 -7.61186041 -6.93798305 -6.36883352 -5.90974189 
8.11130831e-06 -7.92517368 -7.61186041 -6.93798305 -6.36883352 -5.90974189 
6.57933225e-06 -7.92517368 -7.61186041 -6.93798305 -6.36883352 -5.90974189 
5.33669923e-06 -7.92517368 -7.61186041 -6.93798305 -6.36883352 -5.90974189 
4.32876128e-06 -7.92517368 -7.61186041 -6.93798305 -6.36883352 -5.90974189 
3.51119173e-06 -7.92517368 -7.61186041 -6.93798305 -6.36883352 -5.90974189 
2.84803587e-06 -7.92517368 -7.61186041 -6.93798305 -6.36883352 -5.90974189 
2.31012970e-06 -7.92517368 -7.61186041 -6.93798305 -6.36883352 -5.90974189 
1.87381742e-06 -7.92517368 -7.61186041 -6.93798305 -6.36883352 -5.90974189 
1.51991108e-06 -7.92517368 -7.61186041 -6.93798305 -6.36883352 -5.90974189 
1.23284674e-06 -7.92517368 -7.61186041 -6.93798305 -6.36883352 -5.90974189 
1.00000000e-06 -7.92517368 -7.61186041 -6.93798305 -6.36883352 -5.90974189 
8.11130831e-07 -7.92517368 -7.61186041 -6.93798305 -6.36883352 -5.90974189 
6.57933225e-07 -7.92517368 -7.61186041 -6.93798305 -6.36883352 -5.90974189 
5.33669923e-07 -7.92517368 -7.61186041 -6.93798305 -6.36883352 -5.90974189 
4.32876128e-07 -7.92517368 -7.61186041 -6.93798305 -6.36883352 -5.90974189 
3.51119173e-07 -7.92517368 -7.61186041 -6.93798305 -6.36883352 -5.90974189 
2.84803587e-07 -7.92517368 -7.61186041 -6.93798305 -6.36883352 -5.90974189 
2.31012970e-07 -7.92517368 -7.61186041 -6.93798305 -6.36883352 -5.90974189 
1.87381742e-07 -7.92517368 -7.61186041 -6.93798305 -6.36883352 -5.90974189 
1.51991108e-07 -7.92517368 -7.61186041 -6.93798305 -6.36883352 -5.90974189 
1.23284674e-07 -7.92517368 -7.61186041 -6.93798305 -6.36883352 -5.90974189 
1.00000000e-07 -7.92517368 -7.61186041 -6.93798305 -6.36883352 -5.90974189 
P (bar) | log_K: -2σ | log_K: -1σ | log_K: median | log_K: +1σ | log_K: +2σ 
1.00000000e+02 -6.80832766 -6.56941188 -6.34502815 -6.14124317 -6.02840814 
8.11130831e+01 -6.80832766 -6.56941188 -6.34502815 -6.14124317 -6.02840814 
6.57933225e+01 -6.80832766 -6.56941188 -6.34502815 -6.14124317 -6.02840814 
5.33669923e+01 -6.80832766 -6.56941188 -6.34502815 -6.14124317 -6.02840814 
4.32876128e+01 -6.80832766 -6.56941188 -6.34502815 -6.14124317 -6.02840814 
3.51119173e+01 -6.80832766 -6.56941188 -6.34502815 -6.14124317 -6.02840814 
2.84803587e+01 -6.80832766 -6.56941188 -6.34502815 -6.14124317 -6.02840814 
2.31012970e+01 -6.80832766 -6.56941188 -6.34502815 -6.14124317 -6.02840814 
1.87381742e+01 -6.80832766 -6.56941188 -6.34502815 -6.14124317 -6.02840814 
1.51991108e+01 -6.80832766 -6.56941188 -6.34502815 -6.14124317 -6.02840814 
1.23284674e+01 -6.80832766 -6.56941188 -6.34502815 -6.14124317 -6.02840814 
1.00000000e+01 -6.80832766 -6.56941188 -6.34502815 -6.14124317 -6.02840814 
8.11130831e+00 -6.80832766 -6.56941188 -6.34502815 -6.14124317 -6.02840814 
6.57933225e+00 -6.80832766 -6.56941188 -6.34502815 -6.14124317 -6.02840814 
5.33669923e+00 -6.80832766 -6.56941188 -6.34502815 -6.14124317 -6.02840814 
4.32876128e+00 -6.80832766 -6.56941188 -6.34502815 -6.14124317 -6.02840814 
3.51119173e+00 -6.80832766 -6.56941188 -6.34502815 -6.14124317 -6.02840814 
2.84803587e+00 -6.80832766 -6.56941188 -6.34502815 -6.14124317 -6.02840814 
2.31012970e+00 -6.80832766 -6.56941188 -6.34502815 -6.14124317 -6.02840814 
1.87381742e+00 -6.80832766 -6.56941188 -6.34502815 -6.14124317 -6.02840814 
1.51991108e+00 -6.80832766 -6.56941188 -6.34502815 -6.14124317 -6.02840814 
1.23284674e+00 -6.80832766 -6.56941188 -6.34502815 -6.14124317 -6.02840814 
1.00000000e+00 -6.80832766 -6.56941188 -6.34502815 -6.14124317 -6.02840814 
8.11130831e-01 -6.80832766 -6.56941188 -6.34502815 -6.14124317 -6.02840814 
6.57933225e-01 -6.80832766 -6.56941188 -6.34502815 -6.14124317 -6.02840814 
5.33669923e-01 -6.80832766 -6.56941188 -6.34502815 -6.14124317 -6.02840814 
4.32876128e-01 -6.80832766 -6.56941188 -6.34502815 -6.14124317 -6.02840814 
3.51119173e-01 -6.80832766 -6.56941188 -6.34502815 -6.14124317 -6.02840814 
2.84803587e-01 -6.80832766 -6.56941188 -6.34502815 -6.14124317 -6.02840814 
2.31012970e-01 -6.80832766 -6.56941188 -6.34502815 -6.14124317 -6.02840814 
1.87381742e-01 -6.80832766 -6.56941188 -6.34502815 -6.14124317 -6.02840814 
1.51991108e-01 -6.80832766 -6.56941188 -6.34502815 -6.14124317 -6.02840814 
1.23284674e-01 -6.80832766 -6.56941188 -6.34502815 -6.14124317 -6.02840814 
1.00000000e-01 -6.80832766 -6.56941188 -6.34502815 -6.14124317 -6.02840814 
8.11130831e-02 -6.80832766 -6.56941188 -6.34502815 -6.14124317 -6.02840814 
6.57933225e-02 -6.80832766 -6.56941188 -6.34502815 -6.14124317 -6.02840814 
5.33669923e-02 -6.80832766 -6.56941188 -6.34502815 -6.14124317 -6.02840814 
4.32876128e-02 -6.80832766 -6.56941188 -6.34502815 -6.14124317 -6.02840814 
3.51119173e-02 -6.80832766 -6.56941188 -6.34502815 -6.14124317 -6.02840814 
2.84803587e-02 -6.80832766 -6.56941188 -6.34502815 -6.14124317 -6.02840814 
2.31012970e-02 -6.80832766 -6.56941188 -6.34502815 -6.14124317 -6.02840814 
1.87381742e-02 -6.80832766 -6.56941188 -6.34502815 -6.14124317 -6.02840814 
1.51991108e-02 -6.80832766 -6.56941188 -6.34502815 -6.14124317 -6.02840814 
1.23284674e-02 -6.80832766 -6.56941188 -6.34502815 -6.14124317 -6.02840814 
1.00000000e-02 -6.80832766 -6.56941188 -6.34502815 -6.14124317 -6.02840814 
8.11130831e-03 -6.80832766 -6.56941188 -6.34502815 -6.14124317 -6.02840814 
6.57933225e-03 -6.80832766 -6.56941188 -6.34502815 -6.14124317 -6.02840814 
5.33669923e-03 -6.80832766 -6.56941188 -6.34502815 -6.14124317 -6.02840814 
4.32876128e-03 -6.80832766 -6.56941188 -6.34502815 -6.14124317 -6.02840814 
3.51119173e-03 -6.80832766 -6.56941188 -6.34502815 -6.14124317 -6.02840814 
2.84803587e-03 -6.80832766 -6.56941188 -6.34502815 -6.14124317 -6.02840814 
2.31012970e-03 -6.80832766 -6.56941188 -6.34502815 -6.14124317 -6.02840814 
1.87381742e-03 -6.80832766 -6.56941188 -6.34502815 -6.14124317 -6.02840814 
1.51991108e-03 -6.80832766 -6.56941188 -6.34502815 -6.14124317 -6.02840814 
1.23284674e-03 -6.80832766 -6.56941188 -6.34502815 -6.14124317 -6.02840814 
1.00000000e-03 -6.80832766 -6.56941188 -6.34502815 -6.14124317 -6.02840814 
8.11130831e-04 -6.80832766 -6.56941188 -6.34502815 -6.14124317 -6.02840814 
6.57933225e-04 -6.80832766 -6.56941188 -6.34502815 -6.14124317 -6.02840814 
5.33669923e-04 -6.80832766 -6.56941188 -6.34502815 -6.14124317 -6.02840814 
4.32876128e-04 -6.80832766 -6.56941188 -6.34502815 -6.14124317 -6.02840814 
3.51119173e-04 -6.80832766 -6.56941188 -6.34502815 -6.14124317 -6.02840814 
2.84803587e-04 -6.80832766 -6.56941188 -6.34502815 -6.14124317 -6.02840814 
2.31012970e-04 -6.80832766 -6.56941188 -6.34502815 -6.14124317 -6.02840814 
1.87381742e-04 -6.80832766 -6.56941188 -6.34502815 -6.14124317 -6.02840814 
1.51991108e-04 -6.80832766 -6.56941188 -6.34502815 -6.14124317 -6.02840814 
1.23284674e-04 -6.80832766 -6.56941188 -6.34502815 -6.14124317 -6.02840814 
1.00000000e-04 -6.80832766 -6.56941188 -6.34502815 -6.14124317 -6.02840814 
8.11130831e-05 -6.80832766 -6.56941188 -6.34502815 -6.14124317 -6.02840814 
6.57933225e-05 -6.80832766 -6.56941188 -6.34502815 -6.14124317 -6.02840814 
5.33669923e-05 -6.80832766 -6.56941188 -6.34502815 -6.14124317 -6.02840814 
4.32876128e-05 -6.80832766 -6.56941188 -6.34502815 -6.14124317 -6.02840814 
3.51119173e-05 -6.80832766 -6.56941188 -6.34502815 -6.14124317 -6.02840814 
2.84803587e-05 -6.80832766 -6.56941188 -6.34502815 -6.14124317 -6.02840814 
2.31012970e-05 -6.80832766 -6.56941188 -6.34502815 -6.14124317 -6.02840814 
1.87381742e-05 -6.80832766 -6.56941188 -6.34502815 -6.14124317 -6.02840814 
1.51991108e-05 -6.80832766 -6.56941188 -6.34502815 -6.14124317 -6.02840814 
1.23284674e-05 -6.80832766 -6.56941188 -6.34502815 -6.14124317 -6.02840814 
1.00000000e-05 -6.80832766 -6.56941188 -6.34502815 -6.14124317 -6.02840814 
8.11130831e-06 -6.80832766 -6.56941188 -6.34502815 -6.14124317 -6.02840814 
6.57933225e-06 -6.80832766 -6.56941188 -6.34502815 -6.14124317 -6.02840814 
5.33669923e-06 -6.80832766 -6.56941188 -6.34502815 -6.14124317 -6.02840814 
4.32876128e-06 -6.80832766 -6.56941188 -6.34502815 -6.14124317 -6.02840814 
3.51119173e-06 -6.80832766 -6.56941188 -6.34502815 -6.14124317 -6.02840814 
2.84803587e-06 -6.80832766 -6.56941188 -6.34502815 -6.14124317 -6.02840814 
2.31012970e-06 -6.80832766 -6.56941188 -6.34502815 -6.14124317 -6.02840814 
1.87381742e-06 -6.80832766 -6.56941188 -6.34502815 -6.14124317 -6.02840814 
1.51991108e-06 -6.80832766 -6.56941188 -6.34502815 -6.14124317 -6.02840814 
1.23284674e-06 -6.80832766 -6.56941188 -6.34502815 -6.14124317 -6.02840814 
1.00000000e-06 -6.80832766 -6.56941188 -6.34502815 -6.14124317 -6.02840814 
8.11130831e-07 -6.80832766 -6.56941188 -6.34502815 -6.14124317 -6.02840814 
6.57933225e-07 -6.80832766 -6.56941188 -6.34502815 -6.14124317 -6.02840814 
5.33669923e-07 -6.80832766 -6.56941188 -6.34502815 -6.14124317 -6.02840814 
4.32876128e-07 -6.80832766 -6.56941188 -6.34502815 -6.14124317 -6.02840814 
3.51119173e-07 -6.80832766 -6.56941188 -6.34502815 -6.14124317 -6.02840814 
2.84803587e-07 -6.80832766 -6.56941188 -6.34502815 -6.14124317 -6.02840814 
2.31012970e-07 -6.80832766 -6.56941188 -6.34502815 -6.14124317 -6.02840814 
1.87381742e-07 -6.80832766 -6.56941188 -6.34502815 -6.14124317 -6.02840814 
1.51991108e-07 -6.80832766 -6.56941188 -6.34502815 -6.14124317 -6.02840814 
1.23284674e-07 -6.80832766 -6.56941188 -6.34502815 -6.14124317 -6.02840814 
1.00000000e-07 -6.80832766 -6.56941188 -6.34502815 -6.14124317 -6.02840814 
P (bar) | log_CO: -2σ | log_CO: -1σ | log_CO: median | log_CO: +1σ | log_CO: +2σ 
1.00000000e+02 -2.90676222 -2.67381579 -2.32886612 -2.09822085 -1.90816437 
8.11130831e+01 -2.90676222 -2.67381579 -2.32886612 -2.09822085 -1.90816437 
6.57933225e+01 -2.90676222 -2.67381579 -2.32886612 -2.09822085 -1.90816437 
5.33669923e+01 -2.90676222 -2.67381579 -2.32886612 -2.09822085 -1.90816437 
4.32876128e+01 -2.90676222 -2.67381579 -2.32886612 -2.09822085 -1.90816437 
3.51119173e+01 -2.90676222 -2.67381579 -2.32886612 -2.09822085 -1.90816437 
2.84803587e+01 -2.90676222 -2.67381579 -2.32886612 -2.09822085 -1.90816437 
2.31012970e+01 -2.90676222 -2.67381579 -2.32886612 -2.09822085 -1.90816437 
1.87381742e+01 -2.90676222 -2.67381579 -2.32886612 -2.09822085 -1.90816437 
1.51991108e+01 -2.90676222 -2.67381579 -2.32886612 -2.09822085 -1.90816437 
1.23284674e+01 -2.90676222 -2.67381579 -2.32886612 -2.09822085 -1.90816437 
1.00000000e+01 -2.90676222 -2.67381579 -2.32886612 -2.09822085 -1.90816437 
8.11130831e+00 -2.90676222 -2.67381579 -2.32886612 -2.09822085 -1.90816437 
6.57933225e+00 -2.90676222 -2.67381579 -2.32886612 -2.09822085 -1.90816437 
5.33669923e+00 -2.90676222 -2.67381579 -2.32886612 -2.09822085 -1.90816437 
4.32876128e+00 -2.90676222 -2.67381579 -2.32886612 -2.09822085 -1.90816437 
3.51119173e+00 -2.90676222 -2.67381579 -2.32886612 -2.09822085 -1.90816437 
2.84803587e+00 -2.90676222 -2.67381579 -2.32886612 -2.09822085 -1.90816437 
2.31012970e+00 -2.90676222 -2.67381579 -2.32886612 -2.09822085 -1.90816437 
1.87381742e+00 -2.90676222 -2.67381579 -2.32886612 -2.09822085 -1.90816437 
1.51991108e+00 -2.90676222 -2.67381579 -2.32886612 -2.09822085 -1.90816437 
1.23284674e+00 -2.90676222 -2.67381579 -2.32886612 -2.09822085 -1.90816437 
1.00000000e+00 -2.90676222 -2.67381579 -2.32886612 -2.09822085 -1.90816437 
8.11130831e-01 -2.90676222 -2.67381579 -2.32886612 -2.09822085 -1.90816437 
6.57933225e-01 -2.90676222 -2.67381579 -2.32886612 -2.09822085 -1.90816437 
5.33669923e-01 -2.90676222 -2.67381579 -2.32886612 -2.09822085 -1.90816437 
4.32876128e-01 -2.90676222 -2.67381579 -2.32886612 -2.09822085 -1.90816437 
3.51119173e-01 -2.90676222 -2.67381579 -2.32886612 -2.09822085 -1.90816437 
2.84803587e-01 -2.90676222 -2.67381579 -2.32886612 -2.09822085 -1.90816437 
2.31012970e-01 -2.90676222 -2.67381579 -2.32886612 -2.09822085 -1.90816437 
1.87381742e-01 -2.90676222 -2.67381579 -2.32886612 -2.09822085 -1.90816437 
1.51991108e-01 -2.90676222 -2.67381579 -2.32886612 -2.09822085 -1.90816437 
1.23284674e-01 -2.90676222 -2.67381579 -2.32886612 -2.09822085 -1.90816437 
1.00000000e-01 -2.90676222 -2.67381579 -2.32886612 -2.09822085 -1.90816437 
8.11130831e-02 -2.90676222 -2.67381579 -2.32886612 -2.09822085 -1.90816437 
6.57933225e-02 -2.90676222 -2.67381579 -2.32886612 -2.09822085 -1.90816437 
5.33669923e-02 -2.90676222 -2.67381579 -2.32886612 -2.09822085 -1.90816437 
4.32876128e-02 -2.90676222 -2.67381579 -2.32886612 -2.09822085 -1.90816437 
3.51119173e-02 -2.90676222 -2.67381579 -2.32886612 -2.09822085 -1.90816437 
2.84803587e-02 -2.90676222 -2.67381579 -2.32886612 -2.09822085 -1.90816437 
2.31012970e-02 -2.90676222 -2.67381579 -2.32886612 -2.09822085 -1.90816437 
1.87381742e-02 -2.90676222 -2.67381579 -2.32886612 -2.09822085 -1.90816437 
1.51991108e-02 -2.90676222 -2.67381579 -2.32886612 -2.09822085 -1.90816437 
1.23284674e-02 -2.90676222 -2.67381579 -2.32886612 -2.09822085 -1.90816437 
1.00000000e-02 -2.90676222 -2.67381579 -2.32886612 -2.09822085 -1.90816437 
8.11130831e-03 -2.90676222 -2.67381579 -2.32886612 -2.09822085 -1.90816437 
6.57933225e-03 -2.90676222 -2.67381579 -2.32886612 -2.09822085 -1.90816437 
5.33669923e-03 -2.90676222 -2.67381579 -2.32886612 -2.09822085 -1.90816437 
4.32876128e-03 -2.90676222 -2.67381579 -2.32886612 -2.09822085 -1.90816437 
3.51119173e-03 -2.90676222 -2.67381579 -2.32886612 -2.09822085 -1.90816437 
2.84803587e-03 -2.90676222 -2.67381579 -2.32886612 -2.09822085 -1.90816437 
2.31012970e-03 -2.90676222 -2.67381579 -2.32886612 -2.09822085 -1.90816437 
1.87381742e-03 -2.90676222 -2.67381579 -2.32886612 -2.09822085 -1.90816437 
1.51991108e-03 -2.90676222 -2.67381579 -2.32886612 -2.09822085 -1.90816437 
1.23284674e-03 -2.90676222 -2.67381579 -2.32886612 -2.09822085 -1.90816437 
1.00000000e-03 -2.90676222 -2.67381579 -2.32886612 -2.09822085 -1.90816437 
8.11130831e-04 -2.90676222 -2.67381579 -2.32886612 -2.09822085 -1.90816437 
6.57933225e-04 -2.90676222 -2.67381579 -2.32886612 -2.09822085 -1.90816437 
5.33669923e-04 -2.90676222 -2.67381579 -2.32886612 -2.09822085 -1.90816437 
4.32876128e-04 -2.90676222 -2.67381579 -2.32886612 -2.09822085 -1.90816437 
3.51119173e-04 -2.90676222 -2.67381579 -2.32886612 -2.09822085 -1.90816437 
2.84803587e-04 -2.90676222 -2.67381579 -2.32886612 -2.09822085 -1.90816437 
2.31012970e-04 -2.90676222 -2.67381579 -2.32886612 -2.09822085 -1.90816437 
1.87381742e-04 -2.90676222 -2.67381579 -2.32886612 -2.09822085 -1.90816437 
1.51991108e-04 -2.90676222 -2.67381579 -2.32886612 -2.09822085 -1.90816437 
1.23284674e-04 -2.90676222 -2.67381579 -2.32886612 -2.09822085 -1.90816437 
1.00000000e-04 -2.90676222 -2.67381579 -2.32886612 -2.09822085 -1.90816437 
8.11130831e-05 -2.90676222 -2.67381579 -2.32886612 -2.09822085 -1.90816437 
6.57933225e-05 -2.90676222 -2.67381579 -2.32886612 -2.09822085 -1.90816437 
5.33669923e-05 -2.90676222 -2.67381579 -2.32886612 -2.09822085 -1.90816437 
4.32876128e-05 -2.90676222 -2.67381579 -2.32886612 -2.09822085 -1.90816437 
3.51119173e-05 -2.90676222 -2.67381579 -2.32886612 -2.09822085 -1.90816437 
2.84803587e-05 -2.90676222 -2.67381579 -2.32886612 -2.09822085 -1.90816437 
2.31012970e-05 -2.90676222 -2.67381579 -2.32886612 -2.09822085 -1.90816437 
1.87381742e-05 -2.90676222 -2.67381579 -2.32886612 -2.09822085 -1.90816437 
1.51991108e-05 -2.90676222 -2.67381579 -2.32886612 -2.09822085 -1.90816437 
1.23284674e-05 -2.90676222 -2.67381579 -2.32886612 -2.09822085 -1.90816437 
1.00000000e-05 -2.90676222 -2.67381579 -2.32886612 -2.09822085 -1.90816437 
8.11130831e-06 -2.90676222 -2.67381579 -2.32886612 -2.09822085 -1.90816437 
6.57933225e-06 -2.90676222 -2.67381579 -2.32886612 -2.09822085 -1.90816437 
5.33669923e-06 -2.90676222 -2.67381579 -2.32886612 -2.09822085 -1.90816437 
4.32876128e-06 -2.90676222 -2.67381579 -2.32886612 -2.09822085 -1.90816437 
3.51119173e-06 -2.90676222 -2.67381579 -2.32886612 -2.09822085 -1.90816437 
2.84803587e-06 -2.90676222 -2.67381579 -2.32886612 -2.09822085 -1.90816437 
2.31012970e-06 -2.90676222 -2.67381579 -2.32886612 -2.09822085 -1.90816437 
1.87381742e-06 -2.90676222 -2.67381579 -2.32886612 -2.09822085 -1.90816437 
1.51991108e-06 -2.90676222 -2.67381579 -2.32886612 -2.09822085 -1.90816437 
1.23284674e-06 -2.90676222 -2.67381579 -2.32886612 -2.09822085 -1.90816437 
1.00000000e-06 -2.90676222 -2.67381579 -2.32886612 -2.09822085 -1.90816437 
8.11130831e-07 -2.90676222 -2.67381579 -2.32886612 -2.09822085 -1.90816437 
6.57933225e-07 -2.90676222 -2.67381579 -2.32886612 -2.09822085 -1.90816437 
5.33669923e-07 -2.90676222 -2.67381579 -2.32886612 -2.09822085 -1.90816437 
4.32876128e-07 -2.90676222 -2.67381579 -2.32886612 -2.09822085 -1.90816437 
3.51119173e-07 -2.90676222 -2.67381579 -2.32886612 -2.09822085 -1.90816437 
2.84803587e-07 -2.90676222 -2.67381579 -2.32886612 -2.09822085 -1.90816437 
2.31012970e-07 -2.90676222 -2.67381579 -2.32886612 -2.09822085 -1.90816437 
1.87381742e-07 -2.90676222 -2.67381579 -2.32886612 -2.09822085 -1.90816437 
1.51991108e-07 -2.90676222 -2.67381579 -2.32886612 -2.09822085 -1.90816437 
1.23284674e-07 -2.90676222 -2.67381579 -2.32886612 -2.09822085 -1.90816437 
1.00000000e-07 -2.90676222 -2.67381579 -2.32886612 -2.09822085 -1.90816437 
P (bar) | log_CH4: -2σ | log_CH4: -1σ | log_CH4: median | log_CH4: +1σ | log_CH4: +2σ 
1.00000000e+02 -8.94906190 -8.66662653 -7.99948536 -7.17450645 -6.48857505 
8.11130831e+01 -8.94906190 -8.66662653 -7.99948536 -7.17450645 -6.48857505 
6.57933225e+01 -8.94906190 -8.66662653 -7.99948536 -7.17450645 -6.48857505 
5.33669923e+01 -8.94906190 -8.66662653 -7.99948536 -7.17450645 -6.48857505 
4.32876128e+01 -8.94906190 -8.66662653 -7.99948536 -7.17450645 -6.48857505 
3.51119173e+01 -8.94906190 -8.66662653 -7.99948536 -7.17450645 -6.48857505 
2.84803587e+01 -8.94906190 -8.66662653 -7.99948536 -7.17450645 -6.48857505 
2.31012970e+01 -8.94906190 -8.66662653 -7.99948536 -7.17450645 -6.48857505 
1.87381742e+01 -8.94906190 -8.66662653 -7.99948536 -7.17450645 -6.48857505 
1.51991108e+01 -8.94906190 -8.66662653 -7.99948536 -7.17450645 -6.48857505 
1.23284674e+01 -8.94906190 -8.66662653 -7.99948536 -7.17450645 -6.48857505 
1.00000000e+01 -8.94906190 -8.66662653 -7.99948536 -7.17450645 -6.48857505 
8.11130831e+00 -8.94906190 -8.66662653 -7.99948536 -7.17450645 -6.48857505 
6.57933225e+00 -8.94906190 -8.66662653 -7.99948536 -7.17450645 -6.48857505 
5.33669923e+00 -8.94906190 -8.66662653 -7.99948536 -7.17450645 -6.48857505 
4.32876128e+00 -8.94906190 -8.66662653 -7.99948536 -7.17450645 -6.48857505 
3.51119173e+00 -8.94906190 -8.66662653 -7.99948536 -7.17450645 -6.48857505 
2.84803587e+00 -8.94906190 -8.66662653 -7.99948536 -7.17450645 -6.48857505 
2.31012970e+00 -8.94906190 -8.66662653 -7.99948536 -7.17450645 -6.48857505 
1.87381742e+00 -8.94906190 -8.66662653 -7.99948536 -7.17450645 -6.48857505 
1.51991108e+00 -8.94906190 -8.66662653 -7.99948536 -7.17450645 -6.48857505 
1.23284674e+00 -8.94906190 -8.66662653 -7.99948536 -7.17450645 -6.48857505 
1.00000000e+00 -8.94906190 -8.66662653 -7.99948536 -7.17450645 -6.48857505 
8.11130831e-01 -8.94906190 -8.66662653 -7.99948536 -7.17450645 -6.48857505 
6.57933225e-01 -8.94906190 -8.66662653 -7.99948536 -7.17450645 -6.48857505 
5.33669923e-01 -8.94906190 -8.66662653 -7.99948536 -7.17450645 -6.48857505 
4.32876128e-01 -8.94906190 -8.66662653 -7.99948536 -7.17450645 -6.48857505 
3.51119173e-01 -8.94906190 -8.66662653 -7.99948536 -7.17450645 -6.48857505 
2.84803587e-01 -8.94906190 -8.66662653 -7.99948536 -7.17450645 -6.48857505 
2.31012970e-01 -8.94906190 -8.66662653 -7.99948536 -7.17450645 -6.48857505 
1.87381742e-01 -8.94906190 -8.66662653 -7.99948536 -7.17450645 -6.48857505 
1.51991108e-01 -8.94906190 -8.66662653 -7.99948536 -7.17450645 -6.48857505 
1.23284674e-01 -8.94906190 -8.66662653 -7.99948536 -7.17450645 -6.48857505 
1.00000000e-01 -8.94906190 -8.66662653 -7.99948536 -7.17450645 -6.48857505 
8.11130831e-02 -8.94906190 -8.66662653 -7.99948536 -7.17450645 -6.48857505 
6.57933225e-02 -8.94906190 -8.66662653 -7.99948536 -7.17450645 -6.48857505 
5.33669923e-02 -8.94906190 -8.66662653 -7.99948536 -7.17450645 -6.48857505 
4.32876128e-02 -8.94906190 -8.66662653 -7.99948536 -7.17450645 -6.48857505 
3.51119173e-02 -8.94906190 -8.66662653 -7.99948536 -7.17450645 -6.48857505 
2.84803587e-02 -8.94906190 -8.66662653 -7.99948536 -7.17450645 -6.48857505 
2.31012970e-02 -8.94906190 -8.66662653 -7.99948536 -7.17450645 -6.48857505 
1.87381742e-02 -8.94906190 -8.66662653 -7.99948536 -7.17450645 -6.48857505 
1.51991108e-02 -8.94906190 -8.66662653 -7.99948536 -7.17450645 -6.48857505 
1.23284674e-02 -8.94906190 -8.66662653 -7.99948536 -7.17450645 -6.48857505 
1.00000000e-02 -8.94906190 -8.66662653 -7.99948536 -7.17450645 -6.48857505 
8.11130831e-03 -8.94906190 -8.66662653 -7.99948536 -7.17450645 -6.48857505 
6.57933225e-03 -8.94906190 -8.66662653 -7.99948536 -7.17450645 -6.48857505 
5.33669923e-03 -8.94906190 -8.66662653 -7.99948536 -7.17450645 -6.48857505 
4.32876128e-03 -8.94906190 -8.66662653 -7.99948536 -7.17450645 -6.48857505 
3.51119173e-03 -8.94906190 -8.66662653 -7.99948536 -7.17450645 -6.48857505 
2.84803587e-03 -8.94906190 -8.66662653 -7.99948536 -7.17450645 -6.48857505 
2.31012970e-03 -8.94906190 -8.66662653 -7.99948536 -7.17450645 -6.48857505 
1.87381742e-03 -8.94906190 -8.66662653 -7.99948536 -7.17450645 -6.48857505 
1.51991108e-03 -8.94906190 -8.66662653 -7.99948536 -7.17450645 -6.48857505 
1.23284674e-03 -8.94906190 -8.66662653 -7.99948536 -7.17450645 -6.48857505 
1.00000000e-03 -8.94906190 -8.66662653 -7.99948536 -7.17450645 -6.48857505 
8.11130831e-04 -8.94906190 -8.66662653 -7.99948536 -7.17450645 -6.48857505 
6.57933225e-04 -8.94906190 -8.66662653 -7.99948536 -7.17450645 -6.48857505 
5.33669923e-04 -8.94906190 -8.66662653 -7.99948536 -7.17450645 -6.48857505 
4.32876128e-04 -8.94906190 -8.66662653 -7.99948536 -7.17450645 -6.48857505 
3.51119173e-04 -8.94906190 -8.66662653 -7.99948536 -7.17450645 -6.48857505 
2.84803587e-04 -8.94906190 -8.66662653 -7.99948536 -7.17450645 -6.48857505 
2.31012970e-04 -8.94906190 -8.66662653 -7.99948536 -7.17450645 -6.48857505 
1.87381742e-04 -8.94906190 -8.66662653 -7.99948536 -7.17450645 -6.48857505 
1.51991108e-04 -8.94906190 -8.66662653 -7.99948536 -7.17450645 -6.48857505 
1.23284674e-04 -8.94906190 -8.66662653 -7.99948536 -7.17450645 -6.48857505 
1.00000000e-04 -8.94906190 -8.66662653 -7.99948536 -7.17450645 -6.48857505 
8.11130831e-05 -8.94906190 -8.66662653 -7.99948536 -7.17450645 -6.48857505 
6.57933225e-05 -8.94906190 -8.66662653 -7.99948536 -7.17450645 -6.48857505 
5.33669923e-05 -8.94906190 -8.66662653 -7.99948536 -7.17450645 -6.48857505 
4.32876128e-05 -8.94906190 -8.66662653 -7.99948536 -7.17450645 -6.48857505 
3.51119173e-05 -8.94906190 -8.66662653 -7.99948536 -7.17450645 -6.48857505 
2.84803587e-05 -8.94906190 -8.66662653 -7.99948536 -7.17450645 -6.48857505 
2.31012970e-05 -8.94906190 -8.66662653 -7.99948536 -7.17450645 -6.48857505 
1.87381742e-05 -8.94906190 -8.66662653 -7.99948536 -7.17450645 -6.48857505 
1.51991108e-05 -8.94906190 -8.66662653 -7.99948536 -7.17450645 -6.48857505 
1.23284674e-05 -8.94906190 -8.66662653 -7.99948536 -7.17450645 -6.48857505 
1.00000000e-05 -8.94906190 -8.66662653 -7.99948536 -7.17450645 -6.48857505 
8.11130831e-06 -8.94906190 -8.66662653 -7.99948536 -7.17450645 -6.48857505 
6.57933225e-06 -8.94906190 -8.66662653 -7.99948536 -7.17450645 -6.48857505 
5.33669923e-06 -8.94906190 -8.66662653 -7.99948536 -7.17450645 -6.48857505 
4.32876128e-06 -8.94906190 -8.66662653 -7.99948536 -7.17450645 -6.48857505 
3.51119173e-06 -8.94906190 -8.66662653 -7.99948536 -7.17450645 -6.48857505 
2.84803587e-06 -8.94906190 -8.66662653 -7.99948536 -7.17450645 -6.48857505 
2.31012970e-06 -8.94906190 -8.66662653 -7.99948536 -7.17450645 -6.48857505 
1.87381742e-06 -8.94906190 -8.66662653 -7.99948536 -7.17450645 -6.48857505 
1.51991108e-06 -8.94906190 -8.66662653 -7.99948536 -7.17450645 -6.48857505 
1.23284674e-06 -8.94906190 -8.66662653 -7.99948536 -7.17450645 -6.48857505 
1.00000000e-06 -8.94906190 -8.66662653 -7.99948536 -7.17450645 -6.48857505 
8.11130831e-07 -8.94906190 -8.66662653 -7.99948536 -7.17450645 -6.48857505 
6.57933225e-07 -8.94906190 -8.66662653 -7.99948536 -7.17450645 -6.48857505 
5.33669923e-07 -8.94906190 -8.66662653 -7.99948536 -7.17450645 -6.48857505 
4.32876128e-07 -8.94906190 -8.66662653 -7.99948536 -7.17450645 -6.48857505 
3.51119173e-07 -8.94906190 -8.66662653 -7.99948536 -7.17450645 -6.48857505 
2.84803587e-07 -8.94906190 -8.66662653 -7.99948536 -7.17450645 -6.48857505 
2.31012970e-07 -8.94906190 -8.66662653 -7.99948536 -7.17450645 -6.48857505 
1.87381742e-07 -8.94906190 -8.66662653 -7.99948536 -7.17450645 -6.48857505 
1.51991108e-07 -8.94906190 -8.66662653 -7.99948536 -7.17450645 -6.48857505 
1.23284674e-07 -8.94906190 -8.66662653 -7.99948536 -7.17450645 -6.48857505 
1.00000000e-07 -8.94906190 -8.66662653 -7.99948536 -7.17450645 -6.48857505 
P (bar) | log_H2S: -2σ | log_H2S: -1σ | log_H2S: median | log_H2S: +1σ | log_H2S: +2σ 
1.00000000e+02 -6.95650187 -6.75022825 -6.14428427 -5.42959817 -4.68180966 
8.11130831e+01 -6.95650187 -6.75022825 -6.14428427 -5.42959817 -4.68180966 
6.57933225e+01 -6.95650187 -6.75022825 -6.14428427 -5.42959817 -4.68180966 
5.33669923e+01 -6.95650187 -6.75022825 -6.14428427 -5.42959817 -4.68180966 
4.32876128e+01 -6.95650187 -6.75022825 -6.14428427 -5.42959817 -4.68180966 
3.51119173e+01 -6.95650187 -6.75022825 -6.14428427 -5.42959817 -4.68180966 
2.84803587e+01 -6.95650187 -6.75022825 -6.14428427 -5.42959817 -4.68180966 
2.31012970e+01 -6.95650187 -6.75022825 -6.14428427 -5.42959817 -4.68180966 
1.87381742e+01 -6.95650187 -6.75022825 -6.14428427 -5.42959817 -4.68180966 
1.51991108e+01 -6.95650187 -6.75022825 -6.14428427 -5.42959817 -4.68180966 
1.23284674e+01 -6.95650187 -6.75022825 -6.14428427 -5.42959817 -4.68180966 
1.00000000e+01 -6.95650187 -6.75022825 -6.14428427 -5.42959817 -4.68180966 
8.11130831e+00 -6.95650187 -6.75022825 -6.14428427 -5.42959817 -4.68180966 
6.57933225e+00 -6.95650187 -6.75022825 -6.14428427 -5.42959817 -4.68180966 
5.33669923e+00 -6.95650187 -6.75022825 -6.14428427 -5.42959817 -4.68180966 
4.32876128e+00 -6.95650187 -6.75022825 -6.14428427 -5.42959817 -4.68180966 
3.51119173e+00 -6.95650187 -6.75022825 -6.14428427 -5.42959817 -4.68180966 
2.84803587e+00 -6.95650187 -6.75022825 -6.14428427 -5.42959817 -4.68180966 
2.31012970e+00 -6.95650187 -6.75022825 -6.14428427 -5.42959817 -4.68180966 
1.87381742e+00 -6.95650187 -6.75022825 -6.14428427 -5.42959817 -4.68180966 
1.51991108e+00 -6.95650187 -6.75022825 -6.14428427 -5.42959817 -4.68180966 
1.23284674e+00 -6.95650187 -6.75022825 -6.14428427 -5.42959817 -4.68180966 
1.00000000e+00 -6.95650187 -6.75022825 -6.14428427 -5.42959817 -4.68180966 
8.11130831e-01 -6.95650187 -6.75022825 -6.14428427 -5.42959817 -4.68180966 
6.57933225e-01 -6.95650187 -6.75022825 -6.14428427 -5.42959817 -4.68180966 
5.33669923e-01 -6.95650187 -6.75022825 -6.14428427 -5.42959817 -4.68180966 
4.32876128e-01 -6.95650187 -6.75022825 -6.14428427 -5.42959817 -4.68180966 
3.51119173e-01 -6.95650187 -6.75022825 -6.14428427 -5.42959817 -4.68180966 
2.84803587e-01 -6.95650187 -6.75022825 -6.14428427 -5.42959817 -4.68180966 
2.31012970e-01 -6.95650187 -6.75022825 -6.14428427 -5.42959817 -4.68180966 
1.87381742e-01 -6.95650187 -6.75022825 -6.14428427 -5.42959817 -4.68180966 
1.51991108e-01 -6.95650187 -6.75022825 -6.14428427 -5.42959817 -4.68180966 
1.23284674e-01 -6.95650187 -6.75022825 -6.14428427 -5.42959817 -4.68180966 
1.00000000e-01 -6.95650187 -6.75022825 -6.14428427 -5.42959817 -4.68180966 
8.11130831e-02 -6.95650187 -6.75022825 -6.14428427 -5.42959817 -4.68180966 
6.57933225e-02 -6.95650187 -6.75022825 -6.14428427 -5.42959817 -4.68180966 
5.33669923e-02 -6.95650187 -6.75022825 -6.14428427 -5.42959817 -4.68180966 
4.32876128e-02 -6.95650187 -6.75022825 -6.14428427 -5.42959817 -4.68180966 
3.51119173e-02 -6.95650187 -6.75022825 -6.14428427 -5.42959817 -4.68180966 
2.84803587e-02 -6.95650187 -6.75022825 -6.14428427 -5.42959817 -4.68180966 
2.31012970e-02 -6.95650187 -6.75022825 -6.14428427 -5.42959817 -4.68180966 
1.87381742e-02 -6.95650187 -6.75022825 -6.14428427 -5.42959817 -4.68180966 
1.51991108e-02 -6.95650187 -6.75022825 -6.14428427 -5.42959817 -4.68180966 
1.23284674e-02 -6.95650187 -6.75022825 -6.14428427 -5.42959817 -4.68180966 
1.00000000e-02 -6.95650187 -6.75022825 -6.14428427 -5.42959817 -4.68180966 
8.11130831e-03 -6.95650187 -6.75022825 -6.14428427 -5.42959817 -4.68180966 
6.57933225e-03 -6.95650187 -6.75022825 -6.14428427 -5.42959817 -4.68180966 
5.33669923e-03 -6.95650187 -6.75022825 -6.14428427 -5.42959817 -4.68180966 
4.32876128e-03 -6.95650187 -6.75022825 -6.14428427 -5.42959817 -4.68180966 
3.51119173e-03 -6.95650187 -6.75022825 -6.14428427 -5.42959817 -4.68180966 
2.84803587e-03 -6.95650187 -6.75022825 -6.14428427 -5.42959817 -4.68180966 
2.31012970e-03 -6.95650187 -6.75022825 -6.14428427 -5.42959817 -4.68180966 
1.87381742e-03 -6.95650187 -6.75022825 -6.14428427 -5.42959817 -4.68180966 
1.51991108e-03 -6.95650187 -6.75022825 -6.14428427 -5.42959817 -4.68180966 
1.23284674e-03 -6.95650187 -6.75022825 -6.14428427 -5.42959817 -4.68180966 
1.00000000e-03 -6.95650187 -6.75022825 -6.14428427 -5.42959817 -4.68180966 
8.11130831e-04 -6.95650187 -6.75022825 -6.14428427 -5.42959817 -4.68180966 
6.57933225e-04 -6.95650187 -6.75022825 -6.14428427 -5.42959817 -4.68180966 
5.33669923e-04 -6.95650187 -6.75022825 -6.14428427 -5.42959817 -4.68180966 
4.32876128e-04 -6.95650187 -6.75022825 -6.14428427 -5.42959817 -4.68180966 
3.51119173e-04 -6.95650187 -6.75022825 -6.14428427 -5.42959817 -4.68180966 
2.84803587e-04 -6.95650187 -6.75022825 -6.14428427 -5.42959817 -4.68180966 
2.31012970e-04 -6.95650187 -6.75022825 -6.14428427 -5.42959817 -4.68180966 
1.87381742e-04 -6.95650187 -6.75022825 -6.14428427 -5.42959817 -4.68180966 
1.51991108e-04 -6.95650187 -6.75022825 -6.14428427 -5.42959817 -4.68180966 
1.23284674e-04 -6.95650187 -6.75022825 -6.14428427 -5.42959817 -4.68180966 
1.00000000e-04 -6.95650187 -6.75022825 -6.14428427 -5.42959817 -4.68180966 
8.11130831e-05 -6.95650187 -6.75022825 -6.14428427 -5.42959817 -4.68180966 
6.57933225e-05 -6.95650187 -6.75022825 -6.14428427 -5.42959817 -4.68180966 
5.33669923e-05 -6.95650187 -6.75022825 -6.14428427 -5.42959817 -4.68180966 
4.32876128e-05 -6.95650187 -6.75022825 -6.14428427 -5.42959817 -4.68180966 
3.51119173e-05 -6.95650187 -6.75022825 -6.14428427 -5.42959817 -4.68180966 
2.84803587e-05 -6.95650187 -6.75022825 -6.14428427 -5.42959817 -4.68180966 
2.31012970e-05 -6.95650187 -6.75022825 -6.14428427 -5.42959817 -4.68180966 
1.87381742e-05 -6.95650187 -6.75022825 -6.14428427 -5.42959817 -4.68180966 
1.51991108e-05 -6.95650187 -6.75022825 -6.14428427 -5.42959817 -4.68180966 
1.23284674e-05 -6.95650187 -6.75022825 -6.14428427 -5.42959817 -4.68180966 
1.00000000e-05 -6.95650187 -6.75022825 -6.14428427 -5.42959817 -4.68180966 
8.11130831e-06 -6.95650187 -6.75022825 -6.14428427 -5.42959817 -4.68180966 
6.57933225e-06 -6.95650187 -6.75022825 -6.14428427 -5.42959817 -4.68180966 
5.33669923e-06 -6.95650187 -6.75022825 -6.14428427 -5.42959817 -4.68180966 
4.32876128e-06 -6.95650187 -6.75022825 -6.14428427 -5.42959817 -4.68180966 
3.51119173e-06 -6.95650187 -6.75022825 -6.14428427 -5.42959817 -4.68180966 
2.84803587e-06 -6.95650187 -6.75022825 -6.14428427 -5.42959817 -4.68180966 
2.31012970e-06 -6.95650187 -6.75022825 -6.14428427 -5.42959817 -4.68180966 
1.87381742e-06 -6.95650187 -6.75022825 -6.14428427 -5.42959817 -4.68180966 
1.51991108e-06 -6.95650187 -6.75022825 -6.14428427 -5.42959817 -4.68180966 
1.23284674e-06 -6.95650187 -6.75022825 -6.14428427 -5.42959817 -4.68180966 
1.00000000e-06 -6.95650187 -6.75022825 -6.14428427 -5.42959817 -4.68180966 
8.11130831e-07 -6.95650187 -6.75022825 -6.14428427 -5.42959817 -4.68180966 
6.57933225e-07 -6.95650187 -6.75022825 -6.14428427 -5.42959817 -4.68180966 
5.33669923e-07 -6.95650187 -6.75022825 -6.14428427 -5.42959817 -4.68180966 
4.32876128e-07 -6.95650187 -6.75022825 -6.14428427 -5.42959817 -4.68180966 
3.51119173e-07 -6.95650187 -6.75022825 -6.14428427 -5.42959817 -4.68180966 
2.84803587e-07 -6.95650187 -6.75022825 -6.14428427 -5.42959817 -4.68180966 
2.31012970e-07 -6.95650187 -6.75022825 -6.14428427 -5.42959817 -4.68180966 
1.87381742e-07 -6.95650187 -6.75022825 -6.14428427 -5.42959817 -4.68180966 
1.51991108e-07 -6.95650187 -6.75022825 -6.14428427 -5.42959817 -4.68180966 
1.23284674e-07 -6.95650187 -6.75022825 -6.14428427 -5.42959817 -4.68180966 
1.00000000e-07 -6.95650187 -6.75022825 -6.14428427 -5.42959817 -4.68180966 
