Chemical species: H2 He H2O CO2 SO2 CO Na CH4 H2S
P (bar) | log_H2: -2σ | log_H2: -1σ | log_H2: median | log_H2: +1σ | log_H2: +2σ 
1.00000000e+02 -0.08898936 -0.08564247 -0.08276140 -0.07987317 -0.07745229 
8.11130831e+01 -0.08898936 -0.08564247 -0.08276140 -0.07987317 -0.07745229 
6.57933225e+01 -0.08898936 -0.08564247 -0.08276140 -0.07987317 -0.07745229 
5.33669923e+01 -0.08898936 -0.08564247 -0.08276140 -0.07987317 -0.07745229 
4.32876128e+01 -0.08898936 -0.08564247 -0.08276140 -0.07987317 -0.07745229 
3.51119173e+01 -0.08898936 -0.08564247 -0.08276140 -0.07987317 -0.07745229 
2.84803587e+01 -0.08898936 -0.08564247 -0.08276140 -0.07987317 -0.07745229 
2.31012970e+01 -0.08898936 -0.08564247 -0.08276140 -0.07987317 -0.07745229 
1.87381742e+01 -0.08898936 -0.08564247 -0.08276140 -0.07987317 -0.07745229 
1.51991108e+01 -0.08898936 -0.08564247 -0.08276140 -0.07987317 -0.07745229 
1.23284674e+01 -0.08898936 -0.08564247 -0.08276140 -0.07987317 -0.07745229 
1.00000000e+01 -0.08898936 -0.08564247 -0.08276140 -0.07987317 -0.07745229 
8.11130831e+00 -0.08898936 -0.08564247 -0.08276140 -0.07987317 -0.07745229 
6.57933225e+00 -0.08898936 -0.08564247 -0.08276140 -0.07987317 -0.07745229 
5.33669923e+00 -0.08898936 -0.08564247 -0.08276140 -0.07987317 -0.07745229 
4.32876128e+00 -0.08898936 -0.08564247 -0.08276140 -0.07987317 -0.07745229 
3.51119173e+00 -0.08898936 -0.08564247 -0.08276140 -0.07987317 -0.07745229 
2.84803587e+00 -0.08898936 -0.08564247 -0.08276140 -0.07987317 -0.07745229 
2.31012970e+00 -0.08898936 -0.08564247 -0.08276140 -0.07987317 -0.07745229 
1.87381742e+00 -0.08898936 -0.08564247 -0.08276140 -0.07987317 -0.07745229 
1.51991108e+00 -0.08898936 -0.08564247 -0.08276140 -0.07987317 -0.07745229 
1.23284674e+00 -0.08898936 -0.08564247 -0.08276140 -0.07987317 -0.07745229 
1.00000000e+00 -0.08898936 -0.08564247 -0.08276140 -0.07987317 -0.07745229 
8.11130831e-01 -0.08898936 -0.08564247 -0.08276140 -0.07987317 -0.07745229 
6.57933225e-01 -0.08898936 -0.08564247 -0.08276140 -0.07987317 -0.07745229 
5.33669923e-01 -0.08898936 -0.08564247 -0.08276140 -0.07987317 -0.07745229 
4.32876128e-01 -0.08898936 -0.08564247 -0.08276140 -0.07987317 -0.07745229 
3.51119173e-01 -0.08898936 -0.08564247 -0.08276140 -0.07987317 -0.07745229 
2.84803587e-01 -0.08898936 -0.08564247 -0.08276140 -0.07987317 -0.07745229 
2.31012970e-01 -0.08898936 -0.08564247 -0.08276140 -0.07987317 -0.07745229 
1.87381742e-01 -0.08898936 -0.08564247 -0.08276140 -0.07987317 -0.07745229 
1.51991108e-01 -0.08898936 -0.08564247 -0.08276140 -0.07987317 -0.07745229 
1.23284674e-01 -0.08898936 -0.08564247 -0.08276140 -0.07987317 -0.07745229 
1.00000000e-01 -0.08898936 -0.08564247 -0.08276140 -0.07987317 -0.07745229 
8.11130831e-02 -0.08898936 -0.08564247 -0.08276140 -0.07987317 -0.07745229 
6.57933225e-02 -0.08898936 -0.08564247 -0.08276140 -0.07987317 -0.07745229 
5.33669923e-02 -0.08898936 -0.08564247 -0.08276140 -0.07987317 -0.07745229 
4.32876128e-02 -0.08898936 -0.08564247 -0.08276140 -0.07987317 -0.07745229 
3.51119173e-02 -0.08898936 -0.08564247 -0.08276140 -0.07987317 -0.07745229 
2.84803587e-02 -0.08898936 -0.08564247 -0.08276140 -0.07987317 -0.07745229 
2.31012970e-02 -0.08898936 -0.08564247 -0.08276140 -0.07987317 -0.07745229 
1.87381742e-02 -0.08898936 -0.08564247 -0.08276140 -0.07987317 -0.07745229 
1.51991108e-02 -0.08898936 -0.08564247 -0.08276140 -0.07987317 -0.07745229 
1.23284674e-02 -0.08898936 -0.08564247 -0.08276140 -0.07987317 -0.07745229 
1.00000000e-02 -0.08898936 -0.08564247 -0.08276140 -0.07987317 -0.07745229 
8.11130831e-03 -0.08898936 -0.08564247 -0.08276140 -0.07987317 -0.07745229 
6.57933225e-03 -0.08898936 -0.08564247 -0.08276140 -0.07987317 -0.07745229 
5.33669923e-03 -0.08898936 -0.08564247 -0.08276140 -0.07987317 -0.07745229 
4.32876128e-03 -0.08898936 -0.08564247 -0.08276140 -0.07987317 -0.07745229 
3.51119173e-03 -0.08898936 -0.08564247 -0.08276140 -0.07987317 -0.07745229 
2.84803587e-03 -0.08898936 -0.08564247 -0.08276140 -0.07987317 -0.07745229 
2.31012970e-03 -0.08898936 -0.08564247 -0.08276140 -0.07987317 -0.07745229 
1.87381742e-03 -0.08898936 -0.08564247 -0.08276140 -0.07987317 -0.07745229 
1.51991108e-03 -0.08898936 -0.08564247 -0.08276140 -0.07987317 -0.07745229 
1.23284674e-03 -0.08898936 -0.08564247 -0.08276140 -0.07987317 -0.07745229 
1.00000000e-03 -0.08898936 -0.08564247 -0.08276140 -0.07987317 -0.07745229 
8.11130831e-04 -0.08898936 -0.08564247 -0.08276140 -0.07987317 -0.07745229 
6.57933225e-04 -0.08898936 -0.08564247 -0.08276140 -0.07987317 -0.07745229 
5.33669923e-04 -0.08898936 -0.08564247 -0.08276140 -0.07987317 -0.07745229 
4.32876128e-04 -0.08898936 -0.08564247 -0.08276140 -0.07987317 -0.07745229 
3.51119173e-04 -0.08898936 -0.08564247 -0.08276140 -0.07987317 -0.07745229 
2.84803587e-04 -0.08898936 -0.08564247 -0.08276140 -0.07987317 -0.07745229 
2.31012970e-04 -0.08898936 -0.08564247 -0.08276140 -0.07987317 -0.07745229 
1.87381742e-04 -0.08898936 -0.08564247 -0.08276140 -0.07987317 -0.07745229 
1.51991108e-04 -0.08898936 -0.08564247 -0.08276140 -0.07987317 -0.07745229 
1.23284674e-04 -0.08898936 -0.08564247 -0.08276140 -0.07987317 -0.07745229 
1.00000000e-04 -0.08898936 -0.08564247 -0.08276140 -0.07987317 -0.07745229 
8.11130831e-05 -0.08898936 -0.08564247 -0.08276140 -0.07987317 -0.07745229 
6.57933225e-05 -0.08898936 -0.08564247 -0.08276140 -0.07987317 -0.07745229 
5.33669923e-05 -0.08898936 -0.08564247 -0.08276140 -0.07987317 -0.07745229 
4.32876128e-05 -0.08898936 -0.08564247 -0.08276140 -0.07987317 -0.07745229 
3.51119173e-05 -0.08898936 -0.08564247 -0.08276140 -0.07987317 -0.07745229 
2.84803587e-05 -0.08898936 -0.08564247 -0.08276140 -0.07987317 -0.07745229 
2.31012970e-05 -0.08898936 -0.08564247 -0.08276140 -0.07987317 -0.07745229 
1.87381742e-05 -0.08898936 -0.08564247 -0.08276140 -0.07987317 -0.07745229 
1.51991108e-05 -0.08898936 -0.08564247 -0.08276140 -0.07987317 -0.07745229 
1.23284674e-05 -0.08898936 -0.08564247 -0.08276140 -0.07987317 -0.07745229 
1.00000000e-05 -0.08898936 -0.08564247 -0.08276140 -0.07987317 -0.07745229 
8.11130831e-06 -0.08898936 -0.08564247 -0.08276140 -0.07987317 -0.07745229 
6.57933225e-06 -0.08898936 -0.08564247 -0.08276140 -0.07987317 -0.07745229 
5.33669923e-06 -0.08898936 -0.08564247 -0.08276140 -0.07987317 -0.07745229 
4.32876128e-06 -0.08898936 -0.08564247 -0.08276140 -0.07987317 -0.07745229 
3.51119173e-06 -0.08898936 -0.08564247 -0.08276140 -0.07987317 -0.07745229 
2.84803587e-06 -0.08898936 -0.08564247 -0.08276140 -0.07987317 -0.07745229 
2.31012970e-06 -0.08898936 -0.08564247 -0.08276140 -0.07987317 -0.07745229 
1.87381742e-06 -0.08898936 -0.08564247 -0.08276140 -0.07987317 -0.07745229 
1.51991108e-06 -0.08898936 -0.08564247 -0.08276140 -0.07987317 -0.07745229 
1.23284674e-06 -0.08898936 -0.08564247 -0.08276140 -0.07987317 -0.07745229 
1.00000000e-06 -0.08898936 -0.08564247 -0.08276140 -0.07987317 -0.07745229 
8.11130831e-07 -0.08898936 -0.08564247 -0.08276140 -0.07987317 -0.07745229 
6.57933225e-07 -0.08898936 -0.08564247 -0.08276140 -0.07987317 -0.07745229 
5.33669923e-07 -0.08898936 -0.08564247 -0.08276140 -0.07987317 -0.07745229 
4.32876128e-07 -0.08898936 -0.08564247 -0.08276140 -0.07987317 -0.07745229 
3.51119173e-07 -0.08898936 -0.08564247 -0.08276140 -0.07987317 -0.07745229 
2.84803587e-07 -0.08898936 -0.08564247 -0.08276140 -0.07987317 -0.07745229 
2.31012970e-07 -0.08898936 -0.08564247 -0.08276140 -0.07987317 -0.07745229 
1.87381742e-07 -0.08898936 -0.08564247 -0.08276140 -0.07987317 -0.07745229 
1.51991108e-07 -0.08898936 -0.08564247 -0.08276140 -0.07987317 -0.07745229 
1.23284674e-07 -0.08898936 -0.08564247 -0.08276140 -0.07987317 -0.07745229 
1.00000000e-07 -0.08898936 -0.08564247 -0.08276140 -0.07987317 -0.07745229 
P (bar) | log_He: -2σ | log_He: -1σ | log_He: median | log_He: +1σ | log_He: +2σ 
1.00000000e+02 -0.85854044 -0.85519355 -0.85231248 -0.84942425 -0.84700337 
8.11130831e+01 -0.85854044 -0.85519355 -0.85231248 -0.84942425 -0.84700337 
6.57933225e+01 -0.85854044 -0.85519355 -0.85231248 -0.84942425 -0.84700337 
5.33669923e+01 -0.85854044 -0.85519355 -0.85231248 -0.84942425 -0.84700337 
4.32876128e+01 -0.85854044 -0.85519355 -0.85231248 -0.84942425 -0.84700337 
3.51119173e+01 -0.85854044 -0.85519355 -0.85231248 -0.84942425 -0.84700337 
2.84803587e+01 -0.85854044 -0.85519355 -0.85231248 -0.84942425 -0.84700337 
2.31012970e+01 -0.85854044 -0.85519355 -0.85231248 -0.84942425 -0.84700337 
1.87381742e+01 -0.85854044 -0.85519355 -0.85231248 -0.84942425 -0.84700337 
1.51991108e+01 -0.85854044 -0.85519355 -0.85231248 -0.84942425 -0.84700337 
1.23284674e+01 -0.85854044 -0.85519355 -0.85231248 -0.84942425 -0.84700337 
1.00000000e+01 -0.85854044 -0.85519355 -0.85231248 -0.84942425 -0.84700337 
8.11130831e+00 -0.85854044 -0.85519355 -0.85231248 -0.84942425 -0.84700337 
6.57933225e+00 -0.85854044 -0.85519355 -0.85231248 -0.84942425 -0.84700337 
5.33669923e+00 -0.85854044 -0.85519355 -0.85231248 -0.84942425 -0.84700337 
4.32876128e+00 -0.85854044 -0.85519355 -0.85231248 -0.84942425 -0.84700337 
3.51119173e+00 -0.85854044 -0.85519355 -0.85231248 -0.84942425 -0.84700337 
2.84803587e+00 -0.85854044 -0.85519355 -0.85231248 -0.84942425 -0.84700337 
2.31012970e+00 -0.85854044 -0.85519355 -0.85231248 -0.84942425 -0.84700337 
1.87381742e+00 -0.85854044 -0.85519355 -0.85231248 -0.84942425 -0.84700337 
1.51991108e+00 -0.85854044 -0.85519355 -0.85231248 -0.84942425 -0.84700337 
1.23284674e+00 -0.85854044 -0.85519355 -0.85231248 -0.84942425 -0.84700337 
1.00000000e+00 -0.85854044 -0.85519355 -0.85231248 -0.84942425 -0.84700337 
8.11130831e-01 -0.85854044 -0.85519355 -0.85231248 -0.84942425 -0.84700337 
6.57933225e-01 -0.85854044 -0.85519355 -0.85231248 -0.84942425 -0.84700337 
5.33669923e-01 -0.85854044 -0.85519355 -0.85231248 -0.84942425 -0.84700337 
4.32876128e-01 -0.85854044 -0.85519355 -0.85231248 -0.84942425 -0.84700337 
3.51119173e-01 -0.85854044 -0.85519355 -0.85231248 -0.84942425 -0.84700337 
2.84803587e-01 -0.85854044 -0.85519355 -0.85231248 -0.84942425 -0.84700337 
2.31012970e-01 -0.85854044 -0.85519355 -0.85231248 -0.84942425 -0.84700337 
1.87381742e-01 -0.85854044 -0.85519355 -0.85231248 -0.84942425 -0.84700337 
1.51991108e-01 -0.85854044 -0.85519355 -0.85231248 -0.84942425 -0.84700337 
1.23284674e-01 -0.85854044 -0.85519355 -0.85231248 -0.84942425 -0.84700337 
1.00000000e-01 -0.85854044 -0.85519355 -0.85231248 -0.84942425 -0.84700337 
8.11130831e-02 -0.85854044 -0.85519355 -0.85231248 -0.84942425 -0.84700337 
6.57933225e-02 -0.85854044 -0.85519355 -0.85231248 -0.84942425 -0.84700337 
5.33669923e-02 -0.85854044 -0.85519355 -0.85231248 -0.84942425 -0.84700337 
4.32876128e-02 -0.85854044 -0.85519355 -0.85231248 -0.84942425 -0.84700337 
3.51119173e-02 -0.85854044 -0.85519355 -0.85231248 -0.84942425 -0.84700337 
2.84803587e-02 -0.85854044 -0.85519355 -0.85231248 -0.84942425 -0.84700337 
2.31012970e-02 -0.85854044 -0.85519355 -0.85231248 -0.84942425 -0.84700337 
1.87381742e-02 -0.85854044 -0.85519355 -0.85231248 -0.84942425 -0.84700337 
1.51991108e-02 -0.85854044 -0.85519355 -0.85231248 -0.84942425 -0.84700337 
1.23284674e-02 -0.85854044 -0.85519355 -0.85231248 -0.84942425 -0.84700337 
1.00000000e-02 -0.85854044 -0.85519355 -0.85231248 -0.84942425 -0.84700337 
8.11130831e-03 -0.85854044 -0.85519355 -0.85231248 -0.84942425 -0.84700337 
6.57933225e-03 -0.85854044 -0.85519355 -0.85231248 -0.84942425 -0.84700337 
5.33669923e-03 -0.85854044 -0.85519355 -0.85231248 -0.84942425 -0.84700337 
4.32876128e-03 -0.85854044 -0.85519355 -0.85231248 -0.84942425 -0.84700337 
3.51119173e-03 -0.85854044 -0.85519355 -0.85231248 -0.84942425 -0.84700337 
2.84803587e-03 -0.85854044 -0.85519355 -0.85231248 -0.84942425 -0.84700337 
2.31012970e-03 -0.85854044 -0.85519355 -0.85231248 -0.84942425 -0.84700337 
1.87381742e-03 -0.85854044 -0.85519355 -0.85231248 -0.84942425 -0.84700337 
1.51991108e-03 -0.85854044 -0.85519355 -0.85231248 -0.84942425 -0.84700337 
1.23284674e-03 -0.85854044 -0.85519355 -0.85231248 -0.84942425 -0.84700337 
1.00000000e-03 -0.85854044 -0.85519355 -0.85231248 -0.84942425 -0.84700337 
8.11130831e-04 -0.85854044 -0.85519355 -0.85231248 -0.84942425 -0.84700337 
6.57933225e-04 -0.85854044 -0.85519355 -0.85231248 -0.84942425 -0.84700337 
5.33669923e-04 -0.85854044 -0.85519355 -0.85231248 -0.84942425 -0.84700337 
4.32876128e-04 -0.85854044 -0.85519355 -0.85231248 -0.84942425 -0.84700337 
3.51119173e-04 -0.85854044 -0.85519355 -0.85231248 -0.84942425 -0.84700337 
2.84803587e-04 -0.85854044 -0.85519355 -0.85231248 -0.84942425 -0.84700337 
2.31012970e-04 -0.85854044 -0.85519355 -0.85231248 -0.84942425 -0.84700337 
1.87381742e-04 -0.85854044 -0.85519355 -0.85231248 -0.84942425 -0.84700337 
1.51991108e-04 -0.85854044 -0.85519355 -0.85231248 -0.84942425 -0.84700337 
1.23284674e-04 -0.85854044 -0.85519355 -0.85231248 -0.84942425 -0.84700337 
1.00000000e-04 -0.85854044 -0.85519355 -0.85231248 -0.84942425 -0.84700337 
8.11130831e-05 -0.85854044 -0.85519355 -0.85231248 -0.84942425 -0.84700337 
6.57933225e-05 -0.85854044 -0.85519355 -0.85231248 -0.84942425 -0.84700337 
5.33669923e-05 -0.85854044 -0.85519355 -0.85231248 -0.84942425 -0.84700337 
4.32876128e-05 -0.85854044 -0.85519355 -0.85231248 -0.84942425 -0.84700337 
3.51119173e-05 -0.85854044 -0.85519355 -0.85231248 -0.84942425 -0.84700337 
2.84803587e-05 -0.85854044 -0.85519355 -0.85231248 -0.84942425 -0.84700337 
2.31012970e-05 -0.85854044 -0.85519355 -0.85231248 -0.84942425 -0.84700337 
1.87381742e-05 -0.85854044 -0.85519355 -0.85231248 -0.84942425 -0.84700337 
1.51991108e-05 -0.85854044 -0.85519355 -0.85231248 -0.84942425 -0.84700337 
1.23284674e-05 -0.85854044 -0.85519355 -0.85231248 -0.84942425 -0.84700337 
1.00000000e-05 -0.85854044 -0.85519355 -0.85231248 -0.84942425 -0.84700337 
8.11130831e-06 -0.85854044 -0.85519355 -0.85231248 -0.84942425 -0.84700337 
6.57933225e-06 -0.85854044 -0.85519355 -0.85231248 -0.84942425 -0.84700337 
5.33669923e-06 -0.85854044 -0.85519355 -0.85231248 -0.84942425 -0.84700337 
4.32876128e-06 -0.85854044 -0.85519355 -0.85231248 -0.84942425 -0.84700337 
3.51119173e-06 -0.85854044 -0.85519355 -0.85231248 -0.84942425 -0.84700337 
2.84803587e-06 -0.85854044 -0.85519355 -0.85231248 -0.84942425 -0.84700337 
2.31012970e-06 -0.85854044 -0.85519355 -0.85231248 -0.84942425 -0.84700337 
1.87381742e-06 -0.85854044 -0.85519355 -0.85231248 -0.84942425 -0.84700337 
1.51991108e-06 -0.85854044 -0.85519355 -0.85231248 -0.84942425 -0.84700337 
1.23284674e-06 -0.85854044 -0.85519355 -0.85231248 -0.84942425 -0.84700337 
1.00000000e-06 -0.85854044 -0.85519355 -0.85231248 -0.84942425 -0.84700337 
8.11130831e-07 -0.85854044 -0.85519355 -0.85231248 -0.84942425 -0.84700337 
6.57933225e-07 -0.85854044 -0.85519355 -0.85231248 -0.84942425 -0.84700337 
5.33669923e-07 -0.85854044 -0.85519355 -0.85231248 -0.84942425 -0.84700337 
4.32876128e-07 -0.85854044 -0.85519355 -0.85231248 -0.84942425 -0.84700337 
3.51119173e-07 -0.85854044 -0.85519355 -0.85231248 -0.84942425 -0.84700337 
2.84803587e-07 -0.85854044 -0.85519355 -0.85231248 -0.84942425 -0.84700337 
2.31012970e-07 -0.85854044 -0.85519355 -0.85231248 -0.84942425 -0.84700337 
1.87381742e-07 -0.85854044 -0.85519355 -0.85231248 -0.84942425 -0.84700337 
1.51991108e-07 -0.85854044 -0.85519355 -0.85231248 -0.84942425 -0.84700337 
1.23284674e-07 -0.85854044 -0.85519355 -0.85231248 -0.84942425 -0.84700337 
1.00000000e-07 -0.85854044 -0.85519355 -0.85231248 -0.84942425 -0.84700337 
P (bar) | log_H2O: -2σ | log_H2O: -1σ | log_H2O: median | log_H2O: +1σ | log_H2O: +2σ 
1.00000000e+02 -1.91642283 -1.75699178 -1.62896664 -1.50476664 -1.41892530 
8.11130831e+01 -1.91642283 -1.75699178 -1.62896664 -1.50476664 -1.41892530 
6.57933225e+01 -1.91642283 -1.75699178 -1.62896664 -1.50476664 -1.41892530 
5.33669923e+01 -1.91642283 -1.75699178 -1.62896664 -1.50476664 -1.41892530 
4.32876128e+01 -1.91642283 -1.75699178 -1.62896664 -1.50476664 -1.41892530 
3.51119173e+01 -1.91642283 -1.75699178 -1.62896664 -1.50476664 -1.41892530 
2.84803587e+01 -1.91642283 -1.75699178 -1.62896664 -1.50476664 -1.41892530 
2.31012970e+01 -1.91642283 -1.75699178 -1.62896664 -1.50476664 -1.41892530 
1.87381742e+01 -1.91642283 -1.75699178 -1.62896664 -1.50476664 -1.41892530 
1.51991108e+01 -1.91642283 -1.75699178 -1.62896664 -1.50476664 -1.41892530 
1.23284674e+01 -1.91642283 -1.75699178 -1.62896664 -1.50476664 -1.41892530 
1.00000000e+01 -1.91642283 -1.75699178 -1.62896664 -1.50476664 -1.41892530 
8.11130831e+00 -1.91642283 -1.75699178 -1.62896664 -1.50476664 -1.41892530 
6.57933225e+00 -1.91642283 -1.75699178 -1.62896664 -1.50476664 -1.41892530 
5.33669923e+00 -1.91642283 -1.75699178 -1.62896664 -1.50476664 -1.41892530 
4.32876128e+00 -1.91642283 -1.75699178 -1.62896664 -1.50476664 -1.41892530 
3.51119173e+00 -1.91642283 -1.75699178 -1.62896664 -1.50476664 -1.41892530 
2.84803587e+00 -1.91642283 -1.75699178 -1.62896664 -1.50476664 -1.41892530 
2.31012970e+00 -1.91642283 -1.75699178 -1.62896664 -1.50476664 -1.41892530 
1.87381742e+00 -1.91642283 -1.75699178 -1.62896664 -1.50476664 -1.41892530 
1.51991108e+00 -1.91642283 -1.75699178 -1.62896664 -1.50476664 -1.41892530 
1.23284674e+00 -1.91642283 -1.75699178 -1.62896664 -1.50476664 -1.41892530 
1.00000000e+00 -1.91642283 -1.75699178 -1.62896664 -1.50476664 -1.41892530 
8.11130831e-01 -1.91642283 -1.75699178 -1.62896664 -1.50476664 -1.41892530 
6.57933225e-01 -1.91642283 -1.75699178 -1.62896664 -1.50476664 -1.41892530 
5.33669923e-01 -1.91642283 -1.75699178 -1.62896664 -1.50476664 -1.41892530 
4.32876128e-01 -1.91642283 -1.75699178 -1.62896664 -1.50476664 -1.41892530 
3.51119173e-01 -1.91642283 -1.75699178 -1.62896664 -1.50476664 -1.41892530 
2.84803587e-01 -1.91642283 -1.75699178 -1.62896664 -1.50476664 -1.41892530 
2.31012970e-01 -1.91642283 -1.75699178 -1.62896664 -1.50476664 -1.41892530 
1.87381742e-01 -1.91642283 -1.75699178 -1.62896664 -1.50476664 -1.41892530 
1.51991108e-01 -1.91642283 -1.75699178 -1.62896664 -1.50476664 -1.41892530 
1.23284674e-01 -1.91642283 -1.75699178 -1.62896664 -1.50476664 -1.41892530 
1.00000000e-01 -1.91642283 -1.75699178 -1.62896664 -1.50476664 -1.41892530 
8.11130831e-02 -1.91642283 -1.75699178 -1.62896664 -1.50476664 -1.41892530 
6.57933225e-02 -1.91642283 -1.75699178 -1.62896664 -1.50476664 -1.41892530 
5.33669923e-02 -1.91642283 -1.75699178 -1.62896664 -1.50476664 -1.41892530 
4.32876128e-02 -1.91642283 -1.75699178 -1.62896664 -1.50476664 -1.41892530 
3.51119173e-02 -1.91642283 -1.75699178 -1.62896664 -1.50476664 -1.41892530 
2.84803587e-02 -1.91642283 -1.75699178 -1.62896664 -1.50476664 -1.41892530 
2.31012970e-02 -1.91642283 -1.75699178 -1.62896664 -1.50476664 -1.41892530 
1.87381742e-02 -1.91642283 -1.75699178 -1.62896664 -1.50476664 -1.41892530 
1.51991108e-02 -1.91642283 -1.75699178 -1.62896664 -1.50476664 -1.41892530 
1.23284674e-02 -1.91642283 -1.75699178 -1.62896664 -1.50476664 -1.41892530 
1.00000000e-02 -1.91642283 -1.75699178 -1.62896664 -1.50476664 -1.41892530 
8.11130831e-03 -1.91642283 -1.75699178 -1.62896664 -1.50476664 -1.41892530 
6.57933225e-03 -1.91642283 -1.75699178 -1.62896664 -1.50476664 -1.41892530 
5.33669923e-03 -1.91642283 -1.75699178 -1.62896664 -1.50476664 -1.41892530 
4.32876128e-03 -1.91642283 -1.75699178 -1.62896664 -1.50476664 -1.41892530 
3.51119173e-03 -1.91642283 -1.75699178 -1.62896664 -1.50476664 -1.41892530 
2.84803587e-03 -1.91642283 -1.75699178 -1.62896664 -1.50476664 -1.41892530 
2.31012970e-03 -1.91642283 -1.75699178 -1.62896664 -1.50476664 -1.41892530 
1.87381742e-03 -1.91642283 -1.75699178 -1.62896664 -1.50476664 -1.41892530 
1.51991108e-03 -1.91642283 -1.75699178 -1.62896664 -1.50476664 -1.41892530 
1.23284674e-03 -1.91642283 -1.75699178 -1.62896664 -1.50476664 -1.41892530 
1.00000000e-03 -1.91642283 -1.75699178 -1.62896664 -1.50476664 -1.41892530 
8.11130831e-04 -1.91642283 -1.75699178 -1.62896664 -1.50476664 -1.41892530 
6.57933225e-04 -1.91642283 -1.75699178 -1.62896664 -1.50476664 -1.41892530 
5.33669923e-04 -1.91642283 -1.75699178 -1.62896664 -1.50476664 -1.41892530 
4.32876128e-04 -1.91642283 -1.75699178 -1.62896664 -1.50476664 -1.41892530 
3.51119173e-04 -1.91642283 -1.75699178 -1.62896664 -1.50476664 -1.41892530 
2.84803587e-04 -1.91642283 -1.75699178 -1.62896664 -1.50476664 -1.41892530 
2.31012970e-04 -1.91642283 -1.75699178 -1.62896664 -1.50476664 -1.41892530 
1.87381742e-04 -1.91642283 -1.75699178 -1.62896664 -1.50476664 -1.41892530 
1.51991108e-04 -1.91642283 -1.75699178 -1.62896664 -1.50476664 -1.41892530 
1.23284674e-04 -1.91642283 -1.75699178 -1.62896664 -1.50476664 -1.41892530 
1.00000000e-04 -1.91642283 -1.75699178 -1.62896664 -1.50476664 -1.41892530 
8.11130831e-05 -1.91642283 -1.75699178 -1.62896664 -1.50476664 -1.41892530 
6.57933225e-05 -1.91642283 -1.75699178 -1.62896664 -1.50476664 -1.41892530 
5.33669923e-05 -1.91642283 -1.75699178 -1.62896664 -1.50476664 -1.41892530 
4.32876128e-05 -1.91642283 -1.75699178 -1.62896664 -1.50476664 -1.41892530 
3.51119173e-05 -1.91642283 -1.75699178 -1.62896664 -1.50476664 -1.41892530 
2.84803587e-05 -1.91642283 -1.75699178 -1.62896664 -1.50476664 -1.41892530 
2.31012970e-05 -1.91642283 -1.75699178 -1.62896664 -1.50476664 -1.41892530 
1.87381742e-05 -1.91642283 -1.75699178 -1.62896664 -1.50476664 -1.41892530 
1.51991108e-05 -1.91642283 -1.75699178 -1.62896664 -1.50476664 -1.41892530 
1.23284674e-05 -1.91642283 -1.75699178 -1.62896664 -1.50476664 -1.41892530 
1.00000000e-05 -1.91642283 -1.75699178 -1.62896664 -1.50476664 -1.41892530 
8.11130831e-06 -1.91642283 -1.75699178 -1.62896664 -1.50476664 -1.41892530 
6.57933225e-06 -1.91642283 -1.75699178 -1.62896664 -1.50476664 -1.41892530 
5.33669923e-06 -1.91642283 -1.75699178 -1.62896664 -1.50476664 -1.41892530 
4.32876128e-06 -1.91642283 -1.75699178 -1.62896664 -1.50476664 -1.41892530 
3.51119173e-06 -1.91642283 -1.75699178 -1.62896664 -1.50476664 -1.41892530 
2.84803587e-06 -1.91642283 -1.75699178 -1.62896664 -1.50476664 -1.41892530 
2.31012970e-06 -1.91642283 -1.75699178 -1.62896664 -1.50476664 -1.41892530 
1.87381742e-06 -1.91642283 -1.75699178 -1.62896664 -1.50476664 -1.41892530 
1.51991108e-06 -1.91642283 -1.75699178 -1.62896664 -1.50476664 -1.41892530 
1.23284674e-06 -1.91642283 -1.75699178 -1.62896664 -1.50476664 -1.41892530 
1.00000000e-06 -1.91642283 -1.75699178 -1.62896664 -1.50476664 -1.41892530 
8.11130831e-07 -1.91642283 -1.75699178 -1.62896664 -1.50476664 -1.41892530 
6.57933225e-07 -1.91642283 -1.75699178 -1.62896664 -1.50476664 -1.41892530 
5.33669923e-07 -1.91642283 -1.75699178 -1.62896664 -1.50476664 -1.41892530 
4.32876128e-07 -1.91642283 -1.75699178 -1.62896664 -1.50476664 -1.41892530 
3.51119173e-07 -1.91642283 -1.75699178 -1.62896664 -1.50476664 -1.41892530 
2.84803587e-07 -1.91642283 -1.75699178 -1.62896664 -1.50476664 -1.41892530 
2.31012970e-07 -1.91642283 -1.75699178 -1.62896664 -1.50476664 -1.41892530 
1.87381742e-07 -1.91642283 -1.75699178 -1.62896664 -1.50476664 -1.41892530 
1.51991108e-07 -1.91642283 -1.75699178 -1.62896664 -1.50476664 -1.41892530 
1.23284674e-07 -1.91642283 -1.75699178 -1.62896664 -1.50476664 -1.41892530 
1.00000000e-07 -1.91642283 -1.75699178 -1.62896664 -1.50476664 -1.41892530 
P (bar) | log_CO2: -2σ | log_CO2: -1σ | log_CO2: median | log_CO2: +1σ | log_CO2: +2σ 
1.00000000e+02 -3.39502489 -3.16727765 -2.99196243 -2.84319567 -2.70525366 
8.11130831e+01 -3.39502489 -3.16727765 -2.99196243 -2.84319567 -2.70525366 
6.57933225e+01 -3.39502489 -3.16727765 -2.99196243 -2.84319567 -2.70525366 
5.33669923e+01 -3.39502489 -3.16727765 -2.99196243 -2.84319567 -2.70525366 
4.32876128e+01 -3.39502489 -3.16727765 -2.99196243 -2.84319567 -2.70525366 
3.51119173e+01 -3.39502489 -3.16727765 -2.99196243 -2.84319567 -2.70525366 
2.84803587e+01 -3.39502489 -3.16727765 -2.99196243 -2.84319567 -2.70525366 
2.31012970e+01 -3.39502489 -3.16727765 -2.99196243 -2.84319567 -2.70525366 
1.87381742e+01 -3.39502489 -3.16727765 -2.99196243 -2.84319567 -2.70525366 
1.51991108e+01 -3.39502489 -3.16727765 -2.99196243 -2.84319567 -2.70525366 
1.23284674e+01 -3.39502489 -3.16727765 -2.99196243 -2.84319567 -2.70525366 
1.00000000e+01 -3.39502489 -3.16727765 -2.99196243 -2.84319567 -2.70525366 
8.11130831e+00 -3.39502489 -3.16727765 -2.99196243 -2.84319567 -2.70525366 
6.57933225e+00 -3.39502489 -3.16727765 -2.99196243 -2.84319567 -2.70525366 
5.33669923e+00 -3.39502489 -3.16727765 -2.99196243 -2.84319567 -2.70525366 
4.32876128e+00 -3.39502489 -3.16727765 -2.99196243 -2.84319567 -2.70525366 
3.51119173e+00 -3.39502489 -3.16727765 -2.99196243 -2.84319567 -2.70525366 
2.84803587e+00 -3.39502489 -3.16727765 -2.99196243 -2.84319567 -2.70525366 
2.31012970e+00 -3.39502489 -3.16727765 -2.99196243 -2.84319567 -2.70525366 
1.87381742e+00 -3.39502489 -3.16727765 -2.99196243 -2.84319567 -2.70525366 
1.51991108e+00 -3.39502489 -3.16727765 -2.99196243 -2.84319567 -2.70525366 
1.23284674e+00 -3.39502489 -3.16727765 -2.99196243 -2.84319567 -2.70525366 
1.00000000e+00 -3.39502489 -3.16727765 -2.99196243 -2.84319567 -2.70525366 
8.11130831e-01 -3.39502489 -3.16727765 -2.99196243 -2.84319567 -2.70525366 
6.57933225e-01 -3.39502489 -3.16727765 -2.99196243 -2.84319567 -2.70525366 
5.33669923e-01 -3.39502489 -3.16727765 -2.99196243 -2.84319567 -2.70525366 
4.32876128e-01 -3.39502489 -3.16727765 -2.99196243 -2.84319567 -2.70525366 
3.51119173e-01 -3.39502489 -3.16727765 -2.99196243 -2.84319567 -2.70525366 
2.84803587e-01 -3.39502489 -3.16727765 -2.99196243 -2.84319567 -2.70525366 
2.31012970e-01 -3.39502489 -3.16727765 -2.99196243 -2.84319567 -2.70525366 
1.87381742e-01 -3.39502489 -3.16727765 -2.99196243 -2.84319567 -2.70525366 
1.51991108e-01 -3.39502489 -3.16727765 -2.99196243 -2.84319567 -2.70525366 
1.23284674e-01 -3.39502489 -3.16727765 -2.99196243 -2.84319567 -2.70525366 
1.00000000e-01 -3.39502489 -3.16727765 -2.99196243 -2.84319567 -2.70525366 
8.11130831e-02 -3.39502489 -3.16727765 -2.99196243 -2.84319567 -2.70525366 
6.57933225e-02 -3.39502489 -3.16727765 -2.99196243 -2.84319567 -2.70525366 
5.33669923e-02 -3.39502489 -3.16727765 -2.99196243 -2.84319567 -2.70525366 
4.32876128e-02 -3.39502489 -3.16727765 -2.99196243 -2.84319567 -2.70525366 
3.51119173e-02 -3.39502489 -3.16727765 -2.99196243 -2.84319567 -2.70525366 
2.84803587e-02 -3.39502489 -3.16727765 -2.99196243 -2.84319567 -2.70525366 
2.31012970e-02 -3.39502489 -3.16727765 -2.99196243 -2.84319567 -2.70525366 
1.87381742e-02 -3.39502489 -3.16727765 -2.99196243 -2.84319567 -2.70525366 
1.51991108e-02 -3.39502489 -3.16727765 -2.99196243 -2.84319567 -2.70525366 
1.23284674e-02 -3.39502489 -3.16727765 -2.99196243 -2.84319567 -2.70525366 
1.00000000e-02 -3.39502489 -3.16727765 -2.99196243 -2.84319567 -2.70525366 
8.11130831e-03 -3.39502489 -3.16727765 -2.99196243 -2.84319567 -2.70525366 
6.57933225e-03 -3.39502489 -3.16727765 -2.99196243 -2.84319567 -2.70525366 
5.33669923e-03 -3.39502489 -3.16727765 -2.99196243 -2.84319567 -2.70525366 
4.32876128e-03 -3.39502489 -3.16727765 -2.99196243 -2.84319567 -2.70525366 
3.51119173e-03 -3.39502489 -3.16727765 -2.99196243 -2.84319567 -2.70525366 
2.84803587e-03 -3.39502489 -3.16727765 -2.99196243 -2.84319567 -2.70525366 
2.31012970e-03 -3.39502489 -3.16727765 -2.99196243 -2.84319567 -2.70525366 
1.87381742e-03 -3.39502489 -3.16727765 -2.99196243 -2.84319567 -2.70525366 
1.51991108e-03 -3.39502489 -3.16727765 -2.99196243 -2.84319567 -2.70525366 
1.23284674e-03 -3.39502489 -3.16727765 -2.99196243 -2.84319567 -2.70525366 
1.00000000e-03 -3.39502489 -3.16727765 -2.99196243 -2.84319567 -2.70525366 
8.11130831e-04 -3.39502489 -3.16727765 -2.99196243 -2.84319567 -2.70525366 
6.57933225e-04 -3.39502489 -3.16727765 -2.99196243 -2.84319567 -2.70525366 
5.33669923e-04 -3.39502489 -3.16727765 -2.99196243 -2.84319567 -2.70525366 
4.32876128e-04 -3.39502489 -3.16727765 -2.99196243 -2.84319567 -2.70525366 
3.51119173e-04 -3.39502489 -3.16727765 -2.99196243 -2.84319567 -2.70525366 
2.84803587e-04 -3.39502489 -3.16727765 -2.99196243 -2.84319567 -2.70525366 
2.31012970e-04 -3.39502489 -3.16727765 -2.99196243 -2.84319567 -2.70525366 
1.87381742e-04 -3.39502489 -3.16727765 -2.99196243 -2.84319567 -2.70525366 
1.51991108e-04 -3.39502489 -3.16727765 -2.99196243 -2.84319567 -2.70525366 
1.23284674e-04 -3.39502489 -3.16727765 -2.99196243 -2.84319567 -2.70525366 
1.00000000e-04 -3.39502489 -3.16727765 -2.99196243 -2.84319567 -2.70525366 
8.11130831e-05 -3.39502489 -3.16727765 -2.99196243 -2.84319567 -2.70525366 
6.57933225e-05 -3.39502489 -3.16727765 -2.99196243 -2.84319567 -2.70525366 
5.33669923e-05 -3.39502489 -3.16727765 -2.99196243 -2.84319567 -2.70525366 
4.32876128e-05 -3.39502489 -3.16727765 -2.99196243 -2.84319567 -2.70525366 
3.51119173e-05 -3.39502489 -3.16727765 -2.99196243 -2.84319567 -2.70525366 
2.84803587e-05 -3.39502489 -3.16727765 -2.99196243 -2.84319567 -2.70525366 
2.31012970e-05 -3.39502489 -3.16727765 -2.99196243 -2.84319567 -2.70525366 
1.87381742e-05 -3.39502489 -3.16727765 -2.99196243 -2.84319567 -2.70525366 
1.51991108e-05 -3.39502489 -3.16727765 -2.99196243 -2.84319567 -2.70525366 
1.23284674e-05 -3.39502489 -3.16727765 -2.99196243 -2.84319567 -2.70525366 
1.00000000e-05 -3.39502489 -3.16727765 -2.99196243 -2.84319567 -2.70525366 
8.11130831e-06 -3.39502489 -3.16727765 -2.99196243 -2.84319567 -2.70525366 
6.57933225e-06 -3.39502489 -3.16727765 -2.99196243 -2.84319567 -2.70525366 
5.33669923e-06 -3.39502489 -3.16727765 -2.99196243 -2.84319567 -2.70525366 
4.32876128e-06 -3.39502489 -3.16727765 -2.99196243 -2.84319567 -2.70525366 
3.51119173e-06 -3.39502489 -3.16727765 -2.99196243 -2.84319567 -2.70525366 
2.84803587e-06 -3.39502489 -3.16727765 -2.99196243 -2.84319567 -2.70525366 
2.31012970e-06 -3.39502489 -3.16727765 -2.99196243 -2.84319567 -2.70525366 
1.87381742e-06 -3.39502489 -3.16727765 -2.99196243 -2.84319567 -2.70525366 
1.51991108e-06 -3.39502489 -3.16727765 -2.99196243 -2.84319567 -2.70525366 
1.23284674e-06 -3.39502489 -3.16727765 -2.99196243 -2.84319567 -2.70525366 
1.00000000e-06 -3.39502489 -3.16727765 -2.99196243 -2.84319567 -2.70525366 
8.11130831e-07 -3.39502489 -3.16727765 -2.99196243 -2.84319567 -2.70525366 
6.57933225e-07 -3.39502489 -3.16727765 -2.99196243 -2.84319567 -2.70525366 
5.33669923e-07 -3.39502489 -3.16727765 -2.99196243 -2.84319567 -2.70525366 
4.32876128e-07 -3.39502489 -3.16727765 -2.99196243 -2.84319567 -2.70525366 
3.51119173e-07 -3.39502489 -3.16727765 -2.99196243 -2.84319567 -2.70525366 
2.84803587e-07 -3.39502489 -3.16727765 -2.99196243 -2.84319567 -2.70525366 
2.31012970e-07 -3.39502489 -3.16727765 -2.99196243 -2.84319567 -2.70525366 
1.87381742e-07 -3.39502489 -3.16727765 -2.99196243 -2.84319567 -2.70525366 
1.51991108e-07 -3.39502489 -3.16727765 -2.99196243 -2.84319567 -2.70525366 
1.23284674e-07 -3.39502489 -3.16727765 -2.99196243 -2.84319567 -2.70525366 
1.00000000e-07 -3.39502489 -3.16727765 -2.99196243 -2.84319567 -2.70525366 
P (bar) | log_SO2: -2σ | log_SO2: -1σ | log_SO2: median | log_SO2: +1σ | log_SO2: +2σ 
1.00000000e+02 -7.93770857 -7.54644245 -6.85295871 -6.25982031 -5.83929081 
8.11130831e+01 -7.93770857 -7.54644245 -6.85295871 -6.25982031 -5.83929081 
6.57933225e+01 -7.93770857 -7.54644245 -6.85295871 -6.25982031 -5.83929081 
5.33669923e+01 -7.93770857 -7.54644245 -6.85295871 -6.25982031 -5.83929081 
4.32876128e+01 -7.93770857 -7.54644245 -6.85295871 -6.25982031 -5.83929081 
3.51119173e+01 -7.93770857 -7.54644245 -6.85295871 -6.25982031 -5.83929081 
2.84803587e+01 -7.93770857 -7.54644245 -6.85295871 -6.25982031 -5.83929081 
2.31012970e+01 -7.93770857 -7.54644245 -6.85295871 -6.25982031 -5.83929081 
1.87381742e+01 -7.93770857 -7.54644245 -6.85295871 -6.25982031 -5.83929081 
1.51991108e+01 -7.93770857 -7.54644245 -6.85295871 -6.25982031 -5.83929081 
1.23284674e+01 -7.93770857 -7.54644245 -6.85295871 -6.25982031 -5.83929081 
1.00000000e+01 -7.93770857 -7.54644245 -6.85295871 -6.25982031 -5.83929081 
8.11130831e+00 -7.93770857 -7.54644245 -6.85295871 -6.25982031 -5.83929081 
6.57933225e+00 -7.93770857 -7.54644245 -6.85295871 -6.25982031 -5.83929081 
5.33669923e+00 -7.93770857 -7.54644245 -6.85295871 -6.25982031 -5.83929081 
4.32876128e+00 -7.93770857 -7.54644245 -6.85295871 -6.25982031 -5.83929081 
3.51119173e+00 -7.93770857 -7.54644245 -6.85295871 -6.25982031 -5.83929081 
2.84803587e+00 -7.93770857 -7.54644245 -6.85295871 -6.25982031 -5.83929081 
2.31012970e+00 -7.93770857 -7.54644245 -6.85295871 -6.25982031 -5.83929081 
1.87381742e+00 -7.93770857 -7.54644245 -6.85295871 -6.25982031 -5.83929081 
1.51991108e+00 -7.93770857 -7.54644245 -6.85295871 -6.25982031 -5.83929081 
1.23284674e+00 -7.93770857 -7.54644245 -6.85295871 -6.25982031 -5.83929081 
1.00000000e+00 -7.93770857 -7.54644245 -6.85295871 -6.25982031 -5.83929081 
8.11130831e-01 -7.93770857 -7.54644245 -6.85295871 -6.25982031 -5.83929081 
6.57933225e-01 -7.93770857 -7.54644245 -6.85295871 -6.25982031 -5.83929081 
5.33669923e-01 -7.93770857 -7.54644245 -6.85295871 -6.25982031 -5.83929081 
4.32876128e-01 -7.93770857 -7.54644245 -6.85295871 -6.25982031 -5.83929081 
3.51119173e-01 -7.93770857 -7.54644245 -6.85295871 -6.25982031 -5.83929081 
2.84803587e-01 -7.93770857 -7.54644245 -6.85295871 -6.25982031 -5.83929081 
2.31012970e-01 -7.93770857 -7.54644245 -6.85295871 -6.25982031 -5.83929081 
1.87381742e-01 -7.93770857 -7.54644245 -6.85295871 -6.25982031 -5.83929081 
1.51991108e-01 -7.93770857 -7.54644245 -6.85295871 -6.25982031 -5.83929081 
1.23284674e-01 -7.93770857 -7.54644245 -6.85295871 -6.25982031 -5.83929081 
1.00000000e-01 -7.93770857 -7.54644245 -6.85295871 -6.25982031 -5.83929081 
8.11130831e-02 -7.93770857 -7.54644245 -6.85295871 -6.25982031 -5.83929081 
6.57933225e-02 -7.93770857 -7.54644245 -6.85295871 -6.25982031 -5.83929081 
5.33669923e-02 -7.93770857 -7.54644245 -6.85295871 -6.25982031 -5.83929081 
4.32876128e-02 -7.93770857 -7.54644245 -6.85295871 -6.25982031 -5.83929081 
3.51119173e-02 -7.93770857 -7.54644245 -6.85295871 -6.25982031 -5.83929081 
2.84803587e-02 -7.93770857 -7.54644245 -6.85295871 -6.25982031 -5.83929081 
2.31012970e-02 -7.93770857 -7.54644245 -6.85295871 -6.25982031 -5.83929081 
1.87381742e-02 -7.93770857 -7.54644245 -6.85295871 -6.25982031 -5.83929081 
1.51991108e-02 -7.93770857 -7.54644245 -6.85295871 -6.25982031 -5.83929081 
1.23284674e-02 -7.93770857 -7.54644245 -6.85295871 -6.25982031 -5.83929081 
1.00000000e-02 -7.93770857 -7.54644245 -6.85295871 -6.25982031 -5.83929081 
8.11130831e-03 -7.93770857 -7.54644245 -6.85295871 -6.25982031 -5.83929081 
6.57933225e-03 -7.93770857 -7.54644245 -6.85295871 -6.25982031 -5.83929081 
5.33669923e-03 -7.93770857 -7.54644245 -6.85295871 -6.25982031 -5.83929081 
4.32876128e-03 -7.93770857 -7.54644245 -6.85295871 -6.25982031 -5.83929081 
3.51119173e-03 -7.93770857 -7.54644245 -6.85295871 -6.25982031 -5.83929081 
2.84803587e-03 -7.93770857 -7.54644245 -6.85295871 -6.25982031 -5.83929081 
2.31012970e-03 -7.93770857 -7.54644245 -6.85295871 -6.25982031 -5.83929081 
1.87381742e-03 -7.93770857 -7.54644245 -6.85295871 -6.25982031 -5.83929081 
1.51991108e-03 -7.93770857 -7.54644245 -6.85295871 -6.25982031 -5.83929081 
1.23284674e-03 -7.93770857 -7.54644245 -6.85295871 -6.25982031 -5.83929081 
1.00000000e-03 -7.93770857 -7.54644245 -6.85295871 -6.25982031 -5.83929081 
8.11130831e-04 -7.93770857 -7.54644245 -6.85295871 -6.25982031 -5.83929081 
6.57933225e-04 -7.93770857 -7.54644245 -6.85295871 -6.25982031 -5.83929081 
5.33669923e-04 -7.93770857 -7.54644245 -6.85295871 -6.25982031 -5.83929081 
4.32876128e-04 -7.93770857 -7.54644245 -6.85295871 -6.25982031 -5.83929081 
3.51119173e-04 -7.93770857 -7.54644245 -6.85295871 -6.25982031 -5.83929081 
2.84803587e-04 -7.93770857 -7.54644245 -6.85295871 -6.25982031 -5.83929081 
2.31012970e-04 -7.93770857 -7.54644245 -6.85295871 -6.25982031 -5.83929081 
1.87381742e-04 -7.93770857 -7.54644245 -6.85295871 -6.25982031 -5.83929081 
1.51991108e-04 -7.93770857 -7.54644245 -6.85295871 -6.25982031 -5.83929081 
1.23284674e-04 -7.93770857 -7.54644245 -6.85295871 -6.25982031 -5.83929081 
1.00000000e-04 -7.93770857 -7.54644245 -6.85295871 -6.25982031 -5.83929081 
8.11130831e-05 -7.93770857 -7.54644245 -6.85295871 -6.25982031 -5.83929081 
6.57933225e-05 -7.93770857 -7.54644245 -6.85295871 -6.25982031 -5.83929081 
5.33669923e-05 -7.93770857 -7.54644245 -6.85295871 -6.25982031 -5.83929081 
4.32876128e-05 -7.93770857 -7.54644245 -6.85295871 -6.25982031 -5.83929081 
3.51119173e-05 -7.93770857 -7.54644245 -6.85295871 -6.25982031 -5.83929081 
2.84803587e-05 -7.93770857 -7.54644245 -6.85295871 -6.25982031 -5.83929081 
2.31012970e-05 -7.93770857 -7.54644245 -6.85295871 -6.25982031 -5.83929081 
1.87381742e-05 -7.93770857 -7.54644245 -6.85295871 -6.25982031 -5.83929081 
1.51991108e-05 -7.93770857 -7.54644245 -6.85295871 -6.25982031 -5.83929081 
1.23284674e-05 -7.93770857 -7.54644245 -6.85295871 -6.25982031 -5.83929081 
1.00000000e-05 -7.93770857 -7.54644245 -6.85295871 -6.25982031 -5.83929081 
8.11130831e-06 -7.93770857 -7.54644245 -6.85295871 -6.25982031 -5.83929081 
6.57933225e-06 -7.93770857 -7.54644245 -6.85295871 -6.25982031 -5.83929081 
5.33669923e-06 -7.93770857 -7.54644245 -6.85295871 -6.25982031 -5.83929081 
4.32876128e-06 -7.93770857 -7.54644245 -6.85295871 -6.25982031 -5.83929081 
3.51119173e-06 -7.93770857 -7.54644245 -6.85295871 -6.25982031 -5.83929081 
2.84803587e-06 -7.93770857 -7.54644245 -6.85295871 -6.25982031 -5.83929081 
2.31012970e-06 -7.93770857 -7.54644245 -6.85295871 -6.25982031 -5.83929081 
1.87381742e-06 -7.93770857 -7.54644245 -6.85295871 -6.25982031 -5.83929081 
1.51991108e-06 -7.93770857 -7.54644245 -6.85295871 -6.25982031 -5.83929081 
1.23284674e-06 -7.93770857 -7.54644245 -6.85295871 -6.25982031 -5.83929081 
1.00000000e-06 -7.93770857 -7.54644245 -6.85295871 -6.25982031 -5.83929081 
8.11130831e-07 -7.93770857 -7.54644245 -6.85295871 -6.25982031 -5.83929081 
6.57933225e-07 -7.93770857 -7.54644245 -6.85295871 -6.25982031 -5.83929081 
5.33669923e-07 -7.93770857 -7.54644245 -6.85295871 -6.25982031 -5.83929081 
4.32876128e-07 -7.93770857 -7.54644245 -6.85295871 -6.25982031 -5.83929081 
3.51119173e-07 -7.93770857 -7.54644245 -6.85295871 -6.25982031 -5.83929081 
2.84803587e-07 -7.93770857 -7.54644245 -6.85295871 -6.25982031 -5.83929081 
2.31012970e-07 -7.93770857 -7.54644245 -6.85295871 -6.25982031 -5.83929081 
1.87381742e-07 -7.93770857 -7.54644245 -6.85295871 -6.25982031 -5.83929081 
1.51991108e-07 -7.93770857 -7.54644245 -6.85295871 -6.25982031 -5.83929081 
1.23284674e-07 -7.93770857 -7.54644245 -6.85295871 -6.25982031 -5.83929081 
1.00000000e-07 -7.93770857 -7.54644245 -6.85295871 -6.25982031 -5.83929081 
P (bar) | log_CO: -2σ | log_CO: -1σ | log_CO: median | log_CO: +1σ | log_CO: +2σ 
1.00000000e+02 -2.87554313 -2.48720159 -2.14105582 -1.90499922 -1.74496589 
8.11130831e+01 -2.87554313 -2.48720159 -2.14105582 -1.90499922 -1.74496589 
6.57933225e+01 -2.87554313 -2.48720159 -2.14105582 -1.90499922 -1.74496589 
5.33669923e+01 -2.87554313 -2.48720159 -2.14105582 -1.90499922 -1.74496589 
4.32876128e+01 -2.87554313 -2.48720159 -2.14105582 -1.90499922 -1.74496589 
3.51119173e+01 -2.87554313 -2.48720159 -2.14105582 -1.90499922 -1.74496589 
2.84803587e+01 -2.87554313 -2.48720159 -2.14105582 -1.90499922 -1.74496589 
2.31012970e+01 -2.87554313 -2.48720159 -2.14105582 -1.90499922 -1.74496589 
1.87381742e+01 -2.87554313 -2.48720159 -2.14105582 -1.90499922 -1.74496589 
1.51991108e+01 -2.87554313 -2.48720159 -2.14105582 -1.90499922 -1.74496589 
1.23284674e+01 -2.87554313 -2.48720159 -2.14105582 -1.90499922 -1.74496589 
1.00000000e+01 -2.87554313 -2.48720159 -2.14105582 -1.90499922 -1.74496589 
8.11130831e+00 -2.87554313 -2.48720159 -2.14105582 -1.90499922 -1.74496589 
6.57933225e+00 -2.87554313 -2.48720159 -2.14105582 -1.90499922 -1.74496589 
5.33669923e+00 -2.87554313 -2.48720159 -2.14105582 -1.90499922 -1.74496589 
4.32876128e+00 -2.87554313 -2.48720159 -2.14105582 -1.90499922 -1.74496589 
3.51119173e+00 -2.87554313 -2.48720159 -2.14105582 -1.90499922 -1.74496589 
2.84803587e+00 -2.87554313 -2.48720159 -2.14105582 -1.90499922 -1.74496589 
2.31012970e+00 -2.87554313 -2.48720159 -2.14105582 -1.90499922 -1.74496589 
1.87381742e+00 -2.87554313 -2.48720159 -2.14105582 -1.90499922 -1.74496589 
1.51991108e+00 -2.87554313 -2.48720159 -2.14105582 -1.90499922 -1.74496589 
1.23284674e+00 -2.87554313 -2.48720159 -2.14105582 -1.90499922 -1.74496589 
1.00000000e+00 -2.87554313 -2.48720159 -2.14105582 -1.90499922 -1.74496589 
8.11130831e-01 -2.87554313 -2.48720159 -2.14105582 -1.90499922 -1.74496589 
6.57933225e-01 -2.87554313 -2.48720159 -2.14105582 -1.90499922 -1.74496589 
5.33669923e-01 -2.87554313 -2.48720159 -2.14105582 -1.90499922 -1.74496589 
4.32876128e-01 -2.87554313 -2.48720159 -2.14105582 -1.90499922 -1.74496589 
3.51119173e-01 -2.87554313 -2.48720159 -2.14105582 -1.90499922 -1.74496589 
2.84803587e-01 -2.87554313 -2.48720159 -2.14105582 -1.90499922 -1.74496589 
2.31012970e-01 -2.87554313 -2.48720159 -2.14105582 -1.90499922 -1.74496589 
1.87381742e-01 -2.87554313 -2.48720159 -2.14105582 -1.90499922 -1.74496589 
1.51991108e-01 -2.87554313 -2.48720159 -2.14105582 -1.90499922 -1.74496589 
1.23284674e-01 -2.87554313 -2.48720159 -2.14105582 -1.90499922 -1.74496589 
1.00000000e-01 -2.87554313 -2.48720159 -2.14105582 -1.90499922 -1.74496589 
8.11130831e-02 -2.87554313 -2.48720159 -2.14105582 -1.90499922 -1.74496589 
6.57933225e-02 -2.87554313 -2.48720159 -2.14105582 -1.90499922 -1.74496589 
5.33669923e-02 -2.87554313 -2.48720159 -2.14105582 -1.90499922 -1.74496589 
4.32876128e-02 -2.87554313 -2.48720159 -2.14105582 -1.90499922 -1.74496589 
3.51119173e-02 -2.87554313 -2.48720159 -2.14105582 -1.90499922 -1.74496589 
2.84803587e-02 -2.87554313 -2.48720159 -2.14105582 -1.90499922 -1.74496589 
2.31012970e-02 -2.87554313 -2.48720159 -2.14105582 -1.90499922 -1.74496589 
1.87381742e-02 -2.87554313 -2.48720159 -2.14105582 -1.90499922 -1.74496589 
1.51991108e-02 -2.87554313 -2.48720159 -2.14105582 -1.90499922 -1.74496589 
1.23284674e-02 -2.87554313 -2.48720159 -2.14105582 -1.90499922 -1.74496589 
1.00000000e-02 -2.87554313 -2.48720159 -2.14105582 -1.90499922 -1.74496589 
8.11130831e-03 -2.87554313 -2.48720159 -2.14105582 -1.90499922 -1.74496589 
6.57933225e-03 -2.87554313 -2.48720159 -2.14105582 -1.90499922 -1.74496589 
5.33669923e-03 -2.87554313 -2.48720159 -2.14105582 -1.90499922 -1.74496589 
4.32876128e-03 -2.87554313 -2.48720159 -2.14105582 -1.90499922 -1.74496589 
3.51119173e-03 -2.87554313 -2.48720159 -2.14105582 -1.90499922 -1.74496589 
2.84803587e-03 -2.87554313 -2.48720159 -2.14105582 -1.90499922 -1.74496589 
2.31012970e-03 -2.87554313 -2.48720159 -2.14105582 -1.90499922 -1.74496589 
1.87381742e-03 -2.87554313 -2.48720159 -2.14105582 -1.90499922 -1.74496589 
1.51991108e-03 -2.87554313 -2.48720159 -2.14105582 -1.90499922 -1.74496589 
1.23284674e-03 -2.87554313 -2.48720159 -2.14105582 -1.90499922 -1.74496589 
1.00000000e-03 -2.87554313 -2.48720159 -2.14105582 -1.90499922 -1.74496589 
8.11130831e-04 -2.87554313 -2.48720159 -2.14105582 -1.90499922 -1.74496589 
6.57933225e-04 -2.87554313 -2.48720159 -2.14105582 -1.90499922 -1.74496589 
5.33669923e-04 -2.87554313 -2.48720159 -2.14105582 -1.90499922 -1.74496589 
4.32876128e-04 -2.87554313 -2.48720159 -2.14105582 -1.90499922 -1.74496589 
3.51119173e-04 -2.87554313 -2.48720159 -2.14105582 -1.90499922 -1.74496589 
2.84803587e-04 -2.87554313 -2.48720159 -2.14105582 -1.90499922 -1.74496589 
2.31012970e-04 -2.87554313 -2.48720159 -2.14105582 -1.90499922 -1.74496589 
1.87381742e-04 -2.87554313 -2.48720159 -2.14105582 -1.90499922 -1.74496589 
1.51991108e-04 -2.87554313 -2.48720159 -2.14105582 -1.90499922 -1.74496589 
1.23284674e-04 -2.87554313 -2.48720159 -2.14105582 -1.90499922 -1.74496589 
1.00000000e-04 -2.87554313 -2.48720159 -2.14105582 -1.90499922 -1.74496589 
8.11130831e-05 -2.87554313 -2.48720159 -2.14105582 -1.90499922 -1.74496589 
6.57933225e-05 -2.87554313 -2.48720159 -2.14105582 -1.90499922 -1.74496589 
5.33669923e-05 -2.87554313 -2.48720159 -2.14105582 -1.90499922 -1.74496589 
4.32876128e-05 -2.87554313 -2.48720159 -2.14105582 -1.90499922 -1.74496589 
3.51119173e-05 -2.87554313 -2.48720159 -2.14105582 -1.90499922 -1.74496589 
2.84803587e-05 -2.87554313 -2.48720159 -2.14105582 -1.90499922 -1.74496589 
2.31012970e-05 -2.87554313 -2.48720159 -2.14105582 -1.90499922 -1.74496589 
1.87381742e-05 -2.87554313 -2.48720159 -2.14105582 -1.90499922 -1.74496589 
1.51991108e-05 -2.87554313 -2.48720159 -2.14105582 -1.90499922 -1.74496589 
1.23284674e-05 -2.87554313 -2.48720159 -2.14105582 -1.90499922 -1.74496589 
1.00000000e-05 -2.87554313 -2.48720159 -2.14105582 -1.90499922 -1.74496589 
8.11130831e-06 -2.87554313 -2.48720159 -2.14105582 -1.90499922 -1.74496589 
6.57933225e-06 -2.87554313 -2.48720159 -2.14105582 -1.90499922 -1.74496589 
5.33669923e-06 -2.87554313 -2.48720159 -2.14105582 -1.90499922 -1.74496589 
4.32876128e-06 -2.87554313 -2.48720159 -2.14105582 -1.90499922 -1.74496589 
3.51119173e-06 -2.87554313 -2.48720159 -2.14105582 -1.90499922 -1.74496589 
2.84803587e-06 -2.87554313 -2.48720159 -2.14105582 -1.90499922 -1.74496589 
2.31012970e-06 -2.87554313 -2.48720159 -2.14105582 -1.90499922 -1.74496589 
1.87381742e-06 -2.87554313 -2.48720159 -2.14105582 -1.90499922 -1.74496589 
1.51991108e-06 -2.87554313 -2.48720159 -2.14105582 -1.90499922 -1.74496589 
1.23284674e-06 -2.87554313 -2.48720159 -2.14105582 -1.90499922 -1.74496589 
1.00000000e-06 -2.87554313 -2.48720159 -2.14105582 -1.90499922 -1.74496589 
8.11130831e-07 -2.87554313 -2.48720159 -2.14105582 -1.90499922 -1.74496589 
6.57933225e-07 -2.87554313 -2.48720159 -2.14105582 -1.90499922 -1.74496589 
5.33669923e-07 -2.87554313 -2.48720159 -2.14105582 -1.90499922 -1.74496589 
4.32876128e-07 -2.87554313 -2.48720159 -2.14105582 -1.90499922 -1.74496589 
3.51119173e-07 -2.87554313 -2.48720159 -2.14105582 -1.90499922 -1.74496589 
2.84803587e-07 -2.87554313 -2.48720159 -2.14105582 -1.90499922 -1.74496589 
2.31012970e-07 -2.87554313 -2.48720159 -2.14105582 -1.90499922 -1.74496589 
1.87381742e-07 -2.87554313 -2.48720159 -2.14105582 -1.90499922 -1.74496589 
1.51991108e-07 -2.87554313 -2.48720159 -2.14105582 -1.90499922 -1.74496589 
1.23284674e-07 -2.87554313 -2.48720159 -2.14105582 -1.90499922 -1.74496589 
1.00000000e-07 -2.87554313 -2.48720159 -2.14105582 -1.90499922 -1.74496589 
P (bar) | log_Na: -2σ | log_Na: -1σ | log_Na: median | log_Na: +1σ | log_Na: +2σ 
1.00000000e+02 -4.79615257 -4.58087189 -4.37691786 -4.19678013 -4.04842440 
8.11130831e+01 -4.79615257 -4.58087189 -4.37691786 -4.19678013 -4.04842440 
6.57933225e+01 -4.79615257 -4.58087189 -4.37691786 -4.19678013 -4.04842440 
5.33669923e+01 -4.79615257 -4.58087189 -4.37691786 -4.19678013 -4.04842440 
4.32876128e+01 -4.79615257 -4.58087189 -4.37691786 -4.19678013 -4.04842440 
3.51119173e+01 -4.79615257 -4.58087189 -4.37691786 -4.19678013 -4.04842440 
2.84803587e+01 -4.79615257 -4.58087189 -4.37691786 -4.19678013 -4.04842440 
2.31012970e+01 -4.79615257 -4.58087189 -4.37691786 -4.19678013 -4.04842440 
1.87381742e+01 -4.79615257 -4.58087189 -4.37691786 -4.19678013 -4.04842440 
1.51991108e+01 -4.79615257 -4.58087189 -4.37691786 -4.19678013 -4.04842440 
1.23284674e+01 -4.79615257 -4.58087189 -4.37691786 -4.19678013 -4.04842440 
1.00000000e+01 -4.79615257 -4.58087189 -4.37691786 -4.19678013 -4.04842440 
8.11130831e+00 -4.79615257 -4.58087189 -4.37691786 -4.19678013 -4.04842440 
6.57933225e+00 -4.79615257 -4.58087189 -4.37691786 -4.19678013 -4.04842440 
5.33669923e+00 -4.79615257 -4.58087189 -4.37691786 -4.19678013 -4.04842440 
4.32876128e+00 -4.79615257 -4.58087189 -4.37691786 -4.19678013 -4.04842440 
3.51119173e+00 -4.79615257 -4.58087189 -4.37691786 -4.19678013 -4.04842440 
2.84803587e+00 -4.79615257 -4.58087189 -4.37691786 -4.19678013 -4.04842440 
2.31012970e+00 -4.79615257 -4.58087189 -4.37691786 -4.19678013 -4.04842440 
1.87381742e+00 -4.79615257 -4.58087189 -4.37691786 -4.19678013 -4.04842440 
1.51991108e+00 -4.79615257 -4.58087189 -4.37691786 -4.19678013 -4.04842440 
1.23284674e+00 -4.79615257 -4.58087189 -4.37691786 -4.19678013 -4.04842440 
1.00000000e+00 -4.79615257 -4.58087189 -4.37691786 -4.19678013 -4.04842440 
8.11130831e-01 -4.79615257 -4.58087189 -4.37691786 -4.19678013 -4.04842440 
6.57933225e-01 -4.79615257 -4.58087189 -4.37691786 -4.19678013 -4.04842440 
5.33669923e-01 -4.79615257 -4.58087189 -4.37691786 -4.19678013 -4.04842440 
4.32876128e-01 -4.79615257 -4.58087189 -4.37691786 -4.19678013 -4.04842440 
3.51119173e-01 -4.79615257 -4.58087189 -4.37691786 -4.19678013 -4.04842440 
2.84803587e-01 -4.79615257 -4.58087189 -4.37691786 -4.19678013 -4.04842440 
2.31012970e-01 -4.79615257 -4.58087189 -4.37691786 -4.19678013 -4.04842440 
1.87381742e-01 -4.79615257 -4.58087189 -4.37691786 -4.19678013 -4.04842440 
1.51991108e-01 -4.79615257 -4.58087189 -4.37691786 -4.19678013 -4.04842440 
1.23284674e-01 -4.79615257 -4.58087189 -4.37691786 -4.19678013 -4.04842440 
1.00000000e-01 -4.79615257 -4.58087189 -4.37691786 -4.19678013 -4.04842440 
8.11130831e-02 -4.79615257 -4.58087189 -4.37691786 -4.19678013 -4.04842440 
6.57933225e-02 -4.79615257 -4.58087189 -4.37691786 -4.19678013 -4.04842440 
5.33669923e-02 -4.79615257 -4.58087189 -4.37691786 -4.19678013 -4.04842440 
4.32876128e-02 -4.79615257 -4.58087189 -4.37691786 -4.19678013 -4.04842440 
3.51119173e-02 -4.79615257 -4.58087189 -4.37691786 -4.19678013 -4.04842440 
2.84803587e-02 -4.79615257 -4.58087189 -4.37691786 -4.19678013 -4.04842440 
2.31012970e-02 -4.79615257 -4.58087189 -4.37691786 -4.19678013 -4.04842440 
1.87381742e-02 -4.79615257 -4.58087189 -4.37691786 -4.19678013 -4.04842440 
1.51991108e-02 -4.79615257 -4.58087189 -4.37691786 -4.19678013 -4.04842440 
1.23284674e-02 -4.79615257 -4.58087189 -4.37691786 -4.19678013 -4.04842440 
1.00000000e-02 -4.79615257 -4.58087189 -4.37691786 -4.19678013 -4.04842440 
8.11130831e-03 -4.79615257 -4.58087189 -4.37691786 -4.19678013 -4.04842440 
6.57933225e-03 -4.79615257 -4.58087189 -4.37691786 -4.19678013 -4.04842440 
5.33669923e-03 -4.79615257 -4.58087189 -4.37691786 -4.19678013 -4.04842440 
4.32876128e-03 -4.79615257 -4.58087189 -4.37691786 -4.19678013 -4.04842440 
3.51119173e-03 -4.79615257 -4.58087189 -4.37691786 -4.19678013 -4.04842440 
2.84803587e-03 -4.79615257 -4.58087189 -4.37691786 -4.19678013 -4.04842440 
2.31012970e-03 -4.79615257 -4.58087189 -4.37691786 -4.19678013 -4.04842440 
1.87381742e-03 -4.79615257 -4.58087189 -4.37691786 -4.19678013 -4.04842440 
1.51991108e-03 -4.79615257 -4.58087189 -4.37691786 -4.19678013 -4.04842440 
1.23284674e-03 -4.79615257 -4.58087189 -4.37691786 -4.19678013 -4.04842440 
1.00000000e-03 -4.79615257 -4.58087189 -4.37691786 -4.19678013 -4.04842440 
8.11130831e-04 -4.79615257 -4.58087189 -4.37691786 -4.19678013 -4.04842440 
6.57933225e-04 -4.79615257 -4.58087189 -4.37691786 -4.19678013 -4.04842440 
5.33669923e-04 -4.79615257 -4.58087189 -4.37691786 -4.19678013 -4.04842440 
4.32876128e-04 -4.79615257 -4.58087189 -4.37691786 -4.19678013 -4.04842440 
3.51119173e-04 -4.79615257 -4.58087189 -4.37691786 -4.19678013 -4.04842440 
2.84803587e-04 -4.79615257 -4.58087189 -4.37691786 -4.19678013 -4.04842440 
2.31012970e-04 -4.79615257 -4.58087189 -4.37691786 -4.19678013 -4.04842440 
1.87381742e-04 -4.79615257 -4.58087189 -4.37691786 -4.19678013 -4.04842440 
1.51991108e-04 -4.79615257 -4.58087189 -4.37691786 -4.19678013 -4.04842440 
1.23284674e-04 -4.79615257 -4.58087189 -4.37691786 -4.19678013 -4.04842440 
1.00000000e-04 -4.79615257 -4.58087189 -4.37691786 -4.19678013 -4.04842440 
8.11130831e-05 -4.79615257 -4.58087189 -4.37691786 -4.19678013 -4.04842440 
6.57933225e-05 -4.79615257 -4.58087189 -4.37691786 -4.19678013 -4.04842440 
5.33669923e-05 -4.79615257 -4.58087189 -4.37691786 -4.19678013 -4.04842440 
4.32876128e-05 -4.79615257 -4.58087189 -4.37691786 -4.19678013 -4.04842440 
3.51119173e-05 -4.79615257 -4.58087189 -4.37691786 -4.19678013 -4.04842440 
2.84803587e-05 -4.79615257 -4.58087189 -4.37691786 -4.19678013 -4.04842440 
2.31012970e-05 -4.79615257 -4.58087189 -4.37691786 -4.19678013 -4.04842440 
1.87381742e-05 -4.79615257 -4.58087189 -4.37691786 -4.19678013 -4.04842440 
1.51991108e-05 -4.79615257 -4.58087189 -4.37691786 -4.19678013 -4.04842440 
1.23284674e-05 -4.79615257 -4.58087189 -4.37691786 -4.19678013 -4.04842440 
1.00000000e-05 -4.79615257 -4.58087189 -4.37691786 -4.19678013 -4.04842440 
8.11130831e-06 -4.79615257 -4.58087189 -4.37691786 -4.19678013 -4.04842440 
6.57933225e-06 -4.79615257 -4.58087189 -4.37691786 -4.19678013 -4.04842440 
5.33669923e-06 -4.79615257 -4.58087189 -4.37691786 -4.19678013 -4.04842440 
4.32876128e-06 -4.79615257 -4.58087189 -4.37691786 -4.19678013 -4.04842440 
3.51119173e-06 -4.79615257 -4.58087189 -4.37691786 -4.19678013 -4.04842440 
2.84803587e-06 -4.79615257 -4.58087189 -4.37691786 -4.19678013 -4.04842440 
2.31012970e-06 -4.79615257 -4.58087189 -4.37691786 -4.19678013 -4.04842440 
1.87381742e-06 -4.79615257 -4.58087189 -4.37691786 -4.19678013 -4.04842440 
1.51991108e-06 -4.79615257 -4.58087189 -4.37691786 -4.19678013 -4.04842440 
1.23284674e-06 -4.79615257 -4.58087189 -4.37691786 -4.19678013 -4.04842440 
1.00000000e-06 -4.79615257 -4.58087189 -4.37691786 -4.19678013 -4.04842440 
8.11130831e-07 -4.79615257 -4.58087189 -4.37691786 -4.19678013 -4.04842440 
6.57933225e-07 -4.79615257 -4.58087189 -4.37691786 -4.19678013 -4.04842440 
5.33669923e-07 -4.79615257 -4.58087189 -4.37691786 -4.19678013 -4.04842440 
4.32876128e-07 -4.79615257 -4.58087189 -4.37691786 -4.19678013 -4.04842440 
3.51119173e-07 -4.79615257 -4.58087189 -4.37691786 -4.19678013 -4.04842440 
2.84803587e-07 -4.79615257 -4.58087189 -4.37691786 -4.19678013 -4.04842440 
2.31012970e-07 -4.79615257 -4.58087189 -4.37691786 -4.19678013 -4.04842440 
1.87381742e-07 -4.79615257 -4.58087189 -4.37691786 -4.19678013 -4.04842440 
1.51991108e-07 -4.79615257 -4.58087189 -4.37691786 -4.19678013 -4.04842440 
1.23284674e-07 -4.79615257 -4.58087189 -4.37691786 -4.19678013 -4.04842440 
1.00000000e-07 -4.79615257 -4.58087189 -4.37691786 -4.19678013 -4.04842440 
P (bar) | log_CH4: -2σ | log_CH4: -1σ | log_CH4: median | log_CH4: +1σ | log_CH4: +2σ 
1.00000000e+02 -8.95404058 -8.65675584 -7.98402794 -7.16812152 -6.56180529 
8.11130831e+01 -8.95404058 -8.65675584 -7.98402794 -7.16812152 -6.56180529 
6.57933225e+01 -8.95404058 -8.65675584 -7.98402794 -7.16812152 -6.56180529 
5.33669923e+01 -8.95404058 -8.65675584 -7.98402794 -7.16812152 -6.56180529 
4.32876128e+01 -8.95404058 -8.65675584 -7.98402794 -7.16812152 -6.56180529 
3.51119173e+01 -8.95404058 -8.65675584 -7.98402794 -7.16812152 -6.56180529 
2.84803587e+01 -8.95404058 -8.65675584 -7.98402794 -7.16812152 -6.56180529 
2.31012970e+01 -8.95404058 -8.65675584 -7.98402794 -7.16812152 -6.56180529 
1.87381742e+01 -8.95404058 -8.65675584 -7.98402794 -7.16812152 -6.56180529 
1.51991108e+01 -8.95404058 -8.65675584 -7.98402794 -7.16812152 -6.56180529 
1.23284674e+01 -8.95404058 -8.65675584 -7.98402794 -7.16812152 -6.56180529 
1.00000000e+01 -8.95404058 -8.65675584 -7.98402794 -7.16812152 -6.56180529 
8.11130831e+00 -8.95404058 -8.65675584 -7.98402794 -7.16812152 -6.56180529 
6.57933225e+00 -8.95404058 -8.65675584 -7.98402794 -7.16812152 -6.56180529 
5.33669923e+00 -8.95404058 -8.65675584 -7.98402794 -7.16812152 -6.56180529 
4.32876128e+00 -8.95404058 -8.65675584 -7.98402794 -7.16812152 -6.56180529 
3.51119173e+00 -8.95404058 -8.65675584 -7.98402794 -7.16812152 -6.56180529 
2.84803587e+00 -8.95404058 -8.65675584 -7.98402794 -7.16812152 -6.56180529 
2.31012970e+00 -8.95404058 -8.65675584 -7.98402794 -7.16812152 -6.56180529 
1.87381742e+00 -8.95404058 -8.65675584 -7.98402794 -7.16812152 -6.56180529 
1.51991108e+00 -8.95404058 -8.65675584 -7.98402794 -7.16812152 -6.56180529 
1.23284674e+00 -8.95404058 -8.65675584 -7.98402794 -7.16812152 -6.56180529 
1.00000000e+00 -8.95404058 -8.65675584 -7.98402794 -7.16812152 -6.56180529 
8.11130831e-01 -8.95404058 -8.65675584 -7.98402794 -7.16812152 -6.56180529 
6.57933225e-01 -8.95404058 -8.65675584 -7.98402794 -7.16812152 -6.56180529 
5.33669923e-01 -8.95404058 -8.65675584 -7.98402794 -7.16812152 -6.56180529 
4.32876128e-01 -8.95404058 -8.65675584 -7.98402794 -7.16812152 -6.56180529 
3.51119173e-01 -8.95404058 -8.65675584 -7.98402794 -7.16812152 -6.56180529 
2.84803587e-01 -8.95404058 -8.65675584 -7.98402794 -7.16812152 -6.56180529 
2.31012970e-01 -8.95404058 -8.65675584 -7.98402794 -7.16812152 -6.56180529 
1.87381742e-01 -8.95404058 -8.65675584 -7.98402794 -7.16812152 -6.56180529 
1.51991108e-01 -8.95404058 -8.65675584 -7.98402794 -7.16812152 -6.56180529 
1.23284674e-01 -8.95404058 -8.65675584 -7.98402794 -7.16812152 -6.56180529 
1.00000000e-01 -8.95404058 -8.65675584 -7.98402794 -7.16812152 -6.56180529 
8.11130831e-02 -8.95404058 -8.65675584 -7.98402794 -7.16812152 -6.56180529 
6.57933225e-02 -8.95404058 -8.65675584 -7.98402794 -7.16812152 -6.56180529 
5.33669923e-02 -8.95404058 -8.65675584 -7.98402794 -7.16812152 -6.56180529 
4.32876128e-02 -8.95404058 -8.65675584 -7.98402794 -7.16812152 -6.56180529 
3.51119173e-02 -8.95404058 -8.65675584 -7.98402794 -7.16812152 -6.56180529 
2.84803587e-02 -8.95404058 -8.65675584 -7.98402794 -7.16812152 -6.56180529 
2.31012970e-02 -8.95404058 -8.65675584 -7.98402794 -7.16812152 -6.56180529 
1.87381742e-02 -8.95404058 -8.65675584 -7.98402794 -7.16812152 -6.56180529 
1.51991108e-02 -8.95404058 -8.65675584 -7.98402794 -7.16812152 -6.56180529 
1.23284674e-02 -8.95404058 -8.65675584 -7.98402794 -7.16812152 -6.56180529 
1.00000000e-02 -8.95404058 -8.65675584 -7.98402794 -7.16812152 -6.56180529 
8.11130831e-03 -8.95404058 -8.65675584 -7.98402794 -7.16812152 -6.56180529 
6.57933225e-03 -8.95404058 -8.65675584 -7.98402794 -7.16812152 -6.56180529 
5.33669923e-03 -8.95404058 -8.65675584 -7.98402794 -7.16812152 -6.56180529 
4.32876128e-03 -8.95404058 -8.65675584 -7.98402794 -7.16812152 -6.56180529 
3.51119173e-03 -8.95404058 -8.65675584 -7.98402794 -7.16812152 -6.56180529 
2.84803587e-03 -8.95404058 -8.65675584 -7.98402794 -7.16812152 -6.56180529 
2.31012970e-03 -8.95404058 -8.65675584 -7.98402794 -7.16812152 -6.56180529 
1.87381742e-03 -8.95404058 -8.65675584 -7.98402794 -7.16812152 -6.56180529 
1.51991108e-03 -8.95404058 -8.65675584 -7.98402794 -7.16812152 -6.56180529 
1.23284674e-03 -8.95404058 -8.65675584 -7.98402794 -7.16812152 -6.56180529 
1.00000000e-03 -8.95404058 -8.65675584 -7.98402794 -7.16812152 -6.56180529 
8.11130831e-04 -8.95404058 -8.65675584 -7.98402794 -7.16812152 -6.56180529 
6.57933225e-04 -8.95404058 -8.65675584 -7.98402794 -7.16812152 -6.56180529 
5.33669923e-04 -8.95404058 -8.65675584 -7.98402794 -7.16812152 -6.56180529 
4.32876128e-04 -8.95404058 -8.65675584 -7.98402794 -7.16812152 -6.56180529 
3.51119173e-04 -8.95404058 -8.65675584 -7.98402794 -7.16812152 -6.56180529 
2.84803587e-04 -8.95404058 -8.65675584 -7.98402794 -7.16812152 -6.56180529 
2.31012970e-04 -8.95404058 -8.65675584 -7.98402794 -7.16812152 -6.56180529 
1.87381742e-04 -8.95404058 -8.65675584 -7.98402794 -7.16812152 -6.56180529 
1.51991108e-04 -8.95404058 -8.65675584 -7.98402794 -7.16812152 -6.56180529 
1.23284674e-04 -8.95404058 -8.65675584 -7.98402794 -7.16812152 -6.56180529 
1.00000000e-04 -8.95404058 -8.65675584 -7.98402794 -7.16812152 -6.56180529 
8.11130831e-05 -8.95404058 -8.65675584 -7.98402794 -7.16812152 -6.56180529 
6.57933225e-05 -8.95404058 -8.65675584 -7.98402794 -7.16812152 -6.56180529 
5.33669923e-05 -8.95404058 -8.65675584 -7.98402794 -7.16812152 -6.56180529 
4.32876128e-05 -8.95404058 -8.65675584 -7.98402794 -7.16812152 -6.56180529 
3.51119173e-05 -8.95404058 -8.65675584 -7.98402794 -7.16812152 -6.56180529 
2.84803587e-05 -8.95404058 -8.65675584 -7.98402794 -7.16812152 -6.56180529 
2.31012970e-05 -8.95404058 -8.65675584 -7.98402794 -7.16812152 -6.56180529 
1.87381742e-05 -8.95404058 -8.65675584 -7.98402794 -7.16812152 -6.56180529 
1.51991108e-05 -8.95404058 -8.65675584 -7.98402794 -7.16812152 -6.56180529 
1.23284674e-05 -8.95404058 -8.65675584 -7.98402794 -7.16812152 -6.56180529 
1.00000000e-05 -8.95404058 -8.65675584 -7.98402794 -7.16812152 -6.56180529 
8.11130831e-06 -8.95404058 -8.65675584 -7.98402794 -7.16812152 -6.56180529 
6.57933225e-06 -8.95404058 -8.65675584 -7.98402794 -7.16812152 -6.56180529 
5.33669923e-06 -8.95404058 -8.65675584 -7.98402794 -7.16812152 -6.56180529 
4.32876128e-06 -8.95404058 -8.65675584 -7.98402794 -7.16812152 -6.56180529 
3.51119173e-06 -8.95404058 -8.65675584 -7.98402794 -7.16812152 -6.56180529 
2.84803587e-06 -8.95404058 -8.65675584 -7.98402794 -7.16812152 -6.56180529 
2.31012970e-06 -8.95404058 -8.65675584 -7.98402794 -7.16812152 -6.56180529 
1.87381742e-06 -8.95404058 -8.65675584 -7.98402794 -7.16812152 -6.56180529 
1.51991108e-06 -8.95404058 -8.65675584 -7.98402794 -7.16812152 -6.56180529 
1.23284674e-06 -8.95404058 -8.65675584 -7.98402794 -7.16812152 -6.56180529 
1.00000000e-06 -8.95404058 -8.65675584 -7.98402794 -7.16812152 -6.56180529 
8.11130831e-07 -8.95404058 -8.65675584 -7.98402794 -7.16812152 -6.56180529 
6.57933225e-07 -8.95404058 -8.65675584 -7.98402794 -7.16812152 -6.56180529 
5.33669923e-07 -8.95404058 -8.65675584 -7.98402794 -7.16812152 -6.56180529 
4.32876128e-07 -8.95404058 -8.65675584 -7.98402794 -7.16812152 -6.56180529 
3.51119173e-07 -8.95404058 -8.65675584 -7.98402794 -7.16812152 -6.56180529 
2.84803587e-07 -8.95404058 -8.65675584 -7.98402794 -7.16812152 -6.56180529 
2.31012970e-07 -8.95404058 -8.65675584 -7.98402794 -7.16812152 -6.56180529 
1.87381742e-07 -8.95404058 -8.65675584 -7.98402794 -7.16812152 -6.56180529 
1.51991108e-07 -8.95404058 -8.65675584 -7.98402794 -7.16812152 -6.56180529 
1.23284674e-07 -8.95404058 -8.65675584 -7.98402794 -7.16812152 -6.56180529 
1.00000000e-07 -8.95404058 -8.65675584 -7.98402794 -7.16812152 -6.56180529 
P (bar) | log_H2S: -2σ | log_H2S: -1σ | log_H2S: median | log_H2S: +1σ | log_H2S: +2σ 
1.00000000e+02 -6.93934339 -6.66880090 -6.10838437 -5.29947555 -4.63311513 
8.11130831e+01 -6.93934339 -6.66880090 -6.10838437 -5.29947555 -4.63311513 
6.57933225e+01 -6.93934339 -6.66880090 -6.10838437 -5.29947555 -4.63311513 
5.33669923e+01 -6.93934339 -6.66880090 -6.10838437 -5.29947555 -4.63311513 
4.32876128e+01 -6.93934339 -6.66880090 -6.10838437 -5.29947555 -4.63311513 
3.51119173e+01 -6.93934339 -6.66880090 -6.10838437 -5.29947555 -4.63311513 
2.84803587e+01 -6.93934339 -6.66880090 -6.10838437 -5.29947555 -4.63311513 
2.31012970e+01 -6.93934339 -6.66880090 -6.10838437 -5.29947555 -4.63311513 
1.87381742e+01 -6.93934339 -6.66880090 -6.10838437 -5.29947555 -4.63311513 
1.51991108e+01 -6.93934339 -6.66880090 -6.10838437 -5.29947555 -4.63311513 
1.23284674e+01 -6.93934339 -6.66880090 -6.10838437 -5.29947555 -4.63311513 
1.00000000e+01 -6.93934339 -6.66880090 -6.10838437 -5.29947555 -4.63311513 
8.11130831e+00 -6.93934339 -6.66880090 -6.10838437 -5.29947555 -4.63311513 
6.57933225e+00 -6.93934339 -6.66880090 -6.10838437 -5.29947555 -4.63311513 
5.33669923e+00 -6.93934339 -6.66880090 -6.10838437 -5.29947555 -4.63311513 
4.32876128e+00 -6.93934339 -6.66880090 -6.10838437 -5.29947555 -4.63311513 
3.51119173e+00 -6.93934339 -6.66880090 -6.10838437 -5.29947555 -4.63311513 
2.84803587e+00 -6.93934339 -6.66880090 -6.10838437 -5.29947555 -4.63311513 
2.31012970e+00 -6.93934339 -6.66880090 -6.10838437 -5.29947555 -4.63311513 
1.87381742e+00 -6.93934339 -6.66880090 -6.10838437 -5.29947555 -4.63311513 
1.51991108e+00 -6.93934339 -6.66880090 -6.10838437 -5.29947555 -4.63311513 
1.23284674e+00 -6.93934339 -6.66880090 -6.10838437 -5.29947555 -4.63311513 
1.00000000e+00 -6.93934339 -6.66880090 -6.10838437 -5.29947555 -4.63311513 
8.11130831e-01 -6.93934339 -6.66880090 -6.10838437 -5.29947555 -4.63311513 
6.57933225e-01 -6.93934339 -6.66880090 -6.10838437 -5.29947555 -4.63311513 
5.33669923e-01 -6.93934339 -6.66880090 -6.10838437 -5.29947555 -4.63311513 
4.32876128e-01 -6.93934339 -6.66880090 -6.10838437 -5.29947555 -4.63311513 
3.51119173e-01 -6.93934339 -6.66880090 -6.10838437 -5.29947555 -4.63311513 
2.84803587e-01 -6.93934339 -6.66880090 -6.10838437 -5.29947555 -4.63311513 
2.31012970e-01 -6.93934339 -6.66880090 -6.10838437 -5.29947555 -4.63311513 
1.87381742e-01 -6.93934339 -6.66880090 -6.10838437 -5.29947555 -4.63311513 
1.51991108e-01 -6.93934339 -6.66880090 -6.10838437 -5.29947555 -4.63311513 
1.23284674e-01 -6.93934339 -6.66880090 -6.10838437 -5.29947555 -4.63311513 
1.00000000e-01 -6.93934339 -6.66880090 -6.10838437 -5.29947555 -4.63311513 
8.11130831e-02 -6.93934339 -6.66880090 -6.10838437 -5.29947555 -4.63311513 
6.57933225e-02 -6.93934339 -6.66880090 -6.10838437 -5.29947555 -4.63311513 
5.33669923e-02 -6.93934339 -6.66880090 -6.10838437 -5.29947555 -4.63311513 
4.32876128e-02 -6.93934339 -6.66880090 -6.10838437 -5.29947555 -4.63311513 
3.51119173e-02 -6.93934339 -6.66880090 -6.10838437 -5.29947555 -4.63311513 
2.84803587e-02 -6.93934339 -6.66880090 -6.10838437 -5.29947555 -4.63311513 
2.31012970e-02 -6.93934339 -6.66880090 -6.10838437 -5.29947555 -4.63311513 
1.87381742e-02 -6.93934339 -6.66880090 -6.10838437 -5.29947555 -4.63311513 
1.51991108e-02 -6.93934339 -6.66880090 -6.10838437 -5.29947555 -4.63311513 
1.23284674e-02 -6.93934339 -6.66880090 -6.10838437 -5.29947555 -4.63311513 
1.00000000e-02 -6.93934339 -6.66880090 -6.10838437 -5.29947555 -4.63311513 
8.11130831e-03 -6.93934339 -6.66880090 -6.10838437 -5.29947555 -4.63311513 
6.57933225e-03 -6.93934339 -6.66880090 -6.10838437 -5.29947555 -4.63311513 
5.33669923e-03 -6.93934339 -6.66880090 -6.10838437 -5.29947555 -4.63311513 
4.32876128e-03 -6.93934339 -6.66880090 -6.10838437 -5.29947555 -4.63311513 
3.51119173e-03 -6.93934339 -6.66880090 -6.10838437 -5.29947555 -4.63311513 
2.84803587e-03 -6.93934339 -6.66880090 -6.10838437 -5.29947555 -4.63311513 
2.31012970e-03 -6.93934339 -6.66880090 -6.10838437 -5.29947555 -4.63311513 
1.87381742e-03 -6.93934339 -6.66880090 -6.10838437 -5.29947555 -4.63311513 
1.51991108e-03 -6.93934339 -6.66880090 -6.10838437 -5.29947555 -4.63311513 
1.23284674e-03 -6.93934339 -6.66880090 -6.10838437 -5.29947555 -4.63311513 
1.00000000e-03 -6.93934339 -6.66880090 -6.10838437 -5.29947555 -4.63311513 
8.11130831e-04 -6.93934339 -6.66880090 -6.10838437 -5.29947555 -4.63311513 
6.57933225e-04 -6.93934339 -6.66880090 -6.10838437 -5.29947555 -4.63311513 
5.33669923e-04 -6.93934339 -6.66880090 -6.10838437 -5.29947555 -4.63311513 
4.32876128e-04 -6.93934339 -6.66880090 -6.10838437 -5.29947555 -4.63311513 
3.51119173e-04 -6.93934339 -6.66880090 -6.10838437 -5.29947555 -4.63311513 
2.84803587e-04 -6.93934339 -6.66880090 -6.10838437 -5.29947555 -4.63311513 
2.31012970e-04 -6.93934339 -6.66880090 -6.10838437 -5.29947555 -4.63311513 
1.87381742e-04 -6.93934339 -6.66880090 -6.10838437 -5.29947555 -4.63311513 
1.51991108e-04 -6.93934339 -6.66880090 -6.10838437 -5.29947555 -4.63311513 
1.23284674e-04 -6.93934339 -6.66880090 -6.10838437 -5.29947555 -4.63311513 
1.00000000e-04 -6.93934339 -6.66880090 -6.10838437 -5.29947555 -4.63311513 
8.11130831e-05 -6.93934339 -6.66880090 -6.10838437 -5.29947555 -4.63311513 
6.57933225e-05 -6.93934339 -6.66880090 -6.10838437 -5.29947555 -4.63311513 
5.33669923e-05 -6.93934339 -6.66880090 -6.10838437 -5.29947555 -4.63311513 
4.32876128e-05 -6.93934339 -6.66880090 -6.10838437 -5.29947555 -4.63311513 
3.51119173e-05 -6.93934339 -6.66880090 -6.10838437 -5.29947555 -4.63311513 
2.84803587e-05 -6.93934339 -6.66880090 -6.10838437 -5.29947555 -4.63311513 
2.31012970e-05 -6.93934339 -6.66880090 -6.10838437 -5.29947555 -4.63311513 
1.87381742e-05 -6.93934339 -6.66880090 -6.10838437 -5.29947555 -4.63311513 
1.51991108e-05 -6.93934339 -6.66880090 -6.10838437 -5.29947555 -4.63311513 
1.23284674e-05 -6.93934339 -6.66880090 -6.10838437 -5.29947555 -4.63311513 
1.00000000e-05 -6.93934339 -6.66880090 -6.10838437 -5.29947555 -4.63311513 
8.11130831e-06 -6.93934339 -6.66880090 -6.10838437 -5.29947555 -4.63311513 
6.57933225e-06 -6.93934339 -6.66880090 -6.10838437 -5.29947555 -4.63311513 
5.33669923e-06 -6.93934339 -6.66880090 -6.10838437 -5.29947555 -4.63311513 
4.32876128e-06 -6.93934339 -6.66880090 -6.10838437 -5.29947555 -4.63311513 
3.51119173e-06 -6.93934339 -6.66880090 -6.10838437 -5.29947555 -4.63311513 
2.84803587e-06 -6.93934339 -6.66880090 -6.10838437 -5.29947555 -4.63311513 
2.31012970e-06 -6.93934339 -6.66880090 -6.10838437 -5.29947555 -4.63311513 
1.87381742e-06 -6.93934339 -6.66880090 -6.10838437 -5.29947555 -4.63311513 
1.51991108e-06 -6.93934339 -6.66880090 -6.10838437 -5.29947555 -4.63311513 
1.23284674e-06 -6.93934339 -6.66880090 -6.10838437 -5.29947555 -4.63311513 
1.00000000e-06 -6.93934339 -6.66880090 -6.10838437 -5.29947555 -4.63311513 
8.11130831e-07 -6.93934339 -6.66880090 -6.10838437 -5.29947555 -4.63311513 
6.57933225e-07 -6.93934339 -6.66880090 -6.10838437 -5.29947555 -4.63311513 
5.33669923e-07 -6.93934339 -6.66880090 -6.10838437 -5.29947555 -4.63311513 
4.32876128e-07 -6.93934339 -6.66880090 -6.10838437 -5.29947555 -4.63311513 
3.51119173e-07 -6.93934339 -6.66880090 -6.10838437 -5.29947555 -4.63311513 
2.84803587e-07 -6.93934339 -6.66880090 -6.10838437 -5.29947555 -4.63311513 
2.31012970e-07 -6.93934339 -6.66880090 -6.10838437 -5.29947555 -4.63311513 
1.87381742e-07 -6.93934339 -6.66880090 -6.10838437 -5.29947555 -4.63311513 
1.51991108e-07 -6.93934339 -6.66880090 -6.10838437 -5.29947555 -4.63311513 
1.23284674e-07 -6.93934339 -6.66880090 -6.10838437 -5.29947555 -4.63311513 
1.00000000e-07 -6.93934339 -6.66880090 -6.10838437 -5.29947555 -4.63311513 
