Chemical species: H2 He H2O CO2 SO2 K CO Na CH4
P (bar) | log_H2: -2σ | log_H2: -1σ | log_H2: median | log_H2: +1σ | log_H2: +2σ 
1.00000000e+02 -0.09009120 -0.08711180 -0.08417211 -0.08144025 -0.07917943 
8.11130831e+01 -0.09009120 -0.08711180 -0.08417211 -0.08144025 -0.07917943 
6.57933225e+01 -0.09009120 -0.08711180 -0.08417211 -0.08144025 -0.07917943 
5.33669923e+01 -0.09009120 -0.08711180 -0.08417211 -0.08144025 -0.07917943 
4.32876128e+01 -0.09009120 -0.08711180 -0.08417211 -0.08144025 -0.07917943 
3.51119173e+01 -0.09009120 -0.08711180 -0.08417211 -0.08144025 -0.07917943 
2.84803587e+01 -0.09009120 -0.08711180 -0.08417211 -0.08144025 -0.07917943 
2.31012970e+01 -0.09009120 -0.08711180 -0.08417211 -0.08144025 -0.07917943 
1.87381742e+01 -0.09009120 -0.08711180 -0.08417211 -0.08144025 -0.07917943 
1.51991108e+01 -0.09009120 -0.08711180 -0.08417211 -0.08144025 -0.07917943 
1.23284674e+01 -0.09009120 -0.08711180 -0.08417211 -0.08144025 -0.07917943 
1.00000000e+01 -0.09009120 -0.08711180 -0.08417211 -0.08144025 -0.07917943 
8.11130831e+00 -0.09009120 -0.08711180 -0.08417211 -0.08144025 -0.07917943 
6.57933225e+00 -0.09009120 -0.08711180 -0.08417211 -0.08144025 -0.07917943 
5.33669923e+00 -0.09009120 -0.08711180 -0.08417211 -0.08144025 -0.07917943 
4.32876128e+00 -0.09009120 -0.08711180 -0.08417211 -0.08144025 -0.07917943 
3.51119173e+00 -0.09009120 -0.08711180 -0.08417211 -0.08144025 -0.07917943 
2.84803587e+00 -0.09009120 -0.08711180 -0.08417211 -0.08144025 -0.07917943 
2.31012970e+00 -0.09009120 -0.08711180 -0.08417211 -0.08144025 -0.07917943 
1.87381742e+00 -0.09009120 -0.08711180 -0.08417211 -0.08144025 -0.07917943 
1.51991108e+00 -0.09009120 -0.08711180 -0.08417211 -0.08144025 -0.07917943 
1.23284674e+00 -0.09009120 -0.08711180 -0.08417211 -0.08144025 -0.07917943 
1.00000000e+00 -0.09009120 -0.08711180 -0.08417211 -0.08144025 -0.07917943 
8.11130831e-01 -0.09009120 -0.08711180 -0.08417211 -0.08144025 -0.07917943 
6.57933225e-01 -0.09009120 -0.08711180 -0.08417211 -0.08144025 -0.07917943 
5.33669923e-01 -0.09009120 -0.08711180 -0.08417211 -0.08144025 -0.07917943 
4.32876128e-01 -0.09009120 -0.08711180 -0.08417211 -0.08144025 -0.07917943 
3.51119173e-01 -0.09009120 -0.08711180 -0.08417211 -0.08144025 -0.07917943 
2.84803587e-01 -0.09009120 -0.08711180 -0.08417211 -0.08144025 -0.07917943 
2.31012970e-01 -0.09009120 -0.08711180 -0.08417211 -0.08144025 -0.07917943 
1.87381742e-01 -0.09009120 -0.08711180 -0.08417211 -0.08144025 -0.07917943 
1.51991108e-01 -0.09009120 -0.08711180 -0.08417211 -0.08144025 -0.07917943 
1.23284674e-01 -0.09009120 -0.08711180 -0.08417211 -0.08144025 -0.07917943 
1.00000000e-01 -0.09009120 -0.08711180 -0.08417211 -0.08144025 -0.07917943 
8.11130831e-02 -0.09009120 -0.08711180 -0.08417211 -0.08144025 -0.07917943 
6.57933225e-02 -0.09009120 -0.08711180 -0.08417211 -0.08144025 -0.07917943 
5.33669923e-02 -0.09009120 -0.08711180 -0.08417211 -0.08144025 -0.07917943 
4.32876128e-02 -0.09009120 -0.08711180 -0.08417211 -0.08144025 -0.07917943 
3.51119173e-02 -0.09009120 -0.08711180 -0.08417211 -0.08144025 -0.07917943 
2.84803587e-02 -0.09009120 -0.08711180 -0.08417211 -0.08144025 -0.07917943 
2.31012970e-02 -0.09009120 -0.08711180 -0.08417211 -0.08144025 -0.07917943 
1.87381742e-02 -0.09009120 -0.08711180 -0.08417211 -0.08144025 -0.07917943 
1.51991108e-02 -0.09009120 -0.08711180 -0.08417211 -0.08144025 -0.07917943 
1.23284674e-02 -0.09009120 -0.08711180 -0.08417211 -0.08144025 -0.07917943 
1.00000000e-02 -0.09009120 -0.08711180 -0.08417211 -0.08144025 -0.07917943 
8.11130831e-03 -0.09009120 -0.08711180 -0.08417211 -0.08144025 -0.07917943 
6.57933225e-03 -0.09009120 -0.08711180 -0.08417211 -0.08144025 -0.07917943 
5.33669923e-03 -0.09009120 -0.08711180 -0.08417211 -0.08144025 -0.07917943 
4.32876128e-03 -0.09009120 -0.08711180 -0.08417211 -0.08144025 -0.07917943 
3.51119173e-03 -0.09009120 -0.08711180 -0.08417211 -0.08144025 -0.07917943 
2.84803587e-03 -0.09009120 -0.08711180 -0.08417211 -0.08144025 -0.07917943 
2.31012970e-03 -0.09009120 -0.08711180 -0.08417211 -0.08144025 -0.07917943 
1.87381742e-03 -0.09009120 -0.08711180 -0.08417211 -0.08144025 -0.07917943 
1.51991108e-03 -0.09009120 -0.08711180 -0.08417211 -0.08144025 -0.07917943 
1.23284674e-03 -0.09009120 -0.08711180 -0.08417211 -0.08144025 -0.07917943 
1.00000000e-03 -0.09009120 -0.08711180 -0.08417211 -0.08144025 -0.07917943 
8.11130831e-04 -0.09009120 -0.08711180 -0.08417211 -0.08144025 -0.07917943 
6.57933225e-04 -0.09009120 -0.08711180 -0.08417211 -0.08144025 -0.07917943 
5.33669923e-04 -0.09009120 -0.08711180 -0.08417211 -0.08144025 -0.07917943 
4.32876128e-04 -0.09009120 -0.08711180 -0.08417211 -0.08144025 -0.07917943 
3.51119173e-04 -0.09009120 -0.08711180 -0.08417211 -0.08144025 -0.07917943 
2.84803587e-04 -0.09009120 -0.08711180 -0.08417211 -0.08144025 -0.07917943 
2.31012970e-04 -0.09009120 -0.08711180 -0.08417211 -0.08144025 -0.07917943 
1.87381742e-04 -0.09009120 -0.08711180 -0.08417211 -0.08144025 -0.07917943 
1.51991108e-04 -0.09009120 -0.08711180 -0.08417211 -0.08144025 -0.07917943 
1.23284674e-04 -0.09009120 -0.08711180 -0.08417211 -0.08144025 -0.07917943 
1.00000000e-04 -0.09009120 -0.08711180 -0.08417211 -0.08144025 -0.07917943 
8.11130831e-05 -0.09009120 -0.08711180 -0.08417211 -0.08144025 -0.07917943 
6.57933225e-05 -0.09009120 -0.08711180 -0.08417211 -0.08144025 -0.07917943 
5.33669923e-05 -0.09009120 -0.08711180 -0.08417211 -0.08144025 -0.07917943 
4.32876128e-05 -0.09009120 -0.08711180 -0.08417211 -0.08144025 -0.07917943 
3.51119173e-05 -0.09009120 -0.08711180 -0.08417211 -0.08144025 -0.07917943 
2.84803587e-05 -0.09009120 -0.08711180 -0.08417211 -0.08144025 -0.07917943 
2.31012970e-05 -0.09009120 -0.08711180 -0.08417211 -0.08144025 -0.07917943 
1.87381742e-05 -0.09009120 -0.08711180 -0.08417211 -0.08144025 -0.07917943 
1.51991108e-05 -0.09009120 -0.08711180 -0.08417211 -0.08144025 -0.07917943 
1.23284674e-05 -0.09009120 -0.08711180 -0.08417211 -0.08144025 -0.07917943 
1.00000000e-05 -0.09009120 -0.08711180 -0.08417211 -0.08144025 -0.07917943 
8.11130831e-06 -0.09009120 -0.08711180 -0.08417211 -0.08144025 -0.07917943 
6.57933225e-06 -0.09009120 -0.08711180 -0.08417211 -0.08144025 -0.07917943 
5.33669923e-06 -0.09009120 -0.08711180 -0.08417211 -0.08144025 -0.07917943 
4.32876128e-06 -0.09009120 -0.08711180 -0.08417211 -0.08144025 -0.07917943 
3.51119173e-06 -0.09009120 -0.08711180 -0.08417211 -0.08144025 -0.07917943 
2.84803587e-06 -0.09009120 -0.08711180 -0.08417211 -0.08144025 -0.07917943 
2.31012970e-06 -0.09009120 -0.08711180 -0.08417211 -0.08144025 -0.07917943 
1.87381742e-06 -0.09009120 -0.08711180 -0.08417211 -0.08144025 -0.07917943 
1.51991108e-06 -0.09009120 -0.08711180 -0.08417211 -0.08144025 -0.07917943 
1.23284674e-06 -0.09009120 -0.08711180 -0.08417211 -0.08144025 -0.07917943 
1.00000000e-06 -0.09009120 -0.08711180 -0.08417211 -0.08144025 -0.07917943 
8.11130831e-07 -0.09009120 -0.08711180 -0.08417211 -0.08144025 -0.07917943 
6.57933225e-07 -0.09009120 -0.08711180 -0.08417211 -0.08144025 -0.07917943 
5.33669923e-07 -0.09009120 -0.08711180 -0.08417211 -0.08144025 -0.07917943 
4.32876128e-07 -0.09009120 -0.08711180 -0.08417211 -0.08144025 -0.07917943 
3.51119173e-07 -0.09009120 -0.08711180 -0.08417211 -0.08144025 -0.07917943 
2.84803587e-07 -0.09009120 -0.08711180 -0.08417211 -0.08144025 -0.07917943 
2.31012970e-07 -0.09009120 -0.08711180 -0.08417211 -0.08144025 -0.07917943 
1.87381742e-07 -0.09009120 -0.08711180 -0.08417211 -0.08144025 -0.07917943 
1.51991108e-07 -0.09009120 -0.08711180 -0.08417211 -0.08144025 -0.07917943 
1.23284674e-07 -0.09009120 -0.08711180 -0.08417211 -0.08144025 -0.07917943 
1.00000000e-07 -0.09009120 -0.08711180 -0.08417211 -0.08144025 -0.07917943 
P (bar) | log_He: -2σ | log_He: -1σ | log_He: median | log_He: +1σ | log_He: +2σ 
1.00000000e+02 -0.85964228 -0.85666288 -0.85372319 -0.85099133 -0.84873051 
8.11130831e+01 -0.85964228 -0.85666288 -0.85372319 -0.85099133 -0.84873051 
6.57933225e+01 -0.85964228 -0.85666288 -0.85372319 -0.85099133 -0.84873051 
5.33669923e+01 -0.85964228 -0.85666288 -0.85372319 -0.85099133 -0.84873051 
4.32876128e+01 -0.85964228 -0.85666288 -0.85372319 -0.85099133 -0.84873051 
3.51119173e+01 -0.85964228 -0.85666288 -0.85372319 -0.85099133 -0.84873051 
2.84803587e+01 -0.85964228 -0.85666288 -0.85372319 -0.85099133 -0.84873051 
2.31012970e+01 -0.85964228 -0.85666288 -0.85372319 -0.85099133 -0.84873051 
1.87381742e+01 -0.85964228 -0.85666288 -0.85372319 -0.85099133 -0.84873051 
1.51991108e+01 -0.85964228 -0.85666288 -0.85372319 -0.85099133 -0.84873051 
1.23284674e+01 -0.85964228 -0.85666288 -0.85372319 -0.85099133 -0.84873051 
1.00000000e+01 -0.85964228 -0.85666288 -0.85372319 -0.85099133 -0.84873051 
8.11130831e+00 -0.85964228 -0.85666288 -0.85372319 -0.85099133 -0.84873051 
6.57933225e+00 -0.85964228 -0.85666288 -0.85372319 -0.85099133 -0.84873051 
5.33669923e+00 -0.85964228 -0.85666288 -0.85372319 -0.85099133 -0.84873051 
4.32876128e+00 -0.85964228 -0.85666288 -0.85372319 -0.85099133 -0.84873051 
3.51119173e+00 -0.85964228 -0.85666288 -0.85372319 -0.85099133 -0.84873051 
2.84803587e+00 -0.85964228 -0.85666288 -0.85372319 -0.85099133 -0.84873051 
2.31012970e+00 -0.85964228 -0.85666288 -0.85372319 -0.85099133 -0.84873051 
1.87381742e+00 -0.85964228 -0.85666288 -0.85372319 -0.85099133 -0.84873051 
1.51991108e+00 -0.85964228 -0.85666288 -0.85372319 -0.85099133 -0.84873051 
1.23284674e+00 -0.85964228 -0.85666288 -0.85372319 -0.85099133 -0.84873051 
1.00000000e+00 -0.85964228 -0.85666288 -0.85372319 -0.85099133 -0.84873051 
8.11130831e-01 -0.85964228 -0.85666288 -0.85372319 -0.85099133 -0.84873051 
6.57933225e-01 -0.85964228 -0.85666288 -0.85372319 -0.85099133 -0.84873051 
5.33669923e-01 -0.85964228 -0.85666288 -0.85372319 -0.85099133 -0.84873051 
4.32876128e-01 -0.85964228 -0.85666288 -0.85372319 -0.85099133 -0.84873051 
3.51119173e-01 -0.85964228 -0.85666288 -0.85372319 -0.85099133 -0.84873051 
2.84803587e-01 -0.85964228 -0.85666288 -0.85372319 -0.85099133 -0.84873051 
2.31012970e-01 -0.85964228 -0.85666288 -0.85372319 -0.85099133 -0.84873051 
1.87381742e-01 -0.85964228 -0.85666288 -0.85372319 -0.85099133 -0.84873051 
1.51991108e-01 -0.85964228 -0.85666288 -0.85372319 -0.85099133 -0.84873051 
1.23284674e-01 -0.85964228 -0.85666288 -0.85372319 -0.85099133 -0.84873051 
1.00000000e-01 -0.85964228 -0.85666288 -0.85372319 -0.85099133 -0.84873051 
8.11130831e-02 -0.85964228 -0.85666288 -0.85372319 -0.85099133 -0.84873051 
6.57933225e-02 -0.85964228 -0.85666288 -0.85372319 -0.85099133 -0.84873051 
5.33669923e-02 -0.85964228 -0.85666288 -0.85372319 -0.85099133 -0.84873051 
4.32876128e-02 -0.85964228 -0.85666288 -0.85372319 -0.85099133 -0.84873051 
3.51119173e-02 -0.85964228 -0.85666288 -0.85372319 -0.85099133 -0.84873051 
2.84803587e-02 -0.85964228 -0.85666288 -0.85372319 -0.85099133 -0.84873051 
2.31012970e-02 -0.85964228 -0.85666288 -0.85372319 -0.85099133 -0.84873051 
1.87381742e-02 -0.85964228 -0.85666288 -0.85372319 -0.85099133 -0.84873051 
1.51991108e-02 -0.85964228 -0.85666288 -0.85372319 -0.85099133 -0.84873051 
1.23284674e-02 -0.85964228 -0.85666288 -0.85372319 -0.85099133 -0.84873051 
1.00000000e-02 -0.85964228 -0.85666288 -0.85372319 -0.85099133 -0.84873051 
8.11130831e-03 -0.85964228 -0.85666288 -0.85372319 -0.85099133 -0.84873051 
6.57933225e-03 -0.85964228 -0.85666288 -0.85372319 -0.85099133 -0.84873051 
5.33669923e-03 -0.85964228 -0.85666288 -0.85372319 -0.85099133 -0.84873051 
4.32876128e-03 -0.85964228 -0.85666288 -0.85372319 -0.85099133 -0.84873051 
3.51119173e-03 -0.85964228 -0.85666288 -0.85372319 -0.85099133 -0.84873051 
2.84803587e-03 -0.85964228 -0.85666288 -0.85372319 -0.85099133 -0.84873051 
2.31012970e-03 -0.85964228 -0.85666288 -0.85372319 -0.85099133 -0.84873051 
1.87381742e-03 -0.85964228 -0.85666288 -0.85372319 -0.85099133 -0.84873051 
1.51991108e-03 -0.85964228 -0.85666288 -0.85372319 -0.85099133 -0.84873051 
1.23284674e-03 -0.85964228 -0.85666288 -0.85372319 -0.85099133 -0.84873051 
1.00000000e-03 -0.85964228 -0.85666288 -0.85372319 -0.85099133 -0.84873051 
8.11130831e-04 -0.85964228 -0.85666288 -0.85372319 -0.85099133 -0.84873051 
6.57933225e-04 -0.85964228 -0.85666288 -0.85372319 -0.85099133 -0.84873051 
5.33669923e-04 -0.85964228 -0.85666288 -0.85372319 -0.85099133 -0.84873051 
4.32876128e-04 -0.85964228 -0.85666288 -0.85372319 -0.85099133 -0.84873051 
3.51119173e-04 -0.85964228 -0.85666288 -0.85372319 -0.85099133 -0.84873051 
2.84803587e-04 -0.85964228 -0.85666288 -0.85372319 -0.85099133 -0.84873051 
2.31012970e-04 -0.85964228 -0.85666288 -0.85372319 -0.85099133 -0.84873051 
1.87381742e-04 -0.85964228 -0.85666288 -0.85372319 -0.85099133 -0.84873051 
1.51991108e-04 -0.85964228 -0.85666288 -0.85372319 -0.85099133 -0.84873051 
1.23284674e-04 -0.85964228 -0.85666288 -0.85372319 -0.85099133 -0.84873051 
1.00000000e-04 -0.85964228 -0.85666288 -0.85372319 -0.85099133 -0.84873051 
8.11130831e-05 -0.85964228 -0.85666288 -0.85372319 -0.85099133 -0.84873051 
6.57933225e-05 -0.85964228 -0.85666288 -0.85372319 -0.85099133 -0.84873051 
5.33669923e-05 -0.85964228 -0.85666288 -0.85372319 -0.85099133 -0.84873051 
4.32876128e-05 -0.85964228 -0.85666288 -0.85372319 -0.85099133 -0.84873051 
3.51119173e-05 -0.85964228 -0.85666288 -0.85372319 -0.85099133 -0.84873051 
2.84803587e-05 -0.85964228 -0.85666288 -0.85372319 -0.85099133 -0.84873051 
2.31012970e-05 -0.85964228 -0.85666288 -0.85372319 -0.85099133 -0.84873051 
1.87381742e-05 -0.85964228 -0.85666288 -0.85372319 -0.85099133 -0.84873051 
1.51991108e-05 -0.85964228 -0.85666288 -0.85372319 -0.85099133 -0.84873051 
1.23284674e-05 -0.85964228 -0.85666288 -0.85372319 -0.85099133 -0.84873051 
1.00000000e-05 -0.85964228 -0.85666288 -0.85372319 -0.85099133 -0.84873051 
8.11130831e-06 -0.85964228 -0.85666288 -0.85372319 -0.85099133 -0.84873051 
6.57933225e-06 -0.85964228 -0.85666288 -0.85372319 -0.85099133 -0.84873051 
5.33669923e-06 -0.85964228 -0.85666288 -0.85372319 -0.85099133 -0.84873051 
4.32876128e-06 -0.85964228 -0.85666288 -0.85372319 -0.85099133 -0.84873051 
3.51119173e-06 -0.85964228 -0.85666288 -0.85372319 -0.85099133 -0.84873051 
2.84803587e-06 -0.85964228 -0.85666288 -0.85372319 -0.85099133 -0.84873051 
2.31012970e-06 -0.85964228 -0.85666288 -0.85372319 -0.85099133 -0.84873051 
1.87381742e-06 -0.85964228 -0.85666288 -0.85372319 -0.85099133 -0.84873051 
1.51991108e-06 -0.85964228 -0.85666288 -0.85372319 -0.85099133 -0.84873051 
1.23284674e-06 -0.85964228 -0.85666288 -0.85372319 -0.85099133 -0.84873051 
1.00000000e-06 -0.85964228 -0.85666288 -0.85372319 -0.85099133 -0.84873051 
8.11130831e-07 -0.85964228 -0.85666288 -0.85372319 -0.85099133 -0.84873051 
6.57933225e-07 -0.85964228 -0.85666288 -0.85372319 -0.85099133 -0.84873051 
5.33669923e-07 -0.85964228 -0.85666288 -0.85372319 -0.85099133 -0.84873051 
4.32876128e-07 -0.85964228 -0.85666288 -0.85372319 -0.85099133 -0.84873051 
3.51119173e-07 -0.85964228 -0.85666288 -0.85372319 -0.85099133 -0.84873051 
2.84803587e-07 -0.85964228 -0.85666288 -0.85372319 -0.85099133 -0.84873051 
2.31012970e-07 -0.85964228 -0.85666288 -0.85372319 -0.85099133 -0.84873051 
1.87381742e-07 -0.85964228 -0.85666288 -0.85372319 -0.85099133 -0.84873051 
1.51991108e-07 -0.85964228 -0.85666288 -0.85372319 -0.85099133 -0.84873051 
1.23284674e-07 -0.85964228 -0.85666288 -0.85372319 -0.85099133 -0.84873051 
1.00000000e-07 -0.85964228 -0.85666288 -0.85372319 -0.85099133 -0.84873051 
P (bar) | log_H2O: -2σ | log_H2O: -1σ | log_H2O: median | log_H2O: +1σ | log_H2O: +2σ 
1.00000000e+02 -1.81788234 -1.68312430 -1.56676509 -1.46699404 -1.40374986 
8.11130831e+01 -1.81788234 -1.68312430 -1.56676509 -1.46699404 -1.40374986 
6.57933225e+01 -1.81788234 -1.68312430 -1.56676509 -1.46699404 -1.40374986 
5.33669923e+01 -1.81788234 -1.68312430 -1.56676509 -1.46699404 -1.40374986 
4.32876128e+01 -1.81788234 -1.68312430 -1.56676509 -1.46699404 -1.40374986 
3.51119173e+01 -1.81788234 -1.68312430 -1.56676509 -1.46699404 -1.40374986 
2.84803587e+01 -1.81788234 -1.68312430 -1.56676509 -1.46699404 -1.40374986 
2.31012970e+01 -1.81788234 -1.68312430 -1.56676509 -1.46699404 -1.40374986 
1.87381742e+01 -1.81788234 -1.68312430 -1.56676509 -1.46699404 -1.40374986 
1.51991108e+01 -1.81788234 -1.68312430 -1.56676509 -1.46699404 -1.40374986 
1.23284674e+01 -1.81788234 -1.68312430 -1.56676509 -1.46699404 -1.40374986 
1.00000000e+01 -1.81788234 -1.68312430 -1.56676509 -1.46699404 -1.40374986 
8.11130831e+00 -1.81788234 -1.68312430 -1.56676509 -1.46699404 -1.40374986 
6.57933225e+00 -1.81788234 -1.68312430 -1.56676509 -1.46699404 -1.40374986 
5.33669923e+00 -1.81788234 -1.68312430 -1.56676509 -1.46699404 -1.40374986 
4.32876128e+00 -1.81788234 -1.68312430 -1.56676509 -1.46699404 -1.40374986 
3.51119173e+00 -1.81788234 -1.68312430 -1.56676509 -1.46699404 -1.40374986 
2.84803587e+00 -1.81788234 -1.68312430 -1.56676509 -1.46699404 -1.40374986 
2.31012970e+00 -1.81788234 -1.68312430 -1.56676509 -1.46699404 -1.40374986 
1.87381742e+00 -1.81788234 -1.68312430 -1.56676509 -1.46699404 -1.40374986 
1.51991108e+00 -1.81788234 -1.68312430 -1.56676509 -1.46699404 -1.40374986 
1.23284674e+00 -1.81788234 -1.68312430 -1.56676509 -1.46699404 -1.40374986 
1.00000000e+00 -1.81788234 -1.68312430 -1.56676509 -1.46699404 -1.40374986 
8.11130831e-01 -1.81788234 -1.68312430 -1.56676509 -1.46699404 -1.40374986 
6.57933225e-01 -1.81788234 -1.68312430 -1.56676509 -1.46699404 -1.40374986 
5.33669923e-01 -1.81788234 -1.68312430 -1.56676509 -1.46699404 -1.40374986 
4.32876128e-01 -1.81788234 -1.68312430 -1.56676509 -1.46699404 -1.40374986 
3.51119173e-01 -1.81788234 -1.68312430 -1.56676509 -1.46699404 -1.40374986 
2.84803587e-01 -1.81788234 -1.68312430 -1.56676509 -1.46699404 -1.40374986 
2.31012970e-01 -1.81788234 -1.68312430 -1.56676509 -1.46699404 -1.40374986 
1.87381742e-01 -1.81788234 -1.68312430 -1.56676509 -1.46699404 -1.40374986 
1.51991108e-01 -1.81788234 -1.68312430 -1.56676509 -1.46699404 -1.40374986 
1.23284674e-01 -1.81788234 -1.68312430 -1.56676509 -1.46699404 -1.40374986 
1.00000000e-01 -1.81788234 -1.68312430 -1.56676509 -1.46699404 -1.40374986 
8.11130831e-02 -1.81788234 -1.68312430 -1.56676509 -1.46699404 -1.40374986 
6.57933225e-02 -1.81788234 -1.68312430 -1.56676509 -1.46699404 -1.40374986 
5.33669923e-02 -1.81788234 -1.68312430 -1.56676509 -1.46699404 -1.40374986 
4.32876128e-02 -1.81788234 -1.68312430 -1.56676509 -1.46699404 -1.40374986 
3.51119173e-02 -1.81788234 -1.68312430 -1.56676509 -1.46699404 -1.40374986 
2.84803587e-02 -1.81788234 -1.68312430 -1.56676509 -1.46699404 -1.40374986 
2.31012970e-02 -1.81788234 -1.68312430 -1.56676509 -1.46699404 -1.40374986 
1.87381742e-02 -1.81788234 -1.68312430 -1.56676509 -1.46699404 -1.40374986 
1.51991108e-02 -1.81788234 -1.68312430 -1.56676509 -1.46699404 -1.40374986 
1.23284674e-02 -1.81788234 -1.68312430 -1.56676509 -1.46699404 -1.40374986 
1.00000000e-02 -1.81788234 -1.68312430 -1.56676509 -1.46699404 -1.40374986 
8.11130831e-03 -1.81788234 -1.68312430 -1.56676509 -1.46699404 -1.40374986 
6.57933225e-03 -1.81788234 -1.68312430 -1.56676509 -1.46699404 -1.40374986 
5.33669923e-03 -1.81788234 -1.68312430 -1.56676509 -1.46699404 -1.40374986 
4.32876128e-03 -1.81788234 -1.68312430 -1.56676509 -1.46699404 -1.40374986 
3.51119173e-03 -1.81788234 -1.68312430 -1.56676509 -1.46699404 -1.40374986 
2.84803587e-03 -1.81788234 -1.68312430 -1.56676509 -1.46699404 -1.40374986 
2.31012970e-03 -1.81788234 -1.68312430 -1.56676509 -1.46699404 -1.40374986 
1.87381742e-03 -1.81788234 -1.68312430 -1.56676509 -1.46699404 -1.40374986 
1.51991108e-03 -1.81788234 -1.68312430 -1.56676509 -1.46699404 -1.40374986 
1.23284674e-03 -1.81788234 -1.68312430 -1.56676509 -1.46699404 -1.40374986 
1.00000000e-03 -1.81788234 -1.68312430 -1.56676509 -1.46699404 -1.40374986 
8.11130831e-04 -1.81788234 -1.68312430 -1.56676509 -1.46699404 -1.40374986 
6.57933225e-04 -1.81788234 -1.68312430 -1.56676509 -1.46699404 -1.40374986 
5.33669923e-04 -1.81788234 -1.68312430 -1.56676509 -1.46699404 -1.40374986 
4.32876128e-04 -1.81788234 -1.68312430 -1.56676509 -1.46699404 -1.40374986 
3.51119173e-04 -1.81788234 -1.68312430 -1.56676509 -1.46699404 -1.40374986 
2.84803587e-04 -1.81788234 -1.68312430 -1.56676509 -1.46699404 -1.40374986 
2.31012970e-04 -1.81788234 -1.68312430 -1.56676509 -1.46699404 -1.40374986 
1.87381742e-04 -1.81788234 -1.68312430 -1.56676509 -1.46699404 -1.40374986 
1.51991108e-04 -1.81788234 -1.68312430 -1.56676509 -1.46699404 -1.40374986 
1.23284674e-04 -1.81788234 -1.68312430 -1.56676509 -1.46699404 -1.40374986 
1.00000000e-04 -1.81788234 -1.68312430 -1.56676509 -1.46699404 -1.40374986 
8.11130831e-05 -1.81788234 -1.68312430 -1.56676509 -1.46699404 -1.40374986 
6.57933225e-05 -1.81788234 -1.68312430 -1.56676509 -1.46699404 -1.40374986 
5.33669923e-05 -1.81788234 -1.68312430 -1.56676509 -1.46699404 -1.40374986 
4.32876128e-05 -1.81788234 -1.68312430 -1.56676509 -1.46699404 -1.40374986 
3.51119173e-05 -1.81788234 -1.68312430 -1.56676509 -1.46699404 -1.40374986 
2.84803587e-05 -1.81788234 -1.68312430 -1.56676509 -1.46699404 -1.40374986 
2.31012970e-05 -1.81788234 -1.68312430 -1.56676509 -1.46699404 -1.40374986 
1.87381742e-05 -1.81788234 -1.68312430 -1.56676509 -1.46699404 -1.40374986 
1.51991108e-05 -1.81788234 -1.68312430 -1.56676509 -1.46699404 -1.40374986 
1.23284674e-05 -1.81788234 -1.68312430 -1.56676509 -1.46699404 -1.40374986 
1.00000000e-05 -1.81788234 -1.68312430 -1.56676509 -1.46699404 -1.40374986 
8.11130831e-06 -1.81788234 -1.68312430 -1.56676509 -1.46699404 -1.40374986 
6.57933225e-06 -1.81788234 -1.68312430 -1.56676509 -1.46699404 -1.40374986 
5.33669923e-06 -1.81788234 -1.68312430 -1.56676509 -1.46699404 -1.40374986 
4.32876128e-06 -1.81788234 -1.68312430 -1.56676509 -1.46699404 -1.40374986 
3.51119173e-06 -1.81788234 -1.68312430 -1.56676509 -1.46699404 -1.40374986 
2.84803587e-06 -1.81788234 -1.68312430 -1.56676509 -1.46699404 -1.40374986 
2.31012970e-06 -1.81788234 -1.68312430 -1.56676509 -1.46699404 -1.40374986 
1.87381742e-06 -1.81788234 -1.68312430 -1.56676509 -1.46699404 -1.40374986 
1.51991108e-06 -1.81788234 -1.68312430 -1.56676509 -1.46699404 -1.40374986 
1.23284674e-06 -1.81788234 -1.68312430 -1.56676509 -1.46699404 -1.40374986 
1.00000000e-06 -1.81788234 -1.68312430 -1.56676509 -1.46699404 -1.40374986 
8.11130831e-07 -1.81788234 -1.68312430 -1.56676509 -1.46699404 -1.40374986 
6.57933225e-07 -1.81788234 -1.68312430 -1.56676509 -1.46699404 -1.40374986 
5.33669923e-07 -1.81788234 -1.68312430 -1.56676509 -1.46699404 -1.40374986 
4.32876128e-07 -1.81788234 -1.68312430 -1.56676509 -1.46699404 -1.40374986 
3.51119173e-07 -1.81788234 -1.68312430 -1.56676509 -1.46699404 -1.40374986 
2.84803587e-07 -1.81788234 -1.68312430 -1.56676509 -1.46699404 -1.40374986 
2.31012970e-07 -1.81788234 -1.68312430 -1.56676509 -1.46699404 -1.40374986 
1.87381742e-07 -1.81788234 -1.68312430 -1.56676509 -1.46699404 -1.40374986 
1.51991108e-07 -1.81788234 -1.68312430 -1.56676509 -1.46699404 -1.40374986 
1.23284674e-07 -1.81788234 -1.68312430 -1.56676509 -1.46699404 -1.40374986 
1.00000000e-07 -1.81788234 -1.68312430 -1.56676509 -1.46699404 -1.40374986 
P (bar) | log_CO2: -2σ | log_CO2: -1σ | log_CO2: median | log_CO2: +1σ | log_CO2: +2σ 
1.00000000e+02 -3.28755300 -3.10323192 -2.93791095 -2.79957136 -2.66693929 
8.11130831e+01 -3.28755300 -3.10323192 -2.93791095 -2.79957136 -2.66693929 
6.57933225e+01 -3.28755300 -3.10323192 -2.93791095 -2.79957136 -2.66693929 
5.33669923e+01 -3.28755300 -3.10323192 -2.93791095 -2.79957136 -2.66693929 
4.32876128e+01 -3.28755300 -3.10323192 -2.93791095 -2.79957136 -2.66693929 
3.51119173e+01 -3.28755300 -3.10323192 -2.93791095 -2.79957136 -2.66693929 
2.84803587e+01 -3.28755300 -3.10323192 -2.93791095 -2.79957136 -2.66693929 
2.31012970e+01 -3.28755300 -3.10323192 -2.93791095 -2.79957136 -2.66693929 
1.87381742e+01 -3.28755300 -3.10323192 -2.93791095 -2.79957136 -2.66693929 
1.51991108e+01 -3.28755300 -3.10323192 -2.93791095 -2.79957136 -2.66693929 
1.23284674e+01 -3.28755300 -3.10323192 -2.93791095 -2.79957136 -2.66693929 
1.00000000e+01 -3.28755300 -3.10323192 -2.93791095 -2.79957136 -2.66693929 
8.11130831e+00 -3.28755300 -3.10323192 -2.93791095 -2.79957136 -2.66693929 
6.57933225e+00 -3.28755300 -3.10323192 -2.93791095 -2.79957136 -2.66693929 
5.33669923e+00 -3.28755300 -3.10323192 -2.93791095 -2.79957136 -2.66693929 
4.32876128e+00 -3.28755300 -3.10323192 -2.93791095 -2.79957136 -2.66693929 
3.51119173e+00 -3.28755300 -3.10323192 -2.93791095 -2.79957136 -2.66693929 
2.84803587e+00 -3.28755300 -3.10323192 -2.93791095 -2.79957136 -2.66693929 
2.31012970e+00 -3.28755300 -3.10323192 -2.93791095 -2.79957136 -2.66693929 
1.87381742e+00 -3.28755300 -3.10323192 -2.93791095 -2.79957136 -2.66693929 
1.51991108e+00 -3.28755300 -3.10323192 -2.93791095 -2.79957136 -2.66693929 
1.23284674e+00 -3.28755300 -3.10323192 -2.93791095 -2.79957136 -2.66693929 
1.00000000e+00 -3.28755300 -3.10323192 -2.93791095 -2.79957136 -2.66693929 
8.11130831e-01 -3.28755300 -3.10323192 -2.93791095 -2.79957136 -2.66693929 
6.57933225e-01 -3.28755300 -3.10323192 -2.93791095 -2.79957136 -2.66693929 
5.33669923e-01 -3.28755300 -3.10323192 -2.93791095 -2.79957136 -2.66693929 
4.32876128e-01 -3.28755300 -3.10323192 -2.93791095 -2.79957136 -2.66693929 
3.51119173e-01 -3.28755300 -3.10323192 -2.93791095 -2.79957136 -2.66693929 
2.84803587e-01 -3.28755300 -3.10323192 -2.93791095 -2.79957136 -2.66693929 
2.31012970e-01 -3.28755300 -3.10323192 -2.93791095 -2.79957136 -2.66693929 
1.87381742e-01 -3.28755300 -3.10323192 -2.93791095 -2.79957136 -2.66693929 
1.51991108e-01 -3.28755300 -3.10323192 -2.93791095 -2.79957136 -2.66693929 
1.23284674e-01 -3.28755300 -3.10323192 -2.93791095 -2.79957136 -2.66693929 
1.00000000e-01 -3.28755300 -3.10323192 -2.93791095 -2.79957136 -2.66693929 
8.11130831e-02 -3.28755300 -3.10323192 -2.93791095 -2.79957136 -2.66693929 
6.57933225e-02 -3.28755300 -3.10323192 -2.93791095 -2.79957136 -2.66693929 
5.33669923e-02 -3.28755300 -3.10323192 -2.93791095 -2.79957136 -2.66693929 
4.32876128e-02 -3.28755300 -3.10323192 -2.93791095 -2.79957136 -2.66693929 
3.51119173e-02 -3.28755300 -3.10323192 -2.93791095 -2.79957136 -2.66693929 
2.84803587e-02 -3.28755300 -3.10323192 -2.93791095 -2.79957136 -2.66693929 
2.31012970e-02 -3.28755300 -3.10323192 -2.93791095 -2.79957136 -2.66693929 
1.87381742e-02 -3.28755300 -3.10323192 -2.93791095 -2.79957136 -2.66693929 
1.51991108e-02 -3.28755300 -3.10323192 -2.93791095 -2.79957136 -2.66693929 
1.23284674e-02 -3.28755300 -3.10323192 -2.93791095 -2.79957136 -2.66693929 
1.00000000e-02 -3.28755300 -3.10323192 -2.93791095 -2.79957136 -2.66693929 
8.11130831e-03 -3.28755300 -3.10323192 -2.93791095 -2.79957136 -2.66693929 
6.57933225e-03 -3.28755300 -3.10323192 -2.93791095 -2.79957136 -2.66693929 
5.33669923e-03 -3.28755300 -3.10323192 -2.93791095 -2.79957136 -2.66693929 
4.32876128e-03 -3.28755300 -3.10323192 -2.93791095 -2.79957136 -2.66693929 
3.51119173e-03 -3.28755300 -3.10323192 -2.93791095 -2.79957136 -2.66693929 
2.84803587e-03 -3.28755300 -3.10323192 -2.93791095 -2.79957136 -2.66693929 
2.31012970e-03 -3.28755300 -3.10323192 -2.93791095 -2.79957136 -2.66693929 
1.87381742e-03 -3.28755300 -3.10323192 -2.93791095 -2.79957136 -2.66693929 
1.51991108e-03 -3.28755300 -3.10323192 -2.93791095 -2.79957136 -2.66693929 
1.23284674e-03 -3.28755300 -3.10323192 -2.93791095 -2.79957136 -2.66693929 
1.00000000e-03 -3.28755300 -3.10323192 -2.93791095 -2.79957136 -2.66693929 
8.11130831e-04 -3.28755300 -3.10323192 -2.93791095 -2.79957136 -2.66693929 
6.57933225e-04 -3.28755300 -3.10323192 -2.93791095 -2.79957136 -2.66693929 
5.33669923e-04 -3.28755300 -3.10323192 -2.93791095 -2.79957136 -2.66693929 
4.32876128e-04 -3.28755300 -3.10323192 -2.93791095 -2.79957136 -2.66693929 
3.51119173e-04 -3.28755300 -3.10323192 -2.93791095 -2.79957136 -2.66693929 
2.84803587e-04 -3.28755300 -3.10323192 -2.93791095 -2.79957136 -2.66693929 
2.31012970e-04 -3.28755300 -3.10323192 -2.93791095 -2.79957136 -2.66693929 
1.87381742e-04 -3.28755300 -3.10323192 -2.93791095 -2.79957136 -2.66693929 
1.51991108e-04 -3.28755300 -3.10323192 -2.93791095 -2.79957136 -2.66693929 
1.23284674e-04 -3.28755300 -3.10323192 -2.93791095 -2.79957136 -2.66693929 
1.00000000e-04 -3.28755300 -3.10323192 -2.93791095 -2.79957136 -2.66693929 
8.11130831e-05 -3.28755300 -3.10323192 -2.93791095 -2.79957136 -2.66693929 
6.57933225e-05 -3.28755300 -3.10323192 -2.93791095 -2.79957136 -2.66693929 
5.33669923e-05 -3.28755300 -3.10323192 -2.93791095 -2.79957136 -2.66693929 
4.32876128e-05 -3.28755300 -3.10323192 -2.93791095 -2.79957136 -2.66693929 
3.51119173e-05 -3.28755300 -3.10323192 -2.93791095 -2.79957136 -2.66693929 
2.84803587e-05 -3.28755300 -3.10323192 -2.93791095 -2.79957136 -2.66693929 
2.31012970e-05 -3.28755300 -3.10323192 -2.93791095 -2.79957136 -2.66693929 
1.87381742e-05 -3.28755300 -3.10323192 -2.93791095 -2.79957136 -2.66693929 
1.51991108e-05 -3.28755300 -3.10323192 -2.93791095 -2.79957136 -2.66693929 
1.23284674e-05 -3.28755300 -3.10323192 -2.93791095 -2.79957136 -2.66693929 
1.00000000e-05 -3.28755300 -3.10323192 -2.93791095 -2.79957136 -2.66693929 
8.11130831e-06 -3.28755300 -3.10323192 -2.93791095 -2.79957136 -2.66693929 
6.57933225e-06 -3.28755300 -3.10323192 -2.93791095 -2.79957136 -2.66693929 
5.33669923e-06 -3.28755300 -3.10323192 -2.93791095 -2.79957136 -2.66693929 
4.32876128e-06 -3.28755300 -3.10323192 -2.93791095 -2.79957136 -2.66693929 
3.51119173e-06 -3.28755300 -3.10323192 -2.93791095 -2.79957136 -2.66693929 
2.84803587e-06 -3.28755300 -3.10323192 -2.93791095 -2.79957136 -2.66693929 
2.31012970e-06 -3.28755300 -3.10323192 -2.93791095 -2.79957136 -2.66693929 
1.87381742e-06 -3.28755300 -3.10323192 -2.93791095 -2.79957136 -2.66693929 
1.51991108e-06 -3.28755300 -3.10323192 -2.93791095 -2.79957136 -2.66693929 
1.23284674e-06 -3.28755300 -3.10323192 -2.93791095 -2.79957136 -2.66693929 
1.00000000e-06 -3.28755300 -3.10323192 -2.93791095 -2.79957136 -2.66693929 
8.11130831e-07 -3.28755300 -3.10323192 -2.93791095 -2.79957136 -2.66693929 
6.57933225e-07 -3.28755300 -3.10323192 -2.93791095 -2.79957136 -2.66693929 
5.33669923e-07 -3.28755300 -3.10323192 -2.93791095 -2.79957136 -2.66693929 
4.32876128e-07 -3.28755300 -3.10323192 -2.93791095 -2.79957136 -2.66693929 
3.51119173e-07 -3.28755300 -3.10323192 -2.93791095 -2.79957136 -2.66693929 
2.84803587e-07 -3.28755300 -3.10323192 -2.93791095 -2.79957136 -2.66693929 
2.31012970e-07 -3.28755300 -3.10323192 -2.93791095 -2.79957136 -2.66693929 
1.87381742e-07 -3.28755300 -3.10323192 -2.93791095 -2.79957136 -2.66693929 
1.51991108e-07 -3.28755300 -3.10323192 -2.93791095 -2.79957136 -2.66693929 
1.23284674e-07 -3.28755300 -3.10323192 -2.93791095 -2.79957136 -2.66693929 
1.00000000e-07 -3.28755300 -3.10323192 -2.93791095 -2.79957136 -2.66693929 
P (bar) | log_SO2: -2σ | log_SO2: -1σ | log_SO2: median | log_SO2: +1σ | log_SO2: +2σ 
1.00000000e+02 -7.90609955 -7.52768234 -6.80146179 -6.20144373 -5.77341788 
8.11130831e+01 -7.90609955 -7.52768234 -6.80146179 -6.20144373 -5.77341788 
6.57933225e+01 -7.90609955 -7.52768234 -6.80146179 -6.20144373 -5.77341788 
5.33669923e+01 -7.90609955 -7.52768234 -6.80146179 -6.20144373 -5.77341788 
4.32876128e+01 -7.90609955 -7.52768234 -6.80146179 -6.20144373 -5.77341788 
3.51119173e+01 -7.90609955 -7.52768234 -6.80146179 -6.20144373 -5.77341788 
2.84803587e+01 -7.90609955 -7.52768234 -6.80146179 -6.20144373 -5.77341788 
2.31012970e+01 -7.90609955 -7.52768234 -6.80146179 -6.20144373 -5.77341788 
1.87381742e+01 -7.90609955 -7.52768234 -6.80146179 -6.20144373 -5.77341788 
1.51991108e+01 -7.90609955 -7.52768234 -6.80146179 -6.20144373 -5.77341788 
1.23284674e+01 -7.90609955 -7.52768234 -6.80146179 -6.20144373 -5.77341788 
1.00000000e+01 -7.90609955 -7.52768234 -6.80146179 -6.20144373 -5.77341788 
8.11130831e+00 -7.90609955 -7.52768234 -6.80146179 -6.20144373 -5.77341788 
6.57933225e+00 -7.90609955 -7.52768234 -6.80146179 -6.20144373 -5.77341788 
5.33669923e+00 -7.90609955 -7.52768234 -6.80146179 -6.20144373 -5.77341788 
4.32876128e+00 -7.90609955 -7.52768234 -6.80146179 -6.20144373 -5.77341788 
3.51119173e+00 -7.90609955 -7.52768234 -6.80146179 -6.20144373 -5.77341788 
2.84803587e+00 -7.90609955 -7.52768234 -6.80146179 -6.20144373 -5.77341788 
2.31012970e+00 -7.90609955 -7.52768234 -6.80146179 -6.20144373 -5.77341788 
1.87381742e+00 -7.90609955 -7.52768234 -6.80146179 -6.20144373 -5.77341788 
1.51991108e+00 -7.90609955 -7.52768234 -6.80146179 -6.20144373 -5.77341788 
1.23284674e+00 -7.90609955 -7.52768234 -6.80146179 -6.20144373 -5.77341788 
1.00000000e+00 -7.90609955 -7.52768234 -6.80146179 -6.20144373 -5.77341788 
8.11130831e-01 -7.90609955 -7.52768234 -6.80146179 -6.20144373 -5.77341788 
6.57933225e-01 -7.90609955 -7.52768234 -6.80146179 -6.20144373 -5.77341788 
5.33669923e-01 -7.90609955 -7.52768234 -6.80146179 -6.20144373 -5.77341788 
4.32876128e-01 -7.90609955 -7.52768234 -6.80146179 -6.20144373 -5.77341788 
3.51119173e-01 -7.90609955 -7.52768234 -6.80146179 -6.20144373 -5.77341788 
2.84803587e-01 -7.90609955 -7.52768234 -6.80146179 -6.20144373 -5.77341788 
2.31012970e-01 -7.90609955 -7.52768234 -6.80146179 -6.20144373 -5.77341788 
1.87381742e-01 -7.90609955 -7.52768234 -6.80146179 -6.20144373 -5.77341788 
1.51991108e-01 -7.90609955 -7.52768234 -6.80146179 -6.20144373 -5.77341788 
1.23284674e-01 -7.90609955 -7.52768234 -6.80146179 -6.20144373 -5.77341788 
1.00000000e-01 -7.90609955 -7.52768234 -6.80146179 -6.20144373 -5.77341788 
8.11130831e-02 -7.90609955 -7.52768234 -6.80146179 -6.20144373 -5.77341788 
6.57933225e-02 -7.90609955 -7.52768234 -6.80146179 -6.20144373 -5.77341788 
5.33669923e-02 -7.90609955 -7.52768234 -6.80146179 -6.20144373 -5.77341788 
4.32876128e-02 -7.90609955 -7.52768234 -6.80146179 -6.20144373 -5.77341788 
3.51119173e-02 -7.90609955 -7.52768234 -6.80146179 -6.20144373 -5.77341788 
2.84803587e-02 -7.90609955 -7.52768234 -6.80146179 -6.20144373 -5.77341788 
2.31012970e-02 -7.90609955 -7.52768234 -6.80146179 -6.20144373 -5.77341788 
1.87381742e-02 -7.90609955 -7.52768234 -6.80146179 -6.20144373 -5.77341788 
1.51991108e-02 -7.90609955 -7.52768234 -6.80146179 -6.20144373 -5.77341788 
1.23284674e-02 -7.90609955 -7.52768234 -6.80146179 -6.20144373 -5.77341788 
1.00000000e-02 -7.90609955 -7.52768234 -6.80146179 -6.20144373 -5.77341788 
8.11130831e-03 -7.90609955 -7.52768234 -6.80146179 -6.20144373 -5.77341788 
6.57933225e-03 -7.90609955 -7.52768234 -6.80146179 -6.20144373 -5.77341788 
5.33669923e-03 -7.90609955 -7.52768234 -6.80146179 -6.20144373 -5.77341788 
4.32876128e-03 -7.90609955 -7.52768234 -6.80146179 -6.20144373 -5.77341788 
3.51119173e-03 -7.90609955 -7.52768234 -6.80146179 -6.20144373 -5.77341788 
2.84803587e-03 -7.90609955 -7.52768234 -6.80146179 -6.20144373 -5.77341788 
2.31012970e-03 -7.90609955 -7.52768234 -6.80146179 -6.20144373 -5.77341788 
1.87381742e-03 -7.90609955 -7.52768234 -6.80146179 -6.20144373 -5.77341788 
1.51991108e-03 -7.90609955 -7.52768234 -6.80146179 -6.20144373 -5.77341788 
1.23284674e-03 -7.90609955 -7.52768234 -6.80146179 -6.20144373 -5.77341788 
1.00000000e-03 -7.90609955 -7.52768234 -6.80146179 -6.20144373 -5.77341788 
8.11130831e-04 -7.90609955 -7.52768234 -6.80146179 -6.20144373 -5.77341788 
6.57933225e-04 -7.90609955 -7.52768234 -6.80146179 -6.20144373 -5.77341788 
5.33669923e-04 -7.90609955 -7.52768234 -6.80146179 -6.20144373 -5.77341788 
4.32876128e-04 -7.90609955 -7.52768234 -6.80146179 -6.20144373 -5.77341788 
3.51119173e-04 -7.90609955 -7.52768234 -6.80146179 -6.20144373 -5.77341788 
2.84803587e-04 -7.90609955 -7.52768234 -6.80146179 -6.20144373 -5.77341788 
2.31012970e-04 -7.90609955 -7.52768234 -6.80146179 -6.20144373 -5.77341788 
1.87381742e-04 -7.90609955 -7.52768234 -6.80146179 -6.20144373 -5.77341788 
1.51991108e-04 -7.90609955 -7.52768234 -6.80146179 -6.20144373 -5.77341788 
1.23284674e-04 -7.90609955 -7.52768234 -6.80146179 -6.20144373 -5.77341788 
1.00000000e-04 -7.90609955 -7.52768234 -6.80146179 -6.20144373 -5.77341788 
8.11130831e-05 -7.90609955 -7.52768234 -6.80146179 -6.20144373 -5.77341788 
6.57933225e-05 -7.90609955 -7.52768234 -6.80146179 -6.20144373 -5.77341788 
5.33669923e-05 -7.90609955 -7.52768234 -6.80146179 -6.20144373 -5.77341788 
4.32876128e-05 -7.90609955 -7.52768234 -6.80146179 -6.20144373 -5.77341788 
3.51119173e-05 -7.90609955 -7.52768234 -6.80146179 -6.20144373 -5.77341788 
2.84803587e-05 -7.90609955 -7.52768234 -6.80146179 -6.20144373 -5.77341788 
2.31012970e-05 -7.90609955 -7.52768234 -6.80146179 -6.20144373 -5.77341788 
1.87381742e-05 -7.90609955 -7.52768234 -6.80146179 -6.20144373 -5.77341788 
1.51991108e-05 -7.90609955 -7.52768234 -6.80146179 -6.20144373 -5.77341788 
1.23284674e-05 -7.90609955 -7.52768234 -6.80146179 -6.20144373 -5.77341788 
1.00000000e-05 -7.90609955 -7.52768234 -6.80146179 -6.20144373 -5.77341788 
8.11130831e-06 -7.90609955 -7.52768234 -6.80146179 -6.20144373 -5.77341788 
6.57933225e-06 -7.90609955 -7.52768234 -6.80146179 -6.20144373 -5.77341788 
5.33669923e-06 -7.90609955 -7.52768234 -6.80146179 -6.20144373 -5.77341788 
4.32876128e-06 -7.90609955 -7.52768234 -6.80146179 -6.20144373 -5.77341788 
3.51119173e-06 -7.90609955 -7.52768234 -6.80146179 -6.20144373 -5.77341788 
2.84803587e-06 -7.90609955 -7.52768234 -6.80146179 -6.20144373 -5.77341788 
2.31012970e-06 -7.90609955 -7.52768234 -6.80146179 -6.20144373 -5.77341788 
1.87381742e-06 -7.90609955 -7.52768234 -6.80146179 -6.20144373 -5.77341788 
1.51991108e-06 -7.90609955 -7.52768234 -6.80146179 -6.20144373 -5.77341788 
1.23284674e-06 -7.90609955 -7.52768234 -6.80146179 -6.20144373 -5.77341788 
1.00000000e-06 -7.90609955 -7.52768234 -6.80146179 -6.20144373 -5.77341788 
8.11130831e-07 -7.90609955 -7.52768234 -6.80146179 -6.20144373 -5.77341788 
6.57933225e-07 -7.90609955 -7.52768234 -6.80146179 -6.20144373 -5.77341788 
5.33669923e-07 -7.90609955 -7.52768234 -6.80146179 -6.20144373 -5.77341788 
4.32876128e-07 -7.90609955 -7.52768234 -6.80146179 -6.20144373 -5.77341788 
3.51119173e-07 -7.90609955 -7.52768234 -6.80146179 -6.20144373 -5.77341788 
2.84803587e-07 -7.90609955 -7.52768234 -6.80146179 -6.20144373 -5.77341788 
2.31012970e-07 -7.90609955 -7.52768234 -6.80146179 -6.20144373 -5.77341788 
1.87381742e-07 -7.90609955 -7.52768234 -6.80146179 -6.20144373 -5.77341788 
1.51991108e-07 -7.90609955 -7.52768234 -6.80146179 -6.20144373 -5.77341788 
1.23284674e-07 -7.90609955 -7.52768234 -6.80146179 -6.20144373 -5.77341788 
1.00000000e-07 -7.90609955 -7.52768234 -6.80146179 -6.20144373 -5.77341788 
P (bar) | log_K: -2σ | log_K: -1σ | log_K: median | log_K: +1σ | log_K: +2σ 
1.00000000e+02 -6.74647246 -6.50375076 -6.28658049 -6.12163091 -6.02996742 
8.11130831e+01 -6.74647246 -6.50375076 -6.28658049 -6.12163091 -6.02996742 
6.57933225e+01 -6.74647246 -6.50375076 -6.28658049 -6.12163091 -6.02996742 
5.33669923e+01 -6.74647246 -6.50375076 -6.28658049 -6.12163091 -6.02996742 
4.32876128e+01 -6.74647246 -6.50375076 -6.28658049 -6.12163091 -6.02996742 
3.51119173e+01 -6.74647246 -6.50375076 -6.28658049 -6.12163091 -6.02996742 
2.84803587e+01 -6.74647246 -6.50375076 -6.28658049 -6.12163091 -6.02996742 
2.31012970e+01 -6.74647246 -6.50375076 -6.28658049 -6.12163091 -6.02996742 
1.87381742e+01 -6.74647246 -6.50375076 -6.28658049 -6.12163091 -6.02996742 
1.51991108e+01 -6.74647246 -6.50375076 -6.28658049 -6.12163091 -6.02996742 
1.23284674e+01 -6.74647246 -6.50375076 -6.28658049 -6.12163091 -6.02996742 
1.00000000e+01 -6.74647246 -6.50375076 -6.28658049 -6.12163091 -6.02996742 
8.11130831e+00 -6.74647246 -6.50375076 -6.28658049 -6.12163091 -6.02996742 
6.57933225e+00 -6.74647246 -6.50375076 -6.28658049 -6.12163091 -6.02996742 
5.33669923e+00 -6.74647246 -6.50375076 -6.28658049 -6.12163091 -6.02996742 
4.32876128e+00 -6.74647246 -6.50375076 -6.28658049 -6.12163091 -6.02996742 
3.51119173e+00 -6.74647246 -6.50375076 -6.28658049 -6.12163091 -6.02996742 
2.84803587e+00 -6.74647246 -6.50375076 -6.28658049 -6.12163091 -6.02996742 
2.31012970e+00 -6.74647246 -6.50375076 -6.28658049 -6.12163091 -6.02996742 
1.87381742e+00 -6.74647246 -6.50375076 -6.28658049 -6.12163091 -6.02996742 
1.51991108e+00 -6.74647246 -6.50375076 -6.28658049 -6.12163091 -6.02996742 
1.23284674e+00 -6.74647246 -6.50375076 -6.28658049 -6.12163091 -6.02996742 
1.00000000e+00 -6.74647246 -6.50375076 -6.28658049 -6.12163091 -6.02996742 
8.11130831e-01 -6.74647246 -6.50375076 -6.28658049 -6.12163091 -6.02996742 
6.57933225e-01 -6.74647246 -6.50375076 -6.28658049 -6.12163091 -6.02996742 
5.33669923e-01 -6.74647246 -6.50375076 -6.28658049 -6.12163091 -6.02996742 
4.32876128e-01 -6.74647246 -6.50375076 -6.28658049 -6.12163091 -6.02996742 
3.51119173e-01 -6.74647246 -6.50375076 -6.28658049 -6.12163091 -6.02996742 
2.84803587e-01 -6.74647246 -6.50375076 -6.28658049 -6.12163091 -6.02996742 
2.31012970e-01 -6.74647246 -6.50375076 -6.28658049 -6.12163091 -6.02996742 
1.87381742e-01 -6.74647246 -6.50375076 -6.28658049 -6.12163091 -6.02996742 
1.51991108e-01 -6.74647246 -6.50375076 -6.28658049 -6.12163091 -6.02996742 
1.23284674e-01 -6.74647246 -6.50375076 -6.28658049 -6.12163091 -6.02996742 
1.00000000e-01 -6.74647246 -6.50375076 -6.28658049 -6.12163091 -6.02996742 
8.11130831e-02 -6.74647246 -6.50375076 -6.28658049 -6.12163091 -6.02996742 
6.57933225e-02 -6.74647246 -6.50375076 -6.28658049 -6.12163091 -6.02996742 
5.33669923e-02 -6.74647246 -6.50375076 -6.28658049 -6.12163091 -6.02996742 
4.32876128e-02 -6.74647246 -6.50375076 -6.28658049 -6.12163091 -6.02996742 
3.51119173e-02 -6.74647246 -6.50375076 -6.28658049 -6.12163091 -6.02996742 
2.84803587e-02 -6.74647246 -6.50375076 -6.28658049 -6.12163091 -6.02996742 
2.31012970e-02 -6.74647246 -6.50375076 -6.28658049 -6.12163091 -6.02996742 
1.87381742e-02 -6.74647246 -6.50375076 -6.28658049 -6.12163091 -6.02996742 
1.51991108e-02 -6.74647246 -6.50375076 -6.28658049 -6.12163091 -6.02996742 
1.23284674e-02 -6.74647246 -6.50375076 -6.28658049 -6.12163091 -6.02996742 
1.00000000e-02 -6.74647246 -6.50375076 -6.28658049 -6.12163091 -6.02996742 
8.11130831e-03 -6.74647246 -6.50375076 -6.28658049 -6.12163091 -6.02996742 
6.57933225e-03 -6.74647246 -6.50375076 -6.28658049 -6.12163091 -6.02996742 
5.33669923e-03 -6.74647246 -6.50375076 -6.28658049 -6.12163091 -6.02996742 
4.32876128e-03 -6.74647246 -6.50375076 -6.28658049 -6.12163091 -6.02996742 
3.51119173e-03 -6.74647246 -6.50375076 -6.28658049 -6.12163091 -6.02996742 
2.84803587e-03 -6.74647246 -6.50375076 -6.28658049 -6.12163091 -6.02996742 
2.31012970e-03 -6.74647246 -6.50375076 -6.28658049 -6.12163091 -6.02996742 
1.87381742e-03 -6.74647246 -6.50375076 -6.28658049 -6.12163091 -6.02996742 
1.51991108e-03 -6.74647246 -6.50375076 -6.28658049 -6.12163091 -6.02996742 
1.23284674e-03 -6.74647246 -6.50375076 -6.28658049 -6.12163091 -6.02996742 
1.00000000e-03 -6.74647246 -6.50375076 -6.28658049 -6.12163091 -6.02996742 
8.11130831e-04 -6.74647246 -6.50375076 -6.28658049 -6.12163091 -6.02996742 
6.57933225e-04 -6.74647246 -6.50375076 -6.28658049 -6.12163091 -6.02996742 
5.33669923e-04 -6.74647246 -6.50375076 -6.28658049 -6.12163091 -6.02996742 
4.32876128e-04 -6.74647246 -6.50375076 -6.28658049 -6.12163091 -6.02996742 
3.51119173e-04 -6.74647246 -6.50375076 -6.28658049 -6.12163091 -6.02996742 
2.84803587e-04 -6.74647246 -6.50375076 -6.28658049 -6.12163091 -6.02996742 
2.31012970e-04 -6.74647246 -6.50375076 -6.28658049 -6.12163091 -6.02996742 
1.87381742e-04 -6.74647246 -6.50375076 -6.28658049 -6.12163091 -6.02996742 
1.51991108e-04 -6.74647246 -6.50375076 -6.28658049 -6.12163091 -6.02996742 
1.23284674e-04 -6.74647246 -6.50375076 -6.28658049 -6.12163091 -6.02996742 
1.00000000e-04 -6.74647246 -6.50375076 -6.28658049 -6.12163091 -6.02996742 
8.11130831e-05 -6.74647246 -6.50375076 -6.28658049 -6.12163091 -6.02996742 
6.57933225e-05 -6.74647246 -6.50375076 -6.28658049 -6.12163091 -6.02996742 
5.33669923e-05 -6.74647246 -6.50375076 -6.28658049 -6.12163091 -6.02996742 
4.32876128e-05 -6.74647246 -6.50375076 -6.28658049 -6.12163091 -6.02996742 
3.51119173e-05 -6.74647246 -6.50375076 -6.28658049 -6.12163091 -6.02996742 
2.84803587e-05 -6.74647246 -6.50375076 -6.28658049 -6.12163091 -6.02996742 
2.31012970e-05 -6.74647246 -6.50375076 -6.28658049 -6.12163091 -6.02996742 
1.87381742e-05 -6.74647246 -6.50375076 -6.28658049 -6.12163091 -6.02996742 
1.51991108e-05 -6.74647246 -6.50375076 -6.28658049 -6.12163091 -6.02996742 
1.23284674e-05 -6.74647246 -6.50375076 -6.28658049 -6.12163091 -6.02996742 
1.00000000e-05 -6.74647246 -6.50375076 -6.28658049 -6.12163091 -6.02996742 
8.11130831e-06 -6.74647246 -6.50375076 -6.28658049 -6.12163091 -6.02996742 
6.57933225e-06 -6.74647246 -6.50375076 -6.28658049 -6.12163091 -6.02996742 
5.33669923e-06 -6.74647246 -6.50375076 -6.28658049 -6.12163091 -6.02996742 
4.32876128e-06 -6.74647246 -6.50375076 -6.28658049 -6.12163091 -6.02996742 
3.51119173e-06 -6.74647246 -6.50375076 -6.28658049 -6.12163091 -6.02996742 
2.84803587e-06 -6.74647246 -6.50375076 -6.28658049 -6.12163091 -6.02996742 
2.31012970e-06 -6.74647246 -6.50375076 -6.28658049 -6.12163091 -6.02996742 
1.87381742e-06 -6.74647246 -6.50375076 -6.28658049 -6.12163091 -6.02996742 
1.51991108e-06 -6.74647246 -6.50375076 -6.28658049 -6.12163091 -6.02996742 
1.23284674e-06 -6.74647246 -6.50375076 -6.28658049 -6.12163091 -6.02996742 
1.00000000e-06 -6.74647246 -6.50375076 -6.28658049 -6.12163091 -6.02996742 
8.11130831e-07 -6.74647246 -6.50375076 -6.28658049 -6.12163091 -6.02996742 
6.57933225e-07 -6.74647246 -6.50375076 -6.28658049 -6.12163091 -6.02996742 
5.33669923e-07 -6.74647246 -6.50375076 -6.28658049 -6.12163091 -6.02996742 
4.32876128e-07 -6.74647246 -6.50375076 -6.28658049 -6.12163091 -6.02996742 
3.51119173e-07 -6.74647246 -6.50375076 -6.28658049 -6.12163091 -6.02996742 
2.84803587e-07 -6.74647246 -6.50375076 -6.28658049 -6.12163091 -6.02996742 
2.31012970e-07 -6.74647246 -6.50375076 -6.28658049 -6.12163091 -6.02996742 
1.87381742e-07 -6.74647246 -6.50375076 -6.28658049 -6.12163091 -6.02996742 
1.51991108e-07 -6.74647246 -6.50375076 -6.28658049 -6.12163091 -6.02996742 
1.23284674e-07 -6.74647246 -6.50375076 -6.28658049 -6.12163091 -6.02996742 
1.00000000e-07 -6.74647246 -6.50375076 -6.28658049 -6.12163091 -6.02996742 
P (bar) | log_CO: -2σ | log_CO: -1σ | log_CO: median | log_CO: +1σ | log_CO: +2σ 
1.00000000e+02 -2.85043978 -2.47589990 -2.14207530 -1.91067433 -1.74175163 
8.11130831e+01 -2.85043978 -2.47589990 -2.14207530 -1.91067433 -1.74175163 
6.57933225e+01 -2.85043978 -2.47589990 -2.14207530 -1.91067433 -1.74175163 
5.33669923e+01 -2.85043978 -2.47589990 -2.14207530 -1.91067433 -1.74175163 
4.32876128e+01 -2.85043978 -2.47589990 -2.14207530 -1.91067433 -1.74175163 
3.51119173e+01 -2.85043978 -2.47589990 -2.14207530 -1.91067433 -1.74175163 
2.84803587e+01 -2.85043978 -2.47589990 -2.14207530 -1.91067433 -1.74175163 
2.31012970e+01 -2.85043978 -2.47589990 -2.14207530 -1.91067433 -1.74175163 
1.87381742e+01 -2.85043978 -2.47589990 -2.14207530 -1.91067433 -1.74175163 
1.51991108e+01 -2.85043978 -2.47589990 -2.14207530 -1.91067433 -1.74175163 
1.23284674e+01 -2.85043978 -2.47589990 -2.14207530 -1.91067433 -1.74175163 
1.00000000e+01 -2.85043978 -2.47589990 -2.14207530 -1.91067433 -1.74175163 
8.11130831e+00 -2.85043978 -2.47589990 -2.14207530 -1.91067433 -1.74175163 
6.57933225e+00 -2.85043978 -2.47589990 -2.14207530 -1.91067433 -1.74175163 
5.33669923e+00 -2.85043978 -2.47589990 -2.14207530 -1.91067433 -1.74175163 
4.32876128e+00 -2.85043978 -2.47589990 -2.14207530 -1.91067433 -1.74175163 
3.51119173e+00 -2.85043978 -2.47589990 -2.14207530 -1.91067433 -1.74175163 
2.84803587e+00 -2.85043978 -2.47589990 -2.14207530 -1.91067433 -1.74175163 
2.31012970e+00 -2.85043978 -2.47589990 -2.14207530 -1.91067433 -1.74175163 
1.87381742e+00 -2.85043978 -2.47589990 -2.14207530 -1.91067433 -1.74175163 
1.51991108e+00 -2.85043978 -2.47589990 -2.14207530 -1.91067433 -1.74175163 
1.23284674e+00 -2.85043978 -2.47589990 -2.14207530 -1.91067433 -1.74175163 
1.00000000e+00 -2.85043978 -2.47589990 -2.14207530 -1.91067433 -1.74175163 
8.11130831e-01 -2.85043978 -2.47589990 -2.14207530 -1.91067433 -1.74175163 
6.57933225e-01 -2.85043978 -2.47589990 -2.14207530 -1.91067433 -1.74175163 
5.33669923e-01 -2.85043978 -2.47589990 -2.14207530 -1.91067433 -1.74175163 
4.32876128e-01 -2.85043978 -2.47589990 -2.14207530 -1.91067433 -1.74175163 
3.51119173e-01 -2.85043978 -2.47589990 -2.14207530 -1.91067433 -1.74175163 
2.84803587e-01 -2.85043978 -2.47589990 -2.14207530 -1.91067433 -1.74175163 
2.31012970e-01 -2.85043978 -2.47589990 -2.14207530 -1.91067433 -1.74175163 
1.87381742e-01 -2.85043978 -2.47589990 -2.14207530 -1.91067433 -1.74175163 
1.51991108e-01 -2.85043978 -2.47589990 -2.14207530 -1.91067433 -1.74175163 
1.23284674e-01 -2.85043978 -2.47589990 -2.14207530 -1.91067433 -1.74175163 
1.00000000e-01 -2.85043978 -2.47589990 -2.14207530 -1.91067433 -1.74175163 
8.11130831e-02 -2.85043978 -2.47589990 -2.14207530 -1.91067433 -1.74175163 
6.57933225e-02 -2.85043978 -2.47589990 -2.14207530 -1.91067433 -1.74175163 
5.33669923e-02 -2.85043978 -2.47589990 -2.14207530 -1.91067433 -1.74175163 
4.32876128e-02 -2.85043978 -2.47589990 -2.14207530 -1.91067433 -1.74175163 
3.51119173e-02 -2.85043978 -2.47589990 -2.14207530 -1.91067433 -1.74175163 
2.84803587e-02 -2.85043978 -2.47589990 -2.14207530 -1.91067433 -1.74175163 
2.31012970e-02 -2.85043978 -2.47589990 -2.14207530 -1.91067433 -1.74175163 
1.87381742e-02 -2.85043978 -2.47589990 -2.14207530 -1.91067433 -1.74175163 
1.51991108e-02 -2.85043978 -2.47589990 -2.14207530 -1.91067433 -1.74175163 
1.23284674e-02 -2.85043978 -2.47589990 -2.14207530 -1.91067433 -1.74175163 
1.00000000e-02 -2.85043978 -2.47589990 -2.14207530 -1.91067433 -1.74175163 
8.11130831e-03 -2.85043978 -2.47589990 -2.14207530 -1.91067433 -1.74175163 
6.57933225e-03 -2.85043978 -2.47589990 -2.14207530 -1.91067433 -1.74175163 
5.33669923e-03 -2.85043978 -2.47589990 -2.14207530 -1.91067433 -1.74175163 
4.32876128e-03 -2.85043978 -2.47589990 -2.14207530 -1.91067433 -1.74175163 
3.51119173e-03 -2.85043978 -2.47589990 -2.14207530 -1.91067433 -1.74175163 
2.84803587e-03 -2.85043978 -2.47589990 -2.14207530 -1.91067433 -1.74175163 
2.31012970e-03 -2.85043978 -2.47589990 -2.14207530 -1.91067433 -1.74175163 
1.87381742e-03 -2.85043978 -2.47589990 -2.14207530 -1.91067433 -1.74175163 
1.51991108e-03 -2.85043978 -2.47589990 -2.14207530 -1.91067433 -1.74175163 
1.23284674e-03 -2.85043978 -2.47589990 -2.14207530 -1.91067433 -1.74175163 
1.00000000e-03 -2.85043978 -2.47589990 -2.14207530 -1.91067433 -1.74175163 
8.11130831e-04 -2.85043978 -2.47589990 -2.14207530 -1.91067433 -1.74175163 
6.57933225e-04 -2.85043978 -2.47589990 -2.14207530 -1.91067433 -1.74175163 
5.33669923e-04 -2.85043978 -2.47589990 -2.14207530 -1.91067433 -1.74175163 
4.32876128e-04 -2.85043978 -2.47589990 -2.14207530 -1.91067433 -1.74175163 
3.51119173e-04 -2.85043978 -2.47589990 -2.14207530 -1.91067433 -1.74175163 
2.84803587e-04 -2.85043978 -2.47589990 -2.14207530 -1.91067433 -1.74175163 
2.31012970e-04 -2.85043978 -2.47589990 -2.14207530 -1.91067433 -1.74175163 
1.87381742e-04 -2.85043978 -2.47589990 -2.14207530 -1.91067433 -1.74175163 
1.51991108e-04 -2.85043978 -2.47589990 -2.14207530 -1.91067433 -1.74175163 
1.23284674e-04 -2.85043978 -2.47589990 -2.14207530 -1.91067433 -1.74175163 
1.00000000e-04 -2.85043978 -2.47589990 -2.14207530 -1.91067433 -1.74175163 
8.11130831e-05 -2.85043978 -2.47589990 -2.14207530 -1.91067433 -1.74175163 
6.57933225e-05 -2.85043978 -2.47589990 -2.14207530 -1.91067433 -1.74175163 
5.33669923e-05 -2.85043978 -2.47589990 -2.14207530 -1.91067433 -1.74175163 
4.32876128e-05 -2.85043978 -2.47589990 -2.14207530 -1.91067433 -1.74175163 
3.51119173e-05 -2.85043978 -2.47589990 -2.14207530 -1.91067433 -1.74175163 
2.84803587e-05 -2.85043978 -2.47589990 -2.14207530 -1.91067433 -1.74175163 
2.31012970e-05 -2.85043978 -2.47589990 -2.14207530 -1.91067433 -1.74175163 
1.87381742e-05 -2.85043978 -2.47589990 -2.14207530 -1.91067433 -1.74175163 
1.51991108e-05 -2.85043978 -2.47589990 -2.14207530 -1.91067433 -1.74175163 
1.23284674e-05 -2.85043978 -2.47589990 -2.14207530 -1.91067433 -1.74175163 
1.00000000e-05 -2.85043978 -2.47589990 -2.14207530 -1.91067433 -1.74175163 
8.11130831e-06 -2.85043978 -2.47589990 -2.14207530 -1.91067433 -1.74175163 
6.57933225e-06 -2.85043978 -2.47589990 -2.14207530 -1.91067433 -1.74175163 
5.33669923e-06 -2.85043978 -2.47589990 -2.14207530 -1.91067433 -1.74175163 
4.32876128e-06 -2.85043978 -2.47589990 -2.14207530 -1.91067433 -1.74175163 
3.51119173e-06 -2.85043978 -2.47589990 -2.14207530 -1.91067433 -1.74175163 
2.84803587e-06 -2.85043978 -2.47589990 -2.14207530 -1.91067433 -1.74175163 
2.31012970e-06 -2.85043978 -2.47589990 -2.14207530 -1.91067433 -1.74175163 
1.87381742e-06 -2.85043978 -2.47589990 -2.14207530 -1.91067433 -1.74175163 
1.51991108e-06 -2.85043978 -2.47589990 -2.14207530 -1.91067433 -1.74175163 
1.23284674e-06 -2.85043978 -2.47589990 -2.14207530 -1.91067433 -1.74175163 
1.00000000e-06 -2.85043978 -2.47589990 -2.14207530 -1.91067433 -1.74175163 
8.11130831e-07 -2.85043978 -2.47589990 -2.14207530 -1.91067433 -1.74175163 
6.57933225e-07 -2.85043978 -2.47589990 -2.14207530 -1.91067433 -1.74175163 
5.33669923e-07 -2.85043978 -2.47589990 -2.14207530 -1.91067433 -1.74175163 
4.32876128e-07 -2.85043978 -2.47589990 -2.14207530 -1.91067433 -1.74175163 
3.51119173e-07 -2.85043978 -2.47589990 -2.14207530 -1.91067433 -1.74175163 
2.84803587e-07 -2.85043978 -2.47589990 -2.14207530 -1.91067433 -1.74175163 
2.31012970e-07 -2.85043978 -2.47589990 -2.14207530 -1.91067433 -1.74175163 
1.87381742e-07 -2.85043978 -2.47589990 -2.14207530 -1.91067433 -1.74175163 
1.51991108e-07 -2.85043978 -2.47589990 -2.14207530 -1.91067433 -1.74175163 
1.23284674e-07 -2.85043978 -2.47589990 -2.14207530 -1.91067433 -1.74175163 
1.00000000e-07 -2.85043978 -2.47589990 -2.14207530 -1.91067433 -1.74175163 
P (bar) | log_Na: -2σ | log_Na: -1σ | log_Na: median | log_Na: +1σ | log_Na: +2σ 
1.00000000e+02 -4.71682021 -4.50753058 -4.31989561 -4.17420314 -4.07539945 
8.11130831e+01 -4.71682021 -4.50753058 -4.31989561 -4.17420314 -4.07539945 
6.57933225e+01 -4.71682021 -4.50753058 -4.31989561 -4.17420314 -4.07539945 
5.33669923e+01 -4.71682021 -4.50753058 -4.31989561 -4.17420314 -4.07539945 
4.32876128e+01 -4.71682021 -4.50753058 -4.31989561 -4.17420314 -4.07539945 
3.51119173e+01 -4.71682021 -4.50753058 -4.31989561 -4.17420314 -4.07539945 
2.84803587e+01 -4.71682021 -4.50753058 -4.31989561 -4.17420314 -4.07539945 
2.31012970e+01 -4.71682021 -4.50753058 -4.31989561 -4.17420314 -4.07539945 
1.87381742e+01 -4.71682021 -4.50753058 -4.31989561 -4.17420314 -4.07539945 
1.51991108e+01 -4.71682021 -4.50753058 -4.31989561 -4.17420314 -4.07539945 
1.23284674e+01 -4.71682021 -4.50753058 -4.31989561 -4.17420314 -4.07539945 
1.00000000e+01 -4.71682021 -4.50753058 -4.31989561 -4.17420314 -4.07539945 
8.11130831e+00 -4.71682021 -4.50753058 -4.31989561 -4.17420314 -4.07539945 
6.57933225e+00 -4.71682021 -4.50753058 -4.31989561 -4.17420314 -4.07539945 
5.33669923e+00 -4.71682021 -4.50753058 -4.31989561 -4.17420314 -4.07539945 
4.32876128e+00 -4.71682021 -4.50753058 -4.31989561 -4.17420314 -4.07539945 
3.51119173e+00 -4.71682021 -4.50753058 -4.31989561 -4.17420314 -4.07539945 
2.84803587e+00 -4.71682021 -4.50753058 -4.31989561 -4.17420314 -4.07539945 
2.31012970e+00 -4.71682021 -4.50753058 -4.31989561 -4.17420314 -4.07539945 
1.87381742e+00 -4.71682021 -4.50753058 -4.31989561 -4.17420314 -4.07539945 
1.51991108e+00 -4.71682021 -4.50753058 -4.31989561 -4.17420314 -4.07539945 
1.23284674e+00 -4.71682021 -4.50753058 -4.31989561 -4.17420314 -4.07539945 
1.00000000e+00 -4.71682021 -4.50753058 -4.31989561 -4.17420314 -4.07539945 
8.11130831e-01 -4.71682021 -4.50753058 -4.31989561 -4.17420314 -4.07539945 
6.57933225e-01 -4.71682021 -4.50753058 -4.31989561 -4.17420314 -4.07539945 
5.33669923e-01 -4.71682021 -4.50753058 -4.31989561 -4.17420314 -4.07539945 
4.32876128e-01 -4.71682021 -4.50753058 -4.31989561 -4.17420314 -4.07539945 
3.51119173e-01 -4.71682021 -4.50753058 -4.31989561 -4.17420314 -4.07539945 
2.84803587e-01 -4.71682021 -4.50753058 -4.31989561 -4.17420314 -4.07539945 
2.31012970e-01 -4.71682021 -4.50753058 -4.31989561 -4.17420314 -4.07539945 
1.87381742e-01 -4.71682021 -4.50753058 -4.31989561 -4.17420314 -4.07539945 
1.51991108e-01 -4.71682021 -4.50753058 -4.31989561 -4.17420314 -4.07539945 
1.23284674e-01 -4.71682021 -4.50753058 -4.31989561 -4.17420314 -4.07539945 
1.00000000e-01 -4.71682021 -4.50753058 -4.31989561 -4.17420314 -4.07539945 
8.11130831e-02 -4.71682021 -4.50753058 -4.31989561 -4.17420314 -4.07539945 
6.57933225e-02 -4.71682021 -4.50753058 -4.31989561 -4.17420314 -4.07539945 
5.33669923e-02 -4.71682021 -4.50753058 -4.31989561 -4.17420314 -4.07539945 
4.32876128e-02 -4.71682021 -4.50753058 -4.31989561 -4.17420314 -4.07539945 
3.51119173e-02 -4.71682021 -4.50753058 -4.31989561 -4.17420314 -4.07539945 
2.84803587e-02 -4.71682021 -4.50753058 -4.31989561 -4.17420314 -4.07539945 
2.31012970e-02 -4.71682021 -4.50753058 -4.31989561 -4.17420314 -4.07539945 
1.87381742e-02 -4.71682021 -4.50753058 -4.31989561 -4.17420314 -4.07539945 
1.51991108e-02 -4.71682021 -4.50753058 -4.31989561 -4.17420314 -4.07539945 
1.23284674e-02 -4.71682021 -4.50753058 -4.31989561 -4.17420314 -4.07539945 
1.00000000e-02 -4.71682021 -4.50753058 -4.31989561 -4.17420314 -4.07539945 
8.11130831e-03 -4.71682021 -4.50753058 -4.31989561 -4.17420314 -4.07539945 
6.57933225e-03 -4.71682021 -4.50753058 -4.31989561 -4.17420314 -4.07539945 
5.33669923e-03 -4.71682021 -4.50753058 -4.31989561 -4.17420314 -4.07539945 
4.32876128e-03 -4.71682021 -4.50753058 -4.31989561 -4.17420314 -4.07539945 
3.51119173e-03 -4.71682021 -4.50753058 -4.31989561 -4.17420314 -4.07539945 
2.84803587e-03 -4.71682021 -4.50753058 -4.31989561 -4.17420314 -4.07539945 
2.31012970e-03 -4.71682021 -4.50753058 -4.31989561 -4.17420314 -4.07539945 
1.87381742e-03 -4.71682021 -4.50753058 -4.31989561 -4.17420314 -4.07539945 
1.51991108e-03 -4.71682021 -4.50753058 -4.31989561 -4.17420314 -4.07539945 
1.23284674e-03 -4.71682021 -4.50753058 -4.31989561 -4.17420314 -4.07539945 
1.00000000e-03 -4.71682021 -4.50753058 -4.31989561 -4.17420314 -4.07539945 
8.11130831e-04 -4.71682021 -4.50753058 -4.31989561 -4.17420314 -4.07539945 
6.57933225e-04 -4.71682021 -4.50753058 -4.31989561 -4.17420314 -4.07539945 
5.33669923e-04 -4.71682021 -4.50753058 -4.31989561 -4.17420314 -4.07539945 
4.32876128e-04 -4.71682021 -4.50753058 -4.31989561 -4.17420314 -4.07539945 
3.51119173e-04 -4.71682021 -4.50753058 -4.31989561 -4.17420314 -4.07539945 
2.84803587e-04 -4.71682021 -4.50753058 -4.31989561 -4.17420314 -4.07539945 
2.31012970e-04 -4.71682021 -4.50753058 -4.31989561 -4.17420314 -4.07539945 
1.87381742e-04 -4.71682021 -4.50753058 -4.31989561 -4.17420314 -4.07539945 
1.51991108e-04 -4.71682021 -4.50753058 -4.31989561 -4.17420314 -4.07539945 
1.23284674e-04 -4.71682021 -4.50753058 -4.31989561 -4.17420314 -4.07539945 
1.00000000e-04 -4.71682021 -4.50753058 -4.31989561 -4.17420314 -4.07539945 
8.11130831e-05 -4.71682021 -4.50753058 -4.31989561 -4.17420314 -4.07539945 
6.57933225e-05 -4.71682021 -4.50753058 -4.31989561 -4.17420314 -4.07539945 
5.33669923e-05 -4.71682021 -4.50753058 -4.31989561 -4.17420314 -4.07539945 
4.32876128e-05 -4.71682021 -4.50753058 -4.31989561 -4.17420314 -4.07539945 
3.51119173e-05 -4.71682021 -4.50753058 -4.31989561 -4.17420314 -4.07539945 
2.84803587e-05 -4.71682021 -4.50753058 -4.31989561 -4.17420314 -4.07539945 
2.31012970e-05 -4.71682021 -4.50753058 -4.31989561 -4.17420314 -4.07539945 
1.87381742e-05 -4.71682021 -4.50753058 -4.31989561 -4.17420314 -4.07539945 
1.51991108e-05 -4.71682021 -4.50753058 -4.31989561 -4.17420314 -4.07539945 
1.23284674e-05 -4.71682021 -4.50753058 -4.31989561 -4.17420314 -4.07539945 
1.00000000e-05 -4.71682021 -4.50753058 -4.31989561 -4.17420314 -4.07539945 
8.11130831e-06 -4.71682021 -4.50753058 -4.31989561 -4.17420314 -4.07539945 
6.57933225e-06 -4.71682021 -4.50753058 -4.31989561 -4.17420314 -4.07539945 
5.33669923e-06 -4.71682021 -4.50753058 -4.31989561 -4.17420314 -4.07539945 
4.32876128e-06 -4.71682021 -4.50753058 -4.31989561 -4.17420314 -4.07539945 
3.51119173e-06 -4.71682021 -4.50753058 -4.31989561 -4.17420314 -4.07539945 
2.84803587e-06 -4.71682021 -4.50753058 -4.31989561 -4.17420314 -4.07539945 
2.31012970e-06 -4.71682021 -4.50753058 -4.31989561 -4.17420314 -4.07539945 
1.87381742e-06 -4.71682021 -4.50753058 -4.31989561 -4.17420314 -4.07539945 
1.51991108e-06 -4.71682021 -4.50753058 -4.31989561 -4.17420314 -4.07539945 
1.23284674e-06 -4.71682021 -4.50753058 -4.31989561 -4.17420314 -4.07539945 
1.00000000e-06 -4.71682021 -4.50753058 -4.31989561 -4.17420314 -4.07539945 
8.11130831e-07 -4.71682021 -4.50753058 -4.31989561 -4.17420314 -4.07539945 
6.57933225e-07 -4.71682021 -4.50753058 -4.31989561 -4.17420314 -4.07539945 
5.33669923e-07 -4.71682021 -4.50753058 -4.31989561 -4.17420314 -4.07539945 
4.32876128e-07 -4.71682021 -4.50753058 -4.31989561 -4.17420314 -4.07539945 
3.51119173e-07 -4.71682021 -4.50753058 -4.31989561 -4.17420314 -4.07539945 
2.84803587e-07 -4.71682021 -4.50753058 -4.31989561 -4.17420314 -4.07539945 
2.31012970e-07 -4.71682021 -4.50753058 -4.31989561 -4.17420314 -4.07539945 
1.87381742e-07 -4.71682021 -4.50753058 -4.31989561 -4.17420314 -4.07539945 
1.51991108e-07 -4.71682021 -4.50753058 -4.31989561 -4.17420314 -4.07539945 
1.23284674e-07 -4.71682021 -4.50753058 -4.31989561 -4.17420314 -4.07539945 
1.00000000e-07 -4.71682021 -4.50753058 -4.31989561 -4.17420314 -4.07539945 
P (bar) | log_CH4: -2σ | log_CH4: -1σ | log_CH4: median | log_CH4: +1σ | log_CH4: +2σ 
1.00000000e+02 -8.95373863 -8.62613425 -7.84196561 -7.01136139 -6.37635028 
8.11130831e+01 -8.95373863 -8.62613425 -7.84196561 -7.01136139 -6.37635028 
6.57933225e+01 -8.95373863 -8.62613425 -7.84196561 -7.01136139 -6.37635028 
5.33669923e+01 -8.95373863 -8.62613425 -7.84196561 -7.01136139 -6.37635028 
4.32876128e+01 -8.95373863 -8.62613425 -7.84196561 -7.01136139 -6.37635028 
3.51119173e+01 -8.95373863 -8.62613425 -7.84196561 -7.01136139 -6.37635028 
2.84803587e+01 -8.95373863 -8.62613425 -7.84196561 -7.01136139 -6.37635028 
2.31012970e+01 -8.95373863 -8.62613425 -7.84196561 -7.01136139 -6.37635028 
1.87381742e+01 -8.95373863 -8.62613425 -7.84196561 -7.01136139 -6.37635028 
1.51991108e+01 -8.95373863 -8.62613425 -7.84196561 -7.01136139 -6.37635028 
1.23284674e+01 -8.95373863 -8.62613425 -7.84196561 -7.01136139 -6.37635028 
1.00000000e+01 -8.95373863 -8.62613425 -7.84196561 -7.01136139 -6.37635028 
8.11130831e+00 -8.95373863 -8.62613425 -7.84196561 -7.01136139 -6.37635028 
6.57933225e+00 -8.95373863 -8.62613425 -7.84196561 -7.01136139 -6.37635028 
5.33669923e+00 -8.95373863 -8.62613425 -7.84196561 -7.01136139 -6.37635028 
4.32876128e+00 -8.95373863 -8.62613425 -7.84196561 -7.01136139 -6.37635028 
3.51119173e+00 -8.95373863 -8.62613425 -7.84196561 -7.01136139 -6.37635028 
2.84803587e+00 -8.95373863 -8.62613425 -7.84196561 -7.01136139 -6.37635028 
2.31012970e+00 -8.95373863 -8.62613425 -7.84196561 -7.01136139 -6.37635028 
1.87381742e+00 -8.95373863 -8.62613425 -7.84196561 -7.01136139 -6.37635028 
1.51991108e+00 -8.95373863 -8.62613425 -7.84196561 -7.01136139 -6.37635028 
1.23284674e+00 -8.95373863 -8.62613425 -7.84196561 -7.01136139 -6.37635028 
1.00000000e+00 -8.95373863 -8.62613425 -7.84196561 -7.01136139 -6.37635028 
8.11130831e-01 -8.95373863 -8.62613425 -7.84196561 -7.01136139 -6.37635028 
6.57933225e-01 -8.95373863 -8.62613425 -7.84196561 -7.01136139 -6.37635028 
5.33669923e-01 -8.95373863 -8.62613425 -7.84196561 -7.01136139 -6.37635028 
4.32876128e-01 -8.95373863 -8.62613425 -7.84196561 -7.01136139 -6.37635028 
3.51119173e-01 -8.95373863 -8.62613425 -7.84196561 -7.01136139 -6.37635028 
2.84803587e-01 -8.95373863 -8.62613425 -7.84196561 -7.01136139 -6.37635028 
2.31012970e-01 -8.95373863 -8.62613425 -7.84196561 -7.01136139 -6.37635028 
1.87381742e-01 -8.95373863 -8.62613425 -7.84196561 -7.01136139 -6.37635028 
1.51991108e-01 -8.95373863 -8.62613425 -7.84196561 -7.01136139 -6.37635028 
1.23284674e-01 -8.95373863 -8.62613425 -7.84196561 -7.01136139 -6.37635028 
1.00000000e-01 -8.95373863 -8.62613425 -7.84196561 -7.01136139 -6.37635028 
8.11130831e-02 -8.95373863 -8.62613425 -7.84196561 -7.01136139 -6.37635028 
6.57933225e-02 -8.95373863 -8.62613425 -7.84196561 -7.01136139 -6.37635028 
5.33669923e-02 -8.95373863 -8.62613425 -7.84196561 -7.01136139 -6.37635028 
4.32876128e-02 -8.95373863 -8.62613425 -7.84196561 -7.01136139 -6.37635028 
3.51119173e-02 -8.95373863 -8.62613425 -7.84196561 -7.01136139 -6.37635028 
2.84803587e-02 -8.95373863 -8.62613425 -7.84196561 -7.01136139 -6.37635028 
2.31012970e-02 -8.95373863 -8.62613425 -7.84196561 -7.01136139 -6.37635028 
1.87381742e-02 -8.95373863 -8.62613425 -7.84196561 -7.01136139 -6.37635028 
1.51991108e-02 -8.95373863 -8.62613425 -7.84196561 -7.01136139 -6.37635028 
1.23284674e-02 -8.95373863 -8.62613425 -7.84196561 -7.01136139 -6.37635028 
1.00000000e-02 -8.95373863 -8.62613425 -7.84196561 -7.01136139 -6.37635028 
8.11130831e-03 -8.95373863 -8.62613425 -7.84196561 -7.01136139 -6.37635028 
6.57933225e-03 -8.95373863 -8.62613425 -7.84196561 -7.01136139 -6.37635028 
5.33669923e-03 -8.95373863 -8.62613425 -7.84196561 -7.01136139 -6.37635028 
4.32876128e-03 -8.95373863 -8.62613425 -7.84196561 -7.01136139 -6.37635028 
3.51119173e-03 -8.95373863 -8.62613425 -7.84196561 -7.01136139 -6.37635028 
2.84803587e-03 -8.95373863 -8.62613425 -7.84196561 -7.01136139 -6.37635028 
2.31012970e-03 -8.95373863 -8.62613425 -7.84196561 -7.01136139 -6.37635028 
1.87381742e-03 -8.95373863 -8.62613425 -7.84196561 -7.01136139 -6.37635028 
1.51991108e-03 -8.95373863 -8.62613425 -7.84196561 -7.01136139 -6.37635028 
1.23284674e-03 -8.95373863 -8.62613425 -7.84196561 -7.01136139 -6.37635028 
1.00000000e-03 -8.95373863 -8.62613425 -7.84196561 -7.01136139 -6.37635028 
8.11130831e-04 -8.95373863 -8.62613425 -7.84196561 -7.01136139 -6.37635028 
6.57933225e-04 -8.95373863 -8.62613425 -7.84196561 -7.01136139 -6.37635028 
5.33669923e-04 -8.95373863 -8.62613425 -7.84196561 -7.01136139 -6.37635028 
4.32876128e-04 -8.95373863 -8.62613425 -7.84196561 -7.01136139 -6.37635028 
3.51119173e-04 -8.95373863 -8.62613425 -7.84196561 -7.01136139 -6.37635028 
2.84803587e-04 -8.95373863 -8.62613425 -7.84196561 -7.01136139 -6.37635028 
2.31012970e-04 -8.95373863 -8.62613425 -7.84196561 -7.01136139 -6.37635028 
1.87381742e-04 -8.95373863 -8.62613425 -7.84196561 -7.01136139 -6.37635028 
1.51991108e-04 -8.95373863 -8.62613425 -7.84196561 -7.01136139 -6.37635028 
1.23284674e-04 -8.95373863 -8.62613425 -7.84196561 -7.01136139 -6.37635028 
1.00000000e-04 -8.95373863 -8.62613425 -7.84196561 -7.01136139 -6.37635028 
8.11130831e-05 -8.95373863 -8.62613425 -7.84196561 -7.01136139 -6.37635028 
6.57933225e-05 -8.95373863 -8.62613425 -7.84196561 -7.01136139 -6.37635028 
5.33669923e-05 -8.95373863 -8.62613425 -7.84196561 -7.01136139 -6.37635028 
4.32876128e-05 -8.95373863 -8.62613425 -7.84196561 -7.01136139 -6.37635028 
3.51119173e-05 -8.95373863 -8.62613425 -7.84196561 -7.01136139 -6.37635028 
2.84803587e-05 -8.95373863 -8.62613425 -7.84196561 -7.01136139 -6.37635028 
2.31012970e-05 -8.95373863 -8.62613425 -7.84196561 -7.01136139 -6.37635028 
1.87381742e-05 -8.95373863 -8.62613425 -7.84196561 -7.01136139 -6.37635028 
1.51991108e-05 -8.95373863 -8.62613425 -7.84196561 -7.01136139 -6.37635028 
1.23284674e-05 -8.95373863 -8.62613425 -7.84196561 -7.01136139 -6.37635028 
1.00000000e-05 -8.95373863 -8.62613425 -7.84196561 -7.01136139 -6.37635028 
8.11130831e-06 -8.95373863 -8.62613425 -7.84196561 -7.01136139 -6.37635028 
6.57933225e-06 -8.95373863 -8.62613425 -7.84196561 -7.01136139 -6.37635028 
5.33669923e-06 -8.95373863 -8.62613425 -7.84196561 -7.01136139 -6.37635028 
4.32876128e-06 -8.95373863 -8.62613425 -7.84196561 -7.01136139 -6.37635028 
3.51119173e-06 -8.95373863 -8.62613425 -7.84196561 -7.01136139 -6.37635028 
2.84803587e-06 -8.95373863 -8.62613425 -7.84196561 -7.01136139 -6.37635028 
2.31012970e-06 -8.95373863 -8.62613425 -7.84196561 -7.01136139 -6.37635028 
1.87381742e-06 -8.95373863 -8.62613425 -7.84196561 -7.01136139 -6.37635028 
1.51991108e-06 -8.95373863 -8.62613425 -7.84196561 -7.01136139 -6.37635028 
1.23284674e-06 -8.95373863 -8.62613425 -7.84196561 -7.01136139 -6.37635028 
1.00000000e-06 -8.95373863 -8.62613425 -7.84196561 -7.01136139 -6.37635028 
8.11130831e-07 -8.95373863 -8.62613425 -7.84196561 -7.01136139 -6.37635028 
6.57933225e-07 -8.95373863 -8.62613425 -7.84196561 -7.01136139 -6.37635028 
5.33669923e-07 -8.95373863 -8.62613425 -7.84196561 -7.01136139 -6.37635028 
4.32876128e-07 -8.95373863 -8.62613425 -7.84196561 -7.01136139 -6.37635028 
3.51119173e-07 -8.95373863 -8.62613425 -7.84196561 -7.01136139 -6.37635028 
2.84803587e-07 -8.95373863 -8.62613425 -7.84196561 -7.01136139 -6.37635028 
2.31012970e-07 -8.95373863 -8.62613425 -7.84196561 -7.01136139 -6.37635028 
1.87381742e-07 -8.95373863 -8.62613425 -7.84196561 -7.01136139 -6.37635028 
1.51991108e-07 -8.95373863 -8.62613425 -7.84196561 -7.01136139 -6.37635028 
1.23284674e-07 -8.95373863 -8.62613425 -7.84196561 -7.01136139 -6.37635028 
1.00000000e-07 -8.95373863 -8.62613425 -7.84196561 -7.01136139 -6.37635028 
