Chemical species: H2 He H2O CO2 SO2 K CO Na H2S
P (bar) | log_H2: -2σ | log_H2: -1σ | log_H2: median | log_H2: +1σ | log_H2: +2σ 
1.00000000e+02 -0.09082433 -0.08748572 -0.08433399 -0.08148759 -0.07884554 
8.11130831e+01 -0.09082433 -0.08748572 -0.08433399 -0.08148759 -0.07884554 
6.57933225e+01 -0.09082433 -0.08748572 -0.08433399 -0.08148759 -0.07884554 
5.33669923e+01 -0.09082433 -0.08748572 -0.08433399 -0.08148759 -0.07884554 
4.32876128e+01 -0.09082433 -0.08748572 -0.08433399 -0.08148759 -0.07884554 
3.51119173e+01 -0.09082433 -0.08748572 -0.08433399 -0.08148759 -0.07884554 
2.84803587e+01 -0.09082433 -0.08748572 -0.08433399 -0.08148759 -0.07884554 
2.31012970e+01 -0.09082433 -0.08748572 -0.08433399 -0.08148759 -0.07884554 
1.87381742e+01 -0.09082433 -0.08748572 -0.08433399 -0.08148759 -0.07884554 
1.51991108e+01 -0.09082433 -0.08748572 -0.08433399 -0.08148759 -0.07884554 
1.23284674e+01 -0.09082433 -0.08748572 -0.08433399 -0.08148759 -0.07884554 
1.00000000e+01 -0.09082433 -0.08748572 -0.08433399 -0.08148759 -0.07884554 
8.11130831e+00 -0.09082433 -0.08748572 -0.08433399 -0.08148759 -0.07884554 
6.57933225e+00 -0.09082433 -0.08748572 -0.08433399 -0.08148759 -0.07884554 
5.33669923e+00 -0.09082433 -0.08748572 -0.08433399 -0.08148759 -0.07884554 
4.32876128e+00 -0.09082433 -0.08748572 -0.08433399 -0.08148759 -0.07884554 
3.51119173e+00 -0.09082433 -0.08748572 -0.08433399 -0.08148759 -0.07884554 
2.84803587e+00 -0.09082433 -0.08748572 -0.08433399 -0.08148759 -0.07884554 
2.31012970e+00 -0.09082433 -0.08748572 -0.08433399 -0.08148759 -0.07884554 
1.87381742e+00 -0.09082433 -0.08748572 -0.08433399 -0.08148759 -0.07884554 
1.51991108e+00 -0.09082433 -0.08748572 -0.08433399 -0.08148759 -0.07884554 
1.23284674e+00 -0.09082433 -0.08748572 -0.08433399 -0.08148759 -0.07884554 
1.00000000e+00 -0.09082433 -0.08748572 -0.08433399 -0.08148759 -0.07884554 
8.11130831e-01 -0.09082433 -0.08748572 -0.08433399 -0.08148759 -0.07884554 
6.57933225e-01 -0.09082433 -0.08748572 -0.08433399 -0.08148759 -0.07884554 
5.33669923e-01 -0.09082433 -0.08748572 -0.08433399 -0.08148759 -0.07884554 
4.32876128e-01 -0.09082433 -0.08748572 -0.08433399 -0.08148759 -0.07884554 
3.51119173e-01 -0.09082433 -0.08748572 -0.08433399 -0.08148759 -0.07884554 
2.84803587e-01 -0.09082433 -0.08748572 -0.08433399 -0.08148759 -0.07884554 
2.31012970e-01 -0.09082433 -0.08748572 -0.08433399 -0.08148759 -0.07884554 
1.87381742e-01 -0.09082433 -0.08748572 -0.08433399 -0.08148759 -0.07884554 
1.51991108e-01 -0.09082433 -0.08748572 -0.08433399 -0.08148759 -0.07884554 
1.23284674e-01 -0.09082433 -0.08748572 -0.08433399 -0.08148759 -0.07884554 
1.00000000e-01 -0.09082433 -0.08748572 -0.08433399 -0.08148759 -0.07884554 
8.11130831e-02 -0.09082433 -0.08748572 -0.08433399 -0.08148759 -0.07884554 
6.57933225e-02 -0.09082433 -0.08748572 -0.08433399 -0.08148759 -0.07884554 
5.33669923e-02 -0.09082433 -0.08748572 -0.08433399 -0.08148759 -0.07884554 
4.32876128e-02 -0.09082433 -0.08748572 -0.08433399 -0.08148759 -0.07884554 
3.51119173e-02 -0.09082433 -0.08748572 -0.08433399 -0.08148759 -0.07884554 
2.84803587e-02 -0.09082433 -0.08748572 -0.08433399 -0.08148759 -0.07884554 
2.31012970e-02 -0.09082433 -0.08748572 -0.08433399 -0.08148759 -0.07884554 
1.87381742e-02 -0.09082433 -0.08748572 -0.08433399 -0.08148759 -0.07884554 
1.51991108e-02 -0.09082433 -0.08748572 -0.08433399 -0.08148759 -0.07884554 
1.23284674e-02 -0.09082433 -0.08748572 -0.08433399 -0.08148759 -0.07884554 
1.00000000e-02 -0.09082433 -0.08748572 -0.08433399 -0.08148759 -0.07884554 
8.11130831e-03 -0.09082433 -0.08748572 -0.08433399 -0.08148759 -0.07884554 
6.57933225e-03 -0.09082433 -0.08748572 -0.08433399 -0.08148759 -0.07884554 
5.33669923e-03 -0.09082433 -0.08748572 -0.08433399 -0.08148759 -0.07884554 
4.32876128e-03 -0.09082433 -0.08748572 -0.08433399 -0.08148759 -0.07884554 
3.51119173e-03 -0.09082433 -0.08748572 -0.08433399 -0.08148759 -0.07884554 
2.84803587e-03 -0.09082433 -0.08748572 -0.08433399 -0.08148759 -0.07884554 
2.31012970e-03 -0.09082433 -0.08748572 -0.08433399 -0.08148759 -0.07884554 
1.87381742e-03 -0.09082433 -0.08748572 -0.08433399 -0.08148759 -0.07884554 
1.51991108e-03 -0.09082433 -0.08748572 -0.08433399 -0.08148759 -0.07884554 
1.23284674e-03 -0.09082433 -0.08748572 -0.08433399 -0.08148759 -0.07884554 
1.00000000e-03 -0.09082433 -0.08748572 -0.08433399 -0.08148759 -0.07884554 
8.11130831e-04 -0.09082433 -0.08748572 -0.08433399 -0.08148759 -0.07884554 
6.57933225e-04 -0.09082433 -0.08748572 -0.08433399 -0.08148759 -0.07884554 
5.33669923e-04 -0.09082433 -0.08748572 -0.08433399 -0.08148759 -0.07884554 
4.32876128e-04 -0.09082433 -0.08748572 -0.08433399 -0.08148759 -0.07884554 
3.51119173e-04 -0.09082433 -0.08748572 -0.08433399 -0.08148759 -0.07884554 
2.84803587e-04 -0.09082433 -0.08748572 -0.08433399 -0.08148759 -0.07884554 
2.31012970e-04 -0.09082433 -0.08748572 -0.08433399 -0.08148759 -0.07884554 
1.87381742e-04 -0.09082433 -0.08748572 -0.08433399 -0.08148759 -0.07884554 
1.51991108e-04 -0.09082433 -0.08748572 -0.08433399 -0.08148759 -0.07884554 
1.23284674e-04 -0.09082433 -0.08748572 -0.08433399 -0.08148759 -0.07884554 
1.00000000e-04 -0.09082433 -0.08748572 -0.08433399 -0.08148759 -0.07884554 
8.11130831e-05 -0.09082433 -0.08748572 -0.08433399 -0.08148759 -0.07884554 
6.57933225e-05 -0.09082433 -0.08748572 -0.08433399 -0.08148759 -0.07884554 
5.33669923e-05 -0.09082433 -0.08748572 -0.08433399 -0.08148759 -0.07884554 
4.32876128e-05 -0.09082433 -0.08748572 -0.08433399 -0.08148759 -0.07884554 
3.51119173e-05 -0.09082433 -0.08748572 -0.08433399 -0.08148759 -0.07884554 
2.84803587e-05 -0.09082433 -0.08748572 -0.08433399 -0.08148759 -0.07884554 
2.31012970e-05 -0.09082433 -0.08748572 -0.08433399 -0.08148759 -0.07884554 
1.87381742e-05 -0.09082433 -0.08748572 -0.08433399 -0.08148759 -0.07884554 
1.51991108e-05 -0.09082433 -0.08748572 -0.08433399 -0.08148759 -0.07884554 
1.23284674e-05 -0.09082433 -0.08748572 -0.08433399 -0.08148759 -0.07884554 
1.00000000e-05 -0.09082433 -0.08748572 -0.08433399 -0.08148759 -0.07884554 
8.11130831e-06 -0.09082433 -0.08748572 -0.08433399 -0.08148759 -0.07884554 
6.57933225e-06 -0.09082433 -0.08748572 -0.08433399 -0.08148759 -0.07884554 
5.33669923e-06 -0.09082433 -0.08748572 -0.08433399 -0.08148759 -0.07884554 
4.32876128e-06 -0.09082433 -0.08748572 -0.08433399 -0.08148759 -0.07884554 
3.51119173e-06 -0.09082433 -0.08748572 -0.08433399 -0.08148759 -0.07884554 
2.84803587e-06 -0.09082433 -0.08748572 -0.08433399 -0.08148759 -0.07884554 
2.31012970e-06 -0.09082433 -0.08748572 -0.08433399 -0.08148759 -0.07884554 
1.87381742e-06 -0.09082433 -0.08748572 -0.08433399 -0.08148759 -0.07884554 
1.51991108e-06 -0.09082433 -0.08748572 -0.08433399 -0.08148759 -0.07884554 
1.23284674e-06 -0.09082433 -0.08748572 -0.08433399 -0.08148759 -0.07884554 
1.00000000e-06 -0.09082433 -0.08748572 -0.08433399 -0.08148759 -0.07884554 
8.11130831e-07 -0.09082433 -0.08748572 -0.08433399 -0.08148759 -0.07884554 
6.57933225e-07 -0.09082433 -0.08748572 -0.08433399 -0.08148759 -0.07884554 
5.33669923e-07 -0.09082433 -0.08748572 -0.08433399 -0.08148759 -0.07884554 
4.32876128e-07 -0.09082433 -0.08748572 -0.08433399 -0.08148759 -0.07884554 
3.51119173e-07 -0.09082433 -0.08748572 -0.08433399 -0.08148759 -0.07884554 
2.84803587e-07 -0.09082433 -0.08748572 -0.08433399 -0.08148759 -0.07884554 
2.31012970e-07 -0.09082433 -0.08748572 -0.08433399 -0.08148759 -0.07884554 
1.87381742e-07 -0.09082433 -0.08748572 -0.08433399 -0.08148759 -0.07884554 
1.51991108e-07 -0.09082433 -0.08748572 -0.08433399 -0.08148759 -0.07884554 
1.23284674e-07 -0.09082433 -0.08748572 -0.08433399 -0.08148759 -0.07884554 
1.00000000e-07 -0.09082433 -0.08748572 -0.08433399 -0.08148759 -0.07884554 
P (bar) | log_He: -2σ | log_He: -1σ | log_He: median | log_He: +1σ | log_He: +2σ 
1.00000000e+02 -0.86037541 -0.85703680 -0.85388507 -0.85103867 -0.84839662 
8.11130831e+01 -0.86037541 -0.85703680 -0.85388507 -0.85103867 -0.84839662 
6.57933225e+01 -0.86037541 -0.85703680 -0.85388507 -0.85103867 -0.84839662 
5.33669923e+01 -0.86037541 -0.85703680 -0.85388507 -0.85103867 -0.84839662 
4.32876128e+01 -0.86037541 -0.85703680 -0.85388507 -0.85103867 -0.84839662 
3.51119173e+01 -0.86037541 -0.85703680 -0.85388507 -0.85103867 -0.84839662 
2.84803587e+01 -0.86037541 -0.85703680 -0.85388507 -0.85103867 -0.84839662 
2.31012970e+01 -0.86037541 -0.85703680 -0.85388507 -0.85103867 -0.84839662 
1.87381742e+01 -0.86037541 -0.85703680 -0.85388507 -0.85103867 -0.84839662 
1.51991108e+01 -0.86037541 -0.85703680 -0.85388507 -0.85103867 -0.84839662 
1.23284674e+01 -0.86037541 -0.85703680 -0.85388507 -0.85103867 -0.84839662 
1.00000000e+01 -0.86037541 -0.85703680 -0.85388507 -0.85103867 -0.84839662 
8.11130831e+00 -0.86037541 -0.85703680 -0.85388507 -0.85103867 -0.84839662 
6.57933225e+00 -0.86037541 -0.85703680 -0.85388507 -0.85103867 -0.84839662 
5.33669923e+00 -0.86037541 -0.85703680 -0.85388507 -0.85103867 -0.84839662 
4.32876128e+00 -0.86037541 -0.85703680 -0.85388507 -0.85103867 -0.84839662 
3.51119173e+00 -0.86037541 -0.85703680 -0.85388507 -0.85103867 -0.84839662 
2.84803587e+00 -0.86037541 -0.85703680 -0.85388507 -0.85103867 -0.84839662 
2.31012970e+00 -0.86037541 -0.85703680 -0.85388507 -0.85103867 -0.84839662 
1.87381742e+00 -0.86037541 -0.85703680 -0.85388507 -0.85103867 -0.84839662 
1.51991108e+00 -0.86037541 -0.85703680 -0.85388507 -0.85103867 -0.84839662 
1.23284674e+00 -0.86037541 -0.85703680 -0.85388507 -0.85103867 -0.84839662 
1.00000000e+00 -0.86037541 -0.85703680 -0.85388507 -0.85103867 -0.84839662 
8.11130831e-01 -0.86037541 -0.85703680 -0.85388507 -0.85103867 -0.84839662 
6.57933225e-01 -0.86037541 -0.85703680 -0.85388507 -0.85103867 -0.84839662 
5.33669923e-01 -0.86037541 -0.85703680 -0.85388507 -0.85103867 -0.84839662 
4.32876128e-01 -0.86037541 -0.85703680 -0.85388507 -0.85103867 -0.84839662 
3.51119173e-01 -0.86037541 -0.85703680 -0.85388507 -0.85103867 -0.84839662 
2.84803587e-01 -0.86037541 -0.85703680 -0.85388507 -0.85103867 -0.84839662 
2.31012970e-01 -0.86037541 -0.85703680 -0.85388507 -0.85103867 -0.84839662 
1.87381742e-01 -0.86037541 -0.85703680 -0.85388507 -0.85103867 -0.84839662 
1.51991108e-01 -0.86037541 -0.85703680 -0.85388507 -0.85103867 -0.84839662 
1.23284674e-01 -0.86037541 -0.85703680 -0.85388507 -0.85103867 -0.84839662 
1.00000000e-01 -0.86037541 -0.85703680 -0.85388507 -0.85103867 -0.84839662 
8.11130831e-02 -0.86037541 -0.85703680 -0.85388507 -0.85103867 -0.84839662 
6.57933225e-02 -0.86037541 -0.85703680 -0.85388507 -0.85103867 -0.84839662 
5.33669923e-02 -0.86037541 -0.85703680 -0.85388507 -0.85103867 -0.84839662 
4.32876128e-02 -0.86037541 -0.85703680 -0.85388507 -0.85103867 -0.84839662 
3.51119173e-02 -0.86037541 -0.85703680 -0.85388507 -0.85103867 -0.84839662 
2.84803587e-02 -0.86037541 -0.85703680 -0.85388507 -0.85103867 -0.84839662 
2.31012970e-02 -0.86037541 -0.85703680 -0.85388507 -0.85103867 -0.84839662 
1.87381742e-02 -0.86037541 -0.85703680 -0.85388507 -0.85103867 -0.84839662 
1.51991108e-02 -0.86037541 -0.85703680 -0.85388507 -0.85103867 -0.84839662 
1.23284674e-02 -0.86037541 -0.85703680 -0.85388507 -0.85103867 -0.84839662 
1.00000000e-02 -0.86037541 -0.85703680 -0.85388507 -0.85103867 -0.84839662 
8.11130831e-03 -0.86037541 -0.85703680 -0.85388507 -0.85103867 -0.84839662 
6.57933225e-03 -0.86037541 -0.85703680 -0.85388507 -0.85103867 -0.84839662 
5.33669923e-03 -0.86037541 -0.85703680 -0.85388507 -0.85103867 -0.84839662 
4.32876128e-03 -0.86037541 -0.85703680 -0.85388507 -0.85103867 -0.84839662 
3.51119173e-03 -0.86037541 -0.85703680 -0.85388507 -0.85103867 -0.84839662 
2.84803587e-03 -0.86037541 -0.85703680 -0.85388507 -0.85103867 -0.84839662 
2.31012970e-03 -0.86037541 -0.85703680 -0.85388507 -0.85103867 -0.84839662 
1.87381742e-03 -0.86037541 -0.85703680 -0.85388507 -0.85103867 -0.84839662 
1.51991108e-03 -0.86037541 -0.85703680 -0.85388507 -0.85103867 -0.84839662 
1.23284674e-03 -0.86037541 -0.85703680 -0.85388507 -0.85103867 -0.84839662 
1.00000000e-03 -0.86037541 -0.85703680 -0.85388507 -0.85103867 -0.84839662 
8.11130831e-04 -0.86037541 -0.85703680 -0.85388507 -0.85103867 -0.84839662 
6.57933225e-04 -0.86037541 -0.85703680 -0.85388507 -0.85103867 -0.84839662 
5.33669923e-04 -0.86037541 -0.85703680 -0.85388507 -0.85103867 -0.84839662 
4.32876128e-04 -0.86037541 -0.85703680 -0.85388507 -0.85103867 -0.84839662 
3.51119173e-04 -0.86037541 -0.85703680 -0.85388507 -0.85103867 -0.84839662 
2.84803587e-04 -0.86037541 -0.85703680 -0.85388507 -0.85103867 -0.84839662 
2.31012970e-04 -0.86037541 -0.85703680 -0.85388507 -0.85103867 -0.84839662 
1.87381742e-04 -0.86037541 -0.85703680 -0.85388507 -0.85103867 -0.84839662 
1.51991108e-04 -0.86037541 -0.85703680 -0.85388507 -0.85103867 -0.84839662 
1.23284674e-04 -0.86037541 -0.85703680 -0.85388507 -0.85103867 -0.84839662 
1.00000000e-04 -0.86037541 -0.85703680 -0.85388507 -0.85103867 -0.84839662 
8.11130831e-05 -0.86037541 -0.85703680 -0.85388507 -0.85103867 -0.84839662 
6.57933225e-05 -0.86037541 -0.85703680 -0.85388507 -0.85103867 -0.84839662 
5.33669923e-05 -0.86037541 -0.85703680 -0.85388507 -0.85103867 -0.84839662 
4.32876128e-05 -0.86037541 -0.85703680 -0.85388507 -0.85103867 -0.84839662 
3.51119173e-05 -0.86037541 -0.85703680 -0.85388507 -0.85103867 -0.84839662 
2.84803587e-05 -0.86037541 -0.85703680 -0.85388507 -0.85103867 -0.84839662 
2.31012970e-05 -0.86037541 -0.85703680 -0.85388507 -0.85103867 -0.84839662 
1.87381742e-05 -0.86037541 -0.85703680 -0.85388507 -0.85103867 -0.84839662 
1.51991108e-05 -0.86037541 -0.85703680 -0.85388507 -0.85103867 -0.84839662 
1.23284674e-05 -0.86037541 -0.85703680 -0.85388507 -0.85103867 -0.84839662 
1.00000000e-05 -0.86037541 -0.85703680 -0.85388507 -0.85103867 -0.84839662 
8.11130831e-06 -0.86037541 -0.85703680 -0.85388507 -0.85103867 -0.84839662 
6.57933225e-06 -0.86037541 -0.85703680 -0.85388507 -0.85103867 -0.84839662 
5.33669923e-06 -0.86037541 -0.85703680 -0.85388507 -0.85103867 -0.84839662 
4.32876128e-06 -0.86037541 -0.85703680 -0.85388507 -0.85103867 -0.84839662 
3.51119173e-06 -0.86037541 -0.85703680 -0.85388507 -0.85103867 -0.84839662 
2.84803587e-06 -0.86037541 -0.85703680 -0.85388507 -0.85103867 -0.84839662 
2.31012970e-06 -0.86037541 -0.85703680 -0.85388507 -0.85103867 -0.84839662 
1.87381742e-06 -0.86037541 -0.85703680 -0.85388507 -0.85103867 -0.84839662 
1.51991108e-06 -0.86037541 -0.85703680 -0.85388507 -0.85103867 -0.84839662 
1.23284674e-06 -0.86037541 -0.85703680 -0.85388507 -0.85103867 -0.84839662 
1.00000000e-06 -0.86037541 -0.85703680 -0.85388507 -0.85103867 -0.84839662 
8.11130831e-07 -0.86037541 -0.85703680 -0.85388507 -0.85103867 -0.84839662 
6.57933225e-07 -0.86037541 -0.85703680 -0.85388507 -0.85103867 -0.84839662 
5.33669923e-07 -0.86037541 -0.85703680 -0.85388507 -0.85103867 -0.84839662 
4.32876128e-07 -0.86037541 -0.85703680 -0.85388507 -0.85103867 -0.84839662 
3.51119173e-07 -0.86037541 -0.85703680 -0.85388507 -0.85103867 -0.84839662 
2.84803587e-07 -0.86037541 -0.85703680 -0.85388507 -0.85103867 -0.84839662 
2.31012970e-07 -0.86037541 -0.85703680 -0.85388507 -0.85103867 -0.84839662 
1.87381742e-07 -0.86037541 -0.85703680 -0.85388507 -0.85103867 -0.84839662 
1.51991108e-07 -0.86037541 -0.85703680 -0.85388507 -0.85103867 -0.84839662 
1.23284674e-07 -0.86037541 -0.85703680 -0.85388507 -0.85103867 -0.84839662 
1.00000000e-07 -0.86037541 -0.85703680 -0.85388507 -0.85103867 -0.84839662 
P (bar) | log_H2O: -2σ | log_H2O: -1σ | log_H2O: median | log_H2O: +1σ | log_H2O: +2σ 
1.00000000e+02 -1.80184069 -1.68784018 -1.56979521 -1.45923051 -1.37610463 
8.11130831e+01 -1.80184069 -1.68784018 -1.56979521 -1.45923051 -1.37610463 
6.57933225e+01 -1.80184069 -1.68784018 -1.56979521 -1.45923051 -1.37610463 
5.33669923e+01 -1.80184069 -1.68784018 -1.56979521 -1.45923051 -1.37610463 
4.32876128e+01 -1.80184069 -1.68784018 -1.56979521 -1.45923051 -1.37610463 
3.51119173e+01 -1.80184069 -1.68784018 -1.56979521 -1.45923051 -1.37610463 
2.84803587e+01 -1.80184069 -1.68784018 -1.56979521 -1.45923051 -1.37610463 
2.31012970e+01 -1.80184069 -1.68784018 -1.56979521 -1.45923051 -1.37610463 
1.87381742e+01 -1.80184069 -1.68784018 -1.56979521 -1.45923051 -1.37610463 
1.51991108e+01 -1.80184069 -1.68784018 -1.56979521 -1.45923051 -1.37610463 
1.23284674e+01 -1.80184069 -1.68784018 -1.56979521 -1.45923051 -1.37610463 
1.00000000e+01 -1.80184069 -1.68784018 -1.56979521 -1.45923051 -1.37610463 
8.11130831e+00 -1.80184069 -1.68784018 -1.56979521 -1.45923051 -1.37610463 
6.57933225e+00 -1.80184069 -1.68784018 -1.56979521 -1.45923051 -1.37610463 
5.33669923e+00 -1.80184069 -1.68784018 -1.56979521 -1.45923051 -1.37610463 
4.32876128e+00 -1.80184069 -1.68784018 -1.56979521 -1.45923051 -1.37610463 
3.51119173e+00 -1.80184069 -1.68784018 -1.56979521 -1.45923051 -1.37610463 
2.84803587e+00 -1.80184069 -1.68784018 -1.56979521 -1.45923051 -1.37610463 
2.31012970e+00 -1.80184069 -1.68784018 -1.56979521 -1.45923051 -1.37610463 
1.87381742e+00 -1.80184069 -1.68784018 -1.56979521 -1.45923051 -1.37610463 
1.51991108e+00 -1.80184069 -1.68784018 -1.56979521 -1.45923051 -1.37610463 
1.23284674e+00 -1.80184069 -1.68784018 -1.56979521 -1.45923051 -1.37610463 
1.00000000e+00 -1.80184069 -1.68784018 -1.56979521 -1.45923051 -1.37610463 
8.11130831e-01 -1.80184069 -1.68784018 -1.56979521 -1.45923051 -1.37610463 
6.57933225e-01 -1.80184069 -1.68784018 -1.56979521 -1.45923051 -1.37610463 
5.33669923e-01 -1.80184069 -1.68784018 -1.56979521 -1.45923051 -1.37610463 
4.32876128e-01 -1.80184069 -1.68784018 -1.56979521 -1.45923051 -1.37610463 
3.51119173e-01 -1.80184069 -1.68784018 -1.56979521 -1.45923051 -1.37610463 
2.84803587e-01 -1.80184069 -1.68784018 -1.56979521 -1.45923051 -1.37610463 
2.31012970e-01 -1.80184069 -1.68784018 -1.56979521 -1.45923051 -1.37610463 
1.87381742e-01 -1.80184069 -1.68784018 -1.56979521 -1.45923051 -1.37610463 
1.51991108e-01 -1.80184069 -1.68784018 -1.56979521 -1.45923051 -1.37610463 
1.23284674e-01 -1.80184069 -1.68784018 -1.56979521 -1.45923051 -1.37610463 
1.00000000e-01 -1.80184069 -1.68784018 -1.56979521 -1.45923051 -1.37610463 
8.11130831e-02 -1.80184069 -1.68784018 -1.56979521 -1.45923051 -1.37610463 
6.57933225e-02 -1.80184069 -1.68784018 -1.56979521 -1.45923051 -1.37610463 
5.33669923e-02 -1.80184069 -1.68784018 -1.56979521 -1.45923051 -1.37610463 
4.32876128e-02 -1.80184069 -1.68784018 -1.56979521 -1.45923051 -1.37610463 
3.51119173e-02 -1.80184069 -1.68784018 -1.56979521 -1.45923051 -1.37610463 
2.84803587e-02 -1.80184069 -1.68784018 -1.56979521 -1.45923051 -1.37610463 
2.31012970e-02 -1.80184069 -1.68784018 -1.56979521 -1.45923051 -1.37610463 
1.87381742e-02 -1.80184069 -1.68784018 -1.56979521 -1.45923051 -1.37610463 
1.51991108e-02 -1.80184069 -1.68784018 -1.56979521 -1.45923051 -1.37610463 
1.23284674e-02 -1.80184069 -1.68784018 -1.56979521 -1.45923051 -1.37610463 
1.00000000e-02 -1.80184069 -1.68784018 -1.56979521 -1.45923051 -1.37610463 
8.11130831e-03 -1.80184069 -1.68784018 -1.56979521 -1.45923051 -1.37610463 
6.57933225e-03 -1.80184069 -1.68784018 -1.56979521 -1.45923051 -1.37610463 
5.33669923e-03 -1.80184069 -1.68784018 -1.56979521 -1.45923051 -1.37610463 
4.32876128e-03 -1.80184069 -1.68784018 -1.56979521 -1.45923051 -1.37610463 
3.51119173e-03 -1.80184069 -1.68784018 -1.56979521 -1.45923051 -1.37610463 
2.84803587e-03 -1.80184069 -1.68784018 -1.56979521 -1.45923051 -1.37610463 
2.31012970e-03 -1.80184069 -1.68784018 -1.56979521 -1.45923051 -1.37610463 
1.87381742e-03 -1.80184069 -1.68784018 -1.56979521 -1.45923051 -1.37610463 
1.51991108e-03 -1.80184069 -1.68784018 -1.56979521 -1.45923051 -1.37610463 
1.23284674e-03 -1.80184069 -1.68784018 -1.56979521 -1.45923051 -1.37610463 
1.00000000e-03 -1.80184069 -1.68784018 -1.56979521 -1.45923051 -1.37610463 
8.11130831e-04 -1.80184069 -1.68784018 -1.56979521 -1.45923051 -1.37610463 
6.57933225e-04 -1.80184069 -1.68784018 -1.56979521 -1.45923051 -1.37610463 
5.33669923e-04 -1.80184069 -1.68784018 -1.56979521 -1.45923051 -1.37610463 
4.32876128e-04 -1.80184069 -1.68784018 -1.56979521 -1.45923051 -1.37610463 
3.51119173e-04 -1.80184069 -1.68784018 -1.56979521 -1.45923051 -1.37610463 
2.84803587e-04 -1.80184069 -1.68784018 -1.56979521 -1.45923051 -1.37610463 
2.31012970e-04 -1.80184069 -1.68784018 -1.56979521 -1.45923051 -1.37610463 
1.87381742e-04 -1.80184069 -1.68784018 -1.56979521 -1.45923051 -1.37610463 
1.51991108e-04 -1.80184069 -1.68784018 -1.56979521 -1.45923051 -1.37610463 
1.23284674e-04 -1.80184069 -1.68784018 -1.56979521 -1.45923051 -1.37610463 
1.00000000e-04 -1.80184069 -1.68784018 -1.56979521 -1.45923051 -1.37610463 
8.11130831e-05 -1.80184069 -1.68784018 -1.56979521 -1.45923051 -1.37610463 
6.57933225e-05 -1.80184069 -1.68784018 -1.56979521 -1.45923051 -1.37610463 
5.33669923e-05 -1.80184069 -1.68784018 -1.56979521 -1.45923051 -1.37610463 
4.32876128e-05 -1.80184069 -1.68784018 -1.56979521 -1.45923051 -1.37610463 
3.51119173e-05 -1.80184069 -1.68784018 -1.56979521 -1.45923051 -1.37610463 
2.84803587e-05 -1.80184069 -1.68784018 -1.56979521 -1.45923051 -1.37610463 
2.31012970e-05 -1.80184069 -1.68784018 -1.56979521 -1.45923051 -1.37610463 
1.87381742e-05 -1.80184069 -1.68784018 -1.56979521 -1.45923051 -1.37610463 
1.51991108e-05 -1.80184069 -1.68784018 -1.56979521 -1.45923051 -1.37610463 
1.23284674e-05 -1.80184069 -1.68784018 -1.56979521 -1.45923051 -1.37610463 
1.00000000e-05 -1.80184069 -1.68784018 -1.56979521 -1.45923051 -1.37610463 
8.11130831e-06 -1.80184069 -1.68784018 -1.56979521 -1.45923051 -1.37610463 
6.57933225e-06 -1.80184069 -1.68784018 -1.56979521 -1.45923051 -1.37610463 
5.33669923e-06 -1.80184069 -1.68784018 -1.56979521 -1.45923051 -1.37610463 
4.32876128e-06 -1.80184069 -1.68784018 -1.56979521 -1.45923051 -1.37610463 
3.51119173e-06 -1.80184069 -1.68784018 -1.56979521 -1.45923051 -1.37610463 
2.84803587e-06 -1.80184069 -1.68784018 -1.56979521 -1.45923051 -1.37610463 
2.31012970e-06 -1.80184069 -1.68784018 -1.56979521 -1.45923051 -1.37610463 
1.87381742e-06 -1.80184069 -1.68784018 -1.56979521 -1.45923051 -1.37610463 
1.51991108e-06 -1.80184069 -1.68784018 -1.56979521 -1.45923051 -1.37610463 
1.23284674e-06 -1.80184069 -1.68784018 -1.56979521 -1.45923051 -1.37610463 
1.00000000e-06 -1.80184069 -1.68784018 -1.56979521 -1.45923051 -1.37610463 
8.11130831e-07 -1.80184069 -1.68784018 -1.56979521 -1.45923051 -1.37610463 
6.57933225e-07 -1.80184069 -1.68784018 -1.56979521 -1.45923051 -1.37610463 
5.33669923e-07 -1.80184069 -1.68784018 -1.56979521 -1.45923051 -1.37610463 
4.32876128e-07 -1.80184069 -1.68784018 -1.56979521 -1.45923051 -1.37610463 
3.51119173e-07 -1.80184069 -1.68784018 -1.56979521 -1.45923051 -1.37610463 
2.84803587e-07 -1.80184069 -1.68784018 -1.56979521 -1.45923051 -1.37610463 
2.31012970e-07 -1.80184069 -1.68784018 -1.56979521 -1.45923051 -1.37610463 
1.87381742e-07 -1.80184069 -1.68784018 -1.56979521 -1.45923051 -1.37610463 
1.51991108e-07 -1.80184069 -1.68784018 -1.56979521 -1.45923051 -1.37610463 
1.23284674e-07 -1.80184069 -1.68784018 -1.56979521 -1.45923051 -1.37610463 
1.00000000e-07 -1.80184069 -1.68784018 -1.56979521 -1.45923051 -1.37610463 
P (bar) | log_CO2: -2σ | log_CO2: -1σ | log_CO2: median | log_CO2: +1σ | log_CO2: +2σ 
1.00000000e+02 -3.29553295 -3.11585905 -2.94948628 -2.78799606 -2.66618261 
8.11130831e+01 -3.29553295 -3.11585905 -2.94948628 -2.78799606 -2.66618261 
6.57933225e+01 -3.29553295 -3.11585905 -2.94948628 -2.78799606 -2.66618261 
5.33669923e+01 -3.29553295 -3.11585905 -2.94948628 -2.78799606 -2.66618261 
4.32876128e+01 -3.29553295 -3.11585905 -2.94948628 -2.78799606 -2.66618261 
3.51119173e+01 -3.29553295 -3.11585905 -2.94948628 -2.78799606 -2.66618261 
2.84803587e+01 -3.29553295 -3.11585905 -2.94948628 -2.78799606 -2.66618261 
2.31012970e+01 -3.29553295 -3.11585905 -2.94948628 -2.78799606 -2.66618261 
1.87381742e+01 -3.29553295 -3.11585905 -2.94948628 -2.78799606 -2.66618261 
1.51991108e+01 -3.29553295 -3.11585905 -2.94948628 -2.78799606 -2.66618261 
1.23284674e+01 -3.29553295 -3.11585905 -2.94948628 -2.78799606 -2.66618261 
1.00000000e+01 -3.29553295 -3.11585905 -2.94948628 -2.78799606 -2.66618261 
8.11130831e+00 -3.29553295 -3.11585905 -2.94948628 -2.78799606 -2.66618261 
6.57933225e+00 -3.29553295 -3.11585905 -2.94948628 -2.78799606 -2.66618261 
5.33669923e+00 -3.29553295 -3.11585905 -2.94948628 -2.78799606 -2.66618261 
4.32876128e+00 -3.29553295 -3.11585905 -2.94948628 -2.78799606 -2.66618261 
3.51119173e+00 -3.29553295 -3.11585905 -2.94948628 -2.78799606 -2.66618261 
2.84803587e+00 -3.29553295 -3.11585905 -2.94948628 -2.78799606 -2.66618261 
2.31012970e+00 -3.29553295 -3.11585905 -2.94948628 -2.78799606 -2.66618261 
1.87381742e+00 -3.29553295 -3.11585905 -2.94948628 -2.78799606 -2.66618261 
1.51991108e+00 -3.29553295 -3.11585905 -2.94948628 -2.78799606 -2.66618261 
1.23284674e+00 -3.29553295 -3.11585905 -2.94948628 -2.78799606 -2.66618261 
1.00000000e+00 -3.29553295 -3.11585905 -2.94948628 -2.78799606 -2.66618261 
8.11130831e-01 -3.29553295 -3.11585905 -2.94948628 -2.78799606 -2.66618261 
6.57933225e-01 -3.29553295 -3.11585905 -2.94948628 -2.78799606 -2.66618261 
5.33669923e-01 -3.29553295 -3.11585905 -2.94948628 -2.78799606 -2.66618261 
4.32876128e-01 -3.29553295 -3.11585905 -2.94948628 -2.78799606 -2.66618261 
3.51119173e-01 -3.29553295 -3.11585905 -2.94948628 -2.78799606 -2.66618261 
2.84803587e-01 -3.29553295 -3.11585905 -2.94948628 -2.78799606 -2.66618261 
2.31012970e-01 -3.29553295 -3.11585905 -2.94948628 -2.78799606 -2.66618261 
1.87381742e-01 -3.29553295 -3.11585905 -2.94948628 -2.78799606 -2.66618261 
1.51991108e-01 -3.29553295 -3.11585905 -2.94948628 -2.78799606 -2.66618261 
1.23284674e-01 -3.29553295 -3.11585905 -2.94948628 -2.78799606 -2.66618261 
1.00000000e-01 -3.29553295 -3.11585905 -2.94948628 -2.78799606 -2.66618261 
8.11130831e-02 -3.29553295 -3.11585905 -2.94948628 -2.78799606 -2.66618261 
6.57933225e-02 -3.29553295 -3.11585905 -2.94948628 -2.78799606 -2.66618261 
5.33669923e-02 -3.29553295 -3.11585905 -2.94948628 -2.78799606 -2.66618261 
4.32876128e-02 -3.29553295 -3.11585905 -2.94948628 -2.78799606 -2.66618261 
3.51119173e-02 -3.29553295 -3.11585905 -2.94948628 -2.78799606 -2.66618261 
2.84803587e-02 -3.29553295 -3.11585905 -2.94948628 -2.78799606 -2.66618261 
2.31012970e-02 -3.29553295 -3.11585905 -2.94948628 -2.78799606 -2.66618261 
1.87381742e-02 -3.29553295 -3.11585905 -2.94948628 -2.78799606 -2.66618261 
1.51991108e-02 -3.29553295 -3.11585905 -2.94948628 -2.78799606 -2.66618261 
1.23284674e-02 -3.29553295 -3.11585905 -2.94948628 -2.78799606 -2.66618261 
1.00000000e-02 -3.29553295 -3.11585905 -2.94948628 -2.78799606 -2.66618261 
8.11130831e-03 -3.29553295 -3.11585905 -2.94948628 -2.78799606 -2.66618261 
6.57933225e-03 -3.29553295 -3.11585905 -2.94948628 -2.78799606 -2.66618261 
5.33669923e-03 -3.29553295 -3.11585905 -2.94948628 -2.78799606 -2.66618261 
4.32876128e-03 -3.29553295 -3.11585905 -2.94948628 -2.78799606 -2.66618261 
3.51119173e-03 -3.29553295 -3.11585905 -2.94948628 -2.78799606 -2.66618261 
2.84803587e-03 -3.29553295 -3.11585905 -2.94948628 -2.78799606 -2.66618261 
2.31012970e-03 -3.29553295 -3.11585905 -2.94948628 -2.78799606 -2.66618261 
1.87381742e-03 -3.29553295 -3.11585905 -2.94948628 -2.78799606 -2.66618261 
1.51991108e-03 -3.29553295 -3.11585905 -2.94948628 -2.78799606 -2.66618261 
1.23284674e-03 -3.29553295 -3.11585905 -2.94948628 -2.78799606 -2.66618261 
1.00000000e-03 -3.29553295 -3.11585905 -2.94948628 -2.78799606 -2.66618261 
8.11130831e-04 -3.29553295 -3.11585905 -2.94948628 -2.78799606 -2.66618261 
6.57933225e-04 -3.29553295 -3.11585905 -2.94948628 -2.78799606 -2.66618261 
5.33669923e-04 -3.29553295 -3.11585905 -2.94948628 -2.78799606 -2.66618261 
4.32876128e-04 -3.29553295 -3.11585905 -2.94948628 -2.78799606 -2.66618261 
3.51119173e-04 -3.29553295 -3.11585905 -2.94948628 -2.78799606 -2.66618261 
2.84803587e-04 -3.29553295 -3.11585905 -2.94948628 -2.78799606 -2.66618261 
2.31012970e-04 -3.29553295 -3.11585905 -2.94948628 -2.78799606 -2.66618261 
1.87381742e-04 -3.29553295 -3.11585905 -2.94948628 -2.78799606 -2.66618261 
1.51991108e-04 -3.29553295 -3.11585905 -2.94948628 -2.78799606 -2.66618261 
1.23284674e-04 -3.29553295 -3.11585905 -2.94948628 -2.78799606 -2.66618261 
1.00000000e-04 -3.29553295 -3.11585905 -2.94948628 -2.78799606 -2.66618261 
8.11130831e-05 -3.29553295 -3.11585905 -2.94948628 -2.78799606 -2.66618261 
6.57933225e-05 -3.29553295 -3.11585905 -2.94948628 -2.78799606 -2.66618261 
5.33669923e-05 -3.29553295 -3.11585905 -2.94948628 -2.78799606 -2.66618261 
4.32876128e-05 -3.29553295 -3.11585905 -2.94948628 -2.78799606 -2.66618261 
3.51119173e-05 -3.29553295 -3.11585905 -2.94948628 -2.78799606 -2.66618261 
2.84803587e-05 -3.29553295 -3.11585905 -2.94948628 -2.78799606 -2.66618261 
2.31012970e-05 -3.29553295 -3.11585905 -2.94948628 -2.78799606 -2.66618261 
1.87381742e-05 -3.29553295 -3.11585905 -2.94948628 -2.78799606 -2.66618261 
1.51991108e-05 -3.29553295 -3.11585905 -2.94948628 -2.78799606 -2.66618261 
1.23284674e-05 -3.29553295 -3.11585905 -2.94948628 -2.78799606 -2.66618261 
1.00000000e-05 -3.29553295 -3.11585905 -2.94948628 -2.78799606 -2.66618261 
8.11130831e-06 -3.29553295 -3.11585905 -2.94948628 -2.78799606 -2.66618261 
6.57933225e-06 -3.29553295 -3.11585905 -2.94948628 -2.78799606 -2.66618261 
5.33669923e-06 -3.29553295 -3.11585905 -2.94948628 -2.78799606 -2.66618261 
4.32876128e-06 -3.29553295 -3.11585905 -2.94948628 -2.78799606 -2.66618261 
3.51119173e-06 -3.29553295 -3.11585905 -2.94948628 -2.78799606 -2.66618261 
2.84803587e-06 -3.29553295 -3.11585905 -2.94948628 -2.78799606 -2.66618261 
2.31012970e-06 -3.29553295 -3.11585905 -2.94948628 -2.78799606 -2.66618261 
1.87381742e-06 -3.29553295 -3.11585905 -2.94948628 -2.78799606 -2.66618261 
1.51991108e-06 -3.29553295 -3.11585905 -2.94948628 -2.78799606 -2.66618261 
1.23284674e-06 -3.29553295 -3.11585905 -2.94948628 -2.78799606 -2.66618261 
1.00000000e-06 -3.29553295 -3.11585905 -2.94948628 -2.78799606 -2.66618261 
8.11130831e-07 -3.29553295 -3.11585905 -2.94948628 -2.78799606 -2.66618261 
6.57933225e-07 -3.29553295 -3.11585905 -2.94948628 -2.78799606 -2.66618261 
5.33669923e-07 -3.29553295 -3.11585905 -2.94948628 -2.78799606 -2.66618261 
4.32876128e-07 -3.29553295 -3.11585905 -2.94948628 -2.78799606 -2.66618261 
3.51119173e-07 -3.29553295 -3.11585905 -2.94948628 -2.78799606 -2.66618261 
2.84803587e-07 -3.29553295 -3.11585905 -2.94948628 -2.78799606 -2.66618261 
2.31012970e-07 -3.29553295 -3.11585905 -2.94948628 -2.78799606 -2.66618261 
1.87381742e-07 -3.29553295 -3.11585905 -2.94948628 -2.78799606 -2.66618261 
1.51991108e-07 -3.29553295 -3.11585905 -2.94948628 -2.78799606 -2.66618261 
1.23284674e-07 -3.29553295 -3.11585905 -2.94948628 -2.78799606 -2.66618261 
1.00000000e-07 -3.29553295 -3.11585905 -2.94948628 -2.78799606 -2.66618261 
P (bar) | log_SO2: -2σ | log_SO2: -1σ | log_SO2: median | log_SO2: +1σ | log_SO2: +2σ 
1.00000000e+02 -7.94007537 -7.54510855 -6.79883813 -6.14938958 -5.79577395 
8.11130831e+01 -7.94007537 -7.54510855 -6.79883813 -6.14938958 -5.79577395 
6.57933225e+01 -7.94007537 -7.54510855 -6.79883813 -6.14938958 -5.79577395 
5.33669923e+01 -7.94007537 -7.54510855 -6.79883813 -6.14938958 -5.79577395 
4.32876128e+01 -7.94007537 -7.54510855 -6.79883813 -6.14938958 -5.79577395 
3.51119173e+01 -7.94007537 -7.54510855 -6.79883813 -6.14938958 -5.79577395 
2.84803587e+01 -7.94007537 -7.54510855 -6.79883813 -6.14938958 -5.79577395 
2.31012970e+01 -7.94007537 -7.54510855 -6.79883813 -6.14938958 -5.79577395 
1.87381742e+01 -7.94007537 -7.54510855 -6.79883813 -6.14938958 -5.79577395 
1.51991108e+01 -7.94007537 -7.54510855 -6.79883813 -6.14938958 -5.79577395 
1.23284674e+01 -7.94007537 -7.54510855 -6.79883813 -6.14938958 -5.79577395 
1.00000000e+01 -7.94007537 -7.54510855 -6.79883813 -6.14938958 -5.79577395 
8.11130831e+00 -7.94007537 -7.54510855 -6.79883813 -6.14938958 -5.79577395 
6.57933225e+00 -7.94007537 -7.54510855 -6.79883813 -6.14938958 -5.79577395 
5.33669923e+00 -7.94007537 -7.54510855 -6.79883813 -6.14938958 -5.79577395 
4.32876128e+00 -7.94007537 -7.54510855 -6.79883813 -6.14938958 -5.79577395 
3.51119173e+00 -7.94007537 -7.54510855 -6.79883813 -6.14938958 -5.79577395 
2.84803587e+00 -7.94007537 -7.54510855 -6.79883813 -6.14938958 -5.79577395 
2.31012970e+00 -7.94007537 -7.54510855 -6.79883813 -6.14938958 -5.79577395 
1.87381742e+00 -7.94007537 -7.54510855 -6.79883813 -6.14938958 -5.79577395 
1.51991108e+00 -7.94007537 -7.54510855 -6.79883813 -6.14938958 -5.79577395 
1.23284674e+00 -7.94007537 -7.54510855 -6.79883813 -6.14938958 -5.79577395 
1.00000000e+00 -7.94007537 -7.54510855 -6.79883813 -6.14938958 -5.79577395 
8.11130831e-01 -7.94007537 -7.54510855 -6.79883813 -6.14938958 -5.79577395 
6.57933225e-01 -7.94007537 -7.54510855 -6.79883813 -6.14938958 -5.79577395 
5.33669923e-01 -7.94007537 -7.54510855 -6.79883813 -6.14938958 -5.79577395 
4.32876128e-01 -7.94007537 -7.54510855 -6.79883813 -6.14938958 -5.79577395 
3.51119173e-01 -7.94007537 -7.54510855 -6.79883813 -6.14938958 -5.79577395 
2.84803587e-01 -7.94007537 -7.54510855 -6.79883813 -6.14938958 -5.79577395 
2.31012970e-01 -7.94007537 -7.54510855 -6.79883813 -6.14938958 -5.79577395 
1.87381742e-01 -7.94007537 -7.54510855 -6.79883813 -6.14938958 -5.79577395 
1.51991108e-01 -7.94007537 -7.54510855 -6.79883813 -6.14938958 -5.79577395 
1.23284674e-01 -7.94007537 -7.54510855 -6.79883813 -6.14938958 -5.79577395 
1.00000000e-01 -7.94007537 -7.54510855 -6.79883813 -6.14938958 -5.79577395 
8.11130831e-02 -7.94007537 -7.54510855 -6.79883813 -6.14938958 -5.79577395 
6.57933225e-02 -7.94007537 -7.54510855 -6.79883813 -6.14938958 -5.79577395 
5.33669923e-02 -7.94007537 -7.54510855 -6.79883813 -6.14938958 -5.79577395 
4.32876128e-02 -7.94007537 -7.54510855 -6.79883813 -6.14938958 -5.79577395 
3.51119173e-02 -7.94007537 -7.54510855 -6.79883813 -6.14938958 -5.79577395 
2.84803587e-02 -7.94007537 -7.54510855 -6.79883813 -6.14938958 -5.79577395 
2.31012970e-02 -7.94007537 -7.54510855 -6.79883813 -6.14938958 -5.79577395 
1.87381742e-02 -7.94007537 -7.54510855 -6.79883813 -6.14938958 -5.79577395 
1.51991108e-02 -7.94007537 -7.54510855 -6.79883813 -6.14938958 -5.79577395 
1.23284674e-02 -7.94007537 -7.54510855 -6.79883813 -6.14938958 -5.79577395 
1.00000000e-02 -7.94007537 -7.54510855 -6.79883813 -6.14938958 -5.79577395 
8.11130831e-03 -7.94007537 -7.54510855 -6.79883813 -6.14938958 -5.79577395 
6.57933225e-03 -7.94007537 -7.54510855 -6.79883813 -6.14938958 -5.79577395 
5.33669923e-03 -7.94007537 -7.54510855 -6.79883813 -6.14938958 -5.79577395 
4.32876128e-03 -7.94007537 -7.54510855 -6.79883813 -6.14938958 -5.79577395 
3.51119173e-03 -7.94007537 -7.54510855 -6.79883813 -6.14938958 -5.79577395 
2.84803587e-03 -7.94007537 -7.54510855 -6.79883813 -6.14938958 -5.79577395 
2.31012970e-03 -7.94007537 -7.54510855 -6.79883813 -6.14938958 -5.79577395 
1.87381742e-03 -7.94007537 -7.54510855 -6.79883813 -6.14938958 -5.79577395 
1.51991108e-03 -7.94007537 -7.54510855 -6.79883813 -6.14938958 -5.79577395 
1.23284674e-03 -7.94007537 -7.54510855 -6.79883813 -6.14938958 -5.79577395 
1.00000000e-03 -7.94007537 -7.54510855 -6.79883813 -6.14938958 -5.79577395 
8.11130831e-04 -7.94007537 -7.54510855 -6.79883813 -6.14938958 -5.79577395 
6.57933225e-04 -7.94007537 -7.54510855 -6.79883813 -6.14938958 -5.79577395 
5.33669923e-04 -7.94007537 -7.54510855 -6.79883813 -6.14938958 -5.79577395 
4.32876128e-04 -7.94007537 -7.54510855 -6.79883813 -6.14938958 -5.79577395 
3.51119173e-04 -7.94007537 -7.54510855 -6.79883813 -6.14938958 -5.79577395 
2.84803587e-04 -7.94007537 -7.54510855 -6.79883813 -6.14938958 -5.79577395 
2.31012970e-04 -7.94007537 -7.54510855 -6.79883813 -6.14938958 -5.79577395 
1.87381742e-04 -7.94007537 -7.54510855 -6.79883813 -6.14938958 -5.79577395 
1.51991108e-04 -7.94007537 -7.54510855 -6.79883813 -6.14938958 -5.79577395 
1.23284674e-04 -7.94007537 -7.54510855 -6.79883813 -6.14938958 -5.79577395 
1.00000000e-04 -7.94007537 -7.54510855 -6.79883813 -6.14938958 -5.79577395 
8.11130831e-05 -7.94007537 -7.54510855 -6.79883813 -6.14938958 -5.79577395 
6.57933225e-05 -7.94007537 -7.54510855 -6.79883813 -6.14938958 -5.79577395 
5.33669923e-05 -7.94007537 -7.54510855 -6.79883813 -6.14938958 -5.79577395 
4.32876128e-05 -7.94007537 -7.54510855 -6.79883813 -6.14938958 -5.79577395 
3.51119173e-05 -7.94007537 -7.54510855 -6.79883813 -6.14938958 -5.79577395 
2.84803587e-05 -7.94007537 -7.54510855 -6.79883813 -6.14938958 -5.79577395 
2.31012970e-05 -7.94007537 -7.54510855 -6.79883813 -6.14938958 -5.79577395 
1.87381742e-05 -7.94007537 -7.54510855 -6.79883813 -6.14938958 -5.79577395 
1.51991108e-05 -7.94007537 -7.54510855 -6.79883813 -6.14938958 -5.79577395 
1.23284674e-05 -7.94007537 -7.54510855 -6.79883813 -6.14938958 -5.79577395 
1.00000000e-05 -7.94007537 -7.54510855 -6.79883813 -6.14938958 -5.79577395 
8.11130831e-06 -7.94007537 -7.54510855 -6.79883813 -6.14938958 -5.79577395 
6.57933225e-06 -7.94007537 -7.54510855 -6.79883813 -6.14938958 -5.79577395 
5.33669923e-06 -7.94007537 -7.54510855 -6.79883813 -6.14938958 -5.79577395 
4.32876128e-06 -7.94007537 -7.54510855 -6.79883813 -6.14938958 -5.79577395 
3.51119173e-06 -7.94007537 -7.54510855 -6.79883813 -6.14938958 -5.79577395 
2.84803587e-06 -7.94007537 -7.54510855 -6.79883813 -6.14938958 -5.79577395 
2.31012970e-06 -7.94007537 -7.54510855 -6.79883813 -6.14938958 -5.79577395 
1.87381742e-06 -7.94007537 -7.54510855 -6.79883813 -6.14938958 -5.79577395 
1.51991108e-06 -7.94007537 -7.54510855 -6.79883813 -6.14938958 -5.79577395 
1.23284674e-06 -7.94007537 -7.54510855 -6.79883813 -6.14938958 -5.79577395 
1.00000000e-06 -7.94007537 -7.54510855 -6.79883813 -6.14938958 -5.79577395 
8.11130831e-07 -7.94007537 -7.54510855 -6.79883813 -6.14938958 -5.79577395 
6.57933225e-07 -7.94007537 -7.54510855 -6.79883813 -6.14938958 -5.79577395 
5.33669923e-07 -7.94007537 -7.54510855 -6.79883813 -6.14938958 -5.79577395 
4.32876128e-07 -7.94007537 -7.54510855 -6.79883813 -6.14938958 -5.79577395 
3.51119173e-07 -7.94007537 -7.54510855 -6.79883813 -6.14938958 -5.79577395 
2.84803587e-07 -7.94007537 -7.54510855 -6.79883813 -6.14938958 -5.79577395 
2.31012970e-07 -7.94007537 -7.54510855 -6.79883813 -6.14938958 -5.79577395 
1.87381742e-07 -7.94007537 -7.54510855 -6.79883813 -6.14938958 -5.79577395 
1.51991108e-07 -7.94007537 -7.54510855 -6.79883813 -6.14938958 -5.79577395 
1.23284674e-07 -7.94007537 -7.54510855 -6.79883813 -6.14938958 -5.79577395 
1.00000000e-07 -7.94007537 -7.54510855 -6.79883813 -6.14938958 -5.79577395 
P (bar) | log_K: -2σ | log_K: -1σ | log_K: median | log_K: +1σ | log_K: +2σ 
1.00000000e+02 -6.70490136 -6.49811368 -6.29365420 -6.12125722 -6.02396738 
8.11130831e+01 -6.70490136 -6.49811368 -6.29365420 -6.12125722 -6.02396738 
6.57933225e+01 -6.70490136 -6.49811368 -6.29365420 -6.12125722 -6.02396738 
5.33669923e+01 -6.70490136 -6.49811368 -6.29365420 -6.12125722 -6.02396738 
4.32876128e+01 -6.70490136 -6.49811368 -6.29365420 -6.12125722 -6.02396738 
3.51119173e+01 -6.70490136 -6.49811368 -6.29365420 -6.12125722 -6.02396738 
2.84803587e+01 -6.70490136 -6.49811368 -6.29365420 -6.12125722 -6.02396738 
2.31012970e+01 -6.70490136 -6.49811368 -6.29365420 -6.12125722 -6.02396738 
1.87381742e+01 -6.70490136 -6.49811368 -6.29365420 -6.12125722 -6.02396738 
1.51991108e+01 -6.70490136 -6.49811368 -6.29365420 -6.12125722 -6.02396738 
1.23284674e+01 -6.70490136 -6.49811368 -6.29365420 -6.12125722 -6.02396738 
1.00000000e+01 -6.70490136 -6.49811368 -6.29365420 -6.12125722 -6.02396738 
8.11130831e+00 -6.70490136 -6.49811368 -6.29365420 -6.12125722 -6.02396738 
6.57933225e+00 -6.70490136 -6.49811368 -6.29365420 -6.12125722 -6.02396738 
5.33669923e+00 -6.70490136 -6.49811368 -6.29365420 -6.12125722 -6.02396738 
4.32876128e+00 -6.70490136 -6.49811368 -6.29365420 -6.12125722 -6.02396738 
3.51119173e+00 -6.70490136 -6.49811368 -6.29365420 -6.12125722 -6.02396738 
2.84803587e+00 -6.70490136 -6.49811368 -6.29365420 -6.12125722 -6.02396738 
2.31012970e+00 -6.70490136 -6.49811368 -6.29365420 -6.12125722 -6.02396738 
1.87381742e+00 -6.70490136 -6.49811368 -6.29365420 -6.12125722 -6.02396738 
1.51991108e+00 -6.70490136 -6.49811368 -6.29365420 -6.12125722 -6.02396738 
1.23284674e+00 -6.70490136 -6.49811368 -6.29365420 -6.12125722 -6.02396738 
1.00000000e+00 -6.70490136 -6.49811368 -6.29365420 -6.12125722 -6.02396738 
8.11130831e-01 -6.70490136 -6.49811368 -6.29365420 -6.12125722 -6.02396738 
6.57933225e-01 -6.70490136 -6.49811368 -6.29365420 -6.12125722 -6.02396738 
5.33669923e-01 -6.70490136 -6.49811368 -6.29365420 -6.12125722 -6.02396738 
4.32876128e-01 -6.70490136 -6.49811368 -6.29365420 -6.12125722 -6.02396738 
3.51119173e-01 -6.70490136 -6.49811368 -6.29365420 -6.12125722 -6.02396738 
2.84803587e-01 -6.70490136 -6.49811368 -6.29365420 -6.12125722 -6.02396738 
2.31012970e-01 -6.70490136 -6.49811368 -6.29365420 -6.12125722 -6.02396738 
1.87381742e-01 -6.70490136 -6.49811368 -6.29365420 -6.12125722 -6.02396738 
1.51991108e-01 -6.70490136 -6.49811368 -6.29365420 -6.12125722 -6.02396738 
1.23284674e-01 -6.70490136 -6.49811368 -6.29365420 -6.12125722 -6.02396738 
1.00000000e-01 -6.70490136 -6.49811368 -6.29365420 -6.12125722 -6.02396738 
8.11130831e-02 -6.70490136 -6.49811368 -6.29365420 -6.12125722 -6.02396738 
6.57933225e-02 -6.70490136 -6.49811368 -6.29365420 -6.12125722 -6.02396738 
5.33669923e-02 -6.70490136 -6.49811368 -6.29365420 -6.12125722 -6.02396738 
4.32876128e-02 -6.70490136 -6.49811368 -6.29365420 -6.12125722 -6.02396738 
3.51119173e-02 -6.70490136 -6.49811368 -6.29365420 -6.12125722 -6.02396738 
2.84803587e-02 -6.70490136 -6.49811368 -6.29365420 -6.12125722 -6.02396738 
2.31012970e-02 -6.70490136 -6.49811368 -6.29365420 -6.12125722 -6.02396738 
1.87381742e-02 -6.70490136 -6.49811368 -6.29365420 -6.12125722 -6.02396738 
1.51991108e-02 -6.70490136 -6.49811368 -6.29365420 -6.12125722 -6.02396738 
1.23284674e-02 -6.70490136 -6.49811368 -6.29365420 -6.12125722 -6.02396738 
1.00000000e-02 -6.70490136 -6.49811368 -6.29365420 -6.12125722 -6.02396738 
8.11130831e-03 -6.70490136 -6.49811368 -6.29365420 -6.12125722 -6.02396738 
6.57933225e-03 -6.70490136 -6.49811368 -6.29365420 -6.12125722 -6.02396738 
5.33669923e-03 -6.70490136 -6.49811368 -6.29365420 -6.12125722 -6.02396738 
4.32876128e-03 -6.70490136 -6.49811368 -6.29365420 -6.12125722 -6.02396738 
3.51119173e-03 -6.70490136 -6.49811368 -6.29365420 -6.12125722 -6.02396738 
2.84803587e-03 -6.70490136 -6.49811368 -6.29365420 -6.12125722 -6.02396738 
2.31012970e-03 -6.70490136 -6.49811368 -6.29365420 -6.12125722 -6.02396738 
1.87381742e-03 -6.70490136 -6.49811368 -6.29365420 -6.12125722 -6.02396738 
1.51991108e-03 -6.70490136 -6.49811368 -6.29365420 -6.12125722 -6.02396738 
1.23284674e-03 -6.70490136 -6.49811368 -6.29365420 -6.12125722 -6.02396738 
1.00000000e-03 -6.70490136 -6.49811368 -6.29365420 -6.12125722 -6.02396738 
8.11130831e-04 -6.70490136 -6.49811368 -6.29365420 -6.12125722 -6.02396738 
6.57933225e-04 -6.70490136 -6.49811368 -6.29365420 -6.12125722 -6.02396738 
5.33669923e-04 -6.70490136 -6.49811368 -6.29365420 -6.12125722 -6.02396738 
4.32876128e-04 -6.70490136 -6.49811368 -6.29365420 -6.12125722 -6.02396738 
3.51119173e-04 -6.70490136 -6.49811368 -6.29365420 -6.12125722 -6.02396738 
2.84803587e-04 -6.70490136 -6.49811368 -6.29365420 -6.12125722 -6.02396738 
2.31012970e-04 -6.70490136 -6.49811368 -6.29365420 -6.12125722 -6.02396738 
1.87381742e-04 -6.70490136 -6.49811368 -6.29365420 -6.12125722 -6.02396738 
1.51991108e-04 -6.70490136 -6.49811368 -6.29365420 -6.12125722 -6.02396738 
1.23284674e-04 -6.70490136 -6.49811368 -6.29365420 -6.12125722 -6.02396738 
1.00000000e-04 -6.70490136 -6.49811368 -6.29365420 -6.12125722 -6.02396738 
8.11130831e-05 -6.70490136 -6.49811368 -6.29365420 -6.12125722 -6.02396738 
6.57933225e-05 -6.70490136 -6.49811368 -6.29365420 -6.12125722 -6.02396738 
5.33669923e-05 -6.70490136 -6.49811368 -6.29365420 -6.12125722 -6.02396738 
4.32876128e-05 -6.70490136 -6.49811368 -6.29365420 -6.12125722 -6.02396738 
3.51119173e-05 -6.70490136 -6.49811368 -6.29365420 -6.12125722 -6.02396738 
2.84803587e-05 -6.70490136 -6.49811368 -6.29365420 -6.12125722 -6.02396738 
2.31012970e-05 -6.70490136 -6.49811368 -6.29365420 -6.12125722 -6.02396738 
1.87381742e-05 -6.70490136 -6.49811368 -6.29365420 -6.12125722 -6.02396738 
1.51991108e-05 -6.70490136 -6.49811368 -6.29365420 -6.12125722 -6.02396738 
1.23284674e-05 -6.70490136 -6.49811368 -6.29365420 -6.12125722 -6.02396738 
1.00000000e-05 -6.70490136 -6.49811368 -6.29365420 -6.12125722 -6.02396738 
8.11130831e-06 -6.70490136 -6.49811368 -6.29365420 -6.12125722 -6.02396738 
6.57933225e-06 -6.70490136 -6.49811368 -6.29365420 -6.12125722 -6.02396738 
5.33669923e-06 -6.70490136 -6.49811368 -6.29365420 -6.12125722 -6.02396738 
4.32876128e-06 -6.70490136 -6.49811368 -6.29365420 -6.12125722 -6.02396738 
3.51119173e-06 -6.70490136 -6.49811368 -6.29365420 -6.12125722 -6.02396738 
2.84803587e-06 -6.70490136 -6.49811368 -6.29365420 -6.12125722 -6.02396738 
2.31012970e-06 -6.70490136 -6.49811368 -6.29365420 -6.12125722 -6.02396738 
1.87381742e-06 -6.70490136 -6.49811368 -6.29365420 -6.12125722 -6.02396738 
1.51991108e-06 -6.70490136 -6.49811368 -6.29365420 -6.12125722 -6.02396738 
1.23284674e-06 -6.70490136 -6.49811368 -6.29365420 -6.12125722 -6.02396738 
1.00000000e-06 -6.70490136 -6.49811368 -6.29365420 -6.12125722 -6.02396738 
8.11130831e-07 -6.70490136 -6.49811368 -6.29365420 -6.12125722 -6.02396738 
6.57933225e-07 -6.70490136 -6.49811368 -6.29365420 -6.12125722 -6.02396738 
5.33669923e-07 -6.70490136 -6.49811368 -6.29365420 -6.12125722 -6.02396738 
4.32876128e-07 -6.70490136 -6.49811368 -6.29365420 -6.12125722 -6.02396738 
3.51119173e-07 -6.70490136 -6.49811368 -6.29365420 -6.12125722 -6.02396738 
2.84803587e-07 -6.70490136 -6.49811368 -6.29365420 -6.12125722 -6.02396738 
2.31012970e-07 -6.70490136 -6.49811368 -6.29365420 -6.12125722 -6.02396738 
1.87381742e-07 -6.70490136 -6.49811368 -6.29365420 -6.12125722 -6.02396738 
1.51991108e-07 -6.70490136 -6.49811368 -6.29365420 -6.12125722 -6.02396738 
1.23284674e-07 -6.70490136 -6.49811368 -6.29365420 -6.12125722 -6.02396738 
1.00000000e-07 -6.70490136 -6.49811368 -6.29365420 -6.12125722 -6.02396738 
P (bar) | log_CO: -2σ | log_CO: -1σ | log_CO: median | log_CO: +1σ | log_CO: +2σ 
1.00000000e+02 -2.86935380 -2.49557504 -2.12550730 -1.89805988 -1.74554474 
8.11130831e+01 -2.86935380 -2.49557504 -2.12550730 -1.89805988 -1.74554474 
6.57933225e+01 -2.86935380 -2.49557504 -2.12550730 -1.89805988 -1.74554474 
5.33669923e+01 -2.86935380 -2.49557504 -2.12550730 -1.89805988 -1.74554474 
4.32876128e+01 -2.86935380 -2.49557504 -2.12550730 -1.89805988 -1.74554474 
3.51119173e+01 -2.86935380 -2.49557504 -2.12550730 -1.89805988 -1.74554474 
2.84803587e+01 -2.86935380 -2.49557504 -2.12550730 -1.89805988 -1.74554474 
2.31012970e+01 -2.86935380 -2.49557504 -2.12550730 -1.89805988 -1.74554474 
1.87381742e+01 -2.86935380 -2.49557504 -2.12550730 -1.89805988 -1.74554474 
1.51991108e+01 -2.86935380 -2.49557504 -2.12550730 -1.89805988 -1.74554474 
1.23284674e+01 -2.86935380 -2.49557504 -2.12550730 -1.89805988 -1.74554474 
1.00000000e+01 -2.86935380 -2.49557504 -2.12550730 -1.89805988 -1.74554474 
8.11130831e+00 -2.86935380 -2.49557504 -2.12550730 -1.89805988 -1.74554474 
6.57933225e+00 -2.86935380 -2.49557504 -2.12550730 -1.89805988 -1.74554474 
5.33669923e+00 -2.86935380 -2.49557504 -2.12550730 -1.89805988 -1.74554474 
4.32876128e+00 -2.86935380 -2.49557504 -2.12550730 -1.89805988 -1.74554474 
3.51119173e+00 -2.86935380 -2.49557504 -2.12550730 -1.89805988 -1.74554474 
2.84803587e+00 -2.86935380 -2.49557504 -2.12550730 -1.89805988 -1.74554474 
2.31012970e+00 -2.86935380 -2.49557504 -2.12550730 -1.89805988 -1.74554474 
1.87381742e+00 -2.86935380 -2.49557504 -2.12550730 -1.89805988 -1.74554474 
1.51991108e+00 -2.86935380 -2.49557504 -2.12550730 -1.89805988 -1.74554474 
1.23284674e+00 -2.86935380 -2.49557504 -2.12550730 -1.89805988 -1.74554474 
1.00000000e+00 -2.86935380 -2.49557504 -2.12550730 -1.89805988 -1.74554474 
8.11130831e-01 -2.86935380 -2.49557504 -2.12550730 -1.89805988 -1.74554474 
6.57933225e-01 -2.86935380 -2.49557504 -2.12550730 -1.89805988 -1.74554474 
5.33669923e-01 -2.86935380 -2.49557504 -2.12550730 -1.89805988 -1.74554474 
4.32876128e-01 -2.86935380 -2.49557504 -2.12550730 -1.89805988 -1.74554474 
3.51119173e-01 -2.86935380 -2.49557504 -2.12550730 -1.89805988 -1.74554474 
2.84803587e-01 -2.86935380 -2.49557504 -2.12550730 -1.89805988 -1.74554474 
2.31012970e-01 -2.86935380 -2.49557504 -2.12550730 -1.89805988 -1.74554474 
1.87381742e-01 -2.86935380 -2.49557504 -2.12550730 -1.89805988 -1.74554474 
1.51991108e-01 -2.86935380 -2.49557504 -2.12550730 -1.89805988 -1.74554474 
1.23284674e-01 -2.86935380 -2.49557504 -2.12550730 -1.89805988 -1.74554474 
1.00000000e-01 -2.86935380 -2.49557504 -2.12550730 -1.89805988 -1.74554474 
8.11130831e-02 -2.86935380 -2.49557504 -2.12550730 -1.89805988 -1.74554474 
6.57933225e-02 -2.86935380 -2.49557504 -2.12550730 -1.89805988 -1.74554474 
5.33669923e-02 -2.86935380 -2.49557504 -2.12550730 -1.89805988 -1.74554474 
4.32876128e-02 -2.86935380 -2.49557504 -2.12550730 -1.89805988 -1.74554474 
3.51119173e-02 -2.86935380 -2.49557504 -2.12550730 -1.89805988 -1.74554474 
2.84803587e-02 -2.86935380 -2.49557504 -2.12550730 -1.89805988 -1.74554474 
2.31012970e-02 -2.86935380 -2.49557504 -2.12550730 -1.89805988 -1.74554474 
1.87381742e-02 -2.86935380 -2.49557504 -2.12550730 -1.89805988 -1.74554474 
1.51991108e-02 -2.86935380 -2.49557504 -2.12550730 -1.89805988 -1.74554474 
1.23284674e-02 -2.86935380 -2.49557504 -2.12550730 -1.89805988 -1.74554474 
1.00000000e-02 -2.86935380 -2.49557504 -2.12550730 -1.89805988 -1.74554474 
8.11130831e-03 -2.86935380 -2.49557504 -2.12550730 -1.89805988 -1.74554474 
6.57933225e-03 -2.86935380 -2.49557504 -2.12550730 -1.89805988 -1.74554474 
5.33669923e-03 -2.86935380 -2.49557504 -2.12550730 -1.89805988 -1.74554474 
4.32876128e-03 -2.86935380 -2.49557504 -2.12550730 -1.89805988 -1.74554474 
3.51119173e-03 -2.86935380 -2.49557504 -2.12550730 -1.89805988 -1.74554474 
2.84803587e-03 -2.86935380 -2.49557504 -2.12550730 -1.89805988 -1.74554474 
2.31012970e-03 -2.86935380 -2.49557504 -2.12550730 -1.89805988 -1.74554474 
1.87381742e-03 -2.86935380 -2.49557504 -2.12550730 -1.89805988 -1.74554474 
1.51991108e-03 -2.86935380 -2.49557504 -2.12550730 -1.89805988 -1.74554474 
1.23284674e-03 -2.86935380 -2.49557504 -2.12550730 -1.89805988 -1.74554474 
1.00000000e-03 -2.86935380 -2.49557504 -2.12550730 -1.89805988 -1.74554474 
8.11130831e-04 -2.86935380 -2.49557504 -2.12550730 -1.89805988 -1.74554474 
6.57933225e-04 -2.86935380 -2.49557504 -2.12550730 -1.89805988 -1.74554474 
5.33669923e-04 -2.86935380 -2.49557504 -2.12550730 -1.89805988 -1.74554474 
4.32876128e-04 -2.86935380 -2.49557504 -2.12550730 -1.89805988 -1.74554474 
3.51119173e-04 -2.86935380 -2.49557504 -2.12550730 -1.89805988 -1.74554474 
2.84803587e-04 -2.86935380 -2.49557504 -2.12550730 -1.89805988 -1.74554474 
2.31012970e-04 -2.86935380 -2.49557504 -2.12550730 -1.89805988 -1.74554474 
1.87381742e-04 -2.86935380 -2.49557504 -2.12550730 -1.89805988 -1.74554474 
1.51991108e-04 -2.86935380 -2.49557504 -2.12550730 -1.89805988 -1.74554474 
1.23284674e-04 -2.86935380 -2.49557504 -2.12550730 -1.89805988 -1.74554474 
1.00000000e-04 -2.86935380 -2.49557504 -2.12550730 -1.89805988 -1.74554474 
8.11130831e-05 -2.86935380 -2.49557504 -2.12550730 -1.89805988 -1.74554474 
6.57933225e-05 -2.86935380 -2.49557504 -2.12550730 -1.89805988 -1.74554474 
5.33669923e-05 -2.86935380 -2.49557504 -2.12550730 -1.89805988 -1.74554474 
4.32876128e-05 -2.86935380 -2.49557504 -2.12550730 -1.89805988 -1.74554474 
3.51119173e-05 -2.86935380 -2.49557504 -2.12550730 -1.89805988 -1.74554474 
2.84803587e-05 -2.86935380 -2.49557504 -2.12550730 -1.89805988 -1.74554474 
2.31012970e-05 -2.86935380 -2.49557504 -2.12550730 -1.89805988 -1.74554474 
1.87381742e-05 -2.86935380 -2.49557504 -2.12550730 -1.89805988 -1.74554474 
1.51991108e-05 -2.86935380 -2.49557504 -2.12550730 -1.89805988 -1.74554474 
1.23284674e-05 -2.86935380 -2.49557504 -2.12550730 -1.89805988 -1.74554474 
1.00000000e-05 -2.86935380 -2.49557504 -2.12550730 -1.89805988 -1.74554474 
8.11130831e-06 -2.86935380 -2.49557504 -2.12550730 -1.89805988 -1.74554474 
6.57933225e-06 -2.86935380 -2.49557504 -2.12550730 -1.89805988 -1.74554474 
5.33669923e-06 -2.86935380 -2.49557504 -2.12550730 -1.89805988 -1.74554474 
4.32876128e-06 -2.86935380 -2.49557504 -2.12550730 -1.89805988 -1.74554474 
3.51119173e-06 -2.86935380 -2.49557504 -2.12550730 -1.89805988 -1.74554474 
2.84803587e-06 -2.86935380 -2.49557504 -2.12550730 -1.89805988 -1.74554474 
2.31012970e-06 -2.86935380 -2.49557504 -2.12550730 -1.89805988 -1.74554474 
1.87381742e-06 -2.86935380 -2.49557504 -2.12550730 -1.89805988 -1.74554474 
1.51991108e-06 -2.86935380 -2.49557504 -2.12550730 -1.89805988 -1.74554474 
1.23284674e-06 -2.86935380 -2.49557504 -2.12550730 -1.89805988 -1.74554474 
1.00000000e-06 -2.86935380 -2.49557504 -2.12550730 -1.89805988 -1.74554474 
8.11130831e-07 -2.86935380 -2.49557504 -2.12550730 -1.89805988 -1.74554474 
6.57933225e-07 -2.86935380 -2.49557504 -2.12550730 -1.89805988 -1.74554474 
5.33669923e-07 -2.86935380 -2.49557504 -2.12550730 -1.89805988 -1.74554474 
4.32876128e-07 -2.86935380 -2.49557504 -2.12550730 -1.89805988 -1.74554474 
3.51119173e-07 -2.86935380 -2.49557504 -2.12550730 -1.89805988 -1.74554474 
2.84803587e-07 -2.86935380 -2.49557504 -2.12550730 -1.89805988 -1.74554474 
2.31012970e-07 -2.86935380 -2.49557504 -2.12550730 -1.89805988 -1.74554474 
1.87381742e-07 -2.86935380 -2.49557504 -2.12550730 -1.89805988 -1.74554474 
1.51991108e-07 -2.86935380 -2.49557504 -2.12550730 -1.89805988 -1.74554474 
1.23284674e-07 -2.86935380 -2.49557504 -2.12550730 -1.89805988 -1.74554474 
1.00000000e-07 -2.86935380 -2.49557504 -2.12550730 -1.89805988 -1.74554474 
P (bar) | log_Na: -2σ | log_Na: -1σ | log_Na: median | log_Na: +1σ | log_Na: +2σ 
1.00000000e+02 -4.66944359 -4.50464772 -4.31956499 -4.16642889 -4.04665008 
8.11130831e+01 -4.66944359 -4.50464772 -4.31956499 -4.16642889 -4.04665008 
6.57933225e+01 -4.66944359 -4.50464772 -4.31956499 -4.16642889 -4.04665008 
5.33669923e+01 -4.66944359 -4.50464772 -4.31956499 -4.16642889 -4.04665008 
4.32876128e+01 -4.66944359 -4.50464772 -4.31956499 -4.16642889 -4.04665008 
3.51119173e+01 -4.66944359 -4.50464772 -4.31956499 -4.16642889 -4.04665008 
2.84803587e+01 -4.66944359 -4.50464772 -4.31956499 -4.16642889 -4.04665008 
2.31012970e+01 -4.66944359 -4.50464772 -4.31956499 -4.16642889 -4.04665008 
1.87381742e+01 -4.66944359 -4.50464772 -4.31956499 -4.16642889 -4.04665008 
1.51991108e+01 -4.66944359 -4.50464772 -4.31956499 -4.16642889 -4.04665008 
1.23284674e+01 -4.66944359 -4.50464772 -4.31956499 -4.16642889 -4.04665008 
1.00000000e+01 -4.66944359 -4.50464772 -4.31956499 -4.16642889 -4.04665008 
8.11130831e+00 -4.66944359 -4.50464772 -4.31956499 -4.16642889 -4.04665008 
6.57933225e+00 -4.66944359 -4.50464772 -4.31956499 -4.16642889 -4.04665008 
5.33669923e+00 -4.66944359 -4.50464772 -4.31956499 -4.16642889 -4.04665008 
4.32876128e+00 -4.66944359 -4.50464772 -4.31956499 -4.16642889 -4.04665008 
3.51119173e+00 -4.66944359 -4.50464772 -4.31956499 -4.16642889 -4.04665008 
2.84803587e+00 -4.66944359 -4.50464772 -4.31956499 -4.16642889 -4.04665008 
2.31012970e+00 -4.66944359 -4.50464772 -4.31956499 -4.16642889 -4.04665008 
1.87381742e+00 -4.66944359 -4.50464772 -4.31956499 -4.16642889 -4.04665008 
1.51991108e+00 -4.66944359 -4.50464772 -4.31956499 -4.16642889 -4.04665008 
1.23284674e+00 -4.66944359 -4.50464772 -4.31956499 -4.16642889 -4.04665008 
1.00000000e+00 -4.66944359 -4.50464772 -4.31956499 -4.16642889 -4.04665008 
8.11130831e-01 -4.66944359 -4.50464772 -4.31956499 -4.16642889 -4.04665008 
6.57933225e-01 -4.66944359 -4.50464772 -4.31956499 -4.16642889 -4.04665008 
5.33669923e-01 -4.66944359 -4.50464772 -4.31956499 -4.16642889 -4.04665008 
4.32876128e-01 -4.66944359 -4.50464772 -4.31956499 -4.16642889 -4.04665008 
3.51119173e-01 -4.66944359 -4.50464772 -4.31956499 -4.16642889 -4.04665008 
2.84803587e-01 -4.66944359 -4.50464772 -4.31956499 -4.16642889 -4.04665008 
2.31012970e-01 -4.66944359 -4.50464772 -4.31956499 -4.16642889 -4.04665008 
1.87381742e-01 -4.66944359 -4.50464772 -4.31956499 -4.16642889 -4.04665008 
1.51991108e-01 -4.66944359 -4.50464772 -4.31956499 -4.16642889 -4.04665008 
1.23284674e-01 -4.66944359 -4.50464772 -4.31956499 -4.16642889 -4.04665008 
1.00000000e-01 -4.66944359 -4.50464772 -4.31956499 -4.16642889 -4.04665008 
8.11130831e-02 -4.66944359 -4.50464772 -4.31956499 -4.16642889 -4.04665008 
6.57933225e-02 -4.66944359 -4.50464772 -4.31956499 -4.16642889 -4.04665008 
5.33669923e-02 -4.66944359 -4.50464772 -4.31956499 -4.16642889 -4.04665008 
4.32876128e-02 -4.66944359 -4.50464772 -4.31956499 -4.16642889 -4.04665008 
3.51119173e-02 -4.66944359 -4.50464772 -4.31956499 -4.16642889 -4.04665008 
2.84803587e-02 -4.66944359 -4.50464772 -4.31956499 -4.16642889 -4.04665008 
2.31012970e-02 -4.66944359 -4.50464772 -4.31956499 -4.16642889 -4.04665008 
1.87381742e-02 -4.66944359 -4.50464772 -4.31956499 -4.16642889 -4.04665008 
1.51991108e-02 -4.66944359 -4.50464772 -4.31956499 -4.16642889 -4.04665008 
1.23284674e-02 -4.66944359 -4.50464772 -4.31956499 -4.16642889 -4.04665008 
1.00000000e-02 -4.66944359 -4.50464772 -4.31956499 -4.16642889 -4.04665008 
8.11130831e-03 -4.66944359 -4.50464772 -4.31956499 -4.16642889 -4.04665008 
6.57933225e-03 -4.66944359 -4.50464772 -4.31956499 -4.16642889 -4.04665008 
5.33669923e-03 -4.66944359 -4.50464772 -4.31956499 -4.16642889 -4.04665008 
4.32876128e-03 -4.66944359 -4.50464772 -4.31956499 -4.16642889 -4.04665008 
3.51119173e-03 -4.66944359 -4.50464772 -4.31956499 -4.16642889 -4.04665008 
2.84803587e-03 -4.66944359 -4.50464772 -4.31956499 -4.16642889 -4.04665008 
2.31012970e-03 -4.66944359 -4.50464772 -4.31956499 -4.16642889 -4.04665008 
1.87381742e-03 -4.66944359 -4.50464772 -4.31956499 -4.16642889 -4.04665008 
1.51991108e-03 -4.66944359 -4.50464772 -4.31956499 -4.16642889 -4.04665008 
1.23284674e-03 -4.66944359 -4.50464772 -4.31956499 -4.16642889 -4.04665008 
1.00000000e-03 -4.66944359 -4.50464772 -4.31956499 -4.16642889 -4.04665008 
8.11130831e-04 -4.66944359 -4.50464772 -4.31956499 -4.16642889 -4.04665008 
6.57933225e-04 -4.66944359 -4.50464772 -4.31956499 -4.16642889 -4.04665008 
5.33669923e-04 -4.66944359 -4.50464772 -4.31956499 -4.16642889 -4.04665008 
4.32876128e-04 -4.66944359 -4.50464772 -4.31956499 -4.16642889 -4.04665008 
3.51119173e-04 -4.66944359 -4.50464772 -4.31956499 -4.16642889 -4.04665008 
2.84803587e-04 -4.66944359 -4.50464772 -4.31956499 -4.16642889 -4.04665008 
2.31012970e-04 -4.66944359 -4.50464772 -4.31956499 -4.16642889 -4.04665008 
1.87381742e-04 -4.66944359 -4.50464772 -4.31956499 -4.16642889 -4.04665008 
1.51991108e-04 -4.66944359 -4.50464772 -4.31956499 -4.16642889 -4.04665008 
1.23284674e-04 -4.66944359 -4.50464772 -4.31956499 -4.16642889 -4.04665008 
1.00000000e-04 -4.66944359 -4.50464772 -4.31956499 -4.16642889 -4.04665008 
8.11130831e-05 -4.66944359 -4.50464772 -4.31956499 -4.16642889 -4.04665008 
6.57933225e-05 -4.66944359 -4.50464772 -4.31956499 -4.16642889 -4.04665008 
5.33669923e-05 -4.66944359 -4.50464772 -4.31956499 -4.16642889 -4.04665008 
4.32876128e-05 -4.66944359 -4.50464772 -4.31956499 -4.16642889 -4.04665008 
3.51119173e-05 -4.66944359 -4.50464772 -4.31956499 -4.16642889 -4.04665008 
2.84803587e-05 -4.66944359 -4.50464772 -4.31956499 -4.16642889 -4.04665008 
2.31012970e-05 -4.66944359 -4.50464772 -4.31956499 -4.16642889 -4.04665008 
1.87381742e-05 -4.66944359 -4.50464772 -4.31956499 -4.16642889 -4.04665008 
1.51991108e-05 -4.66944359 -4.50464772 -4.31956499 -4.16642889 -4.04665008 
1.23284674e-05 -4.66944359 -4.50464772 -4.31956499 -4.16642889 -4.04665008 
1.00000000e-05 -4.66944359 -4.50464772 -4.31956499 -4.16642889 -4.04665008 
8.11130831e-06 -4.66944359 -4.50464772 -4.31956499 -4.16642889 -4.04665008 
6.57933225e-06 -4.66944359 -4.50464772 -4.31956499 -4.16642889 -4.04665008 
5.33669923e-06 -4.66944359 -4.50464772 -4.31956499 -4.16642889 -4.04665008 
4.32876128e-06 -4.66944359 -4.50464772 -4.31956499 -4.16642889 -4.04665008 
3.51119173e-06 -4.66944359 -4.50464772 -4.31956499 -4.16642889 -4.04665008 
2.84803587e-06 -4.66944359 -4.50464772 -4.31956499 -4.16642889 -4.04665008 
2.31012970e-06 -4.66944359 -4.50464772 -4.31956499 -4.16642889 -4.04665008 
1.87381742e-06 -4.66944359 -4.50464772 -4.31956499 -4.16642889 -4.04665008 
1.51991108e-06 -4.66944359 -4.50464772 -4.31956499 -4.16642889 -4.04665008 
1.23284674e-06 -4.66944359 -4.50464772 -4.31956499 -4.16642889 -4.04665008 
1.00000000e-06 -4.66944359 -4.50464772 -4.31956499 -4.16642889 -4.04665008 
8.11130831e-07 -4.66944359 -4.50464772 -4.31956499 -4.16642889 -4.04665008 
6.57933225e-07 -4.66944359 -4.50464772 -4.31956499 -4.16642889 -4.04665008 
5.33669923e-07 -4.66944359 -4.50464772 -4.31956499 -4.16642889 -4.04665008 
4.32876128e-07 -4.66944359 -4.50464772 -4.31956499 -4.16642889 -4.04665008 
3.51119173e-07 -4.66944359 -4.50464772 -4.31956499 -4.16642889 -4.04665008 
2.84803587e-07 -4.66944359 -4.50464772 -4.31956499 -4.16642889 -4.04665008 
2.31012970e-07 -4.66944359 -4.50464772 -4.31956499 -4.16642889 -4.04665008 
1.87381742e-07 -4.66944359 -4.50464772 -4.31956499 -4.16642889 -4.04665008 
1.51991108e-07 -4.66944359 -4.50464772 -4.31956499 -4.16642889 -4.04665008 
1.23284674e-07 -4.66944359 -4.50464772 -4.31956499 -4.16642889 -4.04665008 
1.00000000e-07 -4.66944359 -4.50464772 -4.31956499 -4.16642889 -4.04665008 
P (bar) | log_H2S: -2σ | log_H2S: -1σ | log_H2S: median | log_H2S: +1σ | log_H2S: +2σ 
1.00000000e+02 -6.96537171 -6.69184462 -6.02537648 -5.21397066 -4.61124534 
8.11130831e+01 -6.96537171 -6.69184462 -6.02537648 -5.21397066 -4.61124534 
6.57933225e+01 -6.96537171 -6.69184462 -6.02537648 -5.21397066 -4.61124534 
5.33669923e+01 -6.96537171 -6.69184462 -6.02537648 -5.21397066 -4.61124534 
4.32876128e+01 -6.96537171 -6.69184462 -6.02537648 -5.21397066 -4.61124534 
3.51119173e+01 -6.96537171 -6.69184462 -6.02537648 -5.21397066 -4.61124534 
2.84803587e+01 -6.96537171 -6.69184462 -6.02537648 -5.21397066 -4.61124534 
2.31012970e+01 -6.96537171 -6.69184462 -6.02537648 -5.21397066 -4.61124534 
1.87381742e+01 -6.96537171 -6.69184462 -6.02537648 -5.21397066 -4.61124534 
1.51991108e+01 -6.96537171 -6.69184462 -6.02537648 -5.21397066 -4.61124534 
1.23284674e+01 -6.96537171 -6.69184462 -6.02537648 -5.21397066 -4.61124534 
1.00000000e+01 -6.96537171 -6.69184462 -6.02537648 -5.21397066 -4.61124534 
8.11130831e+00 -6.96537171 -6.69184462 -6.02537648 -5.21397066 -4.61124534 
6.57933225e+00 -6.96537171 -6.69184462 -6.02537648 -5.21397066 -4.61124534 
5.33669923e+00 -6.96537171 -6.69184462 -6.02537648 -5.21397066 -4.61124534 
4.32876128e+00 -6.96537171 -6.69184462 -6.02537648 -5.21397066 -4.61124534 
3.51119173e+00 -6.96537171 -6.69184462 -6.02537648 -5.21397066 -4.61124534 
2.84803587e+00 -6.96537171 -6.69184462 -6.02537648 -5.21397066 -4.61124534 
2.31012970e+00 -6.96537171 -6.69184462 -6.02537648 -5.21397066 -4.61124534 
1.87381742e+00 -6.96537171 -6.69184462 -6.02537648 -5.21397066 -4.61124534 
1.51991108e+00 -6.96537171 -6.69184462 -6.02537648 -5.21397066 -4.61124534 
1.23284674e+00 -6.96537171 -6.69184462 -6.02537648 -5.21397066 -4.61124534 
1.00000000e+00 -6.96537171 -6.69184462 -6.02537648 -5.21397066 -4.61124534 
8.11130831e-01 -6.96537171 -6.69184462 -6.02537648 -5.21397066 -4.61124534 
6.57933225e-01 -6.96537171 -6.69184462 -6.02537648 -5.21397066 -4.61124534 
5.33669923e-01 -6.96537171 -6.69184462 -6.02537648 -5.21397066 -4.61124534 
4.32876128e-01 -6.96537171 -6.69184462 -6.02537648 -5.21397066 -4.61124534 
3.51119173e-01 -6.96537171 -6.69184462 -6.02537648 -5.21397066 -4.61124534 
2.84803587e-01 -6.96537171 -6.69184462 -6.02537648 -5.21397066 -4.61124534 
2.31012970e-01 -6.96537171 -6.69184462 -6.02537648 -5.21397066 -4.61124534 
1.87381742e-01 -6.96537171 -6.69184462 -6.02537648 -5.21397066 -4.61124534 
1.51991108e-01 -6.96537171 -6.69184462 -6.02537648 -5.21397066 -4.61124534 
1.23284674e-01 -6.96537171 -6.69184462 -6.02537648 -5.21397066 -4.61124534 
1.00000000e-01 -6.96537171 -6.69184462 -6.02537648 -5.21397066 -4.61124534 
8.11130831e-02 -6.96537171 -6.69184462 -6.02537648 -5.21397066 -4.61124534 
6.57933225e-02 -6.96537171 -6.69184462 -6.02537648 -5.21397066 -4.61124534 
5.33669923e-02 -6.96537171 -6.69184462 -6.02537648 -5.21397066 -4.61124534 
4.32876128e-02 -6.96537171 -6.69184462 -6.02537648 -5.21397066 -4.61124534 
3.51119173e-02 -6.96537171 -6.69184462 -6.02537648 -5.21397066 -4.61124534 
2.84803587e-02 -6.96537171 -6.69184462 -6.02537648 -5.21397066 -4.61124534 
2.31012970e-02 -6.96537171 -6.69184462 -6.02537648 -5.21397066 -4.61124534 
1.87381742e-02 -6.96537171 -6.69184462 -6.02537648 -5.21397066 -4.61124534 
1.51991108e-02 -6.96537171 -6.69184462 -6.02537648 -5.21397066 -4.61124534 
1.23284674e-02 -6.96537171 -6.69184462 -6.02537648 -5.21397066 -4.61124534 
1.00000000e-02 -6.96537171 -6.69184462 -6.02537648 -5.21397066 -4.61124534 
8.11130831e-03 -6.96537171 -6.69184462 -6.02537648 -5.21397066 -4.61124534 
6.57933225e-03 -6.96537171 -6.69184462 -6.02537648 -5.21397066 -4.61124534 
5.33669923e-03 -6.96537171 -6.69184462 -6.02537648 -5.21397066 -4.61124534 
4.32876128e-03 -6.96537171 -6.69184462 -6.02537648 -5.21397066 -4.61124534 
3.51119173e-03 -6.96537171 -6.69184462 -6.02537648 -5.21397066 -4.61124534 
2.84803587e-03 -6.96537171 -6.69184462 -6.02537648 -5.21397066 -4.61124534 
2.31012970e-03 -6.96537171 -6.69184462 -6.02537648 -5.21397066 -4.61124534 
1.87381742e-03 -6.96537171 -6.69184462 -6.02537648 -5.21397066 -4.61124534 
1.51991108e-03 -6.96537171 -6.69184462 -6.02537648 -5.21397066 -4.61124534 
1.23284674e-03 -6.96537171 -6.69184462 -6.02537648 -5.21397066 -4.61124534 
1.00000000e-03 -6.96537171 -6.69184462 -6.02537648 -5.21397066 -4.61124534 
8.11130831e-04 -6.96537171 -6.69184462 -6.02537648 -5.21397066 -4.61124534 
6.57933225e-04 -6.96537171 -6.69184462 -6.02537648 -5.21397066 -4.61124534 
5.33669923e-04 -6.96537171 -6.69184462 -6.02537648 -5.21397066 -4.61124534 
4.32876128e-04 -6.96537171 -6.69184462 -6.02537648 -5.21397066 -4.61124534 
3.51119173e-04 -6.96537171 -6.69184462 -6.02537648 -5.21397066 -4.61124534 
2.84803587e-04 -6.96537171 -6.69184462 -6.02537648 -5.21397066 -4.61124534 
2.31012970e-04 -6.96537171 -6.69184462 -6.02537648 -5.21397066 -4.61124534 
1.87381742e-04 -6.96537171 -6.69184462 -6.02537648 -5.21397066 -4.61124534 
1.51991108e-04 -6.96537171 -6.69184462 -6.02537648 -5.21397066 -4.61124534 
1.23284674e-04 -6.96537171 -6.69184462 -6.02537648 -5.21397066 -4.61124534 
1.00000000e-04 -6.96537171 -6.69184462 -6.02537648 -5.21397066 -4.61124534 
8.11130831e-05 -6.96537171 -6.69184462 -6.02537648 -5.21397066 -4.61124534 
6.57933225e-05 -6.96537171 -6.69184462 -6.02537648 -5.21397066 -4.61124534 
5.33669923e-05 -6.96537171 -6.69184462 -6.02537648 -5.21397066 -4.61124534 
4.32876128e-05 -6.96537171 -6.69184462 -6.02537648 -5.21397066 -4.61124534 
3.51119173e-05 -6.96537171 -6.69184462 -6.02537648 -5.21397066 -4.61124534 
2.84803587e-05 -6.96537171 -6.69184462 -6.02537648 -5.21397066 -4.61124534 
2.31012970e-05 -6.96537171 -6.69184462 -6.02537648 -5.21397066 -4.61124534 
1.87381742e-05 -6.96537171 -6.69184462 -6.02537648 -5.21397066 -4.61124534 
1.51991108e-05 -6.96537171 -6.69184462 -6.02537648 -5.21397066 -4.61124534 
1.23284674e-05 -6.96537171 -6.69184462 -6.02537648 -5.21397066 -4.61124534 
1.00000000e-05 -6.96537171 -6.69184462 -6.02537648 -5.21397066 -4.61124534 
8.11130831e-06 -6.96537171 -6.69184462 -6.02537648 -5.21397066 -4.61124534 
6.57933225e-06 -6.96537171 -6.69184462 -6.02537648 -5.21397066 -4.61124534 
5.33669923e-06 -6.96537171 -6.69184462 -6.02537648 -5.21397066 -4.61124534 
4.32876128e-06 -6.96537171 -6.69184462 -6.02537648 -5.21397066 -4.61124534 
3.51119173e-06 -6.96537171 -6.69184462 -6.02537648 -5.21397066 -4.61124534 
2.84803587e-06 -6.96537171 -6.69184462 -6.02537648 -5.21397066 -4.61124534 
2.31012970e-06 -6.96537171 -6.69184462 -6.02537648 -5.21397066 -4.61124534 
1.87381742e-06 -6.96537171 -6.69184462 -6.02537648 -5.21397066 -4.61124534 
1.51991108e-06 -6.96537171 -6.69184462 -6.02537648 -5.21397066 -4.61124534 
1.23284674e-06 -6.96537171 -6.69184462 -6.02537648 -5.21397066 -4.61124534 
1.00000000e-06 -6.96537171 -6.69184462 -6.02537648 -5.21397066 -4.61124534 
8.11130831e-07 -6.96537171 -6.69184462 -6.02537648 -5.21397066 -4.61124534 
6.57933225e-07 -6.96537171 -6.69184462 -6.02537648 -5.21397066 -4.61124534 
5.33669923e-07 -6.96537171 -6.69184462 -6.02537648 -5.21397066 -4.61124534 
4.32876128e-07 -6.96537171 -6.69184462 -6.02537648 -5.21397066 -4.61124534 
3.51119173e-07 -6.96537171 -6.69184462 -6.02537648 -5.21397066 -4.61124534 
2.84803587e-07 -6.96537171 -6.69184462 -6.02537648 -5.21397066 -4.61124534 
2.31012970e-07 -6.96537171 -6.69184462 -6.02537648 -5.21397066 -4.61124534 
1.87381742e-07 -6.96537171 -6.69184462 -6.02537648 -5.21397066 -4.61124534 
1.51991108e-07 -6.96537171 -6.69184462 -6.02537648 -5.21397066 -4.61124534 
1.23284674e-07 -6.96537171 -6.69184462 -6.02537648 -5.21397066 -4.61124534 
1.00000000e-07 -6.96537171 -6.69184462 -6.02537648 -5.21397066 -4.61124534 
