Chemical species: H2 He H2O CO2 SO2 K CO Na CH4 H2S
P (bar) | log_H2: -2σ | log_H2: -1σ | log_H2: median | log_H2: +1σ | log_H2: +2σ 
1.00000000e+02 -0.13607473 -0.13094569 -0.12680836 -0.12340194 -0.12010059 
8.11130831e+01 -0.13607473 -0.13094569 -0.12680836 -0.12340194 -0.12010059 
6.57933225e+01 -0.13607473 -0.13094569 -0.12680836 -0.12340194 -0.12010059 
5.33669923e+01 -0.13607473 -0.13094569 -0.12680836 -0.12340194 -0.12010059 
4.32876128e+01 -0.13607473 -0.13094569 -0.12680836 -0.12340194 -0.12010059 
3.51119173e+01 -0.13607473 -0.13094569 -0.12680836 -0.12340194 -0.12010059 
2.84803587e+01 -0.13607473 -0.13094569 -0.12680836 -0.12340194 -0.12010059 
2.31012970e+01 -0.13607473 -0.13094569 -0.12680836 -0.12340194 -0.12010059 
1.87381742e+01 -0.13607473 -0.13094569 -0.12680836 -0.12340194 -0.12010059 
1.51991108e+01 -0.13607473 -0.13094569 -0.12680836 -0.12340194 -0.12010059 
1.23284674e+01 -0.13607473 -0.13094569 -0.12680836 -0.12340194 -0.12010059 
1.00000000e+01 -0.13607473 -0.13094569 -0.12680836 -0.12340194 -0.12010059 
8.11130831e+00 -0.13607473 -0.13094569 -0.12680836 -0.12340194 -0.12010059 
6.57933225e+00 -0.13607473 -0.13094569 -0.12680836 -0.12340194 -0.12010059 
5.33669923e+00 -0.13607473 -0.13094569 -0.12680836 -0.12340194 -0.12010059 
4.32876128e+00 -0.13607473 -0.13094569 -0.12680836 -0.12340194 -0.12010059 
3.51119173e+00 -0.13607473 -0.13094569 -0.12680836 -0.12340194 -0.12010059 
2.84803587e+00 -0.13607473 -0.13094569 -0.12680836 -0.12340194 -0.12010059 
2.31012970e+00 -0.13607473 -0.13094569 -0.12680836 -0.12340194 -0.12010059 
1.87381742e+00 -0.13607473 -0.13094569 -0.12680836 -0.12340194 -0.12010059 
1.51991108e+00 -0.13607473 -0.13094569 -0.12680836 -0.12340194 -0.12010059 
1.23284674e+00 -0.13607473 -0.13094569 -0.12680836 -0.12340194 -0.12010059 
1.00000000e+00 -0.13607473 -0.13094569 -0.12680836 -0.12340194 -0.12010059 
8.11130831e-01 -0.13607473 -0.13094569 -0.12680836 -0.12340194 -0.12010059 
6.57933225e-01 -0.13607473 -0.13094569 -0.12680836 -0.12340194 -0.12010059 
5.33669923e-01 -0.13607473 -0.13094569 -0.12680836 -0.12340194 -0.12010059 
4.32876128e-01 -0.13607473 -0.13094569 -0.12680836 -0.12340194 -0.12010059 
3.51119173e-01 -0.13607473 -0.13094569 -0.12680836 -0.12340194 -0.12010059 
2.84803587e-01 -0.13607473 -0.13094569 -0.12680836 -0.12340194 -0.12010059 
2.31012970e-01 -0.13607473 -0.13094569 -0.12680836 -0.12340194 -0.12010059 
1.87381742e-01 -0.13607473 -0.13094569 -0.12680836 -0.12340194 -0.12010059 
1.51991108e-01 -0.13607473 -0.13094569 -0.12680836 -0.12340194 -0.12010059 
1.23284674e-01 -0.13607473 -0.13094569 -0.12680836 -0.12340194 -0.12010059 
1.00000000e-01 -0.13607473 -0.13094569 -0.12680836 -0.12340194 -0.12010059 
8.11130831e-02 -0.13607473 -0.13094569 -0.12680836 -0.12340194 -0.12010059 
6.57933225e-02 -0.13607473 -0.13094569 -0.12680836 -0.12340194 -0.12010059 
5.33669923e-02 -0.13607473 -0.13094569 -0.12680836 -0.12340194 -0.12010059 
4.32876128e-02 -0.13607473 -0.13094569 -0.12680836 -0.12340194 -0.12010059 
3.51119173e-02 -0.13607473 -0.13094569 -0.12680836 -0.12340194 -0.12010059 
2.84803587e-02 -0.13607473 -0.13094569 -0.12680836 -0.12340194 -0.12010059 
2.31012970e-02 -0.13607473 -0.13094569 -0.12680836 -0.12340194 -0.12010059 
1.87381742e-02 -0.13607473 -0.13094569 -0.12680836 -0.12340194 -0.12010059 
1.51991108e-02 -0.13607473 -0.13094569 -0.12680836 -0.12340194 -0.12010059 
1.23284674e-02 -0.13607473 -0.13094569 -0.12680836 -0.12340194 -0.12010059 
1.00000000e-02 -0.13607473 -0.13094569 -0.12680836 -0.12340194 -0.12010059 
8.11130831e-03 -0.13607473 -0.13094569 -0.12680836 -0.12340194 -0.12010059 
6.57933225e-03 -0.13607473 -0.13094569 -0.12680836 -0.12340194 -0.12010059 
5.33669923e-03 -0.13607473 -0.13094569 -0.12680836 -0.12340194 -0.12010059 
4.32876128e-03 -0.13607473 -0.13094569 -0.12680836 -0.12340194 -0.12010059 
3.51119173e-03 -0.13607473 -0.13094569 -0.12680836 -0.12340194 -0.12010059 
2.84803587e-03 -0.13607473 -0.13094569 -0.12680836 -0.12340194 -0.12010059 
2.31012970e-03 -0.13607473 -0.13094569 -0.12680836 -0.12340194 -0.12010059 
1.87381742e-03 -0.13607473 -0.13094569 -0.12680836 -0.12340194 -0.12010059 
1.51991108e-03 -0.13607473 -0.13094569 -0.12680836 -0.12340194 -0.12010059 
1.23284674e-03 -0.13607473 -0.13094569 -0.12680836 -0.12340194 -0.12010059 
1.00000000e-03 -0.13607473 -0.13094569 -0.12680836 -0.12340194 -0.12010059 
8.11130831e-04 -0.13607473 -0.13094569 -0.12680836 -0.12340194 -0.12010059 
6.57933225e-04 -0.13607473 -0.13094569 -0.12680836 -0.12340194 -0.12010059 
5.33669923e-04 -0.13607473 -0.13094569 -0.12680836 -0.12340194 -0.12010059 
4.32876128e-04 -0.13607473 -0.13094569 -0.12680836 -0.12340194 -0.12010059 
3.51119173e-04 -0.13607473 -0.13094569 -0.12680836 -0.12340194 -0.12010059 
2.84803587e-04 -0.13607473 -0.13094569 -0.12680836 -0.12340194 -0.12010059 
2.31012970e-04 -0.13607473 -0.13094569 -0.12680836 -0.12340194 -0.12010059 
1.87381742e-04 -0.13607473 -0.13094569 -0.12680836 -0.12340194 -0.12010059 
1.51991108e-04 -0.13607473 -0.13094569 -0.12680836 -0.12340194 -0.12010059 
1.23284674e-04 -0.13607473 -0.13094569 -0.12680836 -0.12340194 -0.12010059 
1.00000000e-04 -0.13607473 -0.13094569 -0.12680836 -0.12340194 -0.12010059 
8.11130831e-05 -0.13607473 -0.13094569 -0.12680836 -0.12340194 -0.12010059 
6.57933225e-05 -0.13607473 -0.13094569 -0.12680836 -0.12340194 -0.12010059 
5.33669923e-05 -0.13607473 -0.13094569 -0.12680836 -0.12340194 -0.12010059 
4.32876128e-05 -0.13607473 -0.13094569 -0.12680836 -0.12340194 -0.12010059 
3.51119173e-05 -0.13607473 -0.13094569 -0.12680836 -0.12340194 -0.12010059 
2.84803587e-05 -0.13607473 -0.13094569 -0.12680836 -0.12340194 -0.12010059 
2.31012970e-05 -0.13607473 -0.13094569 -0.12680836 -0.12340194 -0.12010059 
1.87381742e-05 -0.13607473 -0.13094569 -0.12680836 -0.12340194 -0.12010059 
1.51991108e-05 -0.13607473 -0.13094569 -0.12680836 -0.12340194 -0.12010059 
1.23284674e-05 -0.13607473 -0.13094569 -0.12680836 -0.12340194 -0.12010059 
1.00000000e-05 -0.13607473 -0.13094569 -0.12680836 -0.12340194 -0.12010059 
8.11130831e-06 -0.13607473 -0.13094569 -0.12680836 -0.12340194 -0.12010059 
6.57933225e-06 -0.13607473 -0.13094569 -0.12680836 -0.12340194 -0.12010059 
5.33669923e-06 -0.13607473 -0.13094569 -0.12680836 -0.12340194 -0.12010059 
4.32876128e-06 -0.13607473 -0.13094569 -0.12680836 -0.12340194 -0.12010059 
3.51119173e-06 -0.13607473 -0.13094569 -0.12680836 -0.12340194 -0.12010059 
2.84803587e-06 -0.13607473 -0.13094569 -0.12680836 -0.12340194 -0.12010059 
2.31012970e-06 -0.13607473 -0.13094569 -0.12680836 -0.12340194 -0.12010059 
1.87381742e-06 -0.13607473 -0.13094569 -0.12680836 -0.12340194 -0.12010059 
1.51991108e-06 -0.13607473 -0.13094569 -0.12680836 -0.12340194 -0.12010059 
1.23284674e-06 -0.13607473 -0.13094569 -0.12680836 -0.12340194 -0.12010059 
1.00000000e-06 -0.13607473 -0.13094569 -0.12680836 -0.12340194 -0.12010059 
8.11130831e-07 -0.13607473 -0.13094569 -0.12680836 -0.12340194 -0.12010059 
6.57933225e-07 -0.13607473 -0.13094569 -0.12680836 -0.12340194 -0.12010059 
5.33669923e-07 -0.13607473 -0.13094569 -0.12680836 -0.12340194 -0.12010059 
4.32876128e-07 -0.13607473 -0.13094569 -0.12680836 -0.12340194 -0.12010059 
3.51119173e-07 -0.13607473 -0.13094569 -0.12680836 -0.12340194 -0.12010059 
2.84803587e-07 -0.13607473 -0.13094569 -0.12680836 -0.12340194 -0.12010059 
2.31012970e-07 -0.13607473 -0.13094569 -0.12680836 -0.12340194 -0.12010059 
1.87381742e-07 -0.13607473 -0.13094569 -0.12680836 -0.12340194 -0.12010059 
1.51991108e-07 -0.13607473 -0.13094569 -0.12680836 -0.12340194 -0.12010059 
1.23284674e-07 -0.13607473 -0.13094569 -0.12680836 -0.12340194 -0.12010059 
1.00000000e-07 -0.13607473 -0.13094569 -0.12680836 -0.12340194 -0.12010059 
P (bar) | log_He: -2σ | log_He: -1σ | log_He: median | log_He: +1σ | log_He: +2σ 
1.00000000e+02 -0.90562581 -0.90049677 -0.89635944 -0.89295301 -0.88965167 
8.11130831e+01 -0.90562581 -0.90049677 -0.89635944 -0.89295301 -0.88965167 
6.57933225e+01 -0.90562581 -0.90049677 -0.89635944 -0.89295301 -0.88965167 
5.33669923e+01 -0.90562581 -0.90049677 -0.89635944 -0.89295301 -0.88965167 
4.32876128e+01 -0.90562581 -0.90049677 -0.89635944 -0.89295301 -0.88965167 
3.51119173e+01 -0.90562581 -0.90049677 -0.89635944 -0.89295301 -0.88965167 
2.84803587e+01 -0.90562581 -0.90049677 -0.89635944 -0.89295301 -0.88965167 
2.31012970e+01 -0.90562581 -0.90049677 -0.89635944 -0.89295301 -0.88965167 
1.87381742e+01 -0.90562581 -0.90049677 -0.89635944 -0.89295301 -0.88965167 
1.51991108e+01 -0.90562581 -0.90049677 -0.89635944 -0.89295301 -0.88965167 
1.23284674e+01 -0.90562581 -0.90049677 -0.89635944 -0.89295301 -0.88965167 
1.00000000e+01 -0.90562581 -0.90049677 -0.89635944 -0.89295301 -0.88965167 
8.11130831e+00 -0.90562581 -0.90049677 -0.89635944 -0.89295301 -0.88965167 
6.57933225e+00 -0.90562581 -0.90049677 -0.89635944 -0.89295301 -0.88965167 
5.33669923e+00 -0.90562581 -0.90049677 -0.89635944 -0.89295301 -0.88965167 
4.32876128e+00 -0.90562581 -0.90049677 -0.89635944 -0.89295301 -0.88965167 
3.51119173e+00 -0.90562581 -0.90049677 -0.89635944 -0.89295301 -0.88965167 
2.84803587e+00 -0.90562581 -0.90049677 -0.89635944 -0.89295301 -0.88965167 
2.31012970e+00 -0.90562581 -0.90049677 -0.89635944 -0.89295301 -0.88965167 
1.87381742e+00 -0.90562581 -0.90049677 -0.89635944 -0.89295301 -0.88965167 
1.51991108e+00 -0.90562581 -0.90049677 -0.89635944 -0.89295301 -0.88965167 
1.23284674e+00 -0.90562581 -0.90049677 -0.89635944 -0.89295301 -0.88965167 
1.00000000e+00 -0.90562581 -0.90049677 -0.89635944 -0.89295301 -0.88965167 
8.11130831e-01 -0.90562581 -0.90049677 -0.89635944 -0.89295301 -0.88965167 
6.57933225e-01 -0.90562581 -0.90049677 -0.89635944 -0.89295301 -0.88965167 
5.33669923e-01 -0.90562581 -0.90049677 -0.89635944 -0.89295301 -0.88965167 
4.32876128e-01 -0.90562581 -0.90049677 -0.89635944 -0.89295301 -0.88965167 
3.51119173e-01 -0.90562581 -0.90049677 -0.89635944 -0.89295301 -0.88965167 
2.84803587e-01 -0.90562581 -0.90049677 -0.89635944 -0.89295301 -0.88965167 
2.31012970e-01 -0.90562581 -0.90049677 -0.89635944 -0.89295301 -0.88965167 
1.87381742e-01 -0.90562581 -0.90049677 -0.89635944 -0.89295301 -0.88965167 
1.51991108e-01 -0.90562581 -0.90049677 -0.89635944 -0.89295301 -0.88965167 
1.23284674e-01 -0.90562581 -0.90049677 -0.89635944 -0.89295301 -0.88965167 
1.00000000e-01 -0.90562581 -0.90049677 -0.89635944 -0.89295301 -0.88965167 
8.11130831e-02 -0.90562581 -0.90049677 -0.89635944 -0.89295301 -0.88965167 
6.57933225e-02 -0.90562581 -0.90049677 -0.89635944 -0.89295301 -0.88965167 
5.33669923e-02 -0.90562581 -0.90049677 -0.89635944 -0.89295301 -0.88965167 
4.32876128e-02 -0.90562581 -0.90049677 -0.89635944 -0.89295301 -0.88965167 
3.51119173e-02 -0.90562581 -0.90049677 -0.89635944 -0.89295301 -0.88965167 
2.84803587e-02 -0.90562581 -0.90049677 -0.89635944 -0.89295301 -0.88965167 
2.31012970e-02 -0.90562581 -0.90049677 -0.89635944 -0.89295301 -0.88965167 
1.87381742e-02 -0.90562581 -0.90049677 -0.89635944 -0.89295301 -0.88965167 
1.51991108e-02 -0.90562581 -0.90049677 -0.89635944 -0.89295301 -0.88965167 
1.23284674e-02 -0.90562581 -0.90049677 -0.89635944 -0.89295301 -0.88965167 
1.00000000e-02 -0.90562581 -0.90049677 -0.89635944 -0.89295301 -0.88965167 
8.11130831e-03 -0.90562581 -0.90049677 -0.89635944 -0.89295301 -0.88965167 
6.57933225e-03 -0.90562581 -0.90049677 -0.89635944 -0.89295301 -0.88965167 
5.33669923e-03 -0.90562581 -0.90049677 -0.89635944 -0.89295301 -0.88965167 
4.32876128e-03 -0.90562581 -0.90049677 -0.89635944 -0.89295301 -0.88965167 
3.51119173e-03 -0.90562581 -0.90049677 -0.89635944 -0.89295301 -0.88965167 
2.84803587e-03 -0.90562581 -0.90049677 -0.89635944 -0.89295301 -0.88965167 
2.31012970e-03 -0.90562581 -0.90049677 -0.89635944 -0.89295301 -0.88965167 
1.87381742e-03 -0.90562581 -0.90049677 -0.89635944 -0.89295301 -0.88965167 
1.51991108e-03 -0.90562581 -0.90049677 -0.89635944 -0.89295301 -0.88965167 
1.23284674e-03 -0.90562581 -0.90049677 -0.89635944 -0.89295301 -0.88965167 
1.00000000e-03 -0.90562581 -0.90049677 -0.89635944 -0.89295301 -0.88965167 
8.11130831e-04 -0.90562581 -0.90049677 -0.89635944 -0.89295301 -0.88965167 
6.57933225e-04 -0.90562581 -0.90049677 -0.89635944 -0.89295301 -0.88965167 
5.33669923e-04 -0.90562581 -0.90049677 -0.89635944 -0.89295301 -0.88965167 
4.32876128e-04 -0.90562581 -0.90049677 -0.89635944 -0.89295301 -0.88965167 
3.51119173e-04 -0.90562581 -0.90049677 -0.89635944 -0.89295301 -0.88965167 
2.84803587e-04 -0.90562581 -0.90049677 -0.89635944 -0.89295301 -0.88965167 
2.31012970e-04 -0.90562581 -0.90049677 -0.89635944 -0.89295301 -0.88965167 
1.87381742e-04 -0.90562581 -0.90049677 -0.89635944 -0.89295301 -0.88965167 
1.51991108e-04 -0.90562581 -0.90049677 -0.89635944 -0.89295301 -0.88965167 
1.23284674e-04 -0.90562581 -0.90049677 -0.89635944 -0.89295301 -0.88965167 
1.00000000e-04 -0.90562581 -0.90049677 -0.89635944 -0.89295301 -0.88965167 
8.11130831e-05 -0.90562581 -0.90049677 -0.89635944 -0.89295301 -0.88965167 
6.57933225e-05 -0.90562581 -0.90049677 -0.89635944 -0.89295301 -0.88965167 
5.33669923e-05 -0.90562581 -0.90049677 -0.89635944 -0.89295301 -0.88965167 
4.32876128e-05 -0.90562581 -0.90049677 -0.89635944 -0.89295301 -0.88965167 
3.51119173e-05 -0.90562581 -0.90049677 -0.89635944 -0.89295301 -0.88965167 
2.84803587e-05 -0.90562581 -0.90049677 -0.89635944 -0.89295301 -0.88965167 
2.31012970e-05 -0.90562581 -0.90049677 -0.89635944 -0.89295301 -0.88965167 
1.87381742e-05 -0.90562581 -0.90049677 -0.89635944 -0.89295301 -0.88965167 
1.51991108e-05 -0.90562581 -0.90049677 -0.89635944 -0.89295301 -0.88965167 
1.23284674e-05 -0.90562581 -0.90049677 -0.89635944 -0.89295301 -0.88965167 
1.00000000e-05 -0.90562581 -0.90049677 -0.89635944 -0.89295301 -0.88965167 
8.11130831e-06 -0.90562581 -0.90049677 -0.89635944 -0.89295301 -0.88965167 
6.57933225e-06 -0.90562581 -0.90049677 -0.89635944 -0.89295301 -0.88965167 
5.33669923e-06 -0.90562581 -0.90049677 -0.89635944 -0.89295301 -0.88965167 
4.32876128e-06 -0.90562581 -0.90049677 -0.89635944 -0.89295301 -0.88965167 
3.51119173e-06 -0.90562581 -0.90049677 -0.89635944 -0.89295301 -0.88965167 
2.84803587e-06 -0.90562581 -0.90049677 -0.89635944 -0.89295301 -0.88965167 
2.31012970e-06 -0.90562581 -0.90049677 -0.89635944 -0.89295301 -0.88965167 
1.87381742e-06 -0.90562581 -0.90049677 -0.89635944 -0.89295301 -0.88965167 
1.51991108e-06 -0.90562581 -0.90049677 -0.89635944 -0.89295301 -0.88965167 
1.23284674e-06 -0.90562581 -0.90049677 -0.89635944 -0.89295301 -0.88965167 
1.00000000e-06 -0.90562581 -0.90049677 -0.89635944 -0.89295301 -0.88965167 
8.11130831e-07 -0.90562581 -0.90049677 -0.89635944 -0.89295301 -0.88965167 
6.57933225e-07 -0.90562581 -0.90049677 -0.89635944 -0.89295301 -0.88965167 
5.33669923e-07 -0.90562581 -0.90049677 -0.89635944 -0.89295301 -0.88965167 
4.32876128e-07 -0.90562581 -0.90049677 -0.89635944 -0.89295301 -0.88965167 
3.51119173e-07 -0.90562581 -0.90049677 -0.89635944 -0.89295301 -0.88965167 
2.84803587e-07 -0.90562581 -0.90049677 -0.89635944 -0.89295301 -0.88965167 
2.31012970e-07 -0.90562581 -0.90049677 -0.89635944 -0.89295301 -0.88965167 
1.87381742e-07 -0.90562581 -0.90049677 -0.89635944 -0.89295301 -0.88965167 
1.51991108e-07 -0.90562581 -0.90049677 -0.89635944 -0.89295301 -0.88965167 
1.23284674e-07 -0.90562581 -0.90049677 -0.89635944 -0.89295301 -0.88965167 
1.00000000e-07 -0.90562581 -0.90049677 -0.89635944 -0.89295301 -0.88965167 
P (bar) | log_H2O: -2σ | log_H2O: -1σ | log_H2O: median | log_H2O: +1σ | log_H2O: +2σ 
1.00000000e+02 -1.63661614 -1.51950635 -1.40853098 -1.27472713 -1.12612499 
8.11130831e+01 -1.63661614 -1.51950635 -1.40853098 -1.27472713 -1.12612499 
6.57933225e+01 -1.63661614 -1.51950635 -1.40853098 -1.27472713 -1.12612499 
5.33669923e+01 -1.63661614 -1.51950635 -1.40853098 -1.27472713 -1.12612499 
4.32876128e+01 -1.63661614 -1.51950635 -1.40853098 -1.27472713 -1.12612499 
3.51119173e+01 -1.63661614 -1.51950635 -1.40853098 -1.27472713 -1.12612499 
2.84803587e+01 -1.63661614 -1.51950635 -1.40853098 -1.27472713 -1.12612499 
2.31012970e+01 -1.63661614 -1.51950635 -1.40853098 -1.27472713 -1.12612499 
1.87381742e+01 -1.63661614 -1.51950635 -1.40853098 -1.27472713 -1.12612499 
1.51991108e+01 -1.63661614 -1.51950635 -1.40853098 -1.27472713 -1.12612499 
1.23284674e+01 -1.63661614 -1.51950635 -1.40853098 -1.27472713 -1.12612499 
1.00000000e+01 -1.63661614 -1.51950635 -1.40853098 -1.27472713 -1.12612499 
8.11130831e+00 -1.63661614 -1.51950635 -1.40853098 -1.27472713 -1.12612499 
6.57933225e+00 -1.63661614 -1.51950635 -1.40853098 -1.27472713 -1.12612499 
5.33669923e+00 -1.63661614 -1.51950635 -1.40853098 -1.27472713 -1.12612499 
4.32876128e+00 -1.63661614 -1.51950635 -1.40853098 -1.27472713 -1.12612499 
3.51119173e+00 -1.63661614 -1.51950635 -1.40853098 -1.27472713 -1.12612499 
2.84803587e+00 -1.63661614 -1.51950635 -1.40853098 -1.27472713 -1.12612499 
2.31012970e+00 -1.63661614 -1.51950635 -1.40853098 -1.27472713 -1.12612499 
1.87381742e+00 -1.63661614 -1.51950635 -1.40853098 -1.27472713 -1.12612499 
1.51991108e+00 -1.63661614 -1.51950635 -1.40853098 -1.27472713 -1.12612499 
1.23284674e+00 -1.63661614 -1.51950635 -1.40853098 -1.27472713 -1.12612499 
1.00000000e+00 -1.63661614 -1.51950635 -1.40853098 -1.27472713 -1.12612499 
8.11130831e-01 -1.63661614 -1.51950635 -1.40853098 -1.27472713 -1.12612499 
6.57933225e-01 -1.63661614 -1.51950635 -1.40853098 -1.27472713 -1.12612499 
5.33669923e-01 -1.63661614 -1.51950635 -1.40853098 -1.27472713 -1.12612499 
4.32876128e-01 -1.63661614 -1.51950635 -1.40853098 -1.27472713 -1.12612499 
3.51119173e-01 -1.63661614 -1.51950635 -1.40853098 -1.27472713 -1.12612499 
2.84803587e-01 -1.63661614 -1.51950635 -1.40853098 -1.27472713 -1.12612499 
2.31012970e-01 -1.63661614 -1.51950635 -1.40853098 -1.27472713 -1.12612499 
1.87381742e-01 -1.63661614 -1.51950635 -1.40853098 -1.27472713 -1.12612499 
1.51991108e-01 -1.63661614 -1.51950635 -1.40853098 -1.27472713 -1.12612499 
1.23284674e-01 -1.63661614 -1.51950635 -1.40853098 -1.27472713 -1.12612499 
1.00000000e-01 -1.63661614 -1.51950635 -1.40853098 -1.27472713 -1.12612499 
8.11130831e-02 -1.63661614 -1.51950635 -1.40853098 -1.27472713 -1.12612499 
6.57933225e-02 -1.63661614 -1.51950635 -1.40853098 -1.27472713 -1.12612499 
5.33669923e-02 -1.63661614 -1.51950635 -1.40853098 -1.27472713 -1.12612499 
4.32876128e-02 -1.63661614 -1.51950635 -1.40853098 -1.27472713 -1.12612499 
3.51119173e-02 -1.63661614 -1.51950635 -1.40853098 -1.27472713 -1.12612499 
2.84803587e-02 -1.63661614 -1.51950635 -1.40853098 -1.27472713 -1.12612499 
2.31012970e-02 -1.63661614 -1.51950635 -1.40853098 -1.27472713 -1.12612499 
1.87381742e-02 -1.63661614 -1.51950635 -1.40853098 -1.27472713 -1.12612499 
1.51991108e-02 -1.63661614 -1.51950635 -1.40853098 -1.27472713 -1.12612499 
1.23284674e-02 -1.63661614 -1.51950635 -1.40853098 -1.27472713 -1.12612499 
1.00000000e-02 -1.63661614 -1.51950635 -1.40853098 -1.27472713 -1.12612499 
8.11130831e-03 -1.63661614 -1.51950635 -1.40853098 -1.27472713 -1.12612499 
6.57933225e-03 -1.63661614 -1.51950635 -1.40853098 -1.27472713 -1.12612499 
5.33669923e-03 -1.63661614 -1.51950635 -1.40853098 -1.27472713 -1.12612499 
4.32876128e-03 -1.63661614 -1.51950635 -1.40853098 -1.27472713 -1.12612499 
3.51119173e-03 -1.63661614 -1.51950635 -1.40853098 -1.27472713 -1.12612499 
2.84803587e-03 -1.63661614 -1.51950635 -1.40853098 -1.27472713 -1.12612499 
2.31012970e-03 -1.63661614 -1.51950635 -1.40853098 -1.27472713 -1.12612499 
1.87381742e-03 -1.63661614 -1.51950635 -1.40853098 -1.27472713 -1.12612499 
1.51991108e-03 -1.63661614 -1.51950635 -1.40853098 -1.27472713 -1.12612499 
1.23284674e-03 -1.63661614 -1.51950635 -1.40853098 -1.27472713 -1.12612499 
1.00000000e-03 -1.63661614 -1.51950635 -1.40853098 -1.27472713 -1.12612499 
8.11130831e-04 -1.63661614 -1.51950635 -1.40853098 -1.27472713 -1.12612499 
6.57933225e-04 -1.63661614 -1.51950635 -1.40853098 -1.27472713 -1.12612499 
5.33669923e-04 -1.63661614 -1.51950635 -1.40853098 -1.27472713 -1.12612499 
4.32876128e-04 -1.63661614 -1.51950635 -1.40853098 -1.27472713 -1.12612499 
3.51119173e-04 -1.63661614 -1.51950635 -1.40853098 -1.27472713 -1.12612499 
2.84803587e-04 -1.63661614 -1.51950635 -1.40853098 -1.27472713 -1.12612499 
2.31012970e-04 -1.63661614 -1.51950635 -1.40853098 -1.27472713 -1.12612499 
1.87381742e-04 -1.63661614 -1.51950635 -1.40853098 -1.27472713 -1.12612499 
1.51991108e-04 -1.63661614 -1.51950635 -1.40853098 -1.27472713 -1.12612499 
1.23284674e-04 -1.63661614 -1.51950635 -1.40853098 -1.27472713 -1.12612499 
1.00000000e-04 -1.63661614 -1.51950635 -1.40853098 -1.27472713 -1.12612499 
8.11130831e-05 -1.63661614 -1.51950635 -1.40853098 -1.27472713 -1.12612499 
6.57933225e-05 -1.63661614 -1.51950635 -1.40853098 -1.27472713 -1.12612499 
5.33669923e-05 -1.63661614 -1.51950635 -1.40853098 -1.27472713 -1.12612499 
4.32876128e-05 -1.63661614 -1.51950635 -1.40853098 -1.27472713 -1.12612499 
3.51119173e-05 -1.63661614 -1.51950635 -1.40853098 -1.27472713 -1.12612499 
2.84803587e-05 -1.63661614 -1.51950635 -1.40853098 -1.27472713 -1.12612499 
2.31012970e-05 -1.63661614 -1.51950635 -1.40853098 -1.27472713 -1.12612499 
1.87381742e-05 -1.63661614 -1.51950635 -1.40853098 -1.27472713 -1.12612499 
1.51991108e-05 -1.63661614 -1.51950635 -1.40853098 -1.27472713 -1.12612499 
1.23284674e-05 -1.63661614 -1.51950635 -1.40853098 -1.27472713 -1.12612499 
1.00000000e-05 -1.63661614 -1.51950635 -1.40853098 -1.27472713 -1.12612499 
8.11130831e-06 -1.63661614 -1.51950635 -1.40853098 -1.27472713 -1.12612499 
6.57933225e-06 -1.63661614 -1.51950635 -1.40853098 -1.27472713 -1.12612499 
5.33669923e-06 -1.63661614 -1.51950635 -1.40853098 -1.27472713 -1.12612499 
4.32876128e-06 -1.63661614 -1.51950635 -1.40853098 -1.27472713 -1.12612499 
3.51119173e-06 -1.63661614 -1.51950635 -1.40853098 -1.27472713 -1.12612499 
2.84803587e-06 -1.63661614 -1.51950635 -1.40853098 -1.27472713 -1.12612499 
2.31012970e-06 -1.63661614 -1.51950635 -1.40853098 -1.27472713 -1.12612499 
1.87381742e-06 -1.63661614 -1.51950635 -1.40853098 -1.27472713 -1.12612499 
1.51991108e-06 -1.63661614 -1.51950635 -1.40853098 -1.27472713 -1.12612499 
1.23284674e-06 -1.63661614 -1.51950635 -1.40853098 -1.27472713 -1.12612499 
1.00000000e-06 -1.63661614 -1.51950635 -1.40853098 -1.27472713 -1.12612499 
8.11130831e-07 -1.63661614 -1.51950635 -1.40853098 -1.27472713 -1.12612499 
6.57933225e-07 -1.63661614 -1.51950635 -1.40853098 -1.27472713 -1.12612499 
5.33669923e-07 -1.63661614 -1.51950635 -1.40853098 -1.27472713 -1.12612499 
4.32876128e-07 -1.63661614 -1.51950635 -1.40853098 -1.27472713 -1.12612499 
3.51119173e-07 -1.63661614 -1.51950635 -1.40853098 -1.27472713 -1.12612499 
2.84803587e-07 -1.63661614 -1.51950635 -1.40853098 -1.27472713 -1.12612499 
2.31012970e-07 -1.63661614 -1.51950635 -1.40853098 -1.27472713 -1.12612499 
1.87381742e-07 -1.63661614 -1.51950635 -1.40853098 -1.27472713 -1.12612499 
1.51991108e-07 -1.63661614 -1.51950635 -1.40853098 -1.27472713 -1.12612499 
1.23284674e-07 -1.63661614 -1.51950635 -1.40853098 -1.27472713 -1.12612499 
1.00000000e-07 -1.63661614 -1.51950635 -1.40853098 -1.27472713 -1.12612499 
P (bar) | log_CO2: -2σ | log_CO2: -1σ | log_CO2: median | log_CO2: +1σ | log_CO2: +2σ 
1.00000000e+02 -2.80000339 -2.67029305 -2.52225702 -2.36183975 -2.19686303 
8.11130831e+01 -2.80000339 -2.67029305 -2.52225702 -2.36183975 -2.19686303 
6.57933225e+01 -2.80000339 -2.67029305 -2.52225702 -2.36183975 -2.19686303 
5.33669923e+01 -2.80000339 -2.67029305 -2.52225702 -2.36183975 -2.19686303 
4.32876128e+01 -2.80000339 -2.67029305 -2.52225702 -2.36183975 -2.19686303 
3.51119173e+01 -2.80000339 -2.67029305 -2.52225702 -2.36183975 -2.19686303 
2.84803587e+01 -2.80000339 -2.67029305 -2.52225702 -2.36183975 -2.19686303 
2.31012970e+01 -2.80000339 -2.67029305 -2.52225702 -2.36183975 -2.19686303 
1.87381742e+01 -2.80000339 -2.67029305 -2.52225702 -2.36183975 -2.19686303 
1.51991108e+01 -2.80000339 -2.67029305 -2.52225702 -2.36183975 -2.19686303 
1.23284674e+01 -2.80000339 -2.67029305 -2.52225702 -2.36183975 -2.19686303 
1.00000000e+01 -2.80000339 -2.67029305 -2.52225702 -2.36183975 -2.19686303 
8.11130831e+00 -2.80000339 -2.67029305 -2.52225702 -2.36183975 -2.19686303 
6.57933225e+00 -2.80000339 -2.67029305 -2.52225702 -2.36183975 -2.19686303 
5.33669923e+00 -2.80000339 -2.67029305 -2.52225702 -2.36183975 -2.19686303 
4.32876128e+00 -2.80000339 -2.67029305 -2.52225702 -2.36183975 -2.19686303 
3.51119173e+00 -2.80000339 -2.67029305 -2.52225702 -2.36183975 -2.19686303 
2.84803587e+00 -2.80000339 -2.67029305 -2.52225702 -2.36183975 -2.19686303 
2.31012970e+00 -2.80000339 -2.67029305 -2.52225702 -2.36183975 -2.19686303 
1.87381742e+00 -2.80000339 -2.67029305 -2.52225702 -2.36183975 -2.19686303 
1.51991108e+00 -2.80000339 -2.67029305 -2.52225702 -2.36183975 -2.19686303 
1.23284674e+00 -2.80000339 -2.67029305 -2.52225702 -2.36183975 -2.19686303 
1.00000000e+00 -2.80000339 -2.67029305 -2.52225702 -2.36183975 -2.19686303 
8.11130831e-01 -2.80000339 -2.67029305 -2.52225702 -2.36183975 -2.19686303 
6.57933225e-01 -2.80000339 -2.67029305 -2.52225702 -2.36183975 -2.19686303 
5.33669923e-01 -2.80000339 -2.67029305 -2.52225702 -2.36183975 -2.19686303 
4.32876128e-01 -2.80000339 -2.67029305 -2.52225702 -2.36183975 -2.19686303 
3.51119173e-01 -2.80000339 -2.67029305 -2.52225702 -2.36183975 -2.19686303 
2.84803587e-01 -2.80000339 -2.67029305 -2.52225702 -2.36183975 -2.19686303 
2.31012970e-01 -2.80000339 -2.67029305 -2.52225702 -2.36183975 -2.19686303 
1.87381742e-01 -2.80000339 -2.67029305 -2.52225702 -2.36183975 -2.19686303 
1.51991108e-01 -2.80000339 -2.67029305 -2.52225702 -2.36183975 -2.19686303 
1.23284674e-01 -2.80000339 -2.67029305 -2.52225702 -2.36183975 -2.19686303 
1.00000000e-01 -2.80000339 -2.67029305 -2.52225702 -2.36183975 -2.19686303 
8.11130831e-02 -2.80000339 -2.67029305 -2.52225702 -2.36183975 -2.19686303 
6.57933225e-02 -2.80000339 -2.67029305 -2.52225702 -2.36183975 -2.19686303 
5.33669923e-02 -2.80000339 -2.67029305 -2.52225702 -2.36183975 -2.19686303 
4.32876128e-02 -2.80000339 -2.67029305 -2.52225702 -2.36183975 -2.19686303 
3.51119173e-02 -2.80000339 -2.67029305 -2.52225702 -2.36183975 -2.19686303 
2.84803587e-02 -2.80000339 -2.67029305 -2.52225702 -2.36183975 -2.19686303 
2.31012970e-02 -2.80000339 -2.67029305 -2.52225702 -2.36183975 -2.19686303 
1.87381742e-02 -2.80000339 -2.67029305 -2.52225702 -2.36183975 -2.19686303 
1.51991108e-02 -2.80000339 -2.67029305 -2.52225702 -2.36183975 -2.19686303 
1.23284674e-02 -2.80000339 -2.67029305 -2.52225702 -2.36183975 -2.19686303 
1.00000000e-02 -2.80000339 -2.67029305 -2.52225702 -2.36183975 -2.19686303 
8.11130831e-03 -2.80000339 -2.67029305 -2.52225702 -2.36183975 -2.19686303 
6.57933225e-03 -2.80000339 -2.67029305 -2.52225702 -2.36183975 -2.19686303 
5.33669923e-03 -2.80000339 -2.67029305 -2.52225702 -2.36183975 -2.19686303 
4.32876128e-03 -2.80000339 -2.67029305 -2.52225702 -2.36183975 -2.19686303 
3.51119173e-03 -2.80000339 -2.67029305 -2.52225702 -2.36183975 -2.19686303 
2.84803587e-03 -2.80000339 -2.67029305 -2.52225702 -2.36183975 -2.19686303 
2.31012970e-03 -2.80000339 -2.67029305 -2.52225702 -2.36183975 -2.19686303 
1.87381742e-03 -2.80000339 -2.67029305 -2.52225702 -2.36183975 -2.19686303 
1.51991108e-03 -2.80000339 -2.67029305 -2.52225702 -2.36183975 -2.19686303 
1.23284674e-03 -2.80000339 -2.67029305 -2.52225702 -2.36183975 -2.19686303 
1.00000000e-03 -2.80000339 -2.67029305 -2.52225702 -2.36183975 -2.19686303 
8.11130831e-04 -2.80000339 -2.67029305 -2.52225702 -2.36183975 -2.19686303 
6.57933225e-04 -2.80000339 -2.67029305 -2.52225702 -2.36183975 -2.19686303 
5.33669923e-04 -2.80000339 -2.67029305 -2.52225702 -2.36183975 -2.19686303 
4.32876128e-04 -2.80000339 -2.67029305 -2.52225702 -2.36183975 -2.19686303 
3.51119173e-04 -2.80000339 -2.67029305 -2.52225702 -2.36183975 -2.19686303 
2.84803587e-04 -2.80000339 -2.67029305 -2.52225702 -2.36183975 -2.19686303 
2.31012970e-04 -2.80000339 -2.67029305 -2.52225702 -2.36183975 -2.19686303 
1.87381742e-04 -2.80000339 -2.67029305 -2.52225702 -2.36183975 -2.19686303 
1.51991108e-04 -2.80000339 -2.67029305 -2.52225702 -2.36183975 -2.19686303 
1.23284674e-04 -2.80000339 -2.67029305 -2.52225702 -2.36183975 -2.19686303 
1.00000000e-04 -2.80000339 -2.67029305 -2.52225702 -2.36183975 -2.19686303 
8.11130831e-05 -2.80000339 -2.67029305 -2.52225702 -2.36183975 -2.19686303 
6.57933225e-05 -2.80000339 -2.67029305 -2.52225702 -2.36183975 -2.19686303 
5.33669923e-05 -2.80000339 -2.67029305 -2.52225702 -2.36183975 -2.19686303 
4.32876128e-05 -2.80000339 -2.67029305 -2.52225702 -2.36183975 -2.19686303 
3.51119173e-05 -2.80000339 -2.67029305 -2.52225702 -2.36183975 -2.19686303 
2.84803587e-05 -2.80000339 -2.67029305 -2.52225702 -2.36183975 -2.19686303 
2.31012970e-05 -2.80000339 -2.67029305 -2.52225702 -2.36183975 -2.19686303 
1.87381742e-05 -2.80000339 -2.67029305 -2.52225702 -2.36183975 -2.19686303 
1.51991108e-05 -2.80000339 -2.67029305 -2.52225702 -2.36183975 -2.19686303 
1.23284674e-05 -2.80000339 -2.67029305 -2.52225702 -2.36183975 -2.19686303 
1.00000000e-05 -2.80000339 -2.67029305 -2.52225702 -2.36183975 -2.19686303 
8.11130831e-06 -2.80000339 -2.67029305 -2.52225702 -2.36183975 -2.19686303 
6.57933225e-06 -2.80000339 -2.67029305 -2.52225702 -2.36183975 -2.19686303 
5.33669923e-06 -2.80000339 -2.67029305 -2.52225702 -2.36183975 -2.19686303 
4.32876128e-06 -2.80000339 -2.67029305 -2.52225702 -2.36183975 -2.19686303 
3.51119173e-06 -2.80000339 -2.67029305 -2.52225702 -2.36183975 -2.19686303 
2.84803587e-06 -2.80000339 -2.67029305 -2.52225702 -2.36183975 -2.19686303 
2.31012970e-06 -2.80000339 -2.67029305 -2.52225702 -2.36183975 -2.19686303 
1.87381742e-06 -2.80000339 -2.67029305 -2.52225702 -2.36183975 -2.19686303 
1.51991108e-06 -2.80000339 -2.67029305 -2.52225702 -2.36183975 -2.19686303 
1.23284674e-06 -2.80000339 -2.67029305 -2.52225702 -2.36183975 -2.19686303 
1.00000000e-06 -2.80000339 -2.67029305 -2.52225702 -2.36183975 -2.19686303 
8.11130831e-07 -2.80000339 -2.67029305 -2.52225702 -2.36183975 -2.19686303 
6.57933225e-07 -2.80000339 -2.67029305 -2.52225702 -2.36183975 -2.19686303 
5.33669923e-07 -2.80000339 -2.67029305 -2.52225702 -2.36183975 -2.19686303 
4.32876128e-07 -2.80000339 -2.67029305 -2.52225702 -2.36183975 -2.19686303 
3.51119173e-07 -2.80000339 -2.67029305 -2.52225702 -2.36183975 -2.19686303 
2.84803587e-07 -2.80000339 -2.67029305 -2.52225702 -2.36183975 -2.19686303 
2.31012970e-07 -2.80000339 -2.67029305 -2.52225702 -2.36183975 -2.19686303 
1.87381742e-07 -2.80000339 -2.67029305 -2.52225702 -2.36183975 -2.19686303 
1.51991108e-07 -2.80000339 -2.67029305 -2.52225702 -2.36183975 -2.19686303 
1.23284674e-07 -2.80000339 -2.67029305 -2.52225702 -2.36183975 -2.19686303 
1.00000000e-07 -2.80000339 -2.67029305 -2.52225702 -2.36183975 -2.19686303 
P (bar) | log_SO2: -2σ | log_SO2: -1σ | log_SO2: median | log_SO2: +1σ | log_SO2: +2σ 
1.00000000e+02 -7.26318015 -6.50005421 -6.12203212 -5.82696811 -5.58824436 
8.11130831e+01 -7.26318015 -6.50005421 -6.12203212 -5.82696811 -5.58824436 
6.57933225e+01 -7.26318015 -6.50005421 -6.12203212 -5.82696811 -5.58824436 
5.33669923e+01 -7.26318015 -6.50005421 -6.12203212 -5.82696811 -5.58824436 
4.32876128e+01 -7.26318015 -6.50005421 -6.12203212 -5.82696811 -5.58824436 
3.51119173e+01 -7.26318015 -6.50005421 -6.12203212 -5.82696811 -5.58824436 
2.84803587e+01 -7.26318015 -6.50005421 -6.12203212 -5.82696811 -5.58824436 
2.31012970e+01 -7.26318015 -6.50005421 -6.12203212 -5.82696811 -5.58824436 
1.87381742e+01 -7.26318015 -6.50005421 -6.12203212 -5.82696811 -5.58824436 
1.51991108e+01 -7.26318015 -6.50005421 -6.12203212 -5.82696811 -5.58824436 
1.23284674e+01 -7.26318015 -6.50005421 -6.12203212 -5.82696811 -5.58824436 
1.00000000e+01 -7.26318015 -6.50005421 -6.12203212 -5.82696811 -5.58824436 
8.11130831e+00 -7.26318015 -6.50005421 -6.12203212 -5.82696811 -5.58824436 
6.57933225e+00 -7.26318015 -6.50005421 -6.12203212 -5.82696811 -5.58824436 
5.33669923e+00 -7.26318015 -6.50005421 -6.12203212 -5.82696811 -5.58824436 
4.32876128e+00 -7.26318015 -6.50005421 -6.12203212 -5.82696811 -5.58824436 
3.51119173e+00 -7.26318015 -6.50005421 -6.12203212 -5.82696811 -5.58824436 
2.84803587e+00 -7.26318015 -6.50005421 -6.12203212 -5.82696811 -5.58824436 
2.31012970e+00 -7.26318015 -6.50005421 -6.12203212 -5.82696811 -5.58824436 
1.87381742e+00 -7.26318015 -6.50005421 -6.12203212 -5.82696811 -5.58824436 
1.51991108e+00 -7.26318015 -6.50005421 -6.12203212 -5.82696811 -5.58824436 
1.23284674e+00 -7.26318015 -6.50005421 -6.12203212 -5.82696811 -5.58824436 
1.00000000e+00 -7.26318015 -6.50005421 -6.12203212 -5.82696811 -5.58824436 
8.11130831e-01 -7.26318015 -6.50005421 -6.12203212 -5.82696811 -5.58824436 
6.57933225e-01 -7.26318015 -6.50005421 -6.12203212 -5.82696811 -5.58824436 
5.33669923e-01 -7.26318015 -6.50005421 -6.12203212 -5.82696811 -5.58824436 
4.32876128e-01 -7.26318015 -6.50005421 -6.12203212 -5.82696811 -5.58824436 
3.51119173e-01 -7.26318015 -6.50005421 -6.12203212 -5.82696811 -5.58824436 
2.84803587e-01 -7.26318015 -6.50005421 -6.12203212 -5.82696811 -5.58824436 
2.31012970e-01 -7.26318015 -6.50005421 -6.12203212 -5.82696811 -5.58824436 
1.87381742e-01 -7.26318015 -6.50005421 -6.12203212 -5.82696811 -5.58824436 
1.51991108e-01 -7.26318015 -6.50005421 -6.12203212 -5.82696811 -5.58824436 
1.23284674e-01 -7.26318015 -6.50005421 -6.12203212 -5.82696811 -5.58824436 
1.00000000e-01 -7.26318015 -6.50005421 -6.12203212 -5.82696811 -5.58824436 
8.11130831e-02 -7.26318015 -6.50005421 -6.12203212 -5.82696811 -5.58824436 
6.57933225e-02 -7.26318015 -6.50005421 -6.12203212 -5.82696811 -5.58824436 
5.33669923e-02 -7.26318015 -6.50005421 -6.12203212 -5.82696811 -5.58824436 
4.32876128e-02 -7.26318015 -6.50005421 -6.12203212 -5.82696811 -5.58824436 
3.51119173e-02 -7.26318015 -6.50005421 -6.12203212 -5.82696811 -5.58824436 
2.84803587e-02 -7.26318015 -6.50005421 -6.12203212 -5.82696811 -5.58824436 
2.31012970e-02 -7.26318015 -6.50005421 -6.12203212 -5.82696811 -5.58824436 
1.87381742e-02 -7.26318015 -6.50005421 -6.12203212 -5.82696811 -5.58824436 
1.51991108e-02 -7.26318015 -6.50005421 -6.12203212 -5.82696811 -5.58824436 
1.23284674e-02 -7.26318015 -6.50005421 -6.12203212 -5.82696811 -5.58824436 
1.00000000e-02 -7.26318015 -6.50005421 -6.12203212 -5.82696811 -5.58824436 
8.11130831e-03 -7.26318015 -6.50005421 -6.12203212 -5.82696811 -5.58824436 
6.57933225e-03 -7.26318015 -6.50005421 -6.12203212 -5.82696811 -5.58824436 
5.33669923e-03 -7.26318015 -6.50005421 -6.12203212 -5.82696811 -5.58824436 
4.32876128e-03 -7.26318015 -6.50005421 -6.12203212 -5.82696811 -5.58824436 
3.51119173e-03 -7.26318015 -6.50005421 -6.12203212 -5.82696811 -5.58824436 
2.84803587e-03 -7.26318015 -6.50005421 -6.12203212 -5.82696811 -5.58824436 
2.31012970e-03 -7.26318015 -6.50005421 -6.12203212 -5.82696811 -5.58824436 
1.87381742e-03 -7.26318015 -6.50005421 -6.12203212 -5.82696811 -5.58824436 
1.51991108e-03 -7.26318015 -6.50005421 -6.12203212 -5.82696811 -5.58824436 
1.23284674e-03 -7.26318015 -6.50005421 -6.12203212 -5.82696811 -5.58824436 
1.00000000e-03 -7.26318015 -6.50005421 -6.12203212 -5.82696811 -5.58824436 
8.11130831e-04 -7.26318015 -6.50005421 -6.12203212 -5.82696811 -5.58824436 
6.57933225e-04 -7.26318015 -6.50005421 -6.12203212 -5.82696811 -5.58824436 
5.33669923e-04 -7.26318015 -6.50005421 -6.12203212 -5.82696811 -5.58824436 
4.32876128e-04 -7.26318015 -6.50005421 -6.12203212 -5.82696811 -5.58824436 
3.51119173e-04 -7.26318015 -6.50005421 -6.12203212 -5.82696811 -5.58824436 
2.84803587e-04 -7.26318015 -6.50005421 -6.12203212 -5.82696811 -5.58824436 
2.31012970e-04 -7.26318015 -6.50005421 -6.12203212 -5.82696811 -5.58824436 
1.87381742e-04 -7.26318015 -6.50005421 -6.12203212 -5.82696811 -5.58824436 
1.51991108e-04 -7.26318015 -6.50005421 -6.12203212 -5.82696811 -5.58824436 
1.23284674e-04 -7.26318015 -6.50005421 -6.12203212 -5.82696811 -5.58824436 
1.00000000e-04 -7.26318015 -6.50005421 -6.12203212 -5.82696811 -5.58824436 
8.11130831e-05 -7.26318015 -6.50005421 -6.12203212 -5.82696811 -5.58824436 
6.57933225e-05 -7.26318015 -6.50005421 -6.12203212 -5.82696811 -5.58824436 
5.33669923e-05 -7.26318015 -6.50005421 -6.12203212 -5.82696811 -5.58824436 
4.32876128e-05 -7.26318015 -6.50005421 -6.12203212 -5.82696811 -5.58824436 
3.51119173e-05 -7.26318015 -6.50005421 -6.12203212 -5.82696811 -5.58824436 
2.84803587e-05 -7.26318015 -6.50005421 -6.12203212 -5.82696811 -5.58824436 
2.31012970e-05 -7.26318015 -6.50005421 -6.12203212 -5.82696811 -5.58824436 
1.87381742e-05 -7.26318015 -6.50005421 -6.12203212 -5.82696811 -5.58824436 
1.51991108e-05 -7.26318015 -6.50005421 -6.12203212 -5.82696811 -5.58824436 
1.23284674e-05 -7.26318015 -6.50005421 -6.12203212 -5.82696811 -5.58824436 
1.00000000e-05 -7.26318015 -6.50005421 -6.12203212 -5.82696811 -5.58824436 
8.11130831e-06 -7.26318015 -6.50005421 -6.12203212 -5.82696811 -5.58824436 
6.57933225e-06 -7.26318015 -6.50005421 -6.12203212 -5.82696811 -5.58824436 
5.33669923e-06 -7.26318015 -6.50005421 -6.12203212 -5.82696811 -5.58824436 
4.32876128e-06 -7.26318015 -6.50005421 -6.12203212 -5.82696811 -5.58824436 
3.51119173e-06 -7.26318015 -6.50005421 -6.12203212 -5.82696811 -5.58824436 
2.84803587e-06 -7.26318015 -6.50005421 -6.12203212 -5.82696811 -5.58824436 
2.31012970e-06 -7.26318015 -6.50005421 -6.12203212 -5.82696811 -5.58824436 
1.87381742e-06 -7.26318015 -6.50005421 -6.12203212 -5.82696811 -5.58824436 
1.51991108e-06 -7.26318015 -6.50005421 -6.12203212 -5.82696811 -5.58824436 
1.23284674e-06 -7.26318015 -6.50005421 -6.12203212 -5.82696811 -5.58824436 
1.00000000e-06 -7.26318015 -6.50005421 -6.12203212 -5.82696811 -5.58824436 
8.11130831e-07 -7.26318015 -6.50005421 -6.12203212 -5.82696811 -5.58824436 
6.57933225e-07 -7.26318015 -6.50005421 -6.12203212 -5.82696811 -5.58824436 
5.33669923e-07 -7.26318015 -6.50005421 -6.12203212 -5.82696811 -5.58824436 
4.32876128e-07 -7.26318015 -6.50005421 -6.12203212 -5.82696811 -5.58824436 
3.51119173e-07 -7.26318015 -6.50005421 -6.12203212 -5.82696811 -5.58824436 
2.84803587e-07 -7.26318015 -6.50005421 -6.12203212 -5.82696811 -5.58824436 
2.31012970e-07 -7.26318015 -6.50005421 -6.12203212 -5.82696811 -5.58824436 
1.87381742e-07 -7.26318015 -6.50005421 -6.12203212 -5.82696811 -5.58824436 
1.51991108e-07 -7.26318015 -6.50005421 -6.12203212 -5.82696811 -5.58824436 
1.23284674e-07 -7.26318015 -6.50005421 -6.12203212 -5.82696811 -5.58824436 
1.00000000e-07 -7.26318015 -6.50005421 -6.12203212 -5.82696811 -5.58824436 
P (bar) | log_K: -2σ | log_K: -1σ | log_K: median | log_K: +1σ | log_K: +2σ 
1.00000000e+02 -7.98417175 -7.91015162 -7.73959970 -7.48218826 -7.16722114 
8.11130831e+01 -7.98417175 -7.91015162 -7.73959970 -7.48218826 -7.16722114 
6.57933225e+01 -7.98417175 -7.91015162 -7.73959970 -7.48218826 -7.16722114 
5.33669923e+01 -7.98417175 -7.91015162 -7.73959970 -7.48218826 -7.16722114 
4.32876128e+01 -7.98417175 -7.91015162 -7.73959970 -7.48218826 -7.16722114 
3.51119173e+01 -7.98417175 -7.91015162 -7.73959970 -7.48218826 -7.16722114 
2.84803587e+01 -7.98417175 -7.91015162 -7.73959970 -7.48218826 -7.16722114 
2.31012970e+01 -7.98417175 -7.91015162 -7.73959970 -7.48218826 -7.16722114 
1.87381742e+01 -7.98417175 -7.91015162 -7.73959970 -7.48218826 -7.16722114 
1.51991108e+01 -7.98417175 -7.91015162 -7.73959970 -7.48218826 -7.16722114 
1.23284674e+01 -7.98417175 -7.91015162 -7.73959970 -7.48218826 -7.16722114 
1.00000000e+01 -7.98417175 -7.91015162 -7.73959970 -7.48218826 -7.16722114 
8.11130831e+00 -7.98417175 -7.91015162 -7.73959970 -7.48218826 -7.16722114 
6.57933225e+00 -7.98417175 -7.91015162 -7.73959970 -7.48218826 -7.16722114 
5.33669923e+00 -7.98417175 -7.91015162 -7.73959970 -7.48218826 -7.16722114 
4.32876128e+00 -7.98417175 -7.91015162 -7.73959970 -7.48218826 -7.16722114 
3.51119173e+00 -7.98417175 -7.91015162 -7.73959970 -7.48218826 -7.16722114 
2.84803587e+00 -7.98417175 -7.91015162 -7.73959970 -7.48218826 -7.16722114 
2.31012970e+00 -7.98417175 -7.91015162 -7.73959970 -7.48218826 -7.16722114 
1.87381742e+00 -7.98417175 -7.91015162 -7.73959970 -7.48218826 -7.16722114 
1.51991108e+00 -7.98417175 -7.91015162 -7.73959970 -7.48218826 -7.16722114 
1.23284674e+00 -7.98417175 -7.91015162 -7.73959970 -7.48218826 -7.16722114 
1.00000000e+00 -7.98417175 -7.91015162 -7.73959970 -7.48218826 -7.16722114 
8.11130831e-01 -7.98417175 -7.91015162 -7.73959970 -7.48218826 -7.16722114 
6.57933225e-01 -7.98417175 -7.91015162 -7.73959970 -7.48218826 -7.16722114 
5.33669923e-01 -7.98417175 -7.91015162 -7.73959970 -7.48218826 -7.16722114 
4.32876128e-01 -7.98417175 -7.91015162 -7.73959970 -7.48218826 -7.16722114 
3.51119173e-01 -7.98417175 -7.91015162 -7.73959970 -7.48218826 -7.16722114 
2.84803587e-01 -7.98417175 -7.91015162 -7.73959970 -7.48218826 -7.16722114 
2.31012970e-01 -7.98417175 -7.91015162 -7.73959970 -7.48218826 -7.16722114 
1.87381742e-01 -7.98417175 -7.91015162 -7.73959970 -7.48218826 -7.16722114 
1.51991108e-01 -7.98417175 -7.91015162 -7.73959970 -7.48218826 -7.16722114 
1.23284674e-01 -7.98417175 -7.91015162 -7.73959970 -7.48218826 -7.16722114 
1.00000000e-01 -7.98417175 -7.91015162 -7.73959970 -7.48218826 -7.16722114 
8.11130831e-02 -7.98417175 -7.91015162 -7.73959970 -7.48218826 -7.16722114 
6.57933225e-02 -7.98417175 -7.91015162 -7.73959970 -7.48218826 -7.16722114 
5.33669923e-02 -7.98417175 -7.91015162 -7.73959970 -7.48218826 -7.16722114 
4.32876128e-02 -7.98417175 -7.91015162 -7.73959970 -7.48218826 -7.16722114 
3.51119173e-02 -7.98417175 -7.91015162 -7.73959970 -7.48218826 -7.16722114 
2.84803587e-02 -7.98417175 -7.91015162 -7.73959970 -7.48218826 -7.16722114 
2.31012970e-02 -7.98417175 -7.91015162 -7.73959970 -7.48218826 -7.16722114 
1.87381742e-02 -7.98417175 -7.91015162 -7.73959970 -7.48218826 -7.16722114 
1.51991108e-02 -7.98417175 -7.91015162 -7.73959970 -7.48218826 -7.16722114 
1.23284674e-02 -7.98417175 -7.91015162 -7.73959970 -7.48218826 -7.16722114 
1.00000000e-02 -7.98417175 -7.91015162 -7.73959970 -7.48218826 -7.16722114 
8.11130831e-03 -7.98417175 -7.91015162 -7.73959970 -7.48218826 -7.16722114 
6.57933225e-03 -7.98417175 -7.91015162 -7.73959970 -7.48218826 -7.16722114 
5.33669923e-03 -7.98417175 -7.91015162 -7.73959970 -7.48218826 -7.16722114 
4.32876128e-03 -7.98417175 -7.91015162 -7.73959970 -7.48218826 -7.16722114 
3.51119173e-03 -7.98417175 -7.91015162 -7.73959970 -7.48218826 -7.16722114 
2.84803587e-03 -7.98417175 -7.91015162 -7.73959970 -7.48218826 -7.16722114 
2.31012970e-03 -7.98417175 -7.91015162 -7.73959970 -7.48218826 -7.16722114 
1.87381742e-03 -7.98417175 -7.91015162 -7.73959970 -7.48218826 -7.16722114 
1.51991108e-03 -7.98417175 -7.91015162 -7.73959970 -7.48218826 -7.16722114 
1.23284674e-03 -7.98417175 -7.91015162 -7.73959970 -7.48218826 -7.16722114 
1.00000000e-03 -7.98417175 -7.91015162 -7.73959970 -7.48218826 -7.16722114 
8.11130831e-04 -7.98417175 -7.91015162 -7.73959970 -7.48218826 -7.16722114 
6.57933225e-04 -7.98417175 -7.91015162 -7.73959970 -7.48218826 -7.16722114 
5.33669923e-04 -7.98417175 -7.91015162 -7.73959970 -7.48218826 -7.16722114 
4.32876128e-04 -7.98417175 -7.91015162 -7.73959970 -7.48218826 -7.16722114 
3.51119173e-04 -7.98417175 -7.91015162 -7.73959970 -7.48218826 -7.16722114 
2.84803587e-04 -7.98417175 -7.91015162 -7.73959970 -7.48218826 -7.16722114 
2.31012970e-04 -7.98417175 -7.91015162 -7.73959970 -7.48218826 -7.16722114 
1.87381742e-04 -7.98417175 -7.91015162 -7.73959970 -7.48218826 -7.16722114 
1.51991108e-04 -7.98417175 -7.91015162 -7.73959970 -7.48218826 -7.16722114 
1.23284674e-04 -7.98417175 -7.91015162 -7.73959970 -7.48218826 -7.16722114 
1.00000000e-04 -7.98417175 -7.91015162 -7.73959970 -7.48218826 -7.16722114 
8.11130831e-05 -7.98417175 -7.91015162 -7.73959970 -7.48218826 -7.16722114 
6.57933225e-05 -7.98417175 -7.91015162 -7.73959970 -7.48218826 -7.16722114 
5.33669923e-05 -7.98417175 -7.91015162 -7.73959970 -7.48218826 -7.16722114 
4.32876128e-05 -7.98417175 -7.91015162 -7.73959970 -7.48218826 -7.16722114 
3.51119173e-05 -7.98417175 -7.91015162 -7.73959970 -7.48218826 -7.16722114 
2.84803587e-05 -7.98417175 -7.91015162 -7.73959970 -7.48218826 -7.16722114 
2.31012970e-05 -7.98417175 -7.91015162 -7.73959970 -7.48218826 -7.16722114 
1.87381742e-05 -7.98417175 -7.91015162 -7.73959970 -7.48218826 -7.16722114 
1.51991108e-05 -7.98417175 -7.91015162 -7.73959970 -7.48218826 -7.16722114 
1.23284674e-05 -7.98417175 -7.91015162 -7.73959970 -7.48218826 -7.16722114 
1.00000000e-05 -7.98417175 -7.91015162 -7.73959970 -7.48218826 -7.16722114 
8.11130831e-06 -7.98417175 -7.91015162 -7.73959970 -7.48218826 -7.16722114 
6.57933225e-06 -7.98417175 -7.91015162 -7.73959970 -7.48218826 -7.16722114 
5.33669923e-06 -7.98417175 -7.91015162 -7.73959970 -7.48218826 -7.16722114 
4.32876128e-06 -7.98417175 -7.91015162 -7.73959970 -7.48218826 -7.16722114 
3.51119173e-06 -7.98417175 -7.91015162 -7.73959970 -7.48218826 -7.16722114 
2.84803587e-06 -7.98417175 -7.91015162 -7.73959970 -7.48218826 -7.16722114 
2.31012970e-06 -7.98417175 -7.91015162 -7.73959970 -7.48218826 -7.16722114 
1.87381742e-06 -7.98417175 -7.91015162 -7.73959970 -7.48218826 -7.16722114 
1.51991108e-06 -7.98417175 -7.91015162 -7.73959970 -7.48218826 -7.16722114 
1.23284674e-06 -7.98417175 -7.91015162 -7.73959970 -7.48218826 -7.16722114 
1.00000000e-06 -7.98417175 -7.91015162 -7.73959970 -7.48218826 -7.16722114 
8.11130831e-07 -7.98417175 -7.91015162 -7.73959970 -7.48218826 -7.16722114 
6.57933225e-07 -7.98417175 -7.91015162 -7.73959970 -7.48218826 -7.16722114 
5.33669923e-07 -7.98417175 -7.91015162 -7.73959970 -7.48218826 -7.16722114 
4.32876128e-07 -7.98417175 -7.91015162 -7.73959970 -7.48218826 -7.16722114 
3.51119173e-07 -7.98417175 -7.91015162 -7.73959970 -7.48218826 -7.16722114 
2.84803587e-07 -7.98417175 -7.91015162 -7.73959970 -7.48218826 -7.16722114 
2.31012970e-07 -7.98417175 -7.91015162 -7.73959970 -7.48218826 -7.16722114 
1.87381742e-07 -7.98417175 -7.91015162 -7.73959970 -7.48218826 -7.16722114 
1.51991108e-07 -7.98417175 -7.91015162 -7.73959970 -7.48218826 -7.16722114 
1.23284674e-07 -7.98417175 -7.91015162 -7.73959970 -7.48218826 -7.16722114 
1.00000000e-07 -7.98417175 -7.91015162 -7.73959970 -7.48218826 -7.16722114 
P (bar) | log_CO: -2σ | log_CO: -1σ | log_CO: median | log_CO: +1σ | log_CO: +2σ 
1.00000000e+02 -1.26320001 -1.14526176 -1.07523801 -1.03122986 -1.00631351 
8.11130831e+01 -1.26320001 -1.14526176 -1.07523801 -1.03122986 -1.00631351 
6.57933225e+01 -1.26320001 -1.14526176 -1.07523801 -1.03122986 -1.00631351 
5.33669923e+01 -1.26320001 -1.14526176 -1.07523801 -1.03122986 -1.00631351 
4.32876128e+01 -1.26320001 -1.14526176 -1.07523801 -1.03122986 -1.00631351 
3.51119173e+01 -1.26320001 -1.14526176 -1.07523801 -1.03122986 -1.00631351 
2.84803587e+01 -1.26320001 -1.14526176 -1.07523801 -1.03122986 -1.00631351 
2.31012970e+01 -1.26320001 -1.14526176 -1.07523801 -1.03122986 -1.00631351 
1.87381742e+01 -1.26320001 -1.14526176 -1.07523801 -1.03122986 -1.00631351 
1.51991108e+01 -1.26320001 -1.14526176 -1.07523801 -1.03122986 -1.00631351 
1.23284674e+01 -1.26320001 -1.14526176 -1.07523801 -1.03122986 -1.00631351 
1.00000000e+01 -1.26320001 -1.14526176 -1.07523801 -1.03122986 -1.00631351 
8.11130831e+00 -1.26320001 -1.14526176 -1.07523801 -1.03122986 -1.00631351 
6.57933225e+00 -1.26320001 -1.14526176 -1.07523801 -1.03122986 -1.00631351 
5.33669923e+00 -1.26320001 -1.14526176 -1.07523801 -1.03122986 -1.00631351 
4.32876128e+00 -1.26320001 -1.14526176 -1.07523801 -1.03122986 -1.00631351 
3.51119173e+00 -1.26320001 -1.14526176 -1.07523801 -1.03122986 -1.00631351 
2.84803587e+00 -1.26320001 -1.14526176 -1.07523801 -1.03122986 -1.00631351 
2.31012970e+00 -1.26320001 -1.14526176 -1.07523801 -1.03122986 -1.00631351 
1.87381742e+00 -1.26320001 -1.14526176 -1.07523801 -1.03122986 -1.00631351 
1.51991108e+00 -1.26320001 -1.14526176 -1.07523801 -1.03122986 -1.00631351 
1.23284674e+00 -1.26320001 -1.14526176 -1.07523801 -1.03122986 -1.00631351 
1.00000000e+00 -1.26320001 -1.14526176 -1.07523801 -1.03122986 -1.00631351 
8.11130831e-01 -1.26320001 -1.14526176 -1.07523801 -1.03122986 -1.00631351 
6.57933225e-01 -1.26320001 -1.14526176 -1.07523801 -1.03122986 -1.00631351 
5.33669923e-01 -1.26320001 -1.14526176 -1.07523801 -1.03122986 -1.00631351 
4.32876128e-01 -1.26320001 -1.14526176 -1.07523801 -1.03122986 -1.00631351 
3.51119173e-01 -1.26320001 -1.14526176 -1.07523801 -1.03122986 -1.00631351 
2.84803587e-01 -1.26320001 -1.14526176 -1.07523801 -1.03122986 -1.00631351 
2.31012970e-01 -1.26320001 -1.14526176 -1.07523801 -1.03122986 -1.00631351 
1.87381742e-01 -1.26320001 -1.14526176 -1.07523801 -1.03122986 -1.00631351 
1.51991108e-01 -1.26320001 -1.14526176 -1.07523801 -1.03122986 -1.00631351 
1.23284674e-01 -1.26320001 -1.14526176 -1.07523801 -1.03122986 -1.00631351 
1.00000000e-01 -1.26320001 -1.14526176 -1.07523801 -1.03122986 -1.00631351 
8.11130831e-02 -1.26320001 -1.14526176 -1.07523801 -1.03122986 -1.00631351 
6.57933225e-02 -1.26320001 -1.14526176 -1.07523801 -1.03122986 -1.00631351 
5.33669923e-02 -1.26320001 -1.14526176 -1.07523801 -1.03122986 -1.00631351 
4.32876128e-02 -1.26320001 -1.14526176 -1.07523801 -1.03122986 -1.00631351 
3.51119173e-02 -1.26320001 -1.14526176 -1.07523801 -1.03122986 -1.00631351 
2.84803587e-02 -1.26320001 -1.14526176 -1.07523801 -1.03122986 -1.00631351 
2.31012970e-02 -1.26320001 -1.14526176 -1.07523801 -1.03122986 -1.00631351 
1.87381742e-02 -1.26320001 -1.14526176 -1.07523801 -1.03122986 -1.00631351 
1.51991108e-02 -1.26320001 -1.14526176 -1.07523801 -1.03122986 -1.00631351 
1.23284674e-02 -1.26320001 -1.14526176 -1.07523801 -1.03122986 -1.00631351 
1.00000000e-02 -1.26320001 -1.14526176 -1.07523801 -1.03122986 -1.00631351 
8.11130831e-03 -1.26320001 -1.14526176 -1.07523801 -1.03122986 -1.00631351 
6.57933225e-03 -1.26320001 -1.14526176 -1.07523801 -1.03122986 -1.00631351 
5.33669923e-03 -1.26320001 -1.14526176 -1.07523801 -1.03122986 -1.00631351 
4.32876128e-03 -1.26320001 -1.14526176 -1.07523801 -1.03122986 -1.00631351 
3.51119173e-03 -1.26320001 -1.14526176 -1.07523801 -1.03122986 -1.00631351 
2.84803587e-03 -1.26320001 -1.14526176 -1.07523801 -1.03122986 -1.00631351 
2.31012970e-03 -1.26320001 -1.14526176 -1.07523801 -1.03122986 -1.00631351 
1.87381742e-03 -1.26320001 -1.14526176 -1.07523801 -1.03122986 -1.00631351 
1.51991108e-03 -1.26320001 -1.14526176 -1.07523801 -1.03122986 -1.00631351 
1.23284674e-03 -1.26320001 -1.14526176 -1.07523801 -1.03122986 -1.00631351 
1.00000000e-03 -1.26320001 -1.14526176 -1.07523801 -1.03122986 -1.00631351 
8.11130831e-04 -1.26320001 -1.14526176 -1.07523801 -1.03122986 -1.00631351 
6.57933225e-04 -1.26320001 -1.14526176 -1.07523801 -1.03122986 -1.00631351 
5.33669923e-04 -1.26320001 -1.14526176 -1.07523801 -1.03122986 -1.00631351 
4.32876128e-04 -1.26320001 -1.14526176 -1.07523801 -1.03122986 -1.00631351 
3.51119173e-04 -1.26320001 -1.14526176 -1.07523801 -1.03122986 -1.00631351 
2.84803587e-04 -1.26320001 -1.14526176 -1.07523801 -1.03122986 -1.00631351 
2.31012970e-04 -1.26320001 -1.14526176 -1.07523801 -1.03122986 -1.00631351 
1.87381742e-04 -1.26320001 -1.14526176 -1.07523801 -1.03122986 -1.00631351 
1.51991108e-04 -1.26320001 -1.14526176 -1.07523801 -1.03122986 -1.00631351 
1.23284674e-04 -1.26320001 -1.14526176 -1.07523801 -1.03122986 -1.00631351 
1.00000000e-04 -1.26320001 -1.14526176 -1.07523801 -1.03122986 -1.00631351 
8.11130831e-05 -1.26320001 -1.14526176 -1.07523801 -1.03122986 -1.00631351 
6.57933225e-05 -1.26320001 -1.14526176 -1.07523801 -1.03122986 -1.00631351 
5.33669923e-05 -1.26320001 -1.14526176 -1.07523801 -1.03122986 -1.00631351 
4.32876128e-05 -1.26320001 -1.14526176 -1.07523801 -1.03122986 -1.00631351 
3.51119173e-05 -1.26320001 -1.14526176 -1.07523801 -1.03122986 -1.00631351 
2.84803587e-05 -1.26320001 -1.14526176 -1.07523801 -1.03122986 -1.00631351 
2.31012970e-05 -1.26320001 -1.14526176 -1.07523801 -1.03122986 -1.00631351 
1.87381742e-05 -1.26320001 -1.14526176 -1.07523801 -1.03122986 -1.00631351 
1.51991108e-05 -1.26320001 -1.14526176 -1.07523801 -1.03122986 -1.00631351 
1.23284674e-05 -1.26320001 -1.14526176 -1.07523801 -1.03122986 -1.00631351 
1.00000000e-05 -1.26320001 -1.14526176 -1.07523801 -1.03122986 -1.00631351 
8.11130831e-06 -1.26320001 -1.14526176 -1.07523801 -1.03122986 -1.00631351 
6.57933225e-06 -1.26320001 -1.14526176 -1.07523801 -1.03122986 -1.00631351 
5.33669923e-06 -1.26320001 -1.14526176 -1.07523801 -1.03122986 -1.00631351 
4.32876128e-06 -1.26320001 -1.14526176 -1.07523801 -1.03122986 -1.00631351 
3.51119173e-06 -1.26320001 -1.14526176 -1.07523801 -1.03122986 -1.00631351 
2.84803587e-06 -1.26320001 -1.14526176 -1.07523801 -1.03122986 -1.00631351 
2.31012970e-06 -1.26320001 -1.14526176 -1.07523801 -1.03122986 -1.00631351 
1.87381742e-06 -1.26320001 -1.14526176 -1.07523801 -1.03122986 -1.00631351 
1.51991108e-06 -1.26320001 -1.14526176 -1.07523801 -1.03122986 -1.00631351 
1.23284674e-06 -1.26320001 -1.14526176 -1.07523801 -1.03122986 -1.00631351 
1.00000000e-06 -1.26320001 -1.14526176 -1.07523801 -1.03122986 -1.00631351 
8.11130831e-07 -1.26320001 -1.14526176 -1.07523801 -1.03122986 -1.00631351 
6.57933225e-07 -1.26320001 -1.14526176 -1.07523801 -1.03122986 -1.00631351 
5.33669923e-07 -1.26320001 -1.14526176 -1.07523801 -1.03122986 -1.00631351 
4.32876128e-07 -1.26320001 -1.14526176 -1.07523801 -1.03122986 -1.00631351 
3.51119173e-07 -1.26320001 -1.14526176 -1.07523801 -1.03122986 -1.00631351 
2.84803587e-07 -1.26320001 -1.14526176 -1.07523801 -1.03122986 -1.00631351 
2.31012970e-07 -1.26320001 -1.14526176 -1.07523801 -1.03122986 -1.00631351 
1.87381742e-07 -1.26320001 -1.14526176 -1.07523801 -1.03122986 -1.00631351 
1.51991108e-07 -1.26320001 -1.14526176 -1.07523801 -1.03122986 -1.00631351 
1.23284674e-07 -1.26320001 -1.14526176 -1.07523801 -1.03122986 -1.00631351 
1.00000000e-07 -1.26320001 -1.14526176 -1.07523801 -1.03122986 -1.00631351 
P (bar) | log_Na: -2σ | log_Na: -1σ | log_Na: median | log_Na: +1σ | log_Na: +2σ 
1.00000000e+02 -5.59668621 -5.38606225 -5.17455239 -4.94508076 -4.71458338 
8.11130831e+01 -5.59668621 -5.38606225 -5.17455239 -4.94508076 -4.71458338 
6.57933225e+01 -5.59668621 -5.38606225 -5.17455239 -4.94508076 -4.71458338 
5.33669923e+01 -5.59668621 -5.38606225 -5.17455239 -4.94508076 -4.71458338 
4.32876128e+01 -5.59668621 -5.38606225 -5.17455239 -4.94508076 -4.71458338 
3.51119173e+01 -5.59668621 -5.38606225 -5.17455239 -4.94508076 -4.71458338 
2.84803587e+01 -5.59668621 -5.38606225 -5.17455239 -4.94508076 -4.71458338 
2.31012970e+01 -5.59668621 -5.38606225 -5.17455239 -4.94508076 -4.71458338 
1.87381742e+01 -5.59668621 -5.38606225 -5.17455239 -4.94508076 -4.71458338 
1.51991108e+01 -5.59668621 -5.38606225 -5.17455239 -4.94508076 -4.71458338 
1.23284674e+01 -5.59668621 -5.38606225 -5.17455239 -4.94508076 -4.71458338 
1.00000000e+01 -5.59668621 -5.38606225 -5.17455239 -4.94508076 -4.71458338 
8.11130831e+00 -5.59668621 -5.38606225 -5.17455239 -4.94508076 -4.71458338 
6.57933225e+00 -5.59668621 -5.38606225 -5.17455239 -4.94508076 -4.71458338 
5.33669923e+00 -5.59668621 -5.38606225 -5.17455239 -4.94508076 -4.71458338 
4.32876128e+00 -5.59668621 -5.38606225 -5.17455239 -4.94508076 -4.71458338 
3.51119173e+00 -5.59668621 -5.38606225 -5.17455239 -4.94508076 -4.71458338 
2.84803587e+00 -5.59668621 -5.38606225 -5.17455239 -4.94508076 -4.71458338 
2.31012970e+00 -5.59668621 -5.38606225 -5.17455239 -4.94508076 -4.71458338 
1.87381742e+00 -5.59668621 -5.38606225 -5.17455239 -4.94508076 -4.71458338 
1.51991108e+00 -5.59668621 -5.38606225 -5.17455239 -4.94508076 -4.71458338 
1.23284674e+00 -5.59668621 -5.38606225 -5.17455239 -4.94508076 -4.71458338 
1.00000000e+00 -5.59668621 -5.38606225 -5.17455239 -4.94508076 -4.71458338 
8.11130831e-01 -5.59668621 -5.38606225 -5.17455239 -4.94508076 -4.71458338 
6.57933225e-01 -5.59668621 -5.38606225 -5.17455239 -4.94508076 -4.71458338 
5.33669923e-01 -5.59668621 -5.38606225 -5.17455239 -4.94508076 -4.71458338 
4.32876128e-01 -5.59668621 -5.38606225 -5.17455239 -4.94508076 -4.71458338 
3.51119173e-01 -5.59668621 -5.38606225 -5.17455239 -4.94508076 -4.71458338 
2.84803587e-01 -5.59668621 -5.38606225 -5.17455239 -4.94508076 -4.71458338 
2.31012970e-01 -5.59668621 -5.38606225 -5.17455239 -4.94508076 -4.71458338 
1.87381742e-01 -5.59668621 -5.38606225 -5.17455239 -4.94508076 -4.71458338 
1.51991108e-01 -5.59668621 -5.38606225 -5.17455239 -4.94508076 -4.71458338 
1.23284674e-01 -5.59668621 -5.38606225 -5.17455239 -4.94508076 -4.71458338 
1.00000000e-01 -5.59668621 -5.38606225 -5.17455239 -4.94508076 -4.71458338 
8.11130831e-02 -5.59668621 -5.38606225 -5.17455239 -4.94508076 -4.71458338 
6.57933225e-02 -5.59668621 -5.38606225 -5.17455239 -4.94508076 -4.71458338 
5.33669923e-02 -5.59668621 -5.38606225 -5.17455239 -4.94508076 -4.71458338 
4.32876128e-02 -5.59668621 -5.38606225 -5.17455239 -4.94508076 -4.71458338 
3.51119173e-02 -5.59668621 -5.38606225 -5.17455239 -4.94508076 -4.71458338 
2.84803587e-02 -5.59668621 -5.38606225 -5.17455239 -4.94508076 -4.71458338 
2.31012970e-02 -5.59668621 -5.38606225 -5.17455239 -4.94508076 -4.71458338 
1.87381742e-02 -5.59668621 -5.38606225 -5.17455239 -4.94508076 -4.71458338 
1.51991108e-02 -5.59668621 -5.38606225 -5.17455239 -4.94508076 -4.71458338 
1.23284674e-02 -5.59668621 -5.38606225 -5.17455239 -4.94508076 -4.71458338 
1.00000000e-02 -5.59668621 -5.38606225 -5.17455239 -4.94508076 -4.71458338 
8.11130831e-03 -5.59668621 -5.38606225 -5.17455239 -4.94508076 -4.71458338 
6.57933225e-03 -5.59668621 -5.38606225 -5.17455239 -4.94508076 -4.71458338 
5.33669923e-03 -5.59668621 -5.38606225 -5.17455239 -4.94508076 -4.71458338 
4.32876128e-03 -5.59668621 -5.38606225 -5.17455239 -4.94508076 -4.71458338 
3.51119173e-03 -5.59668621 -5.38606225 -5.17455239 -4.94508076 -4.71458338 
2.84803587e-03 -5.59668621 -5.38606225 -5.17455239 -4.94508076 -4.71458338 
2.31012970e-03 -5.59668621 -5.38606225 -5.17455239 -4.94508076 -4.71458338 
1.87381742e-03 -5.59668621 -5.38606225 -5.17455239 -4.94508076 -4.71458338 
1.51991108e-03 -5.59668621 -5.38606225 -5.17455239 -4.94508076 -4.71458338 
1.23284674e-03 -5.59668621 -5.38606225 -5.17455239 -4.94508076 -4.71458338 
1.00000000e-03 -5.59668621 -5.38606225 -5.17455239 -4.94508076 -4.71458338 
8.11130831e-04 -5.59668621 -5.38606225 -5.17455239 -4.94508076 -4.71458338 
6.57933225e-04 -5.59668621 -5.38606225 -5.17455239 -4.94508076 -4.71458338 
5.33669923e-04 -5.59668621 -5.38606225 -5.17455239 -4.94508076 -4.71458338 
4.32876128e-04 -5.59668621 -5.38606225 -5.17455239 -4.94508076 -4.71458338 
3.51119173e-04 -5.59668621 -5.38606225 -5.17455239 -4.94508076 -4.71458338 
2.84803587e-04 -5.59668621 -5.38606225 -5.17455239 -4.94508076 -4.71458338 
2.31012970e-04 -5.59668621 -5.38606225 -5.17455239 -4.94508076 -4.71458338 
1.87381742e-04 -5.59668621 -5.38606225 -5.17455239 -4.94508076 -4.71458338 
1.51991108e-04 -5.59668621 -5.38606225 -5.17455239 -4.94508076 -4.71458338 
1.23284674e-04 -5.59668621 -5.38606225 -5.17455239 -4.94508076 -4.71458338 
1.00000000e-04 -5.59668621 -5.38606225 -5.17455239 -4.94508076 -4.71458338 
8.11130831e-05 -5.59668621 -5.38606225 -5.17455239 -4.94508076 -4.71458338 
6.57933225e-05 -5.59668621 -5.38606225 -5.17455239 -4.94508076 -4.71458338 
5.33669923e-05 -5.59668621 -5.38606225 -5.17455239 -4.94508076 -4.71458338 
4.32876128e-05 -5.59668621 -5.38606225 -5.17455239 -4.94508076 -4.71458338 
3.51119173e-05 -5.59668621 -5.38606225 -5.17455239 -4.94508076 -4.71458338 
2.84803587e-05 -5.59668621 -5.38606225 -5.17455239 -4.94508076 -4.71458338 
2.31012970e-05 -5.59668621 -5.38606225 -5.17455239 -4.94508076 -4.71458338 
1.87381742e-05 -5.59668621 -5.38606225 -5.17455239 -4.94508076 -4.71458338 
1.51991108e-05 -5.59668621 -5.38606225 -5.17455239 -4.94508076 -4.71458338 
1.23284674e-05 -5.59668621 -5.38606225 -5.17455239 -4.94508076 -4.71458338 
1.00000000e-05 -5.59668621 -5.38606225 -5.17455239 -4.94508076 -4.71458338 
8.11130831e-06 -5.59668621 -5.38606225 -5.17455239 -4.94508076 -4.71458338 
6.57933225e-06 -5.59668621 -5.38606225 -5.17455239 -4.94508076 -4.71458338 
5.33669923e-06 -5.59668621 -5.38606225 -5.17455239 -4.94508076 -4.71458338 
4.32876128e-06 -5.59668621 -5.38606225 -5.17455239 -4.94508076 -4.71458338 
3.51119173e-06 -5.59668621 -5.38606225 -5.17455239 -4.94508076 -4.71458338 
2.84803587e-06 -5.59668621 -5.38606225 -5.17455239 -4.94508076 -4.71458338 
2.31012970e-06 -5.59668621 -5.38606225 -5.17455239 -4.94508076 -4.71458338 
1.87381742e-06 -5.59668621 -5.38606225 -5.17455239 -4.94508076 -4.71458338 
1.51991108e-06 -5.59668621 -5.38606225 -5.17455239 -4.94508076 -4.71458338 
1.23284674e-06 -5.59668621 -5.38606225 -5.17455239 -4.94508076 -4.71458338 
1.00000000e-06 -5.59668621 -5.38606225 -5.17455239 -4.94508076 -4.71458338 
8.11130831e-07 -5.59668621 -5.38606225 -5.17455239 -4.94508076 -4.71458338 
6.57933225e-07 -5.59668621 -5.38606225 -5.17455239 -4.94508076 -4.71458338 
5.33669923e-07 -5.59668621 -5.38606225 -5.17455239 -4.94508076 -4.71458338 
4.32876128e-07 -5.59668621 -5.38606225 -5.17455239 -4.94508076 -4.71458338 
3.51119173e-07 -5.59668621 -5.38606225 -5.17455239 -4.94508076 -4.71458338 
2.84803587e-07 -5.59668621 -5.38606225 -5.17455239 -4.94508076 -4.71458338 
2.31012970e-07 -5.59668621 -5.38606225 -5.17455239 -4.94508076 -4.71458338 
1.87381742e-07 -5.59668621 -5.38606225 -5.17455239 -4.94508076 -4.71458338 
1.51991108e-07 -5.59668621 -5.38606225 -5.17455239 -4.94508076 -4.71458338 
1.23284674e-07 -5.59668621 -5.38606225 -5.17455239 -4.94508076 -4.71458338 
1.00000000e-07 -5.59668621 -5.38606225 -5.17455239 -4.94508076 -4.71458338 
P (bar) | log_CH4: -2σ | log_CH4: -1σ | log_CH4: median | log_CH4: +1σ | log_CH4: +2σ 
1.00000000e+02 -8.97010106 -8.75774484 -8.21156329 -7.50517160 -6.94358481 
8.11130831e+01 -8.97010106 -8.75774484 -8.21156329 -7.50517160 -6.94358481 
6.57933225e+01 -8.97010106 -8.75774484 -8.21156329 -7.50517160 -6.94358481 
5.33669923e+01 -8.97010106 -8.75774484 -8.21156329 -7.50517160 -6.94358481 
4.32876128e+01 -8.97010106 -8.75774484 -8.21156329 -7.50517160 -6.94358481 
3.51119173e+01 -8.97010106 -8.75774484 -8.21156329 -7.50517160 -6.94358481 
2.84803587e+01 -8.97010106 -8.75774484 -8.21156329 -7.50517160 -6.94358481 
2.31012970e+01 -8.97010106 -8.75774484 -8.21156329 -7.50517160 -6.94358481 
1.87381742e+01 -8.97010106 -8.75774484 -8.21156329 -7.50517160 -6.94358481 
1.51991108e+01 -8.97010106 -8.75774484 -8.21156329 -7.50517160 -6.94358481 
1.23284674e+01 -8.97010106 -8.75774484 -8.21156329 -7.50517160 -6.94358481 
1.00000000e+01 -8.97010106 -8.75774484 -8.21156329 -7.50517160 -6.94358481 
8.11130831e+00 -8.97010106 -8.75774484 -8.21156329 -7.50517160 -6.94358481 
6.57933225e+00 -8.97010106 -8.75774484 -8.21156329 -7.50517160 -6.94358481 
5.33669923e+00 -8.97010106 -8.75774484 -8.21156329 -7.50517160 -6.94358481 
4.32876128e+00 -8.97010106 -8.75774484 -8.21156329 -7.50517160 -6.94358481 
3.51119173e+00 -8.97010106 -8.75774484 -8.21156329 -7.50517160 -6.94358481 
2.84803587e+00 -8.97010106 -8.75774484 -8.21156329 -7.50517160 -6.94358481 
2.31012970e+00 -8.97010106 -8.75774484 -8.21156329 -7.50517160 -6.94358481 
1.87381742e+00 -8.97010106 -8.75774484 -8.21156329 -7.50517160 -6.94358481 
1.51991108e+00 -8.97010106 -8.75774484 -8.21156329 -7.50517160 -6.94358481 
1.23284674e+00 -8.97010106 -8.75774484 -8.21156329 -7.50517160 -6.94358481 
1.00000000e+00 -8.97010106 -8.75774484 -8.21156329 -7.50517160 -6.94358481 
8.11130831e-01 -8.97010106 -8.75774484 -8.21156329 -7.50517160 -6.94358481 
6.57933225e-01 -8.97010106 -8.75774484 -8.21156329 -7.50517160 -6.94358481 
5.33669923e-01 -8.97010106 -8.75774484 -8.21156329 -7.50517160 -6.94358481 
4.32876128e-01 -8.97010106 -8.75774484 -8.21156329 -7.50517160 -6.94358481 
3.51119173e-01 -8.97010106 -8.75774484 -8.21156329 -7.50517160 -6.94358481 
2.84803587e-01 -8.97010106 -8.75774484 -8.21156329 -7.50517160 -6.94358481 
2.31012970e-01 -8.97010106 -8.75774484 -8.21156329 -7.50517160 -6.94358481 
1.87381742e-01 -8.97010106 -8.75774484 -8.21156329 -7.50517160 -6.94358481 
1.51991108e-01 -8.97010106 -8.75774484 -8.21156329 -7.50517160 -6.94358481 
1.23284674e-01 -8.97010106 -8.75774484 -8.21156329 -7.50517160 -6.94358481 
1.00000000e-01 -8.97010106 -8.75774484 -8.21156329 -7.50517160 -6.94358481 
8.11130831e-02 -8.97010106 -8.75774484 -8.21156329 -7.50517160 -6.94358481 
6.57933225e-02 -8.97010106 -8.75774484 -8.21156329 -7.50517160 -6.94358481 
5.33669923e-02 -8.97010106 -8.75774484 -8.21156329 -7.50517160 -6.94358481 
4.32876128e-02 -8.97010106 -8.75774484 -8.21156329 -7.50517160 -6.94358481 
3.51119173e-02 -8.97010106 -8.75774484 -8.21156329 -7.50517160 -6.94358481 
2.84803587e-02 -8.97010106 -8.75774484 -8.21156329 -7.50517160 -6.94358481 
2.31012970e-02 -8.97010106 -8.75774484 -8.21156329 -7.50517160 -6.94358481 
1.87381742e-02 -8.97010106 -8.75774484 -8.21156329 -7.50517160 -6.94358481 
1.51991108e-02 -8.97010106 -8.75774484 -8.21156329 -7.50517160 -6.94358481 
1.23284674e-02 -8.97010106 -8.75774484 -8.21156329 -7.50517160 -6.94358481 
1.00000000e-02 -8.97010106 -8.75774484 -8.21156329 -7.50517160 -6.94358481 
8.11130831e-03 -8.97010106 -8.75774484 -8.21156329 -7.50517160 -6.94358481 
6.57933225e-03 -8.97010106 -8.75774484 -8.21156329 -7.50517160 -6.94358481 
5.33669923e-03 -8.97010106 -8.75774484 -8.21156329 -7.50517160 -6.94358481 
4.32876128e-03 -8.97010106 -8.75774484 -8.21156329 -7.50517160 -6.94358481 
3.51119173e-03 -8.97010106 -8.75774484 -8.21156329 -7.50517160 -6.94358481 
2.84803587e-03 -8.97010106 -8.75774484 -8.21156329 -7.50517160 -6.94358481 
2.31012970e-03 -8.97010106 -8.75774484 -8.21156329 -7.50517160 -6.94358481 
1.87381742e-03 -8.97010106 -8.75774484 -8.21156329 -7.50517160 -6.94358481 
1.51991108e-03 -8.97010106 -8.75774484 -8.21156329 -7.50517160 -6.94358481 
1.23284674e-03 -8.97010106 -8.75774484 -8.21156329 -7.50517160 -6.94358481 
1.00000000e-03 -8.97010106 -8.75774484 -8.21156329 -7.50517160 -6.94358481 
8.11130831e-04 -8.97010106 -8.75774484 -8.21156329 -7.50517160 -6.94358481 
6.57933225e-04 -8.97010106 -8.75774484 -8.21156329 -7.50517160 -6.94358481 
5.33669923e-04 -8.97010106 -8.75774484 -8.21156329 -7.50517160 -6.94358481 
4.32876128e-04 -8.97010106 -8.75774484 -8.21156329 -7.50517160 -6.94358481 
3.51119173e-04 -8.97010106 -8.75774484 -8.21156329 -7.50517160 -6.94358481 
2.84803587e-04 -8.97010106 -8.75774484 -8.21156329 -7.50517160 -6.94358481 
2.31012970e-04 -8.97010106 -8.75774484 -8.21156329 -7.50517160 -6.94358481 
1.87381742e-04 -8.97010106 -8.75774484 -8.21156329 -7.50517160 -6.94358481 
1.51991108e-04 -8.97010106 -8.75774484 -8.21156329 -7.50517160 -6.94358481 
1.23284674e-04 -8.97010106 -8.75774484 -8.21156329 -7.50517160 -6.94358481 
1.00000000e-04 -8.97010106 -8.75774484 -8.21156329 -7.50517160 -6.94358481 
8.11130831e-05 -8.97010106 -8.75774484 -8.21156329 -7.50517160 -6.94358481 
6.57933225e-05 -8.97010106 -8.75774484 -8.21156329 -7.50517160 -6.94358481 
5.33669923e-05 -8.97010106 -8.75774484 -8.21156329 -7.50517160 -6.94358481 
4.32876128e-05 -8.97010106 -8.75774484 -8.21156329 -7.50517160 -6.94358481 
3.51119173e-05 -8.97010106 -8.75774484 -8.21156329 -7.50517160 -6.94358481 
2.84803587e-05 -8.97010106 -8.75774484 -8.21156329 -7.50517160 -6.94358481 
2.31012970e-05 -8.97010106 -8.75774484 -8.21156329 -7.50517160 -6.94358481 
1.87381742e-05 -8.97010106 -8.75774484 -8.21156329 -7.50517160 -6.94358481 
1.51991108e-05 -8.97010106 -8.75774484 -8.21156329 -7.50517160 -6.94358481 
1.23284674e-05 -8.97010106 -8.75774484 -8.21156329 -7.50517160 -6.94358481 
1.00000000e-05 -8.97010106 -8.75774484 -8.21156329 -7.50517160 -6.94358481 
8.11130831e-06 -8.97010106 -8.75774484 -8.21156329 -7.50517160 -6.94358481 
6.57933225e-06 -8.97010106 -8.75774484 -8.21156329 -7.50517160 -6.94358481 
5.33669923e-06 -8.97010106 -8.75774484 -8.21156329 -7.50517160 -6.94358481 
4.32876128e-06 -8.97010106 -8.75774484 -8.21156329 -7.50517160 -6.94358481 
3.51119173e-06 -8.97010106 -8.75774484 -8.21156329 -7.50517160 -6.94358481 
2.84803587e-06 -8.97010106 -8.75774484 -8.21156329 -7.50517160 -6.94358481 
2.31012970e-06 -8.97010106 -8.75774484 -8.21156329 -7.50517160 -6.94358481 
1.87381742e-06 -8.97010106 -8.75774484 -8.21156329 -7.50517160 -6.94358481 
1.51991108e-06 -8.97010106 -8.75774484 -8.21156329 -7.50517160 -6.94358481 
1.23284674e-06 -8.97010106 -8.75774484 -8.21156329 -7.50517160 -6.94358481 
1.00000000e-06 -8.97010106 -8.75774484 -8.21156329 -7.50517160 -6.94358481 
8.11130831e-07 -8.97010106 -8.75774484 -8.21156329 -7.50517160 -6.94358481 
6.57933225e-07 -8.97010106 -8.75774484 -8.21156329 -7.50517160 -6.94358481 
5.33669923e-07 -8.97010106 -8.75774484 -8.21156329 -7.50517160 -6.94358481 
4.32876128e-07 -8.97010106 -8.75774484 -8.21156329 -7.50517160 -6.94358481 
3.51119173e-07 -8.97010106 -8.75774484 -8.21156329 -7.50517160 -6.94358481 
2.84803587e-07 -8.97010106 -8.75774484 -8.21156329 -7.50517160 -6.94358481 
2.31012970e-07 -8.97010106 -8.75774484 -8.21156329 -7.50517160 -6.94358481 
1.87381742e-07 -8.97010106 -8.75774484 -8.21156329 -7.50517160 -6.94358481 
1.51991108e-07 -8.97010106 -8.75774484 -8.21156329 -7.50517160 -6.94358481 
1.23284674e-07 -8.97010106 -8.75774484 -8.21156329 -7.50517160 -6.94358481 
1.00000000e-07 -8.97010106 -8.75774484 -8.21156329 -7.50517160 -6.94358481 
P (bar) | log_H2S: -2σ | log_H2S: -1σ | log_H2S: median | log_H2S: +1σ | log_H2S: +2σ 
1.00000000e+02 -6.92700293 -6.41306161 -5.46380333 -4.82575022 -4.45040594 
8.11130831e+01 -6.92700293 -6.41306161 -5.46380333 -4.82575022 -4.45040594 
6.57933225e+01 -6.92700293 -6.41306161 -5.46380333 -4.82575022 -4.45040594 
5.33669923e+01 -6.92700293 -6.41306161 -5.46380333 -4.82575022 -4.45040594 
4.32876128e+01 -6.92700293 -6.41306161 -5.46380333 -4.82575022 -4.45040594 
3.51119173e+01 -6.92700293 -6.41306161 -5.46380333 -4.82575022 -4.45040594 
2.84803587e+01 -6.92700293 -6.41306161 -5.46380333 -4.82575022 -4.45040594 
2.31012970e+01 -6.92700293 -6.41306161 -5.46380333 -4.82575022 -4.45040594 
1.87381742e+01 -6.92700293 -6.41306161 -5.46380333 -4.82575022 -4.45040594 
1.51991108e+01 -6.92700293 -6.41306161 -5.46380333 -4.82575022 -4.45040594 
1.23284674e+01 -6.92700293 -6.41306161 -5.46380333 -4.82575022 -4.45040594 
1.00000000e+01 -6.92700293 -6.41306161 -5.46380333 -4.82575022 -4.45040594 
8.11130831e+00 -6.92700293 -6.41306161 -5.46380333 -4.82575022 -4.45040594 
6.57933225e+00 -6.92700293 -6.41306161 -5.46380333 -4.82575022 -4.45040594 
5.33669923e+00 -6.92700293 -6.41306161 -5.46380333 -4.82575022 -4.45040594 
4.32876128e+00 -6.92700293 -6.41306161 -5.46380333 -4.82575022 -4.45040594 
3.51119173e+00 -6.92700293 -6.41306161 -5.46380333 -4.82575022 -4.45040594 
2.84803587e+00 -6.92700293 -6.41306161 -5.46380333 -4.82575022 -4.45040594 
2.31012970e+00 -6.92700293 -6.41306161 -5.46380333 -4.82575022 -4.45040594 
1.87381742e+00 -6.92700293 -6.41306161 -5.46380333 -4.82575022 -4.45040594 
1.51991108e+00 -6.92700293 -6.41306161 -5.46380333 -4.82575022 -4.45040594 
1.23284674e+00 -6.92700293 -6.41306161 -5.46380333 -4.82575022 -4.45040594 
1.00000000e+00 -6.92700293 -6.41306161 -5.46380333 -4.82575022 -4.45040594 
8.11130831e-01 -6.92700293 -6.41306161 -5.46380333 -4.82575022 -4.45040594 
6.57933225e-01 -6.92700293 -6.41306161 -5.46380333 -4.82575022 -4.45040594 
5.33669923e-01 -6.92700293 -6.41306161 -5.46380333 -4.82575022 -4.45040594 
4.32876128e-01 -6.92700293 -6.41306161 -5.46380333 -4.82575022 -4.45040594 
3.51119173e-01 -6.92700293 -6.41306161 -5.46380333 -4.82575022 -4.45040594 
2.84803587e-01 -6.92700293 -6.41306161 -5.46380333 -4.82575022 -4.45040594 
2.31012970e-01 -6.92700293 -6.41306161 -5.46380333 -4.82575022 -4.45040594 
1.87381742e-01 -6.92700293 -6.41306161 -5.46380333 -4.82575022 -4.45040594 
1.51991108e-01 -6.92700293 -6.41306161 -5.46380333 -4.82575022 -4.45040594 
1.23284674e-01 -6.92700293 -6.41306161 -5.46380333 -4.82575022 -4.45040594 
1.00000000e-01 -6.92700293 -6.41306161 -5.46380333 -4.82575022 -4.45040594 
8.11130831e-02 -6.92700293 -6.41306161 -5.46380333 -4.82575022 -4.45040594 
6.57933225e-02 -6.92700293 -6.41306161 -5.46380333 -4.82575022 -4.45040594 
5.33669923e-02 -6.92700293 -6.41306161 -5.46380333 -4.82575022 -4.45040594 
4.32876128e-02 -6.92700293 -6.41306161 -5.46380333 -4.82575022 -4.45040594 
3.51119173e-02 -6.92700293 -6.41306161 -5.46380333 -4.82575022 -4.45040594 
2.84803587e-02 -6.92700293 -6.41306161 -5.46380333 -4.82575022 -4.45040594 
2.31012970e-02 -6.92700293 -6.41306161 -5.46380333 -4.82575022 -4.45040594 
1.87381742e-02 -6.92700293 -6.41306161 -5.46380333 -4.82575022 -4.45040594 
1.51991108e-02 -6.92700293 -6.41306161 -5.46380333 -4.82575022 -4.45040594 
1.23284674e-02 -6.92700293 -6.41306161 -5.46380333 -4.82575022 -4.45040594 
1.00000000e-02 -6.92700293 -6.41306161 -5.46380333 -4.82575022 -4.45040594 
8.11130831e-03 -6.92700293 -6.41306161 -5.46380333 -4.82575022 -4.45040594 
6.57933225e-03 -6.92700293 -6.41306161 -5.46380333 -4.82575022 -4.45040594 
5.33669923e-03 -6.92700293 -6.41306161 -5.46380333 -4.82575022 -4.45040594 
4.32876128e-03 -6.92700293 -6.41306161 -5.46380333 -4.82575022 -4.45040594 
3.51119173e-03 -6.92700293 -6.41306161 -5.46380333 -4.82575022 -4.45040594 
2.84803587e-03 -6.92700293 -6.41306161 -5.46380333 -4.82575022 -4.45040594 
2.31012970e-03 -6.92700293 -6.41306161 -5.46380333 -4.82575022 -4.45040594 
1.87381742e-03 -6.92700293 -6.41306161 -5.46380333 -4.82575022 -4.45040594 
1.51991108e-03 -6.92700293 -6.41306161 -5.46380333 -4.82575022 -4.45040594 
1.23284674e-03 -6.92700293 -6.41306161 -5.46380333 -4.82575022 -4.45040594 
1.00000000e-03 -6.92700293 -6.41306161 -5.46380333 -4.82575022 -4.45040594 
8.11130831e-04 -6.92700293 -6.41306161 -5.46380333 -4.82575022 -4.45040594 
6.57933225e-04 -6.92700293 -6.41306161 -5.46380333 -4.82575022 -4.45040594 
5.33669923e-04 -6.92700293 -6.41306161 -5.46380333 -4.82575022 -4.45040594 
4.32876128e-04 -6.92700293 -6.41306161 -5.46380333 -4.82575022 -4.45040594 
3.51119173e-04 -6.92700293 -6.41306161 -5.46380333 -4.82575022 -4.45040594 
2.84803587e-04 -6.92700293 -6.41306161 -5.46380333 -4.82575022 -4.45040594 
2.31012970e-04 -6.92700293 -6.41306161 -5.46380333 -4.82575022 -4.45040594 
1.87381742e-04 -6.92700293 -6.41306161 -5.46380333 -4.82575022 -4.45040594 
1.51991108e-04 -6.92700293 -6.41306161 -5.46380333 -4.82575022 -4.45040594 
1.23284674e-04 -6.92700293 -6.41306161 -5.46380333 -4.82575022 -4.45040594 
1.00000000e-04 -6.92700293 -6.41306161 -5.46380333 -4.82575022 -4.45040594 
8.11130831e-05 -6.92700293 -6.41306161 -5.46380333 -4.82575022 -4.45040594 
6.57933225e-05 -6.92700293 -6.41306161 -5.46380333 -4.82575022 -4.45040594 
5.33669923e-05 -6.92700293 -6.41306161 -5.46380333 -4.82575022 -4.45040594 
4.32876128e-05 -6.92700293 -6.41306161 -5.46380333 -4.82575022 -4.45040594 
3.51119173e-05 -6.92700293 -6.41306161 -5.46380333 -4.82575022 -4.45040594 
2.84803587e-05 -6.92700293 -6.41306161 -5.46380333 -4.82575022 -4.45040594 
2.31012970e-05 -6.92700293 -6.41306161 -5.46380333 -4.82575022 -4.45040594 
1.87381742e-05 -6.92700293 -6.41306161 -5.46380333 -4.82575022 -4.45040594 
1.51991108e-05 -6.92700293 -6.41306161 -5.46380333 -4.82575022 -4.45040594 
1.23284674e-05 -6.92700293 -6.41306161 -5.46380333 -4.82575022 -4.45040594 
1.00000000e-05 -6.92700293 -6.41306161 -5.46380333 -4.82575022 -4.45040594 
8.11130831e-06 -6.92700293 -6.41306161 -5.46380333 -4.82575022 -4.45040594 
6.57933225e-06 -6.92700293 -6.41306161 -5.46380333 -4.82575022 -4.45040594 
5.33669923e-06 -6.92700293 -6.41306161 -5.46380333 -4.82575022 -4.45040594 
4.32876128e-06 -6.92700293 -6.41306161 -5.46380333 -4.82575022 -4.45040594 
3.51119173e-06 -6.92700293 -6.41306161 -5.46380333 -4.82575022 -4.45040594 
2.84803587e-06 -6.92700293 -6.41306161 -5.46380333 -4.82575022 -4.45040594 
2.31012970e-06 -6.92700293 -6.41306161 -5.46380333 -4.82575022 -4.45040594 
1.87381742e-06 -6.92700293 -6.41306161 -5.46380333 -4.82575022 -4.45040594 
1.51991108e-06 -6.92700293 -6.41306161 -5.46380333 -4.82575022 -4.45040594 
1.23284674e-06 -6.92700293 -6.41306161 -5.46380333 -4.82575022 -4.45040594 
1.00000000e-06 -6.92700293 -6.41306161 -5.46380333 -4.82575022 -4.45040594 
8.11130831e-07 -6.92700293 -6.41306161 -5.46380333 -4.82575022 -4.45040594 
6.57933225e-07 -6.92700293 -6.41306161 -5.46380333 -4.82575022 -4.45040594 
5.33669923e-07 -6.92700293 -6.41306161 -5.46380333 -4.82575022 -4.45040594 
4.32876128e-07 -6.92700293 -6.41306161 -5.46380333 -4.82575022 -4.45040594 
3.51119173e-07 -6.92700293 -6.41306161 -5.46380333 -4.82575022 -4.45040594 
2.84803587e-07 -6.92700293 -6.41306161 -5.46380333 -4.82575022 -4.45040594 
2.31012970e-07 -6.92700293 -6.41306161 -5.46380333 -4.82575022 -4.45040594 
1.87381742e-07 -6.92700293 -6.41306161 -5.46380333 -4.82575022 -4.45040594 
1.51991108e-07 -6.92700293 -6.41306161 -5.46380333 -4.82575022 -4.45040594 
1.23284674e-07 -6.92700293 -6.41306161 -5.46380333 -4.82575022 -4.45040594 
1.00000000e-07 -6.92700293 -6.41306161 -5.46380333 -4.82575022 -4.45040594 
