Chemical species: H2 He H2O CO2 SO2 K CO Na CH4 H2S
P (bar) | log_H2: -2σ | log_H2: -1σ | log_H2: median | log_H2: +1σ | log_H2: +2σ 
1.00000000e+02 -0.09402228 -0.09003433 -0.08627096 -0.08303009 -0.08053746 
8.11130831e+01 -0.09382241 -0.08987552 -0.08613920 -0.08292330 -0.08046407 
6.57933225e+01 -0.09362490 -0.08971081 -0.08600900 -0.08281791 -0.08038557 
5.33669923e+01 -0.09342970 -0.08954803 -0.08588033 -0.08271801 -0.08030793 
4.32876128e+01 -0.09323678 -0.08939355 -0.08575494 -0.08262363 -0.08023112 
3.51119173e+01 -0.09304608 -0.08923944 -0.08563304 -0.08253130 -0.08015513 
2.84803587e+01 -0.09291455 -0.08911601 -0.08553149 -0.08244961 -0.08008598 
2.31012970e+01 -0.09284079 -0.08902481 -0.08545121 -0.08237828 -0.08002347 
1.87381742e+01 -0.09276736 -0.08894744 -0.08536854 -0.08230753 -0.07996148 
1.51991108e+01 -0.09269427 -0.08886162 -0.08529087 -0.08224186 -0.07990002 
1.23284674e+01 -0.09262072 -0.08878174 -0.08521375 -0.08218103 -0.07983908 
1.00000000e+01 -0.09252010 -0.08869460 -0.08513718 -0.08212100 -0.07977864 
8.11130831e+00 -0.09250148 -0.08867036 -0.08511754 -0.08210820 -0.07976161 
6.57933225e+00 -0.09248510 -0.08864431 -0.08509897 -0.08209171 -0.07974464 
5.33669923e+00 -0.09246890 -0.08862028 -0.08507918 -0.08207349 -0.07972773 
4.32876128e+00 -0.09245293 -0.08859736 -0.08505906 -0.08205535 -0.07971088 
3.51119173e+00 -0.09243733 -0.08857266 -0.08504685 -0.08203728 -0.07968977 
2.84803587e+00 -0.09240947 -0.08855637 -0.08503705 -0.08202616 -0.07967619 
2.31012970e+00 -0.09236965 -0.08854872 -0.08502580 -0.08202198 -0.07967149 
1.87381742e+00 -0.09234952 -0.08853996 -0.08501727 -0.08201793 -0.07966687 
1.51991108e+00 -0.09232356 -0.08852151 -0.08501196 -0.08201409 -0.07966233 
1.23284674e+00 -0.09228902 -0.08851445 -0.08500719 -0.08200969 -0.07965793 
1.00000000e+00 -0.09225846 -0.08850804 -0.08500185 -0.08200298 -0.07965373 
8.11130831e-01 -0.09202820 -0.08844910 -0.08496300 -0.08197257 -0.07964537 
6.57933225e-01 -0.09186910 -0.08838897 -0.08494087 -0.08195574 -0.07963742 
5.33669923e-01 -0.09177647 -0.08835022 -0.08491750 -0.08191924 -0.07963004 
4.32876128e-01 -0.09173768 -0.08831842 -0.08490081 -0.08189768 -0.07962351 
3.51119173e-01 -0.09169722 -0.08829678 -0.08487100 -0.08188148 -0.07961824 
2.84803587e-01 -0.09148196 -0.08811777 -0.08473835 -0.08180456 -0.07957917 
2.31012970e-01 -0.09113277 -0.08784766 -0.08453059 -0.08167341 -0.07947369 
1.87381742e-01 -0.09079970 -0.08755266 -0.08435527 -0.08157061 -0.07940557 
1.51991108e-01 -0.09049455 -0.08732070 -0.08419483 -0.08147092 -0.07931957 
1.23284674e-01 -0.09026592 -0.08716354 -0.08409046 -0.08140481 -0.07924300 
1.00000000e-01 -0.09014743 -0.08706821 -0.08402620 -0.08137515 -0.07920537 
8.11130831e-02 -0.08914253 -0.08629111 -0.08340045 -0.08088348 -0.07881474 
6.57933225e-02 -0.08831819 -0.08564071 -0.08287860 -0.08047742 -0.07849496 
5.33669923e-02 -0.08768106 -0.08513603 -0.08245083 -0.08014558 -0.07825127 
4.32876128e-02 -0.08723741 -0.08472665 -0.08214766 -0.07990048 -0.07809224 
3.51119173e-02 -0.08697630 -0.08448796 -0.08195037 -0.07977423 -0.07795925 
2.84803587e-02 -0.08666483 -0.08416557 -0.08162913 -0.07949911 -0.07776384 
2.31012970e-02 -0.08628092 -0.08372167 -0.08120452 -0.07910436 -0.07742981 
1.87381742e-02 -0.08604324 -0.08340576 -0.08091438 -0.07883350 -0.07715985 
1.51991108e-02 -0.08589224 -0.08319293 -0.08071497 -0.07863302 -0.07696672 
1.23284674e-02 -0.08579591 -0.08307055 -0.08058982 -0.07852316 -0.07684516 
1.00000000e-02 -0.08574586 -0.08301380 -0.08054848 -0.07849374 -0.07678842 
8.11130831e-03 -0.08568585 -0.08292994 -0.08045860 -0.07840422 -0.07669353 
6.57933225e-03 -0.08564564 -0.08288415 -0.08041532 -0.07834979 -0.07664459 
5.33669923e-03 -0.08561877 -0.08285418 -0.08040312 -0.07831571 -0.07662565 
4.32876128e-03 -0.08560093 -0.08283865 -0.08042330 -0.07830648 -0.07663551 
3.51119173e-03 -0.08558928 -0.08285349 -0.08042864 -0.07831923 -0.07665148 
2.84803587e-03 -0.08558433 -0.08287210 -0.08044248 -0.07831992 -0.07666314 
2.31012970e-03 -0.08558455 -0.08286254 -0.08043919 -0.07831771 -0.07665866 
1.87381742e-03 -0.08558653 -0.08285835 -0.08043787 -0.07831888 -0.07665496 
1.51991108e-03 -0.08558967 -0.08285922 -0.08044035 -0.07832218 -0.07665249 
1.23284674e-03 -0.08559357 -0.08286264 -0.08044244 -0.07832695 -0.07665157 
1.00000000e-03 -0.08559798 -0.08286679 -0.08044520 -0.07833301 -0.07665168 
8.11130831e-04 -0.08561018 -0.08286784 -0.08045394 -0.07834174 -0.07665502 
6.57933225e-04 -0.08562261 -0.08286951 -0.08045641 -0.07835112 -0.07665881 
5.33669923e-04 -0.08563519 -0.08287160 -0.08045849 -0.07835425 -0.07666289 
4.32876128e-04 -0.08564564 -0.08287395 -0.08046090 -0.07835728 -0.07666717 
3.51119173e-04 -0.08565613 -0.08287749 -0.08046613 -0.07836051 -0.07667158 
2.84803587e-04 -0.08567250 -0.08289015 -0.08047149 -0.07836714 -0.07668030 
2.31012970e-04 -0.08569474 -0.08290621 -0.08047983 -0.07837713 -0.07669333 
1.87381742e-04 -0.08571704 -0.08291455 -0.08049171 -0.07838820 -0.07670642 
1.51991108e-04 -0.08573941 -0.08292747 -0.08051647 -0.07840106 -0.07671958 
1.23284674e-04 -0.08576182 -0.08294895 -0.08054130 -0.07841413 -0.07673277 
1.00000000e-04 -0.08578429 -0.08296710 -0.08055929 -0.07843172 -0.07674601 
8.11130831e-05 -0.08582557 -0.08300215 -0.08057988 -0.07846836 -0.07677943 
6.57933225e-05 -0.08586701 -0.08303838 -0.08059933 -0.07850257 -0.07681304 
5.33669923e-05 -0.08590655 -0.08307475 -0.08061883 -0.07853843 -0.07684687 
4.32876128e-05 -0.08593256 -0.08311273 -0.08065002 -0.07856980 -0.07688090 
3.51119173e-05 -0.08595862 -0.08314359 -0.08068281 -0.07860133 -0.07691462 
2.84803587e-05 -0.08600126 -0.08319376 -0.08071950 -0.07864734 -0.07696613 
2.31012970e-05 -0.08606067 -0.08324838 -0.08077785 -0.07870954 -0.07701915 
1.87381742e-05 -0.08612040 -0.08329792 -0.08084121 -0.07877174 -0.07709165 
1.51991108e-05 -0.08618045 -0.08335324 -0.08090991 -0.07884821 -0.07716521 
1.23284674e-05 -0.08624082 -0.08341874 -0.08097935 -0.07891753 -0.07722391 
1.00000000e-05 -0.08630151 -0.08349064 -0.08103669 -0.07898206 -0.07728034 
8.11130831e-06 -0.08642367 -0.08360790 -0.08114837 -0.07908451 -0.07736287 
6.57933225e-06 -0.08656205 -0.08372288 -0.08124775 -0.07918486 -0.07745104 
5.33669923e-06 -0.08670213 -0.08384509 -0.08137409 -0.07928732 -0.07754505 
4.32876128e-06 -0.08684393 -0.08396554 -0.08149663 -0.07939904 -0.07764048 
3.51119173e-06 -0.08698747 -0.08408658 -0.08162472 -0.07951126 -0.07773736 
2.84803587e-06 -0.08715668 -0.08423805 -0.08176516 -0.07963056 -0.07783945 
2.31012970e-06 -0.08735264 -0.08441384 -0.08191850 -0.07976066 -0.07794694 
1.87381742e-06 -0.08755183 -0.08458996 -0.08206563 -0.07989299 -0.07805825 
1.51991108e-06 -0.08775431 -0.08476824 -0.08221689 -0.08002891 -0.07817908 
1.23284674e-06 -0.08796011 -0.08494540 -0.08238379 -0.08016836 -0.07830204 
1.00000000e-06 -0.08816931 -0.08512545 -0.08254814 -0.08031014 -0.07842717 
8.11130831e-07 -0.08839184 -0.08532064 -0.08270600 -0.08044723 -0.07853856 
6.57933225e-07 -0.08861827 -0.08551017 -0.08285956 -0.08058637 -0.07865168 
5.33669923e-07 -0.08884866 -0.08569255 -0.08301761 -0.08072027 -0.07876656 
4.32876128e-07 -0.08908699 -0.08587185 -0.08318345 -0.08085747 -0.07888323 
3.51119173e-07 -0.08934549 -0.08607684 -0.08334552 -0.08099806 -0.07900171 
2.84803587e-07 -0.08959738 -0.08626685 -0.08350131 -0.08112657 -0.07910604 
2.31012970e-07 -0.08984220 -0.08645666 -0.08364917 -0.08124553 -0.07919560 
1.87381742e-07 -0.09009124 -0.08665310 -0.08379492 -0.08136601 -0.07928620 
1.51991108e-07 -0.09032717 -0.08685031 -0.08394178 -0.08148631 -0.07937784 
1.23284674e-07 -0.09055276 -0.08704882 -0.08409730 -0.08160886 -0.07947053 
1.00000000e-07 -0.09078182 -0.08724771 -0.08424560 -0.08173178 -0.07956429 
P (bar) | log_He: -2σ | log_He: -1σ | log_He: median | log_He: +1σ | log_He: +2σ 
1.00000000e+02 -0.86357336 -0.85958540 -0.85582204 -0.85258116 -0.85008854 
8.11130831e+01 -0.86337349 -0.85942660 -0.85569028 -0.85247438 -0.85001515 
6.57933225e+01 -0.86317598 -0.85926189 -0.85556008 -0.85236899 -0.84993665 
5.33669923e+01 -0.86298078 -0.85909911 -0.85543141 -0.85226909 -0.84985901 
4.32876128e+01 -0.86278785 -0.85894463 -0.85530602 -0.85217471 -0.84978220 
3.51119173e+01 -0.86259716 -0.85879052 -0.85518412 -0.85208238 -0.84970621 
2.84803587e+01 -0.86246563 -0.85866709 -0.85508257 -0.85200069 -0.84963706 
2.31012970e+01 -0.86239187 -0.85857589 -0.85500229 -0.85192936 -0.84957455 
1.87381742e+01 -0.86231844 -0.85849852 -0.85491961 -0.85185860 -0.84951256 
1.51991108e+01 -0.86224535 -0.85841270 -0.85484194 -0.85179294 -0.84945110 
1.23284674e+01 -0.86217180 -0.85833282 -0.85476483 -0.85173211 -0.84939015 
1.00000000e+01 -0.86207118 -0.85824568 -0.85468826 -0.85167208 -0.84932972 
8.11130831e+00 -0.86205256 -0.85822144 -0.85466862 -0.85165928 -0.84931269 
6.57933225e+00 -0.86203618 -0.85819539 -0.85465005 -0.85164279 -0.84929572 
5.33669923e+00 -0.86201997 -0.85817136 -0.85463026 -0.85162457 -0.84927880 
4.32876128e+00 -0.86200401 -0.85814844 -0.85461013 -0.85160642 -0.84926196 
3.51119173e+00 -0.86198841 -0.85812374 -0.85459792 -0.85158836 -0.84924085 
2.84803587e+00 -0.86196055 -0.85810745 -0.85458813 -0.85157724 -0.84922727 
2.31012970e+00 -0.86192073 -0.85809980 -0.85457688 -0.85157306 -0.84922257 
1.87381742e+00 -0.86190059 -0.85809104 -0.85456835 -0.85156901 -0.84921794 
1.51991108e+00 -0.86187464 -0.85807259 -0.85456304 -0.85156516 -0.84921341 
1.23284674e+00 -0.86184010 -0.85806553 -0.85455826 -0.85156077 -0.84920901 
1.00000000e+00 -0.86180954 -0.85805911 -0.85455293 -0.85155406 -0.84920480 
8.11130831e-01 -0.86157928 -0.85800018 -0.85451407 -0.85152365 -0.84919645 
6.57933225e-01 -0.86142018 -0.85794005 -0.85449195 -0.85150682 -0.84918850 
5.33669923e-01 -0.86132755 -0.85790130 -0.85446857 -0.85147032 -0.84918112 
4.32876128e-01 -0.86128876 -0.85786950 -0.85445189 -0.85144875 -0.84917459 
3.51119173e-01 -0.86124830 -0.85784786 -0.85442208 -0.85143256 -0.84916932 
2.84803587e-01 -0.86103304 -0.85766885 -0.85428943 -0.85135564 -0.84913025 
2.31012970e-01 -0.86068384 -0.85739874 -0.85408167 -0.85122448 -0.84902477 
1.87381742e-01 -0.86035078 -0.85710374 -0.85390635 -0.85112169 -0.84895665 
1.51991108e-01 -0.86004563 -0.85687178 -0.85374591 -0.85102200 -0.84887065 
1.23284674e-01 -0.85981699 -0.85671462 -0.85364153 -0.85095589 -0.84879408 
1.00000000e-01 -0.85969851 -0.85661929 -0.85357728 -0.85092623 -0.84875645 
8.11130831e-02 -0.85869361 -0.85584219 -0.85295153 -0.85043456 -0.84836582 
6.57933225e-02 -0.85786927 -0.85519179 -0.85242968 -0.85002850 -0.84804604 
5.33669923e-02 -0.85723213 -0.85468711 -0.85200191 -0.84969665 -0.84780235 
4.32876128e-02 -0.85678849 -0.85427773 -0.85169874 -0.84945156 -0.84764331 
3.51119173e-02 -0.85652738 -0.85403904 -0.85150145 -0.84932531 -0.84751033 
2.84803587e-02 -0.85621591 -0.85371665 -0.85118021 -0.84905019 -0.84731491 
2.31012970e-02 -0.85583200 -0.85327275 -0.85075560 -0.84865544 -0.84698089 
1.87381742e-02 -0.85559432 -0.85295684 -0.85046546 -0.84838458 -0.84671093 
1.51991108e-02 -0.85544332 -0.85274401 -0.85026605 -0.84818410 -0.84651779 
1.23284674e-02 -0.85534699 -0.85262163 -0.85014090 -0.84807424 -0.84639623 
1.00000000e-02 -0.85529694 -0.85256488 -0.85009956 -0.84804481 -0.84633950 
8.11130831e-03 -0.85523693 -0.85248102 -0.85000968 -0.84795530 -0.84624461 
6.57933225e-03 -0.85519672 -0.85243523 -0.84996640 -0.84790087 -0.84619567 
5.33669923e-03 -0.85516985 -0.85240525 -0.84995420 -0.84786678 -0.84617672 
4.32876128e-03 -0.85515201 -0.85238973 -0.84997438 -0.84785756 -0.84618659 
3.51119173e-03 -0.85514035 -0.85240457 -0.84997972 -0.84787031 -0.84620256 
2.84803587e-03 -0.85513541 -0.85242318 -0.84999356 -0.84787100 -0.84621422 
2.31012970e-03 -0.85513563 -0.85241362 -0.84999027 -0.84786879 -0.84620974 
1.87381742e-03 -0.85513761 -0.85240943 -0.84998894 -0.84786996 -0.84620604 
1.51991108e-03 -0.85514075 -0.85241030 -0.84999142 -0.84787326 -0.84620357 
1.23284674e-03 -0.85514465 -0.85241372 -0.84999352 -0.84787803 -0.84620265 
1.00000000e-03 -0.85514906 -0.85241787 -0.84999628 -0.84788409 -0.84620276 
8.11130831e-04 -0.85516126 -0.85241892 -0.85000502 -0.84789282 -0.84620610 
6.57933225e-04 -0.85517368 -0.85242059 -0.85000749 -0.84790220 -0.84620988 
5.33669923e-04 -0.85518627 -0.85242267 -0.85000957 -0.84790533 -0.84621397 
4.32876128e-04 -0.85519672 -0.85242503 -0.85001197 -0.84790836 -0.84621825 
3.51119173e-04 -0.85520721 -0.85242857 -0.85001721 -0.84791159 -0.84622265 
2.84803587e-04 -0.85522357 -0.85244122 -0.85002257 -0.84791822 -0.84623138 
2.31012970e-04 -0.85524582 -0.85245729 -0.85003090 -0.84792821 -0.84624441 
1.87381742e-04 -0.85526812 -0.85246562 -0.85004279 -0.84793928 -0.84625750 
1.51991108e-04 -0.85529049 -0.85247855 -0.85006755 -0.84795214 -0.84627065 
1.23284674e-04 -0.85531290 -0.85250003 -0.85009238 -0.84796520 -0.84628385 
1.00000000e-04 -0.85533537 -0.85251818 -0.85011037 -0.84798279 -0.84629709 
8.11130831e-05 -0.85537665 -0.85255322 -0.85013096 -0.84801944 -0.84633050 
6.57933225e-05 -0.85541809 -0.85258946 -0.85015041 -0.84805365 -0.84636412 
5.33669923e-05 -0.85545763 -0.85262583 -0.85016991 -0.84808951 -0.84639795 
4.32876128e-05 -0.85548363 -0.85266381 -0.85020110 -0.84812088 -0.84643198 
3.51119173e-05 -0.85550970 -0.85269467 -0.85023389 -0.84815241 -0.84646570 
2.84803587e-05 -0.85555234 -0.85274484 -0.85027058 -0.84819842 -0.84651721 
2.31012970e-05 -0.85561175 -0.85279946 -0.85032893 -0.84826062 -0.84657023 
1.87381742e-05 -0.85567148 -0.85284900 -0.85039229 -0.84832282 -0.84664273 
1.51991108e-05 -0.85573153 -0.85290432 -0.85046099 -0.84839929 -0.84671628 
1.23284674e-05 -0.85579189 -0.85296982 -0.85053043 -0.84846860 -0.84677499 
1.00000000e-05 -0.85585258 -0.85304172 -0.85058777 -0.84853314 -0.84683142 
8.11130831e-06 -0.85597475 -0.85315897 -0.85069945 -0.84863559 -0.84691395 
6.57933225e-06 -0.85611313 -0.85327396 -0.85079882 -0.84873593 -0.84700212 
5.33669923e-06 -0.85625321 -0.85339617 -0.85092517 -0.84883840 -0.84709612 
4.32876128e-06 -0.85639501 -0.85351662 -0.85104771 -0.84895011 -0.84719156 
3.51119173e-06 -0.85653855 -0.85363766 -0.85117580 -0.84906234 -0.84728844 
2.84803587e-06 -0.85670776 -0.85378913 -0.85131624 -0.84918164 -0.84739053 
2.31012970e-06 -0.85690372 -0.85396492 -0.85146958 -0.84931173 -0.84749802 
1.87381742e-06 -0.85710291 -0.85414104 -0.85161671 -0.84944406 -0.84760933 
1.51991108e-06 -0.85730538 -0.85431932 -0.85176796 -0.84957999 -0.84773016 
1.23284674e-06 -0.85751119 -0.85449648 -0.85193487 -0.84971944 -0.84785312 
1.00000000e-06 -0.85772039 -0.85467653 -0.85209922 -0.84986122 -0.84797825 
8.11130831e-07 -0.85794292 -0.85487172 -0.85225708 -0.84999831 -0.84808964 
6.57933225e-07 -0.85816935 -0.85506125 -0.85241064 -0.85013745 -0.84820276 
5.33669923e-07 -0.85839974 -0.85524363 -0.85256868 -0.85027135 -0.84831764 
4.32876128e-07 -0.85863807 -0.85542293 -0.85273453 -0.85040855 -0.84843431 
3.51119173e-07 -0.85889657 -0.85562792 -0.85289660 -0.85054913 -0.84855279 
2.84803587e-07 -0.85914846 -0.85581793 -0.85305239 -0.85067765 -0.84865712 
2.31012970e-07 -0.85939328 -0.85600774 -0.85320025 -0.85079661 -0.84874668 
1.87381742e-07 -0.85964232 -0.85620418 -0.85334600 -0.85091709 -0.84883728 
1.51991108e-07 -0.85987825 -0.85640139 -0.85349286 -0.85103739 -0.84892892 
1.23284674e-07 -0.86010383 -0.85659990 -0.85364838 -0.85115994 -0.84902161 
1.00000000e-07 -0.86033290 -0.85679879 -0.85379668 -0.85128286 -0.84911537 
P (bar) | log_H2O: -2σ | log_H2O: -1σ | log_H2O: median | log_H2O: +1σ | log_H2O: +2σ 
1.00000000e+02 -1.68165208 -1.59919736 -1.51574427 -1.43536198 -1.36504104 
8.11130831e+01 -1.68500685 -1.60245891 -1.51907571 -1.43910214 -1.36838994 
6.57933225e+01 -1.68836162 -1.60576556 -1.52282410 -1.44265204 -1.37202151 
5.33669923e+01 -1.69171639 -1.60918511 -1.52630895 -1.44632287 -1.37583268 
4.32876128e+01 -1.69507116 -1.61260466 -1.53006887 -1.44983959 -1.37964385 
3.51119173e+01 -1.69842593 -1.61602421 -1.53370214 -1.45340899 -1.38345502 
2.84803587e+01 -1.70134125 -1.61888958 -1.53654168 -1.45627679 -1.38610784 
2.31012970e+01 -1.70381712 -1.62118464 -1.53874210 -1.45830629 -1.38760229 
1.87381742e+01 -1.70629300 -1.62336507 -1.54076291 -1.46025504 -1.38909675 
1.51991108e+01 -1.70876888 -1.62554551 -1.54293929 -1.46224466 -1.39059121 
1.23284674e+01 -1.71124475 -1.62796494 -1.54480454 -1.46431763 -1.39208567 
1.00000000e+01 -1.71372063 -1.63041667 -1.54697030 -1.46644733 -1.39367699 
8.11130831e+00 -1.71419317 -1.63119804 -1.54758822 -1.46707113 -1.39396555 
6.57933225e+00 -1.71466572 -1.63200663 -1.54830215 -1.46764444 -1.39425410 
5.33669923e+00 -1.71513826 -1.63269702 -1.54888643 -1.46813094 -1.39454265 
4.32876128e+00 -1.71561080 -1.63337849 -1.54925667 -1.46855124 -1.39483120 
3.51119173e+00 -1.71608335 -1.63405995 -1.55004833 -1.46897154 -1.39531701 
2.84803587e+00 -1.71638249 -1.63450083 -1.55052772 -1.46929137 -1.39565754 
2.31012970e+00 -1.71650825 -1.63465328 -1.55069487 -1.46943134 -1.39605271 
1.87381742e+00 -1.71663400 -1.63480574 -1.55086201 -1.46957132 -1.39657850 
1.51991108e+00 -1.71675975 -1.63495819 -1.55102915 -1.46971129 -1.39710429 
1.23284674e+00 -1.71688550 -1.63511064 -1.55119629 -1.46985706 -1.39755809 
1.00000000e+00 -1.71701125 -1.63526310 -1.55136343 -1.47001616 -1.39788313 
8.11130831e-01 -1.71760680 -1.63558239 -1.55190017 -1.47101524 -1.40073535 
6.57933225e-01 -1.71820235 -1.63613809 -1.55234968 -1.47190204 -1.40331484 
5.33669923e-01 -1.71879790 -1.63711980 -1.55279918 -1.47281467 -1.40566727 
4.32876128e-01 -1.71939345 -1.63748353 -1.55351327 -1.47373013 -1.40741260 
3.51119173e-01 -1.71998899 -1.63778784 -1.55416210 -1.47457636 -1.40924243 
2.84803587e-01 -1.72189225 -1.63989611 -1.55667412 -1.47748274 -1.41314695 
2.31012970e-01 -1.72510322 -1.64269746 -1.56077904 -1.48231200 -1.42029694 
1.87381742e-01 -1.72775154 -1.64624519 -1.56527575 -1.48706045 -1.42744693 
1.51991108e-01 -1.73010101 -1.64933650 -1.56958909 -1.49248040 -1.43459691 
1.23284674e-01 -1.73245047 -1.65224685 -1.57336235 -1.49733810 -1.44093435 
1.00000000e-01 -1.73479994 -1.65574645 -1.57702958 -1.50241052 -1.44704414 
8.11130831e-02 -1.74575871 -1.66833509 -1.59057658 -1.51617370 -1.46213997 
6.57933225e-02 -1.75687386 -1.68074347 -1.60401130 -1.53004637 -1.47524687 
5.33669923e-02 -1.76832641 -1.69338622 -1.61681626 -1.54463032 -1.48976351 
4.32876128e-02 -1.78010976 -1.70491825 -1.62929705 -1.55987687 -1.50363785 
3.51119173e-02 -1.79204400 -1.71696448 -1.64222367 -1.57454305 -1.51820411 
2.84803587e-02 -1.80459667 -1.72915812 -1.65431370 -1.58685455 -1.52954850 
2.31012970e-02 -1.81775962 -1.74130726 -1.66550737 -1.59782065 -1.53952378 
1.87381742e-02 -1.83092257 -1.75416696 -1.67701345 -1.60865270 -1.54904452 
1.51991108e-02 -1.84408552 -1.76609730 -1.68840600 -1.61912651 -1.55879254 
1.23284674e-02 -1.85762711 -1.77797313 -1.70003577 -1.62981550 -1.56854055 
1.00000000e-02 -1.87123558 -1.79020887 -1.71210978 -1.64048518 -1.57772231 
8.11130831e-03 -1.87544698 -1.79428076 -1.71507183 -1.64338853 -1.58047675 
6.57933225e-03 -1.87943129 -1.79850915 -1.71925311 -1.64677796 -1.58411175 
5.33669923e-03 -1.88328102 -1.80257570 -1.72292533 -1.64943845 -1.58809216 
4.32876128e-03 -1.88713075 -1.80627492 -1.72719296 -1.65231433 -1.58968104 
3.51119173e-03 -1.89098047 -1.81020910 -1.73061134 -1.65546193 -1.59149451 
2.84803587e-03 -1.89343416 -1.81334381 -1.73352487 -1.65771777 -1.59298327 
2.31012970e-03 -1.89486393 -1.81484448 -1.73452624 -1.65862295 -1.59272601 
1.87381742e-03 -1.89568319 -1.81534297 -1.73542345 -1.65961086 -1.59246875 
1.51991108e-03 -1.89652075 -1.81605145 -1.73652889 -1.66056378 -1.59236549 
1.23284674e-03 -1.89782822 -1.81760921 -1.73801348 -1.66112643 -1.59399652 
1.00000000e-03 -1.89978768 -1.81857822 -1.73935430 -1.66256914 -1.59420683 
8.11130831e-04 -1.89950953 -1.81892618 -1.73939960 -1.66240305 -1.59448863 
6.57933225e-04 -1.89923137 -1.81925302 -1.73984395 -1.66194981 -1.59477044 
5.33669923e-04 -1.89914728 -1.81974452 -1.73934496 -1.66196152 -1.59505224 
4.32876128e-04 -1.89915113 -1.81967126 -1.73903933 -1.66227552 -1.59533404 
3.51119173e-04 -1.89867199 -1.81964706 -1.73926013 -1.66258960 -1.59519958 
2.84803587e-04 -1.89776001 -1.81879858 -1.73921288 -1.66231404 -1.59454020 
2.31012970e-04 -1.89676434 -1.81799544 -1.73827362 -1.66161850 -1.59363287 
1.87381742e-04 -1.89576868 -1.81717430 -1.73781435 -1.66100651 -1.59272553 
1.51991108e-04 -1.89477302 -1.81658034 -1.73719436 -1.66037653 -1.59181819 
1.23284674e-04 -1.89377736 -1.81600252 -1.73661567 -1.66007017 -1.59091086 
1.00000000e-04 -1.89278170 -1.81542469 -1.73617571 -1.65959801 -1.59000352 
8.11130831e-05 -1.89043894 -1.81375177 -1.73484020 -1.65856596 -1.58836308 
6.57933225e-05 -1.88819070 -1.81205738 -1.73348768 -1.65734769 -1.58672264 
5.33669923e-05 -1.88594245 -1.80968176 -1.73229518 -1.65621289 -1.58541061 
4.32876128e-05 -1.88369420 -1.80755019 -1.73092082 -1.65460620 -1.58415054 
3.51119173e-05 -1.88144596 -1.80571412 -1.72947530 -1.65292468 -1.58289046 
2.84803587e-05 -1.87809577 -1.80271943 -1.72701013 -1.65117812 -1.58102177 
2.31012970e-05 -1.87358635 -1.79891250 -1.72376162 -1.64834608 -1.57854448 
1.87381742e-05 -1.86849530 -1.79512222 -1.72048868 -1.64524180 -1.57606719 
1.51991108e-05 -1.86395378 -1.79181752 -1.71708221 -1.64294640 -1.57358990 
1.23284674e-05 -1.85862263 -1.78843838 -1.71415114 -1.64041576 -1.57082669 
1.00000000e-05 -1.85422219 -1.78498101 -1.71094740 -1.63785182 -1.56801425 
8.11130831e-06 -1.84792907 -1.77928809 -1.70522635 -1.63292613 -1.56334243 
6.57933225e-06 -1.84163595 -1.77305739 -1.69958197 -1.62805953 -1.55875199 
5.33669923e-06 -1.83534283 -1.76669393 -1.69379201 -1.62318707 -1.55399878 
4.32876128e-06 -1.82904971 -1.76076200 -1.68800204 -1.61803275 -1.54922819 
3.51119173e-06 -1.82275660 -1.75427818 -1.68256498 -1.61260728 -1.54391491 
2.84803587e-06 -1.81607658 -1.74727189 -1.67653040 -1.60679299 -1.53826794 
2.31012970e-06 -1.80901817 -1.74002009 -1.66973924 -1.60015733 -1.53228727 
1.87381742e-06 -1.80195976 -1.73310398 -1.66341232 -1.59405364 -1.52630659 
1.51991108e-06 -1.79490134 -1.72609363 -1.65681988 -1.58798306 -1.52032592 
1.23284674e-06 -1.78784293 -1.71896915 -1.64958945 -1.58211160 -1.51434525 
1.00000000e-06 -1.78078452 -1.71204899 -1.64293294 -1.57552614 -1.50811282 
8.11130831e-07 -1.77442498 -1.70538348 -1.63661408 -1.56880635 -1.50083353 
6.57933225e-07 -1.76806543 -1.69885730 -1.62998453 -1.56187125 -1.49423161 
5.33669923e-07 -1.76240361 -1.69237379 -1.62288497 -1.55485115 -1.48794981 
4.32876128e-07 -1.75674461 -1.68576777 -1.61618522 -1.54781727 -1.48090042 
3.51119173e-07 -1.75098119 -1.67930779 -1.60971963 -1.54117895 -1.47372956 
2.84803587e-07 -1.74534943 -1.67377551 -1.60372472 -1.53496407 -1.46690864 
2.31012970e-07 -1.74042586 -1.66913995 -1.59789624 -1.52900181 -1.46043764 
1.87381742e-07 -1.73550229 -1.66394523 -1.59250124 -1.52311822 -1.45396665 
1.51991108e-07 -1.73057873 -1.65859617 -1.58689012 -1.51710040 -1.44749566 
1.23284674e-07 -1.72564678 -1.65363785 -1.58112036 -1.51089461 -1.44125646 
1.00000000e-07 -1.72062248 -1.64820002 -1.57520916 -1.50495093 -1.43506748 
P (bar) | log_CO2: -2σ | log_CO2: -1σ | log_CO2: median | log_CO2: +1σ | log_CO2: +2σ 
1.00000000e+02 -10.22813033 -9.95581432 -9.64324493 -9.28434335 -8.87767884 
8.11130831e+01 -10.05372511 -9.78220725 -9.47038772 -9.11250020 -8.70596344 
6.57933225e+01 -9.87931989 -9.60851779 -9.29753051 -8.94065706 -8.53424804 
5.33669923e+01 -9.70491467 -9.43482832 -9.12467331 -8.76885700 -8.36253264 
4.32876128e+01 -9.53050944 -9.26102076 -8.95181610 -8.59702158 -8.19081725 
3.51119173e+01 -9.35610422 -9.08719810 -8.77895889 -8.42459071 -8.01910185 
2.84803587e+01 -9.18107593 -8.91244380 -8.60452447 -8.24979078 -7.84445331 
2.31012970e+01 -9.00542456 -8.73675784 -8.42851285 -8.07270188 -7.66687164 
1.87381742e+01 -8.82977319 -8.56100077 -8.25250122 -7.89561298 -7.48928997 
1.51991108e+01 -8.65412182 -8.38514838 -8.07640647 -7.71852407 -7.31170830 
1.23284674e+01 -8.47847045 -8.20921595 -7.90014226 -7.54143517 -7.13412663 
1.00000000e+01 -8.30281908 -8.03327492 -7.72387805 -7.36434626 -6.95654496 
8.11130831e+00 -8.12255672 -7.85284050 -7.54344630 -7.18360138 -6.77582232 
6.57933225e+00 -7.94229437 -7.67240607 -7.36301456 -7.00285650 -6.59509967 
5.33669923e+00 -7.76203201 -7.49197165 -7.18282980 -6.82211162 -6.41437703 
4.32876128e+00 -7.58176965 -7.31175619 -7.00298794 -6.64136674 -6.23365439 
3.51119173e+00 -7.40150730 -7.13173897 -6.82286321 -6.46062186 -6.05293175 
2.84803587e+00 -7.22065757 -6.95097265 -6.64194266 -6.28016033 -5.87293979 
2.31012970e+00 -7.03922048 -6.76961292 -6.46060294 -6.09998215 -5.69367852 
1.87381742e+00 -6.85778339 -6.58825319 -6.27926323 -5.91969585 -5.51441724 
1.51991108e+00 -6.67634630 -6.40689345 -6.09794431 -5.73888810 -5.33515597 
1.23284674e+00 -6.49490921 -6.22553372 -5.91675416 -5.55781026 -5.15589469 
1.00000000e+00 -6.31347212 -6.04417399 -5.73556401 -5.37684287 -4.97663341 
8.11130831e-01 -6.13296558 -5.86413585 -5.55637151 -5.19986879 -4.81217909 
6.57933225e-01 -5.95245904 -5.68409770 -5.37717902 -5.02758971 -4.64597924 
5.33669923e-01 -5.77195251 -5.50405956 -5.19946002 -4.85083990 -4.47674812 
4.32876128e-01 -5.59144597 -5.32402141 -5.02025196 -4.67625662 -4.30699524 
3.51119173e-01 -5.41093943 -5.14398327 -4.84104487 -4.49967805 -4.13578884 
2.84803587e-01 -5.23573789 -4.97253454 -4.67254605 -4.33550692 -3.98529103 
2.31012970e-01 -5.06584134 -4.80633586 -4.51305289 -4.18589399 -3.84962186 
1.87381742e-01 -4.89607653 -4.64038342 -4.35617044 -4.03588142 -3.71418952 
1.51991108e-01 -4.72686246 -4.47393848 -4.19634719 -3.88734454 -3.57803772 
1.23284674e-01 -4.55671606 -4.30753541 -4.03390285 -3.73378549 -3.43922177 
1.00000000e-01 -4.38656405 -4.14090472 -3.87541357 -3.58256392 -3.30040583 
8.11130831e-02 -4.26940670 -4.03184436 -3.77811943 -3.50075028 -3.23428399 
6.57933225e-02 -4.15366177 -3.92345406 -3.67959680 -3.42001977 -3.16996207 
5.33669923e-02 -4.03721064 -3.81733914 -3.58007785 -3.33713436 -3.10541701 
4.32876128e-02 -3.92075950 -3.70667526 -3.48097308 -3.25391613 -3.03447330 
3.51119173e-02 -3.80201296 -3.59873081 -3.38603544 -3.17205848 -2.97000681 
2.84803587e-02 -3.72279396 -3.52489244 -3.32330319 -3.11968735 -2.93416404 
2.31012970e-02 -3.68204641 -3.48324232 -3.29135865 -3.09702776 -2.91948460 
1.87381742e-02 -3.62799412 -3.44503012 -3.25824332 -3.07010728 -2.90669467 
1.51991108e-02 -3.58769801 -3.40330372 -3.22220939 -3.04386921 -2.88903416 
1.23284674e-02 -3.54027987 -3.36559516 -3.19095005 -3.02020623 -2.87328151 
1.00000000e-02 -3.49109897 -3.32607333 -3.15860579 -2.99445605 -2.85619015 
8.11130831e-03 -3.47944933 -3.31366547 -3.15021338 -2.98558754 -2.85360208 
6.57933225e-03 -3.47247592 -3.30686778 -3.14070907 -2.97955038 -2.84792721 
5.33669923e-03 -3.46179327 -3.29267622 -3.12996747 -2.97219346 -2.84087903 
4.32876128e-03 -3.44086553 -3.28367871 -3.11886771 -2.96173036 -2.83859643 
3.51119173e-03 -3.43347790 -3.27200549 -3.10718899 -2.95558112 -2.83680052 
2.84803587e-03 -3.42747680 -3.26511649 -3.10410613 -2.95297586 -2.82618313 
2.31012970e-03 -3.42435131 -3.26174535 -3.10107100 -2.95197390 -2.82406428 
1.87381742e-03 -3.42290003 -3.25847284 -3.09651021 -2.95004026 -2.82181388 
1.51991108e-03 -3.42209302 -3.25559985 -3.09351354 -2.94841020 -2.82047486 
1.23284674e-03 -3.41938217 -3.25264873 -3.09134317 -2.94784336 -2.81755010 
1.00000000e-03 -3.41830112 -3.24951257 -3.08937271 -2.94702208 -2.81640764 
8.11130831e-04 -3.41748701 -3.24901428 -3.08868989 -2.94658834 -2.81623472 
6.57933225e-04 -3.41667289 -3.24846520 -3.08800707 -2.94612431 -2.81606180 
5.33669923e-04 -3.41585877 -3.24791612 -3.08737749 -2.94566996 -2.81577735 
4.32876128e-04 -3.41504465 -3.24736704 -3.08711638 -2.94523014 -2.81526818 
3.51119173e-04 -3.41423054 -3.24681796 -3.08669933 -2.94497200 -2.81475900 
2.84803587e-04 -3.41308141 -3.24618981 -3.08590118 -2.94463197 -2.81448819 
2.31012970e-04 -3.41159727 -3.24548259 -3.08509420 -2.94400665 -2.81424727 
1.87381742e-04 -3.41033697 -3.24477538 -3.08442882 -2.94347923 -2.81400635 
1.51991108e-04 -3.40941398 -3.24406816 -3.08395347 -2.94268641 -2.81376543 
1.23284674e-04 -3.40849100 -3.24305039 -3.08347812 -2.94206490 -2.81352451 
1.00000000e-04 -3.40756801 -3.24181354 -3.08300277 -2.94156568 -2.81328359 
8.11130831e-05 -3.40533996 -3.23978262 -3.08184751 -2.94001697 -2.81259233 
6.57933225e-05 -3.40311191 -3.23805455 -3.08059963 -2.93850113 -2.81177789 
5.33669923e-05 -3.40088387 -3.23632648 -3.07934652 -2.93748290 -2.81114773 
4.32876128e-05 -3.39860596 -3.23448351 -3.07799028 -2.93660200 -2.81051757 
3.51119173e-05 -3.39560491 -3.23251440 -3.07663403 -2.93516509 -2.80988741 
2.84803587e-05 -3.39173113 -3.22987495 -3.07443660 -2.93349991 -2.80876404 
2.31012970e-05 -3.38698464 -3.22625647 -3.07137495 -2.93126734 -2.80714747 
1.87381742e-05 -3.38223815 -3.22259516 -3.06835937 -2.92869200 -2.80547710 
1.51991108e-05 -3.37749165 -3.21902673 -3.06536418 -2.92618925 -2.80377934 
1.23284674e-05 -3.37274516 -3.21541493 -3.06259745 -2.92342033 -2.80189636 
1.00000000e-05 -3.36799867 -3.21165783 -3.05983072 -2.92115904 -2.79967127 
8.11130831e-06 -3.36185112 -3.20595208 -3.05507596 -2.91678359 -2.79566616 
6.57933225e-06 -3.35570357 -3.20031405 -3.05031382 -2.91228960 -2.79166105 
5.33669923e-06 -3.34955602 -3.19464078 -3.04515089 -2.90766651 -2.78803624 
4.32876128e-06 -3.34340847 -3.18896553 -3.04048764 -2.90304342 -2.78466057 
3.51119173e-06 -3.33726093 -3.18351776 -3.03583977 -2.89842032 -2.78128491 
2.84803587e-06 -3.33104186 -3.17772230 -3.03071248 -2.89310627 -2.77707508 
2.31012970e-06 -3.32455218 -3.17142070 -3.02423205 -2.88719267 -2.77203107 
1.87381742e-06 -3.31818775 -3.16495305 -3.01773796 -2.88133926 -2.76698707 
1.51991108e-06 -3.31182332 -3.15909767 -3.01124387 -2.87548584 -2.76154941 
1.23284674e-06 -3.30545888 -3.15304268 -3.00474978 -2.86963243 -2.75607533 
1.00000000e-06 -3.29909445 -3.14685849 -2.99863055 -2.86390580 -2.75060126 
8.11130831e-07 -3.29336002 -3.14098983 -2.99301995 -2.85795104 -2.74443827 
6.57933225e-07 -3.28762559 -3.13512117 -2.98741361 -2.85164514 -2.73839407 
5.33669923e-07 -3.28158586 -3.12951741 -2.98150146 -2.84553404 -2.73306407 
4.32876128e-07 -3.27541068 -3.12375910 -2.97594834 -2.83949122 -2.72684443 
3.51119173e-07 -3.26923550 -3.11800079 -2.97021965 -2.83344840 -2.72062479 
2.84803587e-07 -3.26385097 -3.11293895 -2.96490569 -2.82777361 -2.71519657 
2.31012970e-07 -3.25925710 -3.10851674 -2.95986535 -2.82223349 -2.71032914 
1.87381742e-07 -3.25466323 -3.10401519 -2.95495461 -2.81679454 -2.70546170 
1.51991108e-07 -3.25006937 -3.09949651 -2.94978305 -2.81138316 -2.70059427 
1.23284674e-07 -3.24547550 -3.09477056 -2.94459437 -2.80575330 -2.69496078 
1.00000000e-07 -3.24088163 -3.09003933 -2.93937694 -2.80036644 -2.68908839 
P (bar) | log_SO2: -2σ | log_SO2: -1σ | log_SO2: median | log_SO2: +1σ | log_SO2: +2σ 
1.00000000e+02 -18.48533146 -18.22018943 -17.91220441 -17.52817160 -17.12341633 
8.11130831e+01 -18.41615741 -18.15249941 -17.84635788 -17.46317250 -17.05712077 
6.57933225e+01 -18.34698336 -18.08462747 -17.78051136 -17.39817923 -16.99082520 
5.33669923e+01 -18.27780932 -18.01656948 -17.71466484 -17.33336611 -16.92452964 
4.32876128e+01 -18.20863527 -17.94844879 -17.64881832 -17.26840820 -16.85823408 
3.51119173e+01 -18.13946122 -17.88057215 -17.58297180 -17.20317347 -16.79193851 
2.84803587e+01 -18.06810515 -17.80928542 -17.51163337 -17.13063019 -16.71813228 
2.31012970e+01 -17.99456707 -17.73459593 -17.43480305 -17.05148707 -16.63681537 
1.87381742e+01 -17.92102899 -17.66014805 -17.35797272 -16.97234395 -16.55549847 
1.51991108e+01 -17.84749091 -17.58570017 -17.28114240 -16.89320083 -16.47418156 
1.23284674e+01 -17.77395283 -17.51077876 -17.20431207 -16.81405771 -16.39286466 
1.00000000e+01 -17.70041475 -17.43579734 -17.12748174 -16.73491458 -16.31154775 
8.11130831e+00 -17.61479651 -17.34938897 -17.03931199 -16.64630776 -16.22261687 
6.57933225e+00 -17.52917828 -17.26291707 -16.95196731 -16.55770093 -16.13368599 
5.33669923e+00 -17.44356004 -17.17603194 -16.86475684 -16.46909410 -16.04475511 
4.32876128e+00 -17.35794180 -17.08998583 -16.77754638 -16.38048727 -15.95582423 
3.51119173e+00 -17.27232356 -17.00382291 -16.69033591 -16.29188045 -15.86689335 
2.84803587e+00 -17.18462621 -16.91587006 -16.60173196 -16.20266727 -15.77781959 
2.31012970e+00 -17.09467406 -16.82610752 -16.51173453 -16.11285483 -15.68860295 
1.87381742e+00 -17.00459576 -16.73634498 -16.42173709 -16.02310599 -15.59938631 
1.51991108e+00 -16.91494766 -16.64658244 -16.33173965 -15.93321149 -15.51016967 
1.23284674e+00 -16.82529957 -16.55681991 -16.24174222 -15.84326850 -15.42095304 
1.00000000e+00 -16.73565148 -16.46705737 -16.15174478 -15.75332550 -15.33173640 
8.11130831e-01 -16.64571581 -16.37736885 -16.06225835 -15.66536006 -15.24744571 
6.57933225e-01 -16.55573723 -16.28768034 -15.97277193 -15.57678207 -15.16315503 
5.33669923e-01 -16.46573391 -16.19799182 -15.88328550 -15.48844589 -15.07886434 
4.32876128e-01 -16.37573059 -16.10827466 -15.79379907 -15.40024930 -14.99270034 
3.51119173e-01 -16.28572727 -16.01854892 -15.70431265 -15.31216767 -14.90496029 
2.84803587e-01 -16.19820506 -15.93207237 -15.61891692 -15.22958751 -14.82878635 
2.31012970e-01 -16.11316395 -15.84889826 -15.53761189 -15.15226485 -14.75903392 
1.87381742e-01 -16.02812285 -15.76565737 -15.45630686 -15.07632617 -14.68696655 
1.51991108e-01 -15.94308175 -15.68253278 -15.37588841 -14.99975407 -14.61464146 
1.23284674e-01 -15.85804065 -15.59899742 -15.29562474 -14.92423550 -14.54231636 
1.00000000e-01 -15.77299954 -15.51547571 -15.21418402 -14.84643770 -14.46999127 
8.11130831e-02 -15.70828169 -15.45358453 -15.15609999 -14.79213804 -14.41878470 
6.57933225e-02 -15.64356383 -15.39135764 -15.09801595 -14.73681048 -14.36524077 
5.33669923e-02 -15.57884598 -15.32912112 -15.03944676 -14.68432583 -14.31210963 
4.32876128e-02 -15.51412813 -15.26700292 -14.98080866 -14.63036765 -14.25877210 
3.51119173e-02 -15.44909708 -15.20488472 -14.92315487 -14.57516794 -14.20543457 
2.84803587e-02 -15.38541539 -15.14259252 -14.86359193 -14.51461621 -14.14529644 
2.31012970e-02 -15.32315740 -15.08087152 -14.80133213 -14.45085781 -14.07835772 
1.87381742e-02 -15.26489212 -15.02067874 -14.73907234 -14.38656844 -14.00956611 
1.51991108e-02 -15.20589787 -14.95979789 -14.67681254 -14.32227906 -13.94010374 
1.23284674e-02 -15.14556830 -14.89829311 -14.61484072 -14.25919058 -13.87064137 
1.00000000e-02 -15.08523874 -14.83881462 -14.55240935 -14.19655461 -13.80249200 
8.11130831e-03 -15.00619921 -14.75824514 -14.47330522 -14.11151941 -13.71581095 
6.57933225e-03 -14.92715969 -14.67824526 -14.39184402 -14.02701255 -13.62912991 
5.33669923e-03 -14.84812016 -14.59890689 -14.31038283 -13.94280333 -13.54244886 
4.32876128e-03 -14.76805585 -14.51841633 -14.22892163 -13.85906526 -13.45576781 
3.51119173e-03 -14.68707344 -14.43910347 -14.14746044 -13.77421653 -13.36908676 
2.84803587e-03 -14.60285472 -14.35683678 -14.06240830 -13.68659528 -13.28032767 
2.31012970e-03 -14.51900567 -14.26919809 -13.97489052 -13.59561208 -13.18949055 
1.87381742e-03 -14.43515662 -14.18221179 -13.88796075 -13.50424127 -13.09865342 
1.51991108e-03 -14.35026397 -14.09663369 -13.79910476 -13.41287045 -13.00781629 
1.23284674e-03 -14.26361834 -14.01075418 -13.71121188 -13.32149964 -12.91697916 
1.00000000e-03 -14.17959177 -13.92577300 -13.62331900 -13.23014511 -12.82614203 
8.11130831e-04 -14.08939805 -13.83563905 -13.53333211 -13.13739111 -12.73428665 
6.57933225e-04 -13.99920432 -13.74535705 -13.44362487 -13.04522246 -12.64243127 
5.33669923e-04 -13.90939948 -13.65432647 -13.35391762 -12.95300261 -12.55057589 
4.32876128e-04 -13.81992579 -13.56409408 -13.26276896 -12.86108487 -12.45872052 
3.51119173e-04 -13.73045209 -13.47389063 -13.17135779 -12.76916713 -12.36686514 
2.84803587e-04 -13.63964573 -13.38267626 -13.07940266 -12.67665332 -12.27443181 
2.31012970e-04 -13.54750670 -13.29045097 -12.98690356 -12.58365062 -12.18142054 
1.87381742e-04 -13.45536766 -13.19822569 -12.89495181 -12.49097742 -12.08840927 
1.51991108e-04 -13.36322863 -13.10559428 -12.80341066 -12.39857987 -11.99245060 
1.23284674e-04 -13.27108960 -13.01279698 -12.71190229 -12.30618233 -11.89625079 
1.00000000e-04 -13.17895056 -12.92003230 -12.61992007 -12.21378478 -11.80299165 
8.11130831e-05 -13.08420936 -12.82466287 -12.52657006 -12.11845558 -11.70794181 
6.57933225e-05 -12.98946816 -12.72862247 -12.43074053 -12.02383450 -11.61289197 
5.33669923e-05 -12.89472696 -12.63397848 -12.33640229 -11.92913078 -11.51784212 
4.32876128e-05 -12.79998576 -12.53921146 -12.24183123 -11.83379065 -11.42279228 
3.51119173e-05 -12.70524456 -12.44415864 -12.14766748 -11.73871178 -11.32774244 
2.84803587e-05 -12.60674128 -12.34679421 -12.05134317 -11.64071433 -11.23162260 
2.31012970e-05 -12.50538809 -12.24772774 -11.95275263 -11.54084030 -11.13444328 
1.87381742e-05 -12.40403491 -12.14900002 -11.85470067 -11.44096627 -11.03726397 
1.51991108e-05 -12.30268172 -12.05084835 -11.75637829 -11.34109225 -10.94008465 
1.23284674e-05 -12.20255369 -11.95329433 -11.65754330 -11.24127299 -10.84247598 
1.00000000e-05 -12.10359726 -11.85541002 -11.56097001 -11.14483123 -10.74213605 
8.11130831e-06 -12.00016796 -11.75175137 -11.45782348 -11.04336787 -10.64008060 
6.57933225e-06 -11.89673867 -11.64853662 -11.35467694 -10.93854178 -10.53802515 
5.33669923e-06 -11.79330937 -11.54657956 -11.25153040 -10.83371569 -10.43596970 
4.32876128e-06 -11.68831618 -11.44293534 -11.14698180 -10.72888960 -10.33391425 
3.51119173e-06 -11.58323572 -11.33753642 -11.04262607 -10.62406352 -10.23185881 
2.84803587e-06 -11.47760245 -11.23314007 -10.93723808 -10.51899801 -10.12795903 
2.31012970e-06 -11.37141638 -11.12656407 -10.83108004 -10.41369309 -10.02221494 
1.87381742e-06 -11.26523031 -11.01994472 -10.72569702 -10.30838817 -9.91647085 
1.51991108e-06 -11.15904424 -10.91348166 -10.61939496 -10.20195605 -9.81072675 
1.23284674e-06 -11.05285817 -10.80742742 -10.51260594 -10.09502031 -9.70498266 
1.00000000e-06 -10.94667210 -10.70129298 -10.40624085 -9.98820951 -9.59923856 
8.11130831e-07 -10.84202528 -10.59591288 -10.30000171 -9.88190150 -9.49318394 
6.57933225e-07 -10.73737847 -10.49053278 -10.19377757 -9.77571843 -9.38712932 
5.33669923e-07 -10.63273166 -10.38515269 -10.08740974 -9.66953536 -9.28129223 
4.32876128e-07 -10.52808484 -10.27977259 -9.98104190 -9.56335228 -9.17751082 
3.51119173e-07 -10.42343803 -10.17439249 -9.87467407 -9.45647751 -9.07280992 
2.84803587e-07 -10.32021299 -10.07040501 -9.76955085 -9.35116860 -8.96761578 
2.31012970e-07 -10.21840972 -9.96781013 -9.66567226 -9.24743162 -8.86376387 
1.87381742e-07 -10.11660645 -9.86521526 -9.56285967 -9.14369465 -8.75991196 
1.51991108e-07 -10.01480319 -9.76262038 -9.45956569 -9.03995767 -8.65606004 
1.23284674e-07 -9.91299992 -9.65980932 -9.35607837 -8.93668351 -8.55220813 
1.00000000e-07 -9.81119665 -9.55699693 -9.25230678 -8.83346195 -8.44862461 
P (bar) | log_K: -2σ | log_K: -1σ | log_K: median | log_K: +1σ | log_K: +2σ 
1.00000000e+02 -8.93312969 -8.80970680 -8.63957285 -8.45897868 -8.31906173 
8.11130831e+01 -8.84142950 -8.71848790 -8.54840123 -8.36899328 -8.23090696 
6.57933225e+01 -8.74972932 -8.62721654 -8.45722960 -8.27904880 -8.14275220 
5.33669923e+01 -8.65802913 -8.53592109 -8.36639281 -8.18913028 -8.05459743 
4.32876128e+01 -8.56632895 -8.44462947 -8.27514252 -8.09926850 -7.96609901 
3.51119173e+01 -8.47462876 -8.35333785 -8.18441799 -8.00940671 -7.87757837 
2.84803587e+01 -8.38441551 -8.26362829 -8.09544545 -7.92168737 -7.79191600 
2.31012970e+01 -8.29568917 -8.17550080 -8.00822492 -7.83653432 -7.70911191 
1.87381742e+01 -8.20696284 -8.08737331 -7.92102046 -7.75087267 -7.62630783 
1.51991108e+01 -8.11823651 -7.99924583 -7.83393563 -7.66560552 -7.54350374 
1.23284674e+01 -8.02951018 -7.91111834 -7.74685079 -7.58020394 -7.46057716 
1.00000000e+01 -7.94078384 -7.82299085 -7.65976596 -7.49487047 -7.37754752 
8.11130831e+00 -7.85674813 -7.74021247 -7.57809884 -7.41603379 -7.30188505 
6.57933225e+00 -7.77271241 -7.65745296 -7.49701237 -7.33719712 -7.22587454 
5.33669923e+00 -7.68867669 -7.57438363 -7.41592107 -7.25836045 -7.14986403 
4.32876128e+00 -7.60464097 -7.49149755 -7.33483708 -7.17954489 -7.07388608 
3.51119173e+00 -7.52060525 -7.40867034 -7.25370810 -7.10073108 -6.99815521 
2.84803587e+00 -7.43945872 -7.32895882 -7.17684913 -7.02608905 -6.92706241 
2.31012970e+00 -7.36126624 -7.25241179 -7.10370009 -6.95481638 -6.85866427 
1.87381742e+00 -7.28408508 -7.17658981 -7.03016774 -6.88383878 -6.79041239 
1.51991108e+00 -7.20667043 -7.10056523 -6.95645493 -6.81292619 -6.72246143 
1.23284674e+00 -7.12950367 -7.02448741 -6.88256747 -6.74251488 -6.65451047 
1.00000000e+00 -7.05236816 -6.94950909 -6.80857233 -6.67187095 -6.58655951 
8.11130831e-01 -6.98444300 -6.88302882 -6.74461241 -6.61070483 -6.52768874 
6.57933225e-01 -6.91574729 -6.81651176 -6.68119988 -6.54863949 -6.46881796 
5.33669923e-01 -6.84705158 -6.74919793 -6.61851173 -6.48749805 -6.41049942 
4.32876128e-01 -6.77705135 -6.68285589 -6.55496013 -6.42449989 -6.35396142 
3.51119173e-01 -6.70745404 -6.61574469 -6.48980497 -6.36283914 -6.29742342 
2.84803587e-01 -6.64223343 -6.55315213 -6.43046484 -6.30568522 -6.24456189 
2.31012970e-01 -6.58084404 -6.49466877 -6.37581935 -6.25259728 -6.19656999 
1.87381742e-01 -6.51962908 -6.43535390 -6.32098458 -6.20102503 -6.14488896 
1.51991108e-01 -6.45783945 -6.37727888 -6.26435283 -6.14993965 -6.09227894 
1.23284674e-01 -6.39687675 -6.31923803 -6.21010330 -6.09805192 -6.04070254 
1.00000000e-01 -6.33634985 -6.25966792 -6.15545429 -6.04447181 -5.99029965 
8.11130831e-02 -6.28195739 -6.20839273 -6.10593589 -5.99970697 -5.94637116 
6.57933225e-02 -6.22650237 -6.15635343 -6.05800016 -5.95144569 -5.89680123 
5.33669923e-02 -6.17376782 -6.10400171 -6.00788571 -5.90531869 -5.84965740 
4.32876128e-02 -6.12113406 -6.05078330 -5.96002337 -5.85845836 -5.80086180 
3.51119173e-02 -6.07037651 -6.00031992 -5.91182387 -5.80990927 -5.75177705 
2.84803587e-02 -6.02738902 -5.95894387 -5.87419874 -5.77363859 -5.71354408 
2.31012970e-02 -5.98987814 -5.92678848 -5.84449064 -5.74630769 -5.68351464 
1.87381742e-02 -5.95543916 -5.89543665 -5.81704396 -5.71981714 -5.65468908 
1.51991108e-02 -5.92214399 -5.86348636 -5.78746067 -5.69158087 -5.62525078 
1.23284674e-02 -5.88676459 -5.83108120 -5.75813012 -5.66316286 -5.59502820 
1.00000000e-02 -5.85624843 -5.79949210 -5.72781605 -5.63523617 -5.56482752 
8.11130831e-03 -5.83897084 -5.78277038 -5.71307436 -5.62408149 -5.55138707 
6.57933225e-03 -5.82219055 -5.76685952 -5.69821134 -5.61207933 -5.53821438 
5.33669923e-03 -5.80969082 -5.75052924 -5.68255671 -5.59998569 -5.52505443 
4.32876128e-03 -5.79281155 -5.73395764 -5.66774886 -5.58732116 -5.51163392 
3.51119173e-03 -5.78229083 -5.71825180 -5.65279190 -5.57580588 -5.49765892 
2.84803587e-03 -5.77475872 -5.70672424 -5.63977620 -5.56553799 -5.48723220 
2.31012970e-03 -5.76362785 -5.69793153 -5.63008033 -5.55802732 -5.47988658 
1.87381742e-03 -5.75872919 -5.68972537 -5.62203559 -5.54920022 -5.47254096 
1.51991108e-03 -5.75009490 -5.68124791 -5.61235508 -5.54069960 -5.46384502 
1.23284674e-03 -5.74476065 -5.67306506 -5.60372177 -5.53274387 -5.45618033 
1.00000000e-03 -5.73793100 -5.66552880 -5.59470089 -5.52481364 -5.44851565 
8.11130831e-04 -5.73410094 -5.66019473 -5.58971891 -5.51854175 -5.44338700 
6.57933225e-04 -5.73027088 -5.65571935 -5.58363054 -5.51296911 -5.43797730 
5.33669923e-04 -5.72682590 -5.65094319 -5.57842982 -5.50668740 -5.43226986 
4.32876128e-04 -5.72397604 -5.64621836 -5.57278166 -5.50056625 -5.42685460 
3.51119173e-04 -5.72068761 -5.64221113 -5.56713861 -5.49479856 -5.42143934 
2.84803587e-04 -5.71742600 -5.63927569 -5.56246651 -5.49020356 -5.41612112 
2.31012970e-04 -5.71550202 -5.63686487 -5.55962942 -5.48684793 -5.41228235 
1.87381742e-04 -5.71357805 -5.63444530 -5.55675278 -5.48336328 -5.40839911 
1.51991108e-04 -5.71165407 -5.63189035 -5.55353303 -5.47959982 -5.40416733 
1.23284674e-04 -5.70973010 -5.62931511 -5.55064000 -5.47596199 -5.40002863 
1.00000000e-04 -5.70780612 -5.62673149 -5.54788782 -5.47211267 -5.39588994 
8.11130831e-05 -5.70633801 -5.62512734 -5.54582359 -5.46980253 -5.39307847 
6.57933225e-05 -5.70477146 -5.62352318 -5.54375935 -5.46749240 -5.39026701 
5.33669923e-05 -5.70320491 -5.62191902 -5.54169511 -5.46518226 -5.38745555 
4.32876128e-05 -5.70163836 -5.62031486 -5.53963088 -5.46287213 -5.38464408 
3.51119173e-05 -5.70007181 -5.61870570 -5.53768853 -5.46056199 -5.38183262 
2.84803587e-05 -5.69871305 -5.61725210 -5.53612252 -5.45859293 -5.37950175 
2.31012970e-05 -5.69765998 -5.61598835 -5.53455692 -5.45699567 -5.37765148 
1.87381742e-05 -5.69660691 -5.61464979 -5.53288738 -5.45554074 -5.37580120 
1.51991108e-05 -5.69555384 -5.61345818 -5.53133639 -5.45406716 -5.37395093 
1.23284674e-05 -5.69450077 -5.61223068 -5.52996942 -5.45253911 -5.37210066 
1.00000000e-05 -5.69344770 -5.61095385 -5.52860245 -5.45101105 -5.37025038 
8.11130831e-06 -5.69209487 -5.60956225 -5.52691710 -5.44911077 -5.36886920 
6.57933225e-06 -5.69074204 -5.60816620 -5.52572904 -5.44711983 -5.36748803 
5.33669923e-06 -5.68938921 -5.60677014 -5.52415171 -5.44573901 -5.36610685 
4.32876128e-06 -5.68803638 -5.60540319 -5.52298355 -5.44452748 -5.36472567 
3.51119173e-06 -5.68668356 -5.60413927 -5.52159177 -5.44314966 -5.36318113 
2.84803587e-06 -5.68485250 -5.60224908 -5.52003660 -5.44113547 -5.36123870 
2.31012970e-06 -5.68254321 -5.60030496 -5.51841736 -5.43917581 -5.35906472 
1.87381742e-06 -5.68023392 -5.59843092 -5.51686655 -5.43718426 -5.35718646 
1.51991108e-06 -5.67792463 -5.59651845 -5.51485420 -5.43554830 -5.35511870 
1.23284674e-06 -5.67561534 -5.59467093 -5.51276016 -5.43325981 -5.35288841 
1.00000000e-06 -5.67330605 -5.59281272 -5.51112902 -5.43126958 -5.35083697 
8.11130831e-07 -5.66893407 -5.58933246 -5.50821497 -5.42787394 -5.34755647 
6.57933225e-07 -5.66456209 -5.58585221 -5.50527564 -5.42453722 -5.34382787 
5.33669923e-07 -5.66019011 -5.58228948 -5.50219588 -5.42195645 -5.34107416 
4.32876128e-07 -5.65515214 -5.57875175 -5.49890153 -5.41924139 -5.33832045 
3.51119173e-07 -5.64988298 -5.57525506 -5.49612871 -5.41693446 -5.33556674 
2.84803587e-07 -5.64277232 -5.57033467 -5.49229162 -5.41363679 -5.33184548 
2.31012970e-07 -5.63382017 -5.56380090 -5.48637083 -5.40930107 -5.32715666 
1.87381742e-07 -5.62486801 -5.55719335 -5.48067708 -5.40493223 -5.32246785 
1.51991108e-07 -5.61591586 -5.55029600 -5.47471386 -5.40059849 -5.31777903 
1.23284674e-07 -5.60895076 -5.54324922 -5.46902031 -5.39514504 -5.31246970 
1.00000000e-07 -5.60252997 -5.53634946 -5.46378435 -5.38998298 -5.30698017 
P (bar) | log_CO: -2σ | log_CO: -1σ | log_CO: median | log_CO: +1σ | log_CO: +2σ 
1.00000000e+02 -9.35782825 -9.15040283 -8.89488166 -8.53969284 -8.20417649 
8.11130831e+01 -9.17981140 -8.97299532 -8.71810597 -8.36348728 -8.02819944 
6.57933225e+01 -9.00179456 -8.79558780 -8.54133028 -8.18728172 -7.85222238 
5.33669923e+01 -8.82377772 -8.61820403 -8.36455458 -8.01107616 -7.67624533 
4.32876128e+01 -8.64576087 -8.44088655 -8.18777889 -7.83487059 -7.50026827 
3.51119173e+01 -8.46774403 -8.26356907 -8.01100320 -7.65866503 -7.32373904 
2.84803587e+01 -8.28953017 -8.08566365 -7.83327768 -7.48107423 -7.14565127 
2.31012970e+01 -8.11111929 -7.90717030 -7.65460234 -7.30211116 -6.96619870 
1.87381742e+01 -7.93270841 -7.72867695 -7.47592699 -7.12314809 -6.78674613 
1.51991108e+01 -7.75429753 -7.55018360 -7.29725164 -6.94418502 -6.60729356 
1.23284674e+01 -7.57588665 -7.37169026 -7.11857630 -6.76524831 -6.42784098 
1.00000000e+01 -7.39747577 -7.19319691 -6.93990095 -6.58634502 -6.24838841 
8.11130831e+00 -7.21658671 -7.01243754 -6.75888358 -6.40524905 -6.06731509 
6.57933225e+00 -7.03569765 -6.83165057 -6.57786620 -6.22415308 -5.88624176 
5.33669923e+00 -6.85480860 -6.65088748 -6.39684883 -6.04305712 -5.70516844 
4.32876128e+00 -6.67391954 -6.47005875 -6.21583145 -5.86196115 -5.52409511 
3.51119173e+00 -6.49303048 -6.28915280 -6.03481408 -5.68086518 -5.34302179 
2.84803587e+00 -6.31180353 -6.10793417 -5.85356680 -5.49969313 -5.16284475 
2.31012970e+00 -6.13023868 -5.92641260 -5.67208961 -5.31844500 -4.98356400 
1.87381742e+00 -5.94867384 -5.74489102 -5.49061242 -5.13719688 -4.80428325 
1.51991108e+00 -5.76710899 -5.56337141 -5.30913523 -4.95602385 -4.62471731 
1.23284674e+00 -5.58554415 -5.38187652 -5.12765805 -4.77488683 -4.44490225 
1.00000000e+00 -5.40397930 -5.20036770 -4.94618086 -4.59376099 -4.26508720 
8.11130831e-01 -5.22310032 -5.01987794 -4.76619643 -4.41663354 -4.09460021 
6.57933225e-01 -5.04222134 -4.83938817 -4.58621200 -4.23957657 -3.92559836 
5.33669923e-01 -4.86174501 -4.65889840 -4.40622757 -4.06334543 -3.75634907 
4.32876128e-01 -4.68148656 -4.47840864 -4.22624314 -3.88812870 -3.58521050 
3.51119173e-01 -4.50122811 -4.29791887 -4.04625871 -3.70974310 -3.41617838 
2.84803587e-01 -4.32638356 -4.12253063 -3.87298622 -3.54419400 -3.25901021 
2.31012970e-01 -4.15612147 -3.95249797 -3.71005211 -3.39164166 -3.11609476 
1.87381742e-01 -3.98390035 -3.78320760 -3.54424641 -3.23836287 -2.97412906 
1.51991108e-01 -3.81167923 -3.61450302 -3.38015574 -3.08256590 -2.83281717 
1.23284674e-01 -3.63945810 -3.44502373 -3.21587595 -2.92800432 -2.68776124 
1.00000000e-01 -3.46723698 -3.27582847 -3.04846817 -2.77419317 -2.54570100 
8.11130831e-02 -3.33731941 -3.15261644 -2.93628477 -2.67836159 -2.47058642 
6.57933225e-02 -3.20740184 -3.03043398 -2.82408288 -2.58271233 -2.39032108 
5.33669923e-02 -3.07748426 -2.90818124 -2.71124574 -2.48619904 -2.30938360 
4.32876128e-02 -2.94756669 -2.78759114 -2.59922582 -2.38920762 -2.22834645 
3.51119173e-02 -2.81764912 -2.66722703 -2.48754128 -2.29339169 -2.14694629 
2.84803587e-02 -2.72146095 -2.57683296 -2.40940445 -2.22997801 -2.09532214 
2.31012970e-02 -2.65900218 -2.52039456 -2.36299903 -2.19659002 -2.07132555 
1.87381742e-02 -2.58527858 -2.46351393 -2.31912813 -2.16466937 -2.04765116 
1.51991108e-02 -2.52659387 -2.40797876 -2.27618020 -2.13364525 -2.02447711 
1.23284674e-02 -2.46790916 -2.35346274 -2.23345338 -2.10332054 -1.99992381 
1.00000000e-02 -2.40483289 -2.29592572 -2.18624936 -2.06890039 -1.97608726 
8.11130831e-03 -2.37633174 -2.27737935 -2.17439063 -2.06322061 -1.97257943 
6.57933225e-03 -2.35048420 -2.25591711 -2.15977233 -2.05678116 -1.96907161 
5.33669923e-03 -2.32888648 -2.23629547 -2.14462990 -2.05129349 -1.96556379 
4.32876128e-03 -2.30452648 -2.22008696 -2.13136731 -2.04395361 -1.96205596 
3.51119173e-03 -2.28864100 -2.20320299 -2.11836352 -2.03558864 -1.95663630 
2.84803587e-03 -2.27313947 -2.19195192 -2.11038191 -2.03159143 -1.95461420 
2.31012970e-03 -2.26819168 -2.18756115 -2.10666943 -2.02920500 -1.95422988 
1.87381742e-03 -2.26284309 -2.18274958 -2.10304195 -2.02778066 -1.95371408 
1.51991108e-03 -2.25362021 -2.17924119 -2.09864178 -2.02538467 -1.95336406 
1.23284674e-03 -2.24847208 -2.17511272 -2.09599750 -2.02343289 -1.95173529 
1.00000000e-03 -2.24128658 -2.17083283 -2.09281455 -2.02113253 -1.95000286 
8.11130831e-04 -2.24002779 -2.16966184 -2.09279722 -2.02070057 -1.95001315 
6.57933225e-04 -2.23944134 -2.16928221 -2.09259950 -2.02022081 -1.95002343 
5.33669923e-04 -2.23936772 -2.16883004 -2.09151686 -2.01975504 -1.95003371 
4.32876128e-04 -2.23929411 -2.16878145 -2.09043728 -2.01913303 -1.95004399 
3.51119173e-04 -2.23773677 -2.16858299 -2.09007686 -2.01899528 -1.95005428 
2.84803587e-04 -2.23655042 -2.16806427 -2.08990295 -2.01881349 -1.95012209 
2.31012970e-04 -2.23635362 -2.16797562 -2.08987605 -2.01878705 -1.95025211 
1.87381742e-04 -2.23633521 -2.16788697 -2.08987205 -2.01875456 -1.95038212 
1.51991108e-04 -2.23638826 -2.16779832 -2.08982223 -2.01872206 -1.95051214 
1.23284674e-04 -2.23644132 -2.16770968 -2.08979532 -2.01868957 -1.95064215 
1.00000000e-04 -2.23649437 -2.16762103 -2.08976842 -2.01865708 -1.95077216 
8.11130831e-05 -2.23667109 -2.16774154 -2.08988626 -2.01876584 -1.95101791 
6.57933225e-05 -2.23684781 -2.16786206 -2.09000410 -2.01887459 -1.95126366 
5.33669923e-05 -2.23702453 -2.16798257 -2.09012194 -2.01898335 -1.95150941 
4.32876128e-05 -2.23720125 -2.16810309 -2.09023978 -2.01909210 -1.95175516 
3.51119173e-05 -2.23737797 -2.16822360 -2.09035762 -2.01922040 -1.95200091 
2.84803587e-05 -2.23764983 -2.16843535 -2.09056850 -2.01946955 -1.95233166 
2.31012970e-05 -2.23801684 -2.16873833 -2.09087241 -2.01980958 -1.95274742 
1.87381742e-05 -2.23838385 -2.16904131 -2.09117632 -2.02013098 -1.95316319 
1.51991108e-05 -2.23875086 -2.16934430 -2.09150922 -2.02044426 -1.95357895 
1.23284674e-05 -2.23911787 -2.16964728 -2.09191841 -2.02076584 -1.95399471 
1.00000000e-05 -2.23948488 -2.16995026 -2.09232760 -2.02111987 -1.95441047 
8.11130831e-06 -2.24004649 -2.17047119 -2.09293047 -2.02171283 -1.95508332 
6.57933225e-06 -2.24060810 -2.17099212 -2.09353334 -2.02230580 -1.95575617 
5.33669923e-06 -2.24116971 -2.17151305 -2.09413621 -2.02289876 -1.95642901 
4.32876128e-06 -2.24173132 -2.17203398 -2.09473907 -2.02349172 -1.95710186 
3.51119173e-06 -2.24229293 -2.17255491 -2.09533257 -2.02403294 -1.95777471 
2.84803587e-06 -2.24290188 -2.17313876 -2.09598501 -2.02471656 -1.95858415 
2.31012970e-06 -2.24355816 -2.17379321 -2.09674943 -2.02554318 -1.95953020 
1.87381742e-06 -2.24421445 -2.17444766 -2.09748811 -2.02639309 -1.96047625 
1.51991108e-06 -2.24487073 -2.17510211 -2.09822601 -2.02726979 -1.96142230 
1.23284674e-06 -2.24552702 -2.17576946 -2.09896390 -2.02819110 -1.96236835 
1.00000000e-06 -2.24618330 -2.17646115 -2.09970180 -2.02911241 -1.96331440 
8.11130831e-07 -2.24682075 -2.17716596 -2.10057863 -2.03010160 -1.96439647 
6.57933225e-07 -2.24745821 -2.17787077 -2.10147094 -2.03113437 -1.96547854 
5.33669923e-07 -2.24809566 -2.17857558 -2.10236325 -2.03213771 -1.96656061 
4.32876128e-07 -2.24873311 -2.17928038 -2.10323286 -2.03314011 -1.96764268 
3.51119173e-07 -2.24937056 -2.17998519 -2.10408931 -2.03419882 -1.96872475 
2.84803587e-07 -2.24994592 -2.18064803 -2.10493687 -2.03524168 -1.96979045 
2.31012970e-07 -2.25045920 -2.18126889 -2.10577557 -2.03629876 -1.97083976 
1.87381742e-07 -2.25097248 -2.18188975 -2.10661426 -2.03735584 -1.97188907 
1.51991108e-07 -2.25148576 -2.18252089 -2.10745295 -2.03836224 -1.97294813 
1.23284674e-07 -2.25199904 -2.18317658 -2.10829165 -2.03934909 -1.97407119 
1.00000000e-07 -2.25251232 -2.18383228 -2.10913034 -2.04033595 -1.97519425 
P (bar) | log_Na: -2σ | log_Na: -1σ | log_Na: median | log_Na: +1σ | log_Na: +2σ 
1.00000000e+02 -7.66519796 -7.54041121 -7.37370857 -7.19257335 -7.04775230 
8.11130831e+01 -7.57113007 -7.44649321 -7.27958101 -7.09855765 -6.95407869 
6.57933225e+01 -7.47706218 -7.35257521 -7.18545345 -7.00454195 -6.86040509 
5.33669923e+01 -7.38299430 -7.25865722 -7.09132589 -6.91055181 -6.76673149 
4.32876128e+01 -7.28892641 -7.16473922 -6.99719833 -6.81661399 -6.67305788 
3.51119173e+01 -7.19485852 -7.07082122 -6.90307076 -6.72267617 -6.57938428 
2.84803587e+01 -7.10153461 -6.97754145 -6.80978246 -6.62963431 -6.48695256 
2.31012970e+01 -7.00895465 -6.88489993 -6.71733340 -6.53769892 -6.39576273 
1.87381742e+01 -6.91637470 -6.79225841 -6.62488434 -6.44585126 -6.30457290 
1.51991108e+01 -6.82379475 -6.69961689 -6.53243528 -6.35376363 -6.21338306 
1.23284674e+01 -6.73121480 -6.60697536 -6.43998623 -6.26161573 -6.12219323 
1.00000000e+01 -6.63863485 -6.51433384 -6.34753717 -6.16933482 -6.03100340 
8.11130831e+00 -6.54797366 -6.42385297 -6.25736432 -6.07995276 -5.94278470 
6.57933225e+00 -6.45731248 -6.33337210 -6.16719147 -5.99057070 -5.85456600 
5.33669923e+00 -6.36665129 -6.24289123 -6.07701862 -5.90118864 -5.76634730 
4.32876128e+00 -6.27599010 -6.15241036 -5.98684577 -5.81180658 -5.67812860 
3.51119173e+00 -6.18532892 -6.06192949 -5.89667292 -5.72242452 -5.58990989 
2.84803587e+00 -6.09531155 -5.97227709 -5.80734011 -5.63438188 -5.50361073 
2.31012970e+00 -6.00593800 -5.88345317 -5.71884732 -5.54767864 -5.41923112 
1.87381742e+00 -5.91656445 -5.79462924 -5.63053944 -5.46097541 -5.33485150 
1.51991108e+00 -5.82719091 -5.70580531 -5.54186176 -5.37427217 -5.25142302 
1.23284674e+00 -5.73781736 -5.61698139 -5.45336897 -5.28756894 -5.16639526 
1.00000000e+00 -5.64844381 -5.52815746 -5.36467186 -5.20086571 -5.08171264 
8.11130831e-01 -5.56061311 -5.44191628 -5.27939106 -5.11923187 -5.00505854 
6.57933225e-01 -5.47278242 -5.35551820 -5.19462219 -5.03679570 -4.92739322 
5.33669923e-01 -5.38495173 -5.26905295 -5.11036400 -4.95464609 -4.85023351 
4.32876128e-01 -5.29712103 -5.18258769 -5.02499969 -4.87292313 -4.77307380 
3.51119173e-01 -5.20929034 -5.09614911 -4.94038955 -4.79119529 -4.69607248 
2.84803587e-01 -5.12241813 -5.01147359 -4.86045691 -4.71450049 -4.62385636 
2.31012970e-01 -5.03841693 -4.93031517 -4.78238705 -4.64185564 -4.55690061 
1.87381742e-01 -4.95731787 -4.85018835 -4.70426883 -4.56782007 -4.49292552 
1.51991108e-01 -4.87560308 -4.77009024 -4.62763242 -4.49398949 -4.42857295 
1.23284674e-01 -4.79179999 -4.68921490 -4.54962994 -4.41875183 -4.36303924 
1.00000000e-01 -4.70898331 -4.60918895 -4.47163227 -4.34447015 -4.29545527 
8.11130831e-02 -4.64225780 -4.54541058 -4.41191035 -4.29073874 -4.24088411 
6.57933225e-02 -4.57495897 -4.48217535 -4.35341611 -4.23562165 -4.19061580 
5.33669923e-02 -4.50994270 -4.41919145 -4.29494349 -4.17614187 -4.12944059 
4.32876128e-02 -4.44525278 -4.35687884 -4.23499812 -4.11778110 -4.06646297 
3.51119173e-02 -4.38366141 -4.29239751 -4.17708581 -4.05997999 -4.00516390 
2.84803587e-02 -4.33661079 -4.24788104 -4.13725977 -4.01950476 -3.96052508 
2.31012970e-02 -4.30241820 -4.21650565 -4.11310046 -3.99755725 -3.93259154 
1.87381742e-02 -4.26568839 -4.18985866 -4.08846821 -3.97566483 -3.90464265 
1.51991108e-02 -4.23339954 -4.15988890 -4.06459317 -3.95279967 -3.87670144 
1.23284674e-02 -4.19966816 -4.13368724 -4.04038219 -3.92723165 -3.84876022 
1.00000000e-02 -4.17073310 -4.10279690 -4.01545366 -3.90433086 -3.82310065 
8.11130831e-03 -4.15188681 -4.08694319 -4.00282731 -3.89633007 -3.81560657 
6.57933225e-03 -4.13456205 -4.07117907 -3.99059000 -3.88787697 -3.80759369 
5.33669923e-03 -4.12104771 -4.05590175 -3.97873942 -3.88019196 -3.79958080 
4.32876128e-03 -4.10512222 -4.03908676 -3.96496049 -3.87239802 -3.79156791 
3.51119173e-03 -4.09670690 -4.02431511 -3.95139365 -3.86488694 -3.77956204 
2.84803587e-03 -4.08438647 -4.01301772 -3.93992993 -3.85709172 -3.77021874 
2.31012970e-03 -4.08003005 -4.00656225 -3.93302820 -3.85220242 -3.76641543 
1.87381742e-03 -4.07379131 -3.99920909 -3.92538284 -3.84682533 -3.76280119 
1.51991108e-03 -4.06828140 -3.99218005 -3.91793037 -3.84074868 -3.75891528 
1.23284674e-03 -4.06383666 -3.98484658 -3.91048876 -3.83416889 -3.75530174 
1.00000000e-03 -4.06028993 -3.97985728 -3.90295343 -3.82701811 -3.75039418 
8.11130831e-04 -4.05862394 -3.97812930 -3.90054673 -3.82313876 -3.74851874 
6.57933225e-04 -4.05628530 -3.97611262 -3.89884464 -3.82088142 -3.74664331 
5.33669923e-04 -4.05289677 -3.97445193 -3.89646748 -3.81750145 -3.74310698 
4.32876128e-04 -4.04975115 -3.97272443 -3.89335056 -3.81514126 -3.74109150 
3.51119173e-04 -4.04874766 -3.96998890 -3.89012140 -3.81187038 -3.73907601 
2.84803587e-04 -4.04796399 -3.96858850 -3.88779285 -3.80994666 -3.73750243 
2.31012970e-04 -4.04740014 -3.96765750 -3.88683181 -3.80893462 -3.73637075 
1.87381742e-04 -4.04683630 -3.96666793 -3.88543465 -3.80763578 -3.73523908 
1.51991108e-04 -4.04627246 -3.96559714 -3.88409254 -3.80607188 -3.73410740 
1.23284674e-04 -4.04570862 -3.96468609 -3.88286735 -3.80470773 -3.73297572 
1.00000000e-04 -4.04506928 -3.96381053 -3.88153220 -3.80313935 -3.73184405 
8.11130831e-05 -4.04449600 -3.96323973 -3.88090281 -3.80234203 -3.73119936 
6.57933225e-05 -4.04392272 -3.96262729 -3.88024723 -3.80154471 -3.73055468 
5.33669923e-05 -4.04334944 -3.96214255 -3.87973646 -3.80080707 -3.72990999 
4.32876128e-05 -4.04277616 -3.96168077 -3.87899674 -3.80008602 -3.72926531 
3.51119173e-05 -4.04220289 -3.96117541 -3.87838547 -3.79936783 -3.72862062 
2.84803587e-05 -4.04174372 -3.96075154 -3.87798652 -3.79881894 -3.72810562 
2.31012970e-05 -4.04139866 -3.96043400 -3.87760204 -3.79842889 -3.72772031 
1.87381742e-05 -4.04105359 -3.96011646 -3.87712333 -3.79803883 -3.72733499 
1.51991108e-05 -4.04070853 -3.95979892 -3.87664463 -3.79764992 -3.72680654 
1.23284674e-05 -4.04036347 -3.95948138 -3.87616592 -3.79723140 -3.72625257 
1.00000000e-05 -4.04001841 -3.95916385 -3.87574216 -3.79682272 -3.72569859 
8.11130831e-06 -4.03972973 -3.95888131 -3.87549554 -3.79658103 -3.72538809 
6.57933225e-06 -4.03944105 -3.95857670 -3.87524893 -3.79633933 -3.72507759 
5.33669923e-06 -4.03915238 -3.95827209 -3.87500232 -3.79610088 -3.72476709 
4.32876128e-06 -4.03886370 -3.95796748 -3.87475571 -3.79586587 -3.72445659 
3.51119173e-06 -4.03857502 -3.95764927 -3.87450564 -3.79563087 -3.72414609 
2.84803587e-06 -4.03822749 -3.95735169 -3.87407170 -3.79540005 -3.72387960 
2.31012970e-06 -4.03782112 -3.95700405 -3.87378010 -3.79517342 -3.72365712 
1.87381742e-06 -4.03741475 -3.95665641 -3.87350177 -3.79494680 -3.72343463 
1.51991108e-06 -4.03700838 -3.95630876 -3.87321867 -3.79472017 -3.72321215 
1.23284674e-06 -4.03660200 -3.95596112 -3.87288520 -3.79449354 -3.72298967 
1.00000000e-06 -4.03619563 -3.95561348 -3.87255174 -3.79426691 -3.72276719 
8.11130831e-07 -4.03546837 -3.95495376 -3.87199212 -3.79386558 -3.72246469 
6.57933225e-07 -4.03474112 -3.95429404 -3.87147066 -3.79346425 -3.72201893 
5.33669923e-07 -4.03401386 -3.95360889 -3.87097696 -3.79306291 -3.72154472 
4.32876128e-07 -4.03328661 -3.95286791 -3.87048326 -3.79266158 -3.72107051 
3.51119173e-07 -4.03255935 -3.95205509 -3.86998955 -3.79226024 -3.72059631 
2.84803587e-07 -4.03159772 -3.95111342 -3.86928026 -3.79165471 -3.71995330 
2.31012970e-07 -4.03008696 -3.94994759 -3.86835537 -3.79075905 -3.71914149 
1.87381742e-07 -4.02855486 -3.94879952 -3.86743048 -3.78998895 -3.71832969 
1.51991108e-07 -4.02702277 -3.94763359 -3.86654361 -3.78920712 -3.71751788 
1.23284674e-07 -4.02549067 -3.94646765 -3.86558070 -3.78843142 -3.71670607 
1.00000000e-07 -4.02395857 -3.94529353 -3.86465581 -3.78752560 -3.71589426 
P (bar) | log_CH4: -2σ | log_CH4: -1σ | log_CH4: median | log_CH4: +1σ | log_CH4: +2σ 
1.00000000e+02 -2.19939186 -2.12025140 -2.03331994 -1.95399302 -1.88201979 
8.11130831e+01 -2.19961116 -2.12055886 -2.03373212 -1.95448614 -1.88256876 
6.57933225e+01 -2.19983046 -2.12086631 -2.03414429 -1.95497926 -1.88311772 
5.33669923e+01 -2.20004976 -2.12117376 -2.03455647 -1.95547239 -1.88366669 
4.32876128e+01 -2.20026906 -2.12148121 -2.03496864 -1.95596551 -1.88421566 
3.51119173e+01 -2.20048836 -2.12178867 -2.03535907 -1.95645864 -1.88476463 
2.84803587e+01 -2.20071037 -2.12206105 -2.03566091 -1.95684185 -1.88517422 
2.31012970e+01 -2.20093507 -2.12229835 -2.03590849 -1.95711516 -1.88544264 
1.87381742e+01 -2.20115977 -2.12253566 -2.03615607 -1.95738847 -1.88571106 
1.51991108e+01 -2.20138447 -2.12277296 -2.03640366 -1.95766178 -1.88597948 
1.23284674e+01 -2.20160917 -2.12301027 -2.03665124 -1.95793509 -1.88624790 
1.00000000e+01 -2.20183388 -2.12324757 -2.03689882 -1.95820839 -1.88651632 
8.11130831e+00 -2.20194628 -2.12335124 -2.03699197 -1.95836389 -1.88672265 
6.57933225e+00 -2.20205868 -2.12345490 -2.03708512 -1.95851940 -1.88692897 
5.33669923e+00 -2.20217108 -2.12355856 -2.03717827 -1.95867490 -1.88713529 
4.32876128e+00 -2.20228348 -2.12366222 -2.03727142 -1.95883040 -1.88734161 
3.51119173e+00 -2.20239588 -2.12376589 -2.03737514 -1.95898590 -1.88754793 
2.84803587e+00 -2.20250086 -2.12392191 -2.03775870 -1.95941039 -1.88827065 
2.31012970e+00 -2.20259843 -2.12413030 -2.03814450 -1.95977995 -1.88889290 
1.87381742e+00 -2.20269599 -2.12433868 -2.03853030 -1.96021725 -1.89030032 
1.51991108e+00 -2.20279355 -2.12451918 -2.03891610 -1.96052771 -1.89147096 
1.23284674e+00 -2.20289112 -2.12464273 -2.03930190 -1.96134339 -1.89169560 
1.00000000e+00 -2.20298868 -2.12476629 -2.03981009 -1.96195781 -1.89192024 
8.11130831e-01 -2.20364637 -2.12572767 -2.04229476 -1.96443951 -1.89762908 
6.57933225e-01 -2.20430406 -2.12701999 -2.04376469 -1.96769451 -1.89977319 
5.33669923e-01 -2.20594122 -2.12853941 -2.04680199 -1.97025264 -1.90207899 
4.32876128e-01 -2.20697578 -2.13010142 -2.04824294 -1.97319375 -1.90577955 
3.51119173e-01 -2.20873657 -2.13225455 -2.05036954 -1.97551141 -1.90794240 
2.84803587e-01 -2.21430715 -2.13900810 -2.06015973 -1.98421853 -1.92347657 
2.31012970e-01 -2.22681349 -2.15222265 -2.07546576 -2.00163434 -1.94098024 
1.87381742e-01 -2.23740789 -2.16289229 -2.08948761 -2.01735010 -1.95704450 
1.51991108e-01 -2.24963774 -2.17655130 -2.10339975 -2.03652030 -1.97420692 
1.23284674e-01 -2.26875234 -2.18870374 -2.11596130 -2.04979141 -1.99070104 
1.00000000e-01 -2.28734449 -2.20221538 -2.12829456 -2.06418884 -2.00550328 
8.11130831e-02 -2.35644496 -2.25913709 -2.18468446 -2.12200366 -2.06751958 
6.57933225e-02 -2.42515094 -2.31822244 -2.24103674 -2.17823989 -2.12726655 
5.33669923e-02 -2.50825774 -2.37946125 -2.29485949 -2.23348677 -2.18560976 
4.32876128e-02 -2.58586430 -2.44246235 -2.34623843 -2.28869105 -2.23856580 
3.51119173e-02 -2.66846460 -2.51286528 -2.39957797 -2.34190268 -2.29572930 
2.84803587e-02 -2.78132867 -2.61618754 -2.48726203 -2.42860484 -2.38435257 
2.31012970e-02 -2.92514174 -2.75202046 -2.61099078 -2.54613782 -2.49327585 
1.87381742e-02 -3.06850578 -2.89133986 -2.73273313 -2.66221715 -2.59954002 
1.51991108e-02 -3.20921768 -3.02927615 -2.85509202 -2.77576798 -2.71071981 
1.23284674e-02 -3.34992959 -3.16421870 -2.97663239 -2.88891291 -2.82332915 
1.00000000e-02 -3.49064149 -3.30307495 -3.10025428 -3.00302000 -2.92793812 
8.11130831e-03 -3.66503949 -3.47692328 -3.26545819 -3.15714305 -3.07624932 
6.57933225e-03 -3.83943750 -3.65065931 -3.42997229 -3.31240451 -3.22434643 
5.33669923e-03 -4.01383551 -3.82473818 -3.59434130 -3.46692098 -3.37114600 
4.32876128e-03 -4.18823351 -3.99950469 -3.75990299 -3.62136699 -3.52002140 
3.51119173e-03 -4.36263152 -4.17358322 -3.92466085 -3.77669082 -3.66860957 
2.84803587e-03 -4.54063753 -4.35117067 -4.09669666 -3.94100903 -3.82777883 
2.31012970e-03 -4.72225154 -4.53234811 -4.27381329 -4.11396483 -3.99775153 
1.87381742e-03 -4.90386555 -4.71352555 -4.45092992 -4.28649049 -4.16659881 
1.51991108e-03 -5.08547956 -4.89470299 -4.62831492 -4.45979439 -4.33525664 
1.23284674e-03 -5.26709357 -5.07588044 -4.80581096 -4.63327736 -4.50444554 
1.00000000e-03 -5.44870758 -5.25705788 -4.98352842 -4.80650395 -4.67389999 
8.11130831e-04 -5.63186488 -5.43943211 -5.16480885 -4.98669772 -4.85343708 
6.57933225e-04 -5.81502219 -5.62175147 -5.34611693 -5.16680883 -5.03297417 
5.33669923e-04 -5.99817950 -5.80405332 -5.52741027 -5.34691994 -5.21251126 
4.32876128e-04 -6.18133680 -5.98635517 -5.70870361 -5.52713574 -5.39209657 
3.51119173e-04 -6.36449411 -6.16865702 -5.88999694 -5.70752721 -5.57169935 
2.84803587e-04 -6.54820801 -6.35129652 -6.07183660 -5.88882013 -5.75258359 
2.31012970e-04 -6.73247851 -6.53436936 -6.25427546 -6.07154895 -5.93471842 
1.87381742e-04 -6.91674900 -6.71767194 -6.43673955 -6.25373882 -6.11686355 
1.51991108e-04 -7.10101950 -6.90089011 -6.61943145 -6.43598429 -6.29900867 
1.23284674e-04 -7.28529000 -7.08360268 -6.80196307 -6.61823603 -6.48115379 
1.00000000e-04 -7.46956049 -7.26628836 -6.98449469 -6.80048777 -6.66329892 
8.11130831e-05 -7.65507691 -7.45013755 -7.16784779 -6.98393488 -6.84664035 
6.57933225e-05 -7.84059332 -7.63400874 -7.35115934 -7.16705310 -7.03006691 
5.33669923e-05 -8.02610974 -7.81765232 -7.53447090 -7.35019565 -7.21347980 
4.32876128e-05 -8.21162616 -8.00167239 -7.71786412 -7.53307396 -7.39635310 
3.51119173e-05 -8.39714257 -8.18618945 -7.90112828 -7.71626301 -7.57927912 
2.84803587e-05 -8.58350221 -8.37145724 -8.08545871 -7.89978175 -7.76340339 
2.31012970e-05 -8.77070508 -8.55754960 -8.27064416 -8.08451054 -7.94813602 
1.87381742e-05 -8.95790795 -8.74347566 -8.45580021 -8.26963690 -8.13286865 
1.51991108e-05 -9.14511082 -8.92985486 -8.64111308 -8.45496271 -8.31767579 
1.23284674e-05 -9.33231369 -9.11574824 -8.82673642 -8.64043138 -8.50265681 
1.00000000e-05 -9.51951656 -9.30177136 -9.01202408 -8.82531895 -8.68763784 
8.11130831e-06 -9.70843671 -9.49019624 -9.20041082 -9.01234398 -8.87499473 
6.57933225e-06 -9.89735686 -9.67845555 -9.38902083 -9.19916009 -9.06217836 
5.33669923e-06 -10.08627701 -9.86649218 -9.57742529 -9.38678709 -9.24926858 
4.32876128e-06 -10.27519716 -10.05566862 -9.76620518 -9.57421309 -9.43642351 
3.51119173e-06 -10.46411731 -10.24440579 -9.95465058 -9.76115684 -9.62344900 
2.84803587e-06 -10.65333737 -10.43363080 -10.14418576 -9.94936563 -9.81135168 
2.31012970e-06 -10.84285735 -10.62377846 -10.33440738 -10.13858949 -10.00006681 
1.87381742e-06 -11.03237733 -10.81392611 -10.52426938 -10.32782667 -10.18867309 
1.51991108e-06 -11.22189731 -11.00407377 -10.71414242 -10.51708740 -10.37724714 
1.23284674e-06 -11.41141729 -11.19419467 -10.90442955 -10.70642774 -10.56582120 
1.00000000e-06 -11.60093727 -11.38425370 -11.09471667 -10.89578525 -10.75439525 
8.11130831e-07 -11.78981536 -11.57376981 -11.28446847 -11.08529305 -10.94363921 
6.57933225e-07 -11.97869345 -11.76384652 -11.47420606 -11.27493468 -11.13288317 
5.33669923e-07 -12.16757154 -11.95430894 -11.66450437 -11.46444674 -11.32188019 
4.32876128e-07 -12.35644963 -12.14477137 -11.85460164 -11.65404049 -11.51086447 
3.51119173e-07 -12.54532772 -12.33522415 -12.04439574 -11.84372181 -11.69984874 
2.84803587e-07 -12.73353077 -12.52443939 -12.23457433 -12.03318089 -11.88848853 
2.31012970e-07 -12.92105876 -12.71362139 -12.42394748 -12.22177036 -12.07700571 
1.87381742e-07 -13.10858676 -12.90255231 -12.61252163 -12.41045041 -12.26549477 
1.51991108e-07 -13.29611476 -13.09143651 -12.80109579 -12.59917178 -12.45395633 
1.23284674e-07 -13.48364275 -13.28024439 -12.98966994 -12.78823988 -12.64241789 
1.00000000e-07 -13.67117075 -13.46909043 -13.17824409 -12.97743454 -12.83087944 
P (bar) | log_H2S: -2σ | log_H2S: -1σ | log_H2S: median | log_H2S: +1σ | log_H2S: +2σ 
1.00000000e+02 -3.13404400 -3.05706811 -2.98073590 -2.90878652 -2.85064766 
8.11130831e+01 -3.14970937 -3.07291602 -2.99688899 -2.92512192 -2.86649826 
6.57933225e+01 -3.16489659 -3.08810832 -3.01210150 -2.94137060 -2.88191639 
5.33669923e+01 -3.17986103 -3.10338770 -3.02795203 -2.95763361 -2.89819947 
4.32876128e+01 -3.19527103 -3.11929495 -3.04363509 -2.97374449 -2.91194271 
3.51119173e+01 -3.21045824 -3.13506865 -3.05915158 -2.98967685 -2.92679902 
2.84803587e+01 -3.22377294 -3.14822531 -3.07222299 -3.00218768 -2.93884951 
2.31012970e+01 -3.23521513 -3.15822514 -3.08234498 -3.01009014 -2.94611513 
1.87381742e+01 -3.24635337 -3.16900219 -3.09192424 -3.01783189 -2.95179499 
1.51991108e+01 -3.25714373 -3.17957287 -3.10194105 -3.02729353 -2.95917324 
1.23284674e+01 -3.26796006 -3.18963713 -3.11088196 -3.03654825 -2.96725789 
1.00000000e+01 -3.27877639 -3.19991686 -3.12049698 -3.04490166 -2.97322966 
8.11130831e+00 -3.28104972 -3.20327654 -3.12343974 -3.04655899 -2.97440933 
6.57933225e+00 -3.28416688 -3.20608821 -3.12593714 -3.04848446 -2.97558900 
5.33669923e+00 -3.28743242 -3.20898605 -3.12821397 -3.04992124 -2.97676868 
4.32876128e+00 -3.28961089 -3.21181023 -3.13055990 -3.05180609 -2.97794835 
3.51119173e+00 -3.29275533 -3.21443448 -3.13357785 -3.05338270 -2.97912802 
2.84803587e+00 -3.29600355 -3.21620887 -3.13539322 -3.05468133 -2.97995309 
2.31012970e+00 -3.29714121 -3.21686298 -3.13610078 -3.05516317 -2.98042354 
1.87381742e+00 -3.29815335 -3.21750114 -3.13680835 -3.05563703 -2.98089399 
1.51991108e+00 -3.29866957 -3.21806871 -3.13751591 -3.05612227 -2.98136444 
1.23284674e+00 -3.29918579 -3.21861384 -3.13822347 -3.05665275 -2.98183488 
1.00000000e+00 -3.29970202 -3.21915896 -3.13891730 -3.05716859 -2.98230533 
8.11130831e-01 -3.30023568 -3.21972262 -3.13930895 -3.05770777 -2.98311763 
6.57933225e-01 -3.30076934 -3.22017208 -3.13968686 -3.05826232 -2.98392992 
5.33669923e-01 -3.30130300 -3.22051843 -3.14006477 -3.05891665 -2.98474221 
4.32876128e-01 -3.30183666 -3.22086478 -3.14044267 -3.05947456 -2.98555451 
3.51119173e-01 -3.30237032 -3.22121112 -3.14082058 -3.06003247 -2.98636680 
2.84803587e-01 -3.30336771 -3.22194542 -3.14214219 -3.06130478 -2.98802953 
2.31012970e-01 -3.30482883 -3.22306768 -3.14357229 -3.06329550 -2.99054269 
1.87381742e-01 -3.30560804 -3.22418993 -3.14489198 -3.06516035 -2.99305586 
1.51991108e-01 -3.30636731 -3.22536121 -3.14615976 -3.06710431 -2.99556902 
1.23284674e-01 -3.30712658 -3.22669972 -3.14740943 -3.06911031 -2.99808219 
1.00000000e-01 -3.30788585 -3.22812595 -3.14872893 -3.07127043 -3.00059535 
8.11130831e-02 -3.31095312 -3.23242931 -3.15314703 -3.07641369 -3.00620362 
6.57933225e-02 -3.31402039 -3.23666518 -3.15775804 -3.08163674 -3.01181189 
5.33669923e-02 -3.31709402 -3.24085473 -3.16236905 -3.08670890 -3.01742016 
4.32876128e-02 -3.32155121 -3.24514173 -3.16688168 -3.09188961 -3.02302844 
3.51119173e-02 -3.32600840 -3.24937402 -3.17138933 -3.09713020 -3.02863671 
2.84803587e-02 -3.33110660 -3.25371953 -3.17579039 -3.10177033 -3.03327839 
2.31012970e-02 -3.33650338 -3.25817824 -3.18004775 -3.10583519 -3.03695348 
1.87381742e-02 -3.34126983 -3.26263695 -3.18431748 -3.10987877 -3.04062857 
1.51991108e-02 -3.34603629 -3.26709566 -3.18858721 -3.11399408 -3.04430365 
1.23284674e-02 -3.35080275 -3.27155438 -3.19285694 -3.11812066 -3.04797874 
1.00000000e-02 -3.35551849 -3.27601309 -3.19712667 -3.12222997 -3.05165383 
8.11130831e-03 -3.35725237 -3.27748292 -3.19845312 -3.12330241 -3.05233888 
6.57933225e-03 -3.35893553 -3.27939720 -3.19990471 -3.12441321 -3.05302393 
5.33669923e-03 -3.36061870 -3.28116080 -3.20160501 -3.12532225 -3.05370897 
4.32876128e-03 -3.36230186 -3.28255080 -3.20343022 -3.12660308 -3.05439402 
3.51119173e-03 -3.36398503 -3.28421174 -3.20525543 -3.12760277 -3.05507906 
2.84803587e-03 -3.36510541 -3.28525077 -3.20658070 -3.12830704 -3.05544401 
2.31012970e-03 -3.36566302 -3.28593791 -3.20728795 -3.12848321 -3.05548888 
1.87381742e-03 -3.36622063 -3.28672336 -3.20809138 -3.12875751 -3.05553374 
1.51991108e-03 -3.36677823 -3.28737273 -3.20852680 -3.12882075 -3.05557860 
1.23284674e-03 -3.36754553 -3.28802209 -3.20894000 -3.12930762 -3.05562346 
1.00000000e-03 -3.36800312 -3.28841954 -3.20983370 -3.12995594 -3.05566832 
8.11130831e-04 -3.36797081 -3.28850091 -3.20978586 -3.13004692 -3.05558783 
6.57933225e-04 -3.36796846 -3.28858228 -3.20971856 -3.13013791 -3.05550735 
5.33669923e-04 -3.36769346 -3.28866365 -3.20965125 -3.13023262 -3.05542686 
4.32876128e-04 -3.36750086 -3.28874408 -3.20960491 -3.13018746 -3.05534638 
3.51119173e-04 -3.36734421 -3.28880056 -3.20955308 -3.13020707 -3.05526590 
2.84803587e-04 -3.36706167 -3.28872330 -3.20947553 -3.13022542 -3.05512882 
2.31012970e-04 -3.36665324 -3.28851228 -3.20920340 -3.13009435 -3.05493516 
1.87381742e-04 -3.36624482 -3.28830126 -3.20902734 -3.13000635 -3.05474150 
1.51991108e-04 -3.36583639 -3.28809024 -3.20878062 -3.12991834 -3.05454784 
1.23284674e-04 -3.36542796 -3.28787922 -3.20856671 -3.12983033 -3.05435418 
1.00000000e-04 -3.36501953 -3.28766820 -3.20836309 -3.12974348 -3.05416052 
8.11130831e-05 -3.36411488 -3.28706734 -3.20786353 -3.12944646 -3.05379248 
6.57933225e-05 -3.36343332 -3.28628024 -3.20736396 -3.12914943 -3.05342443 
5.33669923e-05 -3.36277774 -3.28546233 -3.20686440 -3.12885241 -3.05305638 
4.32876128e-05 -3.36212216 -3.28464298 -3.20627716 -3.12855539 -3.05268833 
3.51119173e-05 -3.36146658 -3.28384634 -3.20563819 -3.12825836 -3.05232028 
2.84803587e-05 -3.36050418 -3.28289343 -3.20475581 -3.12774161 -3.05179174 
2.31012970e-05 -3.35892224 -3.28167581 -3.20363002 -3.12700513 -3.05110272 
1.87381742e-05 -3.35712246 -3.28045819 -3.20253699 -3.12613372 -3.05041370 
1.51991108e-05 -3.35532269 -3.27924057 -3.20145111 -3.12529846 -3.04972467 
1.23284674e-05 -3.35352292 -3.27797451 -3.20035122 -3.12448240 -3.04903565 
1.00000000e-05 -3.35194668 -3.27661542 -3.19921133 -3.12366633 -3.04834663 
8.11130831e-06 -3.35006564 -3.27478462 -3.19747641 -3.12229748 -3.04714227 
6.57933225e-06 -3.34818461 -3.27292202 -3.19582598 -3.12092036 -3.04593791 
5.33669923e-06 -3.34630358 -3.27100869 -3.19415114 -3.11950636 -3.04473356 
4.32876128e-06 -3.34442254 -3.26905872 -3.19244173 -3.11814454 -3.04352920 
3.51119173e-06 -3.34254151 -3.26710876 -3.19073232 -3.11672333 -3.04232485 
2.84803587e-06 -3.34075230 -3.26541554 -3.18898977 -3.11516960 -3.04095277 
2.31012970e-06 -3.33905492 -3.26380023 -3.18735827 -3.11341216 -3.03941297 
1.87381742e-06 -3.33735753 -3.26218492 -3.18572678 -3.11170998 -3.03787318 
1.51991108e-06 -3.33566015 -3.26056961 -3.18409529 -3.10998963 -3.03633338 
1.23284674e-06 -3.33396277 -3.25894369 -3.18246379 -3.10824001 -3.03479358 
1.00000000e-06 -3.33226538 -3.25712256 -3.18082844 -3.10649038 -3.03325378 
8.11130831e-07 -3.33113841 -3.25592379 -3.17966442 -3.10519748 -3.03216195 
6.57933225e-07 -3.33001143 -3.25472502 -3.17849654 -3.10392697 -3.03107012 
5.33669923e-07 -3.32888445 -3.25352479 -3.17732866 -3.10265646 -3.02997828 
4.32876128e-07 -3.32775748 -3.25232100 -3.17616078 -3.10138594 -3.02888645 
3.51119173e-07 -3.32663050 -3.25111721 -3.17499290 -3.10011543 -3.02779461 
2.84803587e-07 -3.32577649 -3.25026223 -3.17417682 -3.09926591 -3.02735936 
2.31012970e-07 -3.32519545 -3.24975607 -3.17371255 -3.09892748 -3.02758068 
1.87381742e-07 -3.32461440 -3.24924990 -3.17324827 -3.09904068 -3.02780201 
1.51991108e-07 -3.32403336 -3.24874374 -3.17291021 -3.09931580 -3.02802333 
1.23284674e-07 -3.32345232 -3.24823757 -3.17279689 -3.09901524 -3.02824466 
1.00000000e-07 -3.32287127 -3.24773141 -3.17255832 -3.09869454 -3.02846598 
