Chemical species: H2 He H2O CO2 CO H2S NH3 CH4
P (bar) | log_H2: -2σ | log_H2: -1σ | log_H2: median | log_H2: +1σ | log_H2: +2σ 
1.00000000e+02 -0.11418042 -0.11369968 -0.11210588 -0.10911106 -0.10429987 
8.11130831e+01 -0.11418042 -0.11369968 -0.11210588 -0.10911106 -0.10429987 
6.57933225e+01 -0.11418042 -0.11369968 -0.11210588 -0.10911106 -0.10429987 
5.33669923e+01 -0.11418042 -0.11369968 -0.11210588 -0.10911106 -0.10429987 
4.32876128e+01 -0.11418042 -0.11369968 -0.11210588 -0.10911106 -0.10429987 
3.51119173e+01 -0.11418042 -0.11369968 -0.11210588 -0.10911106 -0.10429987 
2.84803587e+01 -0.11418042 -0.11369968 -0.11210588 -0.10911106 -0.10429987 
2.31012970e+01 -0.11418042 -0.11369968 -0.11210588 -0.10911106 -0.10429987 
1.87381742e+01 -0.11418042 -0.11369968 -0.11210588 -0.10911106 -0.10429987 
1.51991108e+01 -0.11418042 -0.11369968 -0.11210588 -0.10911106 -0.10429987 
1.23284674e+01 -0.11418042 -0.11369968 -0.11210588 -0.10911106 -0.10429987 
1.00000000e+01 -0.11418042 -0.11369968 -0.11210588 -0.10911106 -0.10429987 
8.11130831e+00 -0.11418042 -0.11369968 -0.11210588 -0.10911106 -0.10429987 
6.57933225e+00 -0.11418042 -0.11369968 -0.11210588 -0.10911106 -0.10429987 
5.33669923e+00 -0.11418042 -0.11369968 -0.11210588 -0.10911106 -0.10429987 
4.32876128e+00 -0.11418042 -0.11369968 -0.11210588 -0.10911106 -0.10429987 
3.51119173e+00 -0.11418042 -0.11369968 -0.11210588 -0.10911106 -0.10429987 
2.84803587e+00 -0.11418042 -0.11369968 -0.11210588 -0.10911106 -0.10429987 
2.31012970e+00 -0.11418042 -0.11369968 -0.11210588 -0.10911106 -0.10429987 
1.87381742e+00 -0.11418042 -0.11369968 -0.11210588 -0.10911106 -0.10429987 
1.51991108e+00 -0.11418042 -0.11369968 -0.11210588 -0.10911106 -0.10429987 
1.23284674e+00 -0.11418042 -0.11369968 -0.11210588 -0.10911106 -0.10429987 
1.00000000e+00 -0.11418042 -0.11369968 -0.11210588 -0.10911106 -0.10429987 
8.11130831e-01 -0.11418042 -0.11369968 -0.11210588 -0.10911106 -0.10429987 
6.57933225e-01 -0.11418042 -0.11369968 -0.11210588 -0.10911106 -0.10429987 
5.33669923e-01 -0.11418042 -0.11369968 -0.11210588 -0.10911106 -0.10429987 
4.32876128e-01 -0.11418042 -0.11369968 -0.11210588 -0.10911106 -0.10429987 
3.51119173e-01 -0.11418042 -0.11369968 -0.11210588 -0.10911106 -0.10429987 
2.84803587e-01 -0.11418042 -0.11369968 -0.11210588 -0.10911106 -0.10429987 
2.31012970e-01 -0.11418042 -0.11369968 -0.11210588 -0.10911106 -0.10429987 
1.87381742e-01 -0.11418042 -0.11369968 -0.11210588 -0.10911106 -0.10429987 
1.51991108e-01 -0.11418042 -0.11369968 -0.11210588 -0.10911106 -0.10429987 
1.23284674e-01 -0.11418042 -0.11369968 -0.11210588 -0.10911106 -0.10429987 
1.00000000e-01 -0.11418042 -0.11369968 -0.11210588 -0.10911106 -0.10429987 
8.11130831e-02 -0.11418042 -0.11369968 -0.11210588 -0.10911106 -0.10429987 
6.57933225e-02 -0.11418042 -0.11369968 -0.11210588 -0.10911106 -0.10429987 
5.33669923e-02 -0.11418042 -0.11369968 -0.11210588 -0.10911106 -0.10429987 
4.32876128e-02 -0.11418042 -0.11369968 -0.11210588 -0.10911106 -0.10429987 
3.51119173e-02 -0.11418042 -0.11369968 -0.11210588 -0.10911106 -0.10429987 
2.84803587e-02 -0.11418042 -0.11369968 -0.11210588 -0.10911106 -0.10429987 
2.31012970e-02 -0.11418042 -0.11369968 -0.11210588 -0.10911106 -0.10429987 
1.87381742e-02 -0.11418042 -0.11369968 -0.11210588 -0.10911106 -0.10429987 
1.51991108e-02 -0.11418042 -0.11369968 -0.11210588 -0.10911106 -0.10429987 
1.23284674e-02 -0.11418042 -0.11369968 -0.11210588 -0.10911106 -0.10429987 
1.00000000e-02 -0.11418042 -0.11369968 -0.11210588 -0.10911106 -0.10429987 
8.11130831e-03 -0.11418042 -0.11369968 -0.11210588 -0.10911106 -0.10429987 
6.57933225e-03 -0.11418042 -0.11369968 -0.11210588 -0.10911106 -0.10429987 
5.33669923e-03 -0.11418042 -0.11369968 -0.11210588 -0.10911106 -0.10429987 
4.32876128e-03 -0.11418042 -0.11369968 -0.11210588 -0.10911106 -0.10429987 
3.51119173e-03 -0.11418042 -0.11369968 -0.11210588 -0.10911106 -0.10429987 
2.84803587e-03 -0.11418042 -0.11369968 -0.11210588 -0.10911106 -0.10429987 
2.31012970e-03 -0.11418042 -0.11369968 -0.11210588 -0.10911106 -0.10429987 
1.87381742e-03 -0.11418042 -0.11369968 -0.11210588 -0.10911106 -0.10429987 
1.51991108e-03 -0.11418042 -0.11369968 -0.11210588 -0.10911106 -0.10429987 
1.23284674e-03 -0.11418042 -0.11369968 -0.11210588 -0.10911106 -0.10429987 
1.00000000e-03 -0.11418042 -0.11369968 -0.11210588 -0.10911106 -0.10429987 
8.11130831e-04 -0.11418042 -0.11369968 -0.11210588 -0.10911106 -0.10429987 
6.57933225e-04 -0.11418042 -0.11369968 -0.11210588 -0.10911106 -0.10429987 
5.33669923e-04 -0.11418042 -0.11369968 -0.11210588 -0.10911106 -0.10429987 
4.32876128e-04 -0.11418042 -0.11369968 -0.11210588 -0.10911106 -0.10429987 
3.51119173e-04 -0.11418042 -0.11369968 -0.11210588 -0.10911106 -0.10429987 
2.84803587e-04 -0.11418042 -0.11369968 -0.11210588 -0.10911106 -0.10429987 
2.31012970e-04 -0.11418042 -0.11369968 -0.11210588 -0.10911106 -0.10429987 
1.87381742e-04 -0.11418042 -0.11369968 -0.11210588 -0.10911106 -0.10429987 
1.51991108e-04 -0.11418042 -0.11369968 -0.11210588 -0.10911106 -0.10429987 
1.23284674e-04 -0.11418042 -0.11369968 -0.11210588 -0.10911106 -0.10429987 
1.00000000e-04 -0.11418042 -0.11369968 -0.11210588 -0.10911106 -0.10429987 
8.11130831e-05 -0.11418042 -0.11369968 -0.11210588 -0.10911106 -0.10429987 
6.57933225e-05 -0.11418042 -0.11369968 -0.11210588 -0.10911106 -0.10429987 
5.33669923e-05 -0.11418042 -0.11369968 -0.11210588 -0.10911106 -0.10429987 
4.32876128e-05 -0.11418042 -0.11369968 -0.11210588 -0.10911106 -0.10429987 
3.51119173e-05 -0.11418042 -0.11369968 -0.11210588 -0.10911106 -0.10429987 
2.84803587e-05 -0.11418042 -0.11369968 -0.11210588 -0.10911106 -0.10429987 
2.31012970e-05 -0.11418042 -0.11369968 -0.11210588 -0.10911106 -0.10429987 
1.87381742e-05 -0.11418042 -0.11369968 -0.11210588 -0.10911106 -0.10429987 
1.51991108e-05 -0.11418042 -0.11369968 -0.11210588 -0.10911106 -0.10429987 
1.23284674e-05 -0.11418042 -0.11369968 -0.11210588 -0.10911106 -0.10429987 
1.00000000e-05 -0.11418042 -0.11369968 -0.11210588 -0.10911106 -0.10429987 
8.11130831e-06 -0.11418042 -0.11369968 -0.11210588 -0.10911106 -0.10429987 
6.57933225e-06 -0.11418042 -0.11369968 -0.11210588 -0.10911106 -0.10429987 
5.33669923e-06 -0.11418042 -0.11369968 -0.11210588 -0.10911106 -0.10429987 
4.32876128e-06 -0.11418042 -0.11369968 -0.11210588 -0.10911106 -0.10429987 
3.51119173e-06 -0.11418042 -0.11369968 -0.11210588 -0.10911106 -0.10429987 
2.84803587e-06 -0.11418042 -0.11369968 -0.11210588 -0.10911106 -0.10429987 
2.31012970e-06 -0.11418042 -0.11369968 -0.11210588 -0.10911106 -0.10429987 
1.87381742e-06 -0.11418042 -0.11369968 -0.11210588 -0.10911106 -0.10429987 
1.51991108e-06 -0.11418042 -0.11369968 -0.11210588 -0.10911106 -0.10429987 
1.23284674e-06 -0.11418042 -0.11369968 -0.11210588 -0.10911106 -0.10429987 
1.00000000e-06 -0.11418042 -0.11369968 -0.11210588 -0.10911106 -0.10429987 
8.11130831e-07 -0.11418042 -0.11369968 -0.11210588 -0.10911106 -0.10429987 
6.57933225e-07 -0.11418042 -0.11369968 -0.11210588 -0.10911106 -0.10429987 
5.33669923e-07 -0.11418042 -0.11369968 -0.11210588 -0.10911106 -0.10429987 
4.32876128e-07 -0.11418042 -0.11369968 -0.11210588 -0.10911106 -0.10429987 
3.51119173e-07 -0.11418042 -0.11369968 -0.11210588 -0.10911106 -0.10429987 
2.84803587e-07 -0.11418042 -0.11369968 -0.11210588 -0.10911106 -0.10429987 
2.31012970e-07 -0.11418042 -0.11369968 -0.11210588 -0.10911106 -0.10429987 
1.87381742e-07 -0.11418042 -0.11369968 -0.11210588 -0.10911106 -0.10429987 
1.51991108e-07 -0.11418042 -0.11369968 -0.11210588 -0.10911106 -0.10429987 
1.23284674e-07 -0.11418042 -0.11369968 -0.11210588 -0.10911106 -0.10429987 
1.00000000e-07 -0.11418042 -0.11369968 -0.11210588 -0.10911106 -0.10429987 
P (bar) | log_He: -2σ | log_He: -1σ | log_He: median | log_He: +1σ | log_He: +2σ 
1.00000000e+02 -0.88373150 -0.88325076 -0.88165696 -0.87866213 -0.87385095 
8.11130831e+01 -0.88373150 -0.88325076 -0.88165696 -0.87866213 -0.87385095 
6.57933225e+01 -0.88373150 -0.88325076 -0.88165696 -0.87866213 -0.87385095 
5.33669923e+01 -0.88373150 -0.88325076 -0.88165696 -0.87866213 -0.87385095 
4.32876128e+01 -0.88373150 -0.88325076 -0.88165696 -0.87866213 -0.87385095 
3.51119173e+01 -0.88373150 -0.88325076 -0.88165696 -0.87866213 -0.87385095 
2.84803587e+01 -0.88373150 -0.88325076 -0.88165696 -0.87866213 -0.87385095 
2.31012970e+01 -0.88373150 -0.88325076 -0.88165696 -0.87866213 -0.87385095 
1.87381742e+01 -0.88373150 -0.88325076 -0.88165696 -0.87866213 -0.87385095 
1.51991108e+01 -0.88373150 -0.88325076 -0.88165696 -0.87866213 -0.87385095 
1.23284674e+01 -0.88373150 -0.88325076 -0.88165696 -0.87866213 -0.87385095 
1.00000000e+01 -0.88373150 -0.88325076 -0.88165696 -0.87866213 -0.87385095 
8.11130831e+00 -0.88373150 -0.88325076 -0.88165696 -0.87866213 -0.87385095 
6.57933225e+00 -0.88373150 -0.88325076 -0.88165696 -0.87866213 -0.87385095 
5.33669923e+00 -0.88373150 -0.88325076 -0.88165696 -0.87866213 -0.87385095 
4.32876128e+00 -0.88373150 -0.88325076 -0.88165696 -0.87866213 -0.87385095 
3.51119173e+00 -0.88373150 -0.88325076 -0.88165696 -0.87866213 -0.87385095 
2.84803587e+00 -0.88373150 -0.88325076 -0.88165696 -0.87866213 -0.87385095 
2.31012970e+00 -0.88373150 -0.88325076 -0.88165696 -0.87866213 -0.87385095 
1.87381742e+00 -0.88373150 -0.88325076 -0.88165696 -0.87866213 -0.87385095 
1.51991108e+00 -0.88373150 -0.88325076 -0.88165696 -0.87866213 -0.87385095 
1.23284674e+00 -0.88373150 -0.88325076 -0.88165696 -0.87866213 -0.87385095 
1.00000000e+00 -0.88373150 -0.88325076 -0.88165696 -0.87866213 -0.87385095 
8.11130831e-01 -0.88373150 -0.88325076 -0.88165696 -0.87866213 -0.87385095 
6.57933225e-01 -0.88373150 -0.88325076 -0.88165696 -0.87866213 -0.87385095 
5.33669923e-01 -0.88373150 -0.88325076 -0.88165696 -0.87866213 -0.87385095 
4.32876128e-01 -0.88373150 -0.88325076 -0.88165696 -0.87866213 -0.87385095 
3.51119173e-01 -0.88373150 -0.88325076 -0.88165696 -0.87866213 -0.87385095 
2.84803587e-01 -0.88373150 -0.88325076 -0.88165696 -0.87866213 -0.87385095 
2.31012970e-01 -0.88373150 -0.88325076 -0.88165696 -0.87866213 -0.87385095 
1.87381742e-01 -0.88373150 -0.88325076 -0.88165696 -0.87866213 -0.87385095 
1.51991108e-01 -0.88373150 -0.88325076 -0.88165696 -0.87866213 -0.87385095 
1.23284674e-01 -0.88373150 -0.88325076 -0.88165696 -0.87866213 -0.87385095 
1.00000000e-01 -0.88373150 -0.88325076 -0.88165696 -0.87866213 -0.87385095 
8.11130831e-02 -0.88373150 -0.88325076 -0.88165696 -0.87866213 -0.87385095 
6.57933225e-02 -0.88373150 -0.88325076 -0.88165696 -0.87866213 -0.87385095 
5.33669923e-02 -0.88373150 -0.88325076 -0.88165696 -0.87866213 -0.87385095 
4.32876128e-02 -0.88373150 -0.88325076 -0.88165696 -0.87866213 -0.87385095 
3.51119173e-02 -0.88373150 -0.88325076 -0.88165696 -0.87866213 -0.87385095 
2.84803587e-02 -0.88373150 -0.88325076 -0.88165696 -0.87866213 -0.87385095 
2.31012970e-02 -0.88373150 -0.88325076 -0.88165696 -0.87866213 -0.87385095 
1.87381742e-02 -0.88373150 -0.88325076 -0.88165696 -0.87866213 -0.87385095 
1.51991108e-02 -0.88373150 -0.88325076 -0.88165696 -0.87866213 -0.87385095 
1.23284674e-02 -0.88373150 -0.88325076 -0.88165696 -0.87866213 -0.87385095 
1.00000000e-02 -0.88373150 -0.88325076 -0.88165696 -0.87866213 -0.87385095 
8.11130831e-03 -0.88373150 -0.88325076 -0.88165696 -0.87866213 -0.87385095 
6.57933225e-03 -0.88373150 -0.88325076 -0.88165696 -0.87866213 -0.87385095 
5.33669923e-03 -0.88373150 -0.88325076 -0.88165696 -0.87866213 -0.87385095 
4.32876128e-03 -0.88373150 -0.88325076 -0.88165696 -0.87866213 -0.87385095 
3.51119173e-03 -0.88373150 -0.88325076 -0.88165696 -0.87866213 -0.87385095 
2.84803587e-03 -0.88373150 -0.88325076 -0.88165696 -0.87866213 -0.87385095 
2.31012970e-03 -0.88373150 -0.88325076 -0.88165696 -0.87866213 -0.87385095 
1.87381742e-03 -0.88373150 -0.88325076 -0.88165696 -0.87866213 -0.87385095 
1.51991108e-03 -0.88373150 -0.88325076 -0.88165696 -0.87866213 -0.87385095 
1.23284674e-03 -0.88373150 -0.88325076 -0.88165696 -0.87866213 -0.87385095 
1.00000000e-03 -0.88373150 -0.88325076 -0.88165696 -0.87866213 -0.87385095 
8.11130831e-04 -0.88373150 -0.88325076 -0.88165696 -0.87866213 -0.87385095 
6.57933225e-04 -0.88373150 -0.88325076 -0.88165696 -0.87866213 -0.87385095 
5.33669923e-04 -0.88373150 -0.88325076 -0.88165696 -0.87866213 -0.87385095 
4.32876128e-04 -0.88373150 -0.88325076 -0.88165696 -0.87866213 -0.87385095 
3.51119173e-04 -0.88373150 -0.88325076 -0.88165696 -0.87866213 -0.87385095 
2.84803587e-04 -0.88373150 -0.88325076 -0.88165696 -0.87866213 -0.87385095 
2.31012970e-04 -0.88373150 -0.88325076 -0.88165696 -0.87866213 -0.87385095 
1.87381742e-04 -0.88373150 -0.88325076 -0.88165696 -0.87866213 -0.87385095 
1.51991108e-04 -0.88373150 -0.88325076 -0.88165696 -0.87866213 -0.87385095 
1.23284674e-04 -0.88373150 -0.88325076 -0.88165696 -0.87866213 -0.87385095 
1.00000000e-04 -0.88373150 -0.88325076 -0.88165696 -0.87866213 -0.87385095 
8.11130831e-05 -0.88373150 -0.88325076 -0.88165696 -0.87866213 -0.87385095 
6.57933225e-05 -0.88373150 -0.88325076 -0.88165696 -0.87866213 -0.87385095 
5.33669923e-05 -0.88373150 -0.88325076 -0.88165696 -0.87866213 -0.87385095 
4.32876128e-05 -0.88373150 -0.88325076 -0.88165696 -0.87866213 -0.87385095 
3.51119173e-05 -0.88373150 -0.88325076 -0.88165696 -0.87866213 -0.87385095 
2.84803587e-05 -0.88373150 -0.88325076 -0.88165696 -0.87866213 -0.87385095 
2.31012970e-05 -0.88373150 -0.88325076 -0.88165696 -0.87866213 -0.87385095 
1.87381742e-05 -0.88373150 -0.88325076 -0.88165696 -0.87866213 -0.87385095 
1.51991108e-05 -0.88373150 -0.88325076 -0.88165696 -0.87866213 -0.87385095 
1.23284674e-05 -0.88373150 -0.88325076 -0.88165696 -0.87866213 -0.87385095 
1.00000000e-05 -0.88373150 -0.88325076 -0.88165696 -0.87866213 -0.87385095 
8.11130831e-06 -0.88373150 -0.88325076 -0.88165696 -0.87866213 -0.87385095 
6.57933225e-06 -0.88373150 -0.88325076 -0.88165696 -0.87866213 -0.87385095 
5.33669923e-06 -0.88373150 -0.88325076 -0.88165696 -0.87866213 -0.87385095 
4.32876128e-06 -0.88373150 -0.88325076 -0.88165696 -0.87866213 -0.87385095 
3.51119173e-06 -0.88373150 -0.88325076 -0.88165696 -0.87866213 -0.87385095 
2.84803587e-06 -0.88373150 -0.88325076 -0.88165696 -0.87866213 -0.87385095 
2.31012970e-06 -0.88373150 -0.88325076 -0.88165696 -0.87866213 -0.87385095 
1.87381742e-06 -0.88373150 -0.88325076 -0.88165696 -0.87866213 -0.87385095 
1.51991108e-06 -0.88373150 -0.88325076 -0.88165696 -0.87866213 -0.87385095 
1.23284674e-06 -0.88373150 -0.88325076 -0.88165696 -0.87866213 -0.87385095 
1.00000000e-06 -0.88373150 -0.88325076 -0.88165696 -0.87866213 -0.87385095 
8.11130831e-07 -0.88373150 -0.88325076 -0.88165696 -0.87866213 -0.87385095 
6.57933225e-07 -0.88373150 -0.88325076 -0.88165696 -0.87866213 -0.87385095 
5.33669923e-07 -0.88373150 -0.88325076 -0.88165696 -0.87866213 -0.87385095 
4.32876128e-07 -0.88373150 -0.88325076 -0.88165696 -0.87866213 -0.87385095 
3.51119173e-07 -0.88373150 -0.88325076 -0.88165696 -0.87866213 -0.87385095 
2.84803587e-07 -0.88373150 -0.88325076 -0.88165696 -0.87866213 -0.87385095 
2.31012970e-07 -0.88373150 -0.88325076 -0.88165696 -0.87866213 -0.87385095 
1.87381742e-07 -0.88373150 -0.88325076 -0.88165696 -0.87866213 -0.87385095 
1.51991108e-07 -0.88373150 -0.88325076 -0.88165696 -0.87866213 -0.87385095 
1.23284674e-07 -0.88373150 -0.88325076 -0.88165696 -0.87866213 -0.87385095 
1.00000000e-07 -0.88373150 -0.88325076 -0.88165696 -0.87866213 -0.87385095 
P (bar) | log_H2O: -2σ | log_H2O: -1σ | log_H2O: median | log_H2O: +1σ | log_H2O: +2σ 
1.00000000e+02 -1.10063478 -1.04876985 -1.01960707 -1.00496559 -1.00082139 
8.11130831e+01 -1.10063478 -1.04876985 -1.01960707 -1.00496559 -1.00082139 
6.57933225e+01 -1.10063478 -1.04876985 -1.01960707 -1.00496559 -1.00082139 
5.33669923e+01 -1.10063478 -1.04876985 -1.01960707 -1.00496559 -1.00082139 
4.32876128e+01 -1.10063478 -1.04876985 -1.01960707 -1.00496559 -1.00082139 
3.51119173e+01 -1.10063478 -1.04876985 -1.01960707 -1.00496559 -1.00082139 
2.84803587e+01 -1.10063478 -1.04876985 -1.01960707 -1.00496559 -1.00082139 
2.31012970e+01 -1.10063478 -1.04876985 -1.01960707 -1.00496559 -1.00082139 
1.87381742e+01 -1.10063478 -1.04876985 -1.01960707 -1.00496559 -1.00082139 
1.51991108e+01 -1.10063478 -1.04876985 -1.01960707 -1.00496559 -1.00082139 
1.23284674e+01 -1.10063478 -1.04876985 -1.01960707 -1.00496559 -1.00082139 
1.00000000e+01 -1.10063478 -1.04876985 -1.01960707 -1.00496559 -1.00082139 
8.11130831e+00 -1.10063478 -1.04876985 -1.01960707 -1.00496559 -1.00082139 
6.57933225e+00 -1.10063478 -1.04876985 -1.01960707 -1.00496559 -1.00082139 
5.33669923e+00 -1.10063478 -1.04876985 -1.01960707 -1.00496559 -1.00082139 
4.32876128e+00 -1.10063478 -1.04876985 -1.01960707 -1.00496559 -1.00082139 
3.51119173e+00 -1.10063478 -1.04876985 -1.01960707 -1.00496559 -1.00082139 
2.84803587e+00 -1.10063478 -1.04876985 -1.01960707 -1.00496559 -1.00082139 
2.31012970e+00 -1.10063478 -1.04876985 -1.01960707 -1.00496559 -1.00082139 
1.87381742e+00 -1.10063478 -1.04876985 -1.01960707 -1.00496559 -1.00082139 
1.51991108e+00 -1.10063478 -1.04876985 -1.01960707 -1.00496559 -1.00082139 
1.23284674e+00 -1.10063478 -1.04876985 -1.01960707 -1.00496559 -1.00082139 
1.00000000e+00 -1.10063478 -1.04876985 -1.01960707 -1.00496559 -1.00082139 
8.11130831e-01 -1.10063478 -1.04876985 -1.01960707 -1.00496559 -1.00082139 
6.57933225e-01 -1.10063478 -1.04876985 -1.01960707 -1.00496559 -1.00082139 
5.33669923e-01 -1.10063478 -1.04876985 -1.01960707 -1.00496559 -1.00082139 
4.32876128e-01 -1.10063478 -1.04876985 -1.01960707 -1.00496559 -1.00082139 
3.51119173e-01 -1.10063478 -1.04876985 -1.01960707 -1.00496559 -1.00082139 
2.84803587e-01 -1.10063478 -1.04876985 -1.01960707 -1.00496559 -1.00082139 
2.31012970e-01 -1.10063478 -1.04876985 -1.01960707 -1.00496559 -1.00082139 
1.87381742e-01 -1.10063478 -1.04876985 -1.01960707 -1.00496559 -1.00082139 
1.51991108e-01 -1.10063478 -1.04876985 -1.01960707 -1.00496559 -1.00082139 
1.23284674e-01 -1.10063478 -1.04876985 -1.01960707 -1.00496559 -1.00082139 
1.00000000e-01 -1.10063478 -1.04876985 -1.01960707 -1.00496559 -1.00082139 
8.11130831e-02 -1.10063478 -1.04876985 -1.01960707 -1.00496559 -1.00082139 
6.57933225e-02 -1.10063478 -1.04876985 -1.01960707 -1.00496559 -1.00082139 
5.33669923e-02 -1.10063478 -1.04876985 -1.01960707 -1.00496559 -1.00082139 
4.32876128e-02 -1.10063478 -1.04876985 -1.01960707 -1.00496559 -1.00082139 
3.51119173e-02 -1.10063478 -1.04876985 -1.01960707 -1.00496559 -1.00082139 
2.84803587e-02 -1.10063478 -1.04876985 -1.01960707 -1.00496559 -1.00082139 
2.31012970e-02 -1.10063478 -1.04876985 -1.01960707 -1.00496559 -1.00082139 
1.87381742e-02 -1.10063478 -1.04876985 -1.01960707 -1.00496559 -1.00082139 
1.51991108e-02 -1.10063478 -1.04876985 -1.01960707 -1.00496559 -1.00082139 
1.23284674e-02 -1.10063478 -1.04876985 -1.01960707 -1.00496559 -1.00082139 
1.00000000e-02 -1.10063478 -1.04876985 -1.01960707 -1.00496559 -1.00082139 
8.11130831e-03 -1.10063478 -1.04876985 -1.01960707 -1.00496559 -1.00082139 
6.57933225e-03 -1.10063478 -1.04876985 -1.01960707 -1.00496559 -1.00082139 
5.33669923e-03 -1.10063478 -1.04876985 -1.01960707 -1.00496559 -1.00082139 
4.32876128e-03 -1.10063478 -1.04876985 -1.01960707 -1.00496559 -1.00082139 
3.51119173e-03 -1.10063478 -1.04876985 -1.01960707 -1.00496559 -1.00082139 
2.84803587e-03 -1.10063478 -1.04876985 -1.01960707 -1.00496559 -1.00082139 
2.31012970e-03 -1.10063478 -1.04876985 -1.01960707 -1.00496559 -1.00082139 
1.87381742e-03 -1.10063478 -1.04876985 -1.01960707 -1.00496559 -1.00082139 
1.51991108e-03 -1.10063478 -1.04876985 -1.01960707 -1.00496559 -1.00082139 
1.23284674e-03 -1.10063478 -1.04876985 -1.01960707 -1.00496559 -1.00082139 
1.00000000e-03 -1.10063478 -1.04876985 -1.01960707 -1.00496559 -1.00082139 
8.11130831e-04 -1.10063478 -1.04876985 -1.01960707 -1.00496559 -1.00082139 
6.57933225e-04 -1.10063478 -1.04876985 -1.01960707 -1.00496559 -1.00082139 
5.33669923e-04 -1.10063478 -1.04876985 -1.01960707 -1.00496559 -1.00082139 
4.32876128e-04 -1.10063478 -1.04876985 -1.01960707 -1.00496559 -1.00082139 
3.51119173e-04 -1.10063478 -1.04876985 -1.01960707 -1.00496559 -1.00082139 
2.84803587e-04 -1.10063478 -1.04876985 -1.01960707 -1.00496559 -1.00082139 
2.31012970e-04 -1.10063478 -1.04876985 -1.01960707 -1.00496559 -1.00082139 
1.87381742e-04 -1.10063478 -1.04876985 -1.01960707 -1.00496559 -1.00082139 
1.51991108e-04 -1.10063478 -1.04876985 -1.01960707 -1.00496559 -1.00082139 
1.23284674e-04 -1.10063478 -1.04876985 -1.01960707 -1.00496559 -1.00082139 
1.00000000e-04 -1.10063478 -1.04876985 -1.01960707 -1.00496559 -1.00082139 
8.11130831e-05 -1.10063478 -1.04876985 -1.01960707 -1.00496559 -1.00082139 
6.57933225e-05 -1.10063478 -1.04876985 -1.01960707 -1.00496559 -1.00082139 
5.33669923e-05 -1.10063478 -1.04876985 -1.01960707 -1.00496559 -1.00082139 
4.32876128e-05 -1.10063478 -1.04876985 -1.01960707 -1.00496559 -1.00082139 
3.51119173e-05 -1.10063478 -1.04876985 -1.01960707 -1.00496559 -1.00082139 
2.84803587e-05 -1.10063478 -1.04876985 -1.01960707 -1.00496559 -1.00082139 
2.31012970e-05 -1.10063478 -1.04876985 -1.01960707 -1.00496559 -1.00082139 
1.87381742e-05 -1.10063478 -1.04876985 -1.01960707 -1.00496559 -1.00082139 
1.51991108e-05 -1.10063478 -1.04876985 -1.01960707 -1.00496559 -1.00082139 
1.23284674e-05 -1.10063478 -1.04876985 -1.01960707 -1.00496559 -1.00082139 
1.00000000e-05 -1.10063478 -1.04876985 -1.01960707 -1.00496559 -1.00082139 
8.11130831e-06 -1.10063478 -1.04876985 -1.01960707 -1.00496559 -1.00082139 
6.57933225e-06 -1.10063478 -1.04876985 -1.01960707 -1.00496559 -1.00082139 
5.33669923e-06 -1.10063478 -1.04876985 -1.01960707 -1.00496559 -1.00082139 
4.32876128e-06 -1.10063478 -1.04876985 -1.01960707 -1.00496559 -1.00082139 
3.51119173e-06 -1.10063478 -1.04876985 -1.01960707 -1.00496559 -1.00082139 
2.84803587e-06 -1.10063478 -1.04876985 -1.01960707 -1.00496559 -1.00082139 
2.31012970e-06 -1.10063478 -1.04876985 -1.01960707 -1.00496559 -1.00082139 
1.87381742e-06 -1.10063478 -1.04876985 -1.01960707 -1.00496559 -1.00082139 
1.51991108e-06 -1.10063478 -1.04876985 -1.01960707 -1.00496559 -1.00082139 
1.23284674e-06 -1.10063478 -1.04876985 -1.01960707 -1.00496559 -1.00082139 
1.00000000e-06 -1.10063478 -1.04876985 -1.01960707 -1.00496559 -1.00082139 
8.11130831e-07 -1.10063478 -1.04876985 -1.01960707 -1.00496559 -1.00082139 
6.57933225e-07 -1.10063478 -1.04876985 -1.01960707 -1.00496559 -1.00082139 
5.33669923e-07 -1.10063478 -1.04876985 -1.01960707 -1.00496559 -1.00082139 
4.32876128e-07 -1.10063478 -1.04876985 -1.01960707 -1.00496559 -1.00082139 
3.51119173e-07 -1.10063478 -1.04876985 -1.01960707 -1.00496559 -1.00082139 
2.84803587e-07 -1.10063478 -1.04876985 -1.01960707 -1.00496559 -1.00082139 
2.31012970e-07 -1.10063478 -1.04876985 -1.01960707 -1.00496559 -1.00082139 
1.87381742e-07 -1.10063478 -1.04876985 -1.01960707 -1.00496559 -1.00082139 
1.51991108e-07 -1.10063478 -1.04876985 -1.01960707 -1.00496559 -1.00082139 
1.23284674e-07 -1.10063478 -1.04876985 -1.01960707 -1.00496559 -1.00082139 
1.00000000e-07 -1.10063478 -1.04876985 -1.01960707 -1.00496559 -1.00082139 
P (bar) | log_CO2: -2σ | log_CO2: -1σ | log_CO2: median | log_CO2: +1σ | log_CO2: +2σ 
1.00000000e+02 -3.88711731 -3.77810518 -3.67321416 -3.58731082 -3.49555307 
8.11130831e+01 -3.88711731 -3.77810518 -3.67321416 -3.58731082 -3.49555307 
6.57933225e+01 -3.88711731 -3.77810518 -3.67321416 -3.58731082 -3.49555307 
5.33669923e+01 -3.88711731 -3.77810518 -3.67321416 -3.58731082 -3.49555307 
4.32876128e+01 -3.88711731 -3.77810518 -3.67321416 -3.58731082 -3.49555307 
3.51119173e+01 -3.88711731 -3.77810518 -3.67321416 -3.58731082 -3.49555307 
2.84803587e+01 -3.88711731 -3.77810518 -3.67321416 -3.58731082 -3.49555307 
2.31012970e+01 -3.88711731 -3.77810518 -3.67321416 -3.58731082 -3.49555307 
1.87381742e+01 -3.88711731 -3.77810518 -3.67321416 -3.58731082 -3.49555307 
1.51991108e+01 -3.88711731 -3.77810518 -3.67321416 -3.58731082 -3.49555307 
1.23284674e+01 -3.88711731 -3.77810518 -3.67321416 -3.58731082 -3.49555307 
1.00000000e+01 -3.88711731 -3.77810518 -3.67321416 -3.58731082 -3.49555307 
8.11130831e+00 -3.88711731 -3.77810518 -3.67321416 -3.58731082 -3.49555307 
6.57933225e+00 -3.88711731 -3.77810518 -3.67321416 -3.58731082 -3.49555307 
5.33669923e+00 -3.88711731 -3.77810518 -3.67321416 -3.58731082 -3.49555307 
4.32876128e+00 -3.88711731 -3.77810518 -3.67321416 -3.58731082 -3.49555307 
3.51119173e+00 -3.88711731 -3.77810518 -3.67321416 -3.58731082 -3.49555307 
2.84803587e+00 -3.88711731 -3.77810518 -3.67321416 -3.58731082 -3.49555307 
2.31012970e+00 -3.88711731 -3.77810518 -3.67321416 -3.58731082 -3.49555307 
1.87381742e+00 -3.88711731 -3.77810518 -3.67321416 -3.58731082 -3.49555307 
1.51991108e+00 -3.88711731 -3.77810518 -3.67321416 -3.58731082 -3.49555307 
1.23284674e+00 -3.88711731 -3.77810518 -3.67321416 -3.58731082 -3.49555307 
1.00000000e+00 -3.88711731 -3.77810518 -3.67321416 -3.58731082 -3.49555307 
8.11130831e-01 -3.88711731 -3.77810518 -3.67321416 -3.58731082 -3.49555307 
6.57933225e-01 -3.88711731 -3.77810518 -3.67321416 -3.58731082 -3.49555307 
5.33669923e-01 -3.88711731 -3.77810518 -3.67321416 -3.58731082 -3.49555307 
4.32876128e-01 -3.88711731 -3.77810518 -3.67321416 -3.58731082 -3.49555307 
3.51119173e-01 -3.88711731 -3.77810518 -3.67321416 -3.58731082 -3.49555307 
2.84803587e-01 -3.88711731 -3.77810518 -3.67321416 -3.58731082 -3.49555307 
2.31012970e-01 -3.88711731 -3.77810518 -3.67321416 -3.58731082 -3.49555307 
1.87381742e-01 -3.88711731 -3.77810518 -3.67321416 -3.58731082 -3.49555307 
1.51991108e-01 -3.88711731 -3.77810518 -3.67321416 -3.58731082 -3.49555307 
1.23284674e-01 -3.88711731 -3.77810518 -3.67321416 -3.58731082 -3.49555307 
1.00000000e-01 -3.88711731 -3.77810518 -3.67321416 -3.58731082 -3.49555307 
8.11130831e-02 -3.88711731 -3.77810518 -3.67321416 -3.58731082 -3.49555307 
6.57933225e-02 -3.88711731 -3.77810518 -3.67321416 -3.58731082 -3.49555307 
5.33669923e-02 -3.88711731 -3.77810518 -3.67321416 -3.58731082 -3.49555307 
4.32876128e-02 -3.88711731 -3.77810518 -3.67321416 -3.58731082 -3.49555307 
3.51119173e-02 -3.88711731 -3.77810518 -3.67321416 -3.58731082 -3.49555307 
2.84803587e-02 -3.88711731 -3.77810518 -3.67321416 -3.58731082 -3.49555307 
2.31012970e-02 -3.88711731 -3.77810518 -3.67321416 -3.58731082 -3.49555307 
1.87381742e-02 -3.88711731 -3.77810518 -3.67321416 -3.58731082 -3.49555307 
1.51991108e-02 -3.88711731 -3.77810518 -3.67321416 -3.58731082 -3.49555307 
1.23284674e-02 -3.88711731 -3.77810518 -3.67321416 -3.58731082 -3.49555307 
1.00000000e-02 -3.88711731 -3.77810518 -3.67321416 -3.58731082 -3.49555307 
8.11130831e-03 -3.88711731 -3.77810518 -3.67321416 -3.58731082 -3.49555307 
6.57933225e-03 -3.88711731 -3.77810518 -3.67321416 -3.58731082 -3.49555307 
5.33669923e-03 -3.88711731 -3.77810518 -3.67321416 -3.58731082 -3.49555307 
4.32876128e-03 -3.88711731 -3.77810518 -3.67321416 -3.58731082 -3.49555307 
3.51119173e-03 -3.88711731 -3.77810518 -3.67321416 -3.58731082 -3.49555307 
2.84803587e-03 -3.88711731 -3.77810518 -3.67321416 -3.58731082 -3.49555307 
2.31012970e-03 -3.88711731 -3.77810518 -3.67321416 -3.58731082 -3.49555307 
1.87381742e-03 -3.88711731 -3.77810518 -3.67321416 -3.58731082 -3.49555307 
1.51991108e-03 -3.88711731 -3.77810518 -3.67321416 -3.58731082 -3.49555307 
1.23284674e-03 -3.88711731 -3.77810518 -3.67321416 -3.58731082 -3.49555307 
1.00000000e-03 -3.88711731 -3.77810518 -3.67321416 -3.58731082 -3.49555307 
8.11130831e-04 -3.88711731 -3.77810518 -3.67321416 -3.58731082 -3.49555307 
6.57933225e-04 -3.88711731 -3.77810518 -3.67321416 -3.58731082 -3.49555307 
5.33669923e-04 -3.88711731 -3.77810518 -3.67321416 -3.58731082 -3.49555307 
4.32876128e-04 -3.88711731 -3.77810518 -3.67321416 -3.58731082 -3.49555307 
3.51119173e-04 -3.88711731 -3.77810518 -3.67321416 -3.58731082 -3.49555307 
2.84803587e-04 -3.88711731 -3.77810518 -3.67321416 -3.58731082 -3.49555307 
2.31012970e-04 -3.88711731 -3.77810518 -3.67321416 -3.58731082 -3.49555307 
1.87381742e-04 -3.88711731 -3.77810518 -3.67321416 -3.58731082 -3.49555307 
1.51991108e-04 -3.88711731 -3.77810518 -3.67321416 -3.58731082 -3.49555307 
1.23284674e-04 -3.88711731 -3.77810518 -3.67321416 -3.58731082 -3.49555307 
1.00000000e-04 -3.88711731 -3.77810518 -3.67321416 -3.58731082 -3.49555307 
8.11130831e-05 -3.88711731 -3.77810518 -3.67321416 -3.58731082 -3.49555307 
6.57933225e-05 -3.88711731 -3.77810518 -3.67321416 -3.58731082 -3.49555307 
5.33669923e-05 -3.88711731 -3.77810518 -3.67321416 -3.58731082 -3.49555307 
4.32876128e-05 -3.88711731 -3.77810518 -3.67321416 -3.58731082 -3.49555307 
3.51119173e-05 -3.88711731 -3.77810518 -3.67321416 -3.58731082 -3.49555307 
2.84803587e-05 -3.88711731 -3.77810518 -3.67321416 -3.58731082 -3.49555307 
2.31012970e-05 -3.88711731 -3.77810518 -3.67321416 -3.58731082 -3.49555307 
1.87381742e-05 -3.88711731 -3.77810518 -3.67321416 -3.58731082 -3.49555307 
1.51991108e-05 -3.88711731 -3.77810518 -3.67321416 -3.58731082 -3.49555307 
1.23284674e-05 -3.88711731 -3.77810518 -3.67321416 -3.58731082 -3.49555307 
1.00000000e-05 -3.88711731 -3.77810518 -3.67321416 -3.58731082 -3.49555307 
8.11130831e-06 -3.88711731 -3.77810518 -3.67321416 -3.58731082 -3.49555307 
6.57933225e-06 -3.88711731 -3.77810518 -3.67321416 -3.58731082 -3.49555307 
5.33669923e-06 -3.88711731 -3.77810518 -3.67321416 -3.58731082 -3.49555307 
4.32876128e-06 -3.88711731 -3.77810518 -3.67321416 -3.58731082 -3.49555307 
3.51119173e-06 -3.88711731 -3.77810518 -3.67321416 -3.58731082 -3.49555307 
2.84803587e-06 -3.88711731 -3.77810518 -3.67321416 -3.58731082 -3.49555307 
2.31012970e-06 -3.88711731 -3.77810518 -3.67321416 -3.58731082 -3.49555307 
1.87381742e-06 -3.88711731 -3.77810518 -3.67321416 -3.58731082 -3.49555307 
1.51991108e-06 -3.88711731 -3.77810518 -3.67321416 -3.58731082 -3.49555307 
1.23284674e-06 -3.88711731 -3.77810518 -3.67321416 -3.58731082 -3.49555307 
1.00000000e-06 -3.88711731 -3.77810518 -3.67321416 -3.58731082 -3.49555307 
8.11130831e-07 -3.88711731 -3.77810518 -3.67321416 -3.58731082 -3.49555307 
6.57933225e-07 -3.88711731 -3.77810518 -3.67321416 -3.58731082 -3.49555307 
5.33669923e-07 -3.88711731 -3.77810518 -3.67321416 -3.58731082 -3.49555307 
4.32876128e-07 -3.88711731 -3.77810518 -3.67321416 -3.58731082 -3.49555307 
3.51119173e-07 -3.88711731 -3.77810518 -3.67321416 -3.58731082 -3.49555307 
2.84803587e-07 -3.88711731 -3.77810518 -3.67321416 -3.58731082 -3.49555307 
2.31012970e-07 -3.88711731 -3.77810518 -3.67321416 -3.58731082 -3.49555307 
1.87381742e-07 -3.88711731 -3.77810518 -3.67321416 -3.58731082 -3.49555307 
1.51991108e-07 -3.88711731 -3.77810518 -3.67321416 -3.58731082 -3.49555307 
1.23284674e-07 -3.88711731 -3.77810518 -3.67321416 -3.58731082 -3.49555307 
1.00000000e-07 -3.88711731 -3.77810518 -3.67321416 -3.58731082 -3.49555307 
P (bar) | log_CO: -2σ | log_CO: -1σ | log_CO: median | log_CO: +1σ | log_CO: +2σ 
1.00000000e+02 -3.98820037 -3.89189493 -3.65856700 -3.29587133 -2.92331689 
8.11130831e+01 -3.98820037 -3.89189493 -3.65856700 -3.29587133 -2.92331689 
6.57933225e+01 -3.98820037 -3.89189493 -3.65856700 -3.29587133 -2.92331689 
5.33669923e+01 -3.98820037 -3.89189493 -3.65856700 -3.29587133 -2.92331689 
4.32876128e+01 -3.98820037 -3.89189493 -3.65856700 -3.29587133 -2.92331689 
3.51119173e+01 -3.98820037 -3.89189493 -3.65856700 -3.29587133 -2.92331689 
2.84803587e+01 -3.98820037 -3.89189493 -3.65856700 -3.29587133 -2.92331689 
2.31012970e+01 -3.98820037 -3.89189493 -3.65856700 -3.29587133 -2.92331689 
1.87381742e+01 -3.98820037 -3.89189493 -3.65856700 -3.29587133 -2.92331689 
1.51991108e+01 -3.98820037 -3.89189493 -3.65856700 -3.29587133 -2.92331689 
1.23284674e+01 -3.98820037 -3.89189493 -3.65856700 -3.29587133 -2.92331689 
1.00000000e+01 -3.98820037 -3.89189493 -3.65856700 -3.29587133 -2.92331689 
8.11130831e+00 -3.98820037 -3.89189493 -3.65856700 -3.29587133 -2.92331689 
6.57933225e+00 -3.98820037 -3.89189493 -3.65856700 -3.29587133 -2.92331689 
5.33669923e+00 -3.98820037 -3.89189493 -3.65856700 -3.29587133 -2.92331689 
4.32876128e+00 -3.98820037 -3.89189493 -3.65856700 -3.29587133 -2.92331689 
3.51119173e+00 -3.98820037 -3.89189493 -3.65856700 -3.29587133 -2.92331689 
2.84803587e+00 -3.98820037 -3.89189493 -3.65856700 -3.29587133 -2.92331689 
2.31012970e+00 -3.98820037 -3.89189493 -3.65856700 -3.29587133 -2.92331689 
1.87381742e+00 -3.98820037 -3.89189493 -3.65856700 -3.29587133 -2.92331689 
1.51991108e+00 -3.98820037 -3.89189493 -3.65856700 -3.29587133 -2.92331689 
1.23284674e+00 -3.98820037 -3.89189493 -3.65856700 -3.29587133 -2.92331689 
1.00000000e+00 -3.98820037 -3.89189493 -3.65856700 -3.29587133 -2.92331689 
8.11130831e-01 -3.98820037 -3.89189493 -3.65856700 -3.29587133 -2.92331689 
6.57933225e-01 -3.98820037 -3.89189493 -3.65856700 -3.29587133 -2.92331689 
5.33669923e-01 -3.98820037 -3.89189493 -3.65856700 -3.29587133 -2.92331689 
4.32876128e-01 -3.98820037 -3.89189493 -3.65856700 -3.29587133 -2.92331689 
3.51119173e-01 -3.98820037 -3.89189493 -3.65856700 -3.29587133 -2.92331689 
2.84803587e-01 -3.98820037 -3.89189493 -3.65856700 -3.29587133 -2.92331689 
2.31012970e-01 -3.98820037 -3.89189493 -3.65856700 -3.29587133 -2.92331689 
1.87381742e-01 -3.98820037 -3.89189493 -3.65856700 -3.29587133 -2.92331689 
1.51991108e-01 -3.98820037 -3.89189493 -3.65856700 -3.29587133 -2.92331689 
1.23284674e-01 -3.98820037 -3.89189493 -3.65856700 -3.29587133 -2.92331689 
1.00000000e-01 -3.98820037 -3.89189493 -3.65856700 -3.29587133 -2.92331689 
8.11130831e-02 -3.98820037 -3.89189493 -3.65856700 -3.29587133 -2.92331689 
6.57933225e-02 -3.98820037 -3.89189493 -3.65856700 -3.29587133 -2.92331689 
5.33669923e-02 -3.98820037 -3.89189493 -3.65856700 -3.29587133 -2.92331689 
4.32876128e-02 -3.98820037 -3.89189493 -3.65856700 -3.29587133 -2.92331689 
3.51119173e-02 -3.98820037 -3.89189493 -3.65856700 -3.29587133 -2.92331689 
2.84803587e-02 -3.98820037 -3.89189493 -3.65856700 -3.29587133 -2.92331689 
2.31012970e-02 -3.98820037 -3.89189493 -3.65856700 -3.29587133 -2.92331689 
1.87381742e-02 -3.98820037 -3.89189493 -3.65856700 -3.29587133 -2.92331689 
1.51991108e-02 -3.98820037 -3.89189493 -3.65856700 -3.29587133 -2.92331689 
1.23284674e-02 -3.98820037 -3.89189493 -3.65856700 -3.29587133 -2.92331689 
1.00000000e-02 -3.98820037 -3.89189493 -3.65856700 -3.29587133 -2.92331689 
8.11130831e-03 -3.98820037 -3.89189493 -3.65856700 -3.29587133 -2.92331689 
6.57933225e-03 -3.98820037 -3.89189493 -3.65856700 -3.29587133 -2.92331689 
5.33669923e-03 -3.98820037 -3.89189493 -3.65856700 -3.29587133 -2.92331689 
4.32876128e-03 -3.98820037 -3.89189493 -3.65856700 -3.29587133 -2.92331689 
3.51119173e-03 -3.98820037 -3.89189493 -3.65856700 -3.29587133 -2.92331689 
2.84803587e-03 -3.98820037 -3.89189493 -3.65856700 -3.29587133 -2.92331689 
2.31012970e-03 -3.98820037 -3.89189493 -3.65856700 -3.29587133 -2.92331689 
1.87381742e-03 -3.98820037 -3.89189493 -3.65856700 -3.29587133 -2.92331689 
1.51991108e-03 -3.98820037 -3.89189493 -3.65856700 -3.29587133 -2.92331689 
1.23284674e-03 -3.98820037 -3.89189493 -3.65856700 -3.29587133 -2.92331689 
1.00000000e-03 -3.98820037 -3.89189493 -3.65856700 -3.29587133 -2.92331689 
8.11130831e-04 -3.98820037 -3.89189493 -3.65856700 -3.29587133 -2.92331689 
6.57933225e-04 -3.98820037 -3.89189493 -3.65856700 -3.29587133 -2.92331689 
5.33669923e-04 -3.98820037 -3.89189493 -3.65856700 -3.29587133 -2.92331689 
4.32876128e-04 -3.98820037 -3.89189493 -3.65856700 -3.29587133 -2.92331689 
3.51119173e-04 -3.98820037 -3.89189493 -3.65856700 -3.29587133 -2.92331689 
2.84803587e-04 -3.98820037 -3.89189493 -3.65856700 -3.29587133 -2.92331689 
2.31012970e-04 -3.98820037 -3.89189493 -3.65856700 -3.29587133 -2.92331689 
1.87381742e-04 -3.98820037 -3.89189493 -3.65856700 -3.29587133 -2.92331689 
1.51991108e-04 -3.98820037 -3.89189493 -3.65856700 -3.29587133 -2.92331689 
1.23284674e-04 -3.98820037 -3.89189493 -3.65856700 -3.29587133 -2.92331689 
1.00000000e-04 -3.98820037 -3.89189493 -3.65856700 -3.29587133 -2.92331689 
8.11130831e-05 -3.98820037 -3.89189493 -3.65856700 -3.29587133 -2.92331689 
6.57933225e-05 -3.98820037 -3.89189493 -3.65856700 -3.29587133 -2.92331689 
5.33669923e-05 -3.98820037 -3.89189493 -3.65856700 -3.29587133 -2.92331689 
4.32876128e-05 -3.98820037 -3.89189493 -3.65856700 -3.29587133 -2.92331689 
3.51119173e-05 -3.98820037 -3.89189493 -3.65856700 -3.29587133 -2.92331689 
2.84803587e-05 -3.98820037 -3.89189493 -3.65856700 -3.29587133 -2.92331689 
2.31012970e-05 -3.98820037 -3.89189493 -3.65856700 -3.29587133 -2.92331689 
1.87381742e-05 -3.98820037 -3.89189493 -3.65856700 -3.29587133 -2.92331689 
1.51991108e-05 -3.98820037 -3.89189493 -3.65856700 -3.29587133 -2.92331689 
1.23284674e-05 -3.98820037 -3.89189493 -3.65856700 -3.29587133 -2.92331689 
1.00000000e-05 -3.98820037 -3.89189493 -3.65856700 -3.29587133 -2.92331689 
8.11130831e-06 -3.98820037 -3.89189493 -3.65856700 -3.29587133 -2.92331689 
6.57933225e-06 -3.98820037 -3.89189493 -3.65856700 -3.29587133 -2.92331689 
5.33669923e-06 -3.98820037 -3.89189493 -3.65856700 -3.29587133 -2.92331689 
4.32876128e-06 -3.98820037 -3.89189493 -3.65856700 -3.29587133 -2.92331689 
3.51119173e-06 -3.98820037 -3.89189493 -3.65856700 -3.29587133 -2.92331689 
2.84803587e-06 -3.98820037 -3.89189493 -3.65856700 -3.29587133 -2.92331689 
2.31012970e-06 -3.98820037 -3.89189493 -3.65856700 -3.29587133 -2.92331689 
1.87381742e-06 -3.98820037 -3.89189493 -3.65856700 -3.29587133 -2.92331689 
1.51991108e-06 -3.98820037 -3.89189493 -3.65856700 -3.29587133 -2.92331689 
1.23284674e-06 -3.98820037 -3.89189493 -3.65856700 -3.29587133 -2.92331689 
1.00000000e-06 -3.98820037 -3.89189493 -3.65856700 -3.29587133 -2.92331689 
8.11130831e-07 -3.98820037 -3.89189493 -3.65856700 -3.29587133 -2.92331689 
6.57933225e-07 -3.98820037 -3.89189493 -3.65856700 -3.29587133 -2.92331689 
5.33669923e-07 -3.98820037 -3.89189493 -3.65856700 -3.29587133 -2.92331689 
4.32876128e-07 -3.98820037 -3.89189493 -3.65856700 -3.29587133 -2.92331689 
3.51119173e-07 -3.98820037 -3.89189493 -3.65856700 -3.29587133 -2.92331689 
2.84803587e-07 -3.98820037 -3.89189493 -3.65856700 -3.29587133 -2.92331689 
2.31012970e-07 -3.98820037 -3.89189493 -3.65856700 -3.29587133 -2.92331689 
1.87381742e-07 -3.98820037 -3.89189493 -3.65856700 -3.29587133 -2.92331689 
1.51991108e-07 -3.98820037 -3.89189493 -3.65856700 -3.29587133 -2.92331689 
1.23284674e-07 -3.98820037 -3.89189493 -3.65856700 -3.29587133 -2.92331689 
1.00000000e-07 -3.98820037 -3.89189493 -3.65856700 -3.29587133 -2.92331689 
P (bar) | log_H2S: -2σ | log_H2S: -1σ | log_H2S: median | log_H2S: +1σ | log_H2S: +2σ 
1.00000000e+02 -5.45700526 -5.26189783 -4.82402185 -4.20570017 -3.72882281 
8.11130831e+01 -5.45700526 -5.26189783 -4.82402185 -4.20570017 -3.72882281 
6.57933225e+01 -5.45700526 -5.26189783 -4.82402185 -4.20570017 -3.72882281 
5.33669923e+01 -5.45700526 -5.26189783 -4.82402185 -4.20570017 -3.72882281 
4.32876128e+01 -5.45700526 -5.26189783 -4.82402185 -4.20570017 -3.72882281 
3.51119173e+01 -5.45700526 -5.26189783 -4.82402185 -4.20570017 -3.72882281 
2.84803587e+01 -5.45700526 -5.26189783 -4.82402185 -4.20570017 -3.72882281 
2.31012970e+01 -5.45700526 -5.26189783 -4.82402185 -4.20570017 -3.72882281 
1.87381742e+01 -5.45700526 -5.26189783 -4.82402185 -4.20570017 -3.72882281 
1.51991108e+01 -5.45700526 -5.26189783 -4.82402185 -4.20570017 -3.72882281 
1.23284674e+01 -5.45700526 -5.26189783 -4.82402185 -4.20570017 -3.72882281 
1.00000000e+01 -5.45700526 -5.26189783 -4.82402185 -4.20570017 -3.72882281 
8.11130831e+00 -5.45700526 -5.26189783 -4.82402185 -4.20570017 -3.72882281 
6.57933225e+00 -5.45700526 -5.26189783 -4.82402185 -4.20570017 -3.72882281 
5.33669923e+00 -5.45700526 -5.26189783 -4.82402185 -4.20570017 -3.72882281 
4.32876128e+00 -5.45700526 -5.26189783 -4.82402185 -4.20570017 -3.72882281 
3.51119173e+00 -5.45700526 -5.26189783 -4.82402185 -4.20570017 -3.72882281 
2.84803587e+00 -5.45700526 -5.26189783 -4.82402185 -4.20570017 -3.72882281 
2.31012970e+00 -5.45700526 -5.26189783 -4.82402185 -4.20570017 -3.72882281 
1.87381742e+00 -5.45700526 -5.26189783 -4.82402185 -4.20570017 -3.72882281 
1.51991108e+00 -5.45700526 -5.26189783 -4.82402185 -4.20570017 -3.72882281 
1.23284674e+00 -5.45700526 -5.26189783 -4.82402185 -4.20570017 -3.72882281 
1.00000000e+00 -5.45700526 -5.26189783 -4.82402185 -4.20570017 -3.72882281 
8.11130831e-01 -5.45700526 -5.26189783 -4.82402185 -4.20570017 -3.72882281 
6.57933225e-01 -5.45700526 -5.26189783 -4.82402185 -4.20570017 -3.72882281 
5.33669923e-01 -5.45700526 -5.26189783 -4.82402185 -4.20570017 -3.72882281 
4.32876128e-01 -5.45700526 -5.26189783 -4.82402185 -4.20570017 -3.72882281 
3.51119173e-01 -5.45700526 -5.26189783 -4.82402185 -4.20570017 -3.72882281 
2.84803587e-01 -5.45700526 -5.26189783 -4.82402185 -4.20570017 -3.72882281 
2.31012970e-01 -5.45700526 -5.26189783 -4.82402185 -4.20570017 -3.72882281 
1.87381742e-01 -5.45700526 -5.26189783 -4.82402185 -4.20570017 -3.72882281 
1.51991108e-01 -5.45700526 -5.26189783 -4.82402185 -4.20570017 -3.72882281 
1.23284674e-01 -5.45700526 -5.26189783 -4.82402185 -4.20570017 -3.72882281 
1.00000000e-01 -5.45700526 -5.26189783 -4.82402185 -4.20570017 -3.72882281 
8.11130831e-02 -5.45700526 -5.26189783 -4.82402185 -4.20570017 -3.72882281 
6.57933225e-02 -5.45700526 -5.26189783 -4.82402185 -4.20570017 -3.72882281 
5.33669923e-02 -5.45700526 -5.26189783 -4.82402185 -4.20570017 -3.72882281 
4.32876128e-02 -5.45700526 -5.26189783 -4.82402185 -4.20570017 -3.72882281 
3.51119173e-02 -5.45700526 -5.26189783 -4.82402185 -4.20570017 -3.72882281 
2.84803587e-02 -5.45700526 -5.26189783 -4.82402185 -4.20570017 -3.72882281 
2.31012970e-02 -5.45700526 -5.26189783 -4.82402185 -4.20570017 -3.72882281 
1.87381742e-02 -5.45700526 -5.26189783 -4.82402185 -4.20570017 -3.72882281 
1.51991108e-02 -5.45700526 -5.26189783 -4.82402185 -4.20570017 -3.72882281 
1.23284674e-02 -5.45700526 -5.26189783 -4.82402185 -4.20570017 -3.72882281 
1.00000000e-02 -5.45700526 -5.26189783 -4.82402185 -4.20570017 -3.72882281 
8.11130831e-03 -5.45700526 -5.26189783 -4.82402185 -4.20570017 -3.72882281 
6.57933225e-03 -5.45700526 -5.26189783 -4.82402185 -4.20570017 -3.72882281 
5.33669923e-03 -5.45700526 -5.26189783 -4.82402185 -4.20570017 -3.72882281 
4.32876128e-03 -5.45700526 -5.26189783 -4.82402185 -4.20570017 -3.72882281 
3.51119173e-03 -5.45700526 -5.26189783 -4.82402185 -4.20570017 -3.72882281 
2.84803587e-03 -5.45700526 -5.26189783 -4.82402185 -4.20570017 -3.72882281 
2.31012970e-03 -5.45700526 -5.26189783 -4.82402185 -4.20570017 -3.72882281 
1.87381742e-03 -5.45700526 -5.26189783 -4.82402185 -4.20570017 -3.72882281 
1.51991108e-03 -5.45700526 -5.26189783 -4.82402185 -4.20570017 -3.72882281 
1.23284674e-03 -5.45700526 -5.26189783 -4.82402185 -4.20570017 -3.72882281 
1.00000000e-03 -5.45700526 -5.26189783 -4.82402185 -4.20570017 -3.72882281 
8.11130831e-04 -5.45700526 -5.26189783 -4.82402185 -4.20570017 -3.72882281 
6.57933225e-04 -5.45700526 -5.26189783 -4.82402185 -4.20570017 -3.72882281 
5.33669923e-04 -5.45700526 -5.26189783 -4.82402185 -4.20570017 -3.72882281 
4.32876128e-04 -5.45700526 -5.26189783 -4.82402185 -4.20570017 -3.72882281 
3.51119173e-04 -5.45700526 -5.26189783 -4.82402185 -4.20570017 -3.72882281 
2.84803587e-04 -5.45700526 -5.26189783 -4.82402185 -4.20570017 -3.72882281 
2.31012970e-04 -5.45700526 -5.26189783 -4.82402185 -4.20570017 -3.72882281 
1.87381742e-04 -5.45700526 -5.26189783 -4.82402185 -4.20570017 -3.72882281 
1.51991108e-04 -5.45700526 -5.26189783 -4.82402185 -4.20570017 -3.72882281 
1.23284674e-04 -5.45700526 -5.26189783 -4.82402185 -4.20570017 -3.72882281 
1.00000000e-04 -5.45700526 -5.26189783 -4.82402185 -4.20570017 -3.72882281 
8.11130831e-05 -5.45700526 -5.26189783 -4.82402185 -4.20570017 -3.72882281 
6.57933225e-05 -5.45700526 -5.26189783 -4.82402185 -4.20570017 -3.72882281 
5.33669923e-05 -5.45700526 -5.26189783 -4.82402185 -4.20570017 -3.72882281 
4.32876128e-05 -5.45700526 -5.26189783 -4.82402185 -4.20570017 -3.72882281 
3.51119173e-05 -5.45700526 -5.26189783 -4.82402185 -4.20570017 -3.72882281 
2.84803587e-05 -5.45700526 -5.26189783 -4.82402185 -4.20570017 -3.72882281 
2.31012970e-05 -5.45700526 -5.26189783 -4.82402185 -4.20570017 -3.72882281 
1.87381742e-05 -5.45700526 -5.26189783 -4.82402185 -4.20570017 -3.72882281 
1.51991108e-05 -5.45700526 -5.26189783 -4.82402185 -4.20570017 -3.72882281 
1.23284674e-05 -5.45700526 -5.26189783 -4.82402185 -4.20570017 -3.72882281 
1.00000000e-05 -5.45700526 -5.26189783 -4.82402185 -4.20570017 -3.72882281 
8.11130831e-06 -5.45700526 -5.26189783 -4.82402185 -4.20570017 -3.72882281 
6.57933225e-06 -5.45700526 -5.26189783 -4.82402185 -4.20570017 -3.72882281 
5.33669923e-06 -5.45700526 -5.26189783 -4.82402185 -4.20570017 -3.72882281 
4.32876128e-06 -5.45700526 -5.26189783 -4.82402185 -4.20570017 -3.72882281 
3.51119173e-06 -5.45700526 -5.26189783 -4.82402185 -4.20570017 -3.72882281 
2.84803587e-06 -5.45700526 -5.26189783 -4.82402185 -4.20570017 -3.72882281 
2.31012970e-06 -5.45700526 -5.26189783 -4.82402185 -4.20570017 -3.72882281 
1.87381742e-06 -5.45700526 -5.26189783 -4.82402185 -4.20570017 -3.72882281 
1.51991108e-06 -5.45700526 -5.26189783 -4.82402185 -4.20570017 -3.72882281 
1.23284674e-06 -5.45700526 -5.26189783 -4.82402185 -4.20570017 -3.72882281 
1.00000000e-06 -5.45700526 -5.26189783 -4.82402185 -4.20570017 -3.72882281 
8.11130831e-07 -5.45700526 -5.26189783 -4.82402185 -4.20570017 -3.72882281 
6.57933225e-07 -5.45700526 -5.26189783 -4.82402185 -4.20570017 -3.72882281 
5.33669923e-07 -5.45700526 -5.26189783 -4.82402185 -4.20570017 -3.72882281 
4.32876128e-07 -5.45700526 -5.26189783 -4.82402185 -4.20570017 -3.72882281 
3.51119173e-07 -5.45700526 -5.26189783 -4.82402185 -4.20570017 -3.72882281 
2.84803587e-07 -5.45700526 -5.26189783 -4.82402185 -4.20570017 -3.72882281 
2.31012970e-07 -5.45700526 -5.26189783 -4.82402185 -4.20570017 -3.72882281 
1.87381742e-07 -5.45700526 -5.26189783 -4.82402185 -4.20570017 -3.72882281 
1.51991108e-07 -5.45700526 -5.26189783 -4.82402185 -4.20570017 -3.72882281 
1.23284674e-07 -5.45700526 -5.26189783 -4.82402185 -4.20570017 -3.72882281 
1.00000000e-07 -5.45700526 -5.26189783 -4.82402185 -4.20570017 -3.72882281 
P (bar) | log_NH3: -2σ | log_NH3: -1σ | log_NH3: median | log_NH3: +1σ | log_NH3: +2σ 
1.00000000e+02 -7.69879888 -5.86154222 -5.18627967 -5.04142965 -5.00736947 
8.11130831e+01 -7.69879888 -5.86154222 -5.18627967 -5.04142965 -5.00736947 
6.57933225e+01 -7.69879888 -5.86154222 -5.18627967 -5.04142965 -5.00736947 
5.33669923e+01 -7.69879888 -5.86154222 -5.18627967 -5.04142965 -5.00736947 
4.32876128e+01 -7.69879888 -5.86154222 -5.18627967 -5.04142965 -5.00736947 
3.51119173e+01 -7.69879888 -5.86154222 -5.18627967 -5.04142965 -5.00736947 
2.84803587e+01 -7.69879888 -5.86154222 -5.18627967 -5.04142965 -5.00736947 
2.31012970e+01 -7.69879888 -5.86154222 -5.18627967 -5.04142965 -5.00736947 
1.87381742e+01 -7.69879888 -5.86154222 -5.18627967 -5.04142965 -5.00736947 
1.51991108e+01 -7.69879888 -5.86154222 -5.18627967 -5.04142965 -5.00736947 
1.23284674e+01 -7.69879888 -5.86154222 -5.18627967 -5.04142965 -5.00736947 
1.00000000e+01 -7.69879888 -5.86154222 -5.18627967 -5.04142965 -5.00736947 
8.11130831e+00 -7.69879888 -5.86154222 -5.18627967 -5.04142965 -5.00736947 
6.57933225e+00 -7.69879888 -5.86154222 -5.18627967 -5.04142965 -5.00736947 
5.33669923e+00 -7.69879888 -5.86154222 -5.18627967 -5.04142965 -5.00736947 
4.32876128e+00 -7.69879888 -5.86154222 -5.18627967 -5.04142965 -5.00736947 
3.51119173e+00 -7.69879888 -5.86154222 -5.18627967 -5.04142965 -5.00736947 
2.84803587e+00 -7.69879888 -5.86154222 -5.18627967 -5.04142965 -5.00736947 
2.31012970e+00 -7.69879888 -5.86154222 -5.18627967 -5.04142965 -5.00736947 
1.87381742e+00 -7.69879888 -5.86154222 -5.18627967 -5.04142965 -5.00736947 
1.51991108e+00 -7.69879888 -5.86154222 -5.18627967 -5.04142965 -5.00736947 
1.23284674e+00 -7.69879888 -5.86154222 -5.18627967 -5.04142965 -5.00736947 
1.00000000e+00 -7.69879888 -5.86154222 -5.18627967 -5.04142965 -5.00736947 
8.11130831e-01 -7.69879888 -5.86154222 -5.18627967 -5.04142965 -5.00736947 
6.57933225e-01 -7.69879888 -5.86154222 -5.18627967 -5.04142965 -5.00736947 
5.33669923e-01 -7.69879888 -5.86154222 -5.18627967 -5.04142965 -5.00736947 
4.32876128e-01 -7.69879888 -5.86154222 -5.18627967 -5.04142965 -5.00736947 
3.51119173e-01 -7.69879888 -5.86154222 -5.18627967 -5.04142965 -5.00736947 
2.84803587e-01 -7.69879888 -5.86154222 -5.18627967 -5.04142965 -5.00736947 
2.31012970e-01 -7.69879888 -5.86154222 -5.18627967 -5.04142965 -5.00736947 
1.87381742e-01 -7.69879888 -5.86154222 -5.18627967 -5.04142965 -5.00736947 
1.51991108e-01 -7.69879888 -5.86154222 -5.18627967 -5.04142965 -5.00736947 
1.23284674e-01 -7.69879888 -5.86154222 -5.18627967 -5.04142965 -5.00736947 
1.00000000e-01 -7.69879888 -5.86154222 -5.18627967 -5.04142965 -5.00736947 
8.11130831e-02 -7.69879888 -5.86154222 -5.18627967 -5.04142965 -5.00736947 
6.57933225e-02 -7.69879888 -5.86154222 -5.18627967 -5.04142965 -5.00736947 
5.33669923e-02 -7.69879888 -5.86154222 -5.18627967 -5.04142965 -5.00736947 
4.32876128e-02 -7.69879888 -5.86154222 -5.18627967 -5.04142965 -5.00736947 
3.51119173e-02 -7.69879888 -5.86154222 -5.18627967 -5.04142965 -5.00736947 
2.84803587e-02 -7.69879888 -5.86154222 -5.18627967 -5.04142965 -5.00736947 
2.31012970e-02 -7.69879888 -5.86154222 -5.18627967 -5.04142965 -5.00736947 
1.87381742e-02 -7.69879888 -5.86154222 -5.18627967 -5.04142965 -5.00736947 
1.51991108e-02 -7.69879888 -5.86154222 -5.18627967 -5.04142965 -5.00736947 
1.23284674e-02 -7.69879888 -5.86154222 -5.18627967 -5.04142965 -5.00736947 
1.00000000e-02 -7.69879888 -5.86154222 -5.18627967 -5.04142965 -5.00736947 
8.11130831e-03 -7.69879888 -5.86154222 -5.18627967 -5.04142965 -5.00736947 
6.57933225e-03 -7.69879888 -5.86154222 -5.18627967 -5.04142965 -5.00736947 
5.33669923e-03 -7.69879888 -5.86154222 -5.18627967 -5.04142965 -5.00736947 
4.32876128e-03 -7.69879888 -5.86154222 -5.18627967 -5.04142965 -5.00736947 
3.51119173e-03 -7.69879888 -5.86154222 -5.18627967 -5.04142965 -5.00736947 
2.84803587e-03 -7.69879888 -5.86154222 -5.18627967 -5.04142965 -5.00736947 
2.31012970e-03 -7.69879888 -5.86154222 -5.18627967 -5.04142965 -5.00736947 
1.87381742e-03 -7.69879888 -5.86154222 -5.18627967 -5.04142965 -5.00736947 
1.51991108e-03 -7.69879888 -5.86154222 -5.18627967 -5.04142965 -5.00736947 
1.23284674e-03 -7.69879888 -5.86154222 -5.18627967 -5.04142965 -5.00736947 
1.00000000e-03 -7.69879888 -5.86154222 -5.18627967 -5.04142965 -5.00736947 
8.11130831e-04 -7.69879888 -5.86154222 -5.18627967 -5.04142965 -5.00736947 
6.57933225e-04 -7.69879888 -5.86154222 -5.18627967 -5.04142965 -5.00736947 
5.33669923e-04 -7.69879888 -5.86154222 -5.18627967 -5.04142965 -5.00736947 
4.32876128e-04 -7.69879888 -5.86154222 -5.18627967 -5.04142965 -5.00736947 
3.51119173e-04 -7.69879888 -5.86154222 -5.18627967 -5.04142965 -5.00736947 
2.84803587e-04 -7.69879888 -5.86154222 -5.18627967 -5.04142965 -5.00736947 
2.31012970e-04 -7.69879888 -5.86154222 -5.18627967 -5.04142965 -5.00736947 
1.87381742e-04 -7.69879888 -5.86154222 -5.18627967 -5.04142965 -5.00736947 
1.51991108e-04 -7.69879888 -5.86154222 -5.18627967 -5.04142965 -5.00736947 
1.23284674e-04 -7.69879888 -5.86154222 -5.18627967 -5.04142965 -5.00736947 
1.00000000e-04 -7.69879888 -5.86154222 -5.18627967 -5.04142965 -5.00736947 
8.11130831e-05 -7.69879888 -5.86154222 -5.18627967 -5.04142965 -5.00736947 
6.57933225e-05 -7.69879888 -5.86154222 -5.18627967 -5.04142965 -5.00736947 
5.33669923e-05 -7.69879888 -5.86154222 -5.18627967 -5.04142965 -5.00736947 
4.32876128e-05 -7.69879888 -5.86154222 -5.18627967 -5.04142965 -5.00736947 
3.51119173e-05 -7.69879888 -5.86154222 -5.18627967 -5.04142965 -5.00736947 
2.84803587e-05 -7.69879888 -5.86154222 -5.18627967 -5.04142965 -5.00736947 
2.31012970e-05 -7.69879888 -5.86154222 -5.18627967 -5.04142965 -5.00736947 
1.87381742e-05 -7.69879888 -5.86154222 -5.18627967 -5.04142965 -5.00736947 
1.51991108e-05 -7.69879888 -5.86154222 -5.18627967 -5.04142965 -5.00736947 
1.23284674e-05 -7.69879888 -5.86154222 -5.18627967 -5.04142965 -5.00736947 
1.00000000e-05 -7.69879888 -5.86154222 -5.18627967 -5.04142965 -5.00736947 
8.11130831e-06 -7.69879888 -5.86154222 -5.18627967 -5.04142965 -5.00736947 
6.57933225e-06 -7.69879888 -5.86154222 -5.18627967 -5.04142965 -5.00736947 
5.33669923e-06 -7.69879888 -5.86154222 -5.18627967 -5.04142965 -5.00736947 
4.32876128e-06 -7.69879888 -5.86154222 -5.18627967 -5.04142965 -5.00736947 
3.51119173e-06 -7.69879888 -5.86154222 -5.18627967 -5.04142965 -5.00736947 
2.84803587e-06 -7.69879888 -5.86154222 -5.18627967 -5.04142965 -5.00736947 
2.31012970e-06 -7.69879888 -5.86154222 -5.18627967 -5.04142965 -5.00736947 
1.87381742e-06 -7.69879888 -5.86154222 -5.18627967 -5.04142965 -5.00736947 
1.51991108e-06 -7.69879888 -5.86154222 -5.18627967 -5.04142965 -5.00736947 
1.23284674e-06 -7.69879888 -5.86154222 -5.18627967 -5.04142965 -5.00736947 
1.00000000e-06 -7.69879888 -5.86154222 -5.18627967 -5.04142965 -5.00736947 
8.11130831e-07 -7.69879888 -5.86154222 -5.18627967 -5.04142965 -5.00736947 
6.57933225e-07 -7.69879888 -5.86154222 -5.18627967 -5.04142965 -5.00736947 
5.33669923e-07 -7.69879888 -5.86154222 -5.18627967 -5.04142965 -5.00736947 
4.32876128e-07 -7.69879888 -5.86154222 -5.18627967 -5.04142965 -5.00736947 
3.51119173e-07 -7.69879888 -5.86154222 -5.18627967 -5.04142965 -5.00736947 
2.84803587e-07 -7.69879888 -5.86154222 -5.18627967 -5.04142965 -5.00736947 
2.31012970e-07 -7.69879888 -5.86154222 -5.18627967 -5.04142965 -5.00736947 
1.87381742e-07 -7.69879888 -5.86154222 -5.18627967 -5.04142965 -5.00736947 
1.51991108e-07 -7.69879888 -5.86154222 -5.18627967 -5.04142965 -5.00736947 
1.23284674e-07 -7.69879888 -5.86154222 -5.18627967 -5.04142965 -5.00736947 
1.00000000e-07 -7.69879888 -5.86154222 -5.18627967 -5.04142965 -5.00736947 
P (bar) | log_CH4: -2σ | log_CH4: -1σ | log_CH4: median | log_CH4: +1σ | log_CH4: +2σ 
1.00000000e+02 -5.60520408 -5.42479091 -5.28061285 -5.13460081 -5.02896728 
8.11130831e+01 -5.60520408 -5.42479091 -5.28061285 -5.13460081 -5.02896728 
6.57933225e+01 -5.60520408 -5.42479091 -5.28061285 -5.13460081 -5.02896728 
5.33669923e+01 -5.60520408 -5.42479091 -5.28061285 -5.13460081 -5.02896728 
4.32876128e+01 -5.60520408 -5.42479091 -5.28061285 -5.13460081 -5.02896728 
3.51119173e+01 -5.60520408 -5.42479091 -5.28061285 -5.13460081 -5.02896728 
2.84803587e+01 -5.60520408 -5.42479091 -5.28061285 -5.13460081 -5.02896728 
2.31012970e+01 -5.60520408 -5.42479091 -5.28061285 -5.13460081 -5.02896728 
1.87381742e+01 -5.60520408 -5.42479091 -5.28061285 -5.13460081 -5.02896728 
1.51991108e+01 -5.60520408 -5.42479091 -5.28061285 -5.13460081 -5.02896728 
1.23284674e+01 -5.60520408 -5.42479091 -5.28061285 -5.13460081 -5.02896728 
1.00000000e+01 -5.60520408 -5.42479091 -5.28061285 -5.13460081 -5.02896728 
8.11130831e+00 -5.60520408 -5.42479091 -5.28061285 -5.13460081 -5.02896728 
6.57933225e+00 -5.60520408 -5.42479091 -5.28061285 -5.13460081 -5.02896728 
5.33669923e+00 -5.60520408 -5.42479091 -5.28061285 -5.13460081 -5.02896728 
4.32876128e+00 -5.60520408 -5.42479091 -5.28061285 -5.13460081 -5.02896728 
3.51119173e+00 -5.60520408 -5.42479091 -5.28061285 -5.13460081 -5.02896728 
2.84803587e+00 -5.60520408 -5.42479091 -5.28061285 -5.13460081 -5.02896728 
2.31012970e+00 -5.60520408 -5.42479091 -5.28061285 -5.13460081 -5.02896728 
1.87381742e+00 -5.60520408 -5.42479091 -5.28061285 -5.13460081 -5.02896728 
1.51991108e+00 -5.60520408 -5.42479091 -5.28061285 -5.13460081 -5.02896728 
1.23284674e+00 -5.60520408 -5.42479091 -5.28061285 -5.13460081 -5.02896728 
1.00000000e+00 -5.60520408 -5.42479091 -5.28061285 -5.13460081 -5.02896728 
8.11130831e-01 -5.60520408 -5.42479091 -5.28061285 -5.13460081 -5.02896728 
6.57933225e-01 -5.60520408 -5.42479091 -5.28061285 -5.13460081 -5.02896728 
5.33669923e-01 -5.60520408 -5.42479091 -5.28061285 -5.13460081 -5.02896728 
4.32876128e-01 -5.60520408 -5.42479091 -5.28061285 -5.13460081 -5.02896728 
3.51119173e-01 -5.60520408 -5.42479091 -5.28061285 -5.13460081 -5.02896728 
2.84803587e-01 -5.60520408 -5.42479091 -5.28061285 -5.13460081 -5.02896728 
2.31012970e-01 -5.60520408 -5.42479091 -5.28061285 -5.13460081 -5.02896728 
1.87381742e-01 -5.60520408 -5.42479091 -5.28061285 -5.13460081 -5.02896728 
1.51991108e-01 -5.60520408 -5.42479091 -5.28061285 -5.13460081 -5.02896728 
1.23284674e-01 -5.60520408 -5.42479091 -5.28061285 -5.13460081 -5.02896728 
1.00000000e-01 -5.60520408 -5.42479091 -5.28061285 -5.13460081 -5.02896728 
8.11130831e-02 -5.60520408 -5.42479091 -5.28061285 -5.13460081 -5.02896728 
6.57933225e-02 -5.60520408 -5.42479091 -5.28061285 -5.13460081 -5.02896728 
5.33669923e-02 -5.60520408 -5.42479091 -5.28061285 -5.13460081 -5.02896728 
4.32876128e-02 -5.60520408 -5.42479091 -5.28061285 -5.13460081 -5.02896728 
3.51119173e-02 -5.60520408 -5.42479091 -5.28061285 -5.13460081 -5.02896728 
2.84803587e-02 -5.60520408 -5.42479091 -5.28061285 -5.13460081 -5.02896728 
2.31012970e-02 -5.60520408 -5.42479091 -5.28061285 -5.13460081 -5.02896728 
1.87381742e-02 -5.60520408 -5.42479091 -5.28061285 -5.13460081 -5.02896728 
1.51991108e-02 -5.60520408 -5.42479091 -5.28061285 -5.13460081 -5.02896728 
1.23284674e-02 -5.60520408 -5.42479091 -5.28061285 -5.13460081 -5.02896728 
1.00000000e-02 -5.60520408 -5.42479091 -5.28061285 -5.13460081 -5.02896728 
8.11130831e-03 -5.60520408 -5.42479091 -5.28061285 -5.13460081 -5.02896728 
6.57933225e-03 -5.60520408 -5.42479091 -5.28061285 -5.13460081 -5.02896728 
5.33669923e-03 -5.60520408 -5.42479091 -5.28061285 -5.13460081 -5.02896728 
4.32876128e-03 -5.60520408 -5.42479091 -5.28061285 -5.13460081 -5.02896728 
3.51119173e-03 -5.60520408 -5.42479091 -5.28061285 -5.13460081 -5.02896728 
2.84803587e-03 -5.60520408 -5.42479091 -5.28061285 -5.13460081 -5.02896728 
2.31012970e-03 -5.60520408 -5.42479091 -5.28061285 -5.13460081 -5.02896728 
1.87381742e-03 -5.60520408 -5.42479091 -5.28061285 -5.13460081 -5.02896728 
1.51991108e-03 -5.60520408 -5.42479091 -5.28061285 -5.13460081 -5.02896728 
1.23284674e-03 -5.60520408 -5.42479091 -5.28061285 -5.13460081 -5.02896728 
1.00000000e-03 -5.60520408 -5.42479091 -5.28061285 -5.13460081 -5.02896728 
8.11130831e-04 -5.60520408 -5.42479091 -5.28061285 -5.13460081 -5.02896728 
6.57933225e-04 -5.60520408 -5.42479091 -5.28061285 -5.13460081 -5.02896728 
5.33669923e-04 -5.60520408 -5.42479091 -5.28061285 -5.13460081 -5.02896728 
4.32876128e-04 -5.60520408 -5.42479091 -5.28061285 -5.13460081 -5.02896728 
3.51119173e-04 -5.60520408 -5.42479091 -5.28061285 -5.13460081 -5.02896728 
2.84803587e-04 -5.60520408 -5.42479091 -5.28061285 -5.13460081 -5.02896728 
2.31012970e-04 -5.60520408 -5.42479091 -5.28061285 -5.13460081 -5.02896728 
1.87381742e-04 -5.60520408 -5.42479091 -5.28061285 -5.13460081 -5.02896728 
1.51991108e-04 -5.60520408 -5.42479091 -5.28061285 -5.13460081 -5.02896728 
1.23284674e-04 -5.60520408 -5.42479091 -5.28061285 -5.13460081 -5.02896728 
1.00000000e-04 -5.60520408 -5.42479091 -5.28061285 -5.13460081 -5.02896728 
8.11130831e-05 -5.60520408 -5.42479091 -5.28061285 -5.13460081 -5.02896728 
6.57933225e-05 -5.60520408 -5.42479091 -5.28061285 -5.13460081 -5.02896728 
5.33669923e-05 -5.60520408 -5.42479091 -5.28061285 -5.13460081 -5.02896728 
4.32876128e-05 -5.60520408 -5.42479091 -5.28061285 -5.13460081 -5.02896728 
3.51119173e-05 -5.60520408 -5.42479091 -5.28061285 -5.13460081 -5.02896728 
2.84803587e-05 -5.60520408 -5.42479091 -5.28061285 -5.13460081 -5.02896728 
2.31012970e-05 -5.60520408 -5.42479091 -5.28061285 -5.13460081 -5.02896728 
1.87381742e-05 -5.60520408 -5.42479091 -5.28061285 -5.13460081 -5.02896728 
1.51991108e-05 -5.60520408 -5.42479091 -5.28061285 -5.13460081 -5.02896728 
1.23284674e-05 -5.60520408 -5.42479091 -5.28061285 -5.13460081 -5.02896728 
1.00000000e-05 -5.60520408 -5.42479091 -5.28061285 -5.13460081 -5.02896728 
8.11130831e-06 -5.60520408 -5.42479091 -5.28061285 -5.13460081 -5.02896728 
6.57933225e-06 -5.60520408 -5.42479091 -5.28061285 -5.13460081 -5.02896728 
5.33669923e-06 -5.60520408 -5.42479091 -5.28061285 -5.13460081 -5.02896728 
4.32876128e-06 -5.60520408 -5.42479091 -5.28061285 -5.13460081 -5.02896728 
3.51119173e-06 -5.60520408 -5.42479091 -5.28061285 -5.13460081 -5.02896728 
2.84803587e-06 -5.60520408 -5.42479091 -5.28061285 -5.13460081 -5.02896728 
2.31012970e-06 -5.60520408 -5.42479091 -5.28061285 -5.13460081 -5.02896728 
1.87381742e-06 -5.60520408 -5.42479091 -5.28061285 -5.13460081 -5.02896728 
1.51991108e-06 -5.60520408 -5.42479091 -5.28061285 -5.13460081 -5.02896728 
1.23284674e-06 -5.60520408 -5.42479091 -5.28061285 -5.13460081 -5.02896728 
1.00000000e-06 -5.60520408 -5.42479091 -5.28061285 -5.13460081 -5.02896728 
8.11130831e-07 -5.60520408 -5.42479091 -5.28061285 -5.13460081 -5.02896728 
6.57933225e-07 -5.60520408 -5.42479091 -5.28061285 -5.13460081 -5.02896728 
5.33669923e-07 -5.60520408 -5.42479091 -5.28061285 -5.13460081 -5.02896728 
4.32876128e-07 -5.60520408 -5.42479091 -5.28061285 -5.13460081 -5.02896728 
3.51119173e-07 -5.60520408 -5.42479091 -5.28061285 -5.13460081 -5.02896728 
2.84803587e-07 -5.60520408 -5.42479091 -5.28061285 -5.13460081 -5.02896728 
2.31012970e-07 -5.60520408 -5.42479091 -5.28061285 -5.13460081 -5.02896728 
1.87381742e-07 -5.60520408 -5.42479091 -5.28061285 -5.13460081 -5.02896728 
1.51991108e-07 -5.60520408 -5.42479091 -5.28061285 -5.13460081 -5.02896728 
1.23284674e-07 -5.60520408 -5.42479091 -5.28061285 -5.13460081 -5.02896728 
1.00000000e-07 -5.60520408 -5.42479091 -5.28061285 -5.13460081 -5.02896728 
