Chemical species: H2 He H2O CO2 SO2 CO H2S NH3
P (bar) | log_H2: -2σ | log_H2: -1σ | log_H2: median | log_H2: +1σ | log_H2: +2σ 
1.00000000e+02 -0.11399416 -0.11341336 -0.11157491 -0.10763527 -0.10235812 
8.11130831e+01 -0.11399416 -0.11341336 -0.11157491 -0.10763527 -0.10235812 
6.57933225e+01 -0.11399416 -0.11341336 -0.11157491 -0.10763527 -0.10235812 
5.33669923e+01 -0.11399416 -0.11341336 -0.11157491 -0.10763527 -0.10235812 
4.32876128e+01 -0.11399416 -0.11341336 -0.11157491 -0.10763527 -0.10235812 
3.51119173e+01 -0.11399416 -0.11341336 -0.11157491 -0.10763527 -0.10235812 
2.84803587e+01 -0.11399416 -0.11341336 -0.11157491 -0.10763527 -0.10235812 
2.31012970e+01 -0.11399416 -0.11341336 -0.11157491 -0.10763527 -0.10235812 
1.87381742e+01 -0.11399416 -0.11341336 -0.11157491 -0.10763527 -0.10235812 
1.51991108e+01 -0.11399416 -0.11341336 -0.11157491 -0.10763527 -0.10235812 
1.23284674e+01 -0.11399416 -0.11341336 -0.11157491 -0.10763527 -0.10235812 
1.00000000e+01 -0.11399416 -0.11341336 -0.11157491 -0.10763527 -0.10235812 
8.11130831e+00 -0.11399416 -0.11341336 -0.11157491 -0.10763527 -0.10235812 
6.57933225e+00 -0.11399416 -0.11341336 -0.11157491 -0.10763527 -0.10235812 
5.33669923e+00 -0.11399416 -0.11341336 -0.11157491 -0.10763527 -0.10235812 
4.32876128e+00 -0.11399416 -0.11341336 -0.11157491 -0.10763527 -0.10235812 
3.51119173e+00 -0.11399416 -0.11341336 -0.11157491 -0.10763527 -0.10235812 
2.84803587e+00 -0.11399416 -0.11341336 -0.11157491 -0.10763527 -0.10235812 
2.31012970e+00 -0.11399416 -0.11341336 -0.11157491 -0.10763527 -0.10235812 
1.87381742e+00 -0.11399416 -0.11341336 -0.11157491 -0.10763527 -0.10235812 
1.51991108e+00 -0.11399416 -0.11341336 -0.11157491 -0.10763527 -0.10235812 
1.23284674e+00 -0.11399416 -0.11341336 -0.11157491 -0.10763527 -0.10235812 
1.00000000e+00 -0.11399416 -0.11341336 -0.11157491 -0.10763527 -0.10235812 
8.11130831e-01 -0.11399416 -0.11341336 -0.11157491 -0.10763527 -0.10235812 
6.57933225e-01 -0.11399416 -0.11341336 -0.11157491 -0.10763527 -0.10235812 
5.33669923e-01 -0.11399416 -0.11341336 -0.11157491 -0.10763527 -0.10235812 
4.32876128e-01 -0.11399416 -0.11341336 -0.11157491 -0.10763527 -0.10235812 
3.51119173e-01 -0.11399416 -0.11341336 -0.11157491 -0.10763527 -0.10235812 
2.84803587e-01 -0.11399416 -0.11341336 -0.11157491 -0.10763527 -0.10235812 
2.31012970e-01 -0.11399416 -0.11341336 -0.11157491 -0.10763527 -0.10235812 
1.87381742e-01 -0.11399416 -0.11341336 -0.11157491 -0.10763527 -0.10235812 
1.51991108e-01 -0.11399416 -0.11341336 -0.11157491 -0.10763527 -0.10235812 
1.23284674e-01 -0.11399416 -0.11341336 -0.11157491 -0.10763527 -0.10235812 
1.00000000e-01 -0.11399416 -0.11341336 -0.11157491 -0.10763527 -0.10235812 
8.11130831e-02 -0.11399416 -0.11341336 -0.11157491 -0.10763527 -0.10235812 
6.57933225e-02 -0.11399416 -0.11341336 -0.11157491 -0.10763527 -0.10235812 
5.33669923e-02 -0.11399416 -0.11341336 -0.11157491 -0.10763527 -0.10235812 
4.32876128e-02 -0.11399416 -0.11341336 -0.11157491 -0.10763527 -0.10235812 
3.51119173e-02 -0.11399416 -0.11341336 -0.11157491 -0.10763527 -0.10235812 
2.84803587e-02 -0.11399416 -0.11341336 -0.11157491 -0.10763527 -0.10235812 
2.31012970e-02 -0.11399416 -0.11341336 -0.11157491 -0.10763527 -0.10235812 
1.87381742e-02 -0.11399416 -0.11341336 -0.11157491 -0.10763527 -0.10235812 
1.51991108e-02 -0.11399416 -0.11341336 -0.11157491 -0.10763527 -0.10235812 
1.23284674e-02 -0.11399416 -0.11341336 -0.11157491 -0.10763527 -0.10235812 
1.00000000e-02 -0.11399416 -0.11341336 -0.11157491 -0.10763527 -0.10235812 
8.11130831e-03 -0.11399416 -0.11341336 -0.11157491 -0.10763527 -0.10235812 
6.57933225e-03 -0.11399416 -0.11341336 -0.11157491 -0.10763527 -0.10235812 
5.33669923e-03 -0.11399416 -0.11341336 -0.11157491 -0.10763527 -0.10235812 
4.32876128e-03 -0.11399416 -0.11341336 -0.11157491 -0.10763527 -0.10235812 
3.51119173e-03 -0.11399416 -0.11341336 -0.11157491 -0.10763527 -0.10235812 
2.84803587e-03 -0.11399416 -0.11341336 -0.11157491 -0.10763527 -0.10235812 
2.31012970e-03 -0.11399416 -0.11341336 -0.11157491 -0.10763527 -0.10235812 
1.87381742e-03 -0.11399416 -0.11341336 -0.11157491 -0.10763527 -0.10235812 
1.51991108e-03 -0.11399416 -0.11341336 -0.11157491 -0.10763527 -0.10235812 
1.23284674e-03 -0.11399416 -0.11341336 -0.11157491 -0.10763527 -0.10235812 
1.00000000e-03 -0.11399416 -0.11341336 -0.11157491 -0.10763527 -0.10235812 
8.11130831e-04 -0.11399416 -0.11341336 -0.11157491 -0.10763527 -0.10235812 
6.57933225e-04 -0.11399416 -0.11341336 -0.11157491 -0.10763527 -0.10235812 
5.33669923e-04 -0.11399416 -0.11341336 -0.11157491 -0.10763527 -0.10235812 
4.32876128e-04 -0.11399416 -0.11341336 -0.11157491 -0.10763527 -0.10235812 
3.51119173e-04 -0.11399416 -0.11341336 -0.11157491 -0.10763527 -0.10235812 
2.84803587e-04 -0.11399416 -0.11341336 -0.11157491 -0.10763527 -0.10235812 
2.31012970e-04 -0.11399416 -0.11341336 -0.11157491 -0.10763527 -0.10235812 
1.87381742e-04 -0.11399416 -0.11341336 -0.11157491 -0.10763527 -0.10235812 
1.51991108e-04 -0.11399416 -0.11341336 -0.11157491 -0.10763527 -0.10235812 
1.23284674e-04 -0.11399416 -0.11341336 -0.11157491 -0.10763527 -0.10235812 
1.00000000e-04 -0.11399416 -0.11341336 -0.11157491 -0.10763527 -0.10235812 
8.11130831e-05 -0.11399416 -0.11341336 -0.11157491 -0.10763527 -0.10235812 
6.57933225e-05 -0.11399416 -0.11341336 -0.11157491 -0.10763527 -0.10235812 
5.33669923e-05 -0.11399416 -0.11341336 -0.11157491 -0.10763527 -0.10235812 
4.32876128e-05 -0.11399416 -0.11341336 -0.11157491 -0.10763527 -0.10235812 
3.51119173e-05 -0.11399416 -0.11341336 -0.11157491 -0.10763527 -0.10235812 
2.84803587e-05 -0.11399416 -0.11341336 -0.11157491 -0.10763527 -0.10235812 
2.31012970e-05 -0.11399416 -0.11341336 -0.11157491 -0.10763527 -0.10235812 
1.87381742e-05 -0.11399416 -0.11341336 -0.11157491 -0.10763527 -0.10235812 
1.51991108e-05 -0.11399416 -0.11341336 -0.11157491 -0.10763527 -0.10235812 
1.23284674e-05 -0.11399416 -0.11341336 -0.11157491 -0.10763527 -0.10235812 
1.00000000e-05 -0.11399416 -0.11341336 -0.11157491 -0.10763527 -0.10235812 
8.11130831e-06 -0.11399416 -0.11341336 -0.11157491 -0.10763527 -0.10235812 
6.57933225e-06 -0.11399416 -0.11341336 -0.11157491 -0.10763527 -0.10235812 
5.33669923e-06 -0.11399416 -0.11341336 -0.11157491 -0.10763527 -0.10235812 
4.32876128e-06 -0.11399416 -0.11341336 -0.11157491 -0.10763527 -0.10235812 
3.51119173e-06 -0.11399416 -0.11341336 -0.11157491 -0.10763527 -0.10235812 
2.84803587e-06 -0.11399416 -0.11341336 -0.11157491 -0.10763527 -0.10235812 
2.31012970e-06 -0.11399416 -0.11341336 -0.11157491 -0.10763527 -0.10235812 
1.87381742e-06 -0.11399416 -0.11341336 -0.11157491 -0.10763527 -0.10235812 
1.51991108e-06 -0.11399416 -0.11341336 -0.11157491 -0.10763527 -0.10235812 
1.23284674e-06 -0.11399416 -0.11341336 -0.11157491 -0.10763527 -0.10235812 
1.00000000e-06 -0.11399416 -0.11341336 -0.11157491 -0.10763527 -0.10235812 
8.11130831e-07 -0.11399416 -0.11341336 -0.11157491 -0.10763527 -0.10235812 
6.57933225e-07 -0.11399416 -0.11341336 -0.11157491 -0.10763527 -0.10235812 
5.33669923e-07 -0.11399416 -0.11341336 -0.11157491 -0.10763527 -0.10235812 
4.32876128e-07 -0.11399416 -0.11341336 -0.11157491 -0.10763527 -0.10235812 
3.51119173e-07 -0.11399416 -0.11341336 -0.11157491 -0.10763527 -0.10235812 
2.84803587e-07 -0.11399416 -0.11341336 -0.11157491 -0.10763527 -0.10235812 
2.31012970e-07 -0.11399416 -0.11341336 -0.11157491 -0.10763527 -0.10235812 
1.87381742e-07 -0.11399416 -0.11341336 -0.11157491 -0.10763527 -0.10235812 
1.51991108e-07 -0.11399416 -0.11341336 -0.11157491 -0.10763527 -0.10235812 
1.23284674e-07 -0.11399416 -0.11341336 -0.11157491 -0.10763527 -0.10235812 
1.00000000e-07 -0.11399416 -0.11341336 -0.11157491 -0.10763527 -0.10235812 
P (bar) | log_He: -2σ | log_He: -1σ | log_He: median | log_He: +1σ | log_He: +2σ 
1.00000000e+02 -0.88354523 -0.88296444 -0.88112599 -0.87718635 -0.87190920 
8.11130831e+01 -0.88354523 -0.88296444 -0.88112599 -0.87718635 -0.87190920 
6.57933225e+01 -0.88354523 -0.88296444 -0.88112599 -0.87718635 -0.87190920 
5.33669923e+01 -0.88354523 -0.88296444 -0.88112599 -0.87718635 -0.87190920 
4.32876128e+01 -0.88354523 -0.88296444 -0.88112599 -0.87718635 -0.87190920 
3.51119173e+01 -0.88354523 -0.88296444 -0.88112599 -0.87718635 -0.87190920 
2.84803587e+01 -0.88354523 -0.88296444 -0.88112599 -0.87718635 -0.87190920 
2.31012970e+01 -0.88354523 -0.88296444 -0.88112599 -0.87718635 -0.87190920 
1.87381742e+01 -0.88354523 -0.88296444 -0.88112599 -0.87718635 -0.87190920 
1.51991108e+01 -0.88354523 -0.88296444 -0.88112599 -0.87718635 -0.87190920 
1.23284674e+01 -0.88354523 -0.88296444 -0.88112599 -0.87718635 -0.87190920 
1.00000000e+01 -0.88354523 -0.88296444 -0.88112599 -0.87718635 -0.87190920 
8.11130831e+00 -0.88354523 -0.88296444 -0.88112599 -0.87718635 -0.87190920 
6.57933225e+00 -0.88354523 -0.88296444 -0.88112599 -0.87718635 -0.87190920 
5.33669923e+00 -0.88354523 -0.88296444 -0.88112599 -0.87718635 -0.87190920 
4.32876128e+00 -0.88354523 -0.88296444 -0.88112599 -0.87718635 -0.87190920 
3.51119173e+00 -0.88354523 -0.88296444 -0.88112599 -0.87718635 -0.87190920 
2.84803587e+00 -0.88354523 -0.88296444 -0.88112599 -0.87718635 -0.87190920 
2.31012970e+00 -0.88354523 -0.88296444 -0.88112599 -0.87718635 -0.87190920 
1.87381742e+00 -0.88354523 -0.88296444 -0.88112599 -0.87718635 -0.87190920 
1.51991108e+00 -0.88354523 -0.88296444 -0.88112599 -0.87718635 -0.87190920 
1.23284674e+00 -0.88354523 -0.88296444 -0.88112599 -0.87718635 -0.87190920 
1.00000000e+00 -0.88354523 -0.88296444 -0.88112599 -0.87718635 -0.87190920 
8.11130831e-01 -0.88354523 -0.88296444 -0.88112599 -0.87718635 -0.87190920 
6.57933225e-01 -0.88354523 -0.88296444 -0.88112599 -0.87718635 -0.87190920 
5.33669923e-01 -0.88354523 -0.88296444 -0.88112599 -0.87718635 -0.87190920 
4.32876128e-01 -0.88354523 -0.88296444 -0.88112599 -0.87718635 -0.87190920 
3.51119173e-01 -0.88354523 -0.88296444 -0.88112599 -0.87718635 -0.87190920 
2.84803587e-01 -0.88354523 -0.88296444 -0.88112599 -0.87718635 -0.87190920 
2.31012970e-01 -0.88354523 -0.88296444 -0.88112599 -0.87718635 -0.87190920 
1.87381742e-01 -0.88354523 -0.88296444 -0.88112599 -0.87718635 -0.87190920 
1.51991108e-01 -0.88354523 -0.88296444 -0.88112599 -0.87718635 -0.87190920 
1.23284674e-01 -0.88354523 -0.88296444 -0.88112599 -0.87718635 -0.87190920 
1.00000000e-01 -0.88354523 -0.88296444 -0.88112599 -0.87718635 -0.87190920 
8.11130831e-02 -0.88354523 -0.88296444 -0.88112599 -0.87718635 -0.87190920 
6.57933225e-02 -0.88354523 -0.88296444 -0.88112599 -0.87718635 -0.87190920 
5.33669923e-02 -0.88354523 -0.88296444 -0.88112599 -0.87718635 -0.87190920 
4.32876128e-02 -0.88354523 -0.88296444 -0.88112599 -0.87718635 -0.87190920 
3.51119173e-02 -0.88354523 -0.88296444 -0.88112599 -0.87718635 -0.87190920 
2.84803587e-02 -0.88354523 -0.88296444 -0.88112599 -0.87718635 -0.87190920 
2.31012970e-02 -0.88354523 -0.88296444 -0.88112599 -0.87718635 -0.87190920 
1.87381742e-02 -0.88354523 -0.88296444 -0.88112599 -0.87718635 -0.87190920 
1.51991108e-02 -0.88354523 -0.88296444 -0.88112599 -0.87718635 -0.87190920 
1.23284674e-02 -0.88354523 -0.88296444 -0.88112599 -0.87718635 -0.87190920 
1.00000000e-02 -0.88354523 -0.88296444 -0.88112599 -0.87718635 -0.87190920 
8.11130831e-03 -0.88354523 -0.88296444 -0.88112599 -0.87718635 -0.87190920 
6.57933225e-03 -0.88354523 -0.88296444 -0.88112599 -0.87718635 -0.87190920 
5.33669923e-03 -0.88354523 -0.88296444 -0.88112599 -0.87718635 -0.87190920 
4.32876128e-03 -0.88354523 -0.88296444 -0.88112599 -0.87718635 -0.87190920 
3.51119173e-03 -0.88354523 -0.88296444 -0.88112599 -0.87718635 -0.87190920 
2.84803587e-03 -0.88354523 -0.88296444 -0.88112599 -0.87718635 -0.87190920 
2.31012970e-03 -0.88354523 -0.88296444 -0.88112599 -0.87718635 -0.87190920 
1.87381742e-03 -0.88354523 -0.88296444 -0.88112599 -0.87718635 -0.87190920 
1.51991108e-03 -0.88354523 -0.88296444 -0.88112599 -0.87718635 -0.87190920 
1.23284674e-03 -0.88354523 -0.88296444 -0.88112599 -0.87718635 -0.87190920 
1.00000000e-03 -0.88354523 -0.88296444 -0.88112599 -0.87718635 -0.87190920 
8.11130831e-04 -0.88354523 -0.88296444 -0.88112599 -0.87718635 -0.87190920 
6.57933225e-04 -0.88354523 -0.88296444 -0.88112599 -0.87718635 -0.87190920 
5.33669923e-04 -0.88354523 -0.88296444 -0.88112599 -0.87718635 -0.87190920 
4.32876128e-04 -0.88354523 -0.88296444 -0.88112599 -0.87718635 -0.87190920 
3.51119173e-04 -0.88354523 -0.88296444 -0.88112599 -0.87718635 -0.87190920 
2.84803587e-04 -0.88354523 -0.88296444 -0.88112599 -0.87718635 -0.87190920 
2.31012970e-04 -0.88354523 -0.88296444 -0.88112599 -0.87718635 -0.87190920 
1.87381742e-04 -0.88354523 -0.88296444 -0.88112599 -0.87718635 -0.87190920 
1.51991108e-04 -0.88354523 -0.88296444 -0.88112599 -0.87718635 -0.87190920 
1.23284674e-04 -0.88354523 -0.88296444 -0.88112599 -0.87718635 -0.87190920 
1.00000000e-04 -0.88354523 -0.88296444 -0.88112599 -0.87718635 -0.87190920 
8.11130831e-05 -0.88354523 -0.88296444 -0.88112599 -0.87718635 -0.87190920 
6.57933225e-05 -0.88354523 -0.88296444 -0.88112599 -0.87718635 -0.87190920 
5.33669923e-05 -0.88354523 -0.88296444 -0.88112599 -0.87718635 -0.87190920 
4.32876128e-05 -0.88354523 -0.88296444 -0.88112599 -0.87718635 -0.87190920 
3.51119173e-05 -0.88354523 -0.88296444 -0.88112599 -0.87718635 -0.87190920 
2.84803587e-05 -0.88354523 -0.88296444 -0.88112599 -0.87718635 -0.87190920 
2.31012970e-05 -0.88354523 -0.88296444 -0.88112599 -0.87718635 -0.87190920 
1.87381742e-05 -0.88354523 -0.88296444 -0.88112599 -0.87718635 -0.87190920 
1.51991108e-05 -0.88354523 -0.88296444 -0.88112599 -0.87718635 -0.87190920 
1.23284674e-05 -0.88354523 -0.88296444 -0.88112599 -0.87718635 -0.87190920 
1.00000000e-05 -0.88354523 -0.88296444 -0.88112599 -0.87718635 -0.87190920 
8.11130831e-06 -0.88354523 -0.88296444 -0.88112599 -0.87718635 -0.87190920 
6.57933225e-06 -0.88354523 -0.88296444 -0.88112599 -0.87718635 -0.87190920 
5.33669923e-06 -0.88354523 -0.88296444 -0.88112599 -0.87718635 -0.87190920 
4.32876128e-06 -0.88354523 -0.88296444 -0.88112599 -0.87718635 -0.87190920 
3.51119173e-06 -0.88354523 -0.88296444 -0.88112599 -0.87718635 -0.87190920 
2.84803587e-06 -0.88354523 -0.88296444 -0.88112599 -0.87718635 -0.87190920 
2.31012970e-06 -0.88354523 -0.88296444 -0.88112599 -0.87718635 -0.87190920 
1.87381742e-06 -0.88354523 -0.88296444 -0.88112599 -0.87718635 -0.87190920 
1.51991108e-06 -0.88354523 -0.88296444 -0.88112599 -0.87718635 -0.87190920 
1.23284674e-06 -0.88354523 -0.88296444 -0.88112599 -0.87718635 -0.87190920 
1.00000000e-06 -0.88354523 -0.88296444 -0.88112599 -0.87718635 -0.87190920 
8.11130831e-07 -0.88354523 -0.88296444 -0.88112599 -0.87718635 -0.87190920 
6.57933225e-07 -0.88354523 -0.88296444 -0.88112599 -0.87718635 -0.87190920 
5.33669923e-07 -0.88354523 -0.88296444 -0.88112599 -0.87718635 -0.87190920 
4.32876128e-07 -0.88354523 -0.88296444 -0.88112599 -0.87718635 -0.87190920 
3.51119173e-07 -0.88354523 -0.88296444 -0.88112599 -0.87718635 -0.87190920 
2.84803587e-07 -0.88354523 -0.88296444 -0.88112599 -0.87718635 -0.87190920 
2.31012970e-07 -0.88354523 -0.88296444 -0.88112599 -0.87718635 -0.87190920 
1.87381742e-07 -0.88354523 -0.88296444 -0.88112599 -0.87718635 -0.87190920 
1.51991108e-07 -0.88354523 -0.88296444 -0.88112599 -0.87718635 -0.87190920 
1.23284674e-07 -0.88354523 -0.88296444 -0.88112599 -0.87718635 -0.87190920 
1.00000000e-07 -0.88354523 -0.88296444 -0.88112599 -0.87718635 -0.87190920 
P (bar) | log_H2O: -2σ | log_H2O: -1σ | log_H2O: median | log_H2O: +1σ | log_H2O: +2σ 
1.00000000e+02 -1.12718017 -1.06433106 -1.02412365 -1.00675062 -1.00118450 
8.11130831e+01 -1.12718017 -1.06433106 -1.02412365 -1.00675062 -1.00118450 
6.57933225e+01 -1.12718017 -1.06433106 -1.02412365 -1.00675062 -1.00118450 
5.33669923e+01 -1.12718017 -1.06433106 -1.02412365 -1.00675062 -1.00118450 
4.32876128e+01 -1.12718017 -1.06433106 -1.02412365 -1.00675062 -1.00118450 
3.51119173e+01 -1.12718017 -1.06433106 -1.02412365 -1.00675062 -1.00118450 
2.84803587e+01 -1.12718017 -1.06433106 -1.02412365 -1.00675062 -1.00118450 
2.31012970e+01 -1.12718017 -1.06433106 -1.02412365 -1.00675062 -1.00118450 
1.87381742e+01 -1.12718017 -1.06433106 -1.02412365 -1.00675062 -1.00118450 
1.51991108e+01 -1.12718017 -1.06433106 -1.02412365 -1.00675062 -1.00118450 
1.23284674e+01 -1.12718017 -1.06433106 -1.02412365 -1.00675062 -1.00118450 
1.00000000e+01 -1.12718017 -1.06433106 -1.02412365 -1.00675062 -1.00118450 
8.11130831e+00 -1.12718017 -1.06433106 -1.02412365 -1.00675062 -1.00118450 
6.57933225e+00 -1.12718017 -1.06433106 -1.02412365 -1.00675062 -1.00118450 
5.33669923e+00 -1.12718017 -1.06433106 -1.02412365 -1.00675062 -1.00118450 
4.32876128e+00 -1.12718017 -1.06433106 -1.02412365 -1.00675062 -1.00118450 
3.51119173e+00 -1.12718017 -1.06433106 -1.02412365 -1.00675062 -1.00118450 
2.84803587e+00 -1.12718017 -1.06433106 -1.02412365 -1.00675062 -1.00118450 
2.31012970e+00 -1.12718017 -1.06433106 -1.02412365 -1.00675062 -1.00118450 
1.87381742e+00 -1.12718017 -1.06433106 -1.02412365 -1.00675062 -1.00118450 
1.51991108e+00 -1.12718017 -1.06433106 -1.02412365 -1.00675062 -1.00118450 
1.23284674e+00 -1.12718017 -1.06433106 -1.02412365 -1.00675062 -1.00118450 
1.00000000e+00 -1.12718017 -1.06433106 -1.02412365 -1.00675062 -1.00118450 
8.11130831e-01 -1.12718017 -1.06433106 -1.02412365 -1.00675062 -1.00118450 
6.57933225e-01 -1.12718017 -1.06433106 -1.02412365 -1.00675062 -1.00118450 
5.33669923e-01 -1.12718017 -1.06433106 -1.02412365 -1.00675062 -1.00118450 
4.32876128e-01 -1.12718017 -1.06433106 -1.02412365 -1.00675062 -1.00118450 
3.51119173e-01 -1.12718017 -1.06433106 -1.02412365 -1.00675062 -1.00118450 
2.84803587e-01 -1.12718017 -1.06433106 -1.02412365 -1.00675062 -1.00118450 
2.31012970e-01 -1.12718017 -1.06433106 -1.02412365 -1.00675062 -1.00118450 
1.87381742e-01 -1.12718017 -1.06433106 -1.02412365 -1.00675062 -1.00118450 
1.51991108e-01 -1.12718017 -1.06433106 -1.02412365 -1.00675062 -1.00118450 
1.23284674e-01 -1.12718017 -1.06433106 -1.02412365 -1.00675062 -1.00118450 
1.00000000e-01 -1.12718017 -1.06433106 -1.02412365 -1.00675062 -1.00118450 
8.11130831e-02 -1.12718017 -1.06433106 -1.02412365 -1.00675062 -1.00118450 
6.57933225e-02 -1.12718017 -1.06433106 -1.02412365 -1.00675062 -1.00118450 
5.33669923e-02 -1.12718017 -1.06433106 -1.02412365 -1.00675062 -1.00118450 
4.32876128e-02 -1.12718017 -1.06433106 -1.02412365 -1.00675062 -1.00118450 
3.51119173e-02 -1.12718017 -1.06433106 -1.02412365 -1.00675062 -1.00118450 
2.84803587e-02 -1.12718017 -1.06433106 -1.02412365 -1.00675062 -1.00118450 
2.31012970e-02 -1.12718017 -1.06433106 -1.02412365 -1.00675062 -1.00118450 
1.87381742e-02 -1.12718017 -1.06433106 -1.02412365 -1.00675062 -1.00118450 
1.51991108e-02 -1.12718017 -1.06433106 -1.02412365 -1.00675062 -1.00118450 
1.23284674e-02 -1.12718017 -1.06433106 -1.02412365 -1.00675062 -1.00118450 
1.00000000e-02 -1.12718017 -1.06433106 -1.02412365 -1.00675062 -1.00118450 
8.11130831e-03 -1.12718017 -1.06433106 -1.02412365 -1.00675062 -1.00118450 
6.57933225e-03 -1.12718017 -1.06433106 -1.02412365 -1.00675062 -1.00118450 
5.33669923e-03 -1.12718017 -1.06433106 -1.02412365 -1.00675062 -1.00118450 
4.32876128e-03 -1.12718017 -1.06433106 -1.02412365 -1.00675062 -1.00118450 
3.51119173e-03 -1.12718017 -1.06433106 -1.02412365 -1.00675062 -1.00118450 
2.84803587e-03 -1.12718017 -1.06433106 -1.02412365 -1.00675062 -1.00118450 
2.31012970e-03 -1.12718017 -1.06433106 -1.02412365 -1.00675062 -1.00118450 
1.87381742e-03 -1.12718017 -1.06433106 -1.02412365 -1.00675062 -1.00118450 
1.51991108e-03 -1.12718017 -1.06433106 -1.02412365 -1.00675062 -1.00118450 
1.23284674e-03 -1.12718017 -1.06433106 -1.02412365 -1.00675062 -1.00118450 
1.00000000e-03 -1.12718017 -1.06433106 -1.02412365 -1.00675062 -1.00118450 
8.11130831e-04 -1.12718017 -1.06433106 -1.02412365 -1.00675062 -1.00118450 
6.57933225e-04 -1.12718017 -1.06433106 -1.02412365 -1.00675062 -1.00118450 
5.33669923e-04 -1.12718017 -1.06433106 -1.02412365 -1.00675062 -1.00118450 
4.32876128e-04 -1.12718017 -1.06433106 -1.02412365 -1.00675062 -1.00118450 
3.51119173e-04 -1.12718017 -1.06433106 -1.02412365 -1.00675062 -1.00118450 
2.84803587e-04 -1.12718017 -1.06433106 -1.02412365 -1.00675062 -1.00118450 
2.31012970e-04 -1.12718017 -1.06433106 -1.02412365 -1.00675062 -1.00118450 
1.87381742e-04 -1.12718017 -1.06433106 -1.02412365 -1.00675062 -1.00118450 
1.51991108e-04 -1.12718017 -1.06433106 -1.02412365 -1.00675062 -1.00118450 
1.23284674e-04 -1.12718017 -1.06433106 -1.02412365 -1.00675062 -1.00118450 
1.00000000e-04 -1.12718017 -1.06433106 -1.02412365 -1.00675062 -1.00118450 
8.11130831e-05 -1.12718017 -1.06433106 -1.02412365 -1.00675062 -1.00118450 
6.57933225e-05 -1.12718017 -1.06433106 -1.02412365 -1.00675062 -1.00118450 
5.33669923e-05 -1.12718017 -1.06433106 -1.02412365 -1.00675062 -1.00118450 
4.32876128e-05 -1.12718017 -1.06433106 -1.02412365 -1.00675062 -1.00118450 
3.51119173e-05 -1.12718017 -1.06433106 -1.02412365 -1.00675062 -1.00118450 
2.84803587e-05 -1.12718017 -1.06433106 -1.02412365 -1.00675062 -1.00118450 
2.31012970e-05 -1.12718017 -1.06433106 -1.02412365 -1.00675062 -1.00118450 
1.87381742e-05 -1.12718017 -1.06433106 -1.02412365 -1.00675062 -1.00118450 
1.51991108e-05 -1.12718017 -1.06433106 -1.02412365 -1.00675062 -1.00118450 
1.23284674e-05 -1.12718017 -1.06433106 -1.02412365 -1.00675062 -1.00118450 
1.00000000e-05 -1.12718017 -1.06433106 -1.02412365 -1.00675062 -1.00118450 
8.11130831e-06 -1.12718017 -1.06433106 -1.02412365 -1.00675062 -1.00118450 
6.57933225e-06 -1.12718017 -1.06433106 -1.02412365 -1.00675062 -1.00118450 
5.33669923e-06 -1.12718017 -1.06433106 -1.02412365 -1.00675062 -1.00118450 
4.32876128e-06 -1.12718017 -1.06433106 -1.02412365 -1.00675062 -1.00118450 
3.51119173e-06 -1.12718017 -1.06433106 -1.02412365 -1.00675062 -1.00118450 
2.84803587e-06 -1.12718017 -1.06433106 -1.02412365 -1.00675062 -1.00118450 
2.31012970e-06 -1.12718017 -1.06433106 -1.02412365 -1.00675062 -1.00118450 
1.87381742e-06 -1.12718017 -1.06433106 -1.02412365 -1.00675062 -1.00118450 
1.51991108e-06 -1.12718017 -1.06433106 -1.02412365 -1.00675062 -1.00118450 
1.23284674e-06 -1.12718017 -1.06433106 -1.02412365 -1.00675062 -1.00118450 
1.00000000e-06 -1.12718017 -1.06433106 -1.02412365 -1.00675062 -1.00118450 
8.11130831e-07 -1.12718017 -1.06433106 -1.02412365 -1.00675062 -1.00118450 
6.57933225e-07 -1.12718017 -1.06433106 -1.02412365 -1.00675062 -1.00118450 
5.33669923e-07 -1.12718017 -1.06433106 -1.02412365 -1.00675062 -1.00118450 
4.32876128e-07 -1.12718017 -1.06433106 -1.02412365 -1.00675062 -1.00118450 
3.51119173e-07 -1.12718017 -1.06433106 -1.02412365 -1.00675062 -1.00118450 
2.84803587e-07 -1.12718017 -1.06433106 -1.02412365 -1.00675062 -1.00118450 
2.31012970e-07 -1.12718017 -1.06433106 -1.02412365 -1.00675062 -1.00118450 
1.87381742e-07 -1.12718017 -1.06433106 -1.02412365 -1.00675062 -1.00118450 
1.51991108e-07 -1.12718017 -1.06433106 -1.02412365 -1.00675062 -1.00118450 
1.23284674e-07 -1.12718017 -1.06433106 -1.02412365 -1.00675062 -1.00118450 
1.00000000e-07 -1.12718017 -1.06433106 -1.02412365 -1.00675062 -1.00118450 
P (bar) | log_CO2: -2σ | log_CO2: -1σ | log_CO2: median | log_CO2: +1σ | log_CO2: +2σ 
1.00000000e+02 -3.96754619 -3.90298921 -3.82528896 -3.73390740 -3.62341824 
8.11130831e+01 -3.96754619 -3.90298921 -3.82528896 -3.73390740 -3.62341824 
6.57933225e+01 -3.96754619 -3.90298921 -3.82528896 -3.73390740 -3.62341824 
5.33669923e+01 -3.96754619 -3.90298921 -3.82528896 -3.73390740 -3.62341824 
4.32876128e+01 -3.96754619 -3.90298921 -3.82528896 -3.73390740 -3.62341824 
3.51119173e+01 -3.96754619 -3.90298921 -3.82528896 -3.73390740 -3.62341824 
2.84803587e+01 -3.96754619 -3.90298921 -3.82528896 -3.73390740 -3.62341824 
2.31012970e+01 -3.96754619 -3.90298921 -3.82528896 -3.73390740 -3.62341824 
1.87381742e+01 -3.96754619 -3.90298921 -3.82528896 -3.73390740 -3.62341824 
1.51991108e+01 -3.96754619 -3.90298921 -3.82528896 -3.73390740 -3.62341824 
1.23284674e+01 -3.96754619 -3.90298921 -3.82528896 -3.73390740 -3.62341824 
1.00000000e+01 -3.96754619 -3.90298921 -3.82528896 -3.73390740 -3.62341824 
8.11130831e+00 -3.96754619 -3.90298921 -3.82528896 -3.73390740 -3.62341824 
6.57933225e+00 -3.96754619 -3.90298921 -3.82528896 -3.73390740 -3.62341824 
5.33669923e+00 -3.96754619 -3.90298921 -3.82528896 -3.73390740 -3.62341824 
4.32876128e+00 -3.96754619 -3.90298921 -3.82528896 -3.73390740 -3.62341824 
3.51119173e+00 -3.96754619 -3.90298921 -3.82528896 -3.73390740 -3.62341824 
2.84803587e+00 -3.96754619 -3.90298921 -3.82528896 -3.73390740 -3.62341824 
2.31012970e+00 -3.96754619 -3.90298921 -3.82528896 -3.73390740 -3.62341824 
1.87381742e+00 -3.96754619 -3.90298921 -3.82528896 -3.73390740 -3.62341824 
1.51991108e+00 -3.96754619 -3.90298921 -3.82528896 -3.73390740 -3.62341824 
1.23284674e+00 -3.96754619 -3.90298921 -3.82528896 -3.73390740 -3.62341824 
1.00000000e+00 -3.96754619 -3.90298921 -3.82528896 -3.73390740 -3.62341824 
8.11130831e-01 -3.96754619 -3.90298921 -3.82528896 -3.73390740 -3.62341824 
6.57933225e-01 -3.96754619 -3.90298921 -3.82528896 -3.73390740 -3.62341824 
5.33669923e-01 -3.96754619 -3.90298921 -3.82528896 -3.73390740 -3.62341824 
4.32876128e-01 -3.96754619 -3.90298921 -3.82528896 -3.73390740 -3.62341824 
3.51119173e-01 -3.96754619 -3.90298921 -3.82528896 -3.73390740 -3.62341824 
2.84803587e-01 -3.96754619 -3.90298921 -3.82528896 -3.73390740 -3.62341824 
2.31012970e-01 -3.96754619 -3.90298921 -3.82528896 -3.73390740 -3.62341824 
1.87381742e-01 -3.96754619 -3.90298921 -3.82528896 -3.73390740 -3.62341824 
1.51991108e-01 -3.96754619 -3.90298921 -3.82528896 -3.73390740 -3.62341824 
1.23284674e-01 -3.96754619 -3.90298921 -3.82528896 -3.73390740 -3.62341824 
1.00000000e-01 -3.96754619 -3.90298921 -3.82528896 -3.73390740 -3.62341824 
8.11130831e-02 -3.96754619 -3.90298921 -3.82528896 -3.73390740 -3.62341824 
6.57933225e-02 -3.96754619 -3.90298921 -3.82528896 -3.73390740 -3.62341824 
5.33669923e-02 -3.96754619 -3.90298921 -3.82528896 -3.73390740 -3.62341824 
4.32876128e-02 -3.96754619 -3.90298921 -3.82528896 -3.73390740 -3.62341824 
3.51119173e-02 -3.96754619 -3.90298921 -3.82528896 -3.73390740 -3.62341824 
2.84803587e-02 -3.96754619 -3.90298921 -3.82528896 -3.73390740 -3.62341824 
2.31012970e-02 -3.96754619 -3.90298921 -3.82528896 -3.73390740 -3.62341824 
1.87381742e-02 -3.96754619 -3.90298921 -3.82528896 -3.73390740 -3.62341824 
1.51991108e-02 -3.96754619 -3.90298921 -3.82528896 -3.73390740 -3.62341824 
1.23284674e-02 -3.96754619 -3.90298921 -3.82528896 -3.73390740 -3.62341824 
1.00000000e-02 -3.96754619 -3.90298921 -3.82528896 -3.73390740 -3.62341824 
8.11130831e-03 -3.96754619 -3.90298921 -3.82528896 -3.73390740 -3.62341824 
6.57933225e-03 -3.96754619 -3.90298921 -3.82528896 -3.73390740 -3.62341824 
5.33669923e-03 -3.96754619 -3.90298921 -3.82528896 -3.73390740 -3.62341824 
4.32876128e-03 -3.96754619 -3.90298921 -3.82528896 -3.73390740 -3.62341824 
3.51119173e-03 -3.96754619 -3.90298921 -3.82528896 -3.73390740 -3.62341824 
2.84803587e-03 -3.96754619 -3.90298921 -3.82528896 -3.73390740 -3.62341824 
2.31012970e-03 -3.96754619 -3.90298921 -3.82528896 -3.73390740 -3.62341824 
1.87381742e-03 -3.96754619 -3.90298921 -3.82528896 -3.73390740 -3.62341824 
1.51991108e-03 -3.96754619 -3.90298921 -3.82528896 -3.73390740 -3.62341824 
1.23284674e-03 -3.96754619 -3.90298921 -3.82528896 -3.73390740 -3.62341824 
1.00000000e-03 -3.96754619 -3.90298921 -3.82528896 -3.73390740 -3.62341824 
8.11130831e-04 -3.96754619 -3.90298921 -3.82528896 -3.73390740 -3.62341824 
6.57933225e-04 -3.96754619 -3.90298921 -3.82528896 -3.73390740 -3.62341824 
5.33669923e-04 -3.96754619 -3.90298921 -3.82528896 -3.73390740 -3.62341824 
4.32876128e-04 -3.96754619 -3.90298921 -3.82528896 -3.73390740 -3.62341824 
3.51119173e-04 -3.96754619 -3.90298921 -3.82528896 -3.73390740 -3.62341824 
2.84803587e-04 -3.96754619 -3.90298921 -3.82528896 -3.73390740 -3.62341824 
2.31012970e-04 -3.96754619 -3.90298921 -3.82528896 -3.73390740 -3.62341824 
1.87381742e-04 -3.96754619 -3.90298921 -3.82528896 -3.73390740 -3.62341824 
1.51991108e-04 -3.96754619 -3.90298921 -3.82528896 -3.73390740 -3.62341824 
1.23284674e-04 -3.96754619 -3.90298921 -3.82528896 -3.73390740 -3.62341824 
1.00000000e-04 -3.96754619 -3.90298921 -3.82528896 -3.73390740 -3.62341824 
8.11130831e-05 -3.96754619 -3.90298921 -3.82528896 -3.73390740 -3.62341824 
6.57933225e-05 -3.96754619 -3.90298921 -3.82528896 -3.73390740 -3.62341824 
5.33669923e-05 -3.96754619 -3.90298921 -3.82528896 -3.73390740 -3.62341824 
4.32876128e-05 -3.96754619 -3.90298921 -3.82528896 -3.73390740 -3.62341824 
3.51119173e-05 -3.96754619 -3.90298921 -3.82528896 -3.73390740 -3.62341824 
2.84803587e-05 -3.96754619 -3.90298921 -3.82528896 -3.73390740 -3.62341824 
2.31012970e-05 -3.96754619 -3.90298921 -3.82528896 -3.73390740 -3.62341824 
1.87381742e-05 -3.96754619 -3.90298921 -3.82528896 -3.73390740 -3.62341824 
1.51991108e-05 -3.96754619 -3.90298921 -3.82528896 -3.73390740 -3.62341824 
1.23284674e-05 -3.96754619 -3.90298921 -3.82528896 -3.73390740 -3.62341824 
1.00000000e-05 -3.96754619 -3.90298921 -3.82528896 -3.73390740 -3.62341824 
8.11130831e-06 -3.96754619 -3.90298921 -3.82528896 -3.73390740 -3.62341824 
6.57933225e-06 -3.96754619 -3.90298921 -3.82528896 -3.73390740 -3.62341824 
5.33669923e-06 -3.96754619 -3.90298921 -3.82528896 -3.73390740 -3.62341824 
4.32876128e-06 -3.96754619 -3.90298921 -3.82528896 -3.73390740 -3.62341824 
3.51119173e-06 -3.96754619 -3.90298921 -3.82528896 -3.73390740 -3.62341824 
2.84803587e-06 -3.96754619 -3.90298921 -3.82528896 -3.73390740 -3.62341824 
2.31012970e-06 -3.96754619 -3.90298921 -3.82528896 -3.73390740 -3.62341824 
1.87381742e-06 -3.96754619 -3.90298921 -3.82528896 -3.73390740 -3.62341824 
1.51991108e-06 -3.96754619 -3.90298921 -3.82528896 -3.73390740 -3.62341824 
1.23284674e-06 -3.96754619 -3.90298921 -3.82528896 -3.73390740 -3.62341824 
1.00000000e-06 -3.96754619 -3.90298921 -3.82528896 -3.73390740 -3.62341824 
8.11130831e-07 -3.96754619 -3.90298921 -3.82528896 -3.73390740 -3.62341824 
6.57933225e-07 -3.96754619 -3.90298921 -3.82528896 -3.73390740 -3.62341824 
5.33669923e-07 -3.96754619 -3.90298921 -3.82528896 -3.73390740 -3.62341824 
4.32876128e-07 -3.96754619 -3.90298921 -3.82528896 -3.73390740 -3.62341824 
3.51119173e-07 -3.96754619 -3.90298921 -3.82528896 -3.73390740 -3.62341824 
2.84803587e-07 -3.96754619 -3.90298921 -3.82528896 -3.73390740 -3.62341824 
2.31012970e-07 -3.96754619 -3.90298921 -3.82528896 -3.73390740 -3.62341824 
1.87381742e-07 -3.96754619 -3.90298921 -3.82528896 -3.73390740 -3.62341824 
1.51991108e-07 -3.96754619 -3.90298921 -3.82528896 -3.73390740 -3.62341824 
1.23284674e-07 -3.96754619 -3.90298921 -3.82528896 -3.73390740 -3.62341824 
1.00000000e-07 -3.96754619 -3.90298921 -3.82528896 -3.73390740 -3.62341824 
P (bar) | log_SO2: -2σ | log_SO2: -1σ | log_SO2: median | log_SO2: +1σ | log_SO2: +2σ 
1.00000000e+02 -5.94310803 -5.68739883 -5.29288891 -4.84908091 -4.50279329 
8.11130831e+01 -5.94310803 -5.68739883 -5.29288891 -4.84908091 -4.50279329 
6.57933225e+01 -5.94310803 -5.68739883 -5.29288891 -4.84908091 -4.50279329 
5.33669923e+01 -5.94310803 -5.68739883 -5.29288891 -4.84908091 -4.50279329 
4.32876128e+01 -5.94310803 -5.68739883 -5.29288891 -4.84908091 -4.50279329 
3.51119173e+01 -5.94310803 -5.68739883 -5.29288891 -4.84908091 -4.50279329 
2.84803587e+01 -5.94310803 -5.68739883 -5.29288891 -4.84908091 -4.50279329 
2.31012970e+01 -5.94310803 -5.68739883 -5.29288891 -4.84908091 -4.50279329 
1.87381742e+01 -5.94310803 -5.68739883 -5.29288891 -4.84908091 -4.50279329 
1.51991108e+01 -5.94310803 -5.68739883 -5.29288891 -4.84908091 -4.50279329 
1.23284674e+01 -5.94310803 -5.68739883 -5.29288891 -4.84908091 -4.50279329 
1.00000000e+01 -5.94310803 -5.68739883 -5.29288891 -4.84908091 -4.50279329 
8.11130831e+00 -5.94310803 -5.68739883 -5.29288891 -4.84908091 -4.50279329 
6.57933225e+00 -5.94310803 -5.68739883 -5.29288891 -4.84908091 -4.50279329 
5.33669923e+00 -5.94310803 -5.68739883 -5.29288891 -4.84908091 -4.50279329 
4.32876128e+00 -5.94310803 -5.68739883 -5.29288891 -4.84908091 -4.50279329 
3.51119173e+00 -5.94310803 -5.68739883 -5.29288891 -4.84908091 -4.50279329 
2.84803587e+00 -5.94310803 -5.68739883 -5.29288891 -4.84908091 -4.50279329 
2.31012970e+00 -5.94310803 -5.68739883 -5.29288891 -4.84908091 -4.50279329 
1.87381742e+00 -5.94310803 -5.68739883 -5.29288891 -4.84908091 -4.50279329 
1.51991108e+00 -5.94310803 -5.68739883 -5.29288891 -4.84908091 -4.50279329 
1.23284674e+00 -5.94310803 -5.68739883 -5.29288891 -4.84908091 -4.50279329 
1.00000000e+00 -5.94310803 -5.68739883 -5.29288891 -4.84908091 -4.50279329 
8.11130831e-01 -5.94310803 -5.68739883 -5.29288891 -4.84908091 -4.50279329 
6.57933225e-01 -5.94310803 -5.68739883 -5.29288891 -4.84908091 -4.50279329 
5.33669923e-01 -5.94310803 -5.68739883 -5.29288891 -4.84908091 -4.50279329 
4.32876128e-01 -5.94310803 -5.68739883 -5.29288891 -4.84908091 -4.50279329 
3.51119173e-01 -5.94310803 -5.68739883 -5.29288891 -4.84908091 -4.50279329 
2.84803587e-01 -5.94310803 -5.68739883 -5.29288891 -4.84908091 -4.50279329 
2.31012970e-01 -5.94310803 -5.68739883 -5.29288891 -4.84908091 -4.50279329 
1.87381742e-01 -5.94310803 -5.68739883 -5.29288891 -4.84908091 -4.50279329 
1.51991108e-01 -5.94310803 -5.68739883 -5.29288891 -4.84908091 -4.50279329 
1.23284674e-01 -5.94310803 -5.68739883 -5.29288891 -4.84908091 -4.50279329 
1.00000000e-01 -5.94310803 -5.68739883 -5.29288891 -4.84908091 -4.50279329 
8.11130831e-02 -5.94310803 -5.68739883 -5.29288891 -4.84908091 -4.50279329 
6.57933225e-02 -5.94310803 -5.68739883 -5.29288891 -4.84908091 -4.50279329 
5.33669923e-02 -5.94310803 -5.68739883 -5.29288891 -4.84908091 -4.50279329 
4.32876128e-02 -5.94310803 -5.68739883 -5.29288891 -4.84908091 -4.50279329 
3.51119173e-02 -5.94310803 -5.68739883 -5.29288891 -4.84908091 -4.50279329 
2.84803587e-02 -5.94310803 -5.68739883 -5.29288891 -4.84908091 -4.50279329 
2.31012970e-02 -5.94310803 -5.68739883 -5.29288891 -4.84908091 -4.50279329 
1.87381742e-02 -5.94310803 -5.68739883 -5.29288891 -4.84908091 -4.50279329 
1.51991108e-02 -5.94310803 -5.68739883 -5.29288891 -4.84908091 -4.50279329 
1.23284674e-02 -5.94310803 -5.68739883 -5.29288891 -4.84908091 -4.50279329 
1.00000000e-02 -5.94310803 -5.68739883 -5.29288891 -4.84908091 -4.50279329 
8.11130831e-03 -5.94310803 -5.68739883 -5.29288891 -4.84908091 -4.50279329 
6.57933225e-03 -5.94310803 -5.68739883 -5.29288891 -4.84908091 -4.50279329 
5.33669923e-03 -5.94310803 -5.68739883 -5.29288891 -4.84908091 -4.50279329 
4.32876128e-03 -5.94310803 -5.68739883 -5.29288891 -4.84908091 -4.50279329 
3.51119173e-03 -5.94310803 -5.68739883 -5.29288891 -4.84908091 -4.50279329 
2.84803587e-03 -5.94310803 -5.68739883 -5.29288891 -4.84908091 -4.50279329 
2.31012970e-03 -5.94310803 -5.68739883 -5.29288891 -4.84908091 -4.50279329 
1.87381742e-03 -5.94310803 -5.68739883 -5.29288891 -4.84908091 -4.50279329 
1.51991108e-03 -5.94310803 -5.68739883 -5.29288891 -4.84908091 -4.50279329 
1.23284674e-03 -5.94310803 -5.68739883 -5.29288891 -4.84908091 -4.50279329 
1.00000000e-03 -5.94310803 -5.68739883 -5.29288891 -4.84908091 -4.50279329 
8.11130831e-04 -5.94310803 -5.68739883 -5.29288891 -4.84908091 -4.50279329 
6.57933225e-04 -5.94310803 -5.68739883 -5.29288891 -4.84908091 -4.50279329 
5.33669923e-04 -5.94310803 -5.68739883 -5.29288891 -4.84908091 -4.50279329 
4.32876128e-04 -5.94310803 -5.68739883 -5.29288891 -4.84908091 -4.50279329 
3.51119173e-04 -5.94310803 -5.68739883 -5.29288891 -4.84908091 -4.50279329 
2.84803587e-04 -5.94310803 -5.68739883 -5.29288891 -4.84908091 -4.50279329 
2.31012970e-04 -5.94310803 -5.68739883 -5.29288891 -4.84908091 -4.50279329 
1.87381742e-04 -5.94310803 -5.68739883 -5.29288891 -4.84908091 -4.50279329 
1.51991108e-04 -5.94310803 -5.68739883 -5.29288891 -4.84908091 -4.50279329 
1.23284674e-04 -5.94310803 -5.68739883 -5.29288891 -4.84908091 -4.50279329 
1.00000000e-04 -5.94310803 -5.68739883 -5.29288891 -4.84908091 -4.50279329 
8.11130831e-05 -5.94310803 -5.68739883 -5.29288891 -4.84908091 -4.50279329 
6.57933225e-05 -5.94310803 -5.68739883 -5.29288891 -4.84908091 -4.50279329 
5.33669923e-05 -5.94310803 -5.68739883 -5.29288891 -4.84908091 -4.50279329 
4.32876128e-05 -5.94310803 -5.68739883 -5.29288891 -4.84908091 -4.50279329 
3.51119173e-05 -5.94310803 -5.68739883 -5.29288891 -4.84908091 -4.50279329 
2.84803587e-05 -5.94310803 -5.68739883 -5.29288891 -4.84908091 -4.50279329 
2.31012970e-05 -5.94310803 -5.68739883 -5.29288891 -4.84908091 -4.50279329 
1.87381742e-05 -5.94310803 -5.68739883 -5.29288891 -4.84908091 -4.50279329 
1.51991108e-05 -5.94310803 -5.68739883 -5.29288891 -4.84908091 -4.50279329 
1.23284674e-05 -5.94310803 -5.68739883 -5.29288891 -4.84908091 -4.50279329 
1.00000000e-05 -5.94310803 -5.68739883 -5.29288891 -4.84908091 -4.50279329 
8.11130831e-06 -5.94310803 -5.68739883 -5.29288891 -4.84908091 -4.50279329 
6.57933225e-06 -5.94310803 -5.68739883 -5.29288891 -4.84908091 -4.50279329 
5.33669923e-06 -5.94310803 -5.68739883 -5.29288891 -4.84908091 -4.50279329 
4.32876128e-06 -5.94310803 -5.68739883 -5.29288891 -4.84908091 -4.50279329 
3.51119173e-06 -5.94310803 -5.68739883 -5.29288891 -4.84908091 -4.50279329 
2.84803587e-06 -5.94310803 -5.68739883 -5.29288891 -4.84908091 -4.50279329 
2.31012970e-06 -5.94310803 -5.68739883 -5.29288891 -4.84908091 -4.50279329 
1.87381742e-06 -5.94310803 -5.68739883 -5.29288891 -4.84908091 -4.50279329 
1.51991108e-06 -5.94310803 -5.68739883 -5.29288891 -4.84908091 -4.50279329 
1.23284674e-06 -5.94310803 -5.68739883 -5.29288891 -4.84908091 -4.50279329 
1.00000000e-06 -5.94310803 -5.68739883 -5.29288891 -4.84908091 -4.50279329 
8.11130831e-07 -5.94310803 -5.68739883 -5.29288891 -4.84908091 -4.50279329 
6.57933225e-07 -5.94310803 -5.68739883 -5.29288891 -4.84908091 -4.50279329 
5.33669923e-07 -5.94310803 -5.68739883 -5.29288891 -4.84908091 -4.50279329 
4.32876128e-07 -5.94310803 -5.68739883 -5.29288891 -4.84908091 -4.50279329 
3.51119173e-07 -5.94310803 -5.68739883 -5.29288891 -4.84908091 -4.50279329 
2.84803587e-07 -5.94310803 -5.68739883 -5.29288891 -4.84908091 -4.50279329 
2.31012970e-07 -5.94310803 -5.68739883 -5.29288891 -4.84908091 -4.50279329 
1.87381742e-07 -5.94310803 -5.68739883 -5.29288891 -4.84908091 -4.50279329 
1.51991108e-07 -5.94310803 -5.68739883 -5.29288891 -4.84908091 -4.50279329 
1.23284674e-07 -5.94310803 -5.68739883 -5.29288891 -4.84908091 -4.50279329 
1.00000000e-07 -5.94310803 -5.68739883 -5.29288891 -4.84908091 -4.50279329 
P (bar) | log_CO: -2σ | log_CO: -1σ | log_CO: median | log_CO: +1σ | log_CO: +2σ 
1.00000000e+02 -3.99020254 -3.91892017 -3.75903567 -3.46937105 -3.06426951 
8.11130831e+01 -3.99020254 -3.91892017 -3.75903567 -3.46937105 -3.06426951 
6.57933225e+01 -3.99020254 -3.91892017 -3.75903567 -3.46937105 -3.06426951 
5.33669923e+01 -3.99020254 -3.91892017 -3.75903567 -3.46937105 -3.06426951 
4.32876128e+01 -3.99020254 -3.91892017 -3.75903567 -3.46937105 -3.06426951 
3.51119173e+01 -3.99020254 -3.91892017 -3.75903567 -3.46937105 -3.06426951 
2.84803587e+01 -3.99020254 -3.91892017 -3.75903567 -3.46937105 -3.06426951 
2.31012970e+01 -3.99020254 -3.91892017 -3.75903567 -3.46937105 -3.06426951 
1.87381742e+01 -3.99020254 -3.91892017 -3.75903567 -3.46937105 -3.06426951 
1.51991108e+01 -3.99020254 -3.91892017 -3.75903567 -3.46937105 -3.06426951 
1.23284674e+01 -3.99020254 -3.91892017 -3.75903567 -3.46937105 -3.06426951 
1.00000000e+01 -3.99020254 -3.91892017 -3.75903567 -3.46937105 -3.06426951 
8.11130831e+00 -3.99020254 -3.91892017 -3.75903567 -3.46937105 -3.06426951 
6.57933225e+00 -3.99020254 -3.91892017 -3.75903567 -3.46937105 -3.06426951 
5.33669923e+00 -3.99020254 -3.91892017 -3.75903567 -3.46937105 -3.06426951 
4.32876128e+00 -3.99020254 -3.91892017 -3.75903567 -3.46937105 -3.06426951 
3.51119173e+00 -3.99020254 -3.91892017 -3.75903567 -3.46937105 -3.06426951 
2.84803587e+00 -3.99020254 -3.91892017 -3.75903567 -3.46937105 -3.06426951 
2.31012970e+00 -3.99020254 -3.91892017 -3.75903567 -3.46937105 -3.06426951 
1.87381742e+00 -3.99020254 -3.91892017 -3.75903567 -3.46937105 -3.06426951 
1.51991108e+00 -3.99020254 -3.91892017 -3.75903567 -3.46937105 -3.06426951 
1.23284674e+00 -3.99020254 -3.91892017 -3.75903567 -3.46937105 -3.06426951 
1.00000000e+00 -3.99020254 -3.91892017 -3.75903567 -3.46937105 -3.06426951 
8.11130831e-01 -3.99020254 -3.91892017 -3.75903567 -3.46937105 -3.06426951 
6.57933225e-01 -3.99020254 -3.91892017 -3.75903567 -3.46937105 -3.06426951 
5.33669923e-01 -3.99020254 -3.91892017 -3.75903567 -3.46937105 -3.06426951 
4.32876128e-01 -3.99020254 -3.91892017 -3.75903567 -3.46937105 -3.06426951 
3.51119173e-01 -3.99020254 -3.91892017 -3.75903567 -3.46937105 -3.06426951 
2.84803587e-01 -3.99020254 -3.91892017 -3.75903567 -3.46937105 -3.06426951 
2.31012970e-01 -3.99020254 -3.91892017 -3.75903567 -3.46937105 -3.06426951 
1.87381742e-01 -3.99020254 -3.91892017 -3.75903567 -3.46937105 -3.06426951 
1.51991108e-01 -3.99020254 -3.91892017 -3.75903567 -3.46937105 -3.06426951 
1.23284674e-01 -3.99020254 -3.91892017 -3.75903567 -3.46937105 -3.06426951 
1.00000000e-01 -3.99020254 -3.91892017 -3.75903567 -3.46937105 -3.06426951 
8.11130831e-02 -3.99020254 -3.91892017 -3.75903567 -3.46937105 -3.06426951 
6.57933225e-02 -3.99020254 -3.91892017 -3.75903567 -3.46937105 -3.06426951 
5.33669923e-02 -3.99020254 -3.91892017 -3.75903567 -3.46937105 -3.06426951 
4.32876128e-02 -3.99020254 -3.91892017 -3.75903567 -3.46937105 -3.06426951 
3.51119173e-02 -3.99020254 -3.91892017 -3.75903567 -3.46937105 -3.06426951 
2.84803587e-02 -3.99020254 -3.91892017 -3.75903567 -3.46937105 -3.06426951 
2.31012970e-02 -3.99020254 -3.91892017 -3.75903567 -3.46937105 -3.06426951 
1.87381742e-02 -3.99020254 -3.91892017 -3.75903567 -3.46937105 -3.06426951 
1.51991108e-02 -3.99020254 -3.91892017 -3.75903567 -3.46937105 -3.06426951 
1.23284674e-02 -3.99020254 -3.91892017 -3.75903567 -3.46937105 -3.06426951 
1.00000000e-02 -3.99020254 -3.91892017 -3.75903567 -3.46937105 -3.06426951 
8.11130831e-03 -3.99020254 -3.91892017 -3.75903567 -3.46937105 -3.06426951 
6.57933225e-03 -3.99020254 -3.91892017 -3.75903567 -3.46937105 -3.06426951 
5.33669923e-03 -3.99020254 -3.91892017 -3.75903567 -3.46937105 -3.06426951 
4.32876128e-03 -3.99020254 -3.91892017 -3.75903567 -3.46937105 -3.06426951 
3.51119173e-03 -3.99020254 -3.91892017 -3.75903567 -3.46937105 -3.06426951 
2.84803587e-03 -3.99020254 -3.91892017 -3.75903567 -3.46937105 -3.06426951 
2.31012970e-03 -3.99020254 -3.91892017 -3.75903567 -3.46937105 -3.06426951 
1.87381742e-03 -3.99020254 -3.91892017 -3.75903567 -3.46937105 -3.06426951 
1.51991108e-03 -3.99020254 -3.91892017 -3.75903567 -3.46937105 -3.06426951 
1.23284674e-03 -3.99020254 -3.91892017 -3.75903567 -3.46937105 -3.06426951 
1.00000000e-03 -3.99020254 -3.91892017 -3.75903567 -3.46937105 -3.06426951 
8.11130831e-04 -3.99020254 -3.91892017 -3.75903567 -3.46937105 -3.06426951 
6.57933225e-04 -3.99020254 -3.91892017 -3.75903567 -3.46937105 -3.06426951 
5.33669923e-04 -3.99020254 -3.91892017 -3.75903567 -3.46937105 -3.06426951 
4.32876128e-04 -3.99020254 -3.91892017 -3.75903567 -3.46937105 -3.06426951 
3.51119173e-04 -3.99020254 -3.91892017 -3.75903567 -3.46937105 -3.06426951 
2.84803587e-04 -3.99020254 -3.91892017 -3.75903567 -3.46937105 -3.06426951 
2.31012970e-04 -3.99020254 -3.91892017 -3.75903567 -3.46937105 -3.06426951 
1.87381742e-04 -3.99020254 -3.91892017 -3.75903567 -3.46937105 -3.06426951 
1.51991108e-04 -3.99020254 -3.91892017 -3.75903567 -3.46937105 -3.06426951 
1.23284674e-04 -3.99020254 -3.91892017 -3.75903567 -3.46937105 -3.06426951 
1.00000000e-04 -3.99020254 -3.91892017 -3.75903567 -3.46937105 -3.06426951 
8.11130831e-05 -3.99020254 -3.91892017 -3.75903567 -3.46937105 -3.06426951 
6.57933225e-05 -3.99020254 -3.91892017 -3.75903567 -3.46937105 -3.06426951 
5.33669923e-05 -3.99020254 -3.91892017 -3.75903567 -3.46937105 -3.06426951 
4.32876128e-05 -3.99020254 -3.91892017 -3.75903567 -3.46937105 -3.06426951 
3.51119173e-05 -3.99020254 -3.91892017 -3.75903567 -3.46937105 -3.06426951 
2.84803587e-05 -3.99020254 -3.91892017 -3.75903567 -3.46937105 -3.06426951 
2.31012970e-05 -3.99020254 -3.91892017 -3.75903567 -3.46937105 -3.06426951 
1.87381742e-05 -3.99020254 -3.91892017 -3.75903567 -3.46937105 -3.06426951 
1.51991108e-05 -3.99020254 -3.91892017 -3.75903567 -3.46937105 -3.06426951 
1.23284674e-05 -3.99020254 -3.91892017 -3.75903567 -3.46937105 -3.06426951 
1.00000000e-05 -3.99020254 -3.91892017 -3.75903567 -3.46937105 -3.06426951 
8.11130831e-06 -3.99020254 -3.91892017 -3.75903567 -3.46937105 -3.06426951 
6.57933225e-06 -3.99020254 -3.91892017 -3.75903567 -3.46937105 -3.06426951 
5.33669923e-06 -3.99020254 -3.91892017 -3.75903567 -3.46937105 -3.06426951 
4.32876128e-06 -3.99020254 -3.91892017 -3.75903567 -3.46937105 -3.06426951 
3.51119173e-06 -3.99020254 -3.91892017 -3.75903567 -3.46937105 -3.06426951 
2.84803587e-06 -3.99020254 -3.91892017 -3.75903567 -3.46937105 -3.06426951 
2.31012970e-06 -3.99020254 -3.91892017 -3.75903567 -3.46937105 -3.06426951 
1.87381742e-06 -3.99020254 -3.91892017 -3.75903567 -3.46937105 -3.06426951 
1.51991108e-06 -3.99020254 -3.91892017 -3.75903567 -3.46937105 -3.06426951 
1.23284674e-06 -3.99020254 -3.91892017 -3.75903567 -3.46937105 -3.06426951 
1.00000000e-06 -3.99020254 -3.91892017 -3.75903567 -3.46937105 -3.06426951 
8.11130831e-07 -3.99020254 -3.91892017 -3.75903567 -3.46937105 -3.06426951 
6.57933225e-07 -3.99020254 -3.91892017 -3.75903567 -3.46937105 -3.06426951 
5.33669923e-07 -3.99020254 -3.91892017 -3.75903567 -3.46937105 -3.06426951 
4.32876128e-07 -3.99020254 -3.91892017 -3.75903567 -3.46937105 -3.06426951 
3.51119173e-07 -3.99020254 -3.91892017 -3.75903567 -3.46937105 -3.06426951 
2.84803587e-07 -3.99020254 -3.91892017 -3.75903567 -3.46937105 -3.06426951 
2.31012970e-07 -3.99020254 -3.91892017 -3.75903567 -3.46937105 -3.06426951 
1.87381742e-07 -3.99020254 -3.91892017 -3.75903567 -3.46937105 -3.06426951 
1.51991108e-07 -3.99020254 -3.91892017 -3.75903567 -3.46937105 -3.06426951 
1.23284674e-07 -3.99020254 -3.91892017 -3.75903567 -3.46937105 -3.06426951 
1.00000000e-07 -3.99020254 -3.91892017 -3.75903567 -3.46937105 -3.06426951 
P (bar) | log_H2S: -2σ | log_H2S: -1σ | log_H2S: median | log_H2S: +1σ | log_H2S: +2σ 
1.00000000e+02 -5.46510041 -5.27203043 -4.77776640 -3.94088280 -3.30003517 
8.11130831e+01 -5.46510041 -5.27203043 -4.77776640 -3.94088280 -3.30003517 
6.57933225e+01 -5.46510041 -5.27203043 -4.77776640 -3.94088280 -3.30003517 
5.33669923e+01 -5.46510041 -5.27203043 -4.77776640 -3.94088280 -3.30003517 
4.32876128e+01 -5.46510041 -5.27203043 -4.77776640 -3.94088280 -3.30003517 
3.51119173e+01 -5.46510041 -5.27203043 -4.77776640 -3.94088280 -3.30003517 
2.84803587e+01 -5.46510041 -5.27203043 -4.77776640 -3.94088280 -3.30003517 
2.31012970e+01 -5.46510041 -5.27203043 -4.77776640 -3.94088280 -3.30003517 
1.87381742e+01 -5.46510041 -5.27203043 -4.77776640 -3.94088280 -3.30003517 
1.51991108e+01 -5.46510041 -5.27203043 -4.77776640 -3.94088280 -3.30003517 
1.23284674e+01 -5.46510041 -5.27203043 -4.77776640 -3.94088280 -3.30003517 
1.00000000e+01 -5.46510041 -5.27203043 -4.77776640 -3.94088280 -3.30003517 
8.11130831e+00 -5.46510041 -5.27203043 -4.77776640 -3.94088280 -3.30003517 
6.57933225e+00 -5.46510041 -5.27203043 -4.77776640 -3.94088280 -3.30003517 
5.33669923e+00 -5.46510041 -5.27203043 -4.77776640 -3.94088280 -3.30003517 
4.32876128e+00 -5.46510041 -5.27203043 -4.77776640 -3.94088280 -3.30003517 
3.51119173e+00 -5.46510041 -5.27203043 -4.77776640 -3.94088280 -3.30003517 
2.84803587e+00 -5.46510041 -5.27203043 -4.77776640 -3.94088280 -3.30003517 
2.31012970e+00 -5.46510041 -5.27203043 -4.77776640 -3.94088280 -3.30003517 
1.87381742e+00 -5.46510041 -5.27203043 -4.77776640 -3.94088280 -3.30003517 
1.51991108e+00 -5.46510041 -5.27203043 -4.77776640 -3.94088280 -3.30003517 
1.23284674e+00 -5.46510041 -5.27203043 -4.77776640 -3.94088280 -3.30003517 
1.00000000e+00 -5.46510041 -5.27203043 -4.77776640 -3.94088280 -3.30003517 
8.11130831e-01 -5.46510041 -5.27203043 -4.77776640 -3.94088280 -3.30003517 
6.57933225e-01 -5.46510041 -5.27203043 -4.77776640 -3.94088280 -3.30003517 
5.33669923e-01 -5.46510041 -5.27203043 -4.77776640 -3.94088280 -3.30003517 
4.32876128e-01 -5.46510041 -5.27203043 -4.77776640 -3.94088280 -3.30003517 
3.51119173e-01 -5.46510041 -5.27203043 -4.77776640 -3.94088280 -3.30003517 
2.84803587e-01 -5.46510041 -5.27203043 -4.77776640 -3.94088280 -3.30003517 
2.31012970e-01 -5.46510041 -5.27203043 -4.77776640 -3.94088280 -3.30003517 
1.87381742e-01 -5.46510041 -5.27203043 -4.77776640 -3.94088280 -3.30003517 
1.51991108e-01 -5.46510041 -5.27203043 -4.77776640 -3.94088280 -3.30003517 
1.23284674e-01 -5.46510041 -5.27203043 -4.77776640 -3.94088280 -3.30003517 
1.00000000e-01 -5.46510041 -5.27203043 -4.77776640 -3.94088280 -3.30003517 
8.11130831e-02 -5.46510041 -5.27203043 -4.77776640 -3.94088280 -3.30003517 
6.57933225e-02 -5.46510041 -5.27203043 -4.77776640 -3.94088280 -3.30003517 
5.33669923e-02 -5.46510041 -5.27203043 -4.77776640 -3.94088280 -3.30003517 
4.32876128e-02 -5.46510041 -5.27203043 -4.77776640 -3.94088280 -3.30003517 
3.51119173e-02 -5.46510041 -5.27203043 -4.77776640 -3.94088280 -3.30003517 
2.84803587e-02 -5.46510041 -5.27203043 -4.77776640 -3.94088280 -3.30003517 
2.31012970e-02 -5.46510041 -5.27203043 -4.77776640 -3.94088280 -3.30003517 
1.87381742e-02 -5.46510041 -5.27203043 -4.77776640 -3.94088280 -3.30003517 
1.51991108e-02 -5.46510041 -5.27203043 -4.77776640 -3.94088280 -3.30003517 
1.23284674e-02 -5.46510041 -5.27203043 -4.77776640 -3.94088280 -3.30003517 
1.00000000e-02 -5.46510041 -5.27203043 -4.77776640 -3.94088280 -3.30003517 
8.11130831e-03 -5.46510041 -5.27203043 -4.77776640 -3.94088280 -3.30003517 
6.57933225e-03 -5.46510041 -5.27203043 -4.77776640 -3.94088280 -3.30003517 
5.33669923e-03 -5.46510041 -5.27203043 -4.77776640 -3.94088280 -3.30003517 
4.32876128e-03 -5.46510041 -5.27203043 -4.77776640 -3.94088280 -3.30003517 
3.51119173e-03 -5.46510041 -5.27203043 -4.77776640 -3.94088280 -3.30003517 
2.84803587e-03 -5.46510041 -5.27203043 -4.77776640 -3.94088280 -3.30003517 
2.31012970e-03 -5.46510041 -5.27203043 -4.77776640 -3.94088280 -3.30003517 
1.87381742e-03 -5.46510041 -5.27203043 -4.77776640 -3.94088280 -3.30003517 
1.51991108e-03 -5.46510041 -5.27203043 -4.77776640 -3.94088280 -3.30003517 
1.23284674e-03 -5.46510041 -5.27203043 -4.77776640 -3.94088280 -3.30003517 
1.00000000e-03 -5.46510041 -5.27203043 -4.77776640 -3.94088280 -3.30003517 
8.11130831e-04 -5.46510041 -5.27203043 -4.77776640 -3.94088280 -3.30003517 
6.57933225e-04 -5.46510041 -5.27203043 -4.77776640 -3.94088280 -3.30003517 
5.33669923e-04 -5.46510041 -5.27203043 -4.77776640 -3.94088280 -3.30003517 
4.32876128e-04 -5.46510041 -5.27203043 -4.77776640 -3.94088280 -3.30003517 
3.51119173e-04 -5.46510041 -5.27203043 -4.77776640 -3.94088280 -3.30003517 
2.84803587e-04 -5.46510041 -5.27203043 -4.77776640 -3.94088280 -3.30003517 
2.31012970e-04 -5.46510041 -5.27203043 -4.77776640 -3.94088280 -3.30003517 
1.87381742e-04 -5.46510041 -5.27203043 -4.77776640 -3.94088280 -3.30003517 
1.51991108e-04 -5.46510041 -5.27203043 -4.77776640 -3.94088280 -3.30003517 
1.23284674e-04 -5.46510041 -5.27203043 -4.77776640 -3.94088280 -3.30003517 
1.00000000e-04 -5.46510041 -5.27203043 -4.77776640 -3.94088280 -3.30003517 
8.11130831e-05 -5.46510041 -5.27203043 -4.77776640 -3.94088280 -3.30003517 
6.57933225e-05 -5.46510041 -5.27203043 -4.77776640 -3.94088280 -3.30003517 
5.33669923e-05 -5.46510041 -5.27203043 -4.77776640 -3.94088280 -3.30003517 
4.32876128e-05 -5.46510041 -5.27203043 -4.77776640 -3.94088280 -3.30003517 
3.51119173e-05 -5.46510041 -5.27203043 -4.77776640 -3.94088280 -3.30003517 
2.84803587e-05 -5.46510041 -5.27203043 -4.77776640 -3.94088280 -3.30003517 
2.31012970e-05 -5.46510041 -5.27203043 -4.77776640 -3.94088280 -3.30003517 
1.87381742e-05 -5.46510041 -5.27203043 -4.77776640 -3.94088280 -3.30003517 
1.51991108e-05 -5.46510041 -5.27203043 -4.77776640 -3.94088280 -3.30003517 
1.23284674e-05 -5.46510041 -5.27203043 -4.77776640 -3.94088280 -3.30003517 
1.00000000e-05 -5.46510041 -5.27203043 -4.77776640 -3.94088280 -3.30003517 
8.11130831e-06 -5.46510041 -5.27203043 -4.77776640 -3.94088280 -3.30003517 
6.57933225e-06 -5.46510041 -5.27203043 -4.77776640 -3.94088280 -3.30003517 
5.33669923e-06 -5.46510041 -5.27203043 -4.77776640 -3.94088280 -3.30003517 
4.32876128e-06 -5.46510041 -5.27203043 -4.77776640 -3.94088280 -3.30003517 
3.51119173e-06 -5.46510041 -5.27203043 -4.77776640 -3.94088280 -3.30003517 
2.84803587e-06 -5.46510041 -5.27203043 -4.77776640 -3.94088280 -3.30003517 
2.31012970e-06 -5.46510041 -5.27203043 -4.77776640 -3.94088280 -3.30003517 
1.87381742e-06 -5.46510041 -5.27203043 -4.77776640 -3.94088280 -3.30003517 
1.51991108e-06 -5.46510041 -5.27203043 -4.77776640 -3.94088280 -3.30003517 
1.23284674e-06 -5.46510041 -5.27203043 -4.77776640 -3.94088280 -3.30003517 
1.00000000e-06 -5.46510041 -5.27203043 -4.77776640 -3.94088280 -3.30003517 
8.11130831e-07 -5.46510041 -5.27203043 -4.77776640 -3.94088280 -3.30003517 
6.57933225e-07 -5.46510041 -5.27203043 -4.77776640 -3.94088280 -3.30003517 
5.33669923e-07 -5.46510041 -5.27203043 -4.77776640 -3.94088280 -3.30003517 
4.32876128e-07 -5.46510041 -5.27203043 -4.77776640 -3.94088280 -3.30003517 
3.51119173e-07 -5.46510041 -5.27203043 -4.77776640 -3.94088280 -3.30003517 
2.84803587e-07 -5.46510041 -5.27203043 -4.77776640 -3.94088280 -3.30003517 
2.31012970e-07 -5.46510041 -5.27203043 -4.77776640 -3.94088280 -3.30003517 
1.87381742e-07 -5.46510041 -5.27203043 -4.77776640 -3.94088280 -3.30003517 
1.51991108e-07 -5.46510041 -5.27203043 -4.77776640 -3.94088280 -3.30003517 
1.23284674e-07 -5.46510041 -5.27203043 -4.77776640 -3.94088280 -3.30003517 
1.00000000e-07 -5.46510041 -5.27203043 -4.77776640 -3.94088280 -3.30003517 
P (bar) | log_NH3: -2σ | log_NH3: -1σ | log_NH3: median | log_NH3: +1σ | log_NH3: +2σ 
1.00000000e+02 -7.90210956 -7.43533331 -6.17981160 -5.20537960 -5.03423836 
8.11130831e+01 -7.90210956 -7.43533331 -6.17981160 -5.20537960 -5.03423836 
6.57933225e+01 -7.90210956 -7.43533331 -6.17981160 -5.20537960 -5.03423836 
5.33669923e+01 -7.90210956 -7.43533331 -6.17981160 -5.20537960 -5.03423836 
4.32876128e+01 -7.90210956 -7.43533331 -6.17981160 -5.20537960 -5.03423836 
3.51119173e+01 -7.90210956 -7.43533331 -6.17981160 -5.20537960 -5.03423836 
2.84803587e+01 -7.90210956 -7.43533331 -6.17981160 -5.20537960 -5.03423836 
2.31012970e+01 -7.90210956 -7.43533331 -6.17981160 -5.20537960 -5.03423836 
1.87381742e+01 -7.90210956 -7.43533331 -6.17981160 -5.20537960 -5.03423836 
1.51991108e+01 -7.90210956 -7.43533331 -6.17981160 -5.20537960 -5.03423836 
1.23284674e+01 -7.90210956 -7.43533331 -6.17981160 -5.20537960 -5.03423836 
1.00000000e+01 -7.90210956 -7.43533331 -6.17981160 -5.20537960 -5.03423836 
8.11130831e+00 -7.90210956 -7.43533331 -6.17981160 -5.20537960 -5.03423836 
6.57933225e+00 -7.90210956 -7.43533331 -6.17981160 -5.20537960 -5.03423836 
5.33669923e+00 -7.90210956 -7.43533331 -6.17981160 -5.20537960 -5.03423836 
4.32876128e+00 -7.90210956 -7.43533331 -6.17981160 -5.20537960 -5.03423836 
3.51119173e+00 -7.90210956 -7.43533331 -6.17981160 -5.20537960 -5.03423836 
2.84803587e+00 -7.90210956 -7.43533331 -6.17981160 -5.20537960 -5.03423836 
2.31012970e+00 -7.90210956 -7.43533331 -6.17981160 -5.20537960 -5.03423836 
1.87381742e+00 -7.90210956 -7.43533331 -6.17981160 -5.20537960 -5.03423836 
1.51991108e+00 -7.90210956 -7.43533331 -6.17981160 -5.20537960 -5.03423836 
1.23284674e+00 -7.90210956 -7.43533331 -6.17981160 -5.20537960 -5.03423836 
1.00000000e+00 -7.90210956 -7.43533331 -6.17981160 -5.20537960 -5.03423836 
8.11130831e-01 -7.90210956 -7.43533331 -6.17981160 -5.20537960 -5.03423836 
6.57933225e-01 -7.90210956 -7.43533331 -6.17981160 -5.20537960 -5.03423836 
5.33669923e-01 -7.90210956 -7.43533331 -6.17981160 -5.20537960 -5.03423836 
4.32876128e-01 -7.90210956 -7.43533331 -6.17981160 -5.20537960 -5.03423836 
3.51119173e-01 -7.90210956 -7.43533331 -6.17981160 -5.20537960 -5.03423836 
2.84803587e-01 -7.90210956 -7.43533331 -6.17981160 -5.20537960 -5.03423836 
2.31012970e-01 -7.90210956 -7.43533331 -6.17981160 -5.20537960 -5.03423836 
1.87381742e-01 -7.90210956 -7.43533331 -6.17981160 -5.20537960 -5.03423836 
1.51991108e-01 -7.90210956 -7.43533331 -6.17981160 -5.20537960 -5.03423836 
1.23284674e-01 -7.90210956 -7.43533331 -6.17981160 -5.20537960 -5.03423836 
1.00000000e-01 -7.90210956 -7.43533331 -6.17981160 -5.20537960 -5.03423836 
8.11130831e-02 -7.90210956 -7.43533331 -6.17981160 -5.20537960 -5.03423836 
6.57933225e-02 -7.90210956 -7.43533331 -6.17981160 -5.20537960 -5.03423836 
5.33669923e-02 -7.90210956 -7.43533331 -6.17981160 -5.20537960 -5.03423836 
4.32876128e-02 -7.90210956 -7.43533331 -6.17981160 -5.20537960 -5.03423836 
3.51119173e-02 -7.90210956 -7.43533331 -6.17981160 -5.20537960 -5.03423836 
2.84803587e-02 -7.90210956 -7.43533331 -6.17981160 -5.20537960 -5.03423836 
2.31012970e-02 -7.90210956 -7.43533331 -6.17981160 -5.20537960 -5.03423836 
1.87381742e-02 -7.90210956 -7.43533331 -6.17981160 -5.20537960 -5.03423836 
1.51991108e-02 -7.90210956 -7.43533331 -6.17981160 -5.20537960 -5.03423836 
1.23284674e-02 -7.90210956 -7.43533331 -6.17981160 -5.20537960 -5.03423836 
1.00000000e-02 -7.90210956 -7.43533331 -6.17981160 -5.20537960 -5.03423836 
8.11130831e-03 -7.90210956 -7.43533331 -6.17981160 -5.20537960 -5.03423836 
6.57933225e-03 -7.90210956 -7.43533331 -6.17981160 -5.20537960 -5.03423836 
5.33669923e-03 -7.90210956 -7.43533331 -6.17981160 -5.20537960 -5.03423836 
4.32876128e-03 -7.90210956 -7.43533331 -6.17981160 -5.20537960 -5.03423836 
3.51119173e-03 -7.90210956 -7.43533331 -6.17981160 -5.20537960 -5.03423836 
2.84803587e-03 -7.90210956 -7.43533331 -6.17981160 -5.20537960 -5.03423836 
2.31012970e-03 -7.90210956 -7.43533331 -6.17981160 -5.20537960 -5.03423836 
1.87381742e-03 -7.90210956 -7.43533331 -6.17981160 -5.20537960 -5.03423836 
1.51991108e-03 -7.90210956 -7.43533331 -6.17981160 -5.20537960 -5.03423836 
1.23284674e-03 -7.90210956 -7.43533331 -6.17981160 -5.20537960 -5.03423836 
1.00000000e-03 -7.90210956 -7.43533331 -6.17981160 -5.20537960 -5.03423836 
8.11130831e-04 -7.90210956 -7.43533331 -6.17981160 -5.20537960 -5.03423836 
6.57933225e-04 -7.90210956 -7.43533331 -6.17981160 -5.20537960 -5.03423836 
5.33669923e-04 -7.90210956 -7.43533331 -6.17981160 -5.20537960 -5.03423836 
4.32876128e-04 -7.90210956 -7.43533331 -6.17981160 -5.20537960 -5.03423836 
3.51119173e-04 -7.90210956 -7.43533331 -6.17981160 -5.20537960 -5.03423836 
2.84803587e-04 -7.90210956 -7.43533331 -6.17981160 -5.20537960 -5.03423836 
2.31012970e-04 -7.90210956 -7.43533331 -6.17981160 -5.20537960 -5.03423836 
1.87381742e-04 -7.90210956 -7.43533331 -6.17981160 -5.20537960 -5.03423836 
1.51991108e-04 -7.90210956 -7.43533331 -6.17981160 -5.20537960 -5.03423836 
1.23284674e-04 -7.90210956 -7.43533331 -6.17981160 -5.20537960 -5.03423836 
1.00000000e-04 -7.90210956 -7.43533331 -6.17981160 -5.20537960 -5.03423836 
8.11130831e-05 -7.90210956 -7.43533331 -6.17981160 -5.20537960 -5.03423836 
6.57933225e-05 -7.90210956 -7.43533331 -6.17981160 -5.20537960 -5.03423836 
5.33669923e-05 -7.90210956 -7.43533331 -6.17981160 -5.20537960 -5.03423836 
4.32876128e-05 -7.90210956 -7.43533331 -6.17981160 -5.20537960 -5.03423836 
3.51119173e-05 -7.90210956 -7.43533331 -6.17981160 -5.20537960 -5.03423836 
2.84803587e-05 -7.90210956 -7.43533331 -6.17981160 -5.20537960 -5.03423836 
2.31012970e-05 -7.90210956 -7.43533331 -6.17981160 -5.20537960 -5.03423836 
1.87381742e-05 -7.90210956 -7.43533331 -6.17981160 -5.20537960 -5.03423836 
1.51991108e-05 -7.90210956 -7.43533331 -6.17981160 -5.20537960 -5.03423836 
1.23284674e-05 -7.90210956 -7.43533331 -6.17981160 -5.20537960 -5.03423836 
1.00000000e-05 -7.90210956 -7.43533331 -6.17981160 -5.20537960 -5.03423836 
8.11130831e-06 -7.90210956 -7.43533331 -6.17981160 -5.20537960 -5.03423836 
6.57933225e-06 -7.90210956 -7.43533331 -6.17981160 -5.20537960 -5.03423836 
5.33669923e-06 -7.90210956 -7.43533331 -6.17981160 -5.20537960 -5.03423836 
4.32876128e-06 -7.90210956 -7.43533331 -6.17981160 -5.20537960 -5.03423836 
3.51119173e-06 -7.90210956 -7.43533331 -6.17981160 -5.20537960 -5.03423836 
2.84803587e-06 -7.90210956 -7.43533331 -6.17981160 -5.20537960 -5.03423836 
2.31012970e-06 -7.90210956 -7.43533331 -6.17981160 -5.20537960 -5.03423836 
1.87381742e-06 -7.90210956 -7.43533331 -6.17981160 -5.20537960 -5.03423836 
1.51991108e-06 -7.90210956 -7.43533331 -6.17981160 -5.20537960 -5.03423836 
1.23284674e-06 -7.90210956 -7.43533331 -6.17981160 -5.20537960 -5.03423836 
1.00000000e-06 -7.90210956 -7.43533331 -6.17981160 -5.20537960 -5.03423836 
8.11130831e-07 -7.90210956 -7.43533331 -6.17981160 -5.20537960 -5.03423836 
6.57933225e-07 -7.90210956 -7.43533331 -6.17981160 -5.20537960 -5.03423836 
5.33669923e-07 -7.90210956 -7.43533331 -6.17981160 -5.20537960 -5.03423836 
4.32876128e-07 -7.90210956 -7.43533331 -6.17981160 -5.20537960 -5.03423836 
3.51119173e-07 -7.90210956 -7.43533331 -6.17981160 -5.20537960 -5.03423836 
2.84803587e-07 -7.90210956 -7.43533331 -6.17981160 -5.20537960 -5.03423836 
2.31012970e-07 -7.90210956 -7.43533331 -6.17981160 -5.20537960 -5.03423836 
1.87381742e-07 -7.90210956 -7.43533331 -6.17981160 -5.20537960 -5.03423836 
1.51991108e-07 -7.90210956 -7.43533331 -6.17981160 -5.20537960 -5.03423836 
1.23284674e-07 -7.90210956 -7.43533331 -6.17981160 -5.20537960 -5.03423836 
1.00000000e-07 -7.90210956 -7.43533331 -6.17981160 -5.20537960 -5.03423836 
