Chemical species: H2 He H2O SO2 CO H2S NH3 CH4
P (bar) | log_H2: -2σ | log_H2: -1σ | log_H2: median | log_H2: +1σ | log_H2: +2σ 
1.00000000e+02 -0.11383798 -0.11255232 -0.10926429 -0.10374022 -0.09645146 
8.11130831e+01 -0.11383798 -0.11255232 -0.10926429 -0.10374022 -0.09645146 
6.57933225e+01 -0.11383798 -0.11255232 -0.10926429 -0.10374022 -0.09645146 
5.33669923e+01 -0.11383798 -0.11255232 -0.10926429 -0.10374022 -0.09645146 
4.32876128e+01 -0.11383798 -0.11255232 -0.10926429 -0.10374022 -0.09645146 
3.51119173e+01 -0.11383798 -0.11255232 -0.10926429 -0.10374022 -0.09645146 
2.84803587e+01 -0.11383798 -0.11255232 -0.10926429 -0.10374022 -0.09645146 
2.31012970e+01 -0.11383798 -0.11255232 -0.10926429 -0.10374022 -0.09645146 
1.87381742e+01 -0.11383798 -0.11255232 -0.10926429 -0.10374022 -0.09645146 
1.51991108e+01 -0.11383798 -0.11255232 -0.10926429 -0.10374022 -0.09645146 
1.23284674e+01 -0.11383798 -0.11255232 -0.10926429 -0.10374022 -0.09645146 
1.00000000e+01 -0.11383798 -0.11255232 -0.10926429 -0.10374022 -0.09645146 
8.11130831e+00 -0.11383798 -0.11255232 -0.10926429 -0.10374022 -0.09645146 
6.57933225e+00 -0.11383798 -0.11255232 -0.10926429 -0.10374022 -0.09645146 
5.33669923e+00 -0.11383798 -0.11255232 -0.10926429 -0.10374022 -0.09645146 
4.32876128e+00 -0.11383798 -0.11255232 -0.10926429 -0.10374022 -0.09645146 
3.51119173e+00 -0.11383798 -0.11255232 -0.10926429 -0.10374022 -0.09645146 
2.84803587e+00 -0.11383798 -0.11255232 -0.10926429 -0.10374022 -0.09645146 
2.31012970e+00 -0.11383798 -0.11255232 -0.10926429 -0.10374022 -0.09645146 
1.87381742e+00 -0.11383798 -0.11255232 -0.10926429 -0.10374022 -0.09645146 
1.51991108e+00 -0.11383798 -0.11255232 -0.10926429 -0.10374022 -0.09645146 
1.23284674e+00 -0.11383798 -0.11255232 -0.10926429 -0.10374022 -0.09645146 
1.00000000e+00 -0.11383798 -0.11255232 -0.10926429 -0.10374022 -0.09645146 
8.11130831e-01 -0.11383798 -0.11255232 -0.10926429 -0.10374022 -0.09645146 
6.57933225e-01 -0.11383798 -0.11255232 -0.10926429 -0.10374022 -0.09645146 
5.33669923e-01 -0.11383798 -0.11255232 -0.10926429 -0.10374022 -0.09645146 
4.32876128e-01 -0.11383798 -0.11255232 -0.10926429 -0.10374022 -0.09645146 
3.51119173e-01 -0.11383798 -0.11255232 -0.10926429 -0.10374022 -0.09645146 
2.84803587e-01 -0.11383798 -0.11255232 -0.10926429 -0.10374022 -0.09645146 
2.31012970e-01 -0.11383798 -0.11255232 -0.10926429 -0.10374022 -0.09645146 
1.87381742e-01 -0.11383798 -0.11255232 -0.10926429 -0.10374022 -0.09645146 
1.51991108e-01 -0.11383798 -0.11255232 -0.10926429 -0.10374022 -0.09645146 
1.23284674e-01 -0.11383798 -0.11255232 -0.10926429 -0.10374022 -0.09645146 
1.00000000e-01 -0.11383798 -0.11255232 -0.10926429 -0.10374022 -0.09645146 
8.11130831e-02 -0.11383798 -0.11255232 -0.10926429 -0.10374022 -0.09645146 
6.57933225e-02 -0.11383798 -0.11255232 -0.10926429 -0.10374022 -0.09645146 
5.33669923e-02 -0.11383798 -0.11255232 -0.10926429 -0.10374022 -0.09645146 
4.32876128e-02 -0.11383798 -0.11255232 -0.10926429 -0.10374022 -0.09645146 
3.51119173e-02 -0.11383798 -0.11255232 -0.10926429 -0.10374022 -0.09645146 
2.84803587e-02 -0.11383798 -0.11255232 -0.10926429 -0.10374022 -0.09645146 
2.31012970e-02 -0.11383798 -0.11255232 -0.10926429 -0.10374022 -0.09645146 
1.87381742e-02 -0.11383798 -0.11255232 -0.10926429 -0.10374022 -0.09645146 
1.51991108e-02 -0.11383798 -0.11255232 -0.10926429 -0.10374022 -0.09645146 
1.23284674e-02 -0.11383798 -0.11255232 -0.10926429 -0.10374022 -0.09645146 
1.00000000e-02 -0.11383798 -0.11255232 -0.10926429 -0.10374022 -0.09645146 
8.11130831e-03 -0.11383798 -0.11255232 -0.10926429 -0.10374022 -0.09645146 
6.57933225e-03 -0.11383798 -0.11255232 -0.10926429 -0.10374022 -0.09645146 
5.33669923e-03 -0.11383798 -0.11255232 -0.10926429 -0.10374022 -0.09645146 
4.32876128e-03 -0.11383798 -0.11255232 -0.10926429 -0.10374022 -0.09645146 
3.51119173e-03 -0.11383798 -0.11255232 -0.10926429 -0.10374022 -0.09645146 
2.84803587e-03 -0.11383798 -0.11255232 -0.10926429 -0.10374022 -0.09645146 
2.31012970e-03 -0.11383798 -0.11255232 -0.10926429 -0.10374022 -0.09645146 
1.87381742e-03 -0.11383798 -0.11255232 -0.10926429 -0.10374022 -0.09645146 
1.51991108e-03 -0.11383798 -0.11255232 -0.10926429 -0.10374022 -0.09645146 
1.23284674e-03 -0.11383798 -0.11255232 -0.10926429 -0.10374022 -0.09645146 
1.00000000e-03 -0.11383798 -0.11255232 -0.10926429 -0.10374022 -0.09645146 
8.11130831e-04 -0.11383798 -0.11255232 -0.10926429 -0.10374022 -0.09645146 
6.57933225e-04 -0.11383798 -0.11255232 -0.10926429 -0.10374022 -0.09645146 
5.33669923e-04 -0.11383798 -0.11255232 -0.10926429 -0.10374022 -0.09645146 
4.32876128e-04 -0.11383798 -0.11255232 -0.10926429 -0.10374022 -0.09645146 
3.51119173e-04 -0.11383798 -0.11255232 -0.10926429 -0.10374022 -0.09645146 
2.84803587e-04 -0.11383798 -0.11255232 -0.10926429 -0.10374022 -0.09645146 
2.31012970e-04 -0.11383798 -0.11255232 -0.10926429 -0.10374022 -0.09645146 
1.87381742e-04 -0.11383798 -0.11255232 -0.10926429 -0.10374022 -0.09645146 
1.51991108e-04 -0.11383798 -0.11255232 -0.10926429 -0.10374022 -0.09645146 
1.23284674e-04 -0.11383798 -0.11255232 -0.10926429 -0.10374022 -0.09645146 
1.00000000e-04 -0.11383798 -0.11255232 -0.10926429 -0.10374022 -0.09645146 
8.11130831e-05 -0.11383798 -0.11255232 -0.10926429 -0.10374022 -0.09645146 
6.57933225e-05 -0.11383798 -0.11255232 -0.10926429 -0.10374022 -0.09645146 
5.33669923e-05 -0.11383798 -0.11255232 -0.10926429 -0.10374022 -0.09645146 
4.32876128e-05 -0.11383798 -0.11255232 -0.10926429 -0.10374022 -0.09645146 
3.51119173e-05 -0.11383798 -0.11255232 -0.10926429 -0.10374022 -0.09645146 
2.84803587e-05 -0.11383798 -0.11255232 -0.10926429 -0.10374022 -0.09645146 
2.31012970e-05 -0.11383798 -0.11255232 -0.10926429 -0.10374022 -0.09645146 
1.87381742e-05 -0.11383798 -0.11255232 -0.10926429 -0.10374022 -0.09645146 
1.51991108e-05 -0.11383798 -0.11255232 -0.10926429 -0.10374022 -0.09645146 
1.23284674e-05 -0.11383798 -0.11255232 -0.10926429 -0.10374022 -0.09645146 
1.00000000e-05 -0.11383798 -0.11255232 -0.10926429 -0.10374022 -0.09645146 
8.11130831e-06 -0.11383798 -0.11255232 -0.10926429 -0.10374022 -0.09645146 
6.57933225e-06 -0.11383798 -0.11255232 -0.10926429 -0.10374022 -0.09645146 
5.33669923e-06 -0.11383798 -0.11255232 -0.10926429 -0.10374022 -0.09645146 
4.32876128e-06 -0.11383798 -0.11255232 -0.10926429 -0.10374022 -0.09645146 
3.51119173e-06 -0.11383798 -0.11255232 -0.10926429 -0.10374022 -0.09645146 
2.84803587e-06 -0.11383798 -0.11255232 -0.10926429 -0.10374022 -0.09645146 
2.31012970e-06 -0.11383798 -0.11255232 -0.10926429 -0.10374022 -0.09645146 
1.87381742e-06 -0.11383798 -0.11255232 -0.10926429 -0.10374022 -0.09645146 
1.51991108e-06 -0.11383798 -0.11255232 -0.10926429 -0.10374022 -0.09645146 
1.23284674e-06 -0.11383798 -0.11255232 -0.10926429 -0.10374022 -0.09645146 
1.00000000e-06 -0.11383798 -0.11255232 -0.10926429 -0.10374022 -0.09645146 
8.11130831e-07 -0.11383798 -0.11255232 -0.10926429 -0.10374022 -0.09645146 
6.57933225e-07 -0.11383798 -0.11255232 -0.10926429 -0.10374022 -0.09645146 
5.33669923e-07 -0.11383798 -0.11255232 -0.10926429 -0.10374022 -0.09645146 
4.32876128e-07 -0.11383798 -0.11255232 -0.10926429 -0.10374022 -0.09645146 
3.51119173e-07 -0.11383798 -0.11255232 -0.10926429 -0.10374022 -0.09645146 
2.84803587e-07 -0.11383798 -0.11255232 -0.10926429 -0.10374022 -0.09645146 
2.31012970e-07 -0.11383798 -0.11255232 -0.10926429 -0.10374022 -0.09645146 
1.87381742e-07 -0.11383798 -0.11255232 -0.10926429 -0.10374022 -0.09645146 
1.51991108e-07 -0.11383798 -0.11255232 -0.10926429 -0.10374022 -0.09645146 
1.23284674e-07 -0.11383798 -0.11255232 -0.10926429 -0.10374022 -0.09645146 
1.00000000e-07 -0.11383798 -0.11255232 -0.10926429 -0.10374022 -0.09645146 
P (bar) | log_He: -2σ | log_He: -1σ | log_He: median | log_He: +1σ | log_He: +2σ 
1.00000000e+02 -0.88338906 -0.88210339 -0.87881537 -0.87329130 -0.86600253 
8.11130831e+01 -0.88338906 -0.88210339 -0.87881537 -0.87329130 -0.86600253 
6.57933225e+01 -0.88338906 -0.88210339 -0.87881537 -0.87329130 -0.86600253 
5.33669923e+01 -0.88338906 -0.88210339 -0.87881537 -0.87329130 -0.86600253 
4.32876128e+01 -0.88338906 -0.88210339 -0.87881537 -0.87329130 -0.86600253 
3.51119173e+01 -0.88338906 -0.88210339 -0.87881537 -0.87329130 -0.86600253 
2.84803587e+01 -0.88338906 -0.88210339 -0.87881537 -0.87329130 -0.86600253 
2.31012970e+01 -0.88338906 -0.88210339 -0.87881537 -0.87329130 -0.86600253 
1.87381742e+01 -0.88338906 -0.88210339 -0.87881537 -0.87329130 -0.86600253 
1.51991108e+01 -0.88338906 -0.88210339 -0.87881537 -0.87329130 -0.86600253 
1.23284674e+01 -0.88338906 -0.88210339 -0.87881537 -0.87329130 -0.86600253 
1.00000000e+01 -0.88338906 -0.88210339 -0.87881537 -0.87329130 -0.86600253 
8.11130831e+00 -0.88338906 -0.88210339 -0.87881537 -0.87329130 -0.86600253 
6.57933225e+00 -0.88338906 -0.88210339 -0.87881537 -0.87329130 -0.86600253 
5.33669923e+00 -0.88338906 -0.88210339 -0.87881537 -0.87329130 -0.86600253 
4.32876128e+00 -0.88338906 -0.88210339 -0.87881537 -0.87329130 -0.86600253 
3.51119173e+00 -0.88338906 -0.88210339 -0.87881537 -0.87329130 -0.86600253 
2.84803587e+00 -0.88338906 -0.88210339 -0.87881537 -0.87329130 -0.86600253 
2.31012970e+00 -0.88338906 -0.88210339 -0.87881537 -0.87329130 -0.86600253 
1.87381742e+00 -0.88338906 -0.88210339 -0.87881537 -0.87329130 -0.86600253 
1.51991108e+00 -0.88338906 -0.88210339 -0.87881537 -0.87329130 -0.86600253 
1.23284674e+00 -0.88338906 -0.88210339 -0.87881537 -0.87329130 -0.86600253 
1.00000000e+00 -0.88338906 -0.88210339 -0.87881537 -0.87329130 -0.86600253 
8.11130831e-01 -0.88338906 -0.88210339 -0.87881537 -0.87329130 -0.86600253 
6.57933225e-01 -0.88338906 -0.88210339 -0.87881537 -0.87329130 -0.86600253 
5.33669923e-01 -0.88338906 -0.88210339 -0.87881537 -0.87329130 -0.86600253 
4.32876128e-01 -0.88338906 -0.88210339 -0.87881537 -0.87329130 -0.86600253 
3.51119173e-01 -0.88338906 -0.88210339 -0.87881537 -0.87329130 -0.86600253 
2.84803587e-01 -0.88338906 -0.88210339 -0.87881537 -0.87329130 -0.86600253 
2.31012970e-01 -0.88338906 -0.88210339 -0.87881537 -0.87329130 -0.86600253 
1.87381742e-01 -0.88338906 -0.88210339 -0.87881537 -0.87329130 -0.86600253 
1.51991108e-01 -0.88338906 -0.88210339 -0.87881537 -0.87329130 -0.86600253 
1.23284674e-01 -0.88338906 -0.88210339 -0.87881537 -0.87329130 -0.86600253 
1.00000000e-01 -0.88338906 -0.88210339 -0.87881537 -0.87329130 -0.86600253 
8.11130831e-02 -0.88338906 -0.88210339 -0.87881537 -0.87329130 -0.86600253 
6.57933225e-02 -0.88338906 -0.88210339 -0.87881537 -0.87329130 -0.86600253 
5.33669923e-02 -0.88338906 -0.88210339 -0.87881537 -0.87329130 -0.86600253 
4.32876128e-02 -0.88338906 -0.88210339 -0.87881537 -0.87329130 -0.86600253 
3.51119173e-02 -0.88338906 -0.88210339 -0.87881537 -0.87329130 -0.86600253 
2.84803587e-02 -0.88338906 -0.88210339 -0.87881537 -0.87329130 -0.86600253 
2.31012970e-02 -0.88338906 -0.88210339 -0.87881537 -0.87329130 -0.86600253 
1.87381742e-02 -0.88338906 -0.88210339 -0.87881537 -0.87329130 -0.86600253 
1.51991108e-02 -0.88338906 -0.88210339 -0.87881537 -0.87329130 -0.86600253 
1.23284674e-02 -0.88338906 -0.88210339 -0.87881537 -0.87329130 -0.86600253 
1.00000000e-02 -0.88338906 -0.88210339 -0.87881537 -0.87329130 -0.86600253 
8.11130831e-03 -0.88338906 -0.88210339 -0.87881537 -0.87329130 -0.86600253 
6.57933225e-03 -0.88338906 -0.88210339 -0.87881537 -0.87329130 -0.86600253 
5.33669923e-03 -0.88338906 -0.88210339 -0.87881537 -0.87329130 -0.86600253 
4.32876128e-03 -0.88338906 -0.88210339 -0.87881537 -0.87329130 -0.86600253 
3.51119173e-03 -0.88338906 -0.88210339 -0.87881537 -0.87329130 -0.86600253 
2.84803587e-03 -0.88338906 -0.88210339 -0.87881537 -0.87329130 -0.86600253 
2.31012970e-03 -0.88338906 -0.88210339 -0.87881537 -0.87329130 -0.86600253 
1.87381742e-03 -0.88338906 -0.88210339 -0.87881537 -0.87329130 -0.86600253 
1.51991108e-03 -0.88338906 -0.88210339 -0.87881537 -0.87329130 -0.86600253 
1.23284674e-03 -0.88338906 -0.88210339 -0.87881537 -0.87329130 -0.86600253 
1.00000000e-03 -0.88338906 -0.88210339 -0.87881537 -0.87329130 -0.86600253 
8.11130831e-04 -0.88338906 -0.88210339 -0.87881537 -0.87329130 -0.86600253 
6.57933225e-04 -0.88338906 -0.88210339 -0.87881537 -0.87329130 -0.86600253 
5.33669923e-04 -0.88338906 -0.88210339 -0.87881537 -0.87329130 -0.86600253 
4.32876128e-04 -0.88338906 -0.88210339 -0.87881537 -0.87329130 -0.86600253 
3.51119173e-04 -0.88338906 -0.88210339 -0.87881537 -0.87329130 -0.86600253 
2.84803587e-04 -0.88338906 -0.88210339 -0.87881537 -0.87329130 -0.86600253 
2.31012970e-04 -0.88338906 -0.88210339 -0.87881537 -0.87329130 -0.86600253 
1.87381742e-04 -0.88338906 -0.88210339 -0.87881537 -0.87329130 -0.86600253 
1.51991108e-04 -0.88338906 -0.88210339 -0.87881537 -0.87329130 -0.86600253 
1.23284674e-04 -0.88338906 -0.88210339 -0.87881537 -0.87329130 -0.86600253 
1.00000000e-04 -0.88338906 -0.88210339 -0.87881537 -0.87329130 -0.86600253 
8.11130831e-05 -0.88338906 -0.88210339 -0.87881537 -0.87329130 -0.86600253 
6.57933225e-05 -0.88338906 -0.88210339 -0.87881537 -0.87329130 -0.86600253 
5.33669923e-05 -0.88338906 -0.88210339 -0.87881537 -0.87329130 -0.86600253 
4.32876128e-05 -0.88338906 -0.88210339 -0.87881537 -0.87329130 -0.86600253 
3.51119173e-05 -0.88338906 -0.88210339 -0.87881537 -0.87329130 -0.86600253 
2.84803587e-05 -0.88338906 -0.88210339 -0.87881537 -0.87329130 -0.86600253 
2.31012970e-05 -0.88338906 -0.88210339 -0.87881537 -0.87329130 -0.86600253 
1.87381742e-05 -0.88338906 -0.88210339 -0.87881537 -0.87329130 -0.86600253 
1.51991108e-05 -0.88338906 -0.88210339 -0.87881537 -0.87329130 -0.86600253 
1.23284674e-05 -0.88338906 -0.88210339 -0.87881537 -0.87329130 -0.86600253 
1.00000000e-05 -0.88338906 -0.88210339 -0.87881537 -0.87329130 -0.86600253 
8.11130831e-06 -0.88338906 -0.88210339 -0.87881537 -0.87329130 -0.86600253 
6.57933225e-06 -0.88338906 -0.88210339 -0.87881537 -0.87329130 -0.86600253 
5.33669923e-06 -0.88338906 -0.88210339 -0.87881537 -0.87329130 -0.86600253 
4.32876128e-06 -0.88338906 -0.88210339 -0.87881537 -0.87329130 -0.86600253 
3.51119173e-06 -0.88338906 -0.88210339 -0.87881537 -0.87329130 -0.86600253 
2.84803587e-06 -0.88338906 -0.88210339 -0.87881537 -0.87329130 -0.86600253 
2.31012970e-06 -0.88338906 -0.88210339 -0.87881537 -0.87329130 -0.86600253 
1.87381742e-06 -0.88338906 -0.88210339 -0.87881537 -0.87329130 -0.86600253 
1.51991108e-06 -0.88338906 -0.88210339 -0.87881537 -0.87329130 -0.86600253 
1.23284674e-06 -0.88338906 -0.88210339 -0.87881537 -0.87329130 -0.86600253 
1.00000000e-06 -0.88338906 -0.88210339 -0.87881537 -0.87329130 -0.86600253 
8.11130831e-07 -0.88338906 -0.88210339 -0.87881537 -0.87329130 -0.86600253 
6.57933225e-07 -0.88338906 -0.88210339 -0.87881537 -0.87329130 -0.86600253 
5.33669923e-07 -0.88338906 -0.88210339 -0.87881537 -0.87329130 -0.86600253 
4.32876128e-07 -0.88338906 -0.88210339 -0.87881537 -0.87329130 -0.86600253 
3.51119173e-07 -0.88338906 -0.88210339 -0.87881537 -0.87329130 -0.86600253 
2.84803587e-07 -0.88338906 -0.88210339 -0.87881537 -0.87329130 -0.86600253 
2.31012970e-07 -0.88338906 -0.88210339 -0.87881537 -0.87329130 -0.86600253 
1.87381742e-07 -0.88338906 -0.88210339 -0.87881537 -0.87329130 -0.86600253 
1.51991108e-07 -0.88338906 -0.88210339 -0.87881537 -0.87329130 -0.86600253 
1.23284674e-07 -0.88338906 -0.88210339 -0.87881537 -0.87329130 -0.86600253 
1.00000000e-07 -0.88338906 -0.88210339 -0.87881537 -0.87329130 -0.86600253 
P (bar) | log_H2O: -2σ | log_H2O: -1σ | log_H2O: median | log_H2O: +1σ | log_H2O: +2σ 
1.00000000e+02 -1.20415970 -1.10592596 -1.04653795 -1.01440058 -1.00227163 
8.11130831e+01 -1.20415970 -1.10592596 -1.04653795 -1.01440058 -1.00227163 
6.57933225e+01 -1.20415970 -1.10592596 -1.04653795 -1.01440058 -1.00227163 
5.33669923e+01 -1.20415970 -1.10592596 -1.04653795 -1.01440058 -1.00227163 
4.32876128e+01 -1.20415970 -1.10592596 -1.04653795 -1.01440058 -1.00227163 
3.51119173e+01 -1.20415970 -1.10592596 -1.04653795 -1.01440058 -1.00227163 
2.84803587e+01 -1.20415970 -1.10592596 -1.04653795 -1.01440058 -1.00227163 
2.31012970e+01 -1.20415970 -1.10592596 -1.04653795 -1.01440058 -1.00227163 
1.87381742e+01 -1.20415970 -1.10592596 -1.04653795 -1.01440058 -1.00227163 
1.51991108e+01 -1.20415970 -1.10592596 -1.04653795 -1.01440058 -1.00227163 
1.23284674e+01 -1.20415970 -1.10592596 -1.04653795 -1.01440058 -1.00227163 
1.00000000e+01 -1.20415970 -1.10592596 -1.04653795 -1.01440058 -1.00227163 
8.11130831e+00 -1.20415970 -1.10592596 -1.04653795 -1.01440058 -1.00227163 
6.57933225e+00 -1.20415970 -1.10592596 -1.04653795 -1.01440058 -1.00227163 
5.33669923e+00 -1.20415970 -1.10592596 -1.04653795 -1.01440058 -1.00227163 
4.32876128e+00 -1.20415970 -1.10592596 -1.04653795 -1.01440058 -1.00227163 
3.51119173e+00 -1.20415970 -1.10592596 -1.04653795 -1.01440058 -1.00227163 
2.84803587e+00 -1.20415970 -1.10592596 -1.04653795 -1.01440058 -1.00227163 
2.31012970e+00 -1.20415970 -1.10592596 -1.04653795 -1.01440058 -1.00227163 
1.87381742e+00 -1.20415970 -1.10592596 -1.04653795 -1.01440058 -1.00227163 
1.51991108e+00 -1.20415970 -1.10592596 -1.04653795 -1.01440058 -1.00227163 
1.23284674e+00 -1.20415970 -1.10592596 -1.04653795 -1.01440058 -1.00227163 
1.00000000e+00 -1.20415970 -1.10592596 -1.04653795 -1.01440058 -1.00227163 
8.11130831e-01 -1.20415970 -1.10592596 -1.04653795 -1.01440058 -1.00227163 
6.57933225e-01 -1.20415970 -1.10592596 -1.04653795 -1.01440058 -1.00227163 
5.33669923e-01 -1.20415970 -1.10592596 -1.04653795 -1.01440058 -1.00227163 
4.32876128e-01 -1.20415970 -1.10592596 -1.04653795 -1.01440058 -1.00227163 
3.51119173e-01 -1.20415970 -1.10592596 -1.04653795 -1.01440058 -1.00227163 
2.84803587e-01 -1.20415970 -1.10592596 -1.04653795 -1.01440058 -1.00227163 
2.31012970e-01 -1.20415970 -1.10592596 -1.04653795 -1.01440058 -1.00227163 
1.87381742e-01 -1.20415970 -1.10592596 -1.04653795 -1.01440058 -1.00227163 
1.51991108e-01 -1.20415970 -1.10592596 -1.04653795 -1.01440058 -1.00227163 
1.23284674e-01 -1.20415970 -1.10592596 -1.04653795 -1.01440058 -1.00227163 
1.00000000e-01 -1.20415970 -1.10592596 -1.04653795 -1.01440058 -1.00227163 
8.11130831e-02 -1.20415970 -1.10592596 -1.04653795 -1.01440058 -1.00227163 
6.57933225e-02 -1.20415970 -1.10592596 -1.04653795 -1.01440058 -1.00227163 
5.33669923e-02 -1.20415970 -1.10592596 -1.04653795 -1.01440058 -1.00227163 
4.32876128e-02 -1.20415970 -1.10592596 -1.04653795 -1.01440058 -1.00227163 
3.51119173e-02 -1.20415970 -1.10592596 -1.04653795 -1.01440058 -1.00227163 
2.84803587e-02 -1.20415970 -1.10592596 -1.04653795 -1.01440058 -1.00227163 
2.31012970e-02 -1.20415970 -1.10592596 -1.04653795 -1.01440058 -1.00227163 
1.87381742e-02 -1.20415970 -1.10592596 -1.04653795 -1.01440058 -1.00227163 
1.51991108e-02 -1.20415970 -1.10592596 -1.04653795 -1.01440058 -1.00227163 
1.23284674e-02 -1.20415970 -1.10592596 -1.04653795 -1.01440058 -1.00227163 
1.00000000e-02 -1.20415970 -1.10592596 -1.04653795 -1.01440058 -1.00227163 
8.11130831e-03 -1.20415970 -1.10592596 -1.04653795 -1.01440058 -1.00227163 
6.57933225e-03 -1.20415970 -1.10592596 -1.04653795 -1.01440058 -1.00227163 
5.33669923e-03 -1.20415970 -1.10592596 -1.04653795 -1.01440058 -1.00227163 
4.32876128e-03 -1.20415970 -1.10592596 -1.04653795 -1.01440058 -1.00227163 
3.51119173e-03 -1.20415970 -1.10592596 -1.04653795 -1.01440058 -1.00227163 
2.84803587e-03 -1.20415970 -1.10592596 -1.04653795 -1.01440058 -1.00227163 
2.31012970e-03 -1.20415970 -1.10592596 -1.04653795 -1.01440058 -1.00227163 
1.87381742e-03 -1.20415970 -1.10592596 -1.04653795 -1.01440058 -1.00227163 
1.51991108e-03 -1.20415970 -1.10592596 -1.04653795 -1.01440058 -1.00227163 
1.23284674e-03 -1.20415970 -1.10592596 -1.04653795 -1.01440058 -1.00227163 
1.00000000e-03 -1.20415970 -1.10592596 -1.04653795 -1.01440058 -1.00227163 
8.11130831e-04 -1.20415970 -1.10592596 -1.04653795 -1.01440058 -1.00227163 
6.57933225e-04 -1.20415970 -1.10592596 -1.04653795 -1.01440058 -1.00227163 
5.33669923e-04 -1.20415970 -1.10592596 -1.04653795 -1.01440058 -1.00227163 
4.32876128e-04 -1.20415970 -1.10592596 -1.04653795 -1.01440058 -1.00227163 
3.51119173e-04 -1.20415970 -1.10592596 -1.04653795 -1.01440058 -1.00227163 
2.84803587e-04 -1.20415970 -1.10592596 -1.04653795 -1.01440058 -1.00227163 
2.31012970e-04 -1.20415970 -1.10592596 -1.04653795 -1.01440058 -1.00227163 
1.87381742e-04 -1.20415970 -1.10592596 -1.04653795 -1.01440058 -1.00227163 
1.51991108e-04 -1.20415970 -1.10592596 -1.04653795 -1.01440058 -1.00227163 
1.23284674e-04 -1.20415970 -1.10592596 -1.04653795 -1.01440058 -1.00227163 
1.00000000e-04 -1.20415970 -1.10592596 -1.04653795 -1.01440058 -1.00227163 
8.11130831e-05 -1.20415970 -1.10592596 -1.04653795 -1.01440058 -1.00227163 
6.57933225e-05 -1.20415970 -1.10592596 -1.04653795 -1.01440058 -1.00227163 
5.33669923e-05 -1.20415970 -1.10592596 -1.04653795 -1.01440058 -1.00227163 
4.32876128e-05 -1.20415970 -1.10592596 -1.04653795 -1.01440058 -1.00227163 
3.51119173e-05 -1.20415970 -1.10592596 -1.04653795 -1.01440058 -1.00227163 
2.84803587e-05 -1.20415970 -1.10592596 -1.04653795 -1.01440058 -1.00227163 
2.31012970e-05 -1.20415970 -1.10592596 -1.04653795 -1.01440058 -1.00227163 
1.87381742e-05 -1.20415970 -1.10592596 -1.04653795 -1.01440058 -1.00227163 
1.51991108e-05 -1.20415970 -1.10592596 -1.04653795 -1.01440058 -1.00227163 
1.23284674e-05 -1.20415970 -1.10592596 -1.04653795 -1.01440058 -1.00227163 
1.00000000e-05 -1.20415970 -1.10592596 -1.04653795 -1.01440058 -1.00227163 
8.11130831e-06 -1.20415970 -1.10592596 -1.04653795 -1.01440058 -1.00227163 
6.57933225e-06 -1.20415970 -1.10592596 -1.04653795 -1.01440058 -1.00227163 
5.33669923e-06 -1.20415970 -1.10592596 -1.04653795 -1.01440058 -1.00227163 
4.32876128e-06 -1.20415970 -1.10592596 -1.04653795 -1.01440058 -1.00227163 
3.51119173e-06 -1.20415970 -1.10592596 -1.04653795 -1.01440058 -1.00227163 
2.84803587e-06 -1.20415970 -1.10592596 -1.04653795 -1.01440058 -1.00227163 
2.31012970e-06 -1.20415970 -1.10592596 -1.04653795 -1.01440058 -1.00227163 
1.87381742e-06 -1.20415970 -1.10592596 -1.04653795 -1.01440058 -1.00227163 
1.51991108e-06 -1.20415970 -1.10592596 -1.04653795 -1.01440058 -1.00227163 
1.23284674e-06 -1.20415970 -1.10592596 -1.04653795 -1.01440058 -1.00227163 
1.00000000e-06 -1.20415970 -1.10592596 -1.04653795 -1.01440058 -1.00227163 
8.11130831e-07 -1.20415970 -1.10592596 -1.04653795 -1.01440058 -1.00227163 
6.57933225e-07 -1.20415970 -1.10592596 -1.04653795 -1.01440058 -1.00227163 
5.33669923e-07 -1.20415970 -1.10592596 -1.04653795 -1.01440058 -1.00227163 
4.32876128e-07 -1.20415970 -1.10592596 -1.04653795 -1.01440058 -1.00227163 
3.51119173e-07 -1.20415970 -1.10592596 -1.04653795 -1.01440058 -1.00227163 
2.84803587e-07 -1.20415970 -1.10592596 -1.04653795 -1.01440058 -1.00227163 
2.31012970e-07 -1.20415970 -1.10592596 -1.04653795 -1.01440058 -1.00227163 
1.87381742e-07 -1.20415970 -1.10592596 -1.04653795 -1.01440058 -1.00227163 
1.51991108e-07 -1.20415970 -1.10592596 -1.04653795 -1.01440058 -1.00227163 
1.23284674e-07 -1.20415970 -1.10592596 -1.04653795 -1.01440058 -1.00227163 
1.00000000e-07 -1.20415970 -1.10592596 -1.04653795 -1.01440058 -1.00227163 
P (bar) | log_SO2: -2σ | log_SO2: -1σ | log_SO2: median | log_SO2: +1σ | log_SO2: +2σ 
1.00000000e+02 -5.96754875 -5.78277352 -5.41450755 -4.93404868 -4.60894396 
8.11130831e+01 -5.96754875 -5.78277352 -5.41450755 -4.93404868 -4.60894396 
6.57933225e+01 -5.96754875 -5.78277352 -5.41450755 -4.93404868 -4.60894396 
5.33669923e+01 -5.96754875 -5.78277352 -5.41450755 -4.93404868 -4.60894396 
4.32876128e+01 -5.96754875 -5.78277352 -5.41450755 -4.93404868 -4.60894396 
3.51119173e+01 -5.96754875 -5.78277352 -5.41450755 -4.93404868 -4.60894396 
2.84803587e+01 -5.96754875 -5.78277352 -5.41450755 -4.93404868 -4.60894396 
2.31012970e+01 -5.96754875 -5.78277352 -5.41450755 -4.93404868 -4.60894396 
1.87381742e+01 -5.96754875 -5.78277352 -5.41450755 -4.93404868 -4.60894396 
1.51991108e+01 -5.96754875 -5.78277352 -5.41450755 -4.93404868 -4.60894396 
1.23284674e+01 -5.96754875 -5.78277352 -5.41450755 -4.93404868 -4.60894396 
1.00000000e+01 -5.96754875 -5.78277352 -5.41450755 -4.93404868 -4.60894396 
8.11130831e+00 -5.96754875 -5.78277352 -5.41450755 -4.93404868 -4.60894396 
6.57933225e+00 -5.96754875 -5.78277352 -5.41450755 -4.93404868 -4.60894396 
5.33669923e+00 -5.96754875 -5.78277352 -5.41450755 -4.93404868 -4.60894396 
4.32876128e+00 -5.96754875 -5.78277352 -5.41450755 -4.93404868 -4.60894396 
3.51119173e+00 -5.96754875 -5.78277352 -5.41450755 -4.93404868 -4.60894396 
2.84803587e+00 -5.96754875 -5.78277352 -5.41450755 -4.93404868 -4.60894396 
2.31012970e+00 -5.96754875 -5.78277352 -5.41450755 -4.93404868 -4.60894396 
1.87381742e+00 -5.96754875 -5.78277352 -5.41450755 -4.93404868 -4.60894396 
1.51991108e+00 -5.96754875 -5.78277352 -5.41450755 -4.93404868 -4.60894396 
1.23284674e+00 -5.96754875 -5.78277352 -5.41450755 -4.93404868 -4.60894396 
1.00000000e+00 -5.96754875 -5.78277352 -5.41450755 -4.93404868 -4.60894396 
8.11130831e-01 -5.96754875 -5.78277352 -5.41450755 -4.93404868 -4.60894396 
6.57933225e-01 -5.96754875 -5.78277352 -5.41450755 -4.93404868 -4.60894396 
5.33669923e-01 -5.96754875 -5.78277352 -5.41450755 -4.93404868 -4.60894396 
4.32876128e-01 -5.96754875 -5.78277352 -5.41450755 -4.93404868 -4.60894396 
3.51119173e-01 -5.96754875 -5.78277352 -5.41450755 -4.93404868 -4.60894396 
2.84803587e-01 -5.96754875 -5.78277352 -5.41450755 -4.93404868 -4.60894396 
2.31012970e-01 -5.96754875 -5.78277352 -5.41450755 -4.93404868 -4.60894396 
1.87381742e-01 -5.96754875 -5.78277352 -5.41450755 -4.93404868 -4.60894396 
1.51991108e-01 -5.96754875 -5.78277352 -5.41450755 -4.93404868 -4.60894396 
1.23284674e-01 -5.96754875 -5.78277352 -5.41450755 -4.93404868 -4.60894396 
1.00000000e-01 -5.96754875 -5.78277352 -5.41450755 -4.93404868 -4.60894396 
8.11130831e-02 -5.96754875 -5.78277352 -5.41450755 -4.93404868 -4.60894396 
6.57933225e-02 -5.96754875 -5.78277352 -5.41450755 -4.93404868 -4.60894396 
5.33669923e-02 -5.96754875 -5.78277352 -5.41450755 -4.93404868 -4.60894396 
4.32876128e-02 -5.96754875 -5.78277352 -5.41450755 -4.93404868 -4.60894396 
3.51119173e-02 -5.96754875 -5.78277352 -5.41450755 -4.93404868 -4.60894396 
2.84803587e-02 -5.96754875 -5.78277352 -5.41450755 -4.93404868 -4.60894396 
2.31012970e-02 -5.96754875 -5.78277352 -5.41450755 -4.93404868 -4.60894396 
1.87381742e-02 -5.96754875 -5.78277352 -5.41450755 -4.93404868 -4.60894396 
1.51991108e-02 -5.96754875 -5.78277352 -5.41450755 -4.93404868 -4.60894396 
1.23284674e-02 -5.96754875 -5.78277352 -5.41450755 -4.93404868 -4.60894396 
1.00000000e-02 -5.96754875 -5.78277352 -5.41450755 -4.93404868 -4.60894396 
8.11130831e-03 -5.96754875 -5.78277352 -5.41450755 -4.93404868 -4.60894396 
6.57933225e-03 -5.96754875 -5.78277352 -5.41450755 -4.93404868 -4.60894396 
5.33669923e-03 -5.96754875 -5.78277352 -5.41450755 -4.93404868 -4.60894396 
4.32876128e-03 -5.96754875 -5.78277352 -5.41450755 -4.93404868 -4.60894396 
3.51119173e-03 -5.96754875 -5.78277352 -5.41450755 -4.93404868 -4.60894396 
2.84803587e-03 -5.96754875 -5.78277352 -5.41450755 -4.93404868 -4.60894396 
2.31012970e-03 -5.96754875 -5.78277352 -5.41450755 -4.93404868 -4.60894396 
1.87381742e-03 -5.96754875 -5.78277352 -5.41450755 -4.93404868 -4.60894396 
1.51991108e-03 -5.96754875 -5.78277352 -5.41450755 -4.93404868 -4.60894396 
1.23284674e-03 -5.96754875 -5.78277352 -5.41450755 -4.93404868 -4.60894396 
1.00000000e-03 -5.96754875 -5.78277352 -5.41450755 -4.93404868 -4.60894396 
8.11130831e-04 -5.96754875 -5.78277352 -5.41450755 -4.93404868 -4.60894396 
6.57933225e-04 -5.96754875 -5.78277352 -5.41450755 -4.93404868 -4.60894396 
5.33669923e-04 -5.96754875 -5.78277352 -5.41450755 -4.93404868 -4.60894396 
4.32876128e-04 -5.96754875 -5.78277352 -5.41450755 -4.93404868 -4.60894396 
3.51119173e-04 -5.96754875 -5.78277352 -5.41450755 -4.93404868 -4.60894396 
2.84803587e-04 -5.96754875 -5.78277352 -5.41450755 -4.93404868 -4.60894396 
2.31012970e-04 -5.96754875 -5.78277352 -5.41450755 -4.93404868 -4.60894396 
1.87381742e-04 -5.96754875 -5.78277352 -5.41450755 -4.93404868 -4.60894396 
1.51991108e-04 -5.96754875 -5.78277352 -5.41450755 -4.93404868 -4.60894396 
1.23284674e-04 -5.96754875 -5.78277352 -5.41450755 -4.93404868 -4.60894396 
1.00000000e-04 -5.96754875 -5.78277352 -5.41450755 -4.93404868 -4.60894396 
8.11130831e-05 -5.96754875 -5.78277352 -5.41450755 -4.93404868 -4.60894396 
6.57933225e-05 -5.96754875 -5.78277352 -5.41450755 -4.93404868 -4.60894396 
5.33669923e-05 -5.96754875 -5.78277352 -5.41450755 -4.93404868 -4.60894396 
4.32876128e-05 -5.96754875 -5.78277352 -5.41450755 -4.93404868 -4.60894396 
3.51119173e-05 -5.96754875 -5.78277352 -5.41450755 -4.93404868 -4.60894396 
2.84803587e-05 -5.96754875 -5.78277352 -5.41450755 -4.93404868 -4.60894396 
2.31012970e-05 -5.96754875 -5.78277352 -5.41450755 -4.93404868 -4.60894396 
1.87381742e-05 -5.96754875 -5.78277352 -5.41450755 -4.93404868 -4.60894396 
1.51991108e-05 -5.96754875 -5.78277352 -5.41450755 -4.93404868 -4.60894396 
1.23284674e-05 -5.96754875 -5.78277352 -5.41450755 -4.93404868 -4.60894396 
1.00000000e-05 -5.96754875 -5.78277352 -5.41450755 -4.93404868 -4.60894396 
8.11130831e-06 -5.96754875 -5.78277352 -5.41450755 -4.93404868 -4.60894396 
6.57933225e-06 -5.96754875 -5.78277352 -5.41450755 -4.93404868 -4.60894396 
5.33669923e-06 -5.96754875 -5.78277352 -5.41450755 -4.93404868 -4.60894396 
4.32876128e-06 -5.96754875 -5.78277352 -5.41450755 -4.93404868 -4.60894396 
3.51119173e-06 -5.96754875 -5.78277352 -5.41450755 -4.93404868 -4.60894396 
2.84803587e-06 -5.96754875 -5.78277352 -5.41450755 -4.93404868 -4.60894396 
2.31012970e-06 -5.96754875 -5.78277352 -5.41450755 -4.93404868 -4.60894396 
1.87381742e-06 -5.96754875 -5.78277352 -5.41450755 -4.93404868 -4.60894396 
1.51991108e-06 -5.96754875 -5.78277352 -5.41450755 -4.93404868 -4.60894396 
1.23284674e-06 -5.96754875 -5.78277352 -5.41450755 -4.93404868 -4.60894396 
1.00000000e-06 -5.96754875 -5.78277352 -5.41450755 -4.93404868 -4.60894396 
8.11130831e-07 -5.96754875 -5.78277352 -5.41450755 -4.93404868 -4.60894396 
6.57933225e-07 -5.96754875 -5.78277352 -5.41450755 -4.93404868 -4.60894396 
5.33669923e-07 -5.96754875 -5.78277352 -5.41450755 -4.93404868 -4.60894396 
4.32876128e-07 -5.96754875 -5.78277352 -5.41450755 -4.93404868 -4.60894396 
3.51119173e-07 -5.96754875 -5.78277352 -5.41450755 -4.93404868 -4.60894396 
2.84803587e-07 -5.96754875 -5.78277352 -5.41450755 -4.93404868 -4.60894396 
2.31012970e-07 -5.96754875 -5.78277352 -5.41450755 -4.93404868 -4.60894396 
1.87381742e-07 -5.96754875 -5.78277352 -5.41450755 -4.93404868 -4.60894396 
1.51991108e-07 -5.96754875 -5.78277352 -5.41450755 -4.93404868 -4.60894396 
1.23284674e-07 -5.96754875 -5.78277352 -5.41450755 -4.93404868 -4.60894396 
1.00000000e-07 -5.96754875 -5.78277352 -5.41450755 -4.93404868 -4.60894396 
P (bar) | log_CO: -2σ | log_CO: -1σ | log_CO: median | log_CO: +1σ | log_CO: +2σ 
1.00000000e+02 -3.98211009 -3.90554086 -3.72208769 -3.35480760 -2.86603681 
8.11130831e+01 -3.98211009 -3.90554086 -3.72208769 -3.35480760 -2.86603681 
6.57933225e+01 -3.98211009 -3.90554086 -3.72208769 -3.35480760 -2.86603681 
5.33669923e+01 -3.98211009 -3.90554086 -3.72208769 -3.35480760 -2.86603681 
4.32876128e+01 -3.98211009 -3.90554086 -3.72208769 -3.35480760 -2.86603681 
3.51119173e+01 -3.98211009 -3.90554086 -3.72208769 -3.35480760 -2.86603681 
2.84803587e+01 -3.98211009 -3.90554086 -3.72208769 -3.35480760 -2.86603681 
2.31012970e+01 -3.98211009 -3.90554086 -3.72208769 -3.35480760 -2.86603681 
1.87381742e+01 -3.98211009 -3.90554086 -3.72208769 -3.35480760 -2.86603681 
1.51991108e+01 -3.98211009 -3.90554086 -3.72208769 -3.35480760 -2.86603681 
1.23284674e+01 -3.98211009 -3.90554086 -3.72208769 -3.35480760 -2.86603681 
1.00000000e+01 -3.98211009 -3.90554086 -3.72208769 -3.35480760 -2.86603681 
8.11130831e+00 -3.98211009 -3.90554086 -3.72208769 -3.35480760 -2.86603681 
6.57933225e+00 -3.98211009 -3.90554086 -3.72208769 -3.35480760 -2.86603681 
5.33669923e+00 -3.98211009 -3.90554086 -3.72208769 -3.35480760 -2.86603681 
4.32876128e+00 -3.98211009 -3.90554086 -3.72208769 -3.35480760 -2.86603681 
3.51119173e+00 -3.98211009 -3.90554086 -3.72208769 -3.35480760 -2.86603681 
2.84803587e+00 -3.98211009 -3.90554086 -3.72208769 -3.35480760 -2.86603681 
2.31012970e+00 -3.98211009 -3.90554086 -3.72208769 -3.35480760 -2.86603681 
1.87381742e+00 -3.98211009 -3.90554086 -3.72208769 -3.35480760 -2.86603681 
1.51991108e+00 -3.98211009 -3.90554086 -3.72208769 -3.35480760 -2.86603681 
1.23284674e+00 -3.98211009 -3.90554086 -3.72208769 -3.35480760 -2.86603681 
1.00000000e+00 -3.98211009 -3.90554086 -3.72208769 -3.35480760 -2.86603681 
8.11130831e-01 -3.98211009 -3.90554086 -3.72208769 -3.35480760 -2.86603681 
6.57933225e-01 -3.98211009 -3.90554086 -3.72208769 -3.35480760 -2.86603681 
5.33669923e-01 -3.98211009 -3.90554086 -3.72208769 -3.35480760 -2.86603681 
4.32876128e-01 -3.98211009 -3.90554086 -3.72208769 -3.35480760 -2.86603681 
3.51119173e-01 -3.98211009 -3.90554086 -3.72208769 -3.35480760 -2.86603681 
2.84803587e-01 -3.98211009 -3.90554086 -3.72208769 -3.35480760 -2.86603681 
2.31012970e-01 -3.98211009 -3.90554086 -3.72208769 -3.35480760 -2.86603681 
1.87381742e-01 -3.98211009 -3.90554086 -3.72208769 -3.35480760 -2.86603681 
1.51991108e-01 -3.98211009 -3.90554086 -3.72208769 -3.35480760 -2.86603681 
1.23284674e-01 -3.98211009 -3.90554086 -3.72208769 -3.35480760 -2.86603681 
1.00000000e-01 -3.98211009 -3.90554086 -3.72208769 -3.35480760 -2.86603681 
8.11130831e-02 -3.98211009 -3.90554086 -3.72208769 -3.35480760 -2.86603681 
6.57933225e-02 -3.98211009 -3.90554086 -3.72208769 -3.35480760 -2.86603681 
5.33669923e-02 -3.98211009 -3.90554086 -3.72208769 -3.35480760 -2.86603681 
4.32876128e-02 -3.98211009 -3.90554086 -3.72208769 -3.35480760 -2.86603681 
3.51119173e-02 -3.98211009 -3.90554086 -3.72208769 -3.35480760 -2.86603681 
2.84803587e-02 -3.98211009 -3.90554086 -3.72208769 -3.35480760 -2.86603681 
2.31012970e-02 -3.98211009 -3.90554086 -3.72208769 -3.35480760 -2.86603681 
1.87381742e-02 -3.98211009 -3.90554086 -3.72208769 -3.35480760 -2.86603681 
1.51991108e-02 -3.98211009 -3.90554086 -3.72208769 -3.35480760 -2.86603681 
1.23284674e-02 -3.98211009 -3.90554086 -3.72208769 -3.35480760 -2.86603681 
1.00000000e-02 -3.98211009 -3.90554086 -3.72208769 -3.35480760 -2.86603681 
8.11130831e-03 -3.98211009 -3.90554086 -3.72208769 -3.35480760 -2.86603681 
6.57933225e-03 -3.98211009 -3.90554086 -3.72208769 -3.35480760 -2.86603681 
5.33669923e-03 -3.98211009 -3.90554086 -3.72208769 -3.35480760 -2.86603681 
4.32876128e-03 -3.98211009 -3.90554086 -3.72208769 -3.35480760 -2.86603681 
3.51119173e-03 -3.98211009 -3.90554086 -3.72208769 -3.35480760 -2.86603681 
2.84803587e-03 -3.98211009 -3.90554086 -3.72208769 -3.35480760 -2.86603681 
2.31012970e-03 -3.98211009 -3.90554086 -3.72208769 -3.35480760 -2.86603681 
1.87381742e-03 -3.98211009 -3.90554086 -3.72208769 -3.35480760 -2.86603681 
1.51991108e-03 -3.98211009 -3.90554086 -3.72208769 -3.35480760 -2.86603681 
1.23284674e-03 -3.98211009 -3.90554086 -3.72208769 -3.35480760 -2.86603681 
1.00000000e-03 -3.98211009 -3.90554086 -3.72208769 -3.35480760 -2.86603681 
8.11130831e-04 -3.98211009 -3.90554086 -3.72208769 -3.35480760 -2.86603681 
6.57933225e-04 -3.98211009 -3.90554086 -3.72208769 -3.35480760 -2.86603681 
5.33669923e-04 -3.98211009 -3.90554086 -3.72208769 -3.35480760 -2.86603681 
4.32876128e-04 -3.98211009 -3.90554086 -3.72208769 -3.35480760 -2.86603681 
3.51119173e-04 -3.98211009 -3.90554086 -3.72208769 -3.35480760 -2.86603681 
2.84803587e-04 -3.98211009 -3.90554086 -3.72208769 -3.35480760 -2.86603681 
2.31012970e-04 -3.98211009 -3.90554086 -3.72208769 -3.35480760 -2.86603681 
1.87381742e-04 -3.98211009 -3.90554086 -3.72208769 -3.35480760 -2.86603681 
1.51991108e-04 -3.98211009 -3.90554086 -3.72208769 -3.35480760 -2.86603681 
1.23284674e-04 -3.98211009 -3.90554086 -3.72208769 -3.35480760 -2.86603681 
1.00000000e-04 -3.98211009 -3.90554086 -3.72208769 -3.35480760 -2.86603681 
8.11130831e-05 -3.98211009 -3.90554086 -3.72208769 -3.35480760 -2.86603681 
6.57933225e-05 -3.98211009 -3.90554086 -3.72208769 -3.35480760 -2.86603681 
5.33669923e-05 -3.98211009 -3.90554086 -3.72208769 -3.35480760 -2.86603681 
4.32876128e-05 -3.98211009 -3.90554086 -3.72208769 -3.35480760 -2.86603681 
3.51119173e-05 -3.98211009 -3.90554086 -3.72208769 -3.35480760 -2.86603681 
2.84803587e-05 -3.98211009 -3.90554086 -3.72208769 -3.35480760 -2.86603681 
2.31012970e-05 -3.98211009 -3.90554086 -3.72208769 -3.35480760 -2.86603681 
1.87381742e-05 -3.98211009 -3.90554086 -3.72208769 -3.35480760 -2.86603681 
1.51991108e-05 -3.98211009 -3.90554086 -3.72208769 -3.35480760 -2.86603681 
1.23284674e-05 -3.98211009 -3.90554086 -3.72208769 -3.35480760 -2.86603681 
1.00000000e-05 -3.98211009 -3.90554086 -3.72208769 -3.35480760 -2.86603681 
8.11130831e-06 -3.98211009 -3.90554086 -3.72208769 -3.35480760 -2.86603681 
6.57933225e-06 -3.98211009 -3.90554086 -3.72208769 -3.35480760 -2.86603681 
5.33669923e-06 -3.98211009 -3.90554086 -3.72208769 -3.35480760 -2.86603681 
4.32876128e-06 -3.98211009 -3.90554086 -3.72208769 -3.35480760 -2.86603681 
3.51119173e-06 -3.98211009 -3.90554086 -3.72208769 -3.35480760 -2.86603681 
2.84803587e-06 -3.98211009 -3.90554086 -3.72208769 -3.35480760 -2.86603681 
2.31012970e-06 -3.98211009 -3.90554086 -3.72208769 -3.35480760 -2.86603681 
1.87381742e-06 -3.98211009 -3.90554086 -3.72208769 -3.35480760 -2.86603681 
1.51991108e-06 -3.98211009 -3.90554086 -3.72208769 -3.35480760 -2.86603681 
1.23284674e-06 -3.98211009 -3.90554086 -3.72208769 -3.35480760 -2.86603681 
1.00000000e-06 -3.98211009 -3.90554086 -3.72208769 -3.35480760 -2.86603681 
8.11130831e-07 -3.98211009 -3.90554086 -3.72208769 -3.35480760 -2.86603681 
6.57933225e-07 -3.98211009 -3.90554086 -3.72208769 -3.35480760 -2.86603681 
5.33669923e-07 -3.98211009 -3.90554086 -3.72208769 -3.35480760 -2.86603681 
4.32876128e-07 -3.98211009 -3.90554086 -3.72208769 -3.35480760 -2.86603681 
3.51119173e-07 -3.98211009 -3.90554086 -3.72208769 -3.35480760 -2.86603681 
2.84803587e-07 -3.98211009 -3.90554086 -3.72208769 -3.35480760 -2.86603681 
2.31012970e-07 -3.98211009 -3.90554086 -3.72208769 -3.35480760 -2.86603681 
1.87381742e-07 -3.98211009 -3.90554086 -3.72208769 -3.35480760 -2.86603681 
1.51991108e-07 -3.98211009 -3.90554086 -3.72208769 -3.35480760 -2.86603681 
1.23284674e-07 -3.98211009 -3.90554086 -3.72208769 -3.35480760 -2.86603681 
1.00000000e-07 -3.98211009 -3.90554086 -3.72208769 -3.35480760 -2.86603681 
P (bar) | log_H2S: -2σ | log_H2S: -1σ | log_H2S: median | log_H2S: +1σ | log_H2S: +2σ 
1.00000000e+02 -5.44285965 -5.23668566 -4.71926891 -4.07700876 -3.63810118 
8.11130831e+01 -5.44285965 -5.23668566 -4.71926891 -4.07700876 -3.63810118 
6.57933225e+01 -5.44285965 -5.23668566 -4.71926891 -4.07700876 -3.63810118 
5.33669923e+01 -5.44285965 -5.23668566 -4.71926891 -4.07700876 -3.63810118 
4.32876128e+01 -5.44285965 -5.23668566 -4.71926891 -4.07700876 -3.63810118 
3.51119173e+01 -5.44285965 -5.23668566 -4.71926891 -4.07700876 -3.63810118 
2.84803587e+01 -5.44285965 -5.23668566 -4.71926891 -4.07700876 -3.63810118 
2.31012970e+01 -5.44285965 -5.23668566 -4.71926891 -4.07700876 -3.63810118 
1.87381742e+01 -5.44285965 -5.23668566 -4.71926891 -4.07700876 -3.63810118 
1.51991108e+01 -5.44285965 -5.23668566 -4.71926891 -4.07700876 -3.63810118 
1.23284674e+01 -5.44285965 -5.23668566 -4.71926891 -4.07700876 -3.63810118 
1.00000000e+01 -5.44285965 -5.23668566 -4.71926891 -4.07700876 -3.63810118 
8.11130831e+00 -5.44285965 -5.23668566 -4.71926891 -4.07700876 -3.63810118 
6.57933225e+00 -5.44285965 -5.23668566 -4.71926891 -4.07700876 -3.63810118 
5.33669923e+00 -5.44285965 -5.23668566 -4.71926891 -4.07700876 -3.63810118 
4.32876128e+00 -5.44285965 -5.23668566 -4.71926891 -4.07700876 -3.63810118 
3.51119173e+00 -5.44285965 -5.23668566 -4.71926891 -4.07700876 -3.63810118 
2.84803587e+00 -5.44285965 -5.23668566 -4.71926891 -4.07700876 -3.63810118 
2.31012970e+00 -5.44285965 -5.23668566 -4.71926891 -4.07700876 -3.63810118 
1.87381742e+00 -5.44285965 -5.23668566 -4.71926891 -4.07700876 -3.63810118 
1.51991108e+00 -5.44285965 -5.23668566 -4.71926891 -4.07700876 -3.63810118 
1.23284674e+00 -5.44285965 -5.23668566 -4.71926891 -4.07700876 -3.63810118 
1.00000000e+00 -5.44285965 -5.23668566 -4.71926891 -4.07700876 -3.63810118 
8.11130831e-01 -5.44285965 -5.23668566 -4.71926891 -4.07700876 -3.63810118 
6.57933225e-01 -5.44285965 -5.23668566 -4.71926891 -4.07700876 -3.63810118 
5.33669923e-01 -5.44285965 -5.23668566 -4.71926891 -4.07700876 -3.63810118 
4.32876128e-01 -5.44285965 -5.23668566 -4.71926891 -4.07700876 -3.63810118 
3.51119173e-01 -5.44285965 -5.23668566 -4.71926891 -4.07700876 -3.63810118 
2.84803587e-01 -5.44285965 -5.23668566 -4.71926891 -4.07700876 -3.63810118 
2.31012970e-01 -5.44285965 -5.23668566 -4.71926891 -4.07700876 -3.63810118 
1.87381742e-01 -5.44285965 -5.23668566 -4.71926891 -4.07700876 -3.63810118 
1.51991108e-01 -5.44285965 -5.23668566 -4.71926891 -4.07700876 -3.63810118 
1.23284674e-01 -5.44285965 -5.23668566 -4.71926891 -4.07700876 -3.63810118 
1.00000000e-01 -5.44285965 -5.23668566 -4.71926891 -4.07700876 -3.63810118 
8.11130831e-02 -5.44285965 -5.23668566 -4.71926891 -4.07700876 -3.63810118 
6.57933225e-02 -5.44285965 -5.23668566 -4.71926891 -4.07700876 -3.63810118 
5.33669923e-02 -5.44285965 -5.23668566 -4.71926891 -4.07700876 -3.63810118 
4.32876128e-02 -5.44285965 -5.23668566 -4.71926891 -4.07700876 -3.63810118 
3.51119173e-02 -5.44285965 -5.23668566 -4.71926891 -4.07700876 -3.63810118 
2.84803587e-02 -5.44285965 -5.23668566 -4.71926891 -4.07700876 -3.63810118 
2.31012970e-02 -5.44285965 -5.23668566 -4.71926891 -4.07700876 -3.63810118 
1.87381742e-02 -5.44285965 -5.23668566 -4.71926891 -4.07700876 -3.63810118 
1.51991108e-02 -5.44285965 -5.23668566 -4.71926891 -4.07700876 -3.63810118 
1.23284674e-02 -5.44285965 -5.23668566 -4.71926891 -4.07700876 -3.63810118 
1.00000000e-02 -5.44285965 -5.23668566 -4.71926891 -4.07700876 -3.63810118 
8.11130831e-03 -5.44285965 -5.23668566 -4.71926891 -4.07700876 -3.63810118 
6.57933225e-03 -5.44285965 -5.23668566 -4.71926891 -4.07700876 -3.63810118 
5.33669923e-03 -5.44285965 -5.23668566 -4.71926891 -4.07700876 -3.63810118 
4.32876128e-03 -5.44285965 -5.23668566 -4.71926891 -4.07700876 -3.63810118 
3.51119173e-03 -5.44285965 -5.23668566 -4.71926891 -4.07700876 -3.63810118 
2.84803587e-03 -5.44285965 -5.23668566 -4.71926891 -4.07700876 -3.63810118 
2.31012970e-03 -5.44285965 -5.23668566 -4.71926891 -4.07700876 -3.63810118 
1.87381742e-03 -5.44285965 -5.23668566 -4.71926891 -4.07700876 -3.63810118 
1.51991108e-03 -5.44285965 -5.23668566 -4.71926891 -4.07700876 -3.63810118 
1.23284674e-03 -5.44285965 -5.23668566 -4.71926891 -4.07700876 -3.63810118 
1.00000000e-03 -5.44285965 -5.23668566 -4.71926891 -4.07700876 -3.63810118 
8.11130831e-04 -5.44285965 -5.23668566 -4.71926891 -4.07700876 -3.63810118 
6.57933225e-04 -5.44285965 -5.23668566 -4.71926891 -4.07700876 -3.63810118 
5.33669923e-04 -5.44285965 -5.23668566 -4.71926891 -4.07700876 -3.63810118 
4.32876128e-04 -5.44285965 -5.23668566 -4.71926891 -4.07700876 -3.63810118 
3.51119173e-04 -5.44285965 -5.23668566 -4.71926891 -4.07700876 -3.63810118 
2.84803587e-04 -5.44285965 -5.23668566 -4.71926891 -4.07700876 -3.63810118 
2.31012970e-04 -5.44285965 -5.23668566 -4.71926891 -4.07700876 -3.63810118 
1.87381742e-04 -5.44285965 -5.23668566 -4.71926891 -4.07700876 -3.63810118 
1.51991108e-04 -5.44285965 -5.23668566 -4.71926891 -4.07700876 -3.63810118 
1.23284674e-04 -5.44285965 -5.23668566 -4.71926891 -4.07700876 -3.63810118 
1.00000000e-04 -5.44285965 -5.23668566 -4.71926891 -4.07700876 -3.63810118 
8.11130831e-05 -5.44285965 -5.23668566 -4.71926891 -4.07700876 -3.63810118 
6.57933225e-05 -5.44285965 -5.23668566 -4.71926891 -4.07700876 -3.63810118 
5.33669923e-05 -5.44285965 -5.23668566 -4.71926891 -4.07700876 -3.63810118 
4.32876128e-05 -5.44285965 -5.23668566 -4.71926891 -4.07700876 -3.63810118 
3.51119173e-05 -5.44285965 -5.23668566 -4.71926891 -4.07700876 -3.63810118 
2.84803587e-05 -5.44285965 -5.23668566 -4.71926891 -4.07700876 -3.63810118 
2.31012970e-05 -5.44285965 -5.23668566 -4.71926891 -4.07700876 -3.63810118 
1.87381742e-05 -5.44285965 -5.23668566 -4.71926891 -4.07700876 -3.63810118 
1.51991108e-05 -5.44285965 -5.23668566 -4.71926891 -4.07700876 -3.63810118 
1.23284674e-05 -5.44285965 -5.23668566 -4.71926891 -4.07700876 -3.63810118 
1.00000000e-05 -5.44285965 -5.23668566 -4.71926891 -4.07700876 -3.63810118 
8.11130831e-06 -5.44285965 -5.23668566 -4.71926891 -4.07700876 -3.63810118 
6.57933225e-06 -5.44285965 -5.23668566 -4.71926891 -4.07700876 -3.63810118 
5.33669923e-06 -5.44285965 -5.23668566 -4.71926891 -4.07700876 -3.63810118 
4.32876128e-06 -5.44285965 -5.23668566 -4.71926891 -4.07700876 -3.63810118 
3.51119173e-06 -5.44285965 -5.23668566 -4.71926891 -4.07700876 -3.63810118 
2.84803587e-06 -5.44285965 -5.23668566 -4.71926891 -4.07700876 -3.63810118 
2.31012970e-06 -5.44285965 -5.23668566 -4.71926891 -4.07700876 -3.63810118 
1.87381742e-06 -5.44285965 -5.23668566 -4.71926891 -4.07700876 -3.63810118 
1.51991108e-06 -5.44285965 -5.23668566 -4.71926891 -4.07700876 -3.63810118 
1.23284674e-06 -5.44285965 -5.23668566 -4.71926891 -4.07700876 -3.63810118 
1.00000000e-06 -5.44285965 -5.23668566 -4.71926891 -4.07700876 -3.63810118 
8.11130831e-07 -5.44285965 -5.23668566 -4.71926891 -4.07700876 -3.63810118 
6.57933225e-07 -5.44285965 -5.23668566 -4.71926891 -4.07700876 -3.63810118 
5.33669923e-07 -5.44285965 -5.23668566 -4.71926891 -4.07700876 -3.63810118 
4.32876128e-07 -5.44285965 -5.23668566 -4.71926891 -4.07700876 -3.63810118 
3.51119173e-07 -5.44285965 -5.23668566 -4.71926891 -4.07700876 -3.63810118 
2.84803587e-07 -5.44285965 -5.23668566 -4.71926891 -4.07700876 -3.63810118 
2.31012970e-07 -5.44285965 -5.23668566 -4.71926891 -4.07700876 -3.63810118 
1.87381742e-07 -5.44285965 -5.23668566 -4.71926891 -4.07700876 -3.63810118 
1.51991108e-07 -5.44285965 -5.23668566 -4.71926891 -4.07700876 -3.63810118 
1.23284674e-07 -5.44285965 -5.23668566 -4.71926891 -4.07700876 -3.63810118 
1.00000000e-07 -5.44285965 -5.23668566 -4.71926891 -4.07700876 -3.63810118 
P (bar) | log_NH3: -2σ | log_NH3: -1σ | log_NH3: median | log_NH3: +1σ | log_NH3: +2σ 
1.00000000e+02 -7.91568784 -7.54018582 -6.74987758 -5.78381525 -5.22623272 
8.11130831e+01 -7.91568784 -7.54018582 -6.74987758 -5.78381525 -5.22623272 
6.57933225e+01 -7.91568784 -7.54018582 -6.74987758 -5.78381525 -5.22623272 
5.33669923e+01 -7.91568784 -7.54018582 -6.74987758 -5.78381525 -5.22623272 
4.32876128e+01 -7.91568784 -7.54018582 -6.74987758 -5.78381525 -5.22623272 
3.51119173e+01 -7.91568784 -7.54018582 -6.74987758 -5.78381525 -5.22623272 
2.84803587e+01 -7.91568784 -7.54018582 -6.74987758 -5.78381525 -5.22623272 
2.31012970e+01 -7.91568784 -7.54018582 -6.74987758 -5.78381525 -5.22623272 
1.87381742e+01 -7.91568784 -7.54018582 -6.74987758 -5.78381525 -5.22623272 
1.51991108e+01 -7.91568784 -7.54018582 -6.74987758 -5.78381525 -5.22623272 
1.23284674e+01 -7.91568784 -7.54018582 -6.74987758 -5.78381525 -5.22623272 
1.00000000e+01 -7.91568784 -7.54018582 -6.74987758 -5.78381525 -5.22623272 
8.11130831e+00 -7.91568784 -7.54018582 -6.74987758 -5.78381525 -5.22623272 
6.57933225e+00 -7.91568784 -7.54018582 -6.74987758 -5.78381525 -5.22623272 
5.33669923e+00 -7.91568784 -7.54018582 -6.74987758 -5.78381525 -5.22623272 
4.32876128e+00 -7.91568784 -7.54018582 -6.74987758 -5.78381525 -5.22623272 
3.51119173e+00 -7.91568784 -7.54018582 -6.74987758 -5.78381525 -5.22623272 
2.84803587e+00 -7.91568784 -7.54018582 -6.74987758 -5.78381525 -5.22623272 
2.31012970e+00 -7.91568784 -7.54018582 -6.74987758 -5.78381525 -5.22623272 
1.87381742e+00 -7.91568784 -7.54018582 -6.74987758 -5.78381525 -5.22623272 
1.51991108e+00 -7.91568784 -7.54018582 -6.74987758 -5.78381525 -5.22623272 
1.23284674e+00 -7.91568784 -7.54018582 -6.74987758 -5.78381525 -5.22623272 
1.00000000e+00 -7.91568784 -7.54018582 -6.74987758 -5.78381525 -5.22623272 
8.11130831e-01 -7.91568784 -7.54018582 -6.74987758 -5.78381525 -5.22623272 
6.57933225e-01 -7.91568784 -7.54018582 -6.74987758 -5.78381525 -5.22623272 
5.33669923e-01 -7.91568784 -7.54018582 -6.74987758 -5.78381525 -5.22623272 
4.32876128e-01 -7.91568784 -7.54018582 -6.74987758 -5.78381525 -5.22623272 
3.51119173e-01 -7.91568784 -7.54018582 -6.74987758 -5.78381525 -5.22623272 
2.84803587e-01 -7.91568784 -7.54018582 -6.74987758 -5.78381525 -5.22623272 
2.31012970e-01 -7.91568784 -7.54018582 -6.74987758 -5.78381525 -5.22623272 
1.87381742e-01 -7.91568784 -7.54018582 -6.74987758 -5.78381525 -5.22623272 
1.51991108e-01 -7.91568784 -7.54018582 -6.74987758 -5.78381525 -5.22623272 
1.23284674e-01 -7.91568784 -7.54018582 -6.74987758 -5.78381525 -5.22623272 
1.00000000e-01 -7.91568784 -7.54018582 -6.74987758 -5.78381525 -5.22623272 
8.11130831e-02 -7.91568784 -7.54018582 -6.74987758 -5.78381525 -5.22623272 
6.57933225e-02 -7.91568784 -7.54018582 -6.74987758 -5.78381525 -5.22623272 
5.33669923e-02 -7.91568784 -7.54018582 -6.74987758 -5.78381525 -5.22623272 
4.32876128e-02 -7.91568784 -7.54018582 -6.74987758 -5.78381525 -5.22623272 
3.51119173e-02 -7.91568784 -7.54018582 -6.74987758 -5.78381525 -5.22623272 
2.84803587e-02 -7.91568784 -7.54018582 -6.74987758 -5.78381525 -5.22623272 
2.31012970e-02 -7.91568784 -7.54018582 -6.74987758 -5.78381525 -5.22623272 
1.87381742e-02 -7.91568784 -7.54018582 -6.74987758 -5.78381525 -5.22623272 
1.51991108e-02 -7.91568784 -7.54018582 -6.74987758 -5.78381525 -5.22623272 
1.23284674e-02 -7.91568784 -7.54018582 -6.74987758 -5.78381525 -5.22623272 
1.00000000e-02 -7.91568784 -7.54018582 -6.74987758 -5.78381525 -5.22623272 
8.11130831e-03 -7.91568784 -7.54018582 -6.74987758 -5.78381525 -5.22623272 
6.57933225e-03 -7.91568784 -7.54018582 -6.74987758 -5.78381525 -5.22623272 
5.33669923e-03 -7.91568784 -7.54018582 -6.74987758 -5.78381525 -5.22623272 
4.32876128e-03 -7.91568784 -7.54018582 -6.74987758 -5.78381525 -5.22623272 
3.51119173e-03 -7.91568784 -7.54018582 -6.74987758 -5.78381525 -5.22623272 
2.84803587e-03 -7.91568784 -7.54018582 -6.74987758 -5.78381525 -5.22623272 
2.31012970e-03 -7.91568784 -7.54018582 -6.74987758 -5.78381525 -5.22623272 
1.87381742e-03 -7.91568784 -7.54018582 -6.74987758 -5.78381525 -5.22623272 
1.51991108e-03 -7.91568784 -7.54018582 -6.74987758 -5.78381525 -5.22623272 
1.23284674e-03 -7.91568784 -7.54018582 -6.74987758 -5.78381525 -5.22623272 
1.00000000e-03 -7.91568784 -7.54018582 -6.74987758 -5.78381525 -5.22623272 
8.11130831e-04 -7.91568784 -7.54018582 -6.74987758 -5.78381525 -5.22623272 
6.57933225e-04 -7.91568784 -7.54018582 -6.74987758 -5.78381525 -5.22623272 
5.33669923e-04 -7.91568784 -7.54018582 -6.74987758 -5.78381525 -5.22623272 
4.32876128e-04 -7.91568784 -7.54018582 -6.74987758 -5.78381525 -5.22623272 
3.51119173e-04 -7.91568784 -7.54018582 -6.74987758 -5.78381525 -5.22623272 
2.84803587e-04 -7.91568784 -7.54018582 -6.74987758 -5.78381525 -5.22623272 
2.31012970e-04 -7.91568784 -7.54018582 -6.74987758 -5.78381525 -5.22623272 
1.87381742e-04 -7.91568784 -7.54018582 -6.74987758 -5.78381525 -5.22623272 
1.51991108e-04 -7.91568784 -7.54018582 -6.74987758 -5.78381525 -5.22623272 
1.23284674e-04 -7.91568784 -7.54018582 -6.74987758 -5.78381525 -5.22623272 
1.00000000e-04 -7.91568784 -7.54018582 -6.74987758 -5.78381525 -5.22623272 
8.11130831e-05 -7.91568784 -7.54018582 -6.74987758 -5.78381525 -5.22623272 
6.57933225e-05 -7.91568784 -7.54018582 -6.74987758 -5.78381525 -5.22623272 
5.33669923e-05 -7.91568784 -7.54018582 -6.74987758 -5.78381525 -5.22623272 
4.32876128e-05 -7.91568784 -7.54018582 -6.74987758 -5.78381525 -5.22623272 
3.51119173e-05 -7.91568784 -7.54018582 -6.74987758 -5.78381525 -5.22623272 
2.84803587e-05 -7.91568784 -7.54018582 -6.74987758 -5.78381525 -5.22623272 
2.31012970e-05 -7.91568784 -7.54018582 -6.74987758 -5.78381525 -5.22623272 
1.87381742e-05 -7.91568784 -7.54018582 -6.74987758 -5.78381525 -5.22623272 
1.51991108e-05 -7.91568784 -7.54018582 -6.74987758 -5.78381525 -5.22623272 
1.23284674e-05 -7.91568784 -7.54018582 -6.74987758 -5.78381525 -5.22623272 
1.00000000e-05 -7.91568784 -7.54018582 -6.74987758 -5.78381525 -5.22623272 
8.11130831e-06 -7.91568784 -7.54018582 -6.74987758 -5.78381525 -5.22623272 
6.57933225e-06 -7.91568784 -7.54018582 -6.74987758 -5.78381525 -5.22623272 
5.33669923e-06 -7.91568784 -7.54018582 -6.74987758 -5.78381525 -5.22623272 
4.32876128e-06 -7.91568784 -7.54018582 -6.74987758 -5.78381525 -5.22623272 
3.51119173e-06 -7.91568784 -7.54018582 -6.74987758 -5.78381525 -5.22623272 
2.84803587e-06 -7.91568784 -7.54018582 -6.74987758 -5.78381525 -5.22623272 
2.31012970e-06 -7.91568784 -7.54018582 -6.74987758 -5.78381525 -5.22623272 
1.87381742e-06 -7.91568784 -7.54018582 -6.74987758 -5.78381525 -5.22623272 
1.51991108e-06 -7.91568784 -7.54018582 -6.74987758 -5.78381525 -5.22623272 
1.23284674e-06 -7.91568784 -7.54018582 -6.74987758 -5.78381525 -5.22623272 
1.00000000e-06 -7.91568784 -7.54018582 -6.74987758 -5.78381525 -5.22623272 
8.11130831e-07 -7.91568784 -7.54018582 -6.74987758 -5.78381525 -5.22623272 
6.57933225e-07 -7.91568784 -7.54018582 -6.74987758 -5.78381525 -5.22623272 
5.33669923e-07 -7.91568784 -7.54018582 -6.74987758 -5.78381525 -5.22623272 
4.32876128e-07 -7.91568784 -7.54018582 -6.74987758 -5.78381525 -5.22623272 
3.51119173e-07 -7.91568784 -7.54018582 -6.74987758 -5.78381525 -5.22623272 
2.84803587e-07 -7.91568784 -7.54018582 -6.74987758 -5.78381525 -5.22623272 
2.31012970e-07 -7.91568784 -7.54018582 -6.74987758 -5.78381525 -5.22623272 
1.87381742e-07 -7.91568784 -7.54018582 -6.74987758 -5.78381525 -5.22623272 
1.51991108e-07 -7.91568784 -7.54018582 -6.74987758 -5.78381525 -5.22623272 
1.23284674e-07 -7.91568784 -7.54018582 -6.74987758 -5.78381525 -5.22623272 
1.00000000e-07 -7.91568784 -7.54018582 -6.74987758 -5.78381525 -5.22623272 
P (bar) | log_CH4: -2σ | log_CH4: -1σ | log_CH4: median | log_CH4: +1σ | log_CH4: +2σ 
1.00000000e+02 -6.92918440 -6.64336858 -6.09556558 -5.57045820 -5.27304535 
8.11130831e+01 -6.92918440 -6.64336858 -6.09556558 -5.57045820 -5.27304535 
6.57933225e+01 -6.92918440 -6.64336858 -6.09556558 -5.57045820 -5.27304535 
5.33669923e+01 -6.92918440 -6.64336858 -6.09556558 -5.57045820 -5.27304535 
4.32876128e+01 -6.92918440 -6.64336858 -6.09556558 -5.57045820 -5.27304535 
3.51119173e+01 -6.92918440 -6.64336858 -6.09556558 -5.57045820 -5.27304535 
2.84803587e+01 -6.92918440 -6.64336858 -6.09556558 -5.57045820 -5.27304535 
2.31012970e+01 -6.92918440 -6.64336858 -6.09556558 -5.57045820 -5.27304535 
1.87381742e+01 -6.92918440 -6.64336858 -6.09556558 -5.57045820 -5.27304535 
1.51991108e+01 -6.92918440 -6.64336858 -6.09556558 -5.57045820 -5.27304535 
1.23284674e+01 -6.92918440 -6.64336858 -6.09556558 -5.57045820 -5.27304535 
1.00000000e+01 -6.92918440 -6.64336858 -6.09556558 -5.57045820 -5.27304535 
8.11130831e+00 -6.92918440 -6.64336858 -6.09556558 -5.57045820 -5.27304535 
6.57933225e+00 -6.92918440 -6.64336858 -6.09556558 -5.57045820 -5.27304535 
5.33669923e+00 -6.92918440 -6.64336858 -6.09556558 -5.57045820 -5.27304535 
4.32876128e+00 -6.92918440 -6.64336858 -6.09556558 -5.57045820 -5.27304535 
3.51119173e+00 -6.92918440 -6.64336858 -6.09556558 -5.57045820 -5.27304535 
2.84803587e+00 -6.92918440 -6.64336858 -6.09556558 -5.57045820 -5.27304535 
2.31012970e+00 -6.92918440 -6.64336858 -6.09556558 -5.57045820 -5.27304535 
1.87381742e+00 -6.92918440 -6.64336858 -6.09556558 -5.57045820 -5.27304535 
1.51991108e+00 -6.92918440 -6.64336858 -6.09556558 -5.57045820 -5.27304535 
1.23284674e+00 -6.92918440 -6.64336858 -6.09556558 -5.57045820 -5.27304535 
1.00000000e+00 -6.92918440 -6.64336858 -6.09556558 -5.57045820 -5.27304535 
8.11130831e-01 -6.92918440 -6.64336858 -6.09556558 -5.57045820 -5.27304535 
6.57933225e-01 -6.92918440 -6.64336858 -6.09556558 -5.57045820 -5.27304535 
5.33669923e-01 -6.92918440 -6.64336858 -6.09556558 -5.57045820 -5.27304535 
4.32876128e-01 -6.92918440 -6.64336858 -6.09556558 -5.57045820 -5.27304535 
3.51119173e-01 -6.92918440 -6.64336858 -6.09556558 -5.57045820 -5.27304535 
2.84803587e-01 -6.92918440 -6.64336858 -6.09556558 -5.57045820 -5.27304535 
2.31012970e-01 -6.92918440 -6.64336858 -6.09556558 -5.57045820 -5.27304535 
1.87381742e-01 -6.92918440 -6.64336858 -6.09556558 -5.57045820 -5.27304535 
1.51991108e-01 -6.92918440 -6.64336858 -6.09556558 -5.57045820 -5.27304535 
1.23284674e-01 -6.92918440 -6.64336858 -6.09556558 -5.57045820 -5.27304535 
1.00000000e-01 -6.92918440 -6.64336858 -6.09556558 -5.57045820 -5.27304535 
8.11130831e-02 -6.92918440 -6.64336858 -6.09556558 -5.57045820 -5.27304535 
6.57933225e-02 -6.92918440 -6.64336858 -6.09556558 -5.57045820 -5.27304535 
5.33669923e-02 -6.92918440 -6.64336858 -6.09556558 -5.57045820 -5.27304535 
4.32876128e-02 -6.92918440 -6.64336858 -6.09556558 -5.57045820 -5.27304535 
3.51119173e-02 -6.92918440 -6.64336858 -6.09556558 -5.57045820 -5.27304535 
2.84803587e-02 -6.92918440 -6.64336858 -6.09556558 -5.57045820 -5.27304535 
2.31012970e-02 -6.92918440 -6.64336858 -6.09556558 -5.57045820 -5.27304535 
1.87381742e-02 -6.92918440 -6.64336858 -6.09556558 -5.57045820 -5.27304535 
1.51991108e-02 -6.92918440 -6.64336858 -6.09556558 -5.57045820 -5.27304535 
1.23284674e-02 -6.92918440 -6.64336858 -6.09556558 -5.57045820 -5.27304535 
1.00000000e-02 -6.92918440 -6.64336858 -6.09556558 -5.57045820 -5.27304535 
8.11130831e-03 -6.92918440 -6.64336858 -6.09556558 -5.57045820 -5.27304535 
6.57933225e-03 -6.92918440 -6.64336858 -6.09556558 -5.57045820 -5.27304535 
5.33669923e-03 -6.92918440 -6.64336858 -6.09556558 -5.57045820 -5.27304535 
4.32876128e-03 -6.92918440 -6.64336858 -6.09556558 -5.57045820 -5.27304535 
3.51119173e-03 -6.92918440 -6.64336858 -6.09556558 -5.57045820 -5.27304535 
2.84803587e-03 -6.92918440 -6.64336858 -6.09556558 -5.57045820 -5.27304535 
2.31012970e-03 -6.92918440 -6.64336858 -6.09556558 -5.57045820 -5.27304535 
1.87381742e-03 -6.92918440 -6.64336858 -6.09556558 -5.57045820 -5.27304535 
1.51991108e-03 -6.92918440 -6.64336858 -6.09556558 -5.57045820 -5.27304535 
1.23284674e-03 -6.92918440 -6.64336858 -6.09556558 -5.57045820 -5.27304535 
1.00000000e-03 -6.92918440 -6.64336858 -6.09556558 -5.57045820 -5.27304535 
8.11130831e-04 -6.92918440 -6.64336858 -6.09556558 -5.57045820 -5.27304535 
6.57933225e-04 -6.92918440 -6.64336858 -6.09556558 -5.57045820 -5.27304535 
5.33669923e-04 -6.92918440 -6.64336858 -6.09556558 -5.57045820 -5.27304535 
4.32876128e-04 -6.92918440 -6.64336858 -6.09556558 -5.57045820 -5.27304535 
3.51119173e-04 -6.92918440 -6.64336858 -6.09556558 -5.57045820 -5.27304535 
2.84803587e-04 -6.92918440 -6.64336858 -6.09556558 -5.57045820 -5.27304535 
2.31012970e-04 -6.92918440 -6.64336858 -6.09556558 -5.57045820 -5.27304535 
1.87381742e-04 -6.92918440 -6.64336858 -6.09556558 -5.57045820 -5.27304535 
1.51991108e-04 -6.92918440 -6.64336858 -6.09556558 -5.57045820 -5.27304535 
1.23284674e-04 -6.92918440 -6.64336858 -6.09556558 -5.57045820 -5.27304535 
1.00000000e-04 -6.92918440 -6.64336858 -6.09556558 -5.57045820 -5.27304535 
8.11130831e-05 -6.92918440 -6.64336858 -6.09556558 -5.57045820 -5.27304535 
6.57933225e-05 -6.92918440 -6.64336858 -6.09556558 -5.57045820 -5.27304535 
5.33669923e-05 -6.92918440 -6.64336858 -6.09556558 -5.57045820 -5.27304535 
4.32876128e-05 -6.92918440 -6.64336858 -6.09556558 -5.57045820 -5.27304535 
3.51119173e-05 -6.92918440 -6.64336858 -6.09556558 -5.57045820 -5.27304535 
2.84803587e-05 -6.92918440 -6.64336858 -6.09556558 -5.57045820 -5.27304535 
2.31012970e-05 -6.92918440 -6.64336858 -6.09556558 -5.57045820 -5.27304535 
1.87381742e-05 -6.92918440 -6.64336858 -6.09556558 -5.57045820 -5.27304535 
1.51991108e-05 -6.92918440 -6.64336858 -6.09556558 -5.57045820 -5.27304535 
1.23284674e-05 -6.92918440 -6.64336858 -6.09556558 -5.57045820 -5.27304535 
1.00000000e-05 -6.92918440 -6.64336858 -6.09556558 -5.57045820 -5.27304535 
8.11130831e-06 -6.92918440 -6.64336858 -6.09556558 -5.57045820 -5.27304535 
6.57933225e-06 -6.92918440 -6.64336858 -6.09556558 -5.57045820 -5.27304535 
5.33669923e-06 -6.92918440 -6.64336858 -6.09556558 -5.57045820 -5.27304535 
4.32876128e-06 -6.92918440 -6.64336858 -6.09556558 -5.57045820 -5.27304535 
3.51119173e-06 -6.92918440 -6.64336858 -6.09556558 -5.57045820 -5.27304535 
2.84803587e-06 -6.92918440 -6.64336858 -6.09556558 -5.57045820 -5.27304535 
2.31012970e-06 -6.92918440 -6.64336858 -6.09556558 -5.57045820 -5.27304535 
1.87381742e-06 -6.92918440 -6.64336858 -6.09556558 -5.57045820 -5.27304535 
1.51991108e-06 -6.92918440 -6.64336858 -6.09556558 -5.57045820 -5.27304535 
1.23284674e-06 -6.92918440 -6.64336858 -6.09556558 -5.57045820 -5.27304535 
1.00000000e-06 -6.92918440 -6.64336858 -6.09556558 -5.57045820 -5.27304535 
8.11130831e-07 -6.92918440 -6.64336858 -6.09556558 -5.57045820 -5.27304535 
6.57933225e-07 -6.92918440 -6.64336858 -6.09556558 -5.57045820 -5.27304535 
5.33669923e-07 -6.92918440 -6.64336858 -6.09556558 -5.57045820 -5.27304535 
4.32876128e-07 -6.92918440 -6.64336858 -6.09556558 -5.57045820 -5.27304535 
3.51119173e-07 -6.92918440 -6.64336858 -6.09556558 -5.57045820 -5.27304535 
2.84803587e-07 -6.92918440 -6.64336858 -6.09556558 -5.57045820 -5.27304535 
2.31012970e-07 -6.92918440 -6.64336858 -6.09556558 -5.57045820 -5.27304535 
1.87381742e-07 -6.92918440 -6.64336858 -6.09556558 -5.57045820 -5.27304535 
1.51991108e-07 -6.92918440 -6.64336858 -6.09556558 -5.57045820 -5.27304535 
1.23284674e-07 -6.92918440 -6.64336858 -6.09556558 -5.57045820 -5.27304535 
1.00000000e-07 -6.92918440 -6.64336858 -6.09556558 -5.57045820 -5.27304535 
