Chemical species: H2 He H2O CO2 SO2 CO H2S CH4
P (bar) | log_H2: -2σ | log_H2: -1σ | log_H2: median | log_H2: +1σ | log_H2: +2σ 
1.00000000e+02 -0.11418247 -0.11363793 -0.11226256 -0.10950754 -0.10441196 
8.11130831e+01 -0.11418247 -0.11363793 -0.11226256 -0.10950754 -0.10441196 
6.57933225e+01 -0.11418247 -0.11363793 -0.11226256 -0.10950754 -0.10441196 
5.33669923e+01 -0.11418247 -0.11363793 -0.11226256 -0.10950754 -0.10441196 
4.32876128e+01 -0.11418247 -0.11363793 -0.11226256 -0.10950754 -0.10441196 
3.51119173e+01 -0.11418247 -0.11363793 -0.11226256 -0.10950754 -0.10441196 
2.84803587e+01 -0.11418247 -0.11363793 -0.11226256 -0.10950754 -0.10441196 
2.31012970e+01 -0.11418247 -0.11363793 -0.11226256 -0.10950754 -0.10441196 
1.87381742e+01 -0.11418247 -0.11363793 -0.11226256 -0.10950754 -0.10441196 
1.51991108e+01 -0.11418247 -0.11363793 -0.11226256 -0.10950754 -0.10441196 
1.23284674e+01 -0.11418247 -0.11363793 -0.11226256 -0.10950754 -0.10441196 
1.00000000e+01 -0.11418247 -0.11363793 -0.11226256 -0.10950754 -0.10441196 
8.11130831e+00 -0.11418247 -0.11363793 -0.11226256 -0.10950754 -0.10441196 
6.57933225e+00 -0.11418247 -0.11363793 -0.11226256 -0.10950754 -0.10441196 
5.33669923e+00 -0.11418247 -0.11363793 -0.11226256 -0.10950754 -0.10441196 
4.32876128e+00 -0.11418247 -0.11363793 -0.11226256 -0.10950754 -0.10441196 
3.51119173e+00 -0.11418247 -0.11363793 -0.11226256 -0.10950754 -0.10441196 
2.84803587e+00 -0.11418247 -0.11363793 -0.11226256 -0.10950754 -0.10441196 
2.31012970e+00 -0.11418247 -0.11363793 -0.11226256 -0.10950754 -0.10441196 
1.87381742e+00 -0.11418247 -0.11363793 -0.11226256 -0.10950754 -0.10441196 
1.51991108e+00 -0.11418247 -0.11363793 -0.11226256 -0.10950754 -0.10441196 
1.23284674e+00 -0.11418247 -0.11363793 -0.11226256 -0.10950754 -0.10441196 
1.00000000e+00 -0.11418247 -0.11363793 -0.11226256 -0.10950754 -0.10441196 
8.11130831e-01 -0.11418247 -0.11363793 -0.11226256 -0.10950754 -0.10441196 
6.57933225e-01 -0.11418247 -0.11363793 -0.11226256 -0.10950754 -0.10441196 
5.33669923e-01 -0.11418247 -0.11363793 -0.11226256 -0.10950754 -0.10441196 
4.32876128e-01 -0.11418247 -0.11363793 -0.11226256 -0.10950754 -0.10441196 
3.51119173e-01 -0.11418247 -0.11363793 -0.11226256 -0.10950754 -0.10441196 
2.84803587e-01 -0.11418247 -0.11363793 -0.11226256 -0.10950754 -0.10441196 
2.31012970e-01 -0.11418247 -0.11363793 -0.11226256 -0.10950754 -0.10441196 
1.87381742e-01 -0.11418247 -0.11363793 -0.11226256 -0.10950754 -0.10441196 
1.51991108e-01 -0.11418247 -0.11363793 -0.11226256 -0.10950754 -0.10441196 
1.23284674e-01 -0.11418247 -0.11363793 -0.11226256 -0.10950754 -0.10441196 
1.00000000e-01 -0.11418247 -0.11363793 -0.11226256 -0.10950754 -0.10441196 
8.11130831e-02 -0.11418247 -0.11363793 -0.11226256 -0.10950754 -0.10441196 
6.57933225e-02 -0.11418247 -0.11363793 -0.11226256 -0.10950754 -0.10441196 
5.33669923e-02 -0.11418247 -0.11363793 -0.11226256 -0.10950754 -0.10441196 
4.32876128e-02 -0.11418247 -0.11363793 -0.11226256 -0.10950754 -0.10441196 
3.51119173e-02 -0.11418247 -0.11363793 -0.11226256 -0.10950754 -0.10441196 
2.84803587e-02 -0.11418247 -0.11363793 -0.11226256 -0.10950754 -0.10441196 
2.31012970e-02 -0.11418247 -0.11363793 -0.11226256 -0.10950754 -0.10441196 
1.87381742e-02 -0.11418247 -0.11363793 -0.11226256 -0.10950754 -0.10441196 
1.51991108e-02 -0.11418247 -0.11363793 -0.11226256 -0.10950754 -0.10441196 
1.23284674e-02 -0.11418247 -0.11363793 -0.11226256 -0.10950754 -0.10441196 
1.00000000e-02 -0.11418247 -0.11363793 -0.11226256 -0.10950754 -0.10441196 
8.11130831e-03 -0.11418247 -0.11363793 -0.11226256 -0.10950754 -0.10441196 
6.57933225e-03 -0.11418247 -0.11363793 -0.11226256 -0.10950754 -0.10441196 
5.33669923e-03 -0.11418247 -0.11363793 -0.11226256 -0.10950754 -0.10441196 
4.32876128e-03 -0.11418247 -0.11363793 -0.11226256 -0.10950754 -0.10441196 
3.51119173e-03 -0.11418247 -0.11363793 -0.11226256 -0.10950754 -0.10441196 
2.84803587e-03 -0.11418247 -0.11363793 -0.11226256 -0.10950754 -0.10441196 
2.31012970e-03 -0.11418247 -0.11363793 -0.11226256 -0.10950754 -0.10441196 
1.87381742e-03 -0.11418247 -0.11363793 -0.11226256 -0.10950754 -0.10441196 
1.51991108e-03 -0.11418247 -0.11363793 -0.11226256 -0.10950754 -0.10441196 
1.23284674e-03 -0.11418247 -0.11363793 -0.11226256 -0.10950754 -0.10441196 
1.00000000e-03 -0.11418247 -0.11363793 -0.11226256 -0.10950754 -0.10441196 
8.11130831e-04 -0.11418247 -0.11363793 -0.11226256 -0.10950754 -0.10441196 
6.57933225e-04 -0.11418247 -0.11363793 -0.11226256 -0.10950754 -0.10441196 
5.33669923e-04 -0.11418247 -0.11363793 -0.11226256 -0.10950754 -0.10441196 
4.32876128e-04 -0.11418247 -0.11363793 -0.11226256 -0.10950754 -0.10441196 
3.51119173e-04 -0.11418247 -0.11363793 -0.11226256 -0.10950754 -0.10441196 
2.84803587e-04 -0.11418247 -0.11363793 -0.11226256 -0.10950754 -0.10441196 
2.31012970e-04 -0.11418247 -0.11363793 -0.11226256 -0.10950754 -0.10441196 
1.87381742e-04 -0.11418247 -0.11363793 -0.11226256 -0.10950754 -0.10441196 
1.51991108e-04 -0.11418247 -0.11363793 -0.11226256 -0.10950754 -0.10441196 
1.23284674e-04 -0.11418247 -0.11363793 -0.11226256 -0.10950754 -0.10441196 
1.00000000e-04 -0.11418247 -0.11363793 -0.11226256 -0.10950754 -0.10441196 
8.11130831e-05 -0.11418247 -0.11363793 -0.11226256 -0.10950754 -0.10441196 
6.57933225e-05 -0.11418247 -0.11363793 -0.11226256 -0.10950754 -0.10441196 
5.33669923e-05 -0.11418247 -0.11363793 -0.11226256 -0.10950754 -0.10441196 
4.32876128e-05 -0.11418247 -0.11363793 -0.11226256 -0.10950754 -0.10441196 
3.51119173e-05 -0.11418247 -0.11363793 -0.11226256 -0.10950754 -0.10441196 
2.84803587e-05 -0.11418247 -0.11363793 -0.11226256 -0.10950754 -0.10441196 
2.31012970e-05 -0.11418247 -0.11363793 -0.11226256 -0.10950754 -0.10441196 
1.87381742e-05 -0.11418247 -0.11363793 -0.11226256 -0.10950754 -0.10441196 
1.51991108e-05 -0.11418247 -0.11363793 -0.11226256 -0.10950754 -0.10441196 
1.23284674e-05 -0.11418247 -0.11363793 -0.11226256 -0.10950754 -0.10441196 
1.00000000e-05 -0.11418247 -0.11363793 -0.11226256 -0.10950754 -0.10441196 
8.11130831e-06 -0.11418247 -0.11363793 -0.11226256 -0.10950754 -0.10441196 
6.57933225e-06 -0.11418247 -0.11363793 -0.11226256 -0.10950754 -0.10441196 
5.33669923e-06 -0.11418247 -0.11363793 -0.11226256 -0.10950754 -0.10441196 
4.32876128e-06 -0.11418247 -0.11363793 -0.11226256 -0.10950754 -0.10441196 
3.51119173e-06 -0.11418247 -0.11363793 -0.11226256 -0.10950754 -0.10441196 
2.84803587e-06 -0.11418247 -0.11363793 -0.11226256 -0.10950754 -0.10441196 
2.31012970e-06 -0.11418247 -0.11363793 -0.11226256 -0.10950754 -0.10441196 
1.87381742e-06 -0.11418247 -0.11363793 -0.11226256 -0.10950754 -0.10441196 
1.51991108e-06 -0.11418247 -0.11363793 -0.11226256 -0.10950754 -0.10441196 
1.23284674e-06 -0.11418247 -0.11363793 -0.11226256 -0.10950754 -0.10441196 
1.00000000e-06 -0.11418247 -0.11363793 -0.11226256 -0.10950754 -0.10441196 
8.11130831e-07 -0.11418247 -0.11363793 -0.11226256 -0.10950754 -0.10441196 
6.57933225e-07 -0.11418247 -0.11363793 -0.11226256 -0.10950754 -0.10441196 
5.33669923e-07 -0.11418247 -0.11363793 -0.11226256 -0.10950754 -0.10441196 
4.32876128e-07 -0.11418247 -0.11363793 -0.11226256 -0.10950754 -0.10441196 
3.51119173e-07 -0.11418247 -0.11363793 -0.11226256 -0.10950754 -0.10441196 
2.84803587e-07 -0.11418247 -0.11363793 -0.11226256 -0.10950754 -0.10441196 
2.31012970e-07 -0.11418247 -0.11363793 -0.11226256 -0.10950754 -0.10441196 
1.87381742e-07 -0.11418247 -0.11363793 -0.11226256 -0.10950754 -0.10441196 
1.51991108e-07 -0.11418247 -0.11363793 -0.11226256 -0.10950754 -0.10441196 
1.23284674e-07 -0.11418247 -0.11363793 -0.11226256 -0.10950754 -0.10441196 
1.00000000e-07 -0.11418247 -0.11363793 -0.11226256 -0.10950754 -0.10441196 
P (bar) | log_He: -2σ | log_He: -1σ | log_He: median | log_He: +1σ | log_He: +2σ 
1.00000000e+02 -0.88373355 -0.88318901 -0.88181364 -0.87905861 -0.87396304 
8.11130831e+01 -0.88373355 -0.88318901 -0.88181364 -0.87905861 -0.87396304 
6.57933225e+01 -0.88373355 -0.88318901 -0.88181364 -0.87905861 -0.87396304 
5.33669923e+01 -0.88373355 -0.88318901 -0.88181364 -0.87905861 -0.87396304 
4.32876128e+01 -0.88373355 -0.88318901 -0.88181364 -0.87905861 -0.87396304 
3.51119173e+01 -0.88373355 -0.88318901 -0.88181364 -0.87905861 -0.87396304 
2.84803587e+01 -0.88373355 -0.88318901 -0.88181364 -0.87905861 -0.87396304 
2.31012970e+01 -0.88373355 -0.88318901 -0.88181364 -0.87905861 -0.87396304 
1.87381742e+01 -0.88373355 -0.88318901 -0.88181364 -0.87905861 -0.87396304 
1.51991108e+01 -0.88373355 -0.88318901 -0.88181364 -0.87905861 -0.87396304 
1.23284674e+01 -0.88373355 -0.88318901 -0.88181364 -0.87905861 -0.87396304 
1.00000000e+01 -0.88373355 -0.88318901 -0.88181364 -0.87905861 -0.87396304 
8.11130831e+00 -0.88373355 -0.88318901 -0.88181364 -0.87905861 -0.87396304 
6.57933225e+00 -0.88373355 -0.88318901 -0.88181364 -0.87905861 -0.87396304 
5.33669923e+00 -0.88373355 -0.88318901 -0.88181364 -0.87905861 -0.87396304 
4.32876128e+00 -0.88373355 -0.88318901 -0.88181364 -0.87905861 -0.87396304 
3.51119173e+00 -0.88373355 -0.88318901 -0.88181364 -0.87905861 -0.87396304 
2.84803587e+00 -0.88373355 -0.88318901 -0.88181364 -0.87905861 -0.87396304 
2.31012970e+00 -0.88373355 -0.88318901 -0.88181364 -0.87905861 -0.87396304 
1.87381742e+00 -0.88373355 -0.88318901 -0.88181364 -0.87905861 -0.87396304 
1.51991108e+00 -0.88373355 -0.88318901 -0.88181364 -0.87905861 -0.87396304 
1.23284674e+00 -0.88373355 -0.88318901 -0.88181364 -0.87905861 -0.87396304 
1.00000000e+00 -0.88373355 -0.88318901 -0.88181364 -0.87905861 -0.87396304 
8.11130831e-01 -0.88373355 -0.88318901 -0.88181364 -0.87905861 -0.87396304 
6.57933225e-01 -0.88373355 -0.88318901 -0.88181364 -0.87905861 -0.87396304 
5.33669923e-01 -0.88373355 -0.88318901 -0.88181364 -0.87905861 -0.87396304 
4.32876128e-01 -0.88373355 -0.88318901 -0.88181364 -0.87905861 -0.87396304 
3.51119173e-01 -0.88373355 -0.88318901 -0.88181364 -0.87905861 -0.87396304 
2.84803587e-01 -0.88373355 -0.88318901 -0.88181364 -0.87905861 -0.87396304 
2.31012970e-01 -0.88373355 -0.88318901 -0.88181364 -0.87905861 -0.87396304 
1.87381742e-01 -0.88373355 -0.88318901 -0.88181364 -0.87905861 -0.87396304 
1.51991108e-01 -0.88373355 -0.88318901 -0.88181364 -0.87905861 -0.87396304 
1.23284674e-01 -0.88373355 -0.88318901 -0.88181364 -0.87905861 -0.87396304 
1.00000000e-01 -0.88373355 -0.88318901 -0.88181364 -0.87905861 -0.87396304 
8.11130831e-02 -0.88373355 -0.88318901 -0.88181364 -0.87905861 -0.87396304 
6.57933225e-02 -0.88373355 -0.88318901 -0.88181364 -0.87905861 -0.87396304 
5.33669923e-02 -0.88373355 -0.88318901 -0.88181364 -0.87905861 -0.87396304 
4.32876128e-02 -0.88373355 -0.88318901 -0.88181364 -0.87905861 -0.87396304 
3.51119173e-02 -0.88373355 -0.88318901 -0.88181364 -0.87905861 -0.87396304 
2.84803587e-02 -0.88373355 -0.88318901 -0.88181364 -0.87905861 -0.87396304 
2.31012970e-02 -0.88373355 -0.88318901 -0.88181364 -0.87905861 -0.87396304 
1.87381742e-02 -0.88373355 -0.88318901 -0.88181364 -0.87905861 -0.87396304 
1.51991108e-02 -0.88373355 -0.88318901 -0.88181364 -0.87905861 -0.87396304 
1.23284674e-02 -0.88373355 -0.88318901 -0.88181364 -0.87905861 -0.87396304 
1.00000000e-02 -0.88373355 -0.88318901 -0.88181364 -0.87905861 -0.87396304 
8.11130831e-03 -0.88373355 -0.88318901 -0.88181364 -0.87905861 -0.87396304 
6.57933225e-03 -0.88373355 -0.88318901 -0.88181364 -0.87905861 -0.87396304 
5.33669923e-03 -0.88373355 -0.88318901 -0.88181364 -0.87905861 -0.87396304 
4.32876128e-03 -0.88373355 -0.88318901 -0.88181364 -0.87905861 -0.87396304 
3.51119173e-03 -0.88373355 -0.88318901 -0.88181364 -0.87905861 -0.87396304 
2.84803587e-03 -0.88373355 -0.88318901 -0.88181364 -0.87905861 -0.87396304 
2.31012970e-03 -0.88373355 -0.88318901 -0.88181364 -0.87905861 -0.87396304 
1.87381742e-03 -0.88373355 -0.88318901 -0.88181364 -0.87905861 -0.87396304 
1.51991108e-03 -0.88373355 -0.88318901 -0.88181364 -0.87905861 -0.87396304 
1.23284674e-03 -0.88373355 -0.88318901 -0.88181364 -0.87905861 -0.87396304 
1.00000000e-03 -0.88373355 -0.88318901 -0.88181364 -0.87905861 -0.87396304 
8.11130831e-04 -0.88373355 -0.88318901 -0.88181364 -0.87905861 -0.87396304 
6.57933225e-04 -0.88373355 -0.88318901 -0.88181364 -0.87905861 -0.87396304 
5.33669923e-04 -0.88373355 -0.88318901 -0.88181364 -0.87905861 -0.87396304 
4.32876128e-04 -0.88373355 -0.88318901 -0.88181364 -0.87905861 -0.87396304 
3.51119173e-04 -0.88373355 -0.88318901 -0.88181364 -0.87905861 -0.87396304 
2.84803587e-04 -0.88373355 -0.88318901 -0.88181364 -0.87905861 -0.87396304 
2.31012970e-04 -0.88373355 -0.88318901 -0.88181364 -0.87905861 -0.87396304 
1.87381742e-04 -0.88373355 -0.88318901 -0.88181364 -0.87905861 -0.87396304 
1.51991108e-04 -0.88373355 -0.88318901 -0.88181364 -0.87905861 -0.87396304 
1.23284674e-04 -0.88373355 -0.88318901 -0.88181364 -0.87905861 -0.87396304 
1.00000000e-04 -0.88373355 -0.88318901 -0.88181364 -0.87905861 -0.87396304 
8.11130831e-05 -0.88373355 -0.88318901 -0.88181364 -0.87905861 -0.87396304 
6.57933225e-05 -0.88373355 -0.88318901 -0.88181364 -0.87905861 -0.87396304 
5.33669923e-05 -0.88373355 -0.88318901 -0.88181364 -0.87905861 -0.87396304 
4.32876128e-05 -0.88373355 -0.88318901 -0.88181364 -0.87905861 -0.87396304 
3.51119173e-05 -0.88373355 -0.88318901 -0.88181364 -0.87905861 -0.87396304 
2.84803587e-05 -0.88373355 -0.88318901 -0.88181364 -0.87905861 -0.87396304 
2.31012970e-05 -0.88373355 -0.88318901 -0.88181364 -0.87905861 -0.87396304 
1.87381742e-05 -0.88373355 -0.88318901 -0.88181364 -0.87905861 -0.87396304 
1.51991108e-05 -0.88373355 -0.88318901 -0.88181364 -0.87905861 -0.87396304 
1.23284674e-05 -0.88373355 -0.88318901 -0.88181364 -0.87905861 -0.87396304 
1.00000000e-05 -0.88373355 -0.88318901 -0.88181364 -0.87905861 -0.87396304 
8.11130831e-06 -0.88373355 -0.88318901 -0.88181364 -0.87905861 -0.87396304 
6.57933225e-06 -0.88373355 -0.88318901 -0.88181364 -0.87905861 -0.87396304 
5.33669923e-06 -0.88373355 -0.88318901 -0.88181364 -0.87905861 -0.87396304 
4.32876128e-06 -0.88373355 -0.88318901 -0.88181364 -0.87905861 -0.87396304 
3.51119173e-06 -0.88373355 -0.88318901 -0.88181364 -0.87905861 -0.87396304 
2.84803587e-06 -0.88373355 -0.88318901 -0.88181364 -0.87905861 -0.87396304 
2.31012970e-06 -0.88373355 -0.88318901 -0.88181364 -0.87905861 -0.87396304 
1.87381742e-06 -0.88373355 -0.88318901 -0.88181364 -0.87905861 -0.87396304 
1.51991108e-06 -0.88373355 -0.88318901 -0.88181364 -0.87905861 -0.87396304 
1.23284674e-06 -0.88373355 -0.88318901 -0.88181364 -0.87905861 -0.87396304 
1.00000000e-06 -0.88373355 -0.88318901 -0.88181364 -0.87905861 -0.87396304 
8.11130831e-07 -0.88373355 -0.88318901 -0.88181364 -0.87905861 -0.87396304 
6.57933225e-07 -0.88373355 -0.88318901 -0.88181364 -0.87905861 -0.87396304 
5.33669923e-07 -0.88373355 -0.88318901 -0.88181364 -0.87905861 -0.87396304 
4.32876128e-07 -0.88373355 -0.88318901 -0.88181364 -0.87905861 -0.87396304 
3.51119173e-07 -0.88373355 -0.88318901 -0.88181364 -0.87905861 -0.87396304 
2.84803587e-07 -0.88373355 -0.88318901 -0.88181364 -0.87905861 -0.87396304 
2.31012970e-07 -0.88373355 -0.88318901 -0.88181364 -0.87905861 -0.87396304 
1.87381742e-07 -0.88373355 -0.88318901 -0.88181364 -0.87905861 -0.87396304 
1.51991108e-07 -0.88373355 -0.88318901 -0.88181364 -0.87905861 -0.87396304 
1.23284674e-07 -0.88373355 -0.88318901 -0.88181364 -0.87905861 -0.87396304 
1.00000000e-07 -0.88373355 -0.88318901 -0.88181364 -0.87905861 -0.87396304 
P (bar) | log_H2O: -2σ | log_H2O: -1σ | log_H2O: median | log_H2O: +1σ | log_H2O: +2σ 
1.00000000e+02 -1.10278317 -1.04482190 -1.01800641 -1.00523354 -1.00064536 
8.11130831e+01 -1.10278317 -1.04482190 -1.01800641 -1.00523354 -1.00064536 
6.57933225e+01 -1.10278317 -1.04482190 -1.01800641 -1.00523354 -1.00064536 
5.33669923e+01 -1.10278317 -1.04482190 -1.01800641 -1.00523354 -1.00064536 
4.32876128e+01 -1.10278317 -1.04482190 -1.01800641 -1.00523354 -1.00064536 
3.51119173e+01 -1.10278317 -1.04482190 -1.01800641 -1.00523354 -1.00064536 
2.84803587e+01 -1.10278317 -1.04482190 -1.01800641 -1.00523354 -1.00064536 
2.31012970e+01 -1.10278317 -1.04482190 -1.01800641 -1.00523354 -1.00064536 
1.87381742e+01 -1.10278317 -1.04482190 -1.01800641 -1.00523354 -1.00064536 
1.51991108e+01 -1.10278317 -1.04482190 -1.01800641 -1.00523354 -1.00064536 
1.23284674e+01 -1.10278317 -1.04482190 -1.01800641 -1.00523354 -1.00064536 
1.00000000e+01 -1.10278317 -1.04482190 -1.01800641 -1.00523354 -1.00064536 
8.11130831e+00 -1.10278317 -1.04482190 -1.01800641 -1.00523354 -1.00064536 
6.57933225e+00 -1.10278317 -1.04482190 -1.01800641 -1.00523354 -1.00064536 
5.33669923e+00 -1.10278317 -1.04482190 -1.01800641 -1.00523354 -1.00064536 
4.32876128e+00 -1.10278317 -1.04482190 -1.01800641 -1.00523354 -1.00064536 
3.51119173e+00 -1.10278317 -1.04482190 -1.01800641 -1.00523354 -1.00064536 
2.84803587e+00 -1.10278317 -1.04482190 -1.01800641 -1.00523354 -1.00064536 
2.31012970e+00 -1.10278317 -1.04482190 -1.01800641 -1.00523354 -1.00064536 
1.87381742e+00 -1.10278317 -1.04482190 -1.01800641 -1.00523354 -1.00064536 
1.51991108e+00 -1.10278317 -1.04482190 -1.01800641 -1.00523354 -1.00064536 
1.23284674e+00 -1.10278317 -1.04482190 -1.01800641 -1.00523354 -1.00064536 
1.00000000e+00 -1.10278317 -1.04482190 -1.01800641 -1.00523354 -1.00064536 
8.11130831e-01 -1.10278317 -1.04482190 -1.01800641 -1.00523354 -1.00064536 
6.57933225e-01 -1.10278317 -1.04482190 -1.01800641 -1.00523354 -1.00064536 
5.33669923e-01 -1.10278317 -1.04482190 -1.01800641 -1.00523354 -1.00064536 
4.32876128e-01 -1.10278317 -1.04482190 -1.01800641 -1.00523354 -1.00064536 
3.51119173e-01 -1.10278317 -1.04482190 -1.01800641 -1.00523354 -1.00064536 
2.84803587e-01 -1.10278317 -1.04482190 -1.01800641 -1.00523354 -1.00064536 
2.31012970e-01 -1.10278317 -1.04482190 -1.01800641 -1.00523354 -1.00064536 
1.87381742e-01 -1.10278317 -1.04482190 -1.01800641 -1.00523354 -1.00064536 
1.51991108e-01 -1.10278317 -1.04482190 -1.01800641 -1.00523354 -1.00064536 
1.23284674e-01 -1.10278317 -1.04482190 -1.01800641 -1.00523354 -1.00064536 
1.00000000e-01 -1.10278317 -1.04482190 -1.01800641 -1.00523354 -1.00064536 
8.11130831e-02 -1.10278317 -1.04482190 -1.01800641 -1.00523354 -1.00064536 
6.57933225e-02 -1.10278317 -1.04482190 -1.01800641 -1.00523354 -1.00064536 
5.33669923e-02 -1.10278317 -1.04482190 -1.01800641 -1.00523354 -1.00064536 
4.32876128e-02 -1.10278317 -1.04482190 -1.01800641 -1.00523354 -1.00064536 
3.51119173e-02 -1.10278317 -1.04482190 -1.01800641 -1.00523354 -1.00064536 
2.84803587e-02 -1.10278317 -1.04482190 -1.01800641 -1.00523354 -1.00064536 
2.31012970e-02 -1.10278317 -1.04482190 -1.01800641 -1.00523354 -1.00064536 
1.87381742e-02 -1.10278317 -1.04482190 -1.01800641 -1.00523354 -1.00064536 
1.51991108e-02 -1.10278317 -1.04482190 -1.01800641 -1.00523354 -1.00064536 
1.23284674e-02 -1.10278317 -1.04482190 -1.01800641 -1.00523354 -1.00064536 
1.00000000e-02 -1.10278317 -1.04482190 -1.01800641 -1.00523354 -1.00064536 
8.11130831e-03 -1.10278317 -1.04482190 -1.01800641 -1.00523354 -1.00064536 
6.57933225e-03 -1.10278317 -1.04482190 -1.01800641 -1.00523354 -1.00064536 
5.33669923e-03 -1.10278317 -1.04482190 -1.01800641 -1.00523354 -1.00064536 
4.32876128e-03 -1.10278317 -1.04482190 -1.01800641 -1.00523354 -1.00064536 
3.51119173e-03 -1.10278317 -1.04482190 -1.01800641 -1.00523354 -1.00064536 
2.84803587e-03 -1.10278317 -1.04482190 -1.01800641 -1.00523354 -1.00064536 
2.31012970e-03 -1.10278317 -1.04482190 -1.01800641 -1.00523354 -1.00064536 
1.87381742e-03 -1.10278317 -1.04482190 -1.01800641 -1.00523354 -1.00064536 
1.51991108e-03 -1.10278317 -1.04482190 -1.01800641 -1.00523354 -1.00064536 
1.23284674e-03 -1.10278317 -1.04482190 -1.01800641 -1.00523354 -1.00064536 
1.00000000e-03 -1.10278317 -1.04482190 -1.01800641 -1.00523354 -1.00064536 
8.11130831e-04 -1.10278317 -1.04482190 -1.01800641 -1.00523354 -1.00064536 
6.57933225e-04 -1.10278317 -1.04482190 -1.01800641 -1.00523354 -1.00064536 
5.33669923e-04 -1.10278317 -1.04482190 -1.01800641 -1.00523354 -1.00064536 
4.32876128e-04 -1.10278317 -1.04482190 -1.01800641 -1.00523354 -1.00064536 
3.51119173e-04 -1.10278317 -1.04482190 -1.01800641 -1.00523354 -1.00064536 
2.84803587e-04 -1.10278317 -1.04482190 -1.01800641 -1.00523354 -1.00064536 
2.31012970e-04 -1.10278317 -1.04482190 -1.01800641 -1.00523354 -1.00064536 
1.87381742e-04 -1.10278317 -1.04482190 -1.01800641 -1.00523354 -1.00064536 
1.51991108e-04 -1.10278317 -1.04482190 -1.01800641 -1.00523354 -1.00064536 
1.23284674e-04 -1.10278317 -1.04482190 -1.01800641 -1.00523354 -1.00064536 
1.00000000e-04 -1.10278317 -1.04482190 -1.01800641 -1.00523354 -1.00064536 
8.11130831e-05 -1.10278317 -1.04482190 -1.01800641 -1.00523354 -1.00064536 
6.57933225e-05 -1.10278317 -1.04482190 -1.01800641 -1.00523354 -1.00064536 
5.33669923e-05 -1.10278317 -1.04482190 -1.01800641 -1.00523354 -1.00064536 
4.32876128e-05 -1.10278317 -1.04482190 -1.01800641 -1.00523354 -1.00064536 
3.51119173e-05 -1.10278317 -1.04482190 -1.01800641 -1.00523354 -1.00064536 
2.84803587e-05 -1.10278317 -1.04482190 -1.01800641 -1.00523354 -1.00064536 
2.31012970e-05 -1.10278317 -1.04482190 -1.01800641 -1.00523354 -1.00064536 
1.87381742e-05 -1.10278317 -1.04482190 -1.01800641 -1.00523354 -1.00064536 
1.51991108e-05 -1.10278317 -1.04482190 -1.01800641 -1.00523354 -1.00064536 
1.23284674e-05 -1.10278317 -1.04482190 -1.01800641 -1.00523354 -1.00064536 
1.00000000e-05 -1.10278317 -1.04482190 -1.01800641 -1.00523354 -1.00064536 
8.11130831e-06 -1.10278317 -1.04482190 -1.01800641 -1.00523354 -1.00064536 
6.57933225e-06 -1.10278317 -1.04482190 -1.01800641 -1.00523354 -1.00064536 
5.33669923e-06 -1.10278317 -1.04482190 -1.01800641 -1.00523354 -1.00064536 
4.32876128e-06 -1.10278317 -1.04482190 -1.01800641 -1.00523354 -1.00064536 
3.51119173e-06 -1.10278317 -1.04482190 -1.01800641 -1.00523354 -1.00064536 
2.84803587e-06 -1.10278317 -1.04482190 -1.01800641 -1.00523354 -1.00064536 
2.31012970e-06 -1.10278317 -1.04482190 -1.01800641 -1.00523354 -1.00064536 
1.87381742e-06 -1.10278317 -1.04482190 -1.01800641 -1.00523354 -1.00064536 
1.51991108e-06 -1.10278317 -1.04482190 -1.01800641 -1.00523354 -1.00064536 
1.23284674e-06 -1.10278317 -1.04482190 -1.01800641 -1.00523354 -1.00064536 
1.00000000e-06 -1.10278317 -1.04482190 -1.01800641 -1.00523354 -1.00064536 
8.11130831e-07 -1.10278317 -1.04482190 -1.01800641 -1.00523354 -1.00064536 
6.57933225e-07 -1.10278317 -1.04482190 -1.01800641 -1.00523354 -1.00064536 
5.33669923e-07 -1.10278317 -1.04482190 -1.01800641 -1.00523354 -1.00064536 
4.32876128e-07 -1.10278317 -1.04482190 -1.01800641 -1.00523354 -1.00064536 
3.51119173e-07 -1.10278317 -1.04482190 -1.01800641 -1.00523354 -1.00064536 
2.84803587e-07 -1.10278317 -1.04482190 -1.01800641 -1.00523354 -1.00064536 
2.31012970e-07 -1.10278317 -1.04482190 -1.01800641 -1.00523354 -1.00064536 
1.87381742e-07 -1.10278317 -1.04482190 -1.01800641 -1.00523354 -1.00064536 
1.51991108e-07 -1.10278317 -1.04482190 -1.01800641 -1.00523354 -1.00064536 
1.23284674e-07 -1.10278317 -1.04482190 -1.01800641 -1.00523354 -1.00064536 
1.00000000e-07 -1.10278317 -1.04482190 -1.01800641 -1.00523354 -1.00064536 
P (bar) | log_CO2: -2σ | log_CO2: -1σ | log_CO2: median | log_CO2: +1σ | log_CO2: +2σ 
1.00000000e+02 -3.94215168 -3.86561933 -3.77865948 -3.68938877 -3.60028543 
8.11130831e+01 -3.94215168 -3.86561933 -3.77865948 -3.68938877 -3.60028543 
6.57933225e+01 -3.94215168 -3.86561933 -3.77865948 -3.68938877 -3.60028543 
5.33669923e+01 -3.94215168 -3.86561933 -3.77865948 -3.68938877 -3.60028543 
4.32876128e+01 -3.94215168 -3.86561933 -3.77865948 -3.68938877 -3.60028543 
3.51119173e+01 -3.94215168 -3.86561933 -3.77865948 -3.68938877 -3.60028543 
2.84803587e+01 -3.94215168 -3.86561933 -3.77865948 -3.68938877 -3.60028543 
2.31012970e+01 -3.94215168 -3.86561933 -3.77865948 -3.68938877 -3.60028543 
1.87381742e+01 -3.94215168 -3.86561933 -3.77865948 -3.68938877 -3.60028543 
1.51991108e+01 -3.94215168 -3.86561933 -3.77865948 -3.68938877 -3.60028543 
1.23284674e+01 -3.94215168 -3.86561933 -3.77865948 -3.68938877 -3.60028543 
1.00000000e+01 -3.94215168 -3.86561933 -3.77865948 -3.68938877 -3.60028543 
8.11130831e+00 -3.94215168 -3.86561933 -3.77865948 -3.68938877 -3.60028543 
6.57933225e+00 -3.94215168 -3.86561933 -3.77865948 -3.68938877 -3.60028543 
5.33669923e+00 -3.94215168 -3.86561933 -3.77865948 -3.68938877 -3.60028543 
4.32876128e+00 -3.94215168 -3.86561933 -3.77865948 -3.68938877 -3.60028543 
3.51119173e+00 -3.94215168 -3.86561933 -3.77865948 -3.68938877 -3.60028543 
2.84803587e+00 -3.94215168 -3.86561933 -3.77865948 -3.68938877 -3.60028543 
2.31012970e+00 -3.94215168 -3.86561933 -3.77865948 -3.68938877 -3.60028543 
1.87381742e+00 -3.94215168 -3.86561933 -3.77865948 -3.68938877 -3.60028543 
1.51991108e+00 -3.94215168 -3.86561933 -3.77865948 -3.68938877 -3.60028543 
1.23284674e+00 -3.94215168 -3.86561933 -3.77865948 -3.68938877 -3.60028543 
1.00000000e+00 -3.94215168 -3.86561933 -3.77865948 -3.68938877 -3.60028543 
8.11130831e-01 -3.94215168 -3.86561933 -3.77865948 -3.68938877 -3.60028543 
6.57933225e-01 -3.94215168 -3.86561933 -3.77865948 -3.68938877 -3.60028543 
5.33669923e-01 -3.94215168 -3.86561933 -3.77865948 -3.68938877 -3.60028543 
4.32876128e-01 -3.94215168 -3.86561933 -3.77865948 -3.68938877 -3.60028543 
3.51119173e-01 -3.94215168 -3.86561933 -3.77865948 -3.68938877 -3.60028543 
2.84803587e-01 -3.94215168 -3.86561933 -3.77865948 -3.68938877 -3.60028543 
2.31012970e-01 -3.94215168 -3.86561933 -3.77865948 -3.68938877 -3.60028543 
1.87381742e-01 -3.94215168 -3.86561933 -3.77865948 -3.68938877 -3.60028543 
1.51991108e-01 -3.94215168 -3.86561933 -3.77865948 -3.68938877 -3.60028543 
1.23284674e-01 -3.94215168 -3.86561933 -3.77865948 -3.68938877 -3.60028543 
1.00000000e-01 -3.94215168 -3.86561933 -3.77865948 -3.68938877 -3.60028543 
8.11130831e-02 -3.94215168 -3.86561933 -3.77865948 -3.68938877 -3.60028543 
6.57933225e-02 -3.94215168 -3.86561933 -3.77865948 -3.68938877 -3.60028543 
5.33669923e-02 -3.94215168 -3.86561933 -3.77865948 -3.68938877 -3.60028543 
4.32876128e-02 -3.94215168 -3.86561933 -3.77865948 -3.68938877 -3.60028543 
3.51119173e-02 -3.94215168 -3.86561933 -3.77865948 -3.68938877 -3.60028543 
2.84803587e-02 -3.94215168 -3.86561933 -3.77865948 -3.68938877 -3.60028543 
2.31012970e-02 -3.94215168 -3.86561933 -3.77865948 -3.68938877 -3.60028543 
1.87381742e-02 -3.94215168 -3.86561933 -3.77865948 -3.68938877 -3.60028543 
1.51991108e-02 -3.94215168 -3.86561933 -3.77865948 -3.68938877 -3.60028543 
1.23284674e-02 -3.94215168 -3.86561933 -3.77865948 -3.68938877 -3.60028543 
1.00000000e-02 -3.94215168 -3.86561933 -3.77865948 -3.68938877 -3.60028543 
8.11130831e-03 -3.94215168 -3.86561933 -3.77865948 -3.68938877 -3.60028543 
6.57933225e-03 -3.94215168 -3.86561933 -3.77865948 -3.68938877 -3.60028543 
5.33669923e-03 -3.94215168 -3.86561933 -3.77865948 -3.68938877 -3.60028543 
4.32876128e-03 -3.94215168 -3.86561933 -3.77865948 -3.68938877 -3.60028543 
3.51119173e-03 -3.94215168 -3.86561933 -3.77865948 -3.68938877 -3.60028543 
2.84803587e-03 -3.94215168 -3.86561933 -3.77865948 -3.68938877 -3.60028543 
2.31012970e-03 -3.94215168 -3.86561933 -3.77865948 -3.68938877 -3.60028543 
1.87381742e-03 -3.94215168 -3.86561933 -3.77865948 -3.68938877 -3.60028543 
1.51991108e-03 -3.94215168 -3.86561933 -3.77865948 -3.68938877 -3.60028543 
1.23284674e-03 -3.94215168 -3.86561933 -3.77865948 -3.68938877 -3.60028543 
1.00000000e-03 -3.94215168 -3.86561933 -3.77865948 -3.68938877 -3.60028543 
8.11130831e-04 -3.94215168 -3.86561933 -3.77865948 -3.68938877 -3.60028543 
6.57933225e-04 -3.94215168 -3.86561933 -3.77865948 -3.68938877 -3.60028543 
5.33669923e-04 -3.94215168 -3.86561933 -3.77865948 -3.68938877 -3.60028543 
4.32876128e-04 -3.94215168 -3.86561933 -3.77865948 -3.68938877 -3.60028543 
3.51119173e-04 -3.94215168 -3.86561933 -3.77865948 -3.68938877 -3.60028543 
2.84803587e-04 -3.94215168 -3.86561933 -3.77865948 -3.68938877 -3.60028543 
2.31012970e-04 -3.94215168 -3.86561933 -3.77865948 -3.68938877 -3.60028543 
1.87381742e-04 -3.94215168 -3.86561933 -3.77865948 -3.68938877 -3.60028543 
1.51991108e-04 -3.94215168 -3.86561933 -3.77865948 -3.68938877 -3.60028543 
1.23284674e-04 -3.94215168 -3.86561933 -3.77865948 -3.68938877 -3.60028543 
1.00000000e-04 -3.94215168 -3.86561933 -3.77865948 -3.68938877 -3.60028543 
8.11130831e-05 -3.94215168 -3.86561933 -3.77865948 -3.68938877 -3.60028543 
6.57933225e-05 -3.94215168 -3.86561933 -3.77865948 -3.68938877 -3.60028543 
5.33669923e-05 -3.94215168 -3.86561933 -3.77865948 -3.68938877 -3.60028543 
4.32876128e-05 -3.94215168 -3.86561933 -3.77865948 -3.68938877 -3.60028543 
3.51119173e-05 -3.94215168 -3.86561933 -3.77865948 -3.68938877 -3.60028543 
2.84803587e-05 -3.94215168 -3.86561933 -3.77865948 -3.68938877 -3.60028543 
2.31012970e-05 -3.94215168 -3.86561933 -3.77865948 -3.68938877 -3.60028543 
1.87381742e-05 -3.94215168 -3.86561933 -3.77865948 -3.68938877 -3.60028543 
1.51991108e-05 -3.94215168 -3.86561933 -3.77865948 -3.68938877 -3.60028543 
1.23284674e-05 -3.94215168 -3.86561933 -3.77865948 -3.68938877 -3.60028543 
1.00000000e-05 -3.94215168 -3.86561933 -3.77865948 -3.68938877 -3.60028543 
8.11130831e-06 -3.94215168 -3.86561933 -3.77865948 -3.68938877 -3.60028543 
6.57933225e-06 -3.94215168 -3.86561933 -3.77865948 -3.68938877 -3.60028543 
5.33669923e-06 -3.94215168 -3.86561933 -3.77865948 -3.68938877 -3.60028543 
4.32876128e-06 -3.94215168 -3.86561933 -3.77865948 -3.68938877 -3.60028543 
3.51119173e-06 -3.94215168 -3.86561933 -3.77865948 -3.68938877 -3.60028543 
2.84803587e-06 -3.94215168 -3.86561933 -3.77865948 -3.68938877 -3.60028543 
2.31012970e-06 -3.94215168 -3.86561933 -3.77865948 -3.68938877 -3.60028543 
1.87381742e-06 -3.94215168 -3.86561933 -3.77865948 -3.68938877 -3.60028543 
1.51991108e-06 -3.94215168 -3.86561933 -3.77865948 -3.68938877 -3.60028543 
1.23284674e-06 -3.94215168 -3.86561933 -3.77865948 -3.68938877 -3.60028543 
1.00000000e-06 -3.94215168 -3.86561933 -3.77865948 -3.68938877 -3.60028543 
8.11130831e-07 -3.94215168 -3.86561933 -3.77865948 -3.68938877 -3.60028543 
6.57933225e-07 -3.94215168 -3.86561933 -3.77865948 -3.68938877 -3.60028543 
5.33669923e-07 -3.94215168 -3.86561933 -3.77865948 -3.68938877 -3.60028543 
4.32876128e-07 -3.94215168 -3.86561933 -3.77865948 -3.68938877 -3.60028543 
3.51119173e-07 -3.94215168 -3.86561933 -3.77865948 -3.68938877 -3.60028543 
2.84803587e-07 -3.94215168 -3.86561933 -3.77865948 -3.68938877 -3.60028543 
2.31012970e-07 -3.94215168 -3.86561933 -3.77865948 -3.68938877 -3.60028543 
1.87381742e-07 -3.94215168 -3.86561933 -3.77865948 -3.68938877 -3.60028543 
1.51991108e-07 -3.94215168 -3.86561933 -3.77865948 -3.68938877 -3.60028543 
1.23284674e-07 -3.94215168 -3.86561933 -3.77865948 -3.68938877 -3.60028543 
1.00000000e-07 -3.94215168 -3.86561933 -3.77865948 -3.68938877 -3.60028543 
P (bar) | log_SO2: -2σ | log_SO2: -1σ | log_SO2: median | log_SO2: +1σ | log_SO2: +2σ 
1.00000000e+02 -5.88624054 -5.56105103 -5.23302703 -4.95556230 -4.72501344 
8.11130831e+01 -5.88624054 -5.56105103 -5.23302703 -4.95556230 -4.72501344 
6.57933225e+01 -5.88624054 -5.56105103 -5.23302703 -4.95556230 -4.72501344 
5.33669923e+01 -5.88624054 -5.56105103 -5.23302703 -4.95556230 -4.72501344 
4.32876128e+01 -5.88624054 -5.56105103 -5.23302703 -4.95556230 -4.72501344 
3.51119173e+01 -5.88624054 -5.56105103 -5.23302703 -4.95556230 -4.72501344 
2.84803587e+01 -5.88624054 -5.56105103 -5.23302703 -4.95556230 -4.72501344 
2.31012970e+01 -5.88624054 -5.56105103 -5.23302703 -4.95556230 -4.72501344 
1.87381742e+01 -5.88624054 -5.56105103 -5.23302703 -4.95556230 -4.72501344 
1.51991108e+01 -5.88624054 -5.56105103 -5.23302703 -4.95556230 -4.72501344 
1.23284674e+01 -5.88624054 -5.56105103 -5.23302703 -4.95556230 -4.72501344 
1.00000000e+01 -5.88624054 -5.56105103 -5.23302703 -4.95556230 -4.72501344 
8.11130831e+00 -5.88624054 -5.56105103 -5.23302703 -4.95556230 -4.72501344 
6.57933225e+00 -5.88624054 -5.56105103 -5.23302703 -4.95556230 -4.72501344 
5.33669923e+00 -5.88624054 -5.56105103 -5.23302703 -4.95556230 -4.72501344 
4.32876128e+00 -5.88624054 -5.56105103 -5.23302703 -4.95556230 -4.72501344 
3.51119173e+00 -5.88624054 -5.56105103 -5.23302703 -4.95556230 -4.72501344 
2.84803587e+00 -5.88624054 -5.56105103 -5.23302703 -4.95556230 -4.72501344 
2.31012970e+00 -5.88624054 -5.56105103 -5.23302703 -4.95556230 -4.72501344 
1.87381742e+00 -5.88624054 -5.56105103 -5.23302703 -4.95556230 -4.72501344 
1.51991108e+00 -5.88624054 -5.56105103 -5.23302703 -4.95556230 -4.72501344 
1.23284674e+00 -5.88624054 -5.56105103 -5.23302703 -4.95556230 -4.72501344 
1.00000000e+00 -5.88624054 -5.56105103 -5.23302703 -4.95556230 -4.72501344 
8.11130831e-01 -5.88624054 -5.56105103 -5.23302703 -4.95556230 -4.72501344 
6.57933225e-01 -5.88624054 -5.56105103 -5.23302703 -4.95556230 -4.72501344 
5.33669923e-01 -5.88624054 -5.56105103 -5.23302703 -4.95556230 -4.72501344 
4.32876128e-01 -5.88624054 -5.56105103 -5.23302703 -4.95556230 -4.72501344 
3.51119173e-01 -5.88624054 -5.56105103 -5.23302703 -4.95556230 -4.72501344 
2.84803587e-01 -5.88624054 -5.56105103 -5.23302703 -4.95556230 -4.72501344 
2.31012970e-01 -5.88624054 -5.56105103 -5.23302703 -4.95556230 -4.72501344 
1.87381742e-01 -5.88624054 -5.56105103 -5.23302703 -4.95556230 -4.72501344 
1.51991108e-01 -5.88624054 -5.56105103 -5.23302703 -4.95556230 -4.72501344 
1.23284674e-01 -5.88624054 -5.56105103 -5.23302703 -4.95556230 -4.72501344 
1.00000000e-01 -5.88624054 -5.56105103 -5.23302703 -4.95556230 -4.72501344 
8.11130831e-02 -5.88624054 -5.56105103 -5.23302703 -4.95556230 -4.72501344 
6.57933225e-02 -5.88624054 -5.56105103 -5.23302703 -4.95556230 -4.72501344 
5.33669923e-02 -5.88624054 -5.56105103 -5.23302703 -4.95556230 -4.72501344 
4.32876128e-02 -5.88624054 -5.56105103 -5.23302703 -4.95556230 -4.72501344 
3.51119173e-02 -5.88624054 -5.56105103 -5.23302703 -4.95556230 -4.72501344 
2.84803587e-02 -5.88624054 -5.56105103 -5.23302703 -4.95556230 -4.72501344 
2.31012970e-02 -5.88624054 -5.56105103 -5.23302703 -4.95556230 -4.72501344 
1.87381742e-02 -5.88624054 -5.56105103 -5.23302703 -4.95556230 -4.72501344 
1.51991108e-02 -5.88624054 -5.56105103 -5.23302703 -4.95556230 -4.72501344 
1.23284674e-02 -5.88624054 -5.56105103 -5.23302703 -4.95556230 -4.72501344 
1.00000000e-02 -5.88624054 -5.56105103 -5.23302703 -4.95556230 -4.72501344 
8.11130831e-03 -5.88624054 -5.56105103 -5.23302703 -4.95556230 -4.72501344 
6.57933225e-03 -5.88624054 -5.56105103 -5.23302703 -4.95556230 -4.72501344 
5.33669923e-03 -5.88624054 -5.56105103 -5.23302703 -4.95556230 -4.72501344 
4.32876128e-03 -5.88624054 -5.56105103 -5.23302703 -4.95556230 -4.72501344 
3.51119173e-03 -5.88624054 -5.56105103 -5.23302703 -4.95556230 -4.72501344 
2.84803587e-03 -5.88624054 -5.56105103 -5.23302703 -4.95556230 -4.72501344 
2.31012970e-03 -5.88624054 -5.56105103 -5.23302703 -4.95556230 -4.72501344 
1.87381742e-03 -5.88624054 -5.56105103 -5.23302703 -4.95556230 -4.72501344 
1.51991108e-03 -5.88624054 -5.56105103 -5.23302703 -4.95556230 -4.72501344 
1.23284674e-03 -5.88624054 -5.56105103 -5.23302703 -4.95556230 -4.72501344 
1.00000000e-03 -5.88624054 -5.56105103 -5.23302703 -4.95556230 -4.72501344 
8.11130831e-04 -5.88624054 -5.56105103 -5.23302703 -4.95556230 -4.72501344 
6.57933225e-04 -5.88624054 -5.56105103 -5.23302703 -4.95556230 -4.72501344 
5.33669923e-04 -5.88624054 -5.56105103 -5.23302703 -4.95556230 -4.72501344 
4.32876128e-04 -5.88624054 -5.56105103 -5.23302703 -4.95556230 -4.72501344 
3.51119173e-04 -5.88624054 -5.56105103 -5.23302703 -4.95556230 -4.72501344 
2.84803587e-04 -5.88624054 -5.56105103 -5.23302703 -4.95556230 -4.72501344 
2.31012970e-04 -5.88624054 -5.56105103 -5.23302703 -4.95556230 -4.72501344 
1.87381742e-04 -5.88624054 -5.56105103 -5.23302703 -4.95556230 -4.72501344 
1.51991108e-04 -5.88624054 -5.56105103 -5.23302703 -4.95556230 -4.72501344 
1.23284674e-04 -5.88624054 -5.56105103 -5.23302703 -4.95556230 -4.72501344 
1.00000000e-04 -5.88624054 -5.56105103 -5.23302703 -4.95556230 -4.72501344 
8.11130831e-05 -5.88624054 -5.56105103 -5.23302703 -4.95556230 -4.72501344 
6.57933225e-05 -5.88624054 -5.56105103 -5.23302703 -4.95556230 -4.72501344 
5.33669923e-05 -5.88624054 -5.56105103 -5.23302703 -4.95556230 -4.72501344 
4.32876128e-05 -5.88624054 -5.56105103 -5.23302703 -4.95556230 -4.72501344 
3.51119173e-05 -5.88624054 -5.56105103 -5.23302703 -4.95556230 -4.72501344 
2.84803587e-05 -5.88624054 -5.56105103 -5.23302703 -4.95556230 -4.72501344 
2.31012970e-05 -5.88624054 -5.56105103 -5.23302703 -4.95556230 -4.72501344 
1.87381742e-05 -5.88624054 -5.56105103 -5.23302703 -4.95556230 -4.72501344 
1.51991108e-05 -5.88624054 -5.56105103 -5.23302703 -4.95556230 -4.72501344 
1.23284674e-05 -5.88624054 -5.56105103 -5.23302703 -4.95556230 -4.72501344 
1.00000000e-05 -5.88624054 -5.56105103 -5.23302703 -4.95556230 -4.72501344 
8.11130831e-06 -5.88624054 -5.56105103 -5.23302703 -4.95556230 -4.72501344 
6.57933225e-06 -5.88624054 -5.56105103 -5.23302703 -4.95556230 -4.72501344 
5.33669923e-06 -5.88624054 -5.56105103 -5.23302703 -4.95556230 -4.72501344 
4.32876128e-06 -5.88624054 -5.56105103 -5.23302703 -4.95556230 -4.72501344 
3.51119173e-06 -5.88624054 -5.56105103 -5.23302703 -4.95556230 -4.72501344 
2.84803587e-06 -5.88624054 -5.56105103 -5.23302703 -4.95556230 -4.72501344 
2.31012970e-06 -5.88624054 -5.56105103 -5.23302703 -4.95556230 -4.72501344 
1.87381742e-06 -5.88624054 -5.56105103 -5.23302703 -4.95556230 -4.72501344 
1.51991108e-06 -5.88624054 -5.56105103 -5.23302703 -4.95556230 -4.72501344 
1.23284674e-06 -5.88624054 -5.56105103 -5.23302703 -4.95556230 -4.72501344 
1.00000000e-06 -5.88624054 -5.56105103 -5.23302703 -4.95556230 -4.72501344 
8.11130831e-07 -5.88624054 -5.56105103 -5.23302703 -4.95556230 -4.72501344 
6.57933225e-07 -5.88624054 -5.56105103 -5.23302703 -4.95556230 -4.72501344 
5.33669923e-07 -5.88624054 -5.56105103 -5.23302703 -4.95556230 -4.72501344 
4.32876128e-07 -5.88624054 -5.56105103 -5.23302703 -4.95556230 -4.72501344 
3.51119173e-07 -5.88624054 -5.56105103 -5.23302703 -4.95556230 -4.72501344 
2.84803587e-07 -5.88624054 -5.56105103 -5.23302703 -4.95556230 -4.72501344 
2.31012970e-07 -5.88624054 -5.56105103 -5.23302703 -4.95556230 -4.72501344 
1.87381742e-07 -5.88624054 -5.56105103 -5.23302703 -4.95556230 -4.72501344 
1.51991108e-07 -5.88624054 -5.56105103 -5.23302703 -4.95556230 -4.72501344 
1.23284674e-07 -5.88624054 -5.56105103 -5.23302703 -4.95556230 -4.72501344 
1.00000000e-07 -5.88624054 -5.56105103 -5.23302703 -4.95556230 -4.72501344 
P (bar) | log_CO: -2σ | log_CO: -1σ | log_CO: median | log_CO: +1σ | log_CO: +2σ 
1.00000000e+02 -3.98132021 -3.91415983 -3.68538979 -3.29194078 -2.78355455 
8.11130831e+01 -3.98132021 -3.91415983 -3.68538979 -3.29194078 -2.78355455 
6.57933225e+01 -3.98132021 -3.91415983 -3.68538979 -3.29194078 -2.78355455 
5.33669923e+01 -3.98132021 -3.91415983 -3.68538979 -3.29194078 -2.78355455 
4.32876128e+01 -3.98132021 -3.91415983 -3.68538979 -3.29194078 -2.78355455 
3.51119173e+01 -3.98132021 -3.91415983 -3.68538979 -3.29194078 -2.78355455 
2.84803587e+01 -3.98132021 -3.91415983 -3.68538979 -3.29194078 -2.78355455 
2.31012970e+01 -3.98132021 -3.91415983 -3.68538979 -3.29194078 -2.78355455 
1.87381742e+01 -3.98132021 -3.91415983 -3.68538979 -3.29194078 -2.78355455 
1.51991108e+01 -3.98132021 -3.91415983 -3.68538979 -3.29194078 -2.78355455 
1.23284674e+01 -3.98132021 -3.91415983 -3.68538979 -3.29194078 -2.78355455 
1.00000000e+01 -3.98132021 -3.91415983 -3.68538979 -3.29194078 -2.78355455 
8.11130831e+00 -3.98132021 -3.91415983 -3.68538979 -3.29194078 -2.78355455 
6.57933225e+00 -3.98132021 -3.91415983 -3.68538979 -3.29194078 -2.78355455 
5.33669923e+00 -3.98132021 -3.91415983 -3.68538979 -3.29194078 -2.78355455 
4.32876128e+00 -3.98132021 -3.91415983 -3.68538979 -3.29194078 -2.78355455 
3.51119173e+00 -3.98132021 -3.91415983 -3.68538979 -3.29194078 -2.78355455 
2.84803587e+00 -3.98132021 -3.91415983 -3.68538979 -3.29194078 -2.78355455 
2.31012970e+00 -3.98132021 -3.91415983 -3.68538979 -3.29194078 -2.78355455 
1.87381742e+00 -3.98132021 -3.91415983 -3.68538979 -3.29194078 -2.78355455 
1.51991108e+00 -3.98132021 -3.91415983 -3.68538979 -3.29194078 -2.78355455 
1.23284674e+00 -3.98132021 -3.91415983 -3.68538979 -3.29194078 -2.78355455 
1.00000000e+00 -3.98132021 -3.91415983 -3.68538979 -3.29194078 -2.78355455 
8.11130831e-01 -3.98132021 -3.91415983 -3.68538979 -3.29194078 -2.78355455 
6.57933225e-01 -3.98132021 -3.91415983 -3.68538979 -3.29194078 -2.78355455 
5.33669923e-01 -3.98132021 -3.91415983 -3.68538979 -3.29194078 -2.78355455 
4.32876128e-01 -3.98132021 -3.91415983 -3.68538979 -3.29194078 -2.78355455 
3.51119173e-01 -3.98132021 -3.91415983 -3.68538979 -3.29194078 -2.78355455 
2.84803587e-01 -3.98132021 -3.91415983 -3.68538979 -3.29194078 -2.78355455 
2.31012970e-01 -3.98132021 -3.91415983 -3.68538979 -3.29194078 -2.78355455 
1.87381742e-01 -3.98132021 -3.91415983 -3.68538979 -3.29194078 -2.78355455 
1.51991108e-01 -3.98132021 -3.91415983 -3.68538979 -3.29194078 -2.78355455 
1.23284674e-01 -3.98132021 -3.91415983 -3.68538979 -3.29194078 -2.78355455 
1.00000000e-01 -3.98132021 -3.91415983 -3.68538979 -3.29194078 -2.78355455 
8.11130831e-02 -3.98132021 -3.91415983 -3.68538979 -3.29194078 -2.78355455 
6.57933225e-02 -3.98132021 -3.91415983 -3.68538979 -3.29194078 -2.78355455 
5.33669923e-02 -3.98132021 -3.91415983 -3.68538979 -3.29194078 -2.78355455 
4.32876128e-02 -3.98132021 -3.91415983 -3.68538979 -3.29194078 -2.78355455 
3.51119173e-02 -3.98132021 -3.91415983 -3.68538979 -3.29194078 -2.78355455 
2.84803587e-02 -3.98132021 -3.91415983 -3.68538979 -3.29194078 -2.78355455 
2.31012970e-02 -3.98132021 -3.91415983 -3.68538979 -3.29194078 -2.78355455 
1.87381742e-02 -3.98132021 -3.91415983 -3.68538979 -3.29194078 -2.78355455 
1.51991108e-02 -3.98132021 -3.91415983 -3.68538979 -3.29194078 -2.78355455 
1.23284674e-02 -3.98132021 -3.91415983 -3.68538979 -3.29194078 -2.78355455 
1.00000000e-02 -3.98132021 -3.91415983 -3.68538979 -3.29194078 -2.78355455 
8.11130831e-03 -3.98132021 -3.91415983 -3.68538979 -3.29194078 -2.78355455 
6.57933225e-03 -3.98132021 -3.91415983 -3.68538979 -3.29194078 -2.78355455 
5.33669923e-03 -3.98132021 -3.91415983 -3.68538979 -3.29194078 -2.78355455 
4.32876128e-03 -3.98132021 -3.91415983 -3.68538979 -3.29194078 -2.78355455 
3.51119173e-03 -3.98132021 -3.91415983 -3.68538979 -3.29194078 -2.78355455 
2.84803587e-03 -3.98132021 -3.91415983 -3.68538979 -3.29194078 -2.78355455 
2.31012970e-03 -3.98132021 -3.91415983 -3.68538979 -3.29194078 -2.78355455 
1.87381742e-03 -3.98132021 -3.91415983 -3.68538979 -3.29194078 -2.78355455 
1.51991108e-03 -3.98132021 -3.91415983 -3.68538979 -3.29194078 -2.78355455 
1.23284674e-03 -3.98132021 -3.91415983 -3.68538979 -3.29194078 -2.78355455 
1.00000000e-03 -3.98132021 -3.91415983 -3.68538979 -3.29194078 -2.78355455 
8.11130831e-04 -3.98132021 -3.91415983 -3.68538979 -3.29194078 -2.78355455 
6.57933225e-04 -3.98132021 -3.91415983 -3.68538979 -3.29194078 -2.78355455 
5.33669923e-04 -3.98132021 -3.91415983 -3.68538979 -3.29194078 -2.78355455 
4.32876128e-04 -3.98132021 -3.91415983 -3.68538979 -3.29194078 -2.78355455 
3.51119173e-04 -3.98132021 -3.91415983 -3.68538979 -3.29194078 -2.78355455 
2.84803587e-04 -3.98132021 -3.91415983 -3.68538979 -3.29194078 -2.78355455 
2.31012970e-04 -3.98132021 -3.91415983 -3.68538979 -3.29194078 -2.78355455 
1.87381742e-04 -3.98132021 -3.91415983 -3.68538979 -3.29194078 -2.78355455 
1.51991108e-04 -3.98132021 -3.91415983 -3.68538979 -3.29194078 -2.78355455 
1.23284674e-04 -3.98132021 -3.91415983 -3.68538979 -3.29194078 -2.78355455 
1.00000000e-04 -3.98132021 -3.91415983 -3.68538979 -3.29194078 -2.78355455 
8.11130831e-05 -3.98132021 -3.91415983 -3.68538979 -3.29194078 -2.78355455 
6.57933225e-05 -3.98132021 -3.91415983 -3.68538979 -3.29194078 -2.78355455 
5.33669923e-05 -3.98132021 -3.91415983 -3.68538979 -3.29194078 -2.78355455 
4.32876128e-05 -3.98132021 -3.91415983 -3.68538979 -3.29194078 -2.78355455 
3.51119173e-05 -3.98132021 -3.91415983 -3.68538979 -3.29194078 -2.78355455 
2.84803587e-05 -3.98132021 -3.91415983 -3.68538979 -3.29194078 -2.78355455 
2.31012970e-05 -3.98132021 -3.91415983 -3.68538979 -3.29194078 -2.78355455 
1.87381742e-05 -3.98132021 -3.91415983 -3.68538979 -3.29194078 -2.78355455 
1.51991108e-05 -3.98132021 -3.91415983 -3.68538979 -3.29194078 -2.78355455 
1.23284674e-05 -3.98132021 -3.91415983 -3.68538979 -3.29194078 -2.78355455 
1.00000000e-05 -3.98132021 -3.91415983 -3.68538979 -3.29194078 -2.78355455 
8.11130831e-06 -3.98132021 -3.91415983 -3.68538979 -3.29194078 -2.78355455 
6.57933225e-06 -3.98132021 -3.91415983 -3.68538979 -3.29194078 -2.78355455 
5.33669923e-06 -3.98132021 -3.91415983 -3.68538979 -3.29194078 -2.78355455 
4.32876128e-06 -3.98132021 -3.91415983 -3.68538979 -3.29194078 -2.78355455 
3.51119173e-06 -3.98132021 -3.91415983 -3.68538979 -3.29194078 -2.78355455 
2.84803587e-06 -3.98132021 -3.91415983 -3.68538979 -3.29194078 -2.78355455 
2.31012970e-06 -3.98132021 -3.91415983 -3.68538979 -3.29194078 -2.78355455 
1.87381742e-06 -3.98132021 -3.91415983 -3.68538979 -3.29194078 -2.78355455 
1.51991108e-06 -3.98132021 -3.91415983 -3.68538979 -3.29194078 -2.78355455 
1.23284674e-06 -3.98132021 -3.91415983 -3.68538979 -3.29194078 -2.78355455 
1.00000000e-06 -3.98132021 -3.91415983 -3.68538979 -3.29194078 -2.78355455 
8.11130831e-07 -3.98132021 -3.91415983 -3.68538979 -3.29194078 -2.78355455 
6.57933225e-07 -3.98132021 -3.91415983 -3.68538979 -3.29194078 -2.78355455 
5.33669923e-07 -3.98132021 -3.91415983 -3.68538979 -3.29194078 -2.78355455 
4.32876128e-07 -3.98132021 -3.91415983 -3.68538979 -3.29194078 -2.78355455 
3.51119173e-07 -3.98132021 -3.91415983 -3.68538979 -3.29194078 -2.78355455 
2.84803587e-07 -3.98132021 -3.91415983 -3.68538979 -3.29194078 -2.78355455 
2.31012970e-07 -3.98132021 -3.91415983 -3.68538979 -3.29194078 -2.78355455 
1.87381742e-07 -3.98132021 -3.91415983 -3.68538979 -3.29194078 -2.78355455 
1.51991108e-07 -3.98132021 -3.91415983 -3.68538979 -3.29194078 -2.78355455 
1.23284674e-07 -3.98132021 -3.91415983 -3.68538979 -3.29194078 -2.78355455 
1.00000000e-07 -3.98132021 -3.91415983 -3.68538979 -3.29194078 -2.78355455 
P (bar) | log_H2S: -2σ | log_H2S: -1σ | log_H2S: median | log_H2S: +1σ | log_H2S: +2σ 
1.00000000e+02 -5.47515293 -5.25697770 -4.80016646 -4.09870402 -3.58987450 
8.11130831e+01 -5.47515293 -5.25697770 -4.80016646 -4.09870402 -3.58987450 
6.57933225e+01 -5.47515293 -5.25697770 -4.80016646 -4.09870402 -3.58987450 
5.33669923e+01 -5.47515293 -5.25697770 -4.80016646 -4.09870402 -3.58987450 
4.32876128e+01 -5.47515293 -5.25697770 -4.80016646 -4.09870402 -3.58987450 
3.51119173e+01 -5.47515293 -5.25697770 -4.80016646 -4.09870402 -3.58987450 
2.84803587e+01 -5.47515293 -5.25697770 -4.80016646 -4.09870402 -3.58987450 
2.31012970e+01 -5.47515293 -5.25697770 -4.80016646 -4.09870402 -3.58987450 
1.87381742e+01 -5.47515293 -5.25697770 -4.80016646 -4.09870402 -3.58987450 
1.51991108e+01 -5.47515293 -5.25697770 -4.80016646 -4.09870402 -3.58987450 
1.23284674e+01 -5.47515293 -5.25697770 -4.80016646 -4.09870402 -3.58987450 
1.00000000e+01 -5.47515293 -5.25697770 -4.80016646 -4.09870402 -3.58987450 
8.11130831e+00 -5.47515293 -5.25697770 -4.80016646 -4.09870402 -3.58987450 
6.57933225e+00 -5.47515293 -5.25697770 -4.80016646 -4.09870402 -3.58987450 
5.33669923e+00 -5.47515293 -5.25697770 -4.80016646 -4.09870402 -3.58987450 
4.32876128e+00 -5.47515293 -5.25697770 -4.80016646 -4.09870402 -3.58987450 
3.51119173e+00 -5.47515293 -5.25697770 -4.80016646 -4.09870402 -3.58987450 
2.84803587e+00 -5.47515293 -5.25697770 -4.80016646 -4.09870402 -3.58987450 
2.31012970e+00 -5.47515293 -5.25697770 -4.80016646 -4.09870402 -3.58987450 
1.87381742e+00 -5.47515293 -5.25697770 -4.80016646 -4.09870402 -3.58987450 
1.51991108e+00 -5.47515293 -5.25697770 -4.80016646 -4.09870402 -3.58987450 
1.23284674e+00 -5.47515293 -5.25697770 -4.80016646 -4.09870402 -3.58987450 
1.00000000e+00 -5.47515293 -5.25697770 -4.80016646 -4.09870402 -3.58987450 
8.11130831e-01 -5.47515293 -5.25697770 -4.80016646 -4.09870402 -3.58987450 
6.57933225e-01 -5.47515293 -5.25697770 -4.80016646 -4.09870402 -3.58987450 
5.33669923e-01 -5.47515293 -5.25697770 -4.80016646 -4.09870402 -3.58987450 
4.32876128e-01 -5.47515293 -5.25697770 -4.80016646 -4.09870402 -3.58987450 
3.51119173e-01 -5.47515293 -5.25697770 -4.80016646 -4.09870402 -3.58987450 
2.84803587e-01 -5.47515293 -5.25697770 -4.80016646 -4.09870402 -3.58987450 
2.31012970e-01 -5.47515293 -5.25697770 -4.80016646 -4.09870402 -3.58987450 
1.87381742e-01 -5.47515293 -5.25697770 -4.80016646 -4.09870402 -3.58987450 
1.51991108e-01 -5.47515293 -5.25697770 -4.80016646 -4.09870402 -3.58987450 
1.23284674e-01 -5.47515293 -5.25697770 -4.80016646 -4.09870402 -3.58987450 
1.00000000e-01 -5.47515293 -5.25697770 -4.80016646 -4.09870402 -3.58987450 
8.11130831e-02 -5.47515293 -5.25697770 -4.80016646 -4.09870402 -3.58987450 
6.57933225e-02 -5.47515293 -5.25697770 -4.80016646 -4.09870402 -3.58987450 
5.33669923e-02 -5.47515293 -5.25697770 -4.80016646 -4.09870402 -3.58987450 
4.32876128e-02 -5.47515293 -5.25697770 -4.80016646 -4.09870402 -3.58987450 
3.51119173e-02 -5.47515293 -5.25697770 -4.80016646 -4.09870402 -3.58987450 
2.84803587e-02 -5.47515293 -5.25697770 -4.80016646 -4.09870402 -3.58987450 
2.31012970e-02 -5.47515293 -5.25697770 -4.80016646 -4.09870402 -3.58987450 
1.87381742e-02 -5.47515293 -5.25697770 -4.80016646 -4.09870402 -3.58987450 
1.51991108e-02 -5.47515293 -5.25697770 -4.80016646 -4.09870402 -3.58987450 
1.23284674e-02 -5.47515293 -5.25697770 -4.80016646 -4.09870402 -3.58987450 
1.00000000e-02 -5.47515293 -5.25697770 -4.80016646 -4.09870402 -3.58987450 
8.11130831e-03 -5.47515293 -5.25697770 -4.80016646 -4.09870402 -3.58987450 
6.57933225e-03 -5.47515293 -5.25697770 -4.80016646 -4.09870402 -3.58987450 
5.33669923e-03 -5.47515293 -5.25697770 -4.80016646 -4.09870402 -3.58987450 
4.32876128e-03 -5.47515293 -5.25697770 -4.80016646 -4.09870402 -3.58987450 
3.51119173e-03 -5.47515293 -5.25697770 -4.80016646 -4.09870402 -3.58987450 
2.84803587e-03 -5.47515293 -5.25697770 -4.80016646 -4.09870402 -3.58987450 
2.31012970e-03 -5.47515293 -5.25697770 -4.80016646 -4.09870402 -3.58987450 
1.87381742e-03 -5.47515293 -5.25697770 -4.80016646 -4.09870402 -3.58987450 
1.51991108e-03 -5.47515293 -5.25697770 -4.80016646 -4.09870402 -3.58987450 
1.23284674e-03 -5.47515293 -5.25697770 -4.80016646 -4.09870402 -3.58987450 
1.00000000e-03 -5.47515293 -5.25697770 -4.80016646 -4.09870402 -3.58987450 
8.11130831e-04 -5.47515293 -5.25697770 -4.80016646 -4.09870402 -3.58987450 
6.57933225e-04 -5.47515293 -5.25697770 -4.80016646 -4.09870402 -3.58987450 
5.33669923e-04 -5.47515293 -5.25697770 -4.80016646 -4.09870402 -3.58987450 
4.32876128e-04 -5.47515293 -5.25697770 -4.80016646 -4.09870402 -3.58987450 
3.51119173e-04 -5.47515293 -5.25697770 -4.80016646 -4.09870402 -3.58987450 
2.84803587e-04 -5.47515293 -5.25697770 -4.80016646 -4.09870402 -3.58987450 
2.31012970e-04 -5.47515293 -5.25697770 -4.80016646 -4.09870402 -3.58987450 
1.87381742e-04 -5.47515293 -5.25697770 -4.80016646 -4.09870402 -3.58987450 
1.51991108e-04 -5.47515293 -5.25697770 -4.80016646 -4.09870402 -3.58987450 
1.23284674e-04 -5.47515293 -5.25697770 -4.80016646 -4.09870402 -3.58987450 
1.00000000e-04 -5.47515293 -5.25697770 -4.80016646 -4.09870402 -3.58987450 
8.11130831e-05 -5.47515293 -5.25697770 -4.80016646 -4.09870402 -3.58987450 
6.57933225e-05 -5.47515293 -5.25697770 -4.80016646 -4.09870402 -3.58987450 
5.33669923e-05 -5.47515293 -5.25697770 -4.80016646 -4.09870402 -3.58987450 
4.32876128e-05 -5.47515293 -5.25697770 -4.80016646 -4.09870402 -3.58987450 
3.51119173e-05 -5.47515293 -5.25697770 -4.80016646 -4.09870402 -3.58987450 
2.84803587e-05 -5.47515293 -5.25697770 -4.80016646 -4.09870402 -3.58987450 
2.31012970e-05 -5.47515293 -5.25697770 -4.80016646 -4.09870402 -3.58987450 
1.87381742e-05 -5.47515293 -5.25697770 -4.80016646 -4.09870402 -3.58987450 
1.51991108e-05 -5.47515293 -5.25697770 -4.80016646 -4.09870402 -3.58987450 
1.23284674e-05 -5.47515293 -5.25697770 -4.80016646 -4.09870402 -3.58987450 
1.00000000e-05 -5.47515293 -5.25697770 -4.80016646 -4.09870402 -3.58987450 
8.11130831e-06 -5.47515293 -5.25697770 -4.80016646 -4.09870402 -3.58987450 
6.57933225e-06 -5.47515293 -5.25697770 -4.80016646 -4.09870402 -3.58987450 
5.33669923e-06 -5.47515293 -5.25697770 -4.80016646 -4.09870402 -3.58987450 
4.32876128e-06 -5.47515293 -5.25697770 -4.80016646 -4.09870402 -3.58987450 
3.51119173e-06 -5.47515293 -5.25697770 -4.80016646 -4.09870402 -3.58987450 
2.84803587e-06 -5.47515293 -5.25697770 -4.80016646 -4.09870402 -3.58987450 
2.31012970e-06 -5.47515293 -5.25697770 -4.80016646 -4.09870402 -3.58987450 
1.87381742e-06 -5.47515293 -5.25697770 -4.80016646 -4.09870402 -3.58987450 
1.51991108e-06 -5.47515293 -5.25697770 -4.80016646 -4.09870402 -3.58987450 
1.23284674e-06 -5.47515293 -5.25697770 -4.80016646 -4.09870402 -3.58987450 
1.00000000e-06 -5.47515293 -5.25697770 -4.80016646 -4.09870402 -3.58987450 
8.11130831e-07 -5.47515293 -5.25697770 -4.80016646 -4.09870402 -3.58987450 
6.57933225e-07 -5.47515293 -5.25697770 -4.80016646 -4.09870402 -3.58987450 
5.33669923e-07 -5.47515293 -5.25697770 -4.80016646 -4.09870402 -3.58987450 
4.32876128e-07 -5.47515293 -5.25697770 -4.80016646 -4.09870402 -3.58987450 
3.51119173e-07 -5.47515293 -5.25697770 -4.80016646 -4.09870402 -3.58987450 
2.84803587e-07 -5.47515293 -5.25697770 -4.80016646 -4.09870402 -3.58987450 
2.31012970e-07 -5.47515293 -5.25697770 -4.80016646 -4.09870402 -3.58987450 
1.87381742e-07 -5.47515293 -5.25697770 -4.80016646 -4.09870402 -3.58987450 
1.51991108e-07 -5.47515293 -5.25697770 -4.80016646 -4.09870402 -3.58987450 
1.23284674e-07 -5.47515293 -5.25697770 -4.80016646 -4.09870402 -3.58987450 
1.00000000e-07 -5.47515293 -5.25697770 -4.80016646 -4.09870402 -3.58987450 
P (bar) | log_CH4: -2σ | log_CH4: -1σ | log_CH4: median | log_CH4: +1σ | log_CH4: +2σ 
1.00000000e+02 -5.50980155 -5.34690577 -5.19871736 -5.08199596 -5.01095583 
8.11130831e+01 -5.50980155 -5.34690577 -5.19871736 -5.08199596 -5.01095583 
6.57933225e+01 -5.50980155 -5.34690577 -5.19871736 -5.08199596 -5.01095583 
5.33669923e+01 -5.50980155 -5.34690577 -5.19871736 -5.08199596 -5.01095583 
4.32876128e+01 -5.50980155 -5.34690577 -5.19871736 -5.08199596 -5.01095583 
3.51119173e+01 -5.50980155 -5.34690577 -5.19871736 -5.08199596 -5.01095583 
2.84803587e+01 -5.50980155 -5.34690577 -5.19871736 -5.08199596 -5.01095583 
2.31012970e+01 -5.50980155 -5.34690577 -5.19871736 -5.08199596 -5.01095583 
1.87381742e+01 -5.50980155 -5.34690577 -5.19871736 -5.08199596 -5.01095583 
1.51991108e+01 -5.50980155 -5.34690577 -5.19871736 -5.08199596 -5.01095583 
1.23284674e+01 -5.50980155 -5.34690577 -5.19871736 -5.08199596 -5.01095583 
1.00000000e+01 -5.50980155 -5.34690577 -5.19871736 -5.08199596 -5.01095583 
8.11130831e+00 -5.50980155 -5.34690577 -5.19871736 -5.08199596 -5.01095583 
6.57933225e+00 -5.50980155 -5.34690577 -5.19871736 -5.08199596 -5.01095583 
5.33669923e+00 -5.50980155 -5.34690577 -5.19871736 -5.08199596 -5.01095583 
4.32876128e+00 -5.50980155 -5.34690577 -5.19871736 -5.08199596 -5.01095583 
3.51119173e+00 -5.50980155 -5.34690577 -5.19871736 -5.08199596 -5.01095583 
2.84803587e+00 -5.50980155 -5.34690577 -5.19871736 -5.08199596 -5.01095583 
2.31012970e+00 -5.50980155 -5.34690577 -5.19871736 -5.08199596 -5.01095583 
1.87381742e+00 -5.50980155 -5.34690577 -5.19871736 -5.08199596 -5.01095583 
1.51991108e+00 -5.50980155 -5.34690577 -5.19871736 -5.08199596 -5.01095583 
1.23284674e+00 -5.50980155 -5.34690577 -5.19871736 -5.08199596 -5.01095583 
1.00000000e+00 -5.50980155 -5.34690577 -5.19871736 -5.08199596 -5.01095583 
8.11130831e-01 -5.50980155 -5.34690577 -5.19871736 -5.08199596 -5.01095583 
6.57933225e-01 -5.50980155 -5.34690577 -5.19871736 -5.08199596 -5.01095583 
5.33669923e-01 -5.50980155 -5.34690577 -5.19871736 -5.08199596 -5.01095583 
4.32876128e-01 -5.50980155 -5.34690577 -5.19871736 -5.08199596 -5.01095583 
3.51119173e-01 -5.50980155 -5.34690577 -5.19871736 -5.08199596 -5.01095583 
2.84803587e-01 -5.50980155 -5.34690577 -5.19871736 -5.08199596 -5.01095583 
2.31012970e-01 -5.50980155 -5.34690577 -5.19871736 -5.08199596 -5.01095583 
1.87381742e-01 -5.50980155 -5.34690577 -5.19871736 -5.08199596 -5.01095583 
1.51991108e-01 -5.50980155 -5.34690577 -5.19871736 -5.08199596 -5.01095583 
1.23284674e-01 -5.50980155 -5.34690577 -5.19871736 -5.08199596 -5.01095583 
1.00000000e-01 -5.50980155 -5.34690577 -5.19871736 -5.08199596 -5.01095583 
8.11130831e-02 -5.50980155 -5.34690577 -5.19871736 -5.08199596 -5.01095583 
6.57933225e-02 -5.50980155 -5.34690577 -5.19871736 -5.08199596 -5.01095583 
5.33669923e-02 -5.50980155 -5.34690577 -5.19871736 -5.08199596 -5.01095583 
4.32876128e-02 -5.50980155 -5.34690577 -5.19871736 -5.08199596 -5.01095583 
3.51119173e-02 -5.50980155 -5.34690577 -5.19871736 -5.08199596 -5.01095583 
2.84803587e-02 -5.50980155 -5.34690577 -5.19871736 -5.08199596 -5.01095583 
2.31012970e-02 -5.50980155 -5.34690577 -5.19871736 -5.08199596 -5.01095583 
1.87381742e-02 -5.50980155 -5.34690577 -5.19871736 -5.08199596 -5.01095583 
1.51991108e-02 -5.50980155 -5.34690577 -5.19871736 -5.08199596 -5.01095583 
1.23284674e-02 -5.50980155 -5.34690577 -5.19871736 -5.08199596 -5.01095583 
1.00000000e-02 -5.50980155 -5.34690577 -5.19871736 -5.08199596 -5.01095583 
8.11130831e-03 -5.50980155 -5.34690577 -5.19871736 -5.08199596 -5.01095583 
6.57933225e-03 -5.50980155 -5.34690577 -5.19871736 -5.08199596 -5.01095583 
5.33669923e-03 -5.50980155 -5.34690577 -5.19871736 -5.08199596 -5.01095583 
4.32876128e-03 -5.50980155 -5.34690577 -5.19871736 -5.08199596 -5.01095583 
3.51119173e-03 -5.50980155 -5.34690577 -5.19871736 -5.08199596 -5.01095583 
2.84803587e-03 -5.50980155 -5.34690577 -5.19871736 -5.08199596 -5.01095583 
2.31012970e-03 -5.50980155 -5.34690577 -5.19871736 -5.08199596 -5.01095583 
1.87381742e-03 -5.50980155 -5.34690577 -5.19871736 -5.08199596 -5.01095583 
1.51991108e-03 -5.50980155 -5.34690577 -5.19871736 -5.08199596 -5.01095583 
1.23284674e-03 -5.50980155 -5.34690577 -5.19871736 -5.08199596 -5.01095583 
1.00000000e-03 -5.50980155 -5.34690577 -5.19871736 -5.08199596 -5.01095583 
8.11130831e-04 -5.50980155 -5.34690577 -5.19871736 -5.08199596 -5.01095583 
6.57933225e-04 -5.50980155 -5.34690577 -5.19871736 -5.08199596 -5.01095583 
5.33669923e-04 -5.50980155 -5.34690577 -5.19871736 -5.08199596 -5.01095583 
4.32876128e-04 -5.50980155 -5.34690577 -5.19871736 -5.08199596 -5.01095583 
3.51119173e-04 -5.50980155 -5.34690577 -5.19871736 -5.08199596 -5.01095583 
2.84803587e-04 -5.50980155 -5.34690577 -5.19871736 -5.08199596 -5.01095583 
2.31012970e-04 -5.50980155 -5.34690577 -5.19871736 -5.08199596 -5.01095583 
1.87381742e-04 -5.50980155 -5.34690577 -5.19871736 -5.08199596 -5.01095583 
1.51991108e-04 -5.50980155 -5.34690577 -5.19871736 -5.08199596 -5.01095583 
1.23284674e-04 -5.50980155 -5.34690577 -5.19871736 -5.08199596 -5.01095583 
1.00000000e-04 -5.50980155 -5.34690577 -5.19871736 -5.08199596 -5.01095583 
8.11130831e-05 -5.50980155 -5.34690577 -5.19871736 -5.08199596 -5.01095583 
6.57933225e-05 -5.50980155 -5.34690577 -5.19871736 -5.08199596 -5.01095583 
5.33669923e-05 -5.50980155 -5.34690577 -5.19871736 -5.08199596 -5.01095583 
4.32876128e-05 -5.50980155 -5.34690577 -5.19871736 -5.08199596 -5.01095583 
3.51119173e-05 -5.50980155 -5.34690577 -5.19871736 -5.08199596 -5.01095583 
2.84803587e-05 -5.50980155 -5.34690577 -5.19871736 -5.08199596 -5.01095583 
2.31012970e-05 -5.50980155 -5.34690577 -5.19871736 -5.08199596 -5.01095583 
1.87381742e-05 -5.50980155 -5.34690577 -5.19871736 -5.08199596 -5.01095583 
1.51991108e-05 -5.50980155 -5.34690577 -5.19871736 -5.08199596 -5.01095583 
1.23284674e-05 -5.50980155 -5.34690577 -5.19871736 -5.08199596 -5.01095583 
1.00000000e-05 -5.50980155 -5.34690577 -5.19871736 -5.08199596 -5.01095583 
8.11130831e-06 -5.50980155 -5.34690577 -5.19871736 -5.08199596 -5.01095583 
6.57933225e-06 -5.50980155 -5.34690577 -5.19871736 -5.08199596 -5.01095583 
5.33669923e-06 -5.50980155 -5.34690577 -5.19871736 -5.08199596 -5.01095583 
4.32876128e-06 -5.50980155 -5.34690577 -5.19871736 -5.08199596 -5.01095583 
3.51119173e-06 -5.50980155 -5.34690577 -5.19871736 -5.08199596 -5.01095583 
2.84803587e-06 -5.50980155 -5.34690577 -5.19871736 -5.08199596 -5.01095583 
2.31012970e-06 -5.50980155 -5.34690577 -5.19871736 -5.08199596 -5.01095583 
1.87381742e-06 -5.50980155 -5.34690577 -5.19871736 -5.08199596 -5.01095583 
1.51991108e-06 -5.50980155 -5.34690577 -5.19871736 -5.08199596 -5.01095583 
1.23284674e-06 -5.50980155 -5.34690577 -5.19871736 -5.08199596 -5.01095583 
1.00000000e-06 -5.50980155 -5.34690577 -5.19871736 -5.08199596 -5.01095583 
8.11130831e-07 -5.50980155 -5.34690577 -5.19871736 -5.08199596 -5.01095583 
6.57933225e-07 -5.50980155 -5.34690577 -5.19871736 -5.08199596 -5.01095583 
5.33669923e-07 -5.50980155 -5.34690577 -5.19871736 -5.08199596 -5.01095583 
4.32876128e-07 -5.50980155 -5.34690577 -5.19871736 -5.08199596 -5.01095583 
3.51119173e-07 -5.50980155 -5.34690577 -5.19871736 -5.08199596 -5.01095583 
2.84803587e-07 -5.50980155 -5.34690577 -5.19871736 -5.08199596 -5.01095583 
2.31012970e-07 -5.50980155 -5.34690577 -5.19871736 -5.08199596 -5.01095583 
1.87381742e-07 -5.50980155 -5.34690577 -5.19871736 -5.08199596 -5.01095583 
1.51991108e-07 -5.50980155 -5.34690577 -5.19871736 -5.08199596 -5.01095583 
1.23284674e-07 -5.50980155 -5.34690577 -5.19871736 -5.08199596 -5.01095583 
1.00000000e-07 -5.50980155 -5.34690577 -5.19871736 -5.08199596 -5.01095583 
