Chemical species: H2 He H2O CO2 SO2 H2S NH3 CH4
P (bar) | log_H2: -2σ | log_H2: -1σ | log_H2: median | log_H2: +1σ | log_H2: +2σ 
1.00000000e+02 -0.11396978 -0.11351707 -0.11207218 -0.10925929 -0.10418391 
8.11130831e+01 -0.11396978 -0.11351707 -0.11207218 -0.10925929 -0.10418391 
6.57933225e+01 -0.11396978 -0.11351707 -0.11207218 -0.10925929 -0.10418391 
5.33669923e+01 -0.11396978 -0.11351707 -0.11207218 -0.10925929 -0.10418391 
4.32876128e+01 -0.11396978 -0.11351707 -0.11207218 -0.10925929 -0.10418391 
3.51119173e+01 -0.11396978 -0.11351707 -0.11207218 -0.10925929 -0.10418391 
2.84803587e+01 -0.11396978 -0.11351707 -0.11207218 -0.10925929 -0.10418391 
2.31012970e+01 -0.11396978 -0.11351707 -0.11207218 -0.10925929 -0.10418391 
1.87381742e+01 -0.11396978 -0.11351707 -0.11207218 -0.10925929 -0.10418391 
1.51991108e+01 -0.11396978 -0.11351707 -0.11207218 -0.10925929 -0.10418391 
1.23284674e+01 -0.11396978 -0.11351707 -0.11207218 -0.10925929 -0.10418391 
1.00000000e+01 -0.11396978 -0.11351707 -0.11207218 -0.10925929 -0.10418391 
8.11130831e+00 -0.11396978 -0.11351707 -0.11207218 -0.10925929 -0.10418391 
6.57933225e+00 -0.11396978 -0.11351707 -0.11207218 -0.10925929 -0.10418391 
5.33669923e+00 -0.11396978 -0.11351707 -0.11207218 -0.10925929 -0.10418391 
4.32876128e+00 -0.11396978 -0.11351707 -0.11207218 -0.10925929 -0.10418391 
3.51119173e+00 -0.11396978 -0.11351707 -0.11207218 -0.10925929 -0.10418391 
2.84803587e+00 -0.11396978 -0.11351707 -0.11207218 -0.10925929 -0.10418391 
2.31012970e+00 -0.11396978 -0.11351707 -0.11207218 -0.10925929 -0.10418391 
1.87381742e+00 -0.11396978 -0.11351707 -0.11207218 -0.10925929 -0.10418391 
1.51991108e+00 -0.11396978 -0.11351707 -0.11207218 -0.10925929 -0.10418391 
1.23284674e+00 -0.11396978 -0.11351707 -0.11207218 -0.10925929 -0.10418391 
1.00000000e+00 -0.11396978 -0.11351707 -0.11207218 -0.10925929 -0.10418391 
8.11130831e-01 -0.11396978 -0.11351707 -0.11207218 -0.10925929 -0.10418391 
6.57933225e-01 -0.11396978 -0.11351707 -0.11207218 -0.10925929 -0.10418391 
5.33669923e-01 -0.11396978 -0.11351707 -0.11207218 -0.10925929 -0.10418391 
4.32876128e-01 -0.11396978 -0.11351707 -0.11207218 -0.10925929 -0.10418391 
3.51119173e-01 -0.11396978 -0.11351707 -0.11207218 -0.10925929 -0.10418391 
2.84803587e-01 -0.11396978 -0.11351707 -0.11207218 -0.10925929 -0.10418391 
2.31012970e-01 -0.11396978 -0.11351707 -0.11207218 -0.10925929 -0.10418391 
1.87381742e-01 -0.11396978 -0.11351707 -0.11207218 -0.10925929 -0.10418391 
1.51991108e-01 -0.11396978 -0.11351707 -0.11207218 -0.10925929 -0.10418391 
1.23284674e-01 -0.11396978 -0.11351707 -0.11207218 -0.10925929 -0.10418391 
1.00000000e-01 -0.11396978 -0.11351707 -0.11207218 -0.10925929 -0.10418391 
8.11130831e-02 -0.11396978 -0.11351707 -0.11207218 -0.10925929 -0.10418391 
6.57933225e-02 -0.11396978 -0.11351707 -0.11207218 -0.10925929 -0.10418391 
5.33669923e-02 -0.11396978 -0.11351707 -0.11207218 -0.10925929 -0.10418391 
4.32876128e-02 -0.11396978 -0.11351707 -0.11207218 -0.10925929 -0.10418391 
3.51119173e-02 -0.11396978 -0.11351707 -0.11207218 -0.10925929 -0.10418391 
2.84803587e-02 -0.11396978 -0.11351707 -0.11207218 -0.10925929 -0.10418391 
2.31012970e-02 -0.11396978 -0.11351707 -0.11207218 -0.10925929 -0.10418391 
1.87381742e-02 -0.11396978 -0.11351707 -0.11207218 -0.10925929 -0.10418391 
1.51991108e-02 -0.11396978 -0.11351707 -0.11207218 -0.10925929 -0.10418391 
1.23284674e-02 -0.11396978 -0.11351707 -0.11207218 -0.10925929 -0.10418391 
1.00000000e-02 -0.11396978 -0.11351707 -0.11207218 -0.10925929 -0.10418391 
8.11130831e-03 -0.11396978 -0.11351707 -0.11207218 -0.10925929 -0.10418391 
6.57933225e-03 -0.11396978 -0.11351707 -0.11207218 -0.10925929 -0.10418391 
5.33669923e-03 -0.11396978 -0.11351707 -0.11207218 -0.10925929 -0.10418391 
4.32876128e-03 -0.11396978 -0.11351707 -0.11207218 -0.10925929 -0.10418391 
3.51119173e-03 -0.11396978 -0.11351707 -0.11207218 -0.10925929 -0.10418391 
2.84803587e-03 -0.11396978 -0.11351707 -0.11207218 -0.10925929 -0.10418391 
2.31012970e-03 -0.11396978 -0.11351707 -0.11207218 -0.10925929 -0.10418391 
1.87381742e-03 -0.11396978 -0.11351707 -0.11207218 -0.10925929 -0.10418391 
1.51991108e-03 -0.11396978 -0.11351707 -0.11207218 -0.10925929 -0.10418391 
1.23284674e-03 -0.11396978 -0.11351707 -0.11207218 -0.10925929 -0.10418391 
1.00000000e-03 -0.11396978 -0.11351707 -0.11207218 -0.10925929 -0.10418391 
8.11130831e-04 -0.11396978 -0.11351707 -0.11207218 -0.10925929 -0.10418391 
6.57933225e-04 -0.11396978 -0.11351707 -0.11207218 -0.10925929 -0.10418391 
5.33669923e-04 -0.11396978 -0.11351707 -0.11207218 -0.10925929 -0.10418391 
4.32876128e-04 -0.11396978 -0.11351707 -0.11207218 -0.10925929 -0.10418391 
3.51119173e-04 -0.11396978 -0.11351707 -0.11207218 -0.10925929 -0.10418391 
2.84803587e-04 -0.11396978 -0.11351707 -0.11207218 -0.10925929 -0.10418391 
2.31012970e-04 -0.11396978 -0.11351707 -0.11207218 -0.10925929 -0.10418391 
1.87381742e-04 -0.11396978 -0.11351707 -0.11207218 -0.10925929 -0.10418391 
1.51991108e-04 -0.11396978 -0.11351707 -0.11207218 -0.10925929 -0.10418391 
1.23284674e-04 -0.11396978 -0.11351707 -0.11207218 -0.10925929 -0.10418391 
1.00000000e-04 -0.11396978 -0.11351707 -0.11207218 -0.10925929 -0.10418391 
8.11130831e-05 -0.11396978 -0.11351707 -0.11207218 -0.10925929 -0.10418391 
6.57933225e-05 -0.11396978 -0.11351707 -0.11207218 -0.10925929 -0.10418391 
5.33669923e-05 -0.11396978 -0.11351707 -0.11207218 -0.10925929 -0.10418391 
4.32876128e-05 -0.11396978 -0.11351707 -0.11207218 -0.10925929 -0.10418391 
3.51119173e-05 -0.11396978 -0.11351707 -0.11207218 -0.10925929 -0.10418391 
2.84803587e-05 -0.11396978 -0.11351707 -0.11207218 -0.10925929 -0.10418391 
2.31012970e-05 -0.11396978 -0.11351707 -0.11207218 -0.10925929 -0.10418391 
1.87381742e-05 -0.11396978 -0.11351707 -0.11207218 -0.10925929 -0.10418391 
1.51991108e-05 -0.11396978 -0.11351707 -0.11207218 -0.10925929 -0.10418391 
1.23284674e-05 -0.11396978 -0.11351707 -0.11207218 -0.10925929 -0.10418391 
1.00000000e-05 -0.11396978 -0.11351707 -0.11207218 -0.10925929 -0.10418391 
8.11130831e-06 -0.11396978 -0.11351707 -0.11207218 -0.10925929 -0.10418391 
6.57933225e-06 -0.11396978 -0.11351707 -0.11207218 -0.10925929 -0.10418391 
5.33669923e-06 -0.11396978 -0.11351707 -0.11207218 -0.10925929 -0.10418391 
4.32876128e-06 -0.11396978 -0.11351707 -0.11207218 -0.10925929 -0.10418391 
3.51119173e-06 -0.11396978 -0.11351707 -0.11207218 -0.10925929 -0.10418391 
2.84803587e-06 -0.11396978 -0.11351707 -0.11207218 -0.10925929 -0.10418391 
2.31012970e-06 -0.11396978 -0.11351707 -0.11207218 -0.10925929 -0.10418391 
1.87381742e-06 -0.11396978 -0.11351707 -0.11207218 -0.10925929 -0.10418391 
1.51991108e-06 -0.11396978 -0.11351707 -0.11207218 -0.10925929 -0.10418391 
1.23284674e-06 -0.11396978 -0.11351707 -0.11207218 -0.10925929 -0.10418391 
1.00000000e-06 -0.11396978 -0.11351707 -0.11207218 -0.10925929 -0.10418391 
8.11130831e-07 -0.11396978 -0.11351707 -0.11207218 -0.10925929 -0.10418391 
6.57933225e-07 -0.11396978 -0.11351707 -0.11207218 -0.10925929 -0.10418391 
5.33669923e-07 -0.11396978 -0.11351707 -0.11207218 -0.10925929 -0.10418391 
4.32876128e-07 -0.11396978 -0.11351707 -0.11207218 -0.10925929 -0.10418391 
3.51119173e-07 -0.11396978 -0.11351707 -0.11207218 -0.10925929 -0.10418391 
2.84803587e-07 -0.11396978 -0.11351707 -0.11207218 -0.10925929 -0.10418391 
2.31012970e-07 -0.11396978 -0.11351707 -0.11207218 -0.10925929 -0.10418391 
1.87381742e-07 -0.11396978 -0.11351707 -0.11207218 -0.10925929 -0.10418391 
1.51991108e-07 -0.11396978 -0.11351707 -0.11207218 -0.10925929 -0.10418391 
1.23284674e-07 -0.11396978 -0.11351707 -0.11207218 -0.10925929 -0.10418391 
1.00000000e-07 -0.11396978 -0.11351707 -0.11207218 -0.10925929 -0.10418391 
P (bar) | log_He: -2σ | log_He: -1σ | log_He: median | log_He: +1σ | log_He: +2σ 
1.00000000e+02 -0.88352086 -0.88306815 -0.88162326 -0.87881037 -0.87373499 
8.11130831e+01 -0.88352086 -0.88306815 -0.88162326 -0.87881037 -0.87373499 
6.57933225e+01 -0.88352086 -0.88306815 -0.88162326 -0.87881037 -0.87373499 
5.33669923e+01 -0.88352086 -0.88306815 -0.88162326 -0.87881037 -0.87373499 
4.32876128e+01 -0.88352086 -0.88306815 -0.88162326 -0.87881037 -0.87373499 
3.51119173e+01 -0.88352086 -0.88306815 -0.88162326 -0.87881037 -0.87373499 
2.84803587e+01 -0.88352086 -0.88306815 -0.88162326 -0.87881037 -0.87373499 
2.31012970e+01 -0.88352086 -0.88306815 -0.88162326 -0.87881037 -0.87373499 
1.87381742e+01 -0.88352086 -0.88306815 -0.88162326 -0.87881037 -0.87373499 
1.51991108e+01 -0.88352086 -0.88306815 -0.88162326 -0.87881037 -0.87373499 
1.23284674e+01 -0.88352086 -0.88306815 -0.88162326 -0.87881037 -0.87373499 
1.00000000e+01 -0.88352086 -0.88306815 -0.88162326 -0.87881037 -0.87373499 
8.11130831e+00 -0.88352086 -0.88306815 -0.88162326 -0.87881037 -0.87373499 
6.57933225e+00 -0.88352086 -0.88306815 -0.88162326 -0.87881037 -0.87373499 
5.33669923e+00 -0.88352086 -0.88306815 -0.88162326 -0.87881037 -0.87373499 
4.32876128e+00 -0.88352086 -0.88306815 -0.88162326 -0.87881037 -0.87373499 
3.51119173e+00 -0.88352086 -0.88306815 -0.88162326 -0.87881037 -0.87373499 
2.84803587e+00 -0.88352086 -0.88306815 -0.88162326 -0.87881037 -0.87373499 
2.31012970e+00 -0.88352086 -0.88306815 -0.88162326 -0.87881037 -0.87373499 
1.87381742e+00 -0.88352086 -0.88306815 -0.88162326 -0.87881037 -0.87373499 
1.51991108e+00 -0.88352086 -0.88306815 -0.88162326 -0.87881037 -0.87373499 
1.23284674e+00 -0.88352086 -0.88306815 -0.88162326 -0.87881037 -0.87373499 
1.00000000e+00 -0.88352086 -0.88306815 -0.88162326 -0.87881037 -0.87373499 
8.11130831e-01 -0.88352086 -0.88306815 -0.88162326 -0.87881037 -0.87373499 
6.57933225e-01 -0.88352086 -0.88306815 -0.88162326 -0.87881037 -0.87373499 
5.33669923e-01 -0.88352086 -0.88306815 -0.88162326 -0.87881037 -0.87373499 
4.32876128e-01 -0.88352086 -0.88306815 -0.88162326 -0.87881037 -0.87373499 
3.51119173e-01 -0.88352086 -0.88306815 -0.88162326 -0.87881037 -0.87373499 
2.84803587e-01 -0.88352086 -0.88306815 -0.88162326 -0.87881037 -0.87373499 
2.31012970e-01 -0.88352086 -0.88306815 -0.88162326 -0.87881037 -0.87373499 
1.87381742e-01 -0.88352086 -0.88306815 -0.88162326 -0.87881037 -0.87373499 
1.51991108e-01 -0.88352086 -0.88306815 -0.88162326 -0.87881037 -0.87373499 
1.23284674e-01 -0.88352086 -0.88306815 -0.88162326 -0.87881037 -0.87373499 
1.00000000e-01 -0.88352086 -0.88306815 -0.88162326 -0.87881037 -0.87373499 
8.11130831e-02 -0.88352086 -0.88306815 -0.88162326 -0.87881037 -0.87373499 
6.57933225e-02 -0.88352086 -0.88306815 -0.88162326 -0.87881037 -0.87373499 
5.33669923e-02 -0.88352086 -0.88306815 -0.88162326 -0.87881037 -0.87373499 
4.32876128e-02 -0.88352086 -0.88306815 -0.88162326 -0.87881037 -0.87373499 
3.51119173e-02 -0.88352086 -0.88306815 -0.88162326 -0.87881037 -0.87373499 
2.84803587e-02 -0.88352086 -0.88306815 -0.88162326 -0.87881037 -0.87373499 
2.31012970e-02 -0.88352086 -0.88306815 -0.88162326 -0.87881037 -0.87373499 
1.87381742e-02 -0.88352086 -0.88306815 -0.88162326 -0.87881037 -0.87373499 
1.51991108e-02 -0.88352086 -0.88306815 -0.88162326 -0.87881037 -0.87373499 
1.23284674e-02 -0.88352086 -0.88306815 -0.88162326 -0.87881037 -0.87373499 
1.00000000e-02 -0.88352086 -0.88306815 -0.88162326 -0.87881037 -0.87373499 
8.11130831e-03 -0.88352086 -0.88306815 -0.88162326 -0.87881037 -0.87373499 
6.57933225e-03 -0.88352086 -0.88306815 -0.88162326 -0.87881037 -0.87373499 
5.33669923e-03 -0.88352086 -0.88306815 -0.88162326 -0.87881037 -0.87373499 
4.32876128e-03 -0.88352086 -0.88306815 -0.88162326 -0.87881037 -0.87373499 
3.51119173e-03 -0.88352086 -0.88306815 -0.88162326 -0.87881037 -0.87373499 
2.84803587e-03 -0.88352086 -0.88306815 -0.88162326 -0.87881037 -0.87373499 
2.31012970e-03 -0.88352086 -0.88306815 -0.88162326 -0.87881037 -0.87373499 
1.87381742e-03 -0.88352086 -0.88306815 -0.88162326 -0.87881037 -0.87373499 
1.51991108e-03 -0.88352086 -0.88306815 -0.88162326 -0.87881037 -0.87373499 
1.23284674e-03 -0.88352086 -0.88306815 -0.88162326 -0.87881037 -0.87373499 
1.00000000e-03 -0.88352086 -0.88306815 -0.88162326 -0.87881037 -0.87373499 
8.11130831e-04 -0.88352086 -0.88306815 -0.88162326 -0.87881037 -0.87373499 
6.57933225e-04 -0.88352086 -0.88306815 -0.88162326 -0.87881037 -0.87373499 
5.33669923e-04 -0.88352086 -0.88306815 -0.88162326 -0.87881037 -0.87373499 
4.32876128e-04 -0.88352086 -0.88306815 -0.88162326 -0.87881037 -0.87373499 
3.51119173e-04 -0.88352086 -0.88306815 -0.88162326 -0.87881037 -0.87373499 
2.84803587e-04 -0.88352086 -0.88306815 -0.88162326 -0.87881037 -0.87373499 
2.31012970e-04 -0.88352086 -0.88306815 -0.88162326 -0.87881037 -0.87373499 
1.87381742e-04 -0.88352086 -0.88306815 -0.88162326 -0.87881037 -0.87373499 
1.51991108e-04 -0.88352086 -0.88306815 -0.88162326 -0.87881037 -0.87373499 
1.23284674e-04 -0.88352086 -0.88306815 -0.88162326 -0.87881037 -0.87373499 
1.00000000e-04 -0.88352086 -0.88306815 -0.88162326 -0.87881037 -0.87373499 
8.11130831e-05 -0.88352086 -0.88306815 -0.88162326 -0.87881037 -0.87373499 
6.57933225e-05 -0.88352086 -0.88306815 -0.88162326 -0.87881037 -0.87373499 
5.33669923e-05 -0.88352086 -0.88306815 -0.88162326 -0.87881037 -0.87373499 
4.32876128e-05 -0.88352086 -0.88306815 -0.88162326 -0.87881037 -0.87373499 
3.51119173e-05 -0.88352086 -0.88306815 -0.88162326 -0.87881037 -0.87373499 
2.84803587e-05 -0.88352086 -0.88306815 -0.88162326 -0.87881037 -0.87373499 
2.31012970e-05 -0.88352086 -0.88306815 -0.88162326 -0.87881037 -0.87373499 
1.87381742e-05 -0.88352086 -0.88306815 -0.88162326 -0.87881037 -0.87373499 
1.51991108e-05 -0.88352086 -0.88306815 -0.88162326 -0.87881037 -0.87373499 
1.23284674e-05 -0.88352086 -0.88306815 -0.88162326 -0.87881037 -0.87373499 
1.00000000e-05 -0.88352086 -0.88306815 -0.88162326 -0.87881037 -0.87373499 
8.11130831e-06 -0.88352086 -0.88306815 -0.88162326 -0.87881037 -0.87373499 
6.57933225e-06 -0.88352086 -0.88306815 -0.88162326 -0.87881037 -0.87373499 
5.33669923e-06 -0.88352086 -0.88306815 -0.88162326 -0.87881037 -0.87373499 
4.32876128e-06 -0.88352086 -0.88306815 -0.88162326 -0.87881037 -0.87373499 
3.51119173e-06 -0.88352086 -0.88306815 -0.88162326 -0.87881037 -0.87373499 
2.84803587e-06 -0.88352086 -0.88306815 -0.88162326 -0.87881037 -0.87373499 
2.31012970e-06 -0.88352086 -0.88306815 -0.88162326 -0.87881037 -0.87373499 
1.87381742e-06 -0.88352086 -0.88306815 -0.88162326 -0.87881037 -0.87373499 
1.51991108e-06 -0.88352086 -0.88306815 -0.88162326 -0.87881037 -0.87373499 
1.23284674e-06 -0.88352086 -0.88306815 -0.88162326 -0.87881037 -0.87373499 
1.00000000e-06 -0.88352086 -0.88306815 -0.88162326 -0.87881037 -0.87373499 
8.11130831e-07 -0.88352086 -0.88306815 -0.88162326 -0.87881037 -0.87373499 
6.57933225e-07 -0.88352086 -0.88306815 -0.88162326 -0.87881037 -0.87373499 
5.33669923e-07 -0.88352086 -0.88306815 -0.88162326 -0.87881037 -0.87373499 
4.32876128e-07 -0.88352086 -0.88306815 -0.88162326 -0.87881037 -0.87373499 
3.51119173e-07 -0.88352086 -0.88306815 -0.88162326 -0.87881037 -0.87373499 
2.84803587e-07 -0.88352086 -0.88306815 -0.88162326 -0.87881037 -0.87373499 
2.31012970e-07 -0.88352086 -0.88306815 -0.88162326 -0.87881037 -0.87373499 
1.87381742e-07 -0.88352086 -0.88306815 -0.88162326 -0.87881037 -0.87373499 
1.51991108e-07 -0.88352086 -0.88306815 -0.88162326 -0.87881037 -0.87373499 
1.23284674e-07 -0.88352086 -0.88306815 -0.88162326 -0.87881037 -0.87373499 
1.00000000e-07 -0.88352086 -0.88306815 -0.88162326 -0.87881037 -0.87373499 
P (bar) | log_H2O: -2σ | log_H2O: -1σ | log_H2O: median | log_H2O: +1σ | log_H2O: +2σ 
1.00000000e+02 -1.10575540 -1.04593908 -1.01839375 -1.00487996 -1.00071611 
8.11130831e+01 -1.10575540 -1.04593908 -1.01839375 -1.00487996 -1.00071611 
6.57933225e+01 -1.10575540 -1.04593908 -1.01839375 -1.00487996 -1.00071611 
5.33669923e+01 -1.10575540 -1.04593908 -1.01839375 -1.00487996 -1.00071611 
4.32876128e+01 -1.10575540 -1.04593908 -1.01839375 -1.00487996 -1.00071611 
3.51119173e+01 -1.10575540 -1.04593908 -1.01839375 -1.00487996 -1.00071611 
2.84803587e+01 -1.10575540 -1.04593908 -1.01839375 -1.00487996 -1.00071611 
2.31012970e+01 -1.10575540 -1.04593908 -1.01839375 -1.00487996 -1.00071611 
1.87381742e+01 -1.10575540 -1.04593908 -1.01839375 -1.00487996 -1.00071611 
1.51991108e+01 -1.10575540 -1.04593908 -1.01839375 -1.00487996 -1.00071611 
1.23284674e+01 -1.10575540 -1.04593908 -1.01839375 -1.00487996 -1.00071611 
1.00000000e+01 -1.10575540 -1.04593908 -1.01839375 -1.00487996 -1.00071611 
8.11130831e+00 -1.10575540 -1.04593908 -1.01839375 -1.00487996 -1.00071611 
6.57933225e+00 -1.10575540 -1.04593908 -1.01839375 -1.00487996 -1.00071611 
5.33669923e+00 -1.10575540 -1.04593908 -1.01839375 -1.00487996 -1.00071611 
4.32876128e+00 -1.10575540 -1.04593908 -1.01839375 -1.00487996 -1.00071611 
3.51119173e+00 -1.10575540 -1.04593908 -1.01839375 -1.00487996 -1.00071611 
2.84803587e+00 -1.10575540 -1.04593908 -1.01839375 -1.00487996 -1.00071611 
2.31012970e+00 -1.10575540 -1.04593908 -1.01839375 -1.00487996 -1.00071611 
1.87381742e+00 -1.10575540 -1.04593908 -1.01839375 -1.00487996 -1.00071611 
1.51991108e+00 -1.10575540 -1.04593908 -1.01839375 -1.00487996 -1.00071611 
1.23284674e+00 -1.10575540 -1.04593908 -1.01839375 -1.00487996 -1.00071611 
1.00000000e+00 -1.10575540 -1.04593908 -1.01839375 -1.00487996 -1.00071611 
8.11130831e-01 -1.10575540 -1.04593908 -1.01839375 -1.00487996 -1.00071611 
6.57933225e-01 -1.10575540 -1.04593908 -1.01839375 -1.00487996 -1.00071611 
5.33669923e-01 -1.10575540 -1.04593908 -1.01839375 -1.00487996 -1.00071611 
4.32876128e-01 -1.10575540 -1.04593908 -1.01839375 -1.00487996 -1.00071611 
3.51119173e-01 -1.10575540 -1.04593908 -1.01839375 -1.00487996 -1.00071611 
2.84803587e-01 -1.10575540 -1.04593908 -1.01839375 -1.00487996 -1.00071611 
2.31012970e-01 -1.10575540 -1.04593908 -1.01839375 -1.00487996 -1.00071611 
1.87381742e-01 -1.10575540 -1.04593908 -1.01839375 -1.00487996 -1.00071611 
1.51991108e-01 -1.10575540 -1.04593908 -1.01839375 -1.00487996 -1.00071611 
1.23284674e-01 -1.10575540 -1.04593908 -1.01839375 -1.00487996 -1.00071611 
1.00000000e-01 -1.10575540 -1.04593908 -1.01839375 -1.00487996 -1.00071611 
8.11130831e-02 -1.10575540 -1.04593908 -1.01839375 -1.00487996 -1.00071611 
6.57933225e-02 -1.10575540 -1.04593908 -1.01839375 -1.00487996 -1.00071611 
5.33669923e-02 -1.10575540 -1.04593908 -1.01839375 -1.00487996 -1.00071611 
4.32876128e-02 -1.10575540 -1.04593908 -1.01839375 -1.00487996 -1.00071611 
3.51119173e-02 -1.10575540 -1.04593908 -1.01839375 -1.00487996 -1.00071611 
2.84803587e-02 -1.10575540 -1.04593908 -1.01839375 -1.00487996 -1.00071611 
2.31012970e-02 -1.10575540 -1.04593908 -1.01839375 -1.00487996 -1.00071611 
1.87381742e-02 -1.10575540 -1.04593908 -1.01839375 -1.00487996 -1.00071611 
1.51991108e-02 -1.10575540 -1.04593908 -1.01839375 -1.00487996 -1.00071611 
1.23284674e-02 -1.10575540 -1.04593908 -1.01839375 -1.00487996 -1.00071611 
1.00000000e-02 -1.10575540 -1.04593908 -1.01839375 -1.00487996 -1.00071611 
8.11130831e-03 -1.10575540 -1.04593908 -1.01839375 -1.00487996 -1.00071611 
6.57933225e-03 -1.10575540 -1.04593908 -1.01839375 -1.00487996 -1.00071611 
5.33669923e-03 -1.10575540 -1.04593908 -1.01839375 -1.00487996 -1.00071611 
4.32876128e-03 -1.10575540 -1.04593908 -1.01839375 -1.00487996 -1.00071611 
3.51119173e-03 -1.10575540 -1.04593908 -1.01839375 -1.00487996 -1.00071611 
2.84803587e-03 -1.10575540 -1.04593908 -1.01839375 -1.00487996 -1.00071611 
2.31012970e-03 -1.10575540 -1.04593908 -1.01839375 -1.00487996 -1.00071611 
1.87381742e-03 -1.10575540 -1.04593908 -1.01839375 -1.00487996 -1.00071611 
1.51991108e-03 -1.10575540 -1.04593908 -1.01839375 -1.00487996 -1.00071611 
1.23284674e-03 -1.10575540 -1.04593908 -1.01839375 -1.00487996 -1.00071611 
1.00000000e-03 -1.10575540 -1.04593908 -1.01839375 -1.00487996 -1.00071611 
8.11130831e-04 -1.10575540 -1.04593908 -1.01839375 -1.00487996 -1.00071611 
6.57933225e-04 -1.10575540 -1.04593908 -1.01839375 -1.00487996 -1.00071611 
5.33669923e-04 -1.10575540 -1.04593908 -1.01839375 -1.00487996 -1.00071611 
4.32876128e-04 -1.10575540 -1.04593908 -1.01839375 -1.00487996 -1.00071611 
3.51119173e-04 -1.10575540 -1.04593908 -1.01839375 -1.00487996 -1.00071611 
2.84803587e-04 -1.10575540 -1.04593908 -1.01839375 -1.00487996 -1.00071611 
2.31012970e-04 -1.10575540 -1.04593908 -1.01839375 -1.00487996 -1.00071611 
1.87381742e-04 -1.10575540 -1.04593908 -1.01839375 -1.00487996 -1.00071611 
1.51991108e-04 -1.10575540 -1.04593908 -1.01839375 -1.00487996 -1.00071611 
1.23284674e-04 -1.10575540 -1.04593908 -1.01839375 -1.00487996 -1.00071611 
1.00000000e-04 -1.10575540 -1.04593908 -1.01839375 -1.00487996 -1.00071611 
8.11130831e-05 -1.10575540 -1.04593908 -1.01839375 -1.00487996 -1.00071611 
6.57933225e-05 -1.10575540 -1.04593908 -1.01839375 -1.00487996 -1.00071611 
5.33669923e-05 -1.10575540 -1.04593908 -1.01839375 -1.00487996 -1.00071611 
4.32876128e-05 -1.10575540 -1.04593908 -1.01839375 -1.00487996 -1.00071611 
3.51119173e-05 -1.10575540 -1.04593908 -1.01839375 -1.00487996 -1.00071611 
2.84803587e-05 -1.10575540 -1.04593908 -1.01839375 -1.00487996 -1.00071611 
2.31012970e-05 -1.10575540 -1.04593908 -1.01839375 -1.00487996 -1.00071611 
1.87381742e-05 -1.10575540 -1.04593908 -1.01839375 -1.00487996 -1.00071611 
1.51991108e-05 -1.10575540 -1.04593908 -1.01839375 -1.00487996 -1.00071611 
1.23284674e-05 -1.10575540 -1.04593908 -1.01839375 -1.00487996 -1.00071611 
1.00000000e-05 -1.10575540 -1.04593908 -1.01839375 -1.00487996 -1.00071611 
8.11130831e-06 -1.10575540 -1.04593908 -1.01839375 -1.00487996 -1.00071611 
6.57933225e-06 -1.10575540 -1.04593908 -1.01839375 -1.00487996 -1.00071611 
5.33669923e-06 -1.10575540 -1.04593908 -1.01839375 -1.00487996 -1.00071611 
4.32876128e-06 -1.10575540 -1.04593908 -1.01839375 -1.00487996 -1.00071611 
3.51119173e-06 -1.10575540 -1.04593908 -1.01839375 -1.00487996 -1.00071611 
2.84803587e-06 -1.10575540 -1.04593908 -1.01839375 -1.00487996 -1.00071611 
2.31012970e-06 -1.10575540 -1.04593908 -1.01839375 -1.00487996 -1.00071611 
1.87381742e-06 -1.10575540 -1.04593908 -1.01839375 -1.00487996 -1.00071611 
1.51991108e-06 -1.10575540 -1.04593908 -1.01839375 -1.00487996 -1.00071611 
1.23284674e-06 -1.10575540 -1.04593908 -1.01839375 -1.00487996 -1.00071611 
1.00000000e-06 -1.10575540 -1.04593908 -1.01839375 -1.00487996 -1.00071611 
8.11130831e-07 -1.10575540 -1.04593908 -1.01839375 -1.00487996 -1.00071611 
6.57933225e-07 -1.10575540 -1.04593908 -1.01839375 -1.00487996 -1.00071611 
5.33669923e-07 -1.10575540 -1.04593908 -1.01839375 -1.00487996 -1.00071611 
4.32876128e-07 -1.10575540 -1.04593908 -1.01839375 -1.00487996 -1.00071611 
3.51119173e-07 -1.10575540 -1.04593908 -1.01839375 -1.00487996 -1.00071611 
2.84803587e-07 -1.10575540 -1.04593908 -1.01839375 -1.00487996 -1.00071611 
2.31012970e-07 -1.10575540 -1.04593908 -1.01839375 -1.00487996 -1.00071611 
1.87381742e-07 -1.10575540 -1.04593908 -1.01839375 -1.00487996 -1.00071611 
1.51991108e-07 -1.10575540 -1.04593908 -1.01839375 -1.00487996 -1.00071611 
1.23284674e-07 -1.10575540 -1.04593908 -1.01839375 -1.00487996 -1.00071611 
1.00000000e-07 -1.10575540 -1.04593908 -1.01839375 -1.00487996 -1.00071611 
P (bar) | log_CO2: -2σ | log_CO2: -1σ | log_CO2: median | log_CO2: +1σ | log_CO2: +2σ 
1.00000000e+02 -3.90302794 -3.80406446 -3.71186791 -3.61384923 -3.50642024 
8.11130831e+01 -3.90302794 -3.80406446 -3.71186791 -3.61384923 -3.50642024 
6.57933225e+01 -3.90302794 -3.80406446 -3.71186791 -3.61384923 -3.50642024 
5.33669923e+01 -3.90302794 -3.80406446 -3.71186791 -3.61384923 -3.50642024 
4.32876128e+01 -3.90302794 -3.80406446 -3.71186791 -3.61384923 -3.50642024 
3.51119173e+01 -3.90302794 -3.80406446 -3.71186791 -3.61384923 -3.50642024 
2.84803587e+01 -3.90302794 -3.80406446 -3.71186791 -3.61384923 -3.50642024 
2.31012970e+01 -3.90302794 -3.80406446 -3.71186791 -3.61384923 -3.50642024 
1.87381742e+01 -3.90302794 -3.80406446 -3.71186791 -3.61384923 -3.50642024 
1.51991108e+01 -3.90302794 -3.80406446 -3.71186791 -3.61384923 -3.50642024 
1.23284674e+01 -3.90302794 -3.80406446 -3.71186791 -3.61384923 -3.50642024 
1.00000000e+01 -3.90302794 -3.80406446 -3.71186791 -3.61384923 -3.50642024 
8.11130831e+00 -3.90302794 -3.80406446 -3.71186791 -3.61384923 -3.50642024 
6.57933225e+00 -3.90302794 -3.80406446 -3.71186791 -3.61384923 -3.50642024 
5.33669923e+00 -3.90302794 -3.80406446 -3.71186791 -3.61384923 -3.50642024 
4.32876128e+00 -3.90302794 -3.80406446 -3.71186791 -3.61384923 -3.50642024 
3.51119173e+00 -3.90302794 -3.80406446 -3.71186791 -3.61384923 -3.50642024 
2.84803587e+00 -3.90302794 -3.80406446 -3.71186791 -3.61384923 -3.50642024 
2.31012970e+00 -3.90302794 -3.80406446 -3.71186791 -3.61384923 -3.50642024 
1.87381742e+00 -3.90302794 -3.80406446 -3.71186791 -3.61384923 -3.50642024 
1.51991108e+00 -3.90302794 -3.80406446 -3.71186791 -3.61384923 -3.50642024 
1.23284674e+00 -3.90302794 -3.80406446 -3.71186791 -3.61384923 -3.50642024 
1.00000000e+00 -3.90302794 -3.80406446 -3.71186791 -3.61384923 -3.50642024 
8.11130831e-01 -3.90302794 -3.80406446 -3.71186791 -3.61384923 -3.50642024 
6.57933225e-01 -3.90302794 -3.80406446 -3.71186791 -3.61384923 -3.50642024 
5.33669923e-01 -3.90302794 -3.80406446 -3.71186791 -3.61384923 -3.50642024 
4.32876128e-01 -3.90302794 -3.80406446 -3.71186791 -3.61384923 -3.50642024 
3.51119173e-01 -3.90302794 -3.80406446 -3.71186791 -3.61384923 -3.50642024 
2.84803587e-01 -3.90302794 -3.80406446 -3.71186791 -3.61384923 -3.50642024 
2.31012970e-01 -3.90302794 -3.80406446 -3.71186791 -3.61384923 -3.50642024 
1.87381742e-01 -3.90302794 -3.80406446 -3.71186791 -3.61384923 -3.50642024 
1.51991108e-01 -3.90302794 -3.80406446 -3.71186791 -3.61384923 -3.50642024 
1.23284674e-01 -3.90302794 -3.80406446 -3.71186791 -3.61384923 -3.50642024 
1.00000000e-01 -3.90302794 -3.80406446 -3.71186791 -3.61384923 -3.50642024 
8.11130831e-02 -3.90302794 -3.80406446 -3.71186791 -3.61384923 -3.50642024 
6.57933225e-02 -3.90302794 -3.80406446 -3.71186791 -3.61384923 -3.50642024 
5.33669923e-02 -3.90302794 -3.80406446 -3.71186791 -3.61384923 -3.50642024 
4.32876128e-02 -3.90302794 -3.80406446 -3.71186791 -3.61384923 -3.50642024 
3.51119173e-02 -3.90302794 -3.80406446 -3.71186791 -3.61384923 -3.50642024 
2.84803587e-02 -3.90302794 -3.80406446 -3.71186791 -3.61384923 -3.50642024 
2.31012970e-02 -3.90302794 -3.80406446 -3.71186791 -3.61384923 -3.50642024 
1.87381742e-02 -3.90302794 -3.80406446 -3.71186791 -3.61384923 -3.50642024 
1.51991108e-02 -3.90302794 -3.80406446 -3.71186791 -3.61384923 -3.50642024 
1.23284674e-02 -3.90302794 -3.80406446 -3.71186791 -3.61384923 -3.50642024 
1.00000000e-02 -3.90302794 -3.80406446 -3.71186791 -3.61384923 -3.50642024 
8.11130831e-03 -3.90302794 -3.80406446 -3.71186791 -3.61384923 -3.50642024 
6.57933225e-03 -3.90302794 -3.80406446 -3.71186791 -3.61384923 -3.50642024 
5.33669923e-03 -3.90302794 -3.80406446 -3.71186791 -3.61384923 -3.50642024 
4.32876128e-03 -3.90302794 -3.80406446 -3.71186791 -3.61384923 -3.50642024 
3.51119173e-03 -3.90302794 -3.80406446 -3.71186791 -3.61384923 -3.50642024 
2.84803587e-03 -3.90302794 -3.80406446 -3.71186791 -3.61384923 -3.50642024 
2.31012970e-03 -3.90302794 -3.80406446 -3.71186791 -3.61384923 -3.50642024 
1.87381742e-03 -3.90302794 -3.80406446 -3.71186791 -3.61384923 -3.50642024 
1.51991108e-03 -3.90302794 -3.80406446 -3.71186791 -3.61384923 -3.50642024 
1.23284674e-03 -3.90302794 -3.80406446 -3.71186791 -3.61384923 -3.50642024 
1.00000000e-03 -3.90302794 -3.80406446 -3.71186791 -3.61384923 -3.50642024 
8.11130831e-04 -3.90302794 -3.80406446 -3.71186791 -3.61384923 -3.50642024 
6.57933225e-04 -3.90302794 -3.80406446 -3.71186791 -3.61384923 -3.50642024 
5.33669923e-04 -3.90302794 -3.80406446 -3.71186791 -3.61384923 -3.50642024 
4.32876128e-04 -3.90302794 -3.80406446 -3.71186791 -3.61384923 -3.50642024 
3.51119173e-04 -3.90302794 -3.80406446 -3.71186791 -3.61384923 -3.50642024 
2.84803587e-04 -3.90302794 -3.80406446 -3.71186791 -3.61384923 -3.50642024 
2.31012970e-04 -3.90302794 -3.80406446 -3.71186791 -3.61384923 -3.50642024 
1.87381742e-04 -3.90302794 -3.80406446 -3.71186791 -3.61384923 -3.50642024 
1.51991108e-04 -3.90302794 -3.80406446 -3.71186791 -3.61384923 -3.50642024 
1.23284674e-04 -3.90302794 -3.80406446 -3.71186791 -3.61384923 -3.50642024 
1.00000000e-04 -3.90302794 -3.80406446 -3.71186791 -3.61384923 -3.50642024 
8.11130831e-05 -3.90302794 -3.80406446 -3.71186791 -3.61384923 -3.50642024 
6.57933225e-05 -3.90302794 -3.80406446 -3.71186791 -3.61384923 -3.50642024 
5.33669923e-05 -3.90302794 -3.80406446 -3.71186791 -3.61384923 -3.50642024 
4.32876128e-05 -3.90302794 -3.80406446 -3.71186791 -3.61384923 -3.50642024 
3.51119173e-05 -3.90302794 -3.80406446 -3.71186791 -3.61384923 -3.50642024 
2.84803587e-05 -3.90302794 -3.80406446 -3.71186791 -3.61384923 -3.50642024 
2.31012970e-05 -3.90302794 -3.80406446 -3.71186791 -3.61384923 -3.50642024 
1.87381742e-05 -3.90302794 -3.80406446 -3.71186791 -3.61384923 -3.50642024 
1.51991108e-05 -3.90302794 -3.80406446 -3.71186791 -3.61384923 -3.50642024 
1.23284674e-05 -3.90302794 -3.80406446 -3.71186791 -3.61384923 -3.50642024 
1.00000000e-05 -3.90302794 -3.80406446 -3.71186791 -3.61384923 -3.50642024 
8.11130831e-06 -3.90302794 -3.80406446 -3.71186791 -3.61384923 -3.50642024 
6.57933225e-06 -3.90302794 -3.80406446 -3.71186791 -3.61384923 -3.50642024 
5.33669923e-06 -3.90302794 -3.80406446 -3.71186791 -3.61384923 -3.50642024 
4.32876128e-06 -3.90302794 -3.80406446 -3.71186791 -3.61384923 -3.50642024 
3.51119173e-06 -3.90302794 -3.80406446 -3.71186791 -3.61384923 -3.50642024 
2.84803587e-06 -3.90302794 -3.80406446 -3.71186791 -3.61384923 -3.50642024 
2.31012970e-06 -3.90302794 -3.80406446 -3.71186791 -3.61384923 -3.50642024 
1.87381742e-06 -3.90302794 -3.80406446 -3.71186791 -3.61384923 -3.50642024 
1.51991108e-06 -3.90302794 -3.80406446 -3.71186791 -3.61384923 -3.50642024 
1.23284674e-06 -3.90302794 -3.80406446 -3.71186791 -3.61384923 -3.50642024 
1.00000000e-06 -3.90302794 -3.80406446 -3.71186791 -3.61384923 -3.50642024 
8.11130831e-07 -3.90302794 -3.80406446 -3.71186791 -3.61384923 -3.50642024 
6.57933225e-07 -3.90302794 -3.80406446 -3.71186791 -3.61384923 -3.50642024 
5.33669923e-07 -3.90302794 -3.80406446 -3.71186791 -3.61384923 -3.50642024 
4.32876128e-07 -3.90302794 -3.80406446 -3.71186791 -3.61384923 -3.50642024 
3.51119173e-07 -3.90302794 -3.80406446 -3.71186791 -3.61384923 -3.50642024 
2.84803587e-07 -3.90302794 -3.80406446 -3.71186791 -3.61384923 -3.50642024 
2.31012970e-07 -3.90302794 -3.80406446 -3.71186791 -3.61384923 -3.50642024 
1.87381742e-07 -3.90302794 -3.80406446 -3.71186791 -3.61384923 -3.50642024 
1.51991108e-07 -3.90302794 -3.80406446 -3.71186791 -3.61384923 -3.50642024 
1.23284674e-07 -3.90302794 -3.80406446 -3.71186791 -3.61384923 -3.50642024 
1.00000000e-07 -3.90302794 -3.80406446 -3.71186791 -3.61384923 -3.50642024 
P (bar) | log_SO2: -2σ | log_SO2: -1σ | log_SO2: median | log_SO2: +1σ | log_SO2: +2σ 
1.00000000e+02 -5.94252404 -5.69548386 -5.35614956 -5.05158601 -4.72416544 
8.11130831e+01 -5.94252404 -5.69548386 -5.35614956 -5.05158601 -4.72416544 
6.57933225e+01 -5.94252404 -5.69548386 -5.35614956 -5.05158601 -4.72416544 
5.33669923e+01 -5.94252404 -5.69548386 -5.35614956 -5.05158601 -4.72416544 
4.32876128e+01 -5.94252404 -5.69548386 -5.35614956 -5.05158601 -4.72416544 
3.51119173e+01 -5.94252404 -5.69548386 -5.35614956 -5.05158601 -4.72416544 
2.84803587e+01 -5.94252404 -5.69548386 -5.35614956 -5.05158601 -4.72416544 
2.31012970e+01 -5.94252404 -5.69548386 -5.35614956 -5.05158601 -4.72416544 
1.87381742e+01 -5.94252404 -5.69548386 -5.35614956 -5.05158601 -4.72416544 
1.51991108e+01 -5.94252404 -5.69548386 -5.35614956 -5.05158601 -4.72416544 
1.23284674e+01 -5.94252404 -5.69548386 -5.35614956 -5.05158601 -4.72416544 
1.00000000e+01 -5.94252404 -5.69548386 -5.35614956 -5.05158601 -4.72416544 
8.11130831e+00 -5.94252404 -5.69548386 -5.35614956 -5.05158601 -4.72416544 
6.57933225e+00 -5.94252404 -5.69548386 -5.35614956 -5.05158601 -4.72416544 
5.33669923e+00 -5.94252404 -5.69548386 -5.35614956 -5.05158601 -4.72416544 
4.32876128e+00 -5.94252404 -5.69548386 -5.35614956 -5.05158601 -4.72416544 
3.51119173e+00 -5.94252404 -5.69548386 -5.35614956 -5.05158601 -4.72416544 
2.84803587e+00 -5.94252404 -5.69548386 -5.35614956 -5.05158601 -4.72416544 
2.31012970e+00 -5.94252404 -5.69548386 -5.35614956 -5.05158601 -4.72416544 
1.87381742e+00 -5.94252404 -5.69548386 -5.35614956 -5.05158601 -4.72416544 
1.51991108e+00 -5.94252404 -5.69548386 -5.35614956 -5.05158601 -4.72416544 
1.23284674e+00 -5.94252404 -5.69548386 -5.35614956 -5.05158601 -4.72416544 
1.00000000e+00 -5.94252404 -5.69548386 -5.35614956 -5.05158601 -4.72416544 
8.11130831e-01 -5.94252404 -5.69548386 -5.35614956 -5.05158601 -4.72416544 
6.57933225e-01 -5.94252404 -5.69548386 -5.35614956 -5.05158601 -4.72416544 
5.33669923e-01 -5.94252404 -5.69548386 -5.35614956 -5.05158601 -4.72416544 
4.32876128e-01 -5.94252404 -5.69548386 -5.35614956 -5.05158601 -4.72416544 
3.51119173e-01 -5.94252404 -5.69548386 -5.35614956 -5.05158601 -4.72416544 
2.84803587e-01 -5.94252404 -5.69548386 -5.35614956 -5.05158601 -4.72416544 
2.31012970e-01 -5.94252404 -5.69548386 -5.35614956 -5.05158601 -4.72416544 
1.87381742e-01 -5.94252404 -5.69548386 -5.35614956 -5.05158601 -4.72416544 
1.51991108e-01 -5.94252404 -5.69548386 -5.35614956 -5.05158601 -4.72416544 
1.23284674e-01 -5.94252404 -5.69548386 -5.35614956 -5.05158601 -4.72416544 
1.00000000e-01 -5.94252404 -5.69548386 -5.35614956 -5.05158601 -4.72416544 
8.11130831e-02 -5.94252404 -5.69548386 -5.35614956 -5.05158601 -4.72416544 
6.57933225e-02 -5.94252404 -5.69548386 -5.35614956 -5.05158601 -4.72416544 
5.33669923e-02 -5.94252404 -5.69548386 -5.35614956 -5.05158601 -4.72416544 
4.32876128e-02 -5.94252404 -5.69548386 -5.35614956 -5.05158601 -4.72416544 
3.51119173e-02 -5.94252404 -5.69548386 -5.35614956 -5.05158601 -4.72416544 
2.84803587e-02 -5.94252404 -5.69548386 -5.35614956 -5.05158601 -4.72416544 
2.31012970e-02 -5.94252404 -5.69548386 -5.35614956 -5.05158601 -4.72416544 
1.87381742e-02 -5.94252404 -5.69548386 -5.35614956 -5.05158601 -4.72416544 
1.51991108e-02 -5.94252404 -5.69548386 -5.35614956 -5.05158601 -4.72416544 
1.23284674e-02 -5.94252404 -5.69548386 -5.35614956 -5.05158601 -4.72416544 
1.00000000e-02 -5.94252404 -5.69548386 -5.35614956 -5.05158601 -4.72416544 
8.11130831e-03 -5.94252404 -5.69548386 -5.35614956 -5.05158601 -4.72416544 
6.57933225e-03 -5.94252404 -5.69548386 -5.35614956 -5.05158601 -4.72416544 
5.33669923e-03 -5.94252404 -5.69548386 -5.35614956 -5.05158601 -4.72416544 
4.32876128e-03 -5.94252404 -5.69548386 -5.35614956 -5.05158601 -4.72416544 
3.51119173e-03 -5.94252404 -5.69548386 -5.35614956 -5.05158601 -4.72416544 
2.84803587e-03 -5.94252404 -5.69548386 -5.35614956 -5.05158601 -4.72416544 
2.31012970e-03 -5.94252404 -5.69548386 -5.35614956 -5.05158601 -4.72416544 
1.87381742e-03 -5.94252404 -5.69548386 -5.35614956 -5.05158601 -4.72416544 
1.51991108e-03 -5.94252404 -5.69548386 -5.35614956 -5.05158601 -4.72416544 
1.23284674e-03 -5.94252404 -5.69548386 -5.35614956 -5.05158601 -4.72416544 
1.00000000e-03 -5.94252404 -5.69548386 -5.35614956 -5.05158601 -4.72416544 
8.11130831e-04 -5.94252404 -5.69548386 -5.35614956 -5.05158601 -4.72416544 
6.57933225e-04 -5.94252404 -5.69548386 -5.35614956 -5.05158601 -4.72416544 
5.33669923e-04 -5.94252404 -5.69548386 -5.35614956 -5.05158601 -4.72416544 
4.32876128e-04 -5.94252404 -5.69548386 -5.35614956 -5.05158601 -4.72416544 
3.51119173e-04 -5.94252404 -5.69548386 -5.35614956 -5.05158601 -4.72416544 
2.84803587e-04 -5.94252404 -5.69548386 -5.35614956 -5.05158601 -4.72416544 
2.31012970e-04 -5.94252404 -5.69548386 -5.35614956 -5.05158601 -4.72416544 
1.87381742e-04 -5.94252404 -5.69548386 -5.35614956 -5.05158601 -4.72416544 
1.51991108e-04 -5.94252404 -5.69548386 -5.35614956 -5.05158601 -4.72416544 
1.23284674e-04 -5.94252404 -5.69548386 -5.35614956 -5.05158601 -4.72416544 
1.00000000e-04 -5.94252404 -5.69548386 -5.35614956 -5.05158601 -4.72416544 
8.11130831e-05 -5.94252404 -5.69548386 -5.35614956 -5.05158601 -4.72416544 
6.57933225e-05 -5.94252404 -5.69548386 -5.35614956 -5.05158601 -4.72416544 
5.33669923e-05 -5.94252404 -5.69548386 -5.35614956 -5.05158601 -4.72416544 
4.32876128e-05 -5.94252404 -5.69548386 -5.35614956 -5.05158601 -4.72416544 
3.51119173e-05 -5.94252404 -5.69548386 -5.35614956 -5.05158601 -4.72416544 
2.84803587e-05 -5.94252404 -5.69548386 -5.35614956 -5.05158601 -4.72416544 
2.31012970e-05 -5.94252404 -5.69548386 -5.35614956 -5.05158601 -4.72416544 
1.87381742e-05 -5.94252404 -5.69548386 -5.35614956 -5.05158601 -4.72416544 
1.51991108e-05 -5.94252404 -5.69548386 -5.35614956 -5.05158601 -4.72416544 
1.23284674e-05 -5.94252404 -5.69548386 -5.35614956 -5.05158601 -4.72416544 
1.00000000e-05 -5.94252404 -5.69548386 -5.35614956 -5.05158601 -4.72416544 
8.11130831e-06 -5.94252404 -5.69548386 -5.35614956 -5.05158601 -4.72416544 
6.57933225e-06 -5.94252404 -5.69548386 -5.35614956 -5.05158601 -4.72416544 
5.33669923e-06 -5.94252404 -5.69548386 -5.35614956 -5.05158601 -4.72416544 
4.32876128e-06 -5.94252404 -5.69548386 -5.35614956 -5.05158601 -4.72416544 
3.51119173e-06 -5.94252404 -5.69548386 -5.35614956 -5.05158601 -4.72416544 
2.84803587e-06 -5.94252404 -5.69548386 -5.35614956 -5.05158601 -4.72416544 
2.31012970e-06 -5.94252404 -5.69548386 -5.35614956 -5.05158601 -4.72416544 
1.87381742e-06 -5.94252404 -5.69548386 -5.35614956 -5.05158601 -4.72416544 
1.51991108e-06 -5.94252404 -5.69548386 -5.35614956 -5.05158601 -4.72416544 
1.23284674e-06 -5.94252404 -5.69548386 -5.35614956 -5.05158601 -4.72416544 
1.00000000e-06 -5.94252404 -5.69548386 -5.35614956 -5.05158601 -4.72416544 
8.11130831e-07 -5.94252404 -5.69548386 -5.35614956 -5.05158601 -4.72416544 
6.57933225e-07 -5.94252404 -5.69548386 -5.35614956 -5.05158601 -4.72416544 
5.33669923e-07 -5.94252404 -5.69548386 -5.35614956 -5.05158601 -4.72416544 
4.32876128e-07 -5.94252404 -5.69548386 -5.35614956 -5.05158601 -4.72416544 
3.51119173e-07 -5.94252404 -5.69548386 -5.35614956 -5.05158601 -4.72416544 
2.84803587e-07 -5.94252404 -5.69548386 -5.35614956 -5.05158601 -4.72416544 
2.31012970e-07 -5.94252404 -5.69548386 -5.35614956 -5.05158601 -4.72416544 
1.87381742e-07 -5.94252404 -5.69548386 -5.35614956 -5.05158601 -4.72416544 
1.51991108e-07 -5.94252404 -5.69548386 -5.35614956 -5.05158601 -4.72416544 
1.23284674e-07 -5.94252404 -5.69548386 -5.35614956 -5.05158601 -4.72416544 
1.00000000e-07 -5.94252404 -5.69548386 -5.35614956 -5.05158601 -4.72416544 
P (bar) | log_H2S: -2σ | log_H2S: -1σ | log_H2S: median | log_H2S: +1σ | log_H2S: +2σ 
1.00000000e+02 -5.45103617 -5.28065975 -4.89334412 -4.34349389 -3.76583724 
8.11130831e+01 -5.45103617 -5.28065975 -4.89334412 -4.34349389 -3.76583724 
6.57933225e+01 -5.45103617 -5.28065975 -4.89334412 -4.34349389 -3.76583724 
5.33669923e+01 -5.45103617 -5.28065975 -4.89334412 -4.34349389 -3.76583724 
4.32876128e+01 -5.45103617 -5.28065975 -4.89334412 -4.34349389 -3.76583724 
3.51119173e+01 -5.45103617 -5.28065975 -4.89334412 -4.34349389 -3.76583724 
2.84803587e+01 -5.45103617 -5.28065975 -4.89334412 -4.34349389 -3.76583724 
2.31012970e+01 -5.45103617 -5.28065975 -4.89334412 -4.34349389 -3.76583724 
1.87381742e+01 -5.45103617 -5.28065975 -4.89334412 -4.34349389 -3.76583724 
1.51991108e+01 -5.45103617 -5.28065975 -4.89334412 -4.34349389 -3.76583724 
1.23284674e+01 -5.45103617 -5.28065975 -4.89334412 -4.34349389 -3.76583724 
1.00000000e+01 -5.45103617 -5.28065975 -4.89334412 -4.34349389 -3.76583724 
8.11130831e+00 -5.45103617 -5.28065975 -4.89334412 -4.34349389 -3.76583724 
6.57933225e+00 -5.45103617 -5.28065975 -4.89334412 -4.34349389 -3.76583724 
5.33669923e+00 -5.45103617 -5.28065975 -4.89334412 -4.34349389 -3.76583724 
4.32876128e+00 -5.45103617 -5.28065975 -4.89334412 -4.34349389 -3.76583724 
3.51119173e+00 -5.45103617 -5.28065975 -4.89334412 -4.34349389 -3.76583724 
2.84803587e+00 -5.45103617 -5.28065975 -4.89334412 -4.34349389 -3.76583724 
2.31012970e+00 -5.45103617 -5.28065975 -4.89334412 -4.34349389 -3.76583724 
1.87381742e+00 -5.45103617 -5.28065975 -4.89334412 -4.34349389 -3.76583724 
1.51991108e+00 -5.45103617 -5.28065975 -4.89334412 -4.34349389 -3.76583724 
1.23284674e+00 -5.45103617 -5.28065975 -4.89334412 -4.34349389 -3.76583724 
1.00000000e+00 -5.45103617 -5.28065975 -4.89334412 -4.34349389 -3.76583724 
8.11130831e-01 -5.45103617 -5.28065975 -4.89334412 -4.34349389 -3.76583724 
6.57933225e-01 -5.45103617 -5.28065975 -4.89334412 -4.34349389 -3.76583724 
5.33669923e-01 -5.45103617 -5.28065975 -4.89334412 -4.34349389 -3.76583724 
4.32876128e-01 -5.45103617 -5.28065975 -4.89334412 -4.34349389 -3.76583724 
3.51119173e-01 -5.45103617 -5.28065975 -4.89334412 -4.34349389 -3.76583724 
2.84803587e-01 -5.45103617 -5.28065975 -4.89334412 -4.34349389 -3.76583724 
2.31012970e-01 -5.45103617 -5.28065975 -4.89334412 -4.34349389 -3.76583724 
1.87381742e-01 -5.45103617 -5.28065975 -4.89334412 -4.34349389 -3.76583724 
1.51991108e-01 -5.45103617 -5.28065975 -4.89334412 -4.34349389 -3.76583724 
1.23284674e-01 -5.45103617 -5.28065975 -4.89334412 -4.34349389 -3.76583724 
1.00000000e-01 -5.45103617 -5.28065975 -4.89334412 -4.34349389 -3.76583724 
8.11130831e-02 -5.45103617 -5.28065975 -4.89334412 -4.34349389 -3.76583724 
6.57933225e-02 -5.45103617 -5.28065975 -4.89334412 -4.34349389 -3.76583724 
5.33669923e-02 -5.45103617 -5.28065975 -4.89334412 -4.34349389 -3.76583724 
4.32876128e-02 -5.45103617 -5.28065975 -4.89334412 -4.34349389 -3.76583724 
3.51119173e-02 -5.45103617 -5.28065975 -4.89334412 -4.34349389 -3.76583724 
2.84803587e-02 -5.45103617 -5.28065975 -4.89334412 -4.34349389 -3.76583724 
2.31012970e-02 -5.45103617 -5.28065975 -4.89334412 -4.34349389 -3.76583724 
1.87381742e-02 -5.45103617 -5.28065975 -4.89334412 -4.34349389 -3.76583724 
1.51991108e-02 -5.45103617 -5.28065975 -4.89334412 -4.34349389 -3.76583724 
1.23284674e-02 -5.45103617 -5.28065975 -4.89334412 -4.34349389 -3.76583724 
1.00000000e-02 -5.45103617 -5.28065975 -4.89334412 -4.34349389 -3.76583724 
8.11130831e-03 -5.45103617 -5.28065975 -4.89334412 -4.34349389 -3.76583724 
6.57933225e-03 -5.45103617 -5.28065975 -4.89334412 -4.34349389 -3.76583724 
5.33669923e-03 -5.45103617 -5.28065975 -4.89334412 -4.34349389 -3.76583724 
4.32876128e-03 -5.45103617 -5.28065975 -4.89334412 -4.34349389 -3.76583724 
3.51119173e-03 -5.45103617 -5.28065975 -4.89334412 -4.34349389 -3.76583724 
2.84803587e-03 -5.45103617 -5.28065975 -4.89334412 -4.34349389 -3.76583724 
2.31012970e-03 -5.45103617 -5.28065975 -4.89334412 -4.34349389 -3.76583724 
1.87381742e-03 -5.45103617 -5.28065975 -4.89334412 -4.34349389 -3.76583724 
1.51991108e-03 -5.45103617 -5.28065975 -4.89334412 -4.34349389 -3.76583724 
1.23284674e-03 -5.45103617 -5.28065975 -4.89334412 -4.34349389 -3.76583724 
1.00000000e-03 -5.45103617 -5.28065975 -4.89334412 -4.34349389 -3.76583724 
8.11130831e-04 -5.45103617 -5.28065975 -4.89334412 -4.34349389 -3.76583724 
6.57933225e-04 -5.45103617 -5.28065975 -4.89334412 -4.34349389 -3.76583724 
5.33669923e-04 -5.45103617 -5.28065975 -4.89334412 -4.34349389 -3.76583724 
4.32876128e-04 -5.45103617 -5.28065975 -4.89334412 -4.34349389 -3.76583724 
3.51119173e-04 -5.45103617 -5.28065975 -4.89334412 -4.34349389 -3.76583724 
2.84803587e-04 -5.45103617 -5.28065975 -4.89334412 -4.34349389 -3.76583724 
2.31012970e-04 -5.45103617 -5.28065975 -4.89334412 -4.34349389 -3.76583724 
1.87381742e-04 -5.45103617 -5.28065975 -4.89334412 -4.34349389 -3.76583724 
1.51991108e-04 -5.45103617 -5.28065975 -4.89334412 -4.34349389 -3.76583724 
1.23284674e-04 -5.45103617 -5.28065975 -4.89334412 -4.34349389 -3.76583724 
1.00000000e-04 -5.45103617 -5.28065975 -4.89334412 -4.34349389 -3.76583724 
8.11130831e-05 -5.45103617 -5.28065975 -4.89334412 -4.34349389 -3.76583724 
6.57933225e-05 -5.45103617 -5.28065975 -4.89334412 -4.34349389 -3.76583724 
5.33669923e-05 -5.45103617 -5.28065975 -4.89334412 -4.34349389 -3.76583724 
4.32876128e-05 -5.45103617 -5.28065975 -4.89334412 -4.34349389 -3.76583724 
3.51119173e-05 -5.45103617 -5.28065975 -4.89334412 -4.34349389 -3.76583724 
2.84803587e-05 -5.45103617 -5.28065975 -4.89334412 -4.34349389 -3.76583724 
2.31012970e-05 -5.45103617 -5.28065975 -4.89334412 -4.34349389 -3.76583724 
1.87381742e-05 -5.45103617 -5.28065975 -4.89334412 -4.34349389 -3.76583724 
1.51991108e-05 -5.45103617 -5.28065975 -4.89334412 -4.34349389 -3.76583724 
1.23284674e-05 -5.45103617 -5.28065975 -4.89334412 -4.34349389 -3.76583724 
1.00000000e-05 -5.45103617 -5.28065975 -4.89334412 -4.34349389 -3.76583724 
8.11130831e-06 -5.45103617 -5.28065975 -4.89334412 -4.34349389 -3.76583724 
6.57933225e-06 -5.45103617 -5.28065975 -4.89334412 -4.34349389 -3.76583724 
5.33669923e-06 -5.45103617 -5.28065975 -4.89334412 -4.34349389 -3.76583724 
4.32876128e-06 -5.45103617 -5.28065975 -4.89334412 -4.34349389 -3.76583724 
3.51119173e-06 -5.45103617 -5.28065975 -4.89334412 -4.34349389 -3.76583724 
2.84803587e-06 -5.45103617 -5.28065975 -4.89334412 -4.34349389 -3.76583724 
2.31012970e-06 -5.45103617 -5.28065975 -4.89334412 -4.34349389 -3.76583724 
1.87381742e-06 -5.45103617 -5.28065975 -4.89334412 -4.34349389 -3.76583724 
1.51991108e-06 -5.45103617 -5.28065975 -4.89334412 -4.34349389 -3.76583724 
1.23284674e-06 -5.45103617 -5.28065975 -4.89334412 -4.34349389 -3.76583724 
1.00000000e-06 -5.45103617 -5.28065975 -4.89334412 -4.34349389 -3.76583724 
8.11130831e-07 -5.45103617 -5.28065975 -4.89334412 -4.34349389 -3.76583724 
6.57933225e-07 -5.45103617 -5.28065975 -4.89334412 -4.34349389 -3.76583724 
5.33669923e-07 -5.45103617 -5.28065975 -4.89334412 -4.34349389 -3.76583724 
4.32876128e-07 -5.45103617 -5.28065975 -4.89334412 -4.34349389 -3.76583724 
3.51119173e-07 -5.45103617 -5.28065975 -4.89334412 -4.34349389 -3.76583724 
2.84803587e-07 -5.45103617 -5.28065975 -4.89334412 -4.34349389 -3.76583724 
2.31012970e-07 -5.45103617 -5.28065975 -4.89334412 -4.34349389 -3.76583724 
1.87381742e-07 -5.45103617 -5.28065975 -4.89334412 -4.34349389 -3.76583724 
1.51991108e-07 -5.45103617 -5.28065975 -4.89334412 -4.34349389 -3.76583724 
1.23284674e-07 -5.45103617 -5.28065975 -4.89334412 -4.34349389 -3.76583724 
1.00000000e-07 -5.45103617 -5.28065975 -4.89334412 -4.34349389 -3.76583724 
P (bar) | log_NH3: -2σ | log_NH3: -1σ | log_NH3: median | log_NH3: +1σ | log_NH3: +2σ 
1.00000000e+02 -7.80864406 -6.84395837 -5.44091065 -5.08995711 -5.01646098 
8.11130831e+01 -7.80864406 -6.84395837 -5.44091065 -5.08995711 -5.01646098 
6.57933225e+01 -7.80864406 -6.84395837 -5.44091065 -5.08995711 -5.01646098 
5.33669923e+01 -7.80864406 -6.84395837 -5.44091065 -5.08995711 -5.01646098 
4.32876128e+01 -7.80864406 -6.84395837 -5.44091065 -5.08995711 -5.01646098 
3.51119173e+01 -7.80864406 -6.84395837 -5.44091065 -5.08995711 -5.01646098 
2.84803587e+01 -7.80864406 -6.84395837 -5.44091065 -5.08995711 -5.01646098 
2.31012970e+01 -7.80864406 -6.84395837 -5.44091065 -5.08995711 -5.01646098 
1.87381742e+01 -7.80864406 -6.84395837 -5.44091065 -5.08995711 -5.01646098 
1.51991108e+01 -7.80864406 -6.84395837 -5.44091065 -5.08995711 -5.01646098 
1.23284674e+01 -7.80864406 -6.84395837 -5.44091065 -5.08995711 -5.01646098 
1.00000000e+01 -7.80864406 -6.84395837 -5.44091065 -5.08995711 -5.01646098 
8.11130831e+00 -7.80864406 -6.84395837 -5.44091065 -5.08995711 -5.01646098 
6.57933225e+00 -7.80864406 -6.84395837 -5.44091065 -5.08995711 -5.01646098 
5.33669923e+00 -7.80864406 -6.84395837 -5.44091065 -5.08995711 -5.01646098 
4.32876128e+00 -7.80864406 -6.84395837 -5.44091065 -5.08995711 -5.01646098 
3.51119173e+00 -7.80864406 -6.84395837 -5.44091065 -5.08995711 -5.01646098 
2.84803587e+00 -7.80864406 -6.84395837 -5.44091065 -5.08995711 -5.01646098 
2.31012970e+00 -7.80864406 -6.84395837 -5.44091065 -5.08995711 -5.01646098 
1.87381742e+00 -7.80864406 -6.84395837 -5.44091065 -5.08995711 -5.01646098 
1.51991108e+00 -7.80864406 -6.84395837 -5.44091065 -5.08995711 -5.01646098 
1.23284674e+00 -7.80864406 -6.84395837 -5.44091065 -5.08995711 -5.01646098 
1.00000000e+00 -7.80864406 -6.84395837 -5.44091065 -5.08995711 -5.01646098 
8.11130831e-01 -7.80864406 -6.84395837 -5.44091065 -5.08995711 -5.01646098 
6.57933225e-01 -7.80864406 -6.84395837 -5.44091065 -5.08995711 -5.01646098 
5.33669923e-01 -7.80864406 -6.84395837 -5.44091065 -5.08995711 -5.01646098 
4.32876128e-01 -7.80864406 -6.84395837 -5.44091065 -5.08995711 -5.01646098 
3.51119173e-01 -7.80864406 -6.84395837 -5.44091065 -5.08995711 -5.01646098 
2.84803587e-01 -7.80864406 -6.84395837 -5.44091065 -5.08995711 -5.01646098 
2.31012970e-01 -7.80864406 -6.84395837 -5.44091065 -5.08995711 -5.01646098 
1.87381742e-01 -7.80864406 -6.84395837 -5.44091065 -5.08995711 -5.01646098 
1.51991108e-01 -7.80864406 -6.84395837 -5.44091065 -5.08995711 -5.01646098 
1.23284674e-01 -7.80864406 -6.84395837 -5.44091065 -5.08995711 -5.01646098 
1.00000000e-01 -7.80864406 -6.84395837 -5.44091065 -5.08995711 -5.01646098 
8.11130831e-02 -7.80864406 -6.84395837 -5.44091065 -5.08995711 -5.01646098 
6.57933225e-02 -7.80864406 -6.84395837 -5.44091065 -5.08995711 -5.01646098 
5.33669923e-02 -7.80864406 -6.84395837 -5.44091065 -5.08995711 -5.01646098 
4.32876128e-02 -7.80864406 -6.84395837 -5.44091065 -5.08995711 -5.01646098 
3.51119173e-02 -7.80864406 -6.84395837 -5.44091065 -5.08995711 -5.01646098 
2.84803587e-02 -7.80864406 -6.84395837 -5.44091065 -5.08995711 -5.01646098 
2.31012970e-02 -7.80864406 -6.84395837 -5.44091065 -5.08995711 -5.01646098 
1.87381742e-02 -7.80864406 -6.84395837 -5.44091065 -5.08995711 -5.01646098 
1.51991108e-02 -7.80864406 -6.84395837 -5.44091065 -5.08995711 -5.01646098 
1.23284674e-02 -7.80864406 -6.84395837 -5.44091065 -5.08995711 -5.01646098 
1.00000000e-02 -7.80864406 -6.84395837 -5.44091065 -5.08995711 -5.01646098 
8.11130831e-03 -7.80864406 -6.84395837 -5.44091065 -5.08995711 -5.01646098 
6.57933225e-03 -7.80864406 -6.84395837 -5.44091065 -5.08995711 -5.01646098 
5.33669923e-03 -7.80864406 -6.84395837 -5.44091065 -5.08995711 -5.01646098 
4.32876128e-03 -7.80864406 -6.84395837 -5.44091065 -5.08995711 -5.01646098 
3.51119173e-03 -7.80864406 -6.84395837 -5.44091065 -5.08995711 -5.01646098 
2.84803587e-03 -7.80864406 -6.84395837 -5.44091065 -5.08995711 -5.01646098 
2.31012970e-03 -7.80864406 -6.84395837 -5.44091065 -5.08995711 -5.01646098 
1.87381742e-03 -7.80864406 -6.84395837 -5.44091065 -5.08995711 -5.01646098 
1.51991108e-03 -7.80864406 -6.84395837 -5.44091065 -5.08995711 -5.01646098 
1.23284674e-03 -7.80864406 -6.84395837 -5.44091065 -5.08995711 -5.01646098 
1.00000000e-03 -7.80864406 -6.84395837 -5.44091065 -5.08995711 -5.01646098 
8.11130831e-04 -7.80864406 -6.84395837 -5.44091065 -5.08995711 -5.01646098 
6.57933225e-04 -7.80864406 -6.84395837 -5.44091065 -5.08995711 -5.01646098 
5.33669923e-04 -7.80864406 -6.84395837 -5.44091065 -5.08995711 -5.01646098 
4.32876128e-04 -7.80864406 -6.84395837 -5.44091065 -5.08995711 -5.01646098 
3.51119173e-04 -7.80864406 -6.84395837 -5.44091065 -5.08995711 -5.01646098 
2.84803587e-04 -7.80864406 -6.84395837 -5.44091065 -5.08995711 -5.01646098 
2.31012970e-04 -7.80864406 -6.84395837 -5.44091065 -5.08995711 -5.01646098 
1.87381742e-04 -7.80864406 -6.84395837 -5.44091065 -5.08995711 -5.01646098 
1.51991108e-04 -7.80864406 -6.84395837 -5.44091065 -5.08995711 -5.01646098 
1.23284674e-04 -7.80864406 -6.84395837 -5.44091065 -5.08995711 -5.01646098 
1.00000000e-04 -7.80864406 -6.84395837 -5.44091065 -5.08995711 -5.01646098 
8.11130831e-05 -7.80864406 -6.84395837 -5.44091065 -5.08995711 -5.01646098 
6.57933225e-05 -7.80864406 -6.84395837 -5.44091065 -5.08995711 -5.01646098 
5.33669923e-05 -7.80864406 -6.84395837 -5.44091065 -5.08995711 -5.01646098 
4.32876128e-05 -7.80864406 -6.84395837 -5.44091065 -5.08995711 -5.01646098 
3.51119173e-05 -7.80864406 -6.84395837 -5.44091065 -5.08995711 -5.01646098 
2.84803587e-05 -7.80864406 -6.84395837 -5.44091065 -5.08995711 -5.01646098 
2.31012970e-05 -7.80864406 -6.84395837 -5.44091065 -5.08995711 -5.01646098 
1.87381742e-05 -7.80864406 -6.84395837 -5.44091065 -5.08995711 -5.01646098 
1.51991108e-05 -7.80864406 -6.84395837 -5.44091065 -5.08995711 -5.01646098 
1.23284674e-05 -7.80864406 -6.84395837 -5.44091065 -5.08995711 -5.01646098 
1.00000000e-05 -7.80864406 -6.84395837 -5.44091065 -5.08995711 -5.01646098 
8.11130831e-06 -7.80864406 -6.84395837 -5.44091065 -5.08995711 -5.01646098 
6.57933225e-06 -7.80864406 -6.84395837 -5.44091065 -5.08995711 -5.01646098 
5.33669923e-06 -7.80864406 -6.84395837 -5.44091065 -5.08995711 -5.01646098 
4.32876128e-06 -7.80864406 -6.84395837 -5.44091065 -5.08995711 -5.01646098 
3.51119173e-06 -7.80864406 -6.84395837 -5.44091065 -5.08995711 -5.01646098 
2.84803587e-06 -7.80864406 -6.84395837 -5.44091065 -5.08995711 -5.01646098 
2.31012970e-06 -7.80864406 -6.84395837 -5.44091065 -5.08995711 -5.01646098 
1.87381742e-06 -7.80864406 -6.84395837 -5.44091065 -5.08995711 -5.01646098 
1.51991108e-06 -7.80864406 -6.84395837 -5.44091065 -5.08995711 -5.01646098 
1.23284674e-06 -7.80864406 -6.84395837 -5.44091065 -5.08995711 -5.01646098 
1.00000000e-06 -7.80864406 -6.84395837 -5.44091065 -5.08995711 -5.01646098 
8.11130831e-07 -7.80864406 -6.84395837 -5.44091065 -5.08995711 -5.01646098 
6.57933225e-07 -7.80864406 -6.84395837 -5.44091065 -5.08995711 -5.01646098 
5.33669923e-07 -7.80864406 -6.84395837 -5.44091065 -5.08995711 -5.01646098 
4.32876128e-07 -7.80864406 -6.84395837 -5.44091065 -5.08995711 -5.01646098 
3.51119173e-07 -7.80864406 -6.84395837 -5.44091065 -5.08995711 -5.01646098 
2.84803587e-07 -7.80864406 -6.84395837 -5.44091065 -5.08995711 -5.01646098 
2.31012970e-07 -7.80864406 -6.84395837 -5.44091065 -5.08995711 -5.01646098 
1.87381742e-07 -7.80864406 -6.84395837 -5.44091065 -5.08995711 -5.01646098 
1.51991108e-07 -7.80864406 -6.84395837 -5.44091065 -5.08995711 -5.01646098 
1.23284674e-07 -7.80864406 -6.84395837 -5.44091065 -5.08995711 -5.01646098 
1.00000000e-07 -7.80864406 -6.84395837 -5.44091065 -5.08995711 -5.01646098 
P (bar) | log_CH4: -2σ | log_CH4: -1σ | log_CH4: median | log_CH4: +1σ | log_CH4: +2σ 
1.00000000e+02 -5.64337388 -5.40902053 -5.25572422 -5.11639422 -5.02281393 
8.11130831e+01 -5.64337388 -5.40902053 -5.25572422 -5.11639422 -5.02281393 
6.57933225e+01 -5.64337388 -5.40902053 -5.25572422 -5.11639422 -5.02281393 
5.33669923e+01 -5.64337388 -5.40902053 -5.25572422 -5.11639422 -5.02281393 
4.32876128e+01 -5.64337388 -5.40902053 -5.25572422 -5.11639422 -5.02281393 
3.51119173e+01 -5.64337388 -5.40902053 -5.25572422 -5.11639422 -5.02281393 
2.84803587e+01 -5.64337388 -5.40902053 -5.25572422 -5.11639422 -5.02281393 
2.31012970e+01 -5.64337388 -5.40902053 -5.25572422 -5.11639422 -5.02281393 
1.87381742e+01 -5.64337388 -5.40902053 -5.25572422 -5.11639422 -5.02281393 
1.51991108e+01 -5.64337388 -5.40902053 -5.25572422 -5.11639422 -5.02281393 
1.23284674e+01 -5.64337388 -5.40902053 -5.25572422 -5.11639422 -5.02281393 
1.00000000e+01 -5.64337388 -5.40902053 -5.25572422 -5.11639422 -5.02281393 
8.11130831e+00 -5.64337388 -5.40902053 -5.25572422 -5.11639422 -5.02281393 
6.57933225e+00 -5.64337388 -5.40902053 -5.25572422 -5.11639422 -5.02281393 
5.33669923e+00 -5.64337388 -5.40902053 -5.25572422 -5.11639422 -5.02281393 
4.32876128e+00 -5.64337388 -5.40902053 -5.25572422 -5.11639422 -5.02281393 
3.51119173e+00 -5.64337388 -5.40902053 -5.25572422 -5.11639422 -5.02281393 
2.84803587e+00 -5.64337388 -5.40902053 -5.25572422 -5.11639422 -5.02281393 
2.31012970e+00 -5.64337388 -5.40902053 -5.25572422 -5.11639422 -5.02281393 
1.87381742e+00 -5.64337388 -5.40902053 -5.25572422 -5.11639422 -5.02281393 
1.51991108e+00 -5.64337388 -5.40902053 -5.25572422 -5.11639422 -5.02281393 
1.23284674e+00 -5.64337388 -5.40902053 -5.25572422 -5.11639422 -5.02281393 
1.00000000e+00 -5.64337388 -5.40902053 -5.25572422 -5.11639422 -5.02281393 
8.11130831e-01 -5.64337388 -5.40902053 -5.25572422 -5.11639422 -5.02281393 
6.57933225e-01 -5.64337388 -5.40902053 -5.25572422 -5.11639422 -5.02281393 
5.33669923e-01 -5.64337388 -5.40902053 -5.25572422 -5.11639422 -5.02281393 
4.32876128e-01 -5.64337388 -5.40902053 -5.25572422 -5.11639422 -5.02281393 
3.51119173e-01 -5.64337388 -5.40902053 -5.25572422 -5.11639422 -5.02281393 
2.84803587e-01 -5.64337388 -5.40902053 -5.25572422 -5.11639422 -5.02281393 
2.31012970e-01 -5.64337388 -5.40902053 -5.25572422 -5.11639422 -5.02281393 
1.87381742e-01 -5.64337388 -5.40902053 -5.25572422 -5.11639422 -5.02281393 
1.51991108e-01 -5.64337388 -5.40902053 -5.25572422 -5.11639422 -5.02281393 
1.23284674e-01 -5.64337388 -5.40902053 -5.25572422 -5.11639422 -5.02281393 
1.00000000e-01 -5.64337388 -5.40902053 -5.25572422 -5.11639422 -5.02281393 
8.11130831e-02 -5.64337388 -5.40902053 -5.25572422 -5.11639422 -5.02281393 
6.57933225e-02 -5.64337388 -5.40902053 -5.25572422 -5.11639422 -5.02281393 
5.33669923e-02 -5.64337388 -5.40902053 -5.25572422 -5.11639422 -5.02281393 
4.32876128e-02 -5.64337388 -5.40902053 -5.25572422 -5.11639422 -5.02281393 
3.51119173e-02 -5.64337388 -5.40902053 -5.25572422 -5.11639422 -5.02281393 
2.84803587e-02 -5.64337388 -5.40902053 -5.25572422 -5.11639422 -5.02281393 
2.31012970e-02 -5.64337388 -5.40902053 -5.25572422 -5.11639422 -5.02281393 
1.87381742e-02 -5.64337388 -5.40902053 -5.25572422 -5.11639422 -5.02281393 
1.51991108e-02 -5.64337388 -5.40902053 -5.25572422 -5.11639422 -5.02281393 
1.23284674e-02 -5.64337388 -5.40902053 -5.25572422 -5.11639422 -5.02281393 
1.00000000e-02 -5.64337388 -5.40902053 -5.25572422 -5.11639422 -5.02281393 
8.11130831e-03 -5.64337388 -5.40902053 -5.25572422 -5.11639422 -5.02281393 
6.57933225e-03 -5.64337388 -5.40902053 -5.25572422 -5.11639422 -5.02281393 
5.33669923e-03 -5.64337388 -5.40902053 -5.25572422 -5.11639422 -5.02281393 
4.32876128e-03 -5.64337388 -5.40902053 -5.25572422 -5.11639422 -5.02281393 
3.51119173e-03 -5.64337388 -5.40902053 -5.25572422 -5.11639422 -5.02281393 
2.84803587e-03 -5.64337388 -5.40902053 -5.25572422 -5.11639422 -5.02281393 
2.31012970e-03 -5.64337388 -5.40902053 -5.25572422 -5.11639422 -5.02281393 
1.87381742e-03 -5.64337388 -5.40902053 -5.25572422 -5.11639422 -5.02281393 
1.51991108e-03 -5.64337388 -5.40902053 -5.25572422 -5.11639422 -5.02281393 
1.23284674e-03 -5.64337388 -5.40902053 -5.25572422 -5.11639422 -5.02281393 
1.00000000e-03 -5.64337388 -5.40902053 -5.25572422 -5.11639422 -5.02281393 
8.11130831e-04 -5.64337388 -5.40902053 -5.25572422 -5.11639422 -5.02281393 
6.57933225e-04 -5.64337388 -5.40902053 -5.25572422 -5.11639422 -5.02281393 
5.33669923e-04 -5.64337388 -5.40902053 -5.25572422 -5.11639422 -5.02281393 
4.32876128e-04 -5.64337388 -5.40902053 -5.25572422 -5.11639422 -5.02281393 
3.51119173e-04 -5.64337388 -5.40902053 -5.25572422 -5.11639422 -5.02281393 
2.84803587e-04 -5.64337388 -5.40902053 -5.25572422 -5.11639422 -5.02281393 
2.31012970e-04 -5.64337388 -5.40902053 -5.25572422 -5.11639422 -5.02281393 
1.87381742e-04 -5.64337388 -5.40902053 -5.25572422 -5.11639422 -5.02281393 
1.51991108e-04 -5.64337388 -5.40902053 -5.25572422 -5.11639422 -5.02281393 
1.23284674e-04 -5.64337388 -5.40902053 -5.25572422 -5.11639422 -5.02281393 
1.00000000e-04 -5.64337388 -5.40902053 -5.25572422 -5.11639422 -5.02281393 
8.11130831e-05 -5.64337388 -5.40902053 -5.25572422 -5.11639422 -5.02281393 
6.57933225e-05 -5.64337388 -5.40902053 -5.25572422 -5.11639422 -5.02281393 
5.33669923e-05 -5.64337388 -5.40902053 -5.25572422 -5.11639422 -5.02281393 
4.32876128e-05 -5.64337388 -5.40902053 -5.25572422 -5.11639422 -5.02281393 
3.51119173e-05 -5.64337388 -5.40902053 -5.25572422 -5.11639422 -5.02281393 
2.84803587e-05 -5.64337388 -5.40902053 -5.25572422 -5.11639422 -5.02281393 
2.31012970e-05 -5.64337388 -5.40902053 -5.25572422 -5.11639422 -5.02281393 
1.87381742e-05 -5.64337388 -5.40902053 -5.25572422 -5.11639422 -5.02281393 
1.51991108e-05 -5.64337388 -5.40902053 -5.25572422 -5.11639422 -5.02281393 
1.23284674e-05 -5.64337388 -5.40902053 -5.25572422 -5.11639422 -5.02281393 
1.00000000e-05 -5.64337388 -5.40902053 -5.25572422 -5.11639422 -5.02281393 
8.11130831e-06 -5.64337388 -5.40902053 -5.25572422 -5.11639422 -5.02281393 
6.57933225e-06 -5.64337388 -5.40902053 -5.25572422 -5.11639422 -5.02281393 
5.33669923e-06 -5.64337388 -5.40902053 -5.25572422 -5.11639422 -5.02281393 
4.32876128e-06 -5.64337388 -5.40902053 -5.25572422 -5.11639422 -5.02281393 
3.51119173e-06 -5.64337388 -5.40902053 -5.25572422 -5.11639422 -5.02281393 
2.84803587e-06 -5.64337388 -5.40902053 -5.25572422 -5.11639422 -5.02281393 
2.31012970e-06 -5.64337388 -5.40902053 -5.25572422 -5.11639422 -5.02281393 
1.87381742e-06 -5.64337388 -5.40902053 -5.25572422 -5.11639422 -5.02281393 
1.51991108e-06 -5.64337388 -5.40902053 -5.25572422 -5.11639422 -5.02281393 
1.23284674e-06 -5.64337388 -5.40902053 -5.25572422 -5.11639422 -5.02281393 
1.00000000e-06 -5.64337388 -5.40902053 -5.25572422 -5.11639422 -5.02281393 
8.11130831e-07 -5.64337388 -5.40902053 -5.25572422 -5.11639422 -5.02281393 
6.57933225e-07 -5.64337388 -5.40902053 -5.25572422 -5.11639422 -5.02281393 
5.33669923e-07 -5.64337388 -5.40902053 -5.25572422 -5.11639422 -5.02281393 
4.32876128e-07 -5.64337388 -5.40902053 -5.25572422 -5.11639422 -5.02281393 
3.51119173e-07 -5.64337388 -5.40902053 -5.25572422 -5.11639422 -5.02281393 
2.84803587e-07 -5.64337388 -5.40902053 -5.25572422 -5.11639422 -5.02281393 
2.31012970e-07 -5.64337388 -5.40902053 -5.25572422 -5.11639422 -5.02281393 
1.87381742e-07 -5.64337388 -5.40902053 -5.25572422 -5.11639422 -5.02281393 
1.51991108e-07 -5.64337388 -5.40902053 -5.25572422 -5.11639422 -5.02281393 
1.23284674e-07 -5.64337388 -5.40902053 -5.25572422 -5.11639422 -5.02281393 
1.00000000e-07 -5.64337388 -5.40902053 -5.25572422 -5.11639422 -5.02281393 
