Chemical species: H2 He CO2 SO2 CO H2S NH3 CH4
P (bar) | log_H2: -2σ | log_H2: -1σ | log_H2: median | log_H2: +1σ | log_H2: +2σ 
1.00000000e+02 -0.11398919 -0.11388917 -0.11352795 -0.11261496 -0.11117746 
8.11130831e+01 -0.11398919 -0.11388917 -0.11352795 -0.11261496 -0.11117746 
6.57933225e+01 -0.11398919 -0.11388917 -0.11352795 -0.11261496 -0.11117746 
5.33669923e+01 -0.11398919 -0.11388917 -0.11352795 -0.11261496 -0.11117746 
4.32876128e+01 -0.11398919 -0.11388917 -0.11352795 -0.11261496 -0.11117746 
3.51119173e+01 -0.11398919 -0.11388917 -0.11352795 -0.11261496 -0.11117746 
2.84803587e+01 -0.11398919 -0.11388917 -0.11352795 -0.11261496 -0.11117746 
2.31012970e+01 -0.11398919 -0.11388917 -0.11352795 -0.11261496 -0.11117746 
1.87381742e+01 -0.11398919 -0.11388917 -0.11352795 -0.11261496 -0.11117746 
1.51991108e+01 -0.11398919 -0.11388917 -0.11352795 -0.11261496 -0.11117746 
1.23284674e+01 -0.11398919 -0.11388917 -0.11352795 -0.11261496 -0.11117746 
1.00000000e+01 -0.11398919 -0.11388917 -0.11352795 -0.11261496 -0.11117746 
8.11130831e+00 -0.11398919 -0.11388917 -0.11352795 -0.11261496 -0.11117746 
6.57933225e+00 -0.11398919 -0.11388917 -0.11352795 -0.11261496 -0.11117746 
5.33669923e+00 -0.11398919 -0.11388917 -0.11352795 -0.11261496 -0.11117746 
4.32876128e+00 -0.11398919 -0.11388917 -0.11352795 -0.11261496 -0.11117746 
3.51119173e+00 -0.11398919 -0.11388917 -0.11352795 -0.11261496 -0.11117746 
2.84803587e+00 -0.11398919 -0.11388917 -0.11352795 -0.11261496 -0.11117746 
2.31012970e+00 -0.11398919 -0.11388917 -0.11352795 -0.11261496 -0.11117746 
1.87381742e+00 -0.11398919 -0.11388917 -0.11352795 -0.11261496 -0.11117746 
1.51991108e+00 -0.11398919 -0.11388917 -0.11352795 -0.11261496 -0.11117746 
1.23284674e+00 -0.11398919 -0.11388917 -0.11352795 -0.11261496 -0.11117746 
1.00000000e+00 -0.11398919 -0.11388917 -0.11352795 -0.11261496 -0.11117746 
8.11130831e-01 -0.11398919 -0.11388917 -0.11352795 -0.11261496 -0.11117746 
6.57933225e-01 -0.11398919 -0.11388917 -0.11352795 -0.11261496 -0.11117746 
5.33669923e-01 -0.11398919 -0.11388917 -0.11352795 -0.11261496 -0.11117746 
4.32876128e-01 -0.11398919 -0.11388917 -0.11352795 -0.11261496 -0.11117746 
3.51119173e-01 -0.11398919 -0.11388917 -0.11352795 -0.11261496 -0.11117746 
2.84803587e-01 -0.11398919 -0.11388917 -0.11352795 -0.11261496 -0.11117746 
2.31012970e-01 -0.11398919 -0.11388917 -0.11352795 -0.11261496 -0.11117746 
1.87381742e-01 -0.11398919 -0.11388917 -0.11352795 -0.11261496 -0.11117746 
1.51991108e-01 -0.11398919 -0.11388917 -0.11352795 -0.11261496 -0.11117746 
1.23284674e-01 -0.11398919 -0.11388917 -0.11352795 -0.11261496 -0.11117746 
1.00000000e-01 -0.11398919 -0.11388917 -0.11352795 -0.11261496 -0.11117746 
8.11130831e-02 -0.11398919 -0.11388917 -0.11352795 -0.11261496 -0.11117746 
6.57933225e-02 -0.11398919 -0.11388917 -0.11352795 -0.11261496 -0.11117746 
5.33669923e-02 -0.11398919 -0.11388917 -0.11352795 -0.11261496 -0.11117746 
4.32876128e-02 -0.11398919 -0.11388917 -0.11352795 -0.11261496 -0.11117746 
3.51119173e-02 -0.11398919 -0.11388917 -0.11352795 -0.11261496 -0.11117746 
2.84803587e-02 -0.11398919 -0.11388917 -0.11352795 -0.11261496 -0.11117746 
2.31012970e-02 -0.11398919 -0.11388917 -0.11352795 -0.11261496 -0.11117746 
1.87381742e-02 -0.11398919 -0.11388917 -0.11352795 -0.11261496 -0.11117746 
1.51991108e-02 -0.11398919 -0.11388917 -0.11352795 -0.11261496 -0.11117746 
1.23284674e-02 -0.11398919 -0.11388917 -0.11352795 -0.11261496 -0.11117746 
1.00000000e-02 -0.11398919 -0.11388917 -0.11352795 -0.11261496 -0.11117746 
8.11130831e-03 -0.11398919 -0.11388917 -0.11352795 -0.11261496 -0.11117746 
6.57933225e-03 -0.11398919 -0.11388917 -0.11352795 -0.11261496 -0.11117746 
5.33669923e-03 -0.11398919 -0.11388917 -0.11352795 -0.11261496 -0.11117746 
4.32876128e-03 -0.11398919 -0.11388917 -0.11352795 -0.11261496 -0.11117746 
3.51119173e-03 -0.11398919 -0.11388917 -0.11352795 -0.11261496 -0.11117746 
2.84803587e-03 -0.11398919 -0.11388917 -0.11352795 -0.11261496 -0.11117746 
2.31012970e-03 -0.11398919 -0.11388917 -0.11352795 -0.11261496 -0.11117746 
1.87381742e-03 -0.11398919 -0.11388917 -0.11352795 -0.11261496 -0.11117746 
1.51991108e-03 -0.11398919 -0.11388917 -0.11352795 -0.11261496 -0.11117746 
1.23284674e-03 -0.11398919 -0.11388917 -0.11352795 -0.11261496 -0.11117746 
1.00000000e-03 -0.11398919 -0.11388917 -0.11352795 -0.11261496 -0.11117746 
8.11130831e-04 -0.11398919 -0.11388917 -0.11352795 -0.11261496 -0.11117746 
6.57933225e-04 -0.11398919 -0.11388917 -0.11352795 -0.11261496 -0.11117746 
5.33669923e-04 -0.11398919 -0.11388917 -0.11352795 -0.11261496 -0.11117746 
4.32876128e-04 -0.11398919 -0.11388917 -0.11352795 -0.11261496 -0.11117746 
3.51119173e-04 -0.11398919 -0.11388917 -0.11352795 -0.11261496 -0.11117746 
2.84803587e-04 -0.11398919 -0.11388917 -0.11352795 -0.11261496 -0.11117746 
2.31012970e-04 -0.11398919 -0.11388917 -0.11352795 -0.11261496 -0.11117746 
1.87381742e-04 -0.11398919 -0.11388917 -0.11352795 -0.11261496 -0.11117746 
1.51991108e-04 -0.11398919 -0.11388917 -0.11352795 -0.11261496 -0.11117746 
1.23284674e-04 -0.11398919 -0.11388917 -0.11352795 -0.11261496 -0.11117746 
1.00000000e-04 -0.11398919 -0.11388917 -0.11352795 -0.11261496 -0.11117746 
8.11130831e-05 -0.11398919 -0.11388917 -0.11352795 -0.11261496 -0.11117746 
6.57933225e-05 -0.11398919 -0.11388917 -0.11352795 -0.11261496 -0.11117746 
5.33669923e-05 -0.11398919 -0.11388917 -0.11352795 -0.11261496 -0.11117746 
4.32876128e-05 -0.11398919 -0.11388917 -0.11352795 -0.11261496 -0.11117746 
3.51119173e-05 -0.11398919 -0.11388917 -0.11352795 -0.11261496 -0.11117746 
2.84803587e-05 -0.11398919 -0.11388917 -0.11352795 -0.11261496 -0.11117746 
2.31012970e-05 -0.11398919 -0.11388917 -0.11352795 -0.11261496 -0.11117746 
1.87381742e-05 -0.11398919 -0.11388917 -0.11352795 -0.11261496 -0.11117746 
1.51991108e-05 -0.11398919 -0.11388917 -0.11352795 -0.11261496 -0.11117746 
1.23284674e-05 -0.11398919 -0.11388917 -0.11352795 -0.11261496 -0.11117746 
1.00000000e-05 -0.11398919 -0.11388917 -0.11352795 -0.11261496 -0.11117746 
8.11130831e-06 -0.11398919 -0.11388917 -0.11352795 -0.11261496 -0.11117746 
6.57933225e-06 -0.11398919 -0.11388917 -0.11352795 -0.11261496 -0.11117746 
5.33669923e-06 -0.11398919 -0.11388917 -0.11352795 -0.11261496 -0.11117746 
4.32876128e-06 -0.11398919 -0.11388917 -0.11352795 -0.11261496 -0.11117746 
3.51119173e-06 -0.11398919 -0.11388917 -0.11352795 -0.11261496 -0.11117746 
2.84803587e-06 -0.11398919 -0.11388917 -0.11352795 -0.11261496 -0.11117746 
2.31012970e-06 -0.11398919 -0.11388917 -0.11352795 -0.11261496 -0.11117746 
1.87381742e-06 -0.11398919 -0.11388917 -0.11352795 -0.11261496 -0.11117746 
1.51991108e-06 -0.11398919 -0.11388917 -0.11352795 -0.11261496 -0.11117746 
1.23284674e-06 -0.11398919 -0.11388917 -0.11352795 -0.11261496 -0.11117746 
1.00000000e-06 -0.11398919 -0.11388917 -0.11352795 -0.11261496 -0.11117746 
8.11130831e-07 -0.11398919 -0.11388917 -0.11352795 -0.11261496 -0.11117746 
6.57933225e-07 -0.11398919 -0.11388917 -0.11352795 -0.11261496 -0.11117746 
5.33669923e-07 -0.11398919 -0.11388917 -0.11352795 -0.11261496 -0.11117746 
4.32876128e-07 -0.11398919 -0.11388917 -0.11352795 -0.11261496 -0.11117746 
3.51119173e-07 -0.11398919 -0.11388917 -0.11352795 -0.11261496 -0.11117746 
2.84803587e-07 -0.11398919 -0.11388917 -0.11352795 -0.11261496 -0.11117746 
2.31012970e-07 -0.11398919 -0.11388917 -0.11352795 -0.11261496 -0.11117746 
1.87381742e-07 -0.11398919 -0.11388917 -0.11352795 -0.11261496 -0.11117746 
1.51991108e-07 -0.11398919 -0.11388917 -0.11352795 -0.11261496 -0.11117746 
1.23284674e-07 -0.11398919 -0.11388917 -0.11352795 -0.11261496 -0.11117746 
1.00000000e-07 -0.11398919 -0.11388917 -0.11352795 -0.11261496 -0.11117746 
P (bar) | log_He: -2σ | log_He: -1σ | log_He: median | log_He: +1σ | log_He: +2σ 
1.00000000e+02 -0.88354027 -0.88344025 -0.88307903 -0.88216604 -0.88072854 
8.11130831e+01 -0.88354027 -0.88344025 -0.88307903 -0.88216604 -0.88072854 
6.57933225e+01 -0.88354027 -0.88344025 -0.88307903 -0.88216604 -0.88072854 
5.33669923e+01 -0.88354027 -0.88344025 -0.88307903 -0.88216604 -0.88072854 
4.32876128e+01 -0.88354027 -0.88344025 -0.88307903 -0.88216604 -0.88072854 
3.51119173e+01 -0.88354027 -0.88344025 -0.88307903 -0.88216604 -0.88072854 
2.84803587e+01 -0.88354027 -0.88344025 -0.88307903 -0.88216604 -0.88072854 
2.31012970e+01 -0.88354027 -0.88344025 -0.88307903 -0.88216604 -0.88072854 
1.87381742e+01 -0.88354027 -0.88344025 -0.88307903 -0.88216604 -0.88072854 
1.51991108e+01 -0.88354027 -0.88344025 -0.88307903 -0.88216604 -0.88072854 
1.23284674e+01 -0.88354027 -0.88344025 -0.88307903 -0.88216604 -0.88072854 
1.00000000e+01 -0.88354027 -0.88344025 -0.88307903 -0.88216604 -0.88072854 
8.11130831e+00 -0.88354027 -0.88344025 -0.88307903 -0.88216604 -0.88072854 
6.57933225e+00 -0.88354027 -0.88344025 -0.88307903 -0.88216604 -0.88072854 
5.33669923e+00 -0.88354027 -0.88344025 -0.88307903 -0.88216604 -0.88072854 
4.32876128e+00 -0.88354027 -0.88344025 -0.88307903 -0.88216604 -0.88072854 
3.51119173e+00 -0.88354027 -0.88344025 -0.88307903 -0.88216604 -0.88072854 
2.84803587e+00 -0.88354027 -0.88344025 -0.88307903 -0.88216604 -0.88072854 
2.31012970e+00 -0.88354027 -0.88344025 -0.88307903 -0.88216604 -0.88072854 
1.87381742e+00 -0.88354027 -0.88344025 -0.88307903 -0.88216604 -0.88072854 
1.51991108e+00 -0.88354027 -0.88344025 -0.88307903 -0.88216604 -0.88072854 
1.23284674e+00 -0.88354027 -0.88344025 -0.88307903 -0.88216604 -0.88072854 
1.00000000e+00 -0.88354027 -0.88344025 -0.88307903 -0.88216604 -0.88072854 
8.11130831e-01 -0.88354027 -0.88344025 -0.88307903 -0.88216604 -0.88072854 
6.57933225e-01 -0.88354027 -0.88344025 -0.88307903 -0.88216604 -0.88072854 
5.33669923e-01 -0.88354027 -0.88344025 -0.88307903 -0.88216604 -0.88072854 
4.32876128e-01 -0.88354027 -0.88344025 -0.88307903 -0.88216604 -0.88072854 
3.51119173e-01 -0.88354027 -0.88344025 -0.88307903 -0.88216604 -0.88072854 
2.84803587e-01 -0.88354027 -0.88344025 -0.88307903 -0.88216604 -0.88072854 
2.31012970e-01 -0.88354027 -0.88344025 -0.88307903 -0.88216604 -0.88072854 
1.87381742e-01 -0.88354027 -0.88344025 -0.88307903 -0.88216604 -0.88072854 
1.51991108e-01 -0.88354027 -0.88344025 -0.88307903 -0.88216604 -0.88072854 
1.23284674e-01 -0.88354027 -0.88344025 -0.88307903 -0.88216604 -0.88072854 
1.00000000e-01 -0.88354027 -0.88344025 -0.88307903 -0.88216604 -0.88072854 
8.11130831e-02 -0.88354027 -0.88344025 -0.88307903 -0.88216604 -0.88072854 
6.57933225e-02 -0.88354027 -0.88344025 -0.88307903 -0.88216604 -0.88072854 
5.33669923e-02 -0.88354027 -0.88344025 -0.88307903 -0.88216604 -0.88072854 
4.32876128e-02 -0.88354027 -0.88344025 -0.88307903 -0.88216604 -0.88072854 
3.51119173e-02 -0.88354027 -0.88344025 -0.88307903 -0.88216604 -0.88072854 
2.84803587e-02 -0.88354027 -0.88344025 -0.88307903 -0.88216604 -0.88072854 
2.31012970e-02 -0.88354027 -0.88344025 -0.88307903 -0.88216604 -0.88072854 
1.87381742e-02 -0.88354027 -0.88344025 -0.88307903 -0.88216604 -0.88072854 
1.51991108e-02 -0.88354027 -0.88344025 -0.88307903 -0.88216604 -0.88072854 
1.23284674e-02 -0.88354027 -0.88344025 -0.88307903 -0.88216604 -0.88072854 
1.00000000e-02 -0.88354027 -0.88344025 -0.88307903 -0.88216604 -0.88072854 
8.11130831e-03 -0.88354027 -0.88344025 -0.88307903 -0.88216604 -0.88072854 
6.57933225e-03 -0.88354027 -0.88344025 -0.88307903 -0.88216604 -0.88072854 
5.33669923e-03 -0.88354027 -0.88344025 -0.88307903 -0.88216604 -0.88072854 
4.32876128e-03 -0.88354027 -0.88344025 -0.88307903 -0.88216604 -0.88072854 
3.51119173e-03 -0.88354027 -0.88344025 -0.88307903 -0.88216604 -0.88072854 
2.84803587e-03 -0.88354027 -0.88344025 -0.88307903 -0.88216604 -0.88072854 
2.31012970e-03 -0.88354027 -0.88344025 -0.88307903 -0.88216604 -0.88072854 
1.87381742e-03 -0.88354027 -0.88344025 -0.88307903 -0.88216604 -0.88072854 
1.51991108e-03 -0.88354027 -0.88344025 -0.88307903 -0.88216604 -0.88072854 
1.23284674e-03 -0.88354027 -0.88344025 -0.88307903 -0.88216604 -0.88072854 
1.00000000e-03 -0.88354027 -0.88344025 -0.88307903 -0.88216604 -0.88072854 
8.11130831e-04 -0.88354027 -0.88344025 -0.88307903 -0.88216604 -0.88072854 
6.57933225e-04 -0.88354027 -0.88344025 -0.88307903 -0.88216604 -0.88072854 
5.33669923e-04 -0.88354027 -0.88344025 -0.88307903 -0.88216604 -0.88072854 
4.32876128e-04 -0.88354027 -0.88344025 -0.88307903 -0.88216604 -0.88072854 
3.51119173e-04 -0.88354027 -0.88344025 -0.88307903 -0.88216604 -0.88072854 
2.84803587e-04 -0.88354027 -0.88344025 -0.88307903 -0.88216604 -0.88072854 
2.31012970e-04 -0.88354027 -0.88344025 -0.88307903 -0.88216604 -0.88072854 
1.87381742e-04 -0.88354027 -0.88344025 -0.88307903 -0.88216604 -0.88072854 
1.51991108e-04 -0.88354027 -0.88344025 -0.88307903 -0.88216604 -0.88072854 
1.23284674e-04 -0.88354027 -0.88344025 -0.88307903 -0.88216604 -0.88072854 
1.00000000e-04 -0.88354027 -0.88344025 -0.88307903 -0.88216604 -0.88072854 
8.11130831e-05 -0.88354027 -0.88344025 -0.88307903 -0.88216604 -0.88072854 
6.57933225e-05 -0.88354027 -0.88344025 -0.88307903 -0.88216604 -0.88072854 
5.33669923e-05 -0.88354027 -0.88344025 -0.88307903 -0.88216604 -0.88072854 
4.32876128e-05 -0.88354027 -0.88344025 -0.88307903 -0.88216604 -0.88072854 
3.51119173e-05 -0.88354027 -0.88344025 -0.88307903 -0.88216604 -0.88072854 
2.84803587e-05 -0.88354027 -0.88344025 -0.88307903 -0.88216604 -0.88072854 
2.31012970e-05 -0.88354027 -0.88344025 -0.88307903 -0.88216604 -0.88072854 
1.87381742e-05 -0.88354027 -0.88344025 -0.88307903 -0.88216604 -0.88072854 
1.51991108e-05 -0.88354027 -0.88344025 -0.88307903 -0.88216604 -0.88072854 
1.23284674e-05 -0.88354027 -0.88344025 -0.88307903 -0.88216604 -0.88072854 
1.00000000e-05 -0.88354027 -0.88344025 -0.88307903 -0.88216604 -0.88072854 
8.11130831e-06 -0.88354027 -0.88344025 -0.88307903 -0.88216604 -0.88072854 
6.57933225e-06 -0.88354027 -0.88344025 -0.88307903 -0.88216604 -0.88072854 
5.33669923e-06 -0.88354027 -0.88344025 -0.88307903 -0.88216604 -0.88072854 
4.32876128e-06 -0.88354027 -0.88344025 -0.88307903 -0.88216604 -0.88072854 
3.51119173e-06 -0.88354027 -0.88344025 -0.88307903 -0.88216604 -0.88072854 
2.84803587e-06 -0.88354027 -0.88344025 -0.88307903 -0.88216604 -0.88072854 
2.31012970e-06 -0.88354027 -0.88344025 -0.88307903 -0.88216604 -0.88072854 
1.87381742e-06 -0.88354027 -0.88344025 -0.88307903 -0.88216604 -0.88072854 
1.51991108e-06 -0.88354027 -0.88344025 -0.88307903 -0.88216604 -0.88072854 
1.23284674e-06 -0.88354027 -0.88344025 -0.88307903 -0.88216604 -0.88072854 
1.00000000e-06 -0.88354027 -0.88344025 -0.88307903 -0.88216604 -0.88072854 
8.11130831e-07 -0.88354027 -0.88344025 -0.88307903 -0.88216604 -0.88072854 
6.57933225e-07 -0.88354027 -0.88344025 -0.88307903 -0.88216604 -0.88072854 
5.33669923e-07 -0.88354027 -0.88344025 -0.88307903 -0.88216604 -0.88072854 
4.32876128e-07 -0.88354027 -0.88344025 -0.88307903 -0.88216604 -0.88072854 
3.51119173e-07 -0.88354027 -0.88344025 -0.88307903 -0.88216604 -0.88072854 
2.84803587e-07 -0.88354027 -0.88344025 -0.88307903 -0.88216604 -0.88072854 
2.31012970e-07 -0.88354027 -0.88344025 -0.88307903 -0.88216604 -0.88072854 
1.87381742e-07 -0.88354027 -0.88344025 -0.88307903 -0.88216604 -0.88072854 
1.51991108e-07 -0.88354027 -0.88344025 -0.88307903 -0.88216604 -0.88072854 
1.23284674e-07 -0.88354027 -0.88344025 -0.88307903 -0.88216604 -0.88072854 
1.00000000e-07 -0.88354027 -0.88344025 -0.88307903 -0.88216604 -0.88072854 
P (bar) | log_CO2: -2σ | log_CO2: -1σ | log_CO2: median | log_CO2: +1σ | log_CO2: +2σ 
1.00000000e+02 -1.02677014 -1.01280471 -1.00436170 -1.00119120 -1.00018925 
8.11130831e+01 -1.02677014 -1.01280471 -1.00436170 -1.00119120 -1.00018925 
6.57933225e+01 -1.02677014 -1.01280471 -1.00436170 -1.00119120 -1.00018925 
5.33669923e+01 -1.02677014 -1.01280471 -1.00436170 -1.00119120 -1.00018925 
4.32876128e+01 -1.02677014 -1.01280471 -1.00436170 -1.00119120 -1.00018925 
3.51119173e+01 -1.02677014 -1.01280471 -1.00436170 -1.00119120 -1.00018925 
2.84803587e+01 -1.02677014 -1.01280471 -1.00436170 -1.00119120 -1.00018925 
2.31012970e+01 -1.02677014 -1.01280471 -1.00436170 -1.00119120 -1.00018925 
1.87381742e+01 -1.02677014 -1.01280471 -1.00436170 -1.00119120 -1.00018925 
1.51991108e+01 -1.02677014 -1.01280471 -1.00436170 -1.00119120 -1.00018925 
1.23284674e+01 -1.02677014 -1.01280471 -1.00436170 -1.00119120 -1.00018925 
1.00000000e+01 -1.02677014 -1.01280471 -1.00436170 -1.00119120 -1.00018925 
8.11130831e+00 -1.02677014 -1.01280471 -1.00436170 -1.00119120 -1.00018925 
6.57933225e+00 -1.02677014 -1.01280471 -1.00436170 -1.00119120 -1.00018925 
5.33669923e+00 -1.02677014 -1.01280471 -1.00436170 -1.00119120 -1.00018925 
4.32876128e+00 -1.02677014 -1.01280471 -1.00436170 -1.00119120 -1.00018925 
3.51119173e+00 -1.02677014 -1.01280471 -1.00436170 -1.00119120 -1.00018925 
2.84803587e+00 -1.02677014 -1.01280471 -1.00436170 -1.00119120 -1.00018925 
2.31012970e+00 -1.02677014 -1.01280471 -1.00436170 -1.00119120 -1.00018925 
1.87381742e+00 -1.02677014 -1.01280471 -1.00436170 -1.00119120 -1.00018925 
1.51991108e+00 -1.02677014 -1.01280471 -1.00436170 -1.00119120 -1.00018925 
1.23284674e+00 -1.02677014 -1.01280471 -1.00436170 -1.00119120 -1.00018925 
1.00000000e+00 -1.02677014 -1.01280471 -1.00436170 -1.00119120 -1.00018925 
8.11130831e-01 -1.02677014 -1.01280471 -1.00436170 -1.00119120 -1.00018925 
6.57933225e-01 -1.02677014 -1.01280471 -1.00436170 -1.00119120 -1.00018925 
5.33669923e-01 -1.02677014 -1.01280471 -1.00436170 -1.00119120 -1.00018925 
4.32876128e-01 -1.02677014 -1.01280471 -1.00436170 -1.00119120 -1.00018925 
3.51119173e-01 -1.02677014 -1.01280471 -1.00436170 -1.00119120 -1.00018925 
2.84803587e-01 -1.02677014 -1.01280471 -1.00436170 -1.00119120 -1.00018925 
2.31012970e-01 -1.02677014 -1.01280471 -1.00436170 -1.00119120 -1.00018925 
1.87381742e-01 -1.02677014 -1.01280471 -1.00436170 -1.00119120 -1.00018925 
1.51991108e-01 -1.02677014 -1.01280471 -1.00436170 -1.00119120 -1.00018925 
1.23284674e-01 -1.02677014 -1.01280471 -1.00436170 -1.00119120 -1.00018925 
1.00000000e-01 -1.02677014 -1.01280471 -1.00436170 -1.00119120 -1.00018925 
8.11130831e-02 -1.02677014 -1.01280471 -1.00436170 -1.00119120 -1.00018925 
6.57933225e-02 -1.02677014 -1.01280471 -1.00436170 -1.00119120 -1.00018925 
5.33669923e-02 -1.02677014 -1.01280471 -1.00436170 -1.00119120 -1.00018925 
4.32876128e-02 -1.02677014 -1.01280471 -1.00436170 -1.00119120 -1.00018925 
3.51119173e-02 -1.02677014 -1.01280471 -1.00436170 -1.00119120 -1.00018925 
2.84803587e-02 -1.02677014 -1.01280471 -1.00436170 -1.00119120 -1.00018925 
2.31012970e-02 -1.02677014 -1.01280471 -1.00436170 -1.00119120 -1.00018925 
1.87381742e-02 -1.02677014 -1.01280471 -1.00436170 -1.00119120 -1.00018925 
1.51991108e-02 -1.02677014 -1.01280471 -1.00436170 -1.00119120 -1.00018925 
1.23284674e-02 -1.02677014 -1.01280471 -1.00436170 -1.00119120 -1.00018925 
1.00000000e-02 -1.02677014 -1.01280471 -1.00436170 -1.00119120 -1.00018925 
8.11130831e-03 -1.02677014 -1.01280471 -1.00436170 -1.00119120 -1.00018925 
6.57933225e-03 -1.02677014 -1.01280471 -1.00436170 -1.00119120 -1.00018925 
5.33669923e-03 -1.02677014 -1.01280471 -1.00436170 -1.00119120 -1.00018925 
4.32876128e-03 -1.02677014 -1.01280471 -1.00436170 -1.00119120 -1.00018925 
3.51119173e-03 -1.02677014 -1.01280471 -1.00436170 -1.00119120 -1.00018925 
2.84803587e-03 -1.02677014 -1.01280471 -1.00436170 -1.00119120 -1.00018925 
2.31012970e-03 -1.02677014 -1.01280471 -1.00436170 -1.00119120 -1.00018925 
1.87381742e-03 -1.02677014 -1.01280471 -1.00436170 -1.00119120 -1.00018925 
1.51991108e-03 -1.02677014 -1.01280471 -1.00436170 -1.00119120 -1.00018925 
1.23284674e-03 -1.02677014 -1.01280471 -1.00436170 -1.00119120 -1.00018925 
1.00000000e-03 -1.02677014 -1.01280471 -1.00436170 -1.00119120 -1.00018925 
8.11130831e-04 -1.02677014 -1.01280471 -1.00436170 -1.00119120 -1.00018925 
6.57933225e-04 -1.02677014 -1.01280471 -1.00436170 -1.00119120 -1.00018925 
5.33669923e-04 -1.02677014 -1.01280471 -1.00436170 -1.00119120 -1.00018925 
4.32876128e-04 -1.02677014 -1.01280471 -1.00436170 -1.00119120 -1.00018925 
3.51119173e-04 -1.02677014 -1.01280471 -1.00436170 -1.00119120 -1.00018925 
2.84803587e-04 -1.02677014 -1.01280471 -1.00436170 -1.00119120 -1.00018925 
2.31012970e-04 -1.02677014 -1.01280471 -1.00436170 -1.00119120 -1.00018925 
1.87381742e-04 -1.02677014 -1.01280471 -1.00436170 -1.00119120 -1.00018925 
1.51991108e-04 -1.02677014 -1.01280471 -1.00436170 -1.00119120 -1.00018925 
1.23284674e-04 -1.02677014 -1.01280471 -1.00436170 -1.00119120 -1.00018925 
1.00000000e-04 -1.02677014 -1.01280471 -1.00436170 -1.00119120 -1.00018925 
8.11130831e-05 -1.02677014 -1.01280471 -1.00436170 -1.00119120 -1.00018925 
6.57933225e-05 -1.02677014 -1.01280471 -1.00436170 -1.00119120 -1.00018925 
5.33669923e-05 -1.02677014 -1.01280471 -1.00436170 -1.00119120 -1.00018925 
4.32876128e-05 -1.02677014 -1.01280471 -1.00436170 -1.00119120 -1.00018925 
3.51119173e-05 -1.02677014 -1.01280471 -1.00436170 -1.00119120 -1.00018925 
2.84803587e-05 -1.02677014 -1.01280471 -1.00436170 -1.00119120 -1.00018925 
2.31012970e-05 -1.02677014 -1.01280471 -1.00436170 -1.00119120 -1.00018925 
1.87381742e-05 -1.02677014 -1.01280471 -1.00436170 -1.00119120 -1.00018925 
1.51991108e-05 -1.02677014 -1.01280471 -1.00436170 -1.00119120 -1.00018925 
1.23284674e-05 -1.02677014 -1.01280471 -1.00436170 -1.00119120 -1.00018925 
1.00000000e-05 -1.02677014 -1.01280471 -1.00436170 -1.00119120 -1.00018925 
8.11130831e-06 -1.02677014 -1.01280471 -1.00436170 -1.00119120 -1.00018925 
6.57933225e-06 -1.02677014 -1.01280471 -1.00436170 -1.00119120 -1.00018925 
5.33669923e-06 -1.02677014 -1.01280471 -1.00436170 -1.00119120 -1.00018925 
4.32876128e-06 -1.02677014 -1.01280471 -1.00436170 -1.00119120 -1.00018925 
3.51119173e-06 -1.02677014 -1.01280471 -1.00436170 -1.00119120 -1.00018925 
2.84803587e-06 -1.02677014 -1.01280471 -1.00436170 -1.00119120 -1.00018925 
2.31012970e-06 -1.02677014 -1.01280471 -1.00436170 -1.00119120 -1.00018925 
1.87381742e-06 -1.02677014 -1.01280471 -1.00436170 -1.00119120 -1.00018925 
1.51991108e-06 -1.02677014 -1.01280471 -1.00436170 -1.00119120 -1.00018925 
1.23284674e-06 -1.02677014 -1.01280471 -1.00436170 -1.00119120 -1.00018925 
1.00000000e-06 -1.02677014 -1.01280471 -1.00436170 -1.00119120 -1.00018925 
8.11130831e-07 -1.02677014 -1.01280471 -1.00436170 -1.00119120 -1.00018925 
6.57933225e-07 -1.02677014 -1.01280471 -1.00436170 -1.00119120 -1.00018925 
5.33669923e-07 -1.02677014 -1.01280471 -1.00436170 -1.00119120 -1.00018925 
4.32876128e-07 -1.02677014 -1.01280471 -1.00436170 -1.00119120 -1.00018925 
3.51119173e-07 -1.02677014 -1.01280471 -1.00436170 -1.00119120 -1.00018925 
2.84803587e-07 -1.02677014 -1.01280471 -1.00436170 -1.00119120 -1.00018925 
2.31012970e-07 -1.02677014 -1.01280471 -1.00436170 -1.00119120 -1.00018925 
1.87381742e-07 -1.02677014 -1.01280471 -1.00436170 -1.00119120 -1.00018925 
1.51991108e-07 -1.02677014 -1.01280471 -1.00436170 -1.00119120 -1.00018925 
1.23284674e-07 -1.02677014 -1.01280471 -1.00436170 -1.00119120 -1.00018925 
1.00000000e-07 -1.02677014 -1.01280471 -1.00436170 -1.00119120 -1.00018925 
P (bar) | log_SO2: -2σ | log_SO2: -1σ | log_SO2: median | log_SO2: +1σ | log_SO2: +2σ 
1.00000000e+02 -5.99862929 -5.99312405 -5.97492099 -5.93754471 -5.88201370 
8.11130831e+01 -5.99862929 -5.99312405 -5.97492099 -5.93754471 -5.88201370 
6.57933225e+01 -5.99862929 -5.99312405 -5.97492099 -5.93754471 -5.88201370 
5.33669923e+01 -5.99862929 -5.99312405 -5.97492099 -5.93754471 -5.88201370 
4.32876128e+01 -5.99862929 -5.99312405 -5.97492099 -5.93754471 -5.88201370 
3.51119173e+01 -5.99862929 -5.99312405 -5.97492099 -5.93754471 -5.88201370 
2.84803587e+01 -5.99862929 -5.99312405 -5.97492099 -5.93754471 -5.88201370 
2.31012970e+01 -5.99862929 -5.99312405 -5.97492099 -5.93754471 -5.88201370 
1.87381742e+01 -5.99862929 -5.99312405 -5.97492099 -5.93754471 -5.88201370 
1.51991108e+01 -5.99862929 -5.99312405 -5.97492099 -5.93754471 -5.88201370 
1.23284674e+01 -5.99862929 -5.99312405 -5.97492099 -5.93754471 -5.88201370 
1.00000000e+01 -5.99862929 -5.99312405 -5.97492099 -5.93754471 -5.88201370 
8.11130831e+00 -5.99862929 -5.99312405 -5.97492099 -5.93754471 -5.88201370 
6.57933225e+00 -5.99862929 -5.99312405 -5.97492099 -5.93754471 -5.88201370 
5.33669923e+00 -5.99862929 -5.99312405 -5.97492099 -5.93754471 -5.88201370 
4.32876128e+00 -5.99862929 -5.99312405 -5.97492099 -5.93754471 -5.88201370 
3.51119173e+00 -5.99862929 -5.99312405 -5.97492099 -5.93754471 -5.88201370 
2.84803587e+00 -5.99862929 -5.99312405 -5.97492099 -5.93754471 -5.88201370 
2.31012970e+00 -5.99862929 -5.99312405 -5.97492099 -5.93754471 -5.88201370 
1.87381742e+00 -5.99862929 -5.99312405 -5.97492099 -5.93754471 -5.88201370 
1.51991108e+00 -5.99862929 -5.99312405 -5.97492099 -5.93754471 -5.88201370 
1.23284674e+00 -5.99862929 -5.99312405 -5.97492099 -5.93754471 -5.88201370 
1.00000000e+00 -5.99862929 -5.99312405 -5.97492099 -5.93754471 -5.88201370 
8.11130831e-01 -5.99862929 -5.99312405 -5.97492099 -5.93754471 -5.88201370 
6.57933225e-01 -5.99862929 -5.99312405 -5.97492099 -5.93754471 -5.88201370 
5.33669923e-01 -5.99862929 -5.99312405 -5.97492099 -5.93754471 -5.88201370 
4.32876128e-01 -5.99862929 -5.99312405 -5.97492099 -5.93754471 -5.88201370 
3.51119173e-01 -5.99862929 -5.99312405 -5.97492099 -5.93754471 -5.88201370 
2.84803587e-01 -5.99862929 -5.99312405 -5.97492099 -5.93754471 -5.88201370 
2.31012970e-01 -5.99862929 -5.99312405 -5.97492099 -5.93754471 -5.88201370 
1.87381742e-01 -5.99862929 -5.99312405 -5.97492099 -5.93754471 -5.88201370 
1.51991108e-01 -5.99862929 -5.99312405 -5.97492099 -5.93754471 -5.88201370 
1.23284674e-01 -5.99862929 -5.99312405 -5.97492099 -5.93754471 -5.88201370 
1.00000000e-01 -5.99862929 -5.99312405 -5.97492099 -5.93754471 -5.88201370 
8.11130831e-02 -5.99862929 -5.99312405 -5.97492099 -5.93754471 -5.88201370 
6.57933225e-02 -5.99862929 -5.99312405 -5.97492099 -5.93754471 -5.88201370 
5.33669923e-02 -5.99862929 -5.99312405 -5.97492099 -5.93754471 -5.88201370 
4.32876128e-02 -5.99862929 -5.99312405 -5.97492099 -5.93754471 -5.88201370 
3.51119173e-02 -5.99862929 -5.99312405 -5.97492099 -5.93754471 -5.88201370 
2.84803587e-02 -5.99862929 -5.99312405 -5.97492099 -5.93754471 -5.88201370 
2.31012970e-02 -5.99862929 -5.99312405 -5.97492099 -5.93754471 -5.88201370 
1.87381742e-02 -5.99862929 -5.99312405 -5.97492099 -5.93754471 -5.88201370 
1.51991108e-02 -5.99862929 -5.99312405 -5.97492099 -5.93754471 -5.88201370 
1.23284674e-02 -5.99862929 -5.99312405 -5.97492099 -5.93754471 -5.88201370 
1.00000000e-02 -5.99862929 -5.99312405 -5.97492099 -5.93754471 -5.88201370 
8.11130831e-03 -5.99862929 -5.99312405 -5.97492099 -5.93754471 -5.88201370 
6.57933225e-03 -5.99862929 -5.99312405 -5.97492099 -5.93754471 -5.88201370 
5.33669923e-03 -5.99862929 -5.99312405 -5.97492099 -5.93754471 -5.88201370 
4.32876128e-03 -5.99862929 -5.99312405 -5.97492099 -5.93754471 -5.88201370 
3.51119173e-03 -5.99862929 -5.99312405 -5.97492099 -5.93754471 -5.88201370 
2.84803587e-03 -5.99862929 -5.99312405 -5.97492099 -5.93754471 -5.88201370 
2.31012970e-03 -5.99862929 -5.99312405 -5.97492099 -5.93754471 -5.88201370 
1.87381742e-03 -5.99862929 -5.99312405 -5.97492099 -5.93754471 -5.88201370 
1.51991108e-03 -5.99862929 -5.99312405 -5.97492099 -5.93754471 -5.88201370 
1.23284674e-03 -5.99862929 -5.99312405 -5.97492099 -5.93754471 -5.88201370 
1.00000000e-03 -5.99862929 -5.99312405 -5.97492099 -5.93754471 -5.88201370 
8.11130831e-04 -5.99862929 -5.99312405 -5.97492099 -5.93754471 -5.88201370 
6.57933225e-04 -5.99862929 -5.99312405 -5.97492099 -5.93754471 -5.88201370 
5.33669923e-04 -5.99862929 -5.99312405 -5.97492099 -5.93754471 -5.88201370 
4.32876128e-04 -5.99862929 -5.99312405 -5.97492099 -5.93754471 -5.88201370 
3.51119173e-04 -5.99862929 -5.99312405 -5.97492099 -5.93754471 -5.88201370 
2.84803587e-04 -5.99862929 -5.99312405 -5.97492099 -5.93754471 -5.88201370 
2.31012970e-04 -5.99862929 -5.99312405 -5.97492099 -5.93754471 -5.88201370 
1.87381742e-04 -5.99862929 -5.99312405 -5.97492099 -5.93754471 -5.88201370 
1.51991108e-04 -5.99862929 -5.99312405 -5.97492099 -5.93754471 -5.88201370 
1.23284674e-04 -5.99862929 -5.99312405 -5.97492099 -5.93754471 -5.88201370 
1.00000000e-04 -5.99862929 -5.99312405 -5.97492099 -5.93754471 -5.88201370 
8.11130831e-05 -5.99862929 -5.99312405 -5.97492099 -5.93754471 -5.88201370 
6.57933225e-05 -5.99862929 -5.99312405 -5.97492099 -5.93754471 -5.88201370 
5.33669923e-05 -5.99862929 -5.99312405 -5.97492099 -5.93754471 -5.88201370 
4.32876128e-05 -5.99862929 -5.99312405 -5.97492099 -5.93754471 -5.88201370 
3.51119173e-05 -5.99862929 -5.99312405 -5.97492099 -5.93754471 -5.88201370 
2.84803587e-05 -5.99862929 -5.99312405 -5.97492099 -5.93754471 -5.88201370 
2.31012970e-05 -5.99862929 -5.99312405 -5.97492099 -5.93754471 -5.88201370 
1.87381742e-05 -5.99862929 -5.99312405 -5.97492099 -5.93754471 -5.88201370 
1.51991108e-05 -5.99862929 -5.99312405 -5.97492099 -5.93754471 -5.88201370 
1.23284674e-05 -5.99862929 -5.99312405 -5.97492099 -5.93754471 -5.88201370 
1.00000000e-05 -5.99862929 -5.99312405 -5.97492099 -5.93754471 -5.88201370 
8.11130831e-06 -5.99862929 -5.99312405 -5.97492099 -5.93754471 -5.88201370 
6.57933225e-06 -5.99862929 -5.99312405 -5.97492099 -5.93754471 -5.88201370 
5.33669923e-06 -5.99862929 -5.99312405 -5.97492099 -5.93754471 -5.88201370 
4.32876128e-06 -5.99862929 -5.99312405 -5.97492099 -5.93754471 -5.88201370 
3.51119173e-06 -5.99862929 -5.99312405 -5.97492099 -5.93754471 -5.88201370 
2.84803587e-06 -5.99862929 -5.99312405 -5.97492099 -5.93754471 -5.88201370 
2.31012970e-06 -5.99862929 -5.99312405 -5.97492099 -5.93754471 -5.88201370 
1.87381742e-06 -5.99862929 -5.99312405 -5.97492099 -5.93754471 -5.88201370 
1.51991108e-06 -5.99862929 -5.99312405 -5.97492099 -5.93754471 -5.88201370 
1.23284674e-06 -5.99862929 -5.99312405 -5.97492099 -5.93754471 -5.88201370 
1.00000000e-06 -5.99862929 -5.99312405 -5.97492099 -5.93754471 -5.88201370 
8.11130831e-07 -5.99862929 -5.99312405 -5.97492099 -5.93754471 -5.88201370 
6.57933225e-07 -5.99862929 -5.99312405 -5.97492099 -5.93754471 -5.88201370 
5.33669923e-07 -5.99862929 -5.99312405 -5.97492099 -5.93754471 -5.88201370 
4.32876128e-07 -5.99862929 -5.99312405 -5.97492099 -5.93754471 -5.88201370 
3.51119173e-07 -5.99862929 -5.99312405 -5.97492099 -5.93754471 -5.88201370 
2.84803587e-07 -5.99862929 -5.99312405 -5.97492099 -5.93754471 -5.88201370 
2.31012970e-07 -5.99862929 -5.99312405 -5.97492099 -5.93754471 -5.88201370 
1.87381742e-07 -5.99862929 -5.99312405 -5.97492099 -5.93754471 -5.88201370 
1.51991108e-07 -5.99862929 -5.99312405 -5.97492099 -5.93754471 -5.88201370 
1.23284674e-07 -5.99862929 -5.99312405 -5.97492099 -5.93754471 -5.88201370 
1.00000000e-07 -5.99862929 -5.99312405 -5.97492099 -5.93754471 -5.88201370 
P (bar) | log_CO: -2σ | log_CO: -1σ | log_CO: median | log_CO: +1σ | log_CO: +2σ 
1.00000000e+02 -3.99849461 -3.98660311 -3.95062370 -3.88073023 -3.78130881 
8.11130831e+01 -3.99849461 -3.98660311 -3.95062370 -3.88073023 -3.78130881 
6.57933225e+01 -3.99849461 -3.98660311 -3.95062370 -3.88073023 -3.78130881 
5.33669923e+01 -3.99849461 -3.98660311 -3.95062370 -3.88073023 -3.78130881 
4.32876128e+01 -3.99849461 -3.98660311 -3.95062370 -3.88073023 -3.78130881 
3.51119173e+01 -3.99849461 -3.98660311 -3.95062370 -3.88073023 -3.78130881 
2.84803587e+01 -3.99849461 -3.98660311 -3.95062370 -3.88073023 -3.78130881 
2.31012970e+01 -3.99849461 -3.98660311 -3.95062370 -3.88073023 -3.78130881 
1.87381742e+01 -3.99849461 -3.98660311 -3.95062370 -3.88073023 -3.78130881 
1.51991108e+01 -3.99849461 -3.98660311 -3.95062370 -3.88073023 -3.78130881 
1.23284674e+01 -3.99849461 -3.98660311 -3.95062370 -3.88073023 -3.78130881 
1.00000000e+01 -3.99849461 -3.98660311 -3.95062370 -3.88073023 -3.78130881 
8.11130831e+00 -3.99849461 -3.98660311 -3.95062370 -3.88073023 -3.78130881 
6.57933225e+00 -3.99849461 -3.98660311 -3.95062370 -3.88073023 -3.78130881 
5.33669923e+00 -3.99849461 -3.98660311 -3.95062370 -3.88073023 -3.78130881 
4.32876128e+00 -3.99849461 -3.98660311 -3.95062370 -3.88073023 -3.78130881 
3.51119173e+00 -3.99849461 -3.98660311 -3.95062370 -3.88073023 -3.78130881 
2.84803587e+00 -3.99849461 -3.98660311 -3.95062370 -3.88073023 -3.78130881 
2.31012970e+00 -3.99849461 -3.98660311 -3.95062370 -3.88073023 -3.78130881 
1.87381742e+00 -3.99849461 -3.98660311 -3.95062370 -3.88073023 -3.78130881 
1.51991108e+00 -3.99849461 -3.98660311 -3.95062370 -3.88073023 -3.78130881 
1.23284674e+00 -3.99849461 -3.98660311 -3.95062370 -3.88073023 -3.78130881 
1.00000000e+00 -3.99849461 -3.98660311 -3.95062370 -3.88073023 -3.78130881 
8.11130831e-01 -3.99849461 -3.98660311 -3.95062370 -3.88073023 -3.78130881 
6.57933225e-01 -3.99849461 -3.98660311 -3.95062370 -3.88073023 -3.78130881 
5.33669923e-01 -3.99849461 -3.98660311 -3.95062370 -3.88073023 -3.78130881 
4.32876128e-01 -3.99849461 -3.98660311 -3.95062370 -3.88073023 -3.78130881 
3.51119173e-01 -3.99849461 -3.98660311 -3.95062370 -3.88073023 -3.78130881 
2.84803587e-01 -3.99849461 -3.98660311 -3.95062370 -3.88073023 -3.78130881 
2.31012970e-01 -3.99849461 -3.98660311 -3.95062370 -3.88073023 -3.78130881 
1.87381742e-01 -3.99849461 -3.98660311 -3.95062370 -3.88073023 -3.78130881 
1.51991108e-01 -3.99849461 -3.98660311 -3.95062370 -3.88073023 -3.78130881 
1.23284674e-01 -3.99849461 -3.98660311 -3.95062370 -3.88073023 -3.78130881 
1.00000000e-01 -3.99849461 -3.98660311 -3.95062370 -3.88073023 -3.78130881 
8.11130831e-02 -3.99849461 -3.98660311 -3.95062370 -3.88073023 -3.78130881 
6.57933225e-02 -3.99849461 -3.98660311 -3.95062370 -3.88073023 -3.78130881 
5.33669923e-02 -3.99849461 -3.98660311 -3.95062370 -3.88073023 -3.78130881 
4.32876128e-02 -3.99849461 -3.98660311 -3.95062370 -3.88073023 -3.78130881 
3.51119173e-02 -3.99849461 -3.98660311 -3.95062370 -3.88073023 -3.78130881 
2.84803587e-02 -3.99849461 -3.98660311 -3.95062370 -3.88073023 -3.78130881 
2.31012970e-02 -3.99849461 -3.98660311 -3.95062370 -3.88073023 -3.78130881 
1.87381742e-02 -3.99849461 -3.98660311 -3.95062370 -3.88073023 -3.78130881 
1.51991108e-02 -3.99849461 -3.98660311 -3.95062370 -3.88073023 -3.78130881 
1.23284674e-02 -3.99849461 -3.98660311 -3.95062370 -3.88073023 -3.78130881 
1.00000000e-02 -3.99849461 -3.98660311 -3.95062370 -3.88073023 -3.78130881 
8.11130831e-03 -3.99849461 -3.98660311 -3.95062370 -3.88073023 -3.78130881 
6.57933225e-03 -3.99849461 -3.98660311 -3.95062370 -3.88073023 -3.78130881 
5.33669923e-03 -3.99849461 -3.98660311 -3.95062370 -3.88073023 -3.78130881 
4.32876128e-03 -3.99849461 -3.98660311 -3.95062370 -3.88073023 -3.78130881 
3.51119173e-03 -3.99849461 -3.98660311 -3.95062370 -3.88073023 -3.78130881 
2.84803587e-03 -3.99849461 -3.98660311 -3.95062370 -3.88073023 -3.78130881 
2.31012970e-03 -3.99849461 -3.98660311 -3.95062370 -3.88073023 -3.78130881 
1.87381742e-03 -3.99849461 -3.98660311 -3.95062370 -3.88073023 -3.78130881 
1.51991108e-03 -3.99849461 -3.98660311 -3.95062370 -3.88073023 -3.78130881 
1.23284674e-03 -3.99849461 -3.98660311 -3.95062370 -3.88073023 -3.78130881 
1.00000000e-03 -3.99849461 -3.98660311 -3.95062370 -3.88073023 -3.78130881 
8.11130831e-04 -3.99849461 -3.98660311 -3.95062370 -3.88073023 -3.78130881 
6.57933225e-04 -3.99849461 -3.98660311 -3.95062370 -3.88073023 -3.78130881 
5.33669923e-04 -3.99849461 -3.98660311 -3.95062370 -3.88073023 -3.78130881 
4.32876128e-04 -3.99849461 -3.98660311 -3.95062370 -3.88073023 -3.78130881 
3.51119173e-04 -3.99849461 -3.98660311 -3.95062370 -3.88073023 -3.78130881 
2.84803587e-04 -3.99849461 -3.98660311 -3.95062370 -3.88073023 -3.78130881 
2.31012970e-04 -3.99849461 -3.98660311 -3.95062370 -3.88073023 -3.78130881 
1.87381742e-04 -3.99849461 -3.98660311 -3.95062370 -3.88073023 -3.78130881 
1.51991108e-04 -3.99849461 -3.98660311 -3.95062370 -3.88073023 -3.78130881 
1.23284674e-04 -3.99849461 -3.98660311 -3.95062370 -3.88073023 -3.78130881 
1.00000000e-04 -3.99849461 -3.98660311 -3.95062370 -3.88073023 -3.78130881 
8.11130831e-05 -3.99849461 -3.98660311 -3.95062370 -3.88073023 -3.78130881 
6.57933225e-05 -3.99849461 -3.98660311 -3.95062370 -3.88073023 -3.78130881 
5.33669923e-05 -3.99849461 -3.98660311 -3.95062370 -3.88073023 -3.78130881 
4.32876128e-05 -3.99849461 -3.98660311 -3.95062370 -3.88073023 -3.78130881 
3.51119173e-05 -3.99849461 -3.98660311 -3.95062370 -3.88073023 -3.78130881 
2.84803587e-05 -3.99849461 -3.98660311 -3.95062370 -3.88073023 -3.78130881 
2.31012970e-05 -3.99849461 -3.98660311 -3.95062370 -3.88073023 -3.78130881 
1.87381742e-05 -3.99849461 -3.98660311 -3.95062370 -3.88073023 -3.78130881 
1.51991108e-05 -3.99849461 -3.98660311 -3.95062370 -3.88073023 -3.78130881 
1.23284674e-05 -3.99849461 -3.98660311 -3.95062370 -3.88073023 -3.78130881 
1.00000000e-05 -3.99849461 -3.98660311 -3.95062370 -3.88073023 -3.78130881 
8.11130831e-06 -3.99849461 -3.98660311 -3.95062370 -3.88073023 -3.78130881 
6.57933225e-06 -3.99849461 -3.98660311 -3.95062370 -3.88073023 -3.78130881 
5.33669923e-06 -3.99849461 -3.98660311 -3.95062370 -3.88073023 -3.78130881 
4.32876128e-06 -3.99849461 -3.98660311 -3.95062370 -3.88073023 -3.78130881 
3.51119173e-06 -3.99849461 -3.98660311 -3.95062370 -3.88073023 -3.78130881 
2.84803587e-06 -3.99849461 -3.98660311 -3.95062370 -3.88073023 -3.78130881 
2.31012970e-06 -3.99849461 -3.98660311 -3.95062370 -3.88073023 -3.78130881 
1.87381742e-06 -3.99849461 -3.98660311 -3.95062370 -3.88073023 -3.78130881 
1.51991108e-06 -3.99849461 -3.98660311 -3.95062370 -3.88073023 -3.78130881 
1.23284674e-06 -3.99849461 -3.98660311 -3.95062370 -3.88073023 -3.78130881 
1.00000000e-06 -3.99849461 -3.98660311 -3.95062370 -3.88073023 -3.78130881 
8.11130831e-07 -3.99849461 -3.98660311 -3.95062370 -3.88073023 -3.78130881 
6.57933225e-07 -3.99849461 -3.98660311 -3.95062370 -3.88073023 -3.78130881 
5.33669923e-07 -3.99849461 -3.98660311 -3.95062370 -3.88073023 -3.78130881 
4.32876128e-07 -3.99849461 -3.98660311 -3.95062370 -3.88073023 -3.78130881 
3.51119173e-07 -3.99849461 -3.98660311 -3.95062370 -3.88073023 -3.78130881 
2.84803587e-07 -3.99849461 -3.98660311 -3.95062370 -3.88073023 -3.78130881 
2.31012970e-07 -3.99849461 -3.98660311 -3.95062370 -3.88073023 -3.78130881 
1.87381742e-07 -3.99849461 -3.98660311 -3.95062370 -3.88073023 -3.78130881 
1.51991108e-07 -3.99849461 -3.98660311 -3.95062370 -3.88073023 -3.78130881 
1.23284674e-07 -3.99849461 -3.98660311 -3.95062370 -3.88073023 -3.78130881 
1.00000000e-07 -3.99849461 -3.98660311 -3.95062370 -3.88073023 -3.78130881 
P (bar) | log_H2S: -2σ | log_H2S: -1σ | log_H2S: median | log_H2S: +1σ | log_H2S: +2σ 
1.00000000e+02 -5.48410553 -5.38651006 -5.15698963 -4.84467320 -4.49488307 
8.11130831e+01 -5.48410553 -5.38651006 -5.15698963 -4.84467320 -4.49488307 
6.57933225e+01 -5.48410553 -5.38651006 -5.15698963 -4.84467320 -4.49488307 
5.33669923e+01 -5.48410553 -5.38651006 -5.15698963 -4.84467320 -4.49488307 
4.32876128e+01 -5.48410553 -5.38651006 -5.15698963 -4.84467320 -4.49488307 
3.51119173e+01 -5.48410553 -5.38651006 -5.15698963 -4.84467320 -4.49488307 
2.84803587e+01 -5.48410553 -5.38651006 -5.15698963 -4.84467320 -4.49488307 
2.31012970e+01 -5.48410553 -5.38651006 -5.15698963 -4.84467320 -4.49488307 
1.87381742e+01 -5.48410553 -5.38651006 -5.15698963 -4.84467320 -4.49488307 
1.51991108e+01 -5.48410553 -5.38651006 -5.15698963 -4.84467320 -4.49488307 
1.23284674e+01 -5.48410553 -5.38651006 -5.15698963 -4.84467320 -4.49488307 
1.00000000e+01 -5.48410553 -5.38651006 -5.15698963 -4.84467320 -4.49488307 
8.11130831e+00 -5.48410553 -5.38651006 -5.15698963 -4.84467320 -4.49488307 
6.57933225e+00 -5.48410553 -5.38651006 -5.15698963 -4.84467320 -4.49488307 
5.33669923e+00 -5.48410553 -5.38651006 -5.15698963 -4.84467320 -4.49488307 
4.32876128e+00 -5.48410553 -5.38651006 -5.15698963 -4.84467320 -4.49488307 
3.51119173e+00 -5.48410553 -5.38651006 -5.15698963 -4.84467320 -4.49488307 
2.84803587e+00 -5.48410553 -5.38651006 -5.15698963 -4.84467320 -4.49488307 
2.31012970e+00 -5.48410553 -5.38651006 -5.15698963 -4.84467320 -4.49488307 
1.87381742e+00 -5.48410553 -5.38651006 -5.15698963 -4.84467320 -4.49488307 
1.51991108e+00 -5.48410553 -5.38651006 -5.15698963 -4.84467320 -4.49488307 
1.23284674e+00 -5.48410553 -5.38651006 -5.15698963 -4.84467320 -4.49488307 
1.00000000e+00 -5.48410553 -5.38651006 -5.15698963 -4.84467320 -4.49488307 
8.11130831e-01 -5.48410553 -5.38651006 -5.15698963 -4.84467320 -4.49488307 
6.57933225e-01 -5.48410553 -5.38651006 -5.15698963 -4.84467320 -4.49488307 
5.33669923e-01 -5.48410553 -5.38651006 -5.15698963 -4.84467320 -4.49488307 
4.32876128e-01 -5.48410553 -5.38651006 -5.15698963 -4.84467320 -4.49488307 
3.51119173e-01 -5.48410553 -5.38651006 -5.15698963 -4.84467320 -4.49488307 
2.84803587e-01 -5.48410553 -5.38651006 -5.15698963 -4.84467320 -4.49488307 
2.31012970e-01 -5.48410553 -5.38651006 -5.15698963 -4.84467320 -4.49488307 
1.87381742e-01 -5.48410553 -5.38651006 -5.15698963 -4.84467320 -4.49488307 
1.51991108e-01 -5.48410553 -5.38651006 -5.15698963 -4.84467320 -4.49488307 
1.23284674e-01 -5.48410553 -5.38651006 -5.15698963 -4.84467320 -4.49488307 
1.00000000e-01 -5.48410553 -5.38651006 -5.15698963 -4.84467320 -4.49488307 
8.11130831e-02 -5.48410553 -5.38651006 -5.15698963 -4.84467320 -4.49488307 
6.57933225e-02 -5.48410553 -5.38651006 -5.15698963 -4.84467320 -4.49488307 
5.33669923e-02 -5.48410553 -5.38651006 -5.15698963 -4.84467320 -4.49488307 
4.32876128e-02 -5.48410553 -5.38651006 -5.15698963 -4.84467320 -4.49488307 
3.51119173e-02 -5.48410553 -5.38651006 -5.15698963 -4.84467320 -4.49488307 
2.84803587e-02 -5.48410553 -5.38651006 -5.15698963 -4.84467320 -4.49488307 
2.31012970e-02 -5.48410553 -5.38651006 -5.15698963 -4.84467320 -4.49488307 
1.87381742e-02 -5.48410553 -5.38651006 -5.15698963 -4.84467320 -4.49488307 
1.51991108e-02 -5.48410553 -5.38651006 -5.15698963 -4.84467320 -4.49488307 
1.23284674e-02 -5.48410553 -5.38651006 -5.15698963 -4.84467320 -4.49488307 
1.00000000e-02 -5.48410553 -5.38651006 -5.15698963 -4.84467320 -4.49488307 
8.11130831e-03 -5.48410553 -5.38651006 -5.15698963 -4.84467320 -4.49488307 
6.57933225e-03 -5.48410553 -5.38651006 -5.15698963 -4.84467320 -4.49488307 
5.33669923e-03 -5.48410553 -5.38651006 -5.15698963 -4.84467320 -4.49488307 
4.32876128e-03 -5.48410553 -5.38651006 -5.15698963 -4.84467320 -4.49488307 
3.51119173e-03 -5.48410553 -5.38651006 -5.15698963 -4.84467320 -4.49488307 
2.84803587e-03 -5.48410553 -5.38651006 -5.15698963 -4.84467320 -4.49488307 
2.31012970e-03 -5.48410553 -5.38651006 -5.15698963 -4.84467320 -4.49488307 
1.87381742e-03 -5.48410553 -5.38651006 -5.15698963 -4.84467320 -4.49488307 
1.51991108e-03 -5.48410553 -5.38651006 -5.15698963 -4.84467320 -4.49488307 
1.23284674e-03 -5.48410553 -5.38651006 -5.15698963 -4.84467320 -4.49488307 
1.00000000e-03 -5.48410553 -5.38651006 -5.15698963 -4.84467320 -4.49488307 
8.11130831e-04 -5.48410553 -5.38651006 -5.15698963 -4.84467320 -4.49488307 
6.57933225e-04 -5.48410553 -5.38651006 -5.15698963 -4.84467320 -4.49488307 
5.33669923e-04 -5.48410553 -5.38651006 -5.15698963 -4.84467320 -4.49488307 
4.32876128e-04 -5.48410553 -5.38651006 -5.15698963 -4.84467320 -4.49488307 
3.51119173e-04 -5.48410553 -5.38651006 -5.15698963 -4.84467320 -4.49488307 
2.84803587e-04 -5.48410553 -5.38651006 -5.15698963 -4.84467320 -4.49488307 
2.31012970e-04 -5.48410553 -5.38651006 -5.15698963 -4.84467320 -4.49488307 
1.87381742e-04 -5.48410553 -5.38651006 -5.15698963 -4.84467320 -4.49488307 
1.51991108e-04 -5.48410553 -5.38651006 -5.15698963 -4.84467320 -4.49488307 
1.23284674e-04 -5.48410553 -5.38651006 -5.15698963 -4.84467320 -4.49488307 
1.00000000e-04 -5.48410553 -5.38651006 -5.15698963 -4.84467320 -4.49488307 
8.11130831e-05 -5.48410553 -5.38651006 -5.15698963 -4.84467320 -4.49488307 
6.57933225e-05 -5.48410553 -5.38651006 -5.15698963 -4.84467320 -4.49488307 
5.33669923e-05 -5.48410553 -5.38651006 -5.15698963 -4.84467320 -4.49488307 
4.32876128e-05 -5.48410553 -5.38651006 -5.15698963 -4.84467320 -4.49488307 
3.51119173e-05 -5.48410553 -5.38651006 -5.15698963 -4.84467320 -4.49488307 
2.84803587e-05 -5.48410553 -5.38651006 -5.15698963 -4.84467320 -4.49488307 
2.31012970e-05 -5.48410553 -5.38651006 -5.15698963 -4.84467320 -4.49488307 
1.87381742e-05 -5.48410553 -5.38651006 -5.15698963 -4.84467320 -4.49488307 
1.51991108e-05 -5.48410553 -5.38651006 -5.15698963 -4.84467320 -4.49488307 
1.23284674e-05 -5.48410553 -5.38651006 -5.15698963 -4.84467320 -4.49488307 
1.00000000e-05 -5.48410553 -5.38651006 -5.15698963 -4.84467320 -4.49488307 
8.11130831e-06 -5.48410553 -5.38651006 -5.15698963 -4.84467320 -4.49488307 
6.57933225e-06 -5.48410553 -5.38651006 -5.15698963 -4.84467320 -4.49488307 
5.33669923e-06 -5.48410553 -5.38651006 -5.15698963 -4.84467320 -4.49488307 
4.32876128e-06 -5.48410553 -5.38651006 -5.15698963 -4.84467320 -4.49488307 
3.51119173e-06 -5.48410553 -5.38651006 -5.15698963 -4.84467320 -4.49488307 
2.84803587e-06 -5.48410553 -5.38651006 -5.15698963 -4.84467320 -4.49488307 
2.31012970e-06 -5.48410553 -5.38651006 -5.15698963 -4.84467320 -4.49488307 
1.87381742e-06 -5.48410553 -5.38651006 -5.15698963 -4.84467320 -4.49488307 
1.51991108e-06 -5.48410553 -5.38651006 -5.15698963 -4.84467320 -4.49488307 
1.23284674e-06 -5.48410553 -5.38651006 -5.15698963 -4.84467320 -4.49488307 
1.00000000e-06 -5.48410553 -5.38651006 -5.15698963 -4.84467320 -4.49488307 
8.11130831e-07 -5.48410553 -5.38651006 -5.15698963 -4.84467320 -4.49488307 
6.57933225e-07 -5.48410553 -5.38651006 -5.15698963 -4.84467320 -4.49488307 
5.33669923e-07 -5.48410553 -5.38651006 -5.15698963 -4.84467320 -4.49488307 
4.32876128e-07 -5.48410553 -5.38651006 -5.15698963 -4.84467320 -4.49488307 
3.51119173e-07 -5.48410553 -5.38651006 -5.15698963 -4.84467320 -4.49488307 
2.84803587e-07 -5.48410553 -5.38651006 -5.15698963 -4.84467320 -4.49488307 
2.31012970e-07 -5.48410553 -5.38651006 -5.15698963 -4.84467320 -4.49488307 
1.87381742e-07 -5.48410553 -5.38651006 -5.15698963 -4.84467320 -4.49488307 
1.51991108e-07 -5.48410553 -5.38651006 -5.15698963 -4.84467320 -4.49488307 
1.23284674e-07 -5.48410553 -5.38651006 -5.15698963 -4.84467320 -4.49488307 
1.00000000e-07 -5.48410553 -5.38651006 -5.15698963 -4.84467320 -4.49488307 
P (bar) | log_NH3: -2σ | log_NH3: -1σ | log_NH3: median | log_NH3: +1σ | log_NH3: +2σ 
1.00000000e+02 -5.07088056 -5.03550412 -5.01437138 -5.00369796 -5.00046166 
8.11130831e+01 -5.07088056 -5.03550412 -5.01437138 -5.00369796 -5.00046166 
6.57933225e+01 -5.07088056 -5.03550412 -5.01437138 -5.00369796 -5.00046166 
5.33669923e+01 -5.07088056 -5.03550412 -5.01437138 -5.00369796 -5.00046166 
4.32876128e+01 -5.07088056 -5.03550412 -5.01437138 -5.00369796 -5.00046166 
3.51119173e+01 -5.07088056 -5.03550412 -5.01437138 -5.00369796 -5.00046166 
2.84803587e+01 -5.07088056 -5.03550412 -5.01437138 -5.00369796 -5.00046166 
2.31012970e+01 -5.07088056 -5.03550412 -5.01437138 -5.00369796 -5.00046166 
1.87381742e+01 -5.07088056 -5.03550412 -5.01437138 -5.00369796 -5.00046166 
1.51991108e+01 -5.07088056 -5.03550412 -5.01437138 -5.00369796 -5.00046166 
1.23284674e+01 -5.07088056 -5.03550412 -5.01437138 -5.00369796 -5.00046166 
1.00000000e+01 -5.07088056 -5.03550412 -5.01437138 -5.00369796 -5.00046166 
8.11130831e+00 -5.07088056 -5.03550412 -5.01437138 -5.00369796 -5.00046166 
6.57933225e+00 -5.07088056 -5.03550412 -5.01437138 -5.00369796 -5.00046166 
5.33669923e+00 -5.07088056 -5.03550412 -5.01437138 -5.00369796 -5.00046166 
4.32876128e+00 -5.07088056 -5.03550412 -5.01437138 -5.00369796 -5.00046166 
3.51119173e+00 -5.07088056 -5.03550412 -5.01437138 -5.00369796 -5.00046166 
2.84803587e+00 -5.07088056 -5.03550412 -5.01437138 -5.00369796 -5.00046166 
2.31012970e+00 -5.07088056 -5.03550412 -5.01437138 -5.00369796 -5.00046166 
1.87381742e+00 -5.07088056 -5.03550412 -5.01437138 -5.00369796 -5.00046166 
1.51991108e+00 -5.07088056 -5.03550412 -5.01437138 -5.00369796 -5.00046166 
1.23284674e+00 -5.07088056 -5.03550412 -5.01437138 -5.00369796 -5.00046166 
1.00000000e+00 -5.07088056 -5.03550412 -5.01437138 -5.00369796 -5.00046166 
8.11130831e-01 -5.07088056 -5.03550412 -5.01437138 -5.00369796 -5.00046166 
6.57933225e-01 -5.07088056 -5.03550412 -5.01437138 -5.00369796 -5.00046166 
5.33669923e-01 -5.07088056 -5.03550412 -5.01437138 -5.00369796 -5.00046166 
4.32876128e-01 -5.07088056 -5.03550412 -5.01437138 -5.00369796 -5.00046166 
3.51119173e-01 -5.07088056 -5.03550412 -5.01437138 -5.00369796 -5.00046166 
2.84803587e-01 -5.07088056 -5.03550412 -5.01437138 -5.00369796 -5.00046166 
2.31012970e-01 -5.07088056 -5.03550412 -5.01437138 -5.00369796 -5.00046166 
1.87381742e-01 -5.07088056 -5.03550412 -5.01437138 -5.00369796 -5.00046166 
1.51991108e-01 -5.07088056 -5.03550412 -5.01437138 -5.00369796 -5.00046166 
1.23284674e-01 -5.07088056 -5.03550412 -5.01437138 -5.00369796 -5.00046166 
1.00000000e-01 -5.07088056 -5.03550412 -5.01437138 -5.00369796 -5.00046166 
8.11130831e-02 -5.07088056 -5.03550412 -5.01437138 -5.00369796 -5.00046166 
6.57933225e-02 -5.07088056 -5.03550412 -5.01437138 -5.00369796 -5.00046166 
5.33669923e-02 -5.07088056 -5.03550412 -5.01437138 -5.00369796 -5.00046166 
4.32876128e-02 -5.07088056 -5.03550412 -5.01437138 -5.00369796 -5.00046166 
3.51119173e-02 -5.07088056 -5.03550412 -5.01437138 -5.00369796 -5.00046166 
2.84803587e-02 -5.07088056 -5.03550412 -5.01437138 -5.00369796 -5.00046166 
2.31012970e-02 -5.07088056 -5.03550412 -5.01437138 -5.00369796 -5.00046166 
1.87381742e-02 -5.07088056 -5.03550412 -5.01437138 -5.00369796 -5.00046166 
1.51991108e-02 -5.07088056 -5.03550412 -5.01437138 -5.00369796 -5.00046166 
1.23284674e-02 -5.07088056 -5.03550412 -5.01437138 -5.00369796 -5.00046166 
1.00000000e-02 -5.07088056 -5.03550412 -5.01437138 -5.00369796 -5.00046166 
8.11130831e-03 -5.07088056 -5.03550412 -5.01437138 -5.00369796 -5.00046166 
6.57933225e-03 -5.07088056 -5.03550412 -5.01437138 -5.00369796 -5.00046166 
5.33669923e-03 -5.07088056 -5.03550412 -5.01437138 -5.00369796 -5.00046166 
4.32876128e-03 -5.07088056 -5.03550412 -5.01437138 -5.00369796 -5.00046166 
3.51119173e-03 -5.07088056 -5.03550412 -5.01437138 -5.00369796 -5.00046166 
2.84803587e-03 -5.07088056 -5.03550412 -5.01437138 -5.00369796 -5.00046166 
2.31012970e-03 -5.07088056 -5.03550412 -5.01437138 -5.00369796 -5.00046166 
1.87381742e-03 -5.07088056 -5.03550412 -5.01437138 -5.00369796 -5.00046166 
1.51991108e-03 -5.07088056 -5.03550412 -5.01437138 -5.00369796 -5.00046166 
1.23284674e-03 -5.07088056 -5.03550412 -5.01437138 -5.00369796 -5.00046166 
1.00000000e-03 -5.07088056 -5.03550412 -5.01437138 -5.00369796 -5.00046166 
8.11130831e-04 -5.07088056 -5.03550412 -5.01437138 -5.00369796 -5.00046166 
6.57933225e-04 -5.07088056 -5.03550412 -5.01437138 -5.00369796 -5.00046166 
5.33669923e-04 -5.07088056 -5.03550412 -5.01437138 -5.00369796 -5.00046166 
4.32876128e-04 -5.07088056 -5.03550412 -5.01437138 -5.00369796 -5.00046166 
3.51119173e-04 -5.07088056 -5.03550412 -5.01437138 -5.00369796 -5.00046166 
2.84803587e-04 -5.07088056 -5.03550412 -5.01437138 -5.00369796 -5.00046166 
2.31012970e-04 -5.07088056 -5.03550412 -5.01437138 -5.00369796 -5.00046166 
1.87381742e-04 -5.07088056 -5.03550412 -5.01437138 -5.00369796 -5.00046166 
1.51991108e-04 -5.07088056 -5.03550412 -5.01437138 -5.00369796 -5.00046166 
1.23284674e-04 -5.07088056 -5.03550412 -5.01437138 -5.00369796 -5.00046166 
1.00000000e-04 -5.07088056 -5.03550412 -5.01437138 -5.00369796 -5.00046166 
8.11130831e-05 -5.07088056 -5.03550412 -5.01437138 -5.00369796 -5.00046166 
6.57933225e-05 -5.07088056 -5.03550412 -5.01437138 -5.00369796 -5.00046166 
5.33669923e-05 -5.07088056 -5.03550412 -5.01437138 -5.00369796 -5.00046166 
4.32876128e-05 -5.07088056 -5.03550412 -5.01437138 -5.00369796 -5.00046166 
3.51119173e-05 -5.07088056 -5.03550412 -5.01437138 -5.00369796 -5.00046166 
2.84803587e-05 -5.07088056 -5.03550412 -5.01437138 -5.00369796 -5.00046166 
2.31012970e-05 -5.07088056 -5.03550412 -5.01437138 -5.00369796 -5.00046166 
1.87381742e-05 -5.07088056 -5.03550412 -5.01437138 -5.00369796 -5.00046166 
1.51991108e-05 -5.07088056 -5.03550412 -5.01437138 -5.00369796 -5.00046166 
1.23284674e-05 -5.07088056 -5.03550412 -5.01437138 -5.00369796 -5.00046166 
1.00000000e-05 -5.07088056 -5.03550412 -5.01437138 -5.00369796 -5.00046166 
8.11130831e-06 -5.07088056 -5.03550412 -5.01437138 -5.00369796 -5.00046166 
6.57933225e-06 -5.07088056 -5.03550412 -5.01437138 -5.00369796 -5.00046166 
5.33669923e-06 -5.07088056 -5.03550412 -5.01437138 -5.00369796 -5.00046166 
4.32876128e-06 -5.07088056 -5.03550412 -5.01437138 -5.00369796 -5.00046166 
3.51119173e-06 -5.07088056 -5.03550412 -5.01437138 -5.00369796 -5.00046166 
2.84803587e-06 -5.07088056 -5.03550412 -5.01437138 -5.00369796 -5.00046166 
2.31012970e-06 -5.07088056 -5.03550412 -5.01437138 -5.00369796 -5.00046166 
1.87381742e-06 -5.07088056 -5.03550412 -5.01437138 -5.00369796 -5.00046166 
1.51991108e-06 -5.07088056 -5.03550412 -5.01437138 -5.00369796 -5.00046166 
1.23284674e-06 -5.07088056 -5.03550412 -5.01437138 -5.00369796 -5.00046166 
1.00000000e-06 -5.07088056 -5.03550412 -5.01437138 -5.00369796 -5.00046166 
8.11130831e-07 -5.07088056 -5.03550412 -5.01437138 -5.00369796 -5.00046166 
6.57933225e-07 -5.07088056 -5.03550412 -5.01437138 -5.00369796 -5.00046166 
5.33669923e-07 -5.07088056 -5.03550412 -5.01437138 -5.00369796 -5.00046166 
4.32876128e-07 -5.07088056 -5.03550412 -5.01437138 -5.00369796 -5.00046166 
3.51119173e-07 -5.07088056 -5.03550412 -5.01437138 -5.00369796 -5.00046166 
2.84803587e-07 -5.07088056 -5.03550412 -5.01437138 -5.00369796 -5.00046166 
2.31012970e-07 -5.07088056 -5.03550412 -5.01437138 -5.00369796 -5.00046166 
1.87381742e-07 -5.07088056 -5.03550412 -5.01437138 -5.00369796 -5.00046166 
1.51991108e-07 -5.07088056 -5.03550412 -5.01437138 -5.00369796 -5.00046166 
1.23284674e-07 -5.07088056 -5.03550412 -5.01437138 -5.00369796 -5.00046166 
1.00000000e-07 -5.07088056 -5.03550412 -5.01437138 -5.00369796 -5.00046166 
P (bar) | log_CH4: -2σ | log_CH4: -1σ | log_CH4: median | log_CH4: +1σ | log_CH4: +2σ 
1.00000000e+02 -5.73709757 -5.56014978 -5.39753109 -5.25135705 -5.12547553 
8.11130831e+01 -5.73709757 -5.56014978 -5.39753109 -5.25135705 -5.12547553 
6.57933225e+01 -5.73709757 -5.56014978 -5.39753109 -5.25135705 -5.12547553 
5.33669923e+01 -5.73709757 -5.56014978 -5.39753109 -5.25135705 -5.12547553 
4.32876128e+01 -5.73709757 -5.56014978 -5.39753109 -5.25135705 -5.12547553 
3.51119173e+01 -5.73709757 -5.56014978 -5.39753109 -5.25135705 -5.12547553 
2.84803587e+01 -5.73709757 -5.56014978 -5.39753109 -5.25135705 -5.12547553 
2.31012970e+01 -5.73709757 -5.56014978 -5.39753109 -5.25135705 -5.12547553 
1.87381742e+01 -5.73709757 -5.56014978 -5.39753109 -5.25135705 -5.12547553 
1.51991108e+01 -5.73709757 -5.56014978 -5.39753109 -5.25135705 -5.12547553 
1.23284674e+01 -5.73709757 -5.56014978 -5.39753109 -5.25135705 -5.12547553 
1.00000000e+01 -5.73709757 -5.56014978 -5.39753109 -5.25135705 -5.12547553 
8.11130831e+00 -5.73709757 -5.56014978 -5.39753109 -5.25135705 -5.12547553 
6.57933225e+00 -5.73709757 -5.56014978 -5.39753109 -5.25135705 -5.12547553 
5.33669923e+00 -5.73709757 -5.56014978 -5.39753109 -5.25135705 -5.12547553 
4.32876128e+00 -5.73709757 -5.56014978 -5.39753109 -5.25135705 -5.12547553 
3.51119173e+00 -5.73709757 -5.56014978 -5.39753109 -5.25135705 -5.12547553 
2.84803587e+00 -5.73709757 -5.56014978 -5.39753109 -5.25135705 -5.12547553 
2.31012970e+00 -5.73709757 -5.56014978 -5.39753109 -5.25135705 -5.12547553 
1.87381742e+00 -5.73709757 -5.56014978 -5.39753109 -5.25135705 -5.12547553 
1.51991108e+00 -5.73709757 -5.56014978 -5.39753109 -5.25135705 -5.12547553 
1.23284674e+00 -5.73709757 -5.56014978 -5.39753109 -5.25135705 -5.12547553 
1.00000000e+00 -5.73709757 -5.56014978 -5.39753109 -5.25135705 -5.12547553 
8.11130831e-01 -5.73709757 -5.56014978 -5.39753109 -5.25135705 -5.12547553 
6.57933225e-01 -5.73709757 -5.56014978 -5.39753109 -5.25135705 -5.12547553 
5.33669923e-01 -5.73709757 -5.56014978 -5.39753109 -5.25135705 -5.12547553 
4.32876128e-01 -5.73709757 -5.56014978 -5.39753109 -5.25135705 -5.12547553 
3.51119173e-01 -5.73709757 -5.56014978 -5.39753109 -5.25135705 -5.12547553 
2.84803587e-01 -5.73709757 -5.56014978 -5.39753109 -5.25135705 -5.12547553 
2.31012970e-01 -5.73709757 -5.56014978 -5.39753109 -5.25135705 -5.12547553 
1.87381742e-01 -5.73709757 -5.56014978 -5.39753109 -5.25135705 -5.12547553 
1.51991108e-01 -5.73709757 -5.56014978 -5.39753109 -5.25135705 -5.12547553 
1.23284674e-01 -5.73709757 -5.56014978 -5.39753109 -5.25135705 -5.12547553 
1.00000000e-01 -5.73709757 -5.56014978 -5.39753109 -5.25135705 -5.12547553 
8.11130831e-02 -5.73709757 -5.56014978 -5.39753109 -5.25135705 -5.12547553 
6.57933225e-02 -5.73709757 -5.56014978 -5.39753109 -5.25135705 -5.12547553 
5.33669923e-02 -5.73709757 -5.56014978 -5.39753109 -5.25135705 -5.12547553 
4.32876128e-02 -5.73709757 -5.56014978 -5.39753109 -5.25135705 -5.12547553 
3.51119173e-02 -5.73709757 -5.56014978 -5.39753109 -5.25135705 -5.12547553 
2.84803587e-02 -5.73709757 -5.56014978 -5.39753109 -5.25135705 -5.12547553 
2.31012970e-02 -5.73709757 -5.56014978 -5.39753109 -5.25135705 -5.12547553 
1.87381742e-02 -5.73709757 -5.56014978 -5.39753109 -5.25135705 -5.12547553 
1.51991108e-02 -5.73709757 -5.56014978 -5.39753109 -5.25135705 -5.12547553 
1.23284674e-02 -5.73709757 -5.56014978 -5.39753109 -5.25135705 -5.12547553 
1.00000000e-02 -5.73709757 -5.56014978 -5.39753109 -5.25135705 -5.12547553 
8.11130831e-03 -5.73709757 -5.56014978 -5.39753109 -5.25135705 -5.12547553 
6.57933225e-03 -5.73709757 -5.56014978 -5.39753109 -5.25135705 -5.12547553 
5.33669923e-03 -5.73709757 -5.56014978 -5.39753109 -5.25135705 -5.12547553 
4.32876128e-03 -5.73709757 -5.56014978 -5.39753109 -5.25135705 -5.12547553 
3.51119173e-03 -5.73709757 -5.56014978 -5.39753109 -5.25135705 -5.12547553 
2.84803587e-03 -5.73709757 -5.56014978 -5.39753109 -5.25135705 -5.12547553 
2.31012970e-03 -5.73709757 -5.56014978 -5.39753109 -5.25135705 -5.12547553 
1.87381742e-03 -5.73709757 -5.56014978 -5.39753109 -5.25135705 -5.12547553 
1.51991108e-03 -5.73709757 -5.56014978 -5.39753109 -5.25135705 -5.12547553 
1.23284674e-03 -5.73709757 -5.56014978 -5.39753109 -5.25135705 -5.12547553 
1.00000000e-03 -5.73709757 -5.56014978 -5.39753109 -5.25135705 -5.12547553 
8.11130831e-04 -5.73709757 -5.56014978 -5.39753109 -5.25135705 -5.12547553 
6.57933225e-04 -5.73709757 -5.56014978 -5.39753109 -5.25135705 -5.12547553 
5.33669923e-04 -5.73709757 -5.56014978 -5.39753109 -5.25135705 -5.12547553 
4.32876128e-04 -5.73709757 -5.56014978 -5.39753109 -5.25135705 -5.12547553 
3.51119173e-04 -5.73709757 -5.56014978 -5.39753109 -5.25135705 -5.12547553 
2.84803587e-04 -5.73709757 -5.56014978 -5.39753109 -5.25135705 -5.12547553 
2.31012970e-04 -5.73709757 -5.56014978 -5.39753109 -5.25135705 -5.12547553 
1.87381742e-04 -5.73709757 -5.56014978 -5.39753109 -5.25135705 -5.12547553 
1.51991108e-04 -5.73709757 -5.56014978 -5.39753109 -5.25135705 -5.12547553 
1.23284674e-04 -5.73709757 -5.56014978 -5.39753109 -5.25135705 -5.12547553 
1.00000000e-04 -5.73709757 -5.56014978 -5.39753109 -5.25135705 -5.12547553 
8.11130831e-05 -5.73709757 -5.56014978 -5.39753109 -5.25135705 -5.12547553 
6.57933225e-05 -5.73709757 -5.56014978 -5.39753109 -5.25135705 -5.12547553 
5.33669923e-05 -5.73709757 -5.56014978 -5.39753109 -5.25135705 -5.12547553 
4.32876128e-05 -5.73709757 -5.56014978 -5.39753109 -5.25135705 -5.12547553 
3.51119173e-05 -5.73709757 -5.56014978 -5.39753109 -5.25135705 -5.12547553 
2.84803587e-05 -5.73709757 -5.56014978 -5.39753109 -5.25135705 -5.12547553 
2.31012970e-05 -5.73709757 -5.56014978 -5.39753109 -5.25135705 -5.12547553 
1.87381742e-05 -5.73709757 -5.56014978 -5.39753109 -5.25135705 -5.12547553 
1.51991108e-05 -5.73709757 -5.56014978 -5.39753109 -5.25135705 -5.12547553 
1.23284674e-05 -5.73709757 -5.56014978 -5.39753109 -5.25135705 -5.12547553 
1.00000000e-05 -5.73709757 -5.56014978 -5.39753109 -5.25135705 -5.12547553 
8.11130831e-06 -5.73709757 -5.56014978 -5.39753109 -5.25135705 -5.12547553 
6.57933225e-06 -5.73709757 -5.56014978 -5.39753109 -5.25135705 -5.12547553 
5.33669923e-06 -5.73709757 -5.56014978 -5.39753109 -5.25135705 -5.12547553 
4.32876128e-06 -5.73709757 -5.56014978 -5.39753109 -5.25135705 -5.12547553 
3.51119173e-06 -5.73709757 -5.56014978 -5.39753109 -5.25135705 -5.12547553 
2.84803587e-06 -5.73709757 -5.56014978 -5.39753109 -5.25135705 -5.12547553 
2.31012970e-06 -5.73709757 -5.56014978 -5.39753109 -5.25135705 -5.12547553 
1.87381742e-06 -5.73709757 -5.56014978 -5.39753109 -5.25135705 -5.12547553 
1.51991108e-06 -5.73709757 -5.56014978 -5.39753109 -5.25135705 -5.12547553 
1.23284674e-06 -5.73709757 -5.56014978 -5.39753109 -5.25135705 -5.12547553 
1.00000000e-06 -5.73709757 -5.56014978 -5.39753109 -5.25135705 -5.12547553 
8.11130831e-07 -5.73709757 -5.56014978 -5.39753109 -5.25135705 -5.12547553 
6.57933225e-07 -5.73709757 -5.56014978 -5.39753109 -5.25135705 -5.12547553 
5.33669923e-07 -5.73709757 -5.56014978 -5.39753109 -5.25135705 -5.12547553 
4.32876128e-07 -5.73709757 -5.56014978 -5.39753109 -5.25135705 -5.12547553 
3.51119173e-07 -5.73709757 -5.56014978 -5.39753109 -5.25135705 -5.12547553 
2.84803587e-07 -5.73709757 -5.56014978 -5.39753109 -5.25135705 -5.12547553 
2.31012970e-07 -5.73709757 -5.56014978 -5.39753109 -5.25135705 -5.12547553 
1.87381742e-07 -5.73709757 -5.56014978 -5.39753109 -5.25135705 -5.12547553 
1.51991108e-07 -5.73709757 -5.56014978 -5.39753109 -5.25135705 -5.12547553 
1.23284674e-07 -5.73709757 -5.56014978 -5.39753109 -5.25135705 -5.12547553 
1.00000000e-07 -5.73709757 -5.56014978 -5.39753109 -5.25135705 -5.12547553 
