Chemical species: H2 He H2O CO2 SO2 CO H2S NH3 CH4
P (bar) | log_H2: -2σ | log_H2: -1σ | log_H2: median | log_H2: +1σ | log_H2: +2σ 
1.00000000e+02 -0.12926325 -0.11530617 -0.11473621 -0.11412173 -0.11306784 
8.11130831e+01 -0.12926325 -0.11530617 -0.11473621 -0.11412173 -0.11306784 
6.57933225e+01 -0.12926325 -0.11530617 -0.11473621 -0.11412173 -0.11306784 
5.33669923e+01 -0.12926325 -0.11530617 -0.11473621 -0.11412173 -0.11306784 
4.32876128e+01 -0.12926325 -0.11530617 -0.11473621 -0.11412173 -0.11306784 
3.51119173e+01 -0.12926325 -0.11530617 -0.11473621 -0.11412173 -0.11306784 
2.84803587e+01 -0.12926325 -0.11530617 -0.11473621 -0.11412173 -0.11306784 
2.31012970e+01 -0.12926325 -0.11530617 -0.11473621 -0.11412173 -0.11306784 
1.87381742e+01 -0.12926325 -0.11530617 -0.11473621 -0.11412173 -0.11306784 
1.51991108e+01 -0.12926325 -0.11530617 -0.11473621 -0.11412173 -0.11306784 
1.23284674e+01 -0.12926325 -0.11530617 -0.11473621 -0.11412173 -0.11306784 
1.00000000e+01 -0.12926325 -0.11530617 -0.11473621 -0.11412173 -0.11306784 
8.11130831e+00 -0.12926325 -0.11530617 -0.11473621 -0.11412173 -0.11306784 
6.57933225e+00 -0.12926325 -0.11530617 -0.11473621 -0.11412173 -0.11306784 
5.33669923e+00 -0.12926325 -0.11530617 -0.11473621 -0.11412173 -0.11306784 
4.32876128e+00 -0.12926325 -0.11530617 -0.11473621 -0.11412173 -0.11306784 
3.51119173e+00 -0.12926325 -0.11530617 -0.11473621 -0.11412173 -0.11306784 
2.84803587e+00 -0.12926325 -0.11530617 -0.11473621 -0.11412173 -0.11306784 
2.31012970e+00 -0.12926325 -0.11530617 -0.11473621 -0.11412173 -0.11306784 
1.87381742e+00 -0.12926325 -0.11530617 -0.11473621 -0.11412173 -0.11306784 
1.51991108e+00 -0.12926325 -0.11530617 -0.11473621 -0.11412173 -0.11306784 
1.23284674e+00 -0.12926325 -0.11530617 -0.11473621 -0.11412173 -0.11306784 
1.00000000e+00 -0.12926325 -0.11530617 -0.11473621 -0.11412173 -0.11306784 
8.11130831e-01 -0.12926325 -0.11530617 -0.11473621 -0.11412173 -0.11306784 
6.57933225e-01 -0.12926325 -0.11530617 -0.11473621 -0.11412173 -0.11306784 
5.33669923e-01 -0.12926325 -0.11530617 -0.11473621 -0.11412173 -0.11306784 
4.32876128e-01 -0.12926325 -0.11530617 -0.11473621 -0.11412173 -0.11306784 
3.51119173e-01 -0.12926325 -0.11530617 -0.11473621 -0.11412173 -0.11306784 
2.84803587e-01 -0.12926325 -0.11530617 -0.11473621 -0.11412173 -0.11306784 
2.31012970e-01 -0.12926325 -0.11530617 -0.11473621 -0.11412173 -0.11306784 
1.87381742e-01 -0.12926325 -0.11530617 -0.11473621 -0.11412173 -0.11306784 
1.51991108e-01 -0.12926325 -0.11530617 -0.11473621 -0.11412173 -0.11306784 
1.23284674e-01 -0.12926325 -0.11530617 -0.11473621 -0.11412173 -0.11306784 
1.00000000e-01 -0.12926325 -0.11530617 -0.11473621 -0.11412173 -0.11306784 
8.11130831e-02 -0.12926325 -0.11530617 -0.11473621 -0.11412173 -0.11306784 
6.57933225e-02 -0.12926325 -0.11530617 -0.11473621 -0.11412173 -0.11306784 
5.33669923e-02 -0.12926325 -0.11530617 -0.11473621 -0.11412173 -0.11306784 
4.32876128e-02 -0.12926325 -0.11530617 -0.11473621 -0.11412173 -0.11306784 
3.51119173e-02 -0.12926325 -0.11530617 -0.11473621 -0.11412173 -0.11306784 
2.84803587e-02 -0.12926325 -0.11530617 -0.11473621 -0.11412173 -0.11306784 
2.31012970e-02 -0.12926325 -0.11530617 -0.11473621 -0.11412173 -0.11306784 
1.87381742e-02 -0.12926325 -0.11530617 -0.11473621 -0.11412173 -0.11306784 
1.51991108e-02 -0.12926325 -0.11530617 -0.11473621 -0.11412173 -0.11306784 
1.23284674e-02 -0.12926325 -0.11530617 -0.11473621 -0.11412173 -0.11306784 
1.00000000e-02 -0.12926325 -0.11530617 -0.11473621 -0.11412173 -0.11306784 
8.11130831e-03 -0.12926325 -0.11530617 -0.11473621 -0.11412173 -0.11306784 
6.57933225e-03 -0.12926325 -0.11530617 -0.11473621 -0.11412173 -0.11306784 
5.33669923e-03 -0.12926325 -0.11530617 -0.11473621 -0.11412173 -0.11306784 
4.32876128e-03 -0.12926325 -0.11530617 -0.11473621 -0.11412173 -0.11306784 
3.51119173e-03 -0.12926325 -0.11530617 -0.11473621 -0.11412173 -0.11306784 
2.84803587e-03 -0.12926325 -0.11530617 -0.11473621 -0.11412173 -0.11306784 
2.31012970e-03 -0.12926325 -0.11530617 -0.11473621 -0.11412173 -0.11306784 
1.87381742e-03 -0.12926325 -0.11530617 -0.11473621 -0.11412173 -0.11306784 
1.51991108e-03 -0.12926325 -0.11530617 -0.11473621 -0.11412173 -0.11306784 
1.23284674e-03 -0.12926325 -0.11530617 -0.11473621 -0.11412173 -0.11306784 
1.00000000e-03 -0.12926325 -0.11530617 -0.11473621 -0.11412173 -0.11306784 
8.11130831e-04 -0.12926325 -0.11530617 -0.11473621 -0.11412173 -0.11306784 
6.57933225e-04 -0.12926325 -0.11530617 -0.11473621 -0.11412173 -0.11306784 
5.33669923e-04 -0.12926325 -0.11530617 -0.11473621 -0.11412173 -0.11306784 
4.32876128e-04 -0.12926325 -0.11530617 -0.11473621 -0.11412173 -0.11306784 
3.51119173e-04 -0.12926325 -0.11530617 -0.11473621 -0.11412173 -0.11306784 
2.84803587e-04 -0.12926325 -0.11530617 -0.11473621 -0.11412173 -0.11306784 
2.31012970e-04 -0.12926325 -0.11530617 -0.11473621 -0.11412173 -0.11306784 
1.87381742e-04 -0.12926325 -0.11530617 -0.11473621 -0.11412173 -0.11306784 
1.51991108e-04 -0.12926325 -0.11530617 -0.11473621 -0.11412173 -0.11306784 
1.23284674e-04 -0.12926325 -0.11530617 -0.11473621 -0.11412173 -0.11306784 
1.00000000e-04 -0.12926325 -0.11530617 -0.11473621 -0.11412173 -0.11306784 
8.11130831e-05 -0.12926325 -0.11530617 -0.11473621 -0.11412173 -0.11306784 
6.57933225e-05 -0.12926325 -0.11530617 -0.11473621 -0.11412173 -0.11306784 
5.33669923e-05 -0.12926325 -0.11530617 -0.11473621 -0.11412173 -0.11306784 
4.32876128e-05 -0.12926325 -0.11530617 -0.11473621 -0.11412173 -0.11306784 
3.51119173e-05 -0.12926325 -0.11530617 -0.11473621 -0.11412173 -0.11306784 
2.84803587e-05 -0.12926325 -0.11530617 -0.11473621 -0.11412173 -0.11306784 
2.31012970e-05 -0.12926325 -0.11530617 -0.11473621 -0.11412173 -0.11306784 
1.87381742e-05 -0.12926325 -0.11530617 -0.11473621 -0.11412173 -0.11306784 
1.51991108e-05 -0.12926325 -0.11530617 -0.11473621 -0.11412173 -0.11306784 
1.23284674e-05 -0.12926325 -0.11530617 -0.11473621 -0.11412173 -0.11306784 
1.00000000e-05 -0.12926325 -0.11530617 -0.11473621 -0.11412173 -0.11306784 
8.11130831e-06 -0.12926325 -0.11530617 -0.11473621 -0.11412173 -0.11306784 
6.57933225e-06 -0.12926325 -0.11530617 -0.11473621 -0.11412173 -0.11306784 
5.33669923e-06 -0.12926325 -0.11530617 -0.11473621 -0.11412173 -0.11306784 
4.32876128e-06 -0.12926325 -0.11530617 -0.11473621 -0.11412173 -0.11306784 
3.51119173e-06 -0.12926325 -0.11530617 -0.11473621 -0.11412173 -0.11306784 
2.84803587e-06 -0.12926325 -0.11530617 -0.11473621 -0.11412173 -0.11306784 
2.31012970e-06 -0.12926325 -0.11530617 -0.11473621 -0.11412173 -0.11306784 
1.87381742e-06 -0.12926325 -0.11530617 -0.11473621 -0.11412173 -0.11306784 
1.51991108e-06 -0.12926325 -0.11530617 -0.11473621 -0.11412173 -0.11306784 
1.23284674e-06 -0.12926325 -0.11530617 -0.11473621 -0.11412173 -0.11306784 
1.00000000e-06 -0.12926325 -0.11530617 -0.11473621 -0.11412173 -0.11306784 
8.11130831e-07 -0.12926325 -0.11530617 -0.11473621 -0.11412173 -0.11306784 
6.57933225e-07 -0.12926325 -0.11530617 -0.11473621 -0.11412173 -0.11306784 
5.33669923e-07 -0.12926325 -0.11530617 -0.11473621 -0.11412173 -0.11306784 
4.32876128e-07 -0.12926325 -0.11530617 -0.11473621 -0.11412173 -0.11306784 
3.51119173e-07 -0.12926325 -0.11530617 -0.11473621 -0.11412173 -0.11306784 
2.84803587e-07 -0.12926325 -0.11530617 -0.11473621 -0.11412173 -0.11306784 
2.31012970e-07 -0.12926325 -0.11530617 -0.11473621 -0.11412173 -0.11306784 
1.87381742e-07 -0.12926325 -0.11530617 -0.11473621 -0.11412173 -0.11306784 
1.51991108e-07 -0.12926325 -0.11530617 -0.11473621 -0.11412173 -0.11306784 
1.23284674e-07 -0.12926325 -0.11530617 -0.11473621 -0.11412173 -0.11306784 
1.00000000e-07 -0.12926325 -0.11530617 -0.11473621 -0.11412173 -0.11306784 
P (bar) | log_He: -2σ | log_He: -1σ | log_He: median | log_He: +1σ | log_He: +2σ 
1.00000000e+02 -0.89881433 -0.88485724 -0.88428729 -0.88367281 -0.88261892 
8.11130831e+01 -0.89881433 -0.88485724 -0.88428729 -0.88367281 -0.88261892 
6.57933225e+01 -0.89881433 -0.88485724 -0.88428729 -0.88367281 -0.88261892 
5.33669923e+01 -0.89881433 -0.88485724 -0.88428729 -0.88367281 -0.88261892 
4.32876128e+01 -0.89881433 -0.88485724 -0.88428729 -0.88367281 -0.88261892 
3.51119173e+01 -0.89881433 -0.88485724 -0.88428729 -0.88367281 -0.88261892 
2.84803587e+01 -0.89881433 -0.88485724 -0.88428729 -0.88367281 -0.88261892 
2.31012970e+01 -0.89881433 -0.88485724 -0.88428729 -0.88367281 -0.88261892 
1.87381742e+01 -0.89881433 -0.88485724 -0.88428729 -0.88367281 -0.88261892 
1.51991108e+01 -0.89881433 -0.88485724 -0.88428729 -0.88367281 -0.88261892 
1.23284674e+01 -0.89881433 -0.88485724 -0.88428729 -0.88367281 -0.88261892 
1.00000000e+01 -0.89881433 -0.88485724 -0.88428729 -0.88367281 -0.88261892 
8.11130831e+00 -0.89881433 -0.88485724 -0.88428729 -0.88367281 -0.88261892 
6.57933225e+00 -0.89881433 -0.88485724 -0.88428729 -0.88367281 -0.88261892 
5.33669923e+00 -0.89881433 -0.88485724 -0.88428729 -0.88367281 -0.88261892 
4.32876128e+00 -0.89881433 -0.88485724 -0.88428729 -0.88367281 -0.88261892 
3.51119173e+00 -0.89881433 -0.88485724 -0.88428729 -0.88367281 -0.88261892 
2.84803587e+00 -0.89881433 -0.88485724 -0.88428729 -0.88367281 -0.88261892 
2.31012970e+00 -0.89881433 -0.88485724 -0.88428729 -0.88367281 -0.88261892 
1.87381742e+00 -0.89881433 -0.88485724 -0.88428729 -0.88367281 -0.88261892 
1.51991108e+00 -0.89881433 -0.88485724 -0.88428729 -0.88367281 -0.88261892 
1.23284674e+00 -0.89881433 -0.88485724 -0.88428729 -0.88367281 -0.88261892 
1.00000000e+00 -0.89881433 -0.88485724 -0.88428729 -0.88367281 -0.88261892 
8.11130831e-01 -0.89881433 -0.88485724 -0.88428729 -0.88367281 -0.88261892 
6.57933225e-01 -0.89881433 -0.88485724 -0.88428729 -0.88367281 -0.88261892 
5.33669923e-01 -0.89881433 -0.88485724 -0.88428729 -0.88367281 -0.88261892 
4.32876128e-01 -0.89881433 -0.88485724 -0.88428729 -0.88367281 -0.88261892 
3.51119173e-01 -0.89881433 -0.88485724 -0.88428729 -0.88367281 -0.88261892 
2.84803587e-01 -0.89881433 -0.88485724 -0.88428729 -0.88367281 -0.88261892 
2.31012970e-01 -0.89881433 -0.88485724 -0.88428729 -0.88367281 -0.88261892 
1.87381742e-01 -0.89881433 -0.88485724 -0.88428729 -0.88367281 -0.88261892 
1.51991108e-01 -0.89881433 -0.88485724 -0.88428729 -0.88367281 -0.88261892 
1.23284674e-01 -0.89881433 -0.88485724 -0.88428729 -0.88367281 -0.88261892 
1.00000000e-01 -0.89881433 -0.88485724 -0.88428729 -0.88367281 -0.88261892 
8.11130831e-02 -0.89881433 -0.88485724 -0.88428729 -0.88367281 -0.88261892 
6.57933225e-02 -0.89881433 -0.88485724 -0.88428729 -0.88367281 -0.88261892 
5.33669923e-02 -0.89881433 -0.88485724 -0.88428729 -0.88367281 -0.88261892 
4.32876128e-02 -0.89881433 -0.88485724 -0.88428729 -0.88367281 -0.88261892 
3.51119173e-02 -0.89881433 -0.88485724 -0.88428729 -0.88367281 -0.88261892 
2.84803587e-02 -0.89881433 -0.88485724 -0.88428729 -0.88367281 -0.88261892 
2.31012970e-02 -0.89881433 -0.88485724 -0.88428729 -0.88367281 -0.88261892 
1.87381742e-02 -0.89881433 -0.88485724 -0.88428729 -0.88367281 -0.88261892 
1.51991108e-02 -0.89881433 -0.88485724 -0.88428729 -0.88367281 -0.88261892 
1.23284674e-02 -0.89881433 -0.88485724 -0.88428729 -0.88367281 -0.88261892 
1.00000000e-02 -0.89881433 -0.88485724 -0.88428729 -0.88367281 -0.88261892 
8.11130831e-03 -0.89881433 -0.88485724 -0.88428729 -0.88367281 -0.88261892 
6.57933225e-03 -0.89881433 -0.88485724 -0.88428729 -0.88367281 -0.88261892 
5.33669923e-03 -0.89881433 -0.88485724 -0.88428729 -0.88367281 -0.88261892 
4.32876128e-03 -0.89881433 -0.88485724 -0.88428729 -0.88367281 -0.88261892 
3.51119173e-03 -0.89881433 -0.88485724 -0.88428729 -0.88367281 -0.88261892 
2.84803587e-03 -0.89881433 -0.88485724 -0.88428729 -0.88367281 -0.88261892 
2.31012970e-03 -0.89881433 -0.88485724 -0.88428729 -0.88367281 -0.88261892 
1.87381742e-03 -0.89881433 -0.88485724 -0.88428729 -0.88367281 -0.88261892 
1.51991108e-03 -0.89881433 -0.88485724 -0.88428729 -0.88367281 -0.88261892 
1.23284674e-03 -0.89881433 -0.88485724 -0.88428729 -0.88367281 -0.88261892 
1.00000000e-03 -0.89881433 -0.88485724 -0.88428729 -0.88367281 -0.88261892 
8.11130831e-04 -0.89881433 -0.88485724 -0.88428729 -0.88367281 -0.88261892 
6.57933225e-04 -0.89881433 -0.88485724 -0.88428729 -0.88367281 -0.88261892 
5.33669923e-04 -0.89881433 -0.88485724 -0.88428729 -0.88367281 -0.88261892 
4.32876128e-04 -0.89881433 -0.88485724 -0.88428729 -0.88367281 -0.88261892 
3.51119173e-04 -0.89881433 -0.88485724 -0.88428729 -0.88367281 -0.88261892 
2.84803587e-04 -0.89881433 -0.88485724 -0.88428729 -0.88367281 -0.88261892 
2.31012970e-04 -0.89881433 -0.88485724 -0.88428729 -0.88367281 -0.88261892 
1.87381742e-04 -0.89881433 -0.88485724 -0.88428729 -0.88367281 -0.88261892 
1.51991108e-04 -0.89881433 -0.88485724 -0.88428729 -0.88367281 -0.88261892 
1.23284674e-04 -0.89881433 -0.88485724 -0.88428729 -0.88367281 -0.88261892 
1.00000000e-04 -0.89881433 -0.88485724 -0.88428729 -0.88367281 -0.88261892 
8.11130831e-05 -0.89881433 -0.88485724 -0.88428729 -0.88367281 -0.88261892 
6.57933225e-05 -0.89881433 -0.88485724 -0.88428729 -0.88367281 -0.88261892 
5.33669923e-05 -0.89881433 -0.88485724 -0.88428729 -0.88367281 -0.88261892 
4.32876128e-05 -0.89881433 -0.88485724 -0.88428729 -0.88367281 -0.88261892 
3.51119173e-05 -0.89881433 -0.88485724 -0.88428729 -0.88367281 -0.88261892 
2.84803587e-05 -0.89881433 -0.88485724 -0.88428729 -0.88367281 -0.88261892 
2.31012970e-05 -0.89881433 -0.88485724 -0.88428729 -0.88367281 -0.88261892 
1.87381742e-05 -0.89881433 -0.88485724 -0.88428729 -0.88367281 -0.88261892 
1.51991108e-05 -0.89881433 -0.88485724 -0.88428729 -0.88367281 -0.88261892 
1.23284674e-05 -0.89881433 -0.88485724 -0.88428729 -0.88367281 -0.88261892 
1.00000000e-05 -0.89881433 -0.88485724 -0.88428729 -0.88367281 -0.88261892 
8.11130831e-06 -0.89881433 -0.88485724 -0.88428729 -0.88367281 -0.88261892 
6.57933225e-06 -0.89881433 -0.88485724 -0.88428729 -0.88367281 -0.88261892 
5.33669923e-06 -0.89881433 -0.88485724 -0.88428729 -0.88367281 -0.88261892 
4.32876128e-06 -0.89881433 -0.88485724 -0.88428729 -0.88367281 -0.88261892 
3.51119173e-06 -0.89881433 -0.88485724 -0.88428729 -0.88367281 -0.88261892 
2.84803587e-06 -0.89881433 -0.88485724 -0.88428729 -0.88367281 -0.88261892 
2.31012970e-06 -0.89881433 -0.88485724 -0.88428729 -0.88367281 -0.88261892 
1.87381742e-06 -0.89881433 -0.88485724 -0.88428729 -0.88367281 -0.88261892 
1.51991108e-06 -0.89881433 -0.88485724 -0.88428729 -0.88367281 -0.88261892 
1.23284674e-06 -0.89881433 -0.88485724 -0.88428729 -0.88367281 -0.88261892 
1.00000000e-06 -0.89881433 -0.88485724 -0.88428729 -0.88367281 -0.88261892 
8.11130831e-07 -0.89881433 -0.88485724 -0.88428729 -0.88367281 -0.88261892 
6.57933225e-07 -0.89881433 -0.88485724 -0.88428729 -0.88367281 -0.88261892 
5.33669923e-07 -0.89881433 -0.88485724 -0.88428729 -0.88367281 -0.88261892 
4.32876128e-07 -0.89881433 -0.88485724 -0.88428729 -0.88367281 -0.88261892 
3.51119173e-07 -0.89881433 -0.88485724 -0.88428729 -0.88367281 -0.88261892 
2.84803587e-07 -0.89881433 -0.88485724 -0.88428729 -0.88367281 -0.88261892 
2.31012970e-07 -0.89881433 -0.88485724 -0.88428729 -0.88367281 -0.88261892 
1.87381742e-07 -0.89881433 -0.88485724 -0.88428729 -0.88367281 -0.88261892 
1.51991108e-07 -0.89881433 -0.88485724 -0.88428729 -0.88367281 -0.88261892 
1.23284674e-07 -0.89881433 -0.88485724 -0.88428729 -0.88367281 -0.88261892 
1.00000000e-07 -0.89881433 -0.88485724 -0.88428729 -0.88367281 -0.88261892 
P (bar) | log_H2O: -2σ | log_H2O: -1σ | log_H2O: median | log_H2O: +1σ | log_H2O: +2σ 
1.00000000e+02 -1.02324955 -1.01045141 -1.00412143 -1.00115561 -1.00013193 
8.11130831e+01 -1.02324955 -1.01045141 -1.00412143 -1.00115561 -1.00013193 
6.57933225e+01 -1.02324955 -1.01045141 -1.00412143 -1.00115561 -1.00013193 
5.33669923e+01 -1.02324955 -1.01045141 -1.00412143 -1.00115561 -1.00013193 
4.32876128e+01 -1.02324955 -1.01045141 -1.00412143 -1.00115561 -1.00013193 
3.51119173e+01 -1.02324955 -1.01045141 -1.00412143 -1.00115561 -1.00013193 
2.84803587e+01 -1.02324955 -1.01045141 -1.00412143 -1.00115561 -1.00013193 
2.31012970e+01 -1.02324955 -1.01045141 -1.00412143 -1.00115561 -1.00013193 
1.87381742e+01 -1.02324955 -1.01045141 -1.00412143 -1.00115561 -1.00013193 
1.51991108e+01 -1.02324955 -1.01045141 -1.00412143 -1.00115561 -1.00013193 
1.23284674e+01 -1.02324955 -1.01045141 -1.00412143 -1.00115561 -1.00013193 
1.00000000e+01 -1.02324955 -1.01045141 -1.00412143 -1.00115561 -1.00013193 
8.11130831e+00 -1.02324955 -1.01045141 -1.00412143 -1.00115561 -1.00013193 
6.57933225e+00 -1.02324955 -1.01045141 -1.00412143 -1.00115561 -1.00013193 
5.33669923e+00 -1.02324955 -1.01045141 -1.00412143 -1.00115561 -1.00013193 
4.32876128e+00 -1.02324955 -1.01045141 -1.00412143 -1.00115561 -1.00013193 
3.51119173e+00 -1.02324955 -1.01045141 -1.00412143 -1.00115561 -1.00013193 
2.84803587e+00 -1.02324955 -1.01045141 -1.00412143 -1.00115561 -1.00013193 
2.31012970e+00 -1.02324955 -1.01045141 -1.00412143 -1.00115561 -1.00013193 
1.87381742e+00 -1.02324955 -1.01045141 -1.00412143 -1.00115561 -1.00013193 
1.51991108e+00 -1.02324955 -1.01045141 -1.00412143 -1.00115561 -1.00013193 
1.23284674e+00 -1.02324955 -1.01045141 -1.00412143 -1.00115561 -1.00013193 
1.00000000e+00 -1.02324955 -1.01045141 -1.00412143 -1.00115561 -1.00013193 
8.11130831e-01 -1.02324955 -1.01045141 -1.00412143 -1.00115561 -1.00013193 
6.57933225e-01 -1.02324955 -1.01045141 -1.00412143 -1.00115561 -1.00013193 
5.33669923e-01 -1.02324955 -1.01045141 -1.00412143 -1.00115561 -1.00013193 
4.32876128e-01 -1.02324955 -1.01045141 -1.00412143 -1.00115561 -1.00013193 
3.51119173e-01 -1.02324955 -1.01045141 -1.00412143 -1.00115561 -1.00013193 
2.84803587e-01 -1.02324955 -1.01045141 -1.00412143 -1.00115561 -1.00013193 
2.31012970e-01 -1.02324955 -1.01045141 -1.00412143 -1.00115561 -1.00013193 
1.87381742e-01 -1.02324955 -1.01045141 -1.00412143 -1.00115561 -1.00013193 
1.51991108e-01 -1.02324955 -1.01045141 -1.00412143 -1.00115561 -1.00013193 
1.23284674e-01 -1.02324955 -1.01045141 -1.00412143 -1.00115561 -1.00013193 
1.00000000e-01 -1.02324955 -1.01045141 -1.00412143 -1.00115561 -1.00013193 
8.11130831e-02 -1.02324955 -1.01045141 -1.00412143 -1.00115561 -1.00013193 
6.57933225e-02 -1.02324955 -1.01045141 -1.00412143 -1.00115561 -1.00013193 
5.33669923e-02 -1.02324955 -1.01045141 -1.00412143 -1.00115561 -1.00013193 
4.32876128e-02 -1.02324955 -1.01045141 -1.00412143 -1.00115561 -1.00013193 
3.51119173e-02 -1.02324955 -1.01045141 -1.00412143 -1.00115561 -1.00013193 
2.84803587e-02 -1.02324955 -1.01045141 -1.00412143 -1.00115561 -1.00013193 
2.31012970e-02 -1.02324955 -1.01045141 -1.00412143 -1.00115561 -1.00013193 
1.87381742e-02 -1.02324955 -1.01045141 -1.00412143 -1.00115561 -1.00013193 
1.51991108e-02 -1.02324955 -1.01045141 -1.00412143 -1.00115561 -1.00013193 
1.23284674e-02 -1.02324955 -1.01045141 -1.00412143 -1.00115561 -1.00013193 
1.00000000e-02 -1.02324955 -1.01045141 -1.00412143 -1.00115561 -1.00013193 
8.11130831e-03 -1.02324955 -1.01045141 -1.00412143 -1.00115561 -1.00013193 
6.57933225e-03 -1.02324955 -1.01045141 -1.00412143 -1.00115561 -1.00013193 
5.33669923e-03 -1.02324955 -1.01045141 -1.00412143 -1.00115561 -1.00013193 
4.32876128e-03 -1.02324955 -1.01045141 -1.00412143 -1.00115561 -1.00013193 
3.51119173e-03 -1.02324955 -1.01045141 -1.00412143 -1.00115561 -1.00013193 
2.84803587e-03 -1.02324955 -1.01045141 -1.00412143 -1.00115561 -1.00013193 
2.31012970e-03 -1.02324955 -1.01045141 -1.00412143 -1.00115561 -1.00013193 
1.87381742e-03 -1.02324955 -1.01045141 -1.00412143 -1.00115561 -1.00013193 
1.51991108e-03 -1.02324955 -1.01045141 -1.00412143 -1.00115561 -1.00013193 
1.23284674e-03 -1.02324955 -1.01045141 -1.00412143 -1.00115561 -1.00013193 
1.00000000e-03 -1.02324955 -1.01045141 -1.00412143 -1.00115561 -1.00013193 
8.11130831e-04 -1.02324955 -1.01045141 -1.00412143 -1.00115561 -1.00013193 
6.57933225e-04 -1.02324955 -1.01045141 -1.00412143 -1.00115561 -1.00013193 
5.33669923e-04 -1.02324955 -1.01045141 -1.00412143 -1.00115561 -1.00013193 
4.32876128e-04 -1.02324955 -1.01045141 -1.00412143 -1.00115561 -1.00013193 
3.51119173e-04 -1.02324955 -1.01045141 -1.00412143 -1.00115561 -1.00013193 
2.84803587e-04 -1.02324955 -1.01045141 -1.00412143 -1.00115561 -1.00013193 
2.31012970e-04 -1.02324955 -1.01045141 -1.00412143 -1.00115561 -1.00013193 
1.87381742e-04 -1.02324955 -1.01045141 -1.00412143 -1.00115561 -1.00013193 
1.51991108e-04 -1.02324955 -1.01045141 -1.00412143 -1.00115561 -1.00013193 
1.23284674e-04 -1.02324955 -1.01045141 -1.00412143 -1.00115561 -1.00013193 
1.00000000e-04 -1.02324955 -1.01045141 -1.00412143 -1.00115561 -1.00013193 
8.11130831e-05 -1.02324955 -1.01045141 -1.00412143 -1.00115561 -1.00013193 
6.57933225e-05 -1.02324955 -1.01045141 -1.00412143 -1.00115561 -1.00013193 
5.33669923e-05 -1.02324955 -1.01045141 -1.00412143 -1.00115561 -1.00013193 
4.32876128e-05 -1.02324955 -1.01045141 -1.00412143 -1.00115561 -1.00013193 
3.51119173e-05 -1.02324955 -1.01045141 -1.00412143 -1.00115561 -1.00013193 
2.84803587e-05 -1.02324955 -1.01045141 -1.00412143 -1.00115561 -1.00013193 
2.31012970e-05 -1.02324955 -1.01045141 -1.00412143 -1.00115561 -1.00013193 
1.87381742e-05 -1.02324955 -1.01045141 -1.00412143 -1.00115561 -1.00013193 
1.51991108e-05 -1.02324955 -1.01045141 -1.00412143 -1.00115561 -1.00013193 
1.23284674e-05 -1.02324955 -1.01045141 -1.00412143 -1.00115561 -1.00013193 
1.00000000e-05 -1.02324955 -1.01045141 -1.00412143 -1.00115561 -1.00013193 
8.11130831e-06 -1.02324955 -1.01045141 -1.00412143 -1.00115561 -1.00013193 
6.57933225e-06 -1.02324955 -1.01045141 -1.00412143 -1.00115561 -1.00013193 
5.33669923e-06 -1.02324955 -1.01045141 -1.00412143 -1.00115561 -1.00013193 
4.32876128e-06 -1.02324955 -1.01045141 -1.00412143 -1.00115561 -1.00013193 
3.51119173e-06 -1.02324955 -1.01045141 -1.00412143 -1.00115561 -1.00013193 
2.84803587e-06 -1.02324955 -1.01045141 -1.00412143 -1.00115561 -1.00013193 
2.31012970e-06 -1.02324955 -1.01045141 -1.00412143 -1.00115561 -1.00013193 
1.87381742e-06 -1.02324955 -1.01045141 -1.00412143 -1.00115561 -1.00013193 
1.51991108e-06 -1.02324955 -1.01045141 -1.00412143 -1.00115561 -1.00013193 
1.23284674e-06 -1.02324955 -1.01045141 -1.00412143 -1.00115561 -1.00013193 
1.00000000e-06 -1.02324955 -1.01045141 -1.00412143 -1.00115561 -1.00013193 
8.11130831e-07 -1.02324955 -1.01045141 -1.00412143 -1.00115561 -1.00013193 
6.57933225e-07 -1.02324955 -1.01045141 -1.00412143 -1.00115561 -1.00013193 
5.33669923e-07 -1.02324955 -1.01045141 -1.00412143 -1.00115561 -1.00013193 
4.32876128e-07 -1.02324955 -1.01045141 -1.00412143 -1.00115561 -1.00013193 
3.51119173e-07 -1.02324955 -1.01045141 -1.00412143 -1.00115561 -1.00013193 
2.84803587e-07 -1.02324955 -1.01045141 -1.00412143 -1.00115561 -1.00013193 
2.31012970e-07 -1.02324955 -1.01045141 -1.00412143 -1.00115561 -1.00013193 
1.87381742e-07 -1.02324955 -1.01045141 -1.00412143 -1.00115561 -1.00013193 
1.51991108e-07 -1.02324955 -1.01045141 -1.00412143 -1.00115561 -1.00013193 
1.23284674e-07 -1.02324955 -1.01045141 -1.00412143 -1.00115561 -1.00013193 
1.00000000e-07 -1.02324955 -1.01045141 -1.00412143 -1.00115561 -1.00013193 
P (bar) | log_CO2: -2σ | log_CO2: -1σ | log_CO2: median | log_CO2: +1σ | log_CO2: +2σ 
1.00000000e+02 -3.24062664 -3.05174760 -2.86114315 -2.57701757 -1.47859134 
8.11130831e+01 -3.24062664 -3.05174760 -2.86114315 -2.57701757 -1.47859134 
6.57933225e+01 -3.24062664 -3.05174760 -2.86114315 -2.57701757 -1.47859134 
5.33669923e+01 -3.24062664 -3.05174760 -2.86114315 -2.57701757 -1.47859134 
4.32876128e+01 -3.24062664 -3.05174760 -2.86114315 -2.57701757 -1.47859134 
3.51119173e+01 -3.24062664 -3.05174760 -2.86114315 -2.57701757 -1.47859134 
2.84803587e+01 -3.24062664 -3.05174760 -2.86114315 -2.57701757 -1.47859134 
2.31012970e+01 -3.24062664 -3.05174760 -2.86114315 -2.57701757 -1.47859134 
1.87381742e+01 -3.24062664 -3.05174760 -2.86114315 -2.57701757 -1.47859134 
1.51991108e+01 -3.24062664 -3.05174760 -2.86114315 -2.57701757 -1.47859134 
1.23284674e+01 -3.24062664 -3.05174760 -2.86114315 -2.57701757 -1.47859134 
1.00000000e+01 -3.24062664 -3.05174760 -2.86114315 -2.57701757 -1.47859134 
8.11130831e+00 -3.24062664 -3.05174760 -2.86114315 -2.57701757 -1.47859134 
6.57933225e+00 -3.24062664 -3.05174760 -2.86114315 -2.57701757 -1.47859134 
5.33669923e+00 -3.24062664 -3.05174760 -2.86114315 -2.57701757 -1.47859134 
4.32876128e+00 -3.24062664 -3.05174760 -2.86114315 -2.57701757 -1.47859134 
3.51119173e+00 -3.24062664 -3.05174760 -2.86114315 -2.57701757 -1.47859134 
2.84803587e+00 -3.24062664 -3.05174760 -2.86114315 -2.57701757 -1.47859134 
2.31012970e+00 -3.24062664 -3.05174760 -2.86114315 -2.57701757 -1.47859134 
1.87381742e+00 -3.24062664 -3.05174760 -2.86114315 -2.57701757 -1.47859134 
1.51991108e+00 -3.24062664 -3.05174760 -2.86114315 -2.57701757 -1.47859134 
1.23284674e+00 -3.24062664 -3.05174760 -2.86114315 -2.57701757 -1.47859134 
1.00000000e+00 -3.24062664 -3.05174760 -2.86114315 -2.57701757 -1.47859134 
8.11130831e-01 -3.24062664 -3.05174760 -2.86114315 -2.57701757 -1.47859134 
6.57933225e-01 -3.24062664 -3.05174760 -2.86114315 -2.57701757 -1.47859134 
5.33669923e-01 -3.24062664 -3.05174760 -2.86114315 -2.57701757 -1.47859134 
4.32876128e-01 -3.24062664 -3.05174760 -2.86114315 -2.57701757 -1.47859134 
3.51119173e-01 -3.24062664 -3.05174760 -2.86114315 -2.57701757 -1.47859134 
2.84803587e-01 -3.24062664 -3.05174760 -2.86114315 -2.57701757 -1.47859134 
2.31012970e-01 -3.24062664 -3.05174760 -2.86114315 -2.57701757 -1.47859134 
1.87381742e-01 -3.24062664 -3.05174760 -2.86114315 -2.57701757 -1.47859134 
1.51991108e-01 -3.24062664 -3.05174760 -2.86114315 -2.57701757 -1.47859134 
1.23284674e-01 -3.24062664 -3.05174760 -2.86114315 -2.57701757 -1.47859134 
1.00000000e-01 -3.24062664 -3.05174760 -2.86114315 -2.57701757 -1.47859134 
8.11130831e-02 -3.24062664 -3.05174760 -2.86114315 -2.57701757 -1.47859134 
6.57933225e-02 -3.24062664 -3.05174760 -2.86114315 -2.57701757 -1.47859134 
5.33669923e-02 -3.24062664 -3.05174760 -2.86114315 -2.57701757 -1.47859134 
4.32876128e-02 -3.24062664 -3.05174760 -2.86114315 -2.57701757 -1.47859134 
3.51119173e-02 -3.24062664 -3.05174760 -2.86114315 -2.57701757 -1.47859134 
2.84803587e-02 -3.24062664 -3.05174760 -2.86114315 -2.57701757 -1.47859134 
2.31012970e-02 -3.24062664 -3.05174760 -2.86114315 -2.57701757 -1.47859134 
1.87381742e-02 -3.24062664 -3.05174760 -2.86114315 -2.57701757 -1.47859134 
1.51991108e-02 -3.24062664 -3.05174760 -2.86114315 -2.57701757 -1.47859134 
1.23284674e-02 -3.24062664 -3.05174760 -2.86114315 -2.57701757 -1.47859134 
1.00000000e-02 -3.24062664 -3.05174760 -2.86114315 -2.57701757 -1.47859134 
8.11130831e-03 -3.24062664 -3.05174760 -2.86114315 -2.57701757 -1.47859134 
6.57933225e-03 -3.24062664 -3.05174760 -2.86114315 -2.57701757 -1.47859134 
5.33669923e-03 -3.24062664 -3.05174760 -2.86114315 -2.57701757 -1.47859134 
4.32876128e-03 -3.24062664 -3.05174760 -2.86114315 -2.57701757 -1.47859134 
3.51119173e-03 -3.24062664 -3.05174760 -2.86114315 -2.57701757 -1.47859134 
2.84803587e-03 -3.24062664 -3.05174760 -2.86114315 -2.57701757 -1.47859134 
2.31012970e-03 -3.24062664 -3.05174760 -2.86114315 -2.57701757 -1.47859134 
1.87381742e-03 -3.24062664 -3.05174760 -2.86114315 -2.57701757 -1.47859134 
1.51991108e-03 -3.24062664 -3.05174760 -2.86114315 -2.57701757 -1.47859134 
1.23284674e-03 -3.24062664 -3.05174760 -2.86114315 -2.57701757 -1.47859134 
1.00000000e-03 -3.24062664 -3.05174760 -2.86114315 -2.57701757 -1.47859134 
8.11130831e-04 -3.24062664 -3.05174760 -2.86114315 -2.57701757 -1.47859134 
6.57933225e-04 -3.24062664 -3.05174760 -2.86114315 -2.57701757 -1.47859134 
5.33669923e-04 -3.24062664 -3.05174760 -2.86114315 -2.57701757 -1.47859134 
4.32876128e-04 -3.24062664 -3.05174760 -2.86114315 -2.57701757 -1.47859134 
3.51119173e-04 -3.24062664 -3.05174760 -2.86114315 -2.57701757 -1.47859134 
2.84803587e-04 -3.24062664 -3.05174760 -2.86114315 -2.57701757 -1.47859134 
2.31012970e-04 -3.24062664 -3.05174760 -2.86114315 -2.57701757 -1.47859134 
1.87381742e-04 -3.24062664 -3.05174760 -2.86114315 -2.57701757 -1.47859134 
1.51991108e-04 -3.24062664 -3.05174760 -2.86114315 -2.57701757 -1.47859134 
1.23284674e-04 -3.24062664 -3.05174760 -2.86114315 -2.57701757 -1.47859134 
1.00000000e-04 -3.24062664 -3.05174760 -2.86114315 -2.57701757 -1.47859134 
8.11130831e-05 -3.24062664 -3.05174760 -2.86114315 -2.57701757 -1.47859134 
6.57933225e-05 -3.24062664 -3.05174760 -2.86114315 -2.57701757 -1.47859134 
5.33669923e-05 -3.24062664 -3.05174760 -2.86114315 -2.57701757 -1.47859134 
4.32876128e-05 -3.24062664 -3.05174760 -2.86114315 -2.57701757 -1.47859134 
3.51119173e-05 -3.24062664 -3.05174760 -2.86114315 -2.57701757 -1.47859134 
2.84803587e-05 -3.24062664 -3.05174760 -2.86114315 -2.57701757 -1.47859134 
2.31012970e-05 -3.24062664 -3.05174760 -2.86114315 -2.57701757 -1.47859134 
1.87381742e-05 -3.24062664 -3.05174760 -2.86114315 -2.57701757 -1.47859134 
1.51991108e-05 -3.24062664 -3.05174760 -2.86114315 -2.57701757 -1.47859134 
1.23284674e-05 -3.24062664 -3.05174760 -2.86114315 -2.57701757 -1.47859134 
1.00000000e-05 -3.24062664 -3.05174760 -2.86114315 -2.57701757 -1.47859134 
8.11130831e-06 -3.24062664 -3.05174760 -2.86114315 -2.57701757 -1.47859134 
6.57933225e-06 -3.24062664 -3.05174760 -2.86114315 -2.57701757 -1.47859134 
5.33669923e-06 -3.24062664 -3.05174760 -2.86114315 -2.57701757 -1.47859134 
4.32876128e-06 -3.24062664 -3.05174760 -2.86114315 -2.57701757 -1.47859134 
3.51119173e-06 -3.24062664 -3.05174760 -2.86114315 -2.57701757 -1.47859134 
2.84803587e-06 -3.24062664 -3.05174760 -2.86114315 -2.57701757 -1.47859134 
2.31012970e-06 -3.24062664 -3.05174760 -2.86114315 -2.57701757 -1.47859134 
1.87381742e-06 -3.24062664 -3.05174760 -2.86114315 -2.57701757 -1.47859134 
1.51991108e-06 -3.24062664 -3.05174760 -2.86114315 -2.57701757 -1.47859134 
1.23284674e-06 -3.24062664 -3.05174760 -2.86114315 -2.57701757 -1.47859134 
1.00000000e-06 -3.24062664 -3.05174760 -2.86114315 -2.57701757 -1.47859134 
8.11130831e-07 -3.24062664 -3.05174760 -2.86114315 -2.57701757 -1.47859134 
6.57933225e-07 -3.24062664 -3.05174760 -2.86114315 -2.57701757 -1.47859134 
5.33669923e-07 -3.24062664 -3.05174760 -2.86114315 -2.57701757 -1.47859134 
4.32876128e-07 -3.24062664 -3.05174760 -2.86114315 -2.57701757 -1.47859134 
3.51119173e-07 -3.24062664 -3.05174760 -2.86114315 -2.57701757 -1.47859134 
2.84803587e-07 -3.24062664 -3.05174760 -2.86114315 -2.57701757 -1.47859134 
2.31012970e-07 -3.24062664 -3.05174760 -2.86114315 -2.57701757 -1.47859134 
1.87381742e-07 -3.24062664 -3.05174760 -2.86114315 -2.57701757 -1.47859134 
1.51991108e-07 -3.24062664 -3.05174760 -2.86114315 -2.57701757 -1.47859134 
1.23284674e-07 -3.24062664 -3.05174760 -2.86114315 -2.57701757 -1.47859134 
1.00000000e-07 -3.24062664 -3.05174760 -2.86114315 -2.57701757 -1.47859134 
P (bar) | log_SO2: -2σ | log_SO2: -1σ | log_SO2: median | log_SO2: +1σ | log_SO2: +2σ 
1.00000000e+02 -5.99799844 -5.98252534 -5.94005463 -5.85701108 -5.75967264 
8.11130831e+01 -5.99799844 -5.98252534 -5.94005463 -5.85701108 -5.75967264 
6.57933225e+01 -5.99799844 -5.98252534 -5.94005463 -5.85701108 -5.75967264 
5.33669923e+01 -5.99799844 -5.98252534 -5.94005463 -5.85701108 -5.75967264 
4.32876128e+01 -5.99799844 -5.98252534 -5.94005463 -5.85701108 -5.75967264 
3.51119173e+01 -5.99799844 -5.98252534 -5.94005463 -5.85701108 -5.75967264 
2.84803587e+01 -5.99799844 -5.98252534 -5.94005463 -5.85701108 -5.75967264 
2.31012970e+01 -5.99799844 -5.98252534 -5.94005463 -5.85701108 -5.75967264 
1.87381742e+01 -5.99799844 -5.98252534 -5.94005463 -5.85701108 -5.75967264 
1.51991108e+01 -5.99799844 -5.98252534 -5.94005463 -5.85701108 -5.75967264 
1.23284674e+01 -5.99799844 -5.98252534 -5.94005463 -5.85701108 -5.75967264 
1.00000000e+01 -5.99799844 -5.98252534 -5.94005463 -5.85701108 -5.75967264 
8.11130831e+00 -5.99799844 -5.98252534 -5.94005463 -5.85701108 -5.75967264 
6.57933225e+00 -5.99799844 -5.98252534 -5.94005463 -5.85701108 -5.75967264 
5.33669923e+00 -5.99799844 -5.98252534 -5.94005463 -5.85701108 -5.75967264 
4.32876128e+00 -5.99799844 -5.98252534 -5.94005463 -5.85701108 -5.75967264 
3.51119173e+00 -5.99799844 -5.98252534 -5.94005463 -5.85701108 -5.75967264 
2.84803587e+00 -5.99799844 -5.98252534 -5.94005463 -5.85701108 -5.75967264 
2.31012970e+00 -5.99799844 -5.98252534 -5.94005463 -5.85701108 -5.75967264 
1.87381742e+00 -5.99799844 -5.98252534 -5.94005463 -5.85701108 -5.75967264 
1.51991108e+00 -5.99799844 -5.98252534 -5.94005463 -5.85701108 -5.75967264 
1.23284674e+00 -5.99799844 -5.98252534 -5.94005463 -5.85701108 -5.75967264 
1.00000000e+00 -5.99799844 -5.98252534 -5.94005463 -5.85701108 -5.75967264 
8.11130831e-01 -5.99799844 -5.98252534 -5.94005463 -5.85701108 -5.75967264 
6.57933225e-01 -5.99799844 -5.98252534 -5.94005463 -5.85701108 -5.75967264 
5.33669923e-01 -5.99799844 -5.98252534 -5.94005463 -5.85701108 -5.75967264 
4.32876128e-01 -5.99799844 -5.98252534 -5.94005463 -5.85701108 -5.75967264 
3.51119173e-01 -5.99799844 -5.98252534 -5.94005463 -5.85701108 -5.75967264 
2.84803587e-01 -5.99799844 -5.98252534 -5.94005463 -5.85701108 -5.75967264 
2.31012970e-01 -5.99799844 -5.98252534 -5.94005463 -5.85701108 -5.75967264 
1.87381742e-01 -5.99799844 -5.98252534 -5.94005463 -5.85701108 -5.75967264 
1.51991108e-01 -5.99799844 -5.98252534 -5.94005463 -5.85701108 -5.75967264 
1.23284674e-01 -5.99799844 -5.98252534 -5.94005463 -5.85701108 -5.75967264 
1.00000000e-01 -5.99799844 -5.98252534 -5.94005463 -5.85701108 -5.75967264 
8.11130831e-02 -5.99799844 -5.98252534 -5.94005463 -5.85701108 -5.75967264 
6.57933225e-02 -5.99799844 -5.98252534 -5.94005463 -5.85701108 -5.75967264 
5.33669923e-02 -5.99799844 -5.98252534 -5.94005463 -5.85701108 -5.75967264 
4.32876128e-02 -5.99799844 -5.98252534 -5.94005463 -5.85701108 -5.75967264 
3.51119173e-02 -5.99799844 -5.98252534 -5.94005463 -5.85701108 -5.75967264 
2.84803587e-02 -5.99799844 -5.98252534 -5.94005463 -5.85701108 -5.75967264 
2.31012970e-02 -5.99799844 -5.98252534 -5.94005463 -5.85701108 -5.75967264 
1.87381742e-02 -5.99799844 -5.98252534 -5.94005463 -5.85701108 -5.75967264 
1.51991108e-02 -5.99799844 -5.98252534 -5.94005463 -5.85701108 -5.75967264 
1.23284674e-02 -5.99799844 -5.98252534 -5.94005463 -5.85701108 -5.75967264 
1.00000000e-02 -5.99799844 -5.98252534 -5.94005463 -5.85701108 -5.75967264 
8.11130831e-03 -5.99799844 -5.98252534 -5.94005463 -5.85701108 -5.75967264 
6.57933225e-03 -5.99799844 -5.98252534 -5.94005463 -5.85701108 -5.75967264 
5.33669923e-03 -5.99799844 -5.98252534 -5.94005463 -5.85701108 -5.75967264 
4.32876128e-03 -5.99799844 -5.98252534 -5.94005463 -5.85701108 -5.75967264 
3.51119173e-03 -5.99799844 -5.98252534 -5.94005463 -5.85701108 -5.75967264 
2.84803587e-03 -5.99799844 -5.98252534 -5.94005463 -5.85701108 -5.75967264 
2.31012970e-03 -5.99799844 -5.98252534 -5.94005463 -5.85701108 -5.75967264 
1.87381742e-03 -5.99799844 -5.98252534 -5.94005463 -5.85701108 -5.75967264 
1.51991108e-03 -5.99799844 -5.98252534 -5.94005463 -5.85701108 -5.75967264 
1.23284674e-03 -5.99799844 -5.98252534 -5.94005463 -5.85701108 -5.75967264 
1.00000000e-03 -5.99799844 -5.98252534 -5.94005463 -5.85701108 -5.75967264 
8.11130831e-04 -5.99799844 -5.98252534 -5.94005463 -5.85701108 -5.75967264 
6.57933225e-04 -5.99799844 -5.98252534 -5.94005463 -5.85701108 -5.75967264 
5.33669923e-04 -5.99799844 -5.98252534 -5.94005463 -5.85701108 -5.75967264 
4.32876128e-04 -5.99799844 -5.98252534 -5.94005463 -5.85701108 -5.75967264 
3.51119173e-04 -5.99799844 -5.98252534 -5.94005463 -5.85701108 -5.75967264 
2.84803587e-04 -5.99799844 -5.98252534 -5.94005463 -5.85701108 -5.75967264 
2.31012970e-04 -5.99799844 -5.98252534 -5.94005463 -5.85701108 -5.75967264 
1.87381742e-04 -5.99799844 -5.98252534 -5.94005463 -5.85701108 -5.75967264 
1.51991108e-04 -5.99799844 -5.98252534 -5.94005463 -5.85701108 -5.75967264 
1.23284674e-04 -5.99799844 -5.98252534 -5.94005463 -5.85701108 -5.75967264 
1.00000000e-04 -5.99799844 -5.98252534 -5.94005463 -5.85701108 -5.75967264 
8.11130831e-05 -5.99799844 -5.98252534 -5.94005463 -5.85701108 -5.75967264 
6.57933225e-05 -5.99799844 -5.98252534 -5.94005463 -5.85701108 -5.75967264 
5.33669923e-05 -5.99799844 -5.98252534 -5.94005463 -5.85701108 -5.75967264 
4.32876128e-05 -5.99799844 -5.98252534 -5.94005463 -5.85701108 -5.75967264 
3.51119173e-05 -5.99799844 -5.98252534 -5.94005463 -5.85701108 -5.75967264 
2.84803587e-05 -5.99799844 -5.98252534 -5.94005463 -5.85701108 -5.75967264 
2.31012970e-05 -5.99799844 -5.98252534 -5.94005463 -5.85701108 -5.75967264 
1.87381742e-05 -5.99799844 -5.98252534 -5.94005463 -5.85701108 -5.75967264 
1.51991108e-05 -5.99799844 -5.98252534 -5.94005463 -5.85701108 -5.75967264 
1.23284674e-05 -5.99799844 -5.98252534 -5.94005463 -5.85701108 -5.75967264 
1.00000000e-05 -5.99799844 -5.98252534 -5.94005463 -5.85701108 -5.75967264 
8.11130831e-06 -5.99799844 -5.98252534 -5.94005463 -5.85701108 -5.75967264 
6.57933225e-06 -5.99799844 -5.98252534 -5.94005463 -5.85701108 -5.75967264 
5.33669923e-06 -5.99799844 -5.98252534 -5.94005463 -5.85701108 -5.75967264 
4.32876128e-06 -5.99799844 -5.98252534 -5.94005463 -5.85701108 -5.75967264 
3.51119173e-06 -5.99799844 -5.98252534 -5.94005463 -5.85701108 -5.75967264 
2.84803587e-06 -5.99799844 -5.98252534 -5.94005463 -5.85701108 -5.75967264 
2.31012970e-06 -5.99799844 -5.98252534 -5.94005463 -5.85701108 -5.75967264 
1.87381742e-06 -5.99799844 -5.98252534 -5.94005463 -5.85701108 -5.75967264 
1.51991108e-06 -5.99799844 -5.98252534 -5.94005463 -5.85701108 -5.75967264 
1.23284674e-06 -5.99799844 -5.98252534 -5.94005463 -5.85701108 -5.75967264 
1.00000000e-06 -5.99799844 -5.98252534 -5.94005463 -5.85701108 -5.75967264 
8.11130831e-07 -5.99799844 -5.98252534 -5.94005463 -5.85701108 -5.75967264 
6.57933225e-07 -5.99799844 -5.98252534 -5.94005463 -5.85701108 -5.75967264 
5.33669923e-07 -5.99799844 -5.98252534 -5.94005463 -5.85701108 -5.75967264 
4.32876128e-07 -5.99799844 -5.98252534 -5.94005463 -5.85701108 -5.75967264 
3.51119173e-07 -5.99799844 -5.98252534 -5.94005463 -5.85701108 -5.75967264 
2.84803587e-07 -5.99799844 -5.98252534 -5.94005463 -5.85701108 -5.75967264 
2.31012970e-07 -5.99799844 -5.98252534 -5.94005463 -5.85701108 -5.75967264 
1.87381742e-07 -5.99799844 -5.98252534 -5.94005463 -5.85701108 -5.75967264 
1.51991108e-07 -5.99799844 -5.98252534 -5.94005463 -5.85701108 -5.75967264 
1.23284674e-07 -5.99799844 -5.98252534 -5.94005463 -5.85701108 -5.75967264 
1.00000000e-07 -5.99799844 -5.98252534 -5.94005463 -5.85701108 -5.75967264 
P (bar) | log_CO: -2σ | log_CO: -1σ | log_CO: median | log_CO: +1σ | log_CO: +2σ 
1.00000000e+02 -3.99007526 -3.94198721 -3.81452037 -3.61600782 -3.39786887 
8.11130831e+01 -3.99007526 -3.94198721 -3.81452037 -3.61600782 -3.39786887 
6.57933225e+01 -3.99007526 -3.94198721 -3.81452037 -3.61600782 -3.39786887 
5.33669923e+01 -3.99007526 -3.94198721 -3.81452037 -3.61600782 -3.39786887 
4.32876128e+01 -3.99007526 -3.94198721 -3.81452037 -3.61600782 -3.39786887 
3.51119173e+01 -3.99007526 -3.94198721 -3.81452037 -3.61600782 -3.39786887 
2.84803587e+01 -3.99007526 -3.94198721 -3.81452037 -3.61600782 -3.39786887 
2.31012970e+01 -3.99007526 -3.94198721 -3.81452037 -3.61600782 -3.39786887 
1.87381742e+01 -3.99007526 -3.94198721 -3.81452037 -3.61600782 -3.39786887 
1.51991108e+01 -3.99007526 -3.94198721 -3.81452037 -3.61600782 -3.39786887 
1.23284674e+01 -3.99007526 -3.94198721 -3.81452037 -3.61600782 -3.39786887 
1.00000000e+01 -3.99007526 -3.94198721 -3.81452037 -3.61600782 -3.39786887 
8.11130831e+00 -3.99007526 -3.94198721 -3.81452037 -3.61600782 -3.39786887 
6.57933225e+00 -3.99007526 -3.94198721 -3.81452037 -3.61600782 -3.39786887 
5.33669923e+00 -3.99007526 -3.94198721 -3.81452037 -3.61600782 -3.39786887 
4.32876128e+00 -3.99007526 -3.94198721 -3.81452037 -3.61600782 -3.39786887 
3.51119173e+00 -3.99007526 -3.94198721 -3.81452037 -3.61600782 -3.39786887 
2.84803587e+00 -3.99007526 -3.94198721 -3.81452037 -3.61600782 -3.39786887 
2.31012970e+00 -3.99007526 -3.94198721 -3.81452037 -3.61600782 -3.39786887 
1.87381742e+00 -3.99007526 -3.94198721 -3.81452037 -3.61600782 -3.39786887 
1.51991108e+00 -3.99007526 -3.94198721 -3.81452037 -3.61600782 -3.39786887 
1.23284674e+00 -3.99007526 -3.94198721 -3.81452037 -3.61600782 -3.39786887 
1.00000000e+00 -3.99007526 -3.94198721 -3.81452037 -3.61600782 -3.39786887 
8.11130831e-01 -3.99007526 -3.94198721 -3.81452037 -3.61600782 -3.39786887 
6.57933225e-01 -3.99007526 -3.94198721 -3.81452037 -3.61600782 -3.39786887 
5.33669923e-01 -3.99007526 -3.94198721 -3.81452037 -3.61600782 -3.39786887 
4.32876128e-01 -3.99007526 -3.94198721 -3.81452037 -3.61600782 -3.39786887 
3.51119173e-01 -3.99007526 -3.94198721 -3.81452037 -3.61600782 -3.39786887 
2.84803587e-01 -3.99007526 -3.94198721 -3.81452037 -3.61600782 -3.39786887 
2.31012970e-01 -3.99007526 -3.94198721 -3.81452037 -3.61600782 -3.39786887 
1.87381742e-01 -3.99007526 -3.94198721 -3.81452037 -3.61600782 -3.39786887 
1.51991108e-01 -3.99007526 -3.94198721 -3.81452037 -3.61600782 -3.39786887 
1.23284674e-01 -3.99007526 -3.94198721 -3.81452037 -3.61600782 -3.39786887 
1.00000000e-01 -3.99007526 -3.94198721 -3.81452037 -3.61600782 -3.39786887 
8.11130831e-02 -3.99007526 -3.94198721 -3.81452037 -3.61600782 -3.39786887 
6.57933225e-02 -3.99007526 -3.94198721 -3.81452037 -3.61600782 -3.39786887 
5.33669923e-02 -3.99007526 -3.94198721 -3.81452037 -3.61600782 -3.39786887 
4.32876128e-02 -3.99007526 -3.94198721 -3.81452037 -3.61600782 -3.39786887 
3.51119173e-02 -3.99007526 -3.94198721 -3.81452037 -3.61600782 -3.39786887 
2.84803587e-02 -3.99007526 -3.94198721 -3.81452037 -3.61600782 -3.39786887 
2.31012970e-02 -3.99007526 -3.94198721 -3.81452037 -3.61600782 -3.39786887 
1.87381742e-02 -3.99007526 -3.94198721 -3.81452037 -3.61600782 -3.39786887 
1.51991108e-02 -3.99007526 -3.94198721 -3.81452037 -3.61600782 -3.39786887 
1.23284674e-02 -3.99007526 -3.94198721 -3.81452037 -3.61600782 -3.39786887 
1.00000000e-02 -3.99007526 -3.94198721 -3.81452037 -3.61600782 -3.39786887 
8.11130831e-03 -3.99007526 -3.94198721 -3.81452037 -3.61600782 -3.39786887 
6.57933225e-03 -3.99007526 -3.94198721 -3.81452037 -3.61600782 -3.39786887 
5.33669923e-03 -3.99007526 -3.94198721 -3.81452037 -3.61600782 -3.39786887 
4.32876128e-03 -3.99007526 -3.94198721 -3.81452037 -3.61600782 -3.39786887 
3.51119173e-03 -3.99007526 -3.94198721 -3.81452037 -3.61600782 -3.39786887 
2.84803587e-03 -3.99007526 -3.94198721 -3.81452037 -3.61600782 -3.39786887 
2.31012970e-03 -3.99007526 -3.94198721 -3.81452037 -3.61600782 -3.39786887 
1.87381742e-03 -3.99007526 -3.94198721 -3.81452037 -3.61600782 -3.39786887 
1.51991108e-03 -3.99007526 -3.94198721 -3.81452037 -3.61600782 -3.39786887 
1.23284674e-03 -3.99007526 -3.94198721 -3.81452037 -3.61600782 -3.39786887 
1.00000000e-03 -3.99007526 -3.94198721 -3.81452037 -3.61600782 -3.39786887 
8.11130831e-04 -3.99007526 -3.94198721 -3.81452037 -3.61600782 -3.39786887 
6.57933225e-04 -3.99007526 -3.94198721 -3.81452037 -3.61600782 -3.39786887 
5.33669923e-04 -3.99007526 -3.94198721 -3.81452037 -3.61600782 -3.39786887 
4.32876128e-04 -3.99007526 -3.94198721 -3.81452037 -3.61600782 -3.39786887 
3.51119173e-04 -3.99007526 -3.94198721 -3.81452037 -3.61600782 -3.39786887 
2.84803587e-04 -3.99007526 -3.94198721 -3.81452037 -3.61600782 -3.39786887 
2.31012970e-04 -3.99007526 -3.94198721 -3.81452037 -3.61600782 -3.39786887 
1.87381742e-04 -3.99007526 -3.94198721 -3.81452037 -3.61600782 -3.39786887 
1.51991108e-04 -3.99007526 -3.94198721 -3.81452037 -3.61600782 -3.39786887 
1.23284674e-04 -3.99007526 -3.94198721 -3.81452037 -3.61600782 -3.39786887 
1.00000000e-04 -3.99007526 -3.94198721 -3.81452037 -3.61600782 -3.39786887 
8.11130831e-05 -3.99007526 -3.94198721 -3.81452037 -3.61600782 -3.39786887 
6.57933225e-05 -3.99007526 -3.94198721 -3.81452037 -3.61600782 -3.39786887 
5.33669923e-05 -3.99007526 -3.94198721 -3.81452037 -3.61600782 -3.39786887 
4.32876128e-05 -3.99007526 -3.94198721 -3.81452037 -3.61600782 -3.39786887 
3.51119173e-05 -3.99007526 -3.94198721 -3.81452037 -3.61600782 -3.39786887 
2.84803587e-05 -3.99007526 -3.94198721 -3.81452037 -3.61600782 -3.39786887 
2.31012970e-05 -3.99007526 -3.94198721 -3.81452037 -3.61600782 -3.39786887 
1.87381742e-05 -3.99007526 -3.94198721 -3.81452037 -3.61600782 -3.39786887 
1.51991108e-05 -3.99007526 -3.94198721 -3.81452037 -3.61600782 -3.39786887 
1.23284674e-05 -3.99007526 -3.94198721 -3.81452037 -3.61600782 -3.39786887 
1.00000000e-05 -3.99007526 -3.94198721 -3.81452037 -3.61600782 -3.39786887 
8.11130831e-06 -3.99007526 -3.94198721 -3.81452037 -3.61600782 -3.39786887 
6.57933225e-06 -3.99007526 -3.94198721 -3.81452037 -3.61600782 -3.39786887 
5.33669923e-06 -3.99007526 -3.94198721 -3.81452037 -3.61600782 -3.39786887 
4.32876128e-06 -3.99007526 -3.94198721 -3.81452037 -3.61600782 -3.39786887 
3.51119173e-06 -3.99007526 -3.94198721 -3.81452037 -3.61600782 -3.39786887 
2.84803587e-06 -3.99007526 -3.94198721 -3.81452037 -3.61600782 -3.39786887 
2.31012970e-06 -3.99007526 -3.94198721 -3.81452037 -3.61600782 -3.39786887 
1.87381742e-06 -3.99007526 -3.94198721 -3.81452037 -3.61600782 -3.39786887 
1.51991108e-06 -3.99007526 -3.94198721 -3.81452037 -3.61600782 -3.39786887 
1.23284674e-06 -3.99007526 -3.94198721 -3.81452037 -3.61600782 -3.39786887 
1.00000000e-06 -3.99007526 -3.94198721 -3.81452037 -3.61600782 -3.39786887 
8.11130831e-07 -3.99007526 -3.94198721 -3.81452037 -3.61600782 -3.39786887 
6.57933225e-07 -3.99007526 -3.94198721 -3.81452037 -3.61600782 -3.39786887 
5.33669923e-07 -3.99007526 -3.94198721 -3.81452037 -3.61600782 -3.39786887 
4.32876128e-07 -3.99007526 -3.94198721 -3.81452037 -3.61600782 -3.39786887 
3.51119173e-07 -3.99007526 -3.94198721 -3.81452037 -3.61600782 -3.39786887 
2.84803587e-07 -3.99007526 -3.94198721 -3.81452037 -3.61600782 -3.39786887 
2.31012970e-07 -3.99007526 -3.94198721 -3.81452037 -3.61600782 -3.39786887 
1.87381742e-07 -3.99007526 -3.94198721 -3.81452037 -3.61600782 -3.39786887 
1.51991108e-07 -3.99007526 -3.94198721 -3.81452037 -3.61600782 -3.39786887 
1.23284674e-07 -3.99007526 -3.94198721 -3.81452037 -3.61600782 -3.39786887 
1.00000000e-07 -3.99007526 -3.94198721 -3.81452037 -3.61600782 -3.39786887 
P (bar) | log_H2S: -2σ | log_H2S: -1σ | log_H2S: median | log_H2S: +1σ | log_H2S: +2σ 
1.00000000e+02 -4.24168065 -3.38416978 -3.14200255 -2.96793069 -2.80790333 
8.11130831e+01 -4.24168065 -3.38416978 -3.14200255 -2.96793069 -2.80790333 
6.57933225e+01 -4.24168065 -3.38416978 -3.14200255 -2.96793069 -2.80790333 
5.33669923e+01 -4.24168065 -3.38416978 -3.14200255 -2.96793069 -2.80790333 
4.32876128e+01 -4.24168065 -3.38416978 -3.14200255 -2.96793069 -2.80790333 
3.51119173e+01 -4.24168065 -3.38416978 -3.14200255 -2.96793069 -2.80790333 
2.84803587e+01 -4.24168065 -3.38416978 -3.14200255 -2.96793069 -2.80790333 
2.31012970e+01 -4.24168065 -3.38416978 -3.14200255 -2.96793069 -2.80790333 
1.87381742e+01 -4.24168065 -3.38416978 -3.14200255 -2.96793069 -2.80790333 
1.51991108e+01 -4.24168065 -3.38416978 -3.14200255 -2.96793069 -2.80790333 
1.23284674e+01 -4.24168065 -3.38416978 -3.14200255 -2.96793069 -2.80790333 
1.00000000e+01 -4.24168065 -3.38416978 -3.14200255 -2.96793069 -2.80790333 
8.11130831e+00 -4.24168065 -3.38416978 -3.14200255 -2.96793069 -2.80790333 
6.57933225e+00 -4.24168065 -3.38416978 -3.14200255 -2.96793069 -2.80790333 
5.33669923e+00 -4.24168065 -3.38416978 -3.14200255 -2.96793069 -2.80790333 
4.32876128e+00 -4.24168065 -3.38416978 -3.14200255 -2.96793069 -2.80790333 
3.51119173e+00 -4.24168065 -3.38416978 -3.14200255 -2.96793069 -2.80790333 
2.84803587e+00 -4.24168065 -3.38416978 -3.14200255 -2.96793069 -2.80790333 
2.31012970e+00 -4.24168065 -3.38416978 -3.14200255 -2.96793069 -2.80790333 
1.87381742e+00 -4.24168065 -3.38416978 -3.14200255 -2.96793069 -2.80790333 
1.51991108e+00 -4.24168065 -3.38416978 -3.14200255 -2.96793069 -2.80790333 
1.23284674e+00 -4.24168065 -3.38416978 -3.14200255 -2.96793069 -2.80790333 
1.00000000e+00 -4.24168065 -3.38416978 -3.14200255 -2.96793069 -2.80790333 
8.11130831e-01 -4.24168065 -3.38416978 -3.14200255 -2.96793069 -2.80790333 
6.57933225e-01 -4.24168065 -3.38416978 -3.14200255 -2.96793069 -2.80790333 
5.33669923e-01 -4.24168065 -3.38416978 -3.14200255 -2.96793069 -2.80790333 
4.32876128e-01 -4.24168065 -3.38416978 -3.14200255 -2.96793069 -2.80790333 
3.51119173e-01 -4.24168065 -3.38416978 -3.14200255 -2.96793069 -2.80790333 
2.84803587e-01 -4.24168065 -3.38416978 -3.14200255 -2.96793069 -2.80790333 
2.31012970e-01 -4.24168065 -3.38416978 -3.14200255 -2.96793069 -2.80790333 
1.87381742e-01 -4.24168065 -3.38416978 -3.14200255 -2.96793069 -2.80790333 
1.51991108e-01 -4.24168065 -3.38416978 -3.14200255 -2.96793069 -2.80790333 
1.23284674e-01 -4.24168065 -3.38416978 -3.14200255 -2.96793069 -2.80790333 
1.00000000e-01 -4.24168065 -3.38416978 -3.14200255 -2.96793069 -2.80790333 
8.11130831e-02 -4.24168065 -3.38416978 -3.14200255 -2.96793069 -2.80790333 
6.57933225e-02 -4.24168065 -3.38416978 -3.14200255 -2.96793069 -2.80790333 
5.33669923e-02 -4.24168065 -3.38416978 -3.14200255 -2.96793069 -2.80790333 
4.32876128e-02 -4.24168065 -3.38416978 -3.14200255 -2.96793069 -2.80790333 
3.51119173e-02 -4.24168065 -3.38416978 -3.14200255 -2.96793069 -2.80790333 
2.84803587e-02 -4.24168065 -3.38416978 -3.14200255 -2.96793069 -2.80790333 
2.31012970e-02 -4.24168065 -3.38416978 -3.14200255 -2.96793069 -2.80790333 
1.87381742e-02 -4.24168065 -3.38416978 -3.14200255 -2.96793069 -2.80790333 
1.51991108e-02 -4.24168065 -3.38416978 -3.14200255 -2.96793069 -2.80790333 
1.23284674e-02 -4.24168065 -3.38416978 -3.14200255 -2.96793069 -2.80790333 
1.00000000e-02 -4.24168065 -3.38416978 -3.14200255 -2.96793069 -2.80790333 
8.11130831e-03 -4.24168065 -3.38416978 -3.14200255 -2.96793069 -2.80790333 
6.57933225e-03 -4.24168065 -3.38416978 -3.14200255 -2.96793069 -2.80790333 
5.33669923e-03 -4.24168065 -3.38416978 -3.14200255 -2.96793069 -2.80790333 
4.32876128e-03 -4.24168065 -3.38416978 -3.14200255 -2.96793069 -2.80790333 
3.51119173e-03 -4.24168065 -3.38416978 -3.14200255 -2.96793069 -2.80790333 
2.84803587e-03 -4.24168065 -3.38416978 -3.14200255 -2.96793069 -2.80790333 
2.31012970e-03 -4.24168065 -3.38416978 -3.14200255 -2.96793069 -2.80790333 
1.87381742e-03 -4.24168065 -3.38416978 -3.14200255 -2.96793069 -2.80790333 
1.51991108e-03 -4.24168065 -3.38416978 -3.14200255 -2.96793069 -2.80790333 
1.23284674e-03 -4.24168065 -3.38416978 -3.14200255 -2.96793069 -2.80790333 
1.00000000e-03 -4.24168065 -3.38416978 -3.14200255 -2.96793069 -2.80790333 
8.11130831e-04 -4.24168065 -3.38416978 -3.14200255 -2.96793069 -2.80790333 
6.57933225e-04 -4.24168065 -3.38416978 -3.14200255 -2.96793069 -2.80790333 
5.33669923e-04 -4.24168065 -3.38416978 -3.14200255 -2.96793069 -2.80790333 
4.32876128e-04 -4.24168065 -3.38416978 -3.14200255 -2.96793069 -2.80790333 
3.51119173e-04 -4.24168065 -3.38416978 -3.14200255 -2.96793069 -2.80790333 
2.84803587e-04 -4.24168065 -3.38416978 -3.14200255 -2.96793069 -2.80790333 
2.31012970e-04 -4.24168065 -3.38416978 -3.14200255 -2.96793069 -2.80790333 
1.87381742e-04 -4.24168065 -3.38416978 -3.14200255 -2.96793069 -2.80790333 
1.51991108e-04 -4.24168065 -3.38416978 -3.14200255 -2.96793069 -2.80790333 
1.23284674e-04 -4.24168065 -3.38416978 -3.14200255 -2.96793069 -2.80790333 
1.00000000e-04 -4.24168065 -3.38416978 -3.14200255 -2.96793069 -2.80790333 
8.11130831e-05 -4.24168065 -3.38416978 -3.14200255 -2.96793069 -2.80790333 
6.57933225e-05 -4.24168065 -3.38416978 -3.14200255 -2.96793069 -2.80790333 
5.33669923e-05 -4.24168065 -3.38416978 -3.14200255 -2.96793069 -2.80790333 
4.32876128e-05 -4.24168065 -3.38416978 -3.14200255 -2.96793069 -2.80790333 
3.51119173e-05 -4.24168065 -3.38416978 -3.14200255 -2.96793069 -2.80790333 
2.84803587e-05 -4.24168065 -3.38416978 -3.14200255 -2.96793069 -2.80790333 
2.31012970e-05 -4.24168065 -3.38416978 -3.14200255 -2.96793069 -2.80790333 
1.87381742e-05 -4.24168065 -3.38416978 -3.14200255 -2.96793069 -2.80790333 
1.51991108e-05 -4.24168065 -3.38416978 -3.14200255 -2.96793069 -2.80790333 
1.23284674e-05 -4.24168065 -3.38416978 -3.14200255 -2.96793069 -2.80790333 
1.00000000e-05 -4.24168065 -3.38416978 -3.14200255 -2.96793069 -2.80790333 
8.11130831e-06 -4.24168065 -3.38416978 -3.14200255 -2.96793069 -2.80790333 
6.57933225e-06 -4.24168065 -3.38416978 -3.14200255 -2.96793069 -2.80790333 
5.33669923e-06 -4.24168065 -3.38416978 -3.14200255 -2.96793069 -2.80790333 
4.32876128e-06 -4.24168065 -3.38416978 -3.14200255 -2.96793069 -2.80790333 
3.51119173e-06 -4.24168065 -3.38416978 -3.14200255 -2.96793069 -2.80790333 
2.84803587e-06 -4.24168065 -3.38416978 -3.14200255 -2.96793069 -2.80790333 
2.31012970e-06 -4.24168065 -3.38416978 -3.14200255 -2.96793069 -2.80790333 
1.87381742e-06 -4.24168065 -3.38416978 -3.14200255 -2.96793069 -2.80790333 
1.51991108e-06 -4.24168065 -3.38416978 -3.14200255 -2.96793069 -2.80790333 
1.23284674e-06 -4.24168065 -3.38416978 -3.14200255 -2.96793069 -2.80790333 
1.00000000e-06 -4.24168065 -3.38416978 -3.14200255 -2.96793069 -2.80790333 
8.11130831e-07 -4.24168065 -3.38416978 -3.14200255 -2.96793069 -2.80790333 
6.57933225e-07 -4.24168065 -3.38416978 -3.14200255 -2.96793069 -2.80790333 
5.33669923e-07 -4.24168065 -3.38416978 -3.14200255 -2.96793069 -2.80790333 
4.32876128e-07 -4.24168065 -3.38416978 -3.14200255 -2.96793069 -2.80790333 
3.51119173e-07 -4.24168065 -3.38416978 -3.14200255 -2.96793069 -2.80790333 
2.84803587e-07 -4.24168065 -3.38416978 -3.14200255 -2.96793069 -2.80790333 
2.31012970e-07 -4.24168065 -3.38416978 -3.14200255 -2.96793069 -2.80790333 
1.87381742e-07 -4.24168065 -3.38416978 -3.14200255 -2.96793069 -2.80790333 
1.51991108e-07 -4.24168065 -3.38416978 -3.14200255 -2.96793069 -2.80790333 
1.23284674e-07 -4.24168065 -3.38416978 -3.14200255 -2.96793069 -2.80790333 
1.00000000e-07 -4.24168065 -3.38416978 -3.14200255 -2.96793069 -2.80790333 
P (bar) | log_NH3: -2σ | log_NH3: -1σ | log_NH3: median | log_NH3: +1σ | log_NH3: +2σ 
1.00000000e+02 -5.15182950 -5.07358178 -5.02856997 -5.00734991 -5.00123164 
8.11130831e+01 -5.15182950 -5.07358178 -5.02856997 -5.00734991 -5.00123164 
6.57933225e+01 -5.15182950 -5.07358178 -5.02856997 -5.00734991 -5.00123164 
5.33669923e+01 -5.15182950 -5.07358178 -5.02856997 -5.00734991 -5.00123164 
4.32876128e+01 -5.15182950 -5.07358178 -5.02856997 -5.00734991 -5.00123164 
3.51119173e+01 -5.15182950 -5.07358178 -5.02856997 -5.00734991 -5.00123164 
2.84803587e+01 -5.15182950 -5.07358178 -5.02856997 -5.00734991 -5.00123164 
2.31012970e+01 -5.15182950 -5.07358178 -5.02856997 -5.00734991 -5.00123164 
1.87381742e+01 -5.15182950 -5.07358178 -5.02856997 -5.00734991 -5.00123164 
1.51991108e+01 -5.15182950 -5.07358178 -5.02856997 -5.00734991 -5.00123164 
1.23284674e+01 -5.15182950 -5.07358178 -5.02856997 -5.00734991 -5.00123164 
1.00000000e+01 -5.15182950 -5.07358178 -5.02856997 -5.00734991 -5.00123164 
8.11130831e+00 -5.15182950 -5.07358178 -5.02856997 -5.00734991 -5.00123164 
6.57933225e+00 -5.15182950 -5.07358178 -5.02856997 -5.00734991 -5.00123164 
5.33669923e+00 -5.15182950 -5.07358178 -5.02856997 -5.00734991 -5.00123164 
4.32876128e+00 -5.15182950 -5.07358178 -5.02856997 -5.00734991 -5.00123164 
3.51119173e+00 -5.15182950 -5.07358178 -5.02856997 -5.00734991 -5.00123164 
2.84803587e+00 -5.15182950 -5.07358178 -5.02856997 -5.00734991 -5.00123164 
2.31012970e+00 -5.15182950 -5.07358178 -5.02856997 -5.00734991 -5.00123164 
1.87381742e+00 -5.15182950 -5.07358178 -5.02856997 -5.00734991 -5.00123164 
1.51991108e+00 -5.15182950 -5.07358178 -5.02856997 -5.00734991 -5.00123164 
1.23284674e+00 -5.15182950 -5.07358178 -5.02856997 -5.00734991 -5.00123164 
1.00000000e+00 -5.15182950 -5.07358178 -5.02856997 -5.00734991 -5.00123164 
8.11130831e-01 -5.15182950 -5.07358178 -5.02856997 -5.00734991 -5.00123164 
6.57933225e-01 -5.15182950 -5.07358178 -5.02856997 -5.00734991 -5.00123164 
5.33669923e-01 -5.15182950 -5.07358178 -5.02856997 -5.00734991 -5.00123164 
4.32876128e-01 -5.15182950 -5.07358178 -5.02856997 -5.00734991 -5.00123164 
3.51119173e-01 -5.15182950 -5.07358178 -5.02856997 -5.00734991 -5.00123164 
2.84803587e-01 -5.15182950 -5.07358178 -5.02856997 -5.00734991 -5.00123164 
2.31012970e-01 -5.15182950 -5.07358178 -5.02856997 -5.00734991 -5.00123164 
1.87381742e-01 -5.15182950 -5.07358178 -5.02856997 -5.00734991 -5.00123164 
1.51991108e-01 -5.15182950 -5.07358178 -5.02856997 -5.00734991 -5.00123164 
1.23284674e-01 -5.15182950 -5.07358178 -5.02856997 -5.00734991 -5.00123164 
1.00000000e-01 -5.15182950 -5.07358178 -5.02856997 -5.00734991 -5.00123164 
8.11130831e-02 -5.15182950 -5.07358178 -5.02856997 -5.00734991 -5.00123164 
6.57933225e-02 -5.15182950 -5.07358178 -5.02856997 -5.00734991 -5.00123164 
5.33669923e-02 -5.15182950 -5.07358178 -5.02856997 -5.00734991 -5.00123164 
4.32876128e-02 -5.15182950 -5.07358178 -5.02856997 -5.00734991 -5.00123164 
3.51119173e-02 -5.15182950 -5.07358178 -5.02856997 -5.00734991 -5.00123164 
2.84803587e-02 -5.15182950 -5.07358178 -5.02856997 -5.00734991 -5.00123164 
2.31012970e-02 -5.15182950 -5.07358178 -5.02856997 -5.00734991 -5.00123164 
1.87381742e-02 -5.15182950 -5.07358178 -5.02856997 -5.00734991 -5.00123164 
1.51991108e-02 -5.15182950 -5.07358178 -5.02856997 -5.00734991 -5.00123164 
1.23284674e-02 -5.15182950 -5.07358178 -5.02856997 -5.00734991 -5.00123164 
1.00000000e-02 -5.15182950 -5.07358178 -5.02856997 -5.00734991 -5.00123164 
8.11130831e-03 -5.15182950 -5.07358178 -5.02856997 -5.00734991 -5.00123164 
6.57933225e-03 -5.15182950 -5.07358178 -5.02856997 -5.00734991 -5.00123164 
5.33669923e-03 -5.15182950 -5.07358178 -5.02856997 -5.00734991 -5.00123164 
4.32876128e-03 -5.15182950 -5.07358178 -5.02856997 -5.00734991 -5.00123164 
3.51119173e-03 -5.15182950 -5.07358178 -5.02856997 -5.00734991 -5.00123164 
2.84803587e-03 -5.15182950 -5.07358178 -5.02856997 -5.00734991 -5.00123164 
2.31012970e-03 -5.15182950 -5.07358178 -5.02856997 -5.00734991 -5.00123164 
1.87381742e-03 -5.15182950 -5.07358178 -5.02856997 -5.00734991 -5.00123164 
1.51991108e-03 -5.15182950 -5.07358178 -5.02856997 -5.00734991 -5.00123164 
1.23284674e-03 -5.15182950 -5.07358178 -5.02856997 -5.00734991 -5.00123164 
1.00000000e-03 -5.15182950 -5.07358178 -5.02856997 -5.00734991 -5.00123164 
8.11130831e-04 -5.15182950 -5.07358178 -5.02856997 -5.00734991 -5.00123164 
6.57933225e-04 -5.15182950 -5.07358178 -5.02856997 -5.00734991 -5.00123164 
5.33669923e-04 -5.15182950 -5.07358178 -5.02856997 -5.00734991 -5.00123164 
4.32876128e-04 -5.15182950 -5.07358178 -5.02856997 -5.00734991 -5.00123164 
3.51119173e-04 -5.15182950 -5.07358178 -5.02856997 -5.00734991 -5.00123164 
2.84803587e-04 -5.15182950 -5.07358178 -5.02856997 -5.00734991 -5.00123164 
2.31012970e-04 -5.15182950 -5.07358178 -5.02856997 -5.00734991 -5.00123164 
1.87381742e-04 -5.15182950 -5.07358178 -5.02856997 -5.00734991 -5.00123164 
1.51991108e-04 -5.15182950 -5.07358178 -5.02856997 -5.00734991 -5.00123164 
1.23284674e-04 -5.15182950 -5.07358178 -5.02856997 -5.00734991 -5.00123164 
1.00000000e-04 -5.15182950 -5.07358178 -5.02856997 -5.00734991 -5.00123164 
8.11130831e-05 -5.15182950 -5.07358178 -5.02856997 -5.00734991 -5.00123164 
6.57933225e-05 -5.15182950 -5.07358178 -5.02856997 -5.00734991 -5.00123164 
5.33669923e-05 -5.15182950 -5.07358178 -5.02856997 -5.00734991 -5.00123164 
4.32876128e-05 -5.15182950 -5.07358178 -5.02856997 -5.00734991 -5.00123164 
3.51119173e-05 -5.15182950 -5.07358178 -5.02856997 -5.00734991 -5.00123164 
2.84803587e-05 -5.15182950 -5.07358178 -5.02856997 -5.00734991 -5.00123164 
2.31012970e-05 -5.15182950 -5.07358178 -5.02856997 -5.00734991 -5.00123164 
1.87381742e-05 -5.15182950 -5.07358178 -5.02856997 -5.00734991 -5.00123164 
1.51991108e-05 -5.15182950 -5.07358178 -5.02856997 -5.00734991 -5.00123164 
1.23284674e-05 -5.15182950 -5.07358178 -5.02856997 -5.00734991 -5.00123164 
1.00000000e-05 -5.15182950 -5.07358178 -5.02856997 -5.00734991 -5.00123164 
8.11130831e-06 -5.15182950 -5.07358178 -5.02856997 -5.00734991 -5.00123164 
6.57933225e-06 -5.15182950 -5.07358178 -5.02856997 -5.00734991 -5.00123164 
5.33669923e-06 -5.15182950 -5.07358178 -5.02856997 -5.00734991 -5.00123164 
4.32876128e-06 -5.15182950 -5.07358178 -5.02856997 -5.00734991 -5.00123164 
3.51119173e-06 -5.15182950 -5.07358178 -5.02856997 -5.00734991 -5.00123164 
2.84803587e-06 -5.15182950 -5.07358178 -5.02856997 -5.00734991 -5.00123164 
2.31012970e-06 -5.15182950 -5.07358178 -5.02856997 -5.00734991 -5.00123164 
1.87381742e-06 -5.15182950 -5.07358178 -5.02856997 -5.00734991 -5.00123164 
1.51991108e-06 -5.15182950 -5.07358178 -5.02856997 -5.00734991 -5.00123164 
1.23284674e-06 -5.15182950 -5.07358178 -5.02856997 -5.00734991 -5.00123164 
1.00000000e-06 -5.15182950 -5.07358178 -5.02856997 -5.00734991 -5.00123164 
8.11130831e-07 -5.15182950 -5.07358178 -5.02856997 -5.00734991 -5.00123164 
6.57933225e-07 -5.15182950 -5.07358178 -5.02856997 -5.00734991 -5.00123164 
5.33669923e-07 -5.15182950 -5.07358178 -5.02856997 -5.00734991 -5.00123164 
4.32876128e-07 -5.15182950 -5.07358178 -5.02856997 -5.00734991 -5.00123164 
3.51119173e-07 -5.15182950 -5.07358178 -5.02856997 -5.00734991 -5.00123164 
2.84803587e-07 -5.15182950 -5.07358178 -5.02856997 -5.00734991 -5.00123164 
2.31012970e-07 -5.15182950 -5.07358178 -5.02856997 -5.00734991 -5.00123164 
1.87381742e-07 -5.15182950 -5.07358178 -5.02856997 -5.00734991 -5.00123164 
1.51991108e-07 -5.15182950 -5.07358178 -5.02856997 -5.00734991 -5.00123164 
1.23284674e-07 -5.15182950 -5.07358178 -5.02856997 -5.00734991 -5.00123164 
1.00000000e-07 -5.15182950 -5.07358178 -5.02856997 -5.00734991 -5.00123164 
P (bar) | log_CH4: -2σ | log_CH4: -1σ | log_CH4: median | log_CH4: +1σ | log_CH4: +2σ 
1.00000000e+02 -5.21655849 -5.11337101 -5.04790398 -5.01358926 -5.00221044 
8.11130831e+01 -5.21655849 -5.11337101 -5.04790398 -5.01358926 -5.00221044 
6.57933225e+01 -5.21655849 -5.11337101 -5.04790398 -5.01358926 -5.00221044 
5.33669923e+01 -5.21655849 -5.11337101 -5.04790398 -5.01358926 -5.00221044 
4.32876128e+01 -5.21655849 -5.11337101 -5.04790398 -5.01358926 -5.00221044 
3.51119173e+01 -5.21655849 -5.11337101 -5.04790398 -5.01358926 -5.00221044 
2.84803587e+01 -5.21655849 -5.11337101 -5.04790398 -5.01358926 -5.00221044 
2.31012970e+01 -5.21655849 -5.11337101 -5.04790398 -5.01358926 -5.00221044 
1.87381742e+01 -5.21655849 -5.11337101 -5.04790398 -5.01358926 -5.00221044 
1.51991108e+01 -5.21655849 -5.11337101 -5.04790398 -5.01358926 -5.00221044 
1.23284674e+01 -5.21655849 -5.11337101 -5.04790398 -5.01358926 -5.00221044 
1.00000000e+01 -5.21655849 -5.11337101 -5.04790398 -5.01358926 -5.00221044 
8.11130831e+00 -5.21655849 -5.11337101 -5.04790398 -5.01358926 -5.00221044 
6.57933225e+00 -5.21655849 -5.11337101 -5.04790398 -5.01358926 -5.00221044 
5.33669923e+00 -5.21655849 -5.11337101 -5.04790398 -5.01358926 -5.00221044 
4.32876128e+00 -5.21655849 -5.11337101 -5.04790398 -5.01358926 -5.00221044 
3.51119173e+00 -5.21655849 -5.11337101 -5.04790398 -5.01358926 -5.00221044 
2.84803587e+00 -5.21655849 -5.11337101 -5.04790398 -5.01358926 -5.00221044 
2.31012970e+00 -5.21655849 -5.11337101 -5.04790398 -5.01358926 -5.00221044 
1.87381742e+00 -5.21655849 -5.11337101 -5.04790398 -5.01358926 -5.00221044 
1.51991108e+00 -5.21655849 -5.11337101 -5.04790398 -5.01358926 -5.00221044 
1.23284674e+00 -5.21655849 -5.11337101 -5.04790398 -5.01358926 -5.00221044 
1.00000000e+00 -5.21655849 -5.11337101 -5.04790398 -5.01358926 -5.00221044 
8.11130831e-01 -5.21655849 -5.11337101 -5.04790398 -5.01358926 -5.00221044 
6.57933225e-01 -5.21655849 -5.11337101 -5.04790398 -5.01358926 -5.00221044 
5.33669923e-01 -5.21655849 -5.11337101 -5.04790398 -5.01358926 -5.00221044 
4.32876128e-01 -5.21655849 -5.11337101 -5.04790398 -5.01358926 -5.00221044 
3.51119173e-01 -5.21655849 -5.11337101 -5.04790398 -5.01358926 -5.00221044 
2.84803587e-01 -5.21655849 -5.11337101 -5.04790398 -5.01358926 -5.00221044 
2.31012970e-01 -5.21655849 -5.11337101 -5.04790398 -5.01358926 -5.00221044 
1.87381742e-01 -5.21655849 -5.11337101 -5.04790398 -5.01358926 -5.00221044 
1.51991108e-01 -5.21655849 -5.11337101 -5.04790398 -5.01358926 -5.00221044 
1.23284674e-01 -5.21655849 -5.11337101 -5.04790398 -5.01358926 -5.00221044 
1.00000000e-01 -5.21655849 -5.11337101 -5.04790398 -5.01358926 -5.00221044 
8.11130831e-02 -5.21655849 -5.11337101 -5.04790398 -5.01358926 -5.00221044 
6.57933225e-02 -5.21655849 -5.11337101 -5.04790398 -5.01358926 -5.00221044 
5.33669923e-02 -5.21655849 -5.11337101 -5.04790398 -5.01358926 -5.00221044 
4.32876128e-02 -5.21655849 -5.11337101 -5.04790398 -5.01358926 -5.00221044 
3.51119173e-02 -5.21655849 -5.11337101 -5.04790398 -5.01358926 -5.00221044 
2.84803587e-02 -5.21655849 -5.11337101 -5.04790398 -5.01358926 -5.00221044 
2.31012970e-02 -5.21655849 -5.11337101 -5.04790398 -5.01358926 -5.00221044 
1.87381742e-02 -5.21655849 -5.11337101 -5.04790398 -5.01358926 -5.00221044 
1.51991108e-02 -5.21655849 -5.11337101 -5.04790398 -5.01358926 -5.00221044 
1.23284674e-02 -5.21655849 -5.11337101 -5.04790398 -5.01358926 -5.00221044 
1.00000000e-02 -5.21655849 -5.11337101 -5.04790398 -5.01358926 -5.00221044 
8.11130831e-03 -5.21655849 -5.11337101 -5.04790398 -5.01358926 -5.00221044 
6.57933225e-03 -5.21655849 -5.11337101 -5.04790398 -5.01358926 -5.00221044 
5.33669923e-03 -5.21655849 -5.11337101 -5.04790398 -5.01358926 -5.00221044 
4.32876128e-03 -5.21655849 -5.11337101 -5.04790398 -5.01358926 -5.00221044 
3.51119173e-03 -5.21655849 -5.11337101 -5.04790398 -5.01358926 -5.00221044 
2.84803587e-03 -5.21655849 -5.11337101 -5.04790398 -5.01358926 -5.00221044 
2.31012970e-03 -5.21655849 -5.11337101 -5.04790398 -5.01358926 -5.00221044 
1.87381742e-03 -5.21655849 -5.11337101 -5.04790398 -5.01358926 -5.00221044 
1.51991108e-03 -5.21655849 -5.11337101 -5.04790398 -5.01358926 -5.00221044 
1.23284674e-03 -5.21655849 -5.11337101 -5.04790398 -5.01358926 -5.00221044 
1.00000000e-03 -5.21655849 -5.11337101 -5.04790398 -5.01358926 -5.00221044 
8.11130831e-04 -5.21655849 -5.11337101 -5.04790398 -5.01358926 -5.00221044 
6.57933225e-04 -5.21655849 -5.11337101 -5.04790398 -5.01358926 -5.00221044 
5.33669923e-04 -5.21655849 -5.11337101 -5.04790398 -5.01358926 -5.00221044 
4.32876128e-04 -5.21655849 -5.11337101 -5.04790398 -5.01358926 -5.00221044 
3.51119173e-04 -5.21655849 -5.11337101 -5.04790398 -5.01358926 -5.00221044 
2.84803587e-04 -5.21655849 -5.11337101 -5.04790398 -5.01358926 -5.00221044 
2.31012970e-04 -5.21655849 -5.11337101 -5.04790398 -5.01358926 -5.00221044 
1.87381742e-04 -5.21655849 -5.11337101 -5.04790398 -5.01358926 -5.00221044 
1.51991108e-04 -5.21655849 -5.11337101 -5.04790398 -5.01358926 -5.00221044 
1.23284674e-04 -5.21655849 -5.11337101 -5.04790398 -5.01358926 -5.00221044 
1.00000000e-04 -5.21655849 -5.11337101 -5.04790398 -5.01358926 -5.00221044 
8.11130831e-05 -5.21655849 -5.11337101 -5.04790398 -5.01358926 -5.00221044 
6.57933225e-05 -5.21655849 -5.11337101 -5.04790398 -5.01358926 -5.00221044 
5.33669923e-05 -5.21655849 -5.11337101 -5.04790398 -5.01358926 -5.00221044 
4.32876128e-05 -5.21655849 -5.11337101 -5.04790398 -5.01358926 -5.00221044 
3.51119173e-05 -5.21655849 -5.11337101 -5.04790398 -5.01358926 -5.00221044 
2.84803587e-05 -5.21655849 -5.11337101 -5.04790398 -5.01358926 -5.00221044 
2.31012970e-05 -5.21655849 -5.11337101 -5.04790398 -5.01358926 -5.00221044 
1.87381742e-05 -5.21655849 -5.11337101 -5.04790398 -5.01358926 -5.00221044 
1.51991108e-05 -5.21655849 -5.11337101 -5.04790398 -5.01358926 -5.00221044 
1.23284674e-05 -5.21655849 -5.11337101 -5.04790398 -5.01358926 -5.00221044 
1.00000000e-05 -5.21655849 -5.11337101 -5.04790398 -5.01358926 -5.00221044 
8.11130831e-06 -5.21655849 -5.11337101 -5.04790398 -5.01358926 -5.00221044 
6.57933225e-06 -5.21655849 -5.11337101 -5.04790398 -5.01358926 -5.00221044 
5.33669923e-06 -5.21655849 -5.11337101 -5.04790398 -5.01358926 -5.00221044 
4.32876128e-06 -5.21655849 -5.11337101 -5.04790398 -5.01358926 -5.00221044 
3.51119173e-06 -5.21655849 -5.11337101 -5.04790398 -5.01358926 -5.00221044 
2.84803587e-06 -5.21655849 -5.11337101 -5.04790398 -5.01358926 -5.00221044 
2.31012970e-06 -5.21655849 -5.11337101 -5.04790398 -5.01358926 -5.00221044 
1.87381742e-06 -5.21655849 -5.11337101 -5.04790398 -5.01358926 -5.00221044 
1.51991108e-06 -5.21655849 -5.11337101 -5.04790398 -5.01358926 -5.00221044 
1.23284674e-06 -5.21655849 -5.11337101 -5.04790398 -5.01358926 -5.00221044 
1.00000000e-06 -5.21655849 -5.11337101 -5.04790398 -5.01358926 -5.00221044 
8.11130831e-07 -5.21655849 -5.11337101 -5.04790398 -5.01358926 -5.00221044 
6.57933225e-07 -5.21655849 -5.11337101 -5.04790398 -5.01358926 -5.00221044 
5.33669923e-07 -5.21655849 -5.11337101 -5.04790398 -5.01358926 -5.00221044 
4.32876128e-07 -5.21655849 -5.11337101 -5.04790398 -5.01358926 -5.00221044 
3.51119173e-07 -5.21655849 -5.11337101 -5.04790398 -5.01358926 -5.00221044 
2.84803587e-07 -5.21655849 -5.11337101 -5.04790398 -5.01358926 -5.00221044 
2.31012970e-07 -5.21655849 -5.11337101 -5.04790398 -5.01358926 -5.00221044 
1.87381742e-07 -5.21655849 -5.11337101 -5.04790398 -5.01358926 -5.00221044 
1.51991108e-07 -5.21655849 -5.11337101 -5.04790398 -5.01358926 -5.00221044 
1.23284674e-07 -5.21655849 -5.11337101 -5.04790398 -5.01358926 -5.00221044 
1.00000000e-07 -5.21655849 -5.11337101 -5.04790398 -5.01358926 -5.00221044 
