Chemical species: H2 He H2O CO2 CO CH4 H2S
P (bar) | log_H2: -2σ | log_H2: -1σ | log_H2: median | log_H2: +1σ | log_H2: +2σ 
1.00000000e+02 -0.07078855 -0.07042453 -0.07014341 -0.06990220 -0.06970210 
8.11130831e+01 -0.07077410 -0.07041552 -0.07013482 -0.06989322 -0.06969607 
6.57933225e+01 -0.07076688 -0.07040723 -0.07012575 -0.06988562 -0.06968784 
5.33669923e+01 -0.07076049 -0.07039662 -0.07011638 -0.06987976 -0.06967948 
4.32876128e+01 -0.07075195 -0.07038653 -0.07010843 -0.06987170 -0.06967120 
3.51119173e+01 -0.07074068 -0.07037902 -0.07010037 -0.06986516 -0.06966437 
2.84803587e+01 -0.07073277 -0.07037207 -0.07009513 -0.06986247 -0.06965901 
2.31012970e+01 -0.07072873 -0.07036871 -0.07009297 -0.06985973 -0.06965606 
1.87381742e+01 -0.07072472 -0.07036765 -0.07009159 -0.06985923 -0.06965314 
1.51991108e+01 -0.07072076 -0.07036622 -0.07009065 -0.06985710 -0.06965087 
1.23284674e+01 -0.07071820 -0.07036250 -0.07009058 -0.06985501 -0.06964932 
1.00000000e+01 -0.07071747 -0.07036016 -0.07008939 -0.06985189 -0.06964928 
8.11130831e+00 -0.07071061 -0.07035366 -0.07008311 -0.06985130 -0.06964765 
6.57933225e+00 -0.07069417 -0.07034832 -0.07007981 -0.06984938 -0.06964673 
5.33669923e+00 -0.07068571 -0.07033968 -0.07007798 -0.06984808 -0.06964709 
4.32876128e+00 -0.07066897 -0.07033734 -0.07007382 -0.06984756 -0.06964771 
3.51119173e+00 -0.07066771 -0.07033645 -0.07007305 -0.06984781 -0.06964871 
2.84803587e+00 -0.07063063 -0.07031274 -0.07005548 -0.06983650 -0.06964424 
2.31012970e+00 -0.07058796 -0.07026697 -0.07002099 -0.06981593 -0.06963452 
1.87381742e+00 -0.07055471 -0.07023672 -0.06999496 -0.06979328 -0.06960905 
1.51991108e+00 -0.07053132 -0.07021561 -0.06997524 -0.06977612 -0.06960243 
1.23284674e+00 -0.07051481 -0.07020099 -0.06996486 -0.06977169 -0.06959738 
1.00000000e+00 -0.07052297 -0.07020152 -0.06996445 -0.06977104 -0.06959617 
8.11130831e-01 -0.07043005 -0.07012230 -0.06988931 -0.06970639 -0.06953752 
6.57933225e-01 -0.07036868 -0.07006136 -0.06983278 -0.06965544 -0.06949589 
5.33669923e-01 -0.07032561 -0.07001978 -0.06979725 -0.06962278 -0.06946592 
4.32876128e-01 -0.07029802 -0.07000535 -0.06977810 -0.06960606 -0.06945104 
3.51119173e-01 -0.07030007 -0.07000385 -0.06978117 -0.06961317 -0.06945483 
2.84803587e-01 -0.07028446 -0.06998268 -0.06976565 -0.06959798 -0.06943801 
2.31012970e-01 -0.07026205 -0.06994465 -0.06973151 -0.06956429 -0.06940377 
1.87381742e-01 -0.07025077 -0.06992647 -0.06971264 -0.06954241 -0.06938469 
1.51991108e-01 -0.07025649 -0.06992153 -0.06970918 -0.06953819 -0.06938338 
1.23284674e-01 -0.07027531 -0.06992954 -0.06971851 -0.06954237 -0.06938898 
1.00000000e-01 -0.07030110 -0.06994944 -0.06973728 -0.06955939 -0.06940720 
8.11130831e-02 -0.07031631 -0.06995477 -0.06973886 -0.06955539 -0.06939934 
6.57933225e-02 -0.07032874 -0.06996508 -0.06974554 -0.06955837 -0.06939977 
5.33669923e-02 -0.07033491 -0.06997701 -0.06975397 -0.06956498 -0.06940390 
4.32876128e-02 -0.07035009 -0.06999378 -0.06976664 -0.06957697 -0.06941056 
3.51119173e-02 -0.07037531 -0.07001453 -0.06978216 -0.06958900 -0.06941901 
2.84803587e-02 -0.07038776 -0.07002878 -0.06979174 -0.06959544 -0.06942325 
2.31012970e-02 -0.07039705 -0.07004121 -0.06980056 -0.06960295 -0.06942458 
1.87381742e-02 -0.07041259 -0.07005629 -0.06981026 -0.06961229 -0.06942756 
1.51991108e-02 -0.07043386 -0.07007426 -0.06982008 -0.06961744 -0.06943376 
1.23284674e-02 -0.07045809 -0.07008972 -0.06983129 -0.06962431 -0.06944302 
1.00000000e-02 -0.07048177 -0.07010667 -0.06984280 -0.06963200 -0.06944908 
8.11130831e-03 -0.07049718 -0.07011547 -0.06984940 -0.06963704 -0.06945010 
6.57933225e-03 -0.07051277 -0.07012948 -0.06985570 -0.06964116 -0.06945106 
5.33669923e-03 -0.07052853 -0.07014185 -0.06986097 -0.06964527 -0.06945329 
4.32876128e-03 -0.07054498 -0.07015598 -0.06986660 -0.06964919 -0.06945545 
3.51119173e-03 -0.07056595 -0.07016848 -0.06987243 -0.06965157 -0.06945694 
2.84803587e-03 -0.07057982 -0.07017676 -0.06987534 -0.06965505 -0.06945804 
2.31012970e-03 -0.07059609 -0.07018264 -0.06987816 -0.06965718 -0.06945874 
1.87381742e-03 -0.07060487 -0.07019077 -0.06988064 -0.06965819 -0.06945944 
1.51991108e-03 -0.07061220 -0.07019635 -0.06988278 -0.06965921 -0.06946014 
1.23284674e-03 -0.07061956 -0.07020067 -0.06988618 -0.06966024 -0.06946084 
1.00000000e-03 -0.07063449 -0.07020551 -0.06988837 -0.06966126 -0.06946155 
8.11130831e-04 -0.07064458 -0.07020832 -0.06988953 -0.06966183 -0.06946201 
6.57933225e-04 -0.07065473 -0.07021258 -0.06989197 -0.06966239 -0.06946247 
5.33669923e-04 -0.07066287 -0.07021604 -0.06989424 -0.06966296 -0.06946293 
4.32876128e-04 -0.07066505 -0.07021798 -0.06989525 -0.06966353 -0.06946340 
3.51119173e-04 -0.07066723 -0.07022026 -0.06989714 -0.06966450 -0.06946386 
2.84803587e-04 -0.07066884 -0.07022239 -0.06989780 -0.06966560 -0.06946428 
2.31012970e-04 -0.07066986 -0.07022350 -0.06989837 -0.06966645 -0.06946466 
1.87381742e-04 -0.07067453 -0.07022497 -0.06989948 -0.06966689 -0.06946503 
1.51991108e-04 -0.07068095 -0.07022687 -0.06990002 -0.06966733 -0.06946541 
1.23284674e-04 -0.07068729 -0.07022849 -0.06990130 -0.06966777 -0.06946579 
1.00000000e-04 -0.07068846 -0.07022992 -0.06990259 -0.06966821 -0.06946617 
8.11130831e-05 -0.07068991 -0.07023069 -0.06990351 -0.06966857 -0.06946649 
6.57933225e-05 -0.07069361 -0.07023146 -0.06990446 -0.06966893 -0.06946682 
5.33669923e-05 -0.07069731 -0.07023223 -0.06990502 -0.06966929 -0.06946714 
4.32876128e-05 -0.07070102 -0.07023290 -0.06990548 -0.06966965 -0.06946747 
3.51119173e-05 -0.07070474 -0.07023394 -0.06990607 -0.06967001 -0.06946780 
2.84803587e-05 -0.07070745 -0.07023489 -0.06990668 -0.06967034 -0.06946810 
2.31012970e-05 -0.07070915 -0.07023566 -0.06990714 -0.06967062 -0.06946837 
1.87381742e-05 -0.07071086 -0.07023642 -0.06990760 -0.06967090 -0.06946865 
1.51991108e-05 -0.07071256 -0.07023719 -0.06990805 -0.06967118 -0.06946892 
1.23284674e-05 -0.07071427 -0.07023795 -0.06990851 -0.06967147 -0.06946919 
1.00000000e-05 -0.07071598 -0.07023872 -0.06990897 -0.06967175 -0.06946947 
8.11130831e-06 -0.07071699 -0.07023946 -0.06990931 -0.06967189 -0.06946962 
6.57933225e-06 -0.07071800 -0.07024020 -0.06990966 -0.06967204 -0.06946978 
5.33669923e-06 -0.07071901 -0.07024094 -0.06991001 -0.06967223 -0.06946993 
4.32876128e-06 -0.07072002 -0.07024168 -0.06991059 -0.06967243 -0.06947012 
3.51119173e-06 -0.07072104 -0.07024242 -0.06991122 -0.06967263 -0.06947040 
2.84803587e-06 -0.07072193 -0.07024296 -0.06991177 -0.06967271 -0.06947059 
2.31012970e-06 -0.07072269 -0.07024316 -0.06991199 -0.06967268 -0.06947067 
1.87381742e-06 -0.07072345 -0.07024295 -0.06991174 -0.06967266 -0.06947076 
1.51991108e-06 -0.07072421 -0.07024315 -0.06991197 -0.06967263 -0.06947084 
1.23284674e-06 -0.07072498 -0.07024372 -0.06991244 -0.06967261 -0.06947093 
1.00000000e-06 -0.07072574 -0.07024430 -0.06991285 -0.06967259 -0.06947102 
8.11130831e-07 -0.07072612 -0.07024455 -0.06991262 -0.06967225 -0.06947086 
6.57933225e-07 -0.07072649 -0.07024479 -0.06991239 -0.06967197 -0.06947071 
5.33669923e-07 -0.07072687 -0.07024504 -0.06991216 -0.06967171 -0.06947056 
4.32876128e-07 -0.07072724 -0.07024508 -0.06991193 -0.06967149 -0.06947041 
3.51119173e-07 -0.07072762 -0.07024481 -0.06991171 -0.06967127 -0.06947026 
2.84803587e-07 -0.07072770 -0.07024393 -0.06991115 -0.06967086 -0.06946995 
2.31012970e-07 -0.07072747 -0.07024274 -0.06991003 -0.06967025 -0.06946949 
1.87381742e-07 -0.07072726 -0.07024158 -0.06990935 -0.06966971 -0.06946904 
1.51991108e-07 -0.07072704 -0.07024045 -0.06990912 -0.06966905 -0.06946859 
1.23284674e-07 -0.07072684 -0.07023965 -0.06990844 -0.06966826 -0.06946814 
1.00000000e-07 -0.07072664 -0.07023954 -0.06990777 -0.06966759 -0.06946771 
P (bar) | log_He: -2σ | log_He: -1σ | log_He: median | log_He: +1σ | log_He: +2σ 
1.00000000e+02 -0.84033963 -0.83997561 -0.83969449 -0.83945328 -0.83925317 
8.11130831e+01 -0.84032518 -0.83996660 -0.83968590 -0.83944430 -0.83924715 
6.57933225e+01 -0.84031795 -0.83995831 -0.83967683 -0.83943670 -0.83923891 
5.33669923e+01 -0.84031156 -0.83994769 -0.83966746 -0.83943084 -0.83923056 
4.32876128e+01 -0.84030303 -0.83993761 -0.83965951 -0.83942278 -0.83922228 
3.51119173e+01 -0.84029176 -0.83993010 -0.83965145 -0.83941624 -0.83921545 
2.84803587e+01 -0.84028384 -0.83992315 -0.83964621 -0.83941355 -0.83921009 
2.31012970e+01 -0.84027981 -0.83991978 -0.83964405 -0.83941081 -0.83920714 
1.87381742e+01 -0.84027580 -0.83991873 -0.83964267 -0.83941031 -0.83920422 
1.51991108e+01 -0.84027184 -0.83991730 -0.83964172 -0.83940818 -0.83920195 
1.23284674e+01 -0.84026928 -0.83991358 -0.83964165 -0.83940608 -0.83920040 
1.00000000e+01 -0.84026855 -0.83991124 -0.83964047 -0.83940297 -0.83920036 
8.11130831e+00 -0.84026169 -0.83990474 -0.83963418 -0.83940237 -0.83919872 
6.57933225e+00 -0.84024525 -0.83989940 -0.83963089 -0.83940046 -0.83919781 
5.33669923e+00 -0.84023678 -0.83989076 -0.83962906 -0.83939916 -0.83919817 
4.32876128e+00 -0.84022005 -0.83988842 -0.83962490 -0.83939864 -0.83919879 
3.51119173e+00 -0.84021879 -0.83988753 -0.83962413 -0.83939889 -0.83919979 
2.84803587e+00 -0.84018171 -0.83986382 -0.83960656 -0.83938757 -0.83919531 
2.31012970e+00 -0.84013904 -0.83981805 -0.83957207 -0.83936701 -0.83918560 
1.87381742e+00 -0.84010579 -0.83978780 -0.83954604 -0.83934436 -0.83916013 
1.51991108e+00 -0.84008240 -0.83976668 -0.83952632 -0.83932720 -0.83915350 
1.23284674e+00 -0.84006589 -0.83975207 -0.83951594 -0.83932277 -0.83914846 
1.00000000e+00 -0.84007405 -0.83975260 -0.83951553 -0.83932212 -0.83914725 
8.11130831e-01 -0.83998113 -0.83967338 -0.83944039 -0.83925747 -0.83908859 
6.57933225e-01 -0.83991976 -0.83961244 -0.83938386 -0.83920652 -0.83904697 
5.33669923e-01 -0.83987669 -0.83957086 -0.83934833 -0.83917386 -0.83901700 
4.32876128e-01 -0.83984910 -0.83955643 -0.83932918 -0.83915714 -0.83900212 
3.51119173e-01 -0.83985115 -0.83955492 -0.83933225 -0.83916425 -0.83900591 
2.84803587e-01 -0.83983554 -0.83953376 -0.83931673 -0.83914906 -0.83898909 
2.31012970e-01 -0.83981313 -0.83949572 -0.83928259 -0.83911537 -0.83895484 
1.87381742e-01 -0.83980185 -0.83947755 -0.83926372 -0.83909349 -0.83893577 
1.51991108e-01 -0.83980757 -0.83947261 -0.83926026 -0.83908926 -0.83893446 
1.23284674e-01 -0.83982639 -0.83948062 -0.83926959 -0.83909345 -0.83894006 
1.00000000e-01 -0.83985218 -0.83950052 -0.83928836 -0.83911047 -0.83895828 
8.11130831e-02 -0.83986739 -0.83950585 -0.83928994 -0.83910647 -0.83895042 
6.57933225e-02 -0.83987982 -0.83951615 -0.83929662 -0.83910945 -0.83895085 
5.33669923e-02 -0.83988599 -0.83952808 -0.83930505 -0.83911606 -0.83895497 
4.32876128e-02 -0.83990116 -0.83954486 -0.83931772 -0.83912805 -0.83896164 
3.51119173e-02 -0.83992639 -0.83956561 -0.83933324 -0.83914008 -0.83897009 
2.84803587e-02 -0.83993884 -0.83957986 -0.83934282 -0.83914652 -0.83897433 
2.31012970e-02 -0.83994813 -0.83959229 -0.83935163 -0.83915403 -0.83897565 
1.87381742e-02 -0.83996367 -0.83960737 -0.83936134 -0.83916336 -0.83897864 
1.51991108e-02 -0.83998494 -0.83962533 -0.83937115 -0.83916852 -0.83898484 
1.23284674e-02 -0.84000917 -0.83964080 -0.83938237 -0.83917539 -0.83899410 
1.00000000e-02 -0.84003285 -0.83965774 -0.83939388 -0.83918308 -0.83900016 
8.11130831e-03 -0.84004826 -0.83966655 -0.83940047 -0.83918812 -0.83900118 
6.57933225e-03 -0.84006385 -0.83968056 -0.83940678 -0.83919224 -0.83900214 
5.33669923e-03 -0.84007961 -0.83969293 -0.83941205 -0.83919635 -0.83900437 
4.32876128e-03 -0.84009605 -0.83970705 -0.83941768 -0.83920027 -0.83900653 
3.51119173e-03 -0.84011703 -0.83971956 -0.83942351 -0.83920265 -0.83900802 
2.84803587e-03 -0.84013090 -0.83972784 -0.83942642 -0.83920613 -0.83900912 
2.31012970e-03 -0.84014717 -0.83973372 -0.83942923 -0.83920826 -0.83900982 
1.87381742e-03 -0.84015595 -0.83974184 -0.83943172 -0.83920927 -0.83901052 
1.51991108e-03 -0.84016328 -0.83974743 -0.83943386 -0.83921029 -0.83901122 
1.23284674e-03 -0.84017064 -0.83975175 -0.83943726 -0.83921132 -0.83901192 
1.00000000e-03 -0.84018556 -0.83975659 -0.83943945 -0.83921234 -0.83901263 
8.11130831e-04 -0.84019566 -0.83975940 -0.83944060 -0.83921291 -0.83901309 
6.57933225e-04 -0.84020581 -0.83976366 -0.83944305 -0.83921347 -0.83901355 
5.33669923e-04 -0.84021395 -0.83976712 -0.83944532 -0.83921404 -0.83901401 
4.32876128e-04 -0.84021613 -0.83976906 -0.83944632 -0.83921461 -0.83901447 
3.51119173e-04 -0.84021831 -0.83977134 -0.83944822 -0.83921558 -0.83901494 
2.84803587e-04 -0.84021991 -0.83977347 -0.83944888 -0.83921668 -0.83901536 
2.31012970e-04 -0.84022094 -0.83977458 -0.83944945 -0.83921753 -0.83901574 
1.87381742e-04 -0.84022561 -0.83977604 -0.83945056 -0.83921797 -0.83901611 
1.51991108e-04 -0.84023203 -0.83977795 -0.83945110 -0.83921841 -0.83901649 
1.23284674e-04 -0.84023837 -0.83977956 -0.83945238 -0.83921885 -0.83901687 
1.00000000e-04 -0.84023954 -0.83978100 -0.83945367 -0.83921929 -0.83901725 
8.11130831e-05 -0.84024099 -0.83978177 -0.83945459 -0.83921965 -0.83901757 
6.57933225e-05 -0.84024468 -0.83978254 -0.83945554 -0.83922001 -0.83901790 
5.33669923e-05 -0.84024839 -0.83978331 -0.83945609 -0.83922037 -0.83901822 
4.32876128e-05 -0.84025210 -0.83978397 -0.83945656 -0.83922073 -0.83901855 
3.51119173e-05 -0.84025582 -0.83978502 -0.83945715 -0.83922109 -0.83901888 
2.84803587e-05 -0.84025853 -0.83978597 -0.83945776 -0.83922142 -0.83901918 
2.31012970e-05 -0.84026023 -0.83978674 -0.83945822 -0.83922170 -0.83901945 
1.87381742e-05 -0.84026194 -0.83978750 -0.83945868 -0.83922198 -0.83901972 
1.51991108e-05 -0.84026364 -0.83978827 -0.83945913 -0.83922226 -0.83902000 
1.23284674e-05 -0.84026535 -0.83978903 -0.83945959 -0.83922254 -0.83902027 
1.00000000e-05 -0.84026705 -0.83978980 -0.83946005 -0.83922283 -0.83902055 
8.11130831e-06 -0.84026807 -0.83979054 -0.83946039 -0.83922297 -0.83902070 
6.57933225e-06 -0.84026908 -0.83979128 -0.83946074 -0.83922312 -0.83902086 
5.33669923e-06 -0.84027009 -0.83979202 -0.83946108 -0.83922331 -0.83902101 
4.32876128e-06 -0.84027110 -0.83979276 -0.83946167 -0.83922351 -0.83902120 
3.51119173e-06 -0.84027212 -0.83979350 -0.83946230 -0.83922370 -0.83902148 
2.84803587e-06 -0.84027301 -0.83979404 -0.83946284 -0.83922379 -0.83902166 
2.31012970e-06 -0.84027377 -0.83979424 -0.83946307 -0.83922376 -0.83902175 
1.87381742e-06 -0.84027453 -0.83979403 -0.83946282 -0.83922374 -0.83902183 
1.51991108e-06 -0.84027529 -0.83979422 -0.83946305 -0.83922371 -0.83902192 
1.23284674e-06 -0.84027606 -0.83979480 -0.83946352 -0.83922369 -0.83902201 
1.00000000e-06 -0.84027682 -0.83979538 -0.83946393 -0.83922367 -0.83902209 
8.11130831e-07 -0.84027719 -0.83979562 -0.83946370 -0.83922333 -0.83902194 
6.57933225e-07 -0.84027757 -0.83979587 -0.83946347 -0.83922304 -0.83902179 
5.33669923e-07 -0.84027795 -0.83979612 -0.83946324 -0.83922279 -0.83902164 
4.32876128e-07 -0.84027832 -0.83979616 -0.83946301 -0.83922257 -0.83902148 
3.51119173e-07 -0.84027870 -0.83979589 -0.83946279 -0.83922235 -0.83902134 
2.84803587e-07 -0.84027878 -0.83979501 -0.83946223 -0.83922194 -0.83902103 
2.31012970e-07 -0.84027855 -0.83979382 -0.83946111 -0.83922133 -0.83902057 
1.87381742e-07 -0.84027833 -0.83979266 -0.83946043 -0.83922079 -0.83902011 
1.51991108e-07 -0.84027812 -0.83979153 -0.83946020 -0.83922013 -0.83901967 
1.23284674e-07 -0.84027792 -0.83979073 -0.83945952 -0.83921934 -0.83901922 
1.00000000e-07 -0.84027772 -0.83979062 -0.83945885 -0.83921866 -0.83901878 
P (bar) | log_H2O: -2σ | log_H2O: -1σ | log_H2O: median | log_H2O: +1σ | log_H2O: +2σ 
1.00000000e+02 -2.68001817 -2.62007941 -2.55455709 -2.47762433 -2.38500135 
8.11130831e+01 -2.68282428 -2.62208635 -2.55699753 -2.48059972 -2.38809077 
6.57933225e+01 -2.68563039 -2.62462895 -2.56002327 -2.48351589 -2.39118018 
5.33669923e+01 -2.68843649 -2.62688730 -2.56227281 -2.48648652 -2.39426959 
4.32876128e+01 -2.69132529 -2.62915135 -2.56497876 -2.48858248 -2.39735901 
3.51119173e+01 -2.69436899 -2.63190734 -2.56768472 -2.49120412 -2.40044842 
2.84803587e+01 -2.69551854 -2.63316299 -2.56913941 -2.49297022 -2.40255724 
2.31012970e+01 -2.69565209 -2.63313582 -2.56951245 -2.49353222 -2.40368546 
1.87381742e+01 -2.69570332 -2.63337490 -2.57015166 -2.49412439 -2.40481368 
1.51991108e+01 -2.69535181 -2.63307506 -2.57093600 -2.49499218 -2.40594190 
1.23284674e+01 -2.69522956 -2.63347010 -2.57120398 -2.49570997 -2.40707012 
1.00000000e+01 -2.69565840 -2.63369473 -2.57159704 -2.49611369 -2.40819834 
8.11130831e+00 -2.69506504 -2.63387217 -2.57215281 -2.49728412 -2.40844675 
6.57933225e+00 -2.69447169 -2.63382624 -2.57231976 -2.49840178 -2.40869517 
5.33669923e+00 -2.69387836 -2.63370557 -2.57243184 -2.49859352 -2.40894358 
4.32876128e+00 -2.69348371 -2.63358729 -2.57275084 -2.49916420 -2.41235171 
3.51119173e+00 -2.69280806 -2.63364053 -2.57350946 -2.49978039 -2.41555845 
2.84803587e+00 -2.69404607 -2.63794812 -2.57687223 -2.50187131 -2.41933992 
2.31012970e+00 -2.69738274 -2.64446293 -2.58159293 -2.50534476 -2.42432264 
1.87381742e+00 -2.70429053 -2.65098418 -2.58656366 -2.50889072 -2.42654223 
1.51991108e+00 -2.71125859 -2.65815437 -2.59108140 -2.51256826 -2.42863419 
1.23284674e+00 -2.71841610 -2.66563637 -2.59552158 -2.51718999 -2.43024908 
1.00000000e+00 -2.72413464 -2.67132937 -2.60107785 -2.51896230 -2.43186396 
8.11130831e-01 -2.74183123 -2.68644484 -2.61269830 -2.52941427 -2.43877975 
6.57933225e-01 -2.76126933 -2.70087929 -2.62410366 -2.54079738 -2.44826420 
5.33669923e-01 -2.77898204 -2.71733851 -2.63560015 -2.54929930 -2.45917703 
4.32876128e-01 -2.80115129 -2.73276264 -2.64707094 -2.55904881 -2.46953717 
3.51119173e-01 -2.82317491 -2.74778494 -2.65925431 -2.57005015 -2.47661827 
2.84803587e-01 -2.83925973 -2.75944761 -2.66839343 -2.57852872 -2.48202811 
2.31012970e-01 -2.84774051 -2.76905910 -2.67688450 -2.58469289 -2.48450339 
1.87381742e-01 -2.85717543 -2.78065315 -2.68523474 -2.58931946 -2.49092697 
1.51991108e-01 -2.86661035 -2.78957724 -2.69187396 -2.59346833 -2.49537640 
1.23284674e-01 -2.87913806 -2.79898673 -2.69866023 -2.59940530 -2.49982583 
1.00000000e-01 -2.89128513 -2.80870313 -2.70646802 -2.60434819 -2.50422620 
8.11130831e-02 -2.89273457 -2.80783274 -2.70228598 -2.60047891 -2.50076911 
6.57933225e-02 -2.89454677 -2.80708610 -2.69911717 -2.59628430 -2.49588338 
5.33669923e-02 -2.89635897 -2.80605876 -2.69658208 -2.59247330 -2.49001401 
4.32876128e-02 -2.89817116 -2.80527955 -2.69335719 -2.58965604 -2.48414464 
3.51119173e-02 -2.90133932 -2.80473443 -2.69000834 -2.58444553 -2.47827527 
2.84803587e-02 -2.90153626 -2.80325536 -2.68646902 -2.57955523 -2.47174584 
2.31012970e-02 -2.90008907 -2.80174152 -2.68299440 -2.57420547 -2.46474018 
1.87381742e-02 -2.89811922 -2.79958526 -2.67977573 -2.56831383 -2.45776389 
1.51991108e-02 -2.89614936 -2.79699476 -2.67571783 -2.56265495 -2.45091996 
1.23284674e-02 -2.89417951 -2.79482952 -2.67097012 -2.55631580 -2.44527901 
1.00000000e-02 -2.89220966 -2.79249309 -2.66705953 -2.55089401 -2.43963807 
8.11130831e-03 -2.89090830 -2.79117012 -2.66420797 -2.54774993 -2.43379845 
6.57933225e-03 -2.88989173 -2.78991107 -2.66207552 -2.54305700 -2.42795884 
5.33669923e-03 -2.88948391 -2.78839333 -2.65892482 -2.53791365 -2.42211923 
4.32876128e-03 -2.88907609 -2.78684558 -2.65636764 -2.53410125 -2.41627961 
3.51119173e-03 -2.88866826 -2.78524348 -2.65373425 -2.53049967 -2.41187930 
2.84803587e-03 -2.88824179 -2.78444733 -2.65169842 -2.52763834 -2.40978605 
2.31012970e-03 -2.88779665 -2.78387535 -2.65056934 -2.52595776 -2.40841855 
1.87381742e-03 -2.88735151 -2.78330336 -2.64927070 -2.52420245 -2.40705106 
1.51991108e-03 -2.88690638 -2.78273137 -2.64801329 -2.52249318 -2.40568356 
1.23284674e-03 -2.88646124 -2.78227655 -2.64665872 -2.52008832 -2.40431607 
1.00000000e-03 -2.88601610 -2.78182366 -2.64557285 -2.51733354 -2.40294858 
8.11130831e-04 -2.88552531 -2.78146115 -2.64456402 -2.51593681 -2.40236442 
6.57933225e-04 -2.88503451 -2.78109864 -2.64421236 -2.51517753 -2.40178026 
5.33669923e-04 -2.88454371 -2.78073612 -2.64365627 -2.51460362 -2.40119611 
4.32876128e-04 -2.88405291 -2.78037361 -2.64326136 -2.51400764 -2.39823211 
3.51119173e-04 -2.88356211 -2.78001110 -2.64286646 -2.51337383 -2.39525191 
2.84803587e-04 -2.88311915 -2.77967191 -2.64216812 -2.51268972 -2.39288199 
2.31012970e-04 -2.88272403 -2.77935605 -2.64193928 -2.51198527 -2.39112237 
1.87381742e-04 -2.88232891 -2.77904019 -2.64162583 -2.51145994 -2.38942191 
1.51991108e-04 -2.88193379 -2.77872433 -2.64117118 -2.51067782 -2.38760313 
1.23284674e-04 -2.88153867 -2.77840847 -2.64084036 -2.50975355 -2.38713389 
1.00000000e-04 -2.88114354 -2.77811460 -2.64058124 -2.50918349 -2.38675343 
8.11130831e-05 -2.88091830 -2.77786814 -2.64035990 -2.50895129 -2.38657538 
6.57933225e-05 -2.88069305 -2.77762168 -2.64013856 -2.50871908 -2.38639733 
5.33669923e-05 -2.88046780 -2.77737968 -2.63991722 -2.50848687 -2.38621928 
4.32876128e-05 -2.88024565 -2.77714204 -2.63969589 -2.50825467 -2.38591279 
3.51119173e-05 -2.88002453 -2.77690439 -2.63947455 -2.50797317 -2.38513043 
2.84803587e-05 -2.87985781 -2.77670283 -2.63923931 -2.50770126 -2.38455866 
2.31012970e-05 -2.87976362 -2.77653736 -2.63899017 -2.50749547 -2.38419750 
1.87381742e-05 -2.87966959 -2.77637189 -2.63874103 -2.50728969 -2.38383634 
1.51991108e-05 -2.87957555 -2.77619416 -2.63849189 -2.50708391 -2.38347518 
1.23284674e-05 -2.87948152 -2.77598905 -2.63824275 -2.50687813 -2.38311402 
1.00000000e-05 -2.87938748 -2.77578394 -2.63799361 -2.50667235 -2.38275286 
8.11130831e-06 -2.87937685 -2.77564302 -2.63774463 -2.50645015 -2.38252576 
6.57933225e-06 -2.87936621 -2.77550210 -2.63749565 -2.50622115 -2.38229865 
5.33669923e-06 -2.87935557 -2.77536118 -2.63724667 -2.50598290 -2.38207154 
4.32876128e-06 -2.87934494 -2.77522026 -2.63701988 -2.50574466 -2.38184444 
3.51119173e-06 -2.87933430 -2.77507934 -2.63693291 -2.50550642 -2.38161733 
2.84803587e-06 -2.87936145 -2.77498285 -2.63687917 -2.50528429 -2.38141142 
2.31012970e-06 -2.87942636 -2.77493078 -2.63685867 -2.50507829 -2.38122669 
1.87381742e-06 -2.87949128 -2.77487549 -2.63683817 -2.50487228 -2.38104197 
1.51991108e-06 -2.87950632 -2.77481570 -2.63669847 -2.50466627 -2.38085724 
1.23284674e-06 -2.87944836 -2.77475591 -2.63653068 -2.50446027 -2.38067252 
1.00000000e-06 -2.87939040 -2.77469612 -2.63636289 -2.50425426 -2.38048779 
8.11130831e-07 -2.87941824 -2.77472964 -2.63629998 -2.50413681 -2.38035789 
6.57933225e-07 -2.87953323 -2.77476315 -2.63623706 -2.50401936 -2.38022800 
5.33669923e-07 -2.87965896 -2.77479667 -2.63617414 -2.50390190 -2.38009810 
4.32876128e-07 -2.87978469 -2.77483018 -2.63611122 -2.50378445 -2.37996820 
3.51119173e-07 -2.87991042 -2.77486370 -2.63604830 -2.50366700 -2.37983830 
2.84803587e-07 -2.88009827 -2.77494312 -2.63602858 -2.50359155 -2.37973556 
2.31012970e-07 -2.88034825 -2.77503702 -2.63609016 -2.50355811 -2.37965999 
1.87381742e-07 -2.88059824 -2.77512220 -2.63618796 -2.50352466 -2.37958441 
1.51991108e-07 -2.88084822 -2.77520739 -2.63628576 -2.50349122 -2.37950883 
1.23284674e-07 -2.88109820 -2.77529258 -2.63638357 -2.50345778 -2.37943326 
1.00000000e-07 -2.88134819 -2.77537777 -2.63648137 -2.50342433 -2.37935768 
P (bar) | log_CO2: -2σ | log_CO2: -1σ | log_CO2: median | log_CO2: +1σ | log_CO2: +2σ 
1.00000000e+02 -10.50031761 -10.22252063 -9.88900373 -9.47349308 -8.98558681 
8.11130831e+01 -10.32498536 -10.04733553 -9.71317536 -9.29647598 -8.80702450 
6.57933225e+01 -10.14965311 -9.87215044 -9.53734699 -9.11909500 -8.62693971 
5.33669923e+01 -9.97432086 -9.69696534 -9.36151862 -8.94128362 -8.44685493 
4.32876128e+01 -9.79898861 -9.52178025 -9.18569024 -8.76424485 -8.26825557 
3.51119173e+01 -9.62365636 -9.34659516 -9.00949711 -8.58724415 -8.08999812 
2.84803587e+01 -9.44654851 -9.16903264 -8.83087078 -8.40864442 -7.91040273 
2.31012970e+01 -9.26766507 -8.98909271 -8.64982000 -8.22804463 -7.72946941 
1.87381742e+01 -9.08878162 -8.80905574 -8.46876922 -8.04735896 -7.54853609 
1.51991108e+01 -8.90989818 -8.62847761 -8.28759848 -7.86599203 -7.36760277 
1.23284674e+01 -8.73101474 -8.44786860 -8.10630279 -7.68391947 -7.18666945 
1.00000000e+01 -8.55213130 -8.26711429 -7.92563432 -7.50184691 -7.00573612 
8.11130831e+00 -8.37129011 -8.08598598 -7.74655699 -7.32648077 -6.83784502 
6.57933225e+00 -8.19044892 -7.90493902 -7.56755194 -7.15111463 -6.67224523 
5.33669923e+00 -8.00960773 -7.72389205 -7.38854689 -6.97581034 -6.50774058 
4.32876128e+00 -7.82876654 -7.54284508 -7.20954184 -6.80068072 -6.34535875 
3.51119173e+00 -7.64792535 -7.36179811 -7.03053679 -6.62518065 -6.18194555 
2.84803587e+00 -7.47004556 -7.18713974 -6.86098967 -6.46990423 -6.03722368 
2.31012970e+00 -7.29541425 -7.01532679 -6.70240486 -6.33659321 -5.92561294 
1.87381742e+00 -7.12078294 -6.84511372 -6.54472269 -6.19969728 -5.82369005 
1.51991108e+00 -6.94615163 -6.67330434 -6.38248823 -6.06825709 -5.72252577 
1.23284674e+00 -6.77148345 -6.50299435 -6.22599849 -5.93242415 -5.61645995 
1.00000000e+00 -6.59681205 -6.33762257 -6.06806563 -5.80032665 -5.51943601 
8.11130831e-01 -6.45571487 -6.21828103 -5.97188869 -5.73450588 -5.49135131 
6.57933225e-01 -6.31661080 -6.10148307 -5.87930337 -5.66884053 -5.45582893 
5.33669923e-01 -6.18675375 -5.98353878 -5.78588542 -5.59673189 -5.41442525 
4.32876128e-01 -6.05751811 -5.86775395 -5.69454311 -5.52900711 -5.36301440 
3.51119173e-01 -5.92820835 -5.75409717 -5.60246343 -5.45630449 -5.31011017 
2.84803587e-01 -5.82777856 -5.68142535 -5.54146925 -5.40973120 -5.26998021 
2.31012970e-01 -5.76631189 -5.63791228 -5.51011535 -5.38479329 -5.24846660 
1.87381742e-01 -5.70854170 -5.60126620 -5.47863556 -5.35659774 -5.22123589 
1.51991108e-01 -5.66190413 -5.55728554 -5.44518815 -5.32943255 -5.19693760 
1.23284674e-01 -5.62154573 -5.52188071 -5.41344303 -5.30101959 -5.17060850 
1.00000000e-01 -5.59555920 -5.48883082 -5.38057510 -5.26861036 -5.14797364 
8.11130831e-02 -5.58849946 -5.47857206 -5.37064430 -5.25518683 -5.13397935 
6.57933225e-02 -5.58222119 -5.46938450 -5.36128090 -5.24406472 -5.11935940 
5.33669923e-02 -5.57788673 -5.45709000 -5.34764065 -5.23195560 -5.10473944 
4.32876128e-02 -5.57172176 -5.44919762 -5.33506051 -5.21650706 -5.09007840 
3.51119173e-02 -5.56475683 -5.44194539 -5.32521078 -5.20502086 -5.07588763 
2.84803587e-02 -5.56091912 -5.43629878 -5.31803756 -5.19491246 -5.06430952 
2.31012970e-02 -5.55812170 -5.43295310 -5.31333649 -5.18809207 -5.05661069 
1.87381742e-02 -5.55532428 -5.42928585 -5.30768145 -5.18016970 -5.05175147 
1.51991108e-02 -5.55252686 -5.42565014 -5.30178167 -5.17243067 -5.04680007 
1.23284674e-02 -5.54972945 -5.42257248 -5.29601127 -5.16362579 -5.03996402 
1.00000000e-02 -5.54749253 -5.41860076 -5.29040758 -5.15618101 -5.03312797 
8.11130831e-03 -5.54674349 -5.41675374 -5.28809383 -5.15271881 -5.02867810 
6.57933225e-03 -5.54599444 -5.41503123 -5.28502210 -5.14853217 -5.02379160 
5.33669923e-03 -5.54524539 -5.41339768 -5.28107411 -5.14627663 -5.01870735 
4.32876128e-03 -5.54449634 -5.41157385 -5.27781415 -5.14308819 -5.01532849 
3.51119173e-03 -5.54374729 -5.41013956 -5.27469055 -5.13968789 -5.01116553 
2.84803587e-03 -5.54314934 -5.40950482 -5.27307345 -5.13629928 -5.00751120 
2.31012970e-03 -5.54270248 -5.40891611 -5.27105381 -5.13417043 -5.00522624 
1.87381742e-03 -5.54225562 -5.40820994 -5.26960914 -5.13236179 -5.00294128 
1.51991108e-03 -5.54180876 -5.40728650 -5.26874303 -5.13142262 -5.00065632 
1.23284674e-03 -5.54136190 -5.40668298 -5.26750150 -5.13020201 -4.99779956 
1.00000000e-03 -5.54091504 -5.40606945 -5.26627082 -5.12898549 -4.99486500 
8.11130831e-04 -5.54054867 -5.40566063 -5.26587795 -5.12779434 -4.99338368 
6.57933225e-04 -5.54018229 -5.40505236 -5.26544741 -5.12715861 -4.99190237 
5.33669923e-04 -5.53981592 -5.40425464 -5.26462779 -5.12663172 -4.99071103 
4.32876128e-04 -5.53944954 -5.40353542 -5.26421497 -5.12484894 -4.98838369 
3.51119173e-04 -5.53908317 -5.40320126 -5.26315756 -5.12337771 -4.98635861 
2.84803587e-04 -5.53874910 -5.40292056 -5.26277466 -5.12172715 -4.98556088 
2.31012970e-04 -5.53844735 -5.40269332 -5.26255714 -5.12104425 -4.98508227 
1.87381742e-04 -5.53814559 -5.40245863 -5.26233963 -5.12076843 -4.98460366 
1.51991108e-04 -5.53784383 -5.40218987 -5.26192835 -5.12019901 -4.98364100 
1.23284674e-04 -5.53754208 -5.40192111 -5.26169187 -5.11956362 -4.98216937 
1.00000000e-04 -5.53724032 -5.40165235 -5.26145538 -5.11906184 -4.98066388 
8.11130831e-05 -5.53700388 -5.40142490 -5.26124185 -5.11881852 -4.97981428 
6.57933225e-05 -5.53676745 -5.40119745 -5.26102831 -5.11857519 -4.97896468 
5.33669923e-05 -5.53653101 -5.40097000 -5.26081478 -5.11833187 -4.97811507 
4.32876128e-05 -5.53629457 -5.40074254 -5.26060125 -5.11809650 -4.97726547 
3.51119173e-05 -5.53605813 -5.40051509 -5.26038771 -5.11791619 -4.97641587 
2.84803587e-05 -5.53585178 -5.40029749 -5.26015933 -5.11772145 -4.97612643 
2.31012970e-05 -5.53567552 -5.40008974 -5.25991609 -5.11751230 -4.97595075 
1.87381742e-05 -5.53549926 -5.39988199 -5.25967286 -5.11730315 -4.97577506 
1.51991108e-05 -5.53532299 -5.39967423 -5.25942963 -5.11709400 -4.97559938 
1.23284674e-05 -5.53514673 -5.39944634 -5.25918639 -5.11688484 -4.97534636 
1.00000000e-05 -5.53497047 -5.39920021 -5.25894316 -5.11667569 -4.97500981 
8.11130831e-06 -5.53487114 -5.39898958 -5.25870928 -5.11642899 -4.97477665 
6.57933225e-06 -5.53477181 -5.39877894 -5.25847540 -5.11618229 -4.97454349 
5.33669923e-06 -5.53467248 -5.39856831 -5.25824152 -5.11593559 -4.97431034 
4.32876128e-06 -5.53457315 -5.39835768 -5.25800765 -5.11568888 -4.97407718 
3.51119173e-06 -5.53447382 -5.39814704 -5.25777377 -5.11544218 -4.97384402 
2.84803587e-06 -5.53441428 -5.39798339 -5.25758332 -5.11521857 -4.97363097 
2.31012970e-06 -5.53439453 -5.39786671 -5.25743631 -5.11501805 -4.97343804 
1.87381742e-06 -5.53437479 -5.39775004 -5.25728930 -5.11481753 -4.97324510 
1.51991108e-06 -5.53435504 -5.39763337 -5.25714229 -5.11461701 -4.97305217 
1.23284674e-06 -5.53433529 -5.39751669 -5.25699528 -5.11441650 -4.97285923 
1.00000000e-06 -5.53431555 -5.39740002 -5.25684827 -5.11421598 -4.97266630 
8.11130831e-07 -5.53437672 -5.39737492 -5.25680456 -5.11412056 -4.97253489 
6.57933225e-07 -5.53438871 -5.39734983 -5.25676084 -5.11402515 -4.97240349 
5.33669923e-07 -5.53439998 -5.39732473 -5.25671713 -5.11392974 -4.97227208 
4.32876128e-07 -5.53441126 -5.39729964 -5.25665116 -5.11383432 -4.97214068 
3.51119173e-07 -5.53442253 -5.39727455 -5.25656257 -5.11373891 -4.97200927 
2.84803587e-07 -5.53447171 -5.39728693 -5.25655118 -5.11369250 -4.97190674 
2.31012970e-07 -5.53455878 -5.39733678 -5.25652448 -5.11369510 -4.97183308 
1.87381742e-07 -5.53464585 -5.39738664 -5.25660086 -5.11369770 -4.97175941 
1.51991108e-07 -5.53473292 -5.39756813 -5.25674888 -5.11370030 -4.97168575 
1.23284674e-07 -5.53481999 -5.39780896 -5.25679531 -5.11370290 -4.97161209 
1.00000000e-07 -5.53490705 -5.39804980 -5.25683697 -5.11370550 -4.97153843 
P (bar) | log_CO: -2σ | log_CO: -1σ | log_CO: median | log_CO: +1σ | log_CO: +2σ 
1.00000000e+02 -8.25212172 -7.92951404 -7.53515830 -7.05577639 -6.52413816 
8.11130831e+01 -8.07361309 -7.75103919 -7.35622686 -6.87625940 -6.34412270 
6.57933225e+01 -7.89510445 -7.57256435 -7.17729543 -6.69674241 -6.16410724 
5.33669923e+01 -7.71659582 -7.39408951 -6.99836399 -6.51722542 -5.98409179 
4.32876128e+01 -7.53808719 -7.21561466 -6.81960527 -6.33770843 -5.80407633 
3.51119173e+01 -7.35957855 -7.03713982 -6.64085964 -6.15819144 -5.62406088 
2.84803587e+01 -7.18012816 -6.85750571 -6.46095268 -5.97769772 -5.44370308 
2.31012970e+01 -6.99973601 -6.67671233 -6.27988438 -5.79622727 -5.26300296 
1.87381742e+01 -6.81934386 -6.49591894 -6.09881609 -5.61475682 -5.08230283 
1.51991108e+01 -6.63895171 -6.31512556 -5.91774780 -5.43328637 -4.90160271 
1.23284674e+01 -6.45855956 -6.13433218 -5.73667950 -5.25181592 -4.72090258 
1.00000000e+01 -6.27816740 -5.95353880 -5.55561121 -5.07034548 -4.54020246 
8.11130831e+00 -6.09696110 -5.77255046 -5.37613862 -4.89440092 -4.37087192 
6.57933225e+00 -5.91575479 -5.59156212 -5.19651301 -4.71848147 -4.20154138 
5.33669923e+00 -5.73454849 -5.41057378 -5.01690058 -4.54269533 -4.03221084 
4.32876128e+00 -5.55334218 -5.22958544 -4.83763630 -4.36690919 -3.86288030 
3.51119173e+00 -5.37213588 -5.04859710 -4.65837203 -4.19112305 -3.69354975 
2.84803587e+00 -5.19371074 -4.87161712 -4.48899216 -4.03292909 -3.55139629 
2.31012970e+00 -5.01921347 -4.69864549 -4.32704218 -3.88998043 -3.43241254 
1.87381742e+00 -4.84471620 -4.52567387 -4.16756584 -3.74591976 -3.31342880 
1.51991108e+00 -4.67021893 -4.35270224 -4.00488960 -3.60448084 -3.19444506 
1.23284674e+00 -4.49572166 -4.17964861 -3.84257054 -3.46284675 -3.08067249 
1.00000000e+00 -4.32122439 -4.00661266 -3.68148867 -3.32145310 -2.96724595 
8.11130831e-01 -4.18028668 -3.87794945 -3.57289527 -3.24645630 -2.92077615 
6.57933225e-01 -4.04017754 -3.74898042 -3.46483625 -3.16870646 -2.87611119 
5.33669923e-01 -3.89841128 -3.61920214 -3.35616883 -3.09420877 -2.82903003 
4.32876128e-01 -3.75747358 -3.48819382 -3.24538399 -3.01697896 -2.78348112 
3.51119173e-01 -3.61653588 -3.35763362 -3.13750902 -2.93873398 -2.73469130 
2.84803587e-01 -3.50392830 -3.26510790 -3.06308710 -2.88700165 -2.70211281 
2.31012970e-01 -3.42729233 -3.20867683 -3.02366072 -2.85837814 -2.69514926 
1.87381742e-01 -3.35442929 -3.15313292 -2.98234490 -2.83196489 -2.67845130 
1.51991108e-01 -3.28332982 -3.10026671 -2.94417996 -2.80532177 -2.66389140 
1.23284674e-01 -3.21155727 -3.04263894 -2.90335545 -2.77625096 -2.65432206 
1.00000000e-01 -3.13609674 -2.98831435 -2.86329721 -2.75226407 -2.64093273 
8.11130831e-02 -3.11322437 -2.97539669 -2.85637070 -2.74724654 -2.63983777 
6.57933225e-02 -3.08907334 -2.96194513 -2.84944419 -2.74261763 -2.63571350 
5.33669923e-02 -3.06411114 -2.94980972 -2.84251768 -2.73894777 -2.63103284 
4.32876128e-02 -3.03632465 -2.93586574 -2.83632055 -2.73361118 -2.63034038 
3.51119173e-02 -3.01127559 -2.92203316 -2.82939628 -2.72830686 -2.62964793 
2.84803587e-02 -2.99763093 -2.91456034 -2.82485312 -2.72563167 -2.62861157 
2.31012970e-02 -2.99111066 -2.91332532 -2.82398404 -2.72484792 -2.62823824 
1.87381742e-02 -2.98579211 -2.91150182 -2.82326657 -2.72409204 -2.62786490 
1.51991108e-02 -2.98366127 -2.90854036 -2.82194837 -2.72351583 -2.62749157 
1.23284674e-02 -2.98182992 -2.90659604 -2.82119192 -2.72300603 -2.62711823 
1.00000000e-02 -2.97999858 -2.90578467 -2.82043426 -2.72249623 -2.62674490 
8.11130831e-03 -2.97966936 -2.90559566 -2.82029323 -2.72245015 -2.62671315 
6.57933225e-03 -2.97922697 -2.90548766 -2.82010419 -2.72240406 -2.62667454 
5.33669923e-03 -2.97878459 -2.90523033 -2.81991515 -2.72235797 -2.62663262 
4.32876128e-03 -2.97834220 -2.90493619 -2.81975386 -2.72231189 -2.62659070 
3.51119173e-03 -2.97789981 -2.90485717 -2.81969590 -2.72226580 -2.62654878 
2.84803587e-03 -2.97767014 -2.90482617 -2.81966510 -2.72224118 -2.62652620 
2.31012970e-03 -2.97765320 -2.90482744 -2.81966146 -2.72223804 -2.62652297 
1.87381742e-03 -2.97763625 -2.90482871 -2.81965782 -2.72223490 -2.62651974 
1.51991108e-03 -2.97761931 -2.90482998 -2.81966530 -2.72223175 -2.62651651 
1.23284674e-03 -2.97760236 -2.90483126 -2.81970463 -2.72222861 -2.62651328 
1.00000000e-03 -2.97758541 -2.90483253 -2.81974397 -2.72222546 -2.62651005 
8.11130831e-04 -2.97759977 -2.90483558 -2.81976323 -2.72222609 -2.62651055 
6.57933225e-04 -2.97761413 -2.90483863 -2.81978250 -2.72222672 -2.62651105 
5.33669923e-04 -2.97762848 -2.90484168 -2.81980177 -2.72222734 -2.62651156 
4.32876128e-04 -2.97764284 -2.90484473 -2.81982103 -2.72222797 -2.62651206 
3.51119173e-04 -2.97765719 -2.90484778 -2.81984030 -2.72222860 -2.62651256 
2.84803587e-04 -2.97766938 -2.90485013 -2.81985368 -2.72222934 -2.62651316 
2.31012970e-04 -2.97767939 -2.90485178 -2.81986117 -2.72223019 -2.62651386 
1.87381742e-04 -2.97768941 -2.90485343 -2.81986866 -2.72223104 -2.62651456 
1.51991108e-04 -2.97769942 -2.90485508 -2.81987615 -2.72223190 -2.62651525 
1.23284674e-04 -2.97770944 -2.90485674 -2.81988364 -2.72223275 -2.62651595 
1.00000000e-04 -2.97771945 -2.90485839 -2.81989114 -2.72223360 -2.62651665 
8.11130831e-05 -2.97772427 -2.90485953 -2.81989408 -2.72223444 -2.62651726 
6.57933225e-05 -2.97772908 -2.90486068 -2.81989703 -2.72223527 -2.62651787 
5.33669923e-05 -2.97773390 -2.90486183 -2.81989998 -2.72223610 -2.62651848 
4.32876128e-05 -2.97773871 -2.90486297 -2.81990293 -2.72223693 -2.62651909 
3.51119173e-05 -2.97774353 -2.90486412 -2.81990588 -2.72223776 -2.62651970 
2.84803587e-05 -2.97774714 -2.90486531 -2.81990825 -2.72223859 -2.62652025 
2.31012970e-05 -2.97774955 -2.90486655 -2.81991004 -2.72223940 -2.62652076 
1.87381742e-05 -2.97775196 -2.90486779 -2.81991183 -2.72224022 -2.62652126 
1.51991108e-05 -2.97775436 -2.90486903 -2.81991362 -2.72224104 -2.62652176 
1.23284674e-05 -2.97775677 -2.90487028 -2.81991541 -2.72224185 -2.62652226 
1.00000000e-05 -2.97775918 -2.90487152 -2.81991720 -2.72224267 -2.62652277 
8.11130831e-06 -2.97776090 -2.90487296 -2.81991930 -2.72224340 -2.62652323 
6.57933225e-06 -2.97776263 -2.90487439 -2.81992141 -2.72224413 -2.62652368 
5.33669923e-06 -2.97776435 -2.90487583 -2.81992352 -2.72224486 -2.62652414 
4.32876128e-06 -2.97776607 -2.90487727 -2.81992563 -2.72224560 -2.62652460 
3.51119173e-06 -2.97776779 -2.90487870 -2.81992774 -2.72224633 -2.62652506 
2.84803587e-06 -2.97776936 -2.90488007 -2.81993016 -2.72224701 -2.62652554 
2.31012970e-06 -2.97777077 -2.90488135 -2.81993290 -2.72224764 -2.62652605 
1.87381742e-06 -2.97777218 -2.90488264 -2.81993564 -2.72224827 -2.62652656 
1.51991108e-06 -2.97777359 -2.90488393 -2.81993838 -2.72224890 -2.62652707 
1.23284674e-06 -2.97777501 -2.90488521 -2.81994112 -2.72224954 -2.62652758 
1.00000000e-06 -2.97777642 -2.90488650 -2.81994386 -2.72225017 -2.62652808 
8.11130831e-07 -2.97777757 -2.90488745 -2.81994651 -2.72225089 -2.62652880 
6.57933225e-07 -2.97777873 -2.90488840 -2.81994915 -2.72225161 -2.62652952 
5.33669923e-07 -2.97777989 -2.90488935 -2.81995179 -2.72225233 -2.62653024 
4.32876128e-07 -2.97778104 -2.90489030 -2.81995444 -2.72225305 -2.62653096 
3.51119173e-07 -2.97778220 -2.90489125 -2.81995708 -2.72225377 -2.62653168 
2.84803587e-07 -2.97778331 -2.90489211 -2.81995929 -2.72225466 -2.62653264 
2.31012970e-07 -2.97778437 -2.90489287 -2.81996107 -2.72225571 -2.62653385 
1.87381742e-07 -2.97778543 -2.90489362 -2.81996285 -2.72225677 -2.62653505 
1.51991108e-07 -2.97778649 -2.90489438 -2.81996463 -2.72225782 -2.62653625 
1.23284674e-07 -2.97778755 -2.90489514 -2.81996642 -2.72225888 -2.62653746 
1.00000000e-07 -2.97778861 -2.90489590 -2.81996820 -2.72225993 -2.62653866 
P (bar) | log_CH4: -2σ | log_CH4: -1σ | log_CH4: median | log_CH4: +1σ | log_CH4: +2σ 
1.00000000e+02 -2.97415857 -2.90162910 -2.81632683 -2.71917604 -2.62293159 
8.11130831e+01 -2.97420310 -2.90167763 -2.81637509 -2.71925982 -2.62303741 
6.57933225e+01 -2.97424763 -2.90172615 -2.81642336 -2.71934360 -2.62314322 
5.33669923e+01 -2.97429216 -2.90177467 -2.81647162 -2.71942738 -2.62324904 
4.32876128e+01 -2.97433670 -2.90182320 -2.81651989 -2.71951115 -2.62335486 
3.51119173e+01 -2.97438123 -2.90187172 -2.81656816 -2.71959493 -2.62346067 
2.84803587e+01 -2.97445947 -2.90197835 -2.81673060 -2.72010311 -2.62389019 
2.31012970e+01 -2.97457142 -2.90214307 -2.81688748 -2.72071794 -2.62464342 
1.87381742e+01 -2.97468338 -2.90234980 -2.81704436 -2.72133276 -2.62539664 
1.51991108e+01 -2.97479533 -2.90260423 -2.81727577 -2.72194759 -2.62647385 
1.23284674e+01 -2.97490728 -2.90285866 -2.81765192 -2.72256242 -2.62718346 
1.00000000e+01 -2.97501923 -2.90310970 -2.81824560 -2.72317724 -2.62789307 
8.11130831e+00 -2.97597976 -2.90431716 -2.82070972 -2.72861094 -2.63663287 
6.57933225e+00 -2.97694029 -2.90592046 -2.82255017 -2.73400937 -2.64274065 
5.33669923e+00 -2.97790083 -2.90769362 -2.82532813 -2.73971789 -2.65169705 
4.32876128e+00 -2.97886136 -2.90874343 -2.82825322 -2.74372374 -2.65854821 
3.51119173e+00 -2.97982189 -2.90976739 -2.83087457 -2.74864722 -2.66387240 
2.84803587e+00 -2.98396857 -2.91542425 -2.84211023 -2.76367280 -2.68488753 
2.31012970e+00 -2.98936769 -2.92886857 -2.85918179 -2.79142535 -2.72593366 
1.87381742e+00 -2.99947202 -2.94167182 -2.87857548 -2.81677827 -2.75405324 
1.51991108e+00 -3.00967075 -2.95863200 -2.89735067 -2.83715331 -2.78132448 
1.23284674e+00 -3.03071576 -2.97705062 -2.91744145 -2.86002187 -2.80050869 
1.00000000e+00 -3.05974434 -2.99476864 -2.93521727 -2.87589882 -2.81986331 
8.11130831e-01 -3.15385673 -3.06718156 -2.99761063 -2.93190200 -2.86919603 
6.57933225e-01 -3.26274281 -3.14340117 -3.05784955 -2.98675361 -2.91988750 
5.33669923e-01 -3.37309240 -3.22438373 -3.11755655 -3.03768314 -2.96672995 
4.32876128e-01 -3.49130740 -3.31098885 -3.17924030 -3.08525276 -3.00884750 
3.51119173e-01 -3.61363486 -3.40018502 -3.23893313 -3.13302820 -3.05199756 
2.84803587e-01 -3.75591664 -3.51741976 -3.33541884 -3.21336216 -3.12453667 
2.31012970e-01 -3.92435532 -3.66885410 -3.46829889 -3.32741266 -3.23329111 
1.87381742e-01 -4.09426674 -3.81606026 -3.60119871 -3.44853136 -3.33650608 
1.51991108e-01 -4.26142537 -3.96530536 -3.73604771 -3.56691050 -3.44255809 
1.23284674e-01 -4.42858399 -4.11731976 -3.87061959 -3.68535131 -3.54832132 
1.00000000e-01 -4.59574262 -4.26702100 -4.00628466 -3.80317805 -3.65110119 
8.11130831e-02 -4.77805423 -4.44561606 -4.18124870 -3.97402293 -3.80742253 
6.57933225e-02 -4.96036584 -4.62456381 -4.35819196 -4.14504377 -3.96817786 
5.33669923e-02 -5.14349786 -4.80291644 -4.53738716 -4.31460741 -4.12390192 
4.32876128e-02 -5.32669236 -4.98513473 -4.71344604 -4.48363645 -4.28168824 
3.51119173e-02 -5.50988686 -5.16412746 -4.89149146 -4.65279377 -4.43844344 
2.84803587e-02 -5.69355106 -5.34503094 -5.07328002 -4.83267273 -4.60817609 
2.31012970e-02 -5.87768496 -5.52883860 -5.25946402 -5.01837716 -4.78946714 
1.87381742e-02 -6.06181887 -5.71268966 -5.44558611 -5.20422998 -4.97071620 
1.51991108e-02 -6.24595277 -5.89637349 -5.63170821 -5.39040203 -5.15196525 
1.23284674e-02 -6.42930904 -6.08037030 -5.81783030 -5.57680011 -5.33321431 
1.00000000e-02 -6.61167598 -6.26465503 -6.00394571 -5.76182933 -5.51446336 
8.11130831e-03 -6.79383994 -6.44741031 -6.18843845 -5.94579720 -5.70164910 
6.57933225e-03 -6.97600391 -6.63009713 -6.37273300 -6.13140823 -5.88883483 
5.33669923e-03 -7.15816787 -6.81361692 -6.55688230 -6.31771418 -6.07602057 
4.32876128e-03 -7.34033184 -6.99665282 -6.74068579 -6.50417010 -6.26320631 
3.51119173e-03 -7.52249580 -7.17960435 -6.92418822 -6.68935254 -6.45039204 
2.84803587e-03 -7.70464480 -7.36226921 -7.10712154 -6.87375708 -6.63583547 
2.31012970e-03 -7.88677882 -7.54464810 -7.29043436 -7.05730829 -6.82034724 
1.87381742e-03 -8.06891284 -7.72702699 -7.47382818 -7.24021688 -7.00441138 
1.51991108e-03 -8.25104686 -7.90940588 -7.65683157 -7.42316956 -7.18812201 
1.23284674e-03 -8.43318089 -8.09178478 -7.84001164 -7.60789743 -7.37388254 
1.00000000e-03 -8.61531491 -8.27416367 -8.02283319 -7.79301029 -7.55839430 
8.11130831e-04 -8.79750087 -8.45635471 -8.20539842 -7.97605059 -7.74173968 
6.57933225e-04 -8.97968682 -8.63854576 -8.38768578 -8.15953631 -7.92508506 
5.33669923e-04 -9.16187278 -8.82073680 -8.57013095 -8.34327649 -8.10843045 
4.32876128e-04 -9.34405874 -9.00298721 -8.75257613 -8.52707373 -8.29177583 
3.51119173e-04 -9.52624469 -9.18536727 -8.93502130 -8.71033832 -8.47512121 
2.84803587e-04 -9.70841795 -9.36757575 -9.11728968 -8.89311205 -8.65807501 
2.31012970e-04 -9.89057850 -9.54968665 -9.29938127 -9.07525614 -8.84063723 
1.87381742e-04 -10.07273905 -9.73179755 -9.48147286 -9.25777368 -9.02319945 
1.51991108e-04 -10.25489960 -9.91390845 -9.66356445 -9.44029121 -9.20576166 
1.23284674e-04 -10.43706015 -10.09601935 -9.84565604 -9.62280875 -9.38832388 
1.00000000e-04 -10.61922070 -10.27813024 -10.02772539 -9.80530444 -9.57088610 
8.11130831e-05 -10.80125993 -10.46018828 -10.20975069 -9.98736220 -9.75307544 
6.57933225e-05 -10.98329916 -10.64224631 -10.39175375 -10.16941995 -9.93526479 
5.33669923e-05 -11.16533839 -10.82430434 -10.57375681 -10.35147771 -10.11745413 
4.32876128e-05 -11.34737762 -11.00636237 -10.75575987 -10.53353546 -10.29964347 
3.51119173e-05 -11.52941686 -11.18842040 -10.93776293 -10.71559639 -10.48183281 
2.84803587e-05 -11.71139697 -11.37045644 -11.11977514 -10.89768653 -10.66397251 
2.31012970e-05 -11.89331796 -11.55247049 -11.30179648 -11.07977189 -10.84606257 
1.87381742e-05 -12.07523896 -11.73448454 -11.48381783 -11.26185051 -11.02815263 
1.51991108e-05 -12.25715996 -11.91649859 -11.66583918 -11.44392913 -11.21024269 
1.23284674e-05 -12.43908095 -12.09851264 -11.84786053 -11.62600775 -11.39233275 
1.00000000e-05 -12.62100195 -12.28052669 -12.02988188 -11.80808637 -11.57442281 
8.11130831e-06 -12.80284628 -12.46248272 -12.21193648 -11.99016373 -11.75648626 
6.57933225e-06 -12.98469061 -12.64443875 -12.39399108 -12.17224109 -11.93854970 
5.33669923e-06 -13.16653495 -12.82639478 -12.57604568 -12.35431845 -12.12061314 
4.32876128e-06 -13.34837928 -13.00835081 -12.75810029 -12.53639581 -12.30267659 
3.51119173e-06 -13.53022361 -13.19030684 -12.94015489 -12.71847326 -12.48474003 
2.84803587e-06 -13.71203806 -13.37222160 -13.12218820 -12.90051352 -12.66677152 
2.31012970e-06 -13.89382262 -13.55409509 -13.30420023 -13.08251167 -12.84877106 
1.87381742e-06 -14.07560719 -13.73596858 -13.48621225 -13.26447527 -13.03077059 
1.51991108e-06 -14.25739176 -13.91784207 -13.66822428 -13.44643822 -13.21277013 
1.23284674e-06 -14.43917966 -14.09971556 -13.85018475 -13.62840116 -13.39476967 
1.00000000e-06 -14.62102116 -14.28158905 -14.03213785 -13.81036411 -13.57676920 
8.11130831e-07 -14.80278851 -14.46337508 -14.21399527 -13.99224546 -13.75869938 
6.57933225e-07 -14.98455586 -14.64516111 -14.39585269 -14.17413033 -13.94062955 
5.33669923e-07 -15.16632321 -14.82694715 -14.57771011 -14.35601519 -14.12255973 
4.32876128e-07 -15.34809056 -15.00873318 -14.75956753 -14.53790006 -14.30448990 
3.51119173e-07 -15.52985791 -15.19051921 -14.94142494 -14.71978492 -14.48642008 
2.84803587e-07 -15.71158855 -15.37226261 -15.12324362 -14.90163393 -14.66832403 
2.31012970e-07 -15.89328246 -15.55396338 -15.30502355 -15.08344709 -14.85020177 
1.87381742e-07 -16.07497638 -15.73566415 -15.48680349 -15.26526025 -15.03207951 
1.51991108e-07 -16.25667029 -15.91736492 -15.66858342 -15.44707340 -15.21395725 
1.23284674e-07 -16.43836421 -16.09906569 -15.85036335 -15.62888656 -15.39583499 
1.00000000e-07 -16.62005812 -16.28076646 -16.03214328 -15.81069972 -15.57771273 
P (bar) | log_H2S: -2σ | log_H2S: -1σ | log_H2S: median | log_H2S: +1σ | log_H2S: +2σ 
1.00000000e+02 -4.13031389 -4.06947664 -4.00546959 -3.92777095 -3.84629788 
8.11130831e+01 -4.13964222 -4.07861796 -4.01480090 -3.93795462 -3.85331114 
6.57933225e+01 -4.14683024 -4.08782668 -4.02344612 -3.94731297 -3.85689574 
5.33669923e+01 -4.15545228 -4.09702425 -4.03255181 -3.95704062 -3.86477888 
4.32876128e+01 -4.16509677 -4.10487312 -4.04101505 -3.96605603 -3.87543934 
3.51119173e+01 -4.17474127 -4.11331483 -4.04994032 -3.97605401 -3.88618330 
2.84803587e+01 -4.18059855 -4.11857949 -4.05586168 -3.98101281 -3.89358321 
2.31012970e+01 -4.18353254 -4.12080597 -4.05845282 -3.98363882 -3.89561227 
1.87381742e+01 -4.18584041 -4.12330513 -4.06085247 -3.98648399 -3.89916783 
1.51991108e+01 -4.18790430 -4.12558499 -4.06306286 -3.98851881 -3.90137447 
1.23284674e+01 -4.19073945 -4.12733716 -4.06462665 -3.99065644 -3.90495792 
1.00000000e+01 -4.19369383 -4.13012282 -4.06738136 -3.99263839 -3.90673206 
8.11130831e+00 -4.19394532 -4.13044151 -4.06778541 -3.99295436 -3.90728980 
6.57933225e+00 -4.19419682 -4.13076020 -4.06808368 -3.99327033 -3.90929721 
5.33669923e+00 -4.19444831 -4.13107889 -4.06838194 -3.99452078 -3.91028990 
4.32876128e+00 -4.19469980 -4.13139758 -4.06868021 -3.99525135 -3.91087274 
3.51119173e+00 -4.19495129 -4.13171627 -4.06897848 -3.99576566 -3.91145558 
2.84803587e+00 -4.19533311 -4.13220622 -4.07012073 -3.99650620 -3.91208194 
2.31012970e+00 -4.19606142 -4.13363500 -4.07144316 -3.99811385 -3.91280582 
1.87381742e+00 -4.19713261 -4.13503263 -4.07323672 -3.99897435 -3.91454494 
1.51991108e+00 -4.19788291 -4.13604167 -4.07491401 -4.00065343 -3.91503392 
1.23284674e+00 -4.19863321 -4.13789686 -4.07577767 -4.00176041 -3.91552290 
1.00000000e+00 -4.19938352 -4.13967609 -4.07729714 -4.00291155 -3.91601188 
8.11130831e-01 -4.20211807 -4.14364379 -4.08023420 -4.00584185 -3.91794894 
6.57933225e-01 -4.20496332 -4.14789271 -4.08327972 -4.00876101 -3.92046662 
5.33669923e-01 -4.20854052 -4.15148357 -4.08610509 -4.01096194 -3.92298431 
4.32876128e-01 -4.21392648 -4.15529046 -4.08911409 -4.01316287 -3.92550199 
3.51119173e-01 -4.21696286 -4.15944369 -4.09178635 -4.01566496 -3.92801968 
2.84803587e-01 -4.21975676 -4.16237245 -4.09437894 -4.01757373 -3.93046503 
2.31012970e-01 -4.22247388 -4.16537180 -4.09679630 -4.01921836 -3.93268754 
1.87381742e-01 -4.22599972 -4.16803011 -4.09899314 -4.02083098 -3.93491006 
1.51991108e-01 -4.22886900 -4.17138312 -4.10163790 -4.02293052 -3.93713257 
1.23284674e-01 -4.23173827 -4.17395576 -4.10428267 -4.02474600 -3.93895288 
1.00000000e-01 -4.23530041 -4.17630679 -4.10631309 -4.02626907 -3.94110273 
8.11130831e-02 -4.23553809 -4.17592220 -4.10563044 -4.02575428 -3.94095003 
6.57933225e-02 -4.23577576 -4.17553177 -4.10458179 -4.02542877 -3.94032245 
5.33669923e-02 -4.23601344 -4.17527582 -4.10400801 -4.02548421 -3.93969488 
4.32876128e-02 -4.23625112 -4.17510560 -4.10313518 -4.02446661 -3.93906731 
3.51119173e-02 -4.23648880 -4.17482899 -4.10253765 -4.02332058 -3.93803219 
2.84803587e-02 -4.23625255 -4.17449654 -4.10184379 -4.02201259 -3.93652073 
2.31012970e-02 -4.23554236 -4.17399823 -4.10046508 -4.02056287 -3.93499359 
1.87381742e-02 -4.23483217 -4.17343438 -4.09939168 -4.01900515 -3.93337683 
1.51991108e-02 -4.23418980 -4.17254542 -4.09850843 -4.01794633 -3.93176008 
1.23284674e-02 -4.23369495 -4.17172160 -4.09720814 -4.01653272 -3.93014332 
1.00000000e-02 -4.23320011 -4.17114068 -4.09614738 -4.01523906 -3.92852656 
8.11130831e-03 -4.23292328 -4.17088660 -4.09545142 -4.01432360 -3.92749828 
6.57933225e-03 -4.23264646 -4.17059308 -4.09508835 -4.01352810 -3.92647000 
5.33669923e-03 -4.23236963 -4.17028460 -4.09474755 -4.01279685 -3.92521133 
4.32876128e-03 -4.23209281 -4.16995682 -4.09399963 -4.01211678 -3.92382672 
3.51119173e-03 -4.23181598 -4.16962903 -4.09303766 -4.01128057 -3.92244210 
2.84803587e-03 -4.23161908 -4.16937150 -4.09237532 -4.01079637 -3.92132461 
2.31012970e-03 -4.23150210 -4.16913578 -4.09216306 -4.01028908 -3.92047426 
1.87381742e-03 -4.23138511 -4.16883548 -4.09195080 -4.00975147 -3.91962390 
1.51991108e-03 -4.23126813 -4.16865454 -4.09173855 -4.00921386 -3.91877354 
1.23284674e-03 -4.23115114 -4.16857510 -4.09152629 -4.00867625 -3.91792318 
1.00000000e-03 -4.23103416 -4.16849566 -4.09125234 -4.00807238 -3.91707283 
8.11130831e-04 -4.23098346 -4.16846569 -4.09114909 -4.00753732 -3.91661335 
6.57933225e-04 -4.23093275 -4.16843572 -4.09104676 -4.00712824 -3.91633838 
5.33669923e-04 -4.23088205 -4.16840574 -4.09094444 -4.00654289 -3.91619368 
4.32876128e-04 -4.23083135 -4.16837577 -4.09084211 -4.00595754 -3.91604898 
3.51119173e-04 -4.23078064 -4.16834580 -4.09073978 -4.00557829 -3.91590427 
2.84803587e-04 -4.23075229 -4.16835829 -4.09055119 -4.00516660 -3.91582435 
2.31012970e-04 -4.23074630 -4.16841324 -4.09050761 -4.00489242 -3.91580920 
1.87381742e-04 -4.23074999 -4.16846820 -4.09042773 -4.00461825 -3.91579406 
1.51991108e-04 -4.23075429 -4.16850474 -4.09030693 -4.00442444 -3.91577892 
1.23284674e-04 -4.23075859 -4.16853646 -4.09018705 -4.00427343 -3.91552882 
1.00000000e-04 -4.23076289 -4.16856644 -4.09014141 -4.00419048 -3.91517089 
8.11130831e-05 -4.23088192 -4.16865036 -4.09023639 -4.00422082 -3.91503502 
6.57933225e-05 -4.23100095 -4.16873429 -4.09028971 -4.00425115 -3.91489915 
5.33669923e-05 -4.23111998 -4.16881821 -4.09028256 -4.00428148 -3.91476328 
4.32876128e-05 -4.23123901 -4.16890214 -4.09027541 -4.00431182 -3.91462741 
3.51119173e-05 -4.23135804 -4.16898606 -4.09026825 -4.00434215 -3.91449154 
2.84803587e-05 -4.23160775 -4.16915072 -4.09029116 -4.00434453 -3.91443263 
2.31012970e-05 -4.23190683 -4.16933179 -4.09041208 -4.00441168 -3.91445068 
1.87381742e-05 -4.23212465 -4.16944456 -4.09064081 -4.00449797 -3.91446873 
1.51991108e-05 -4.23234246 -4.16955732 -4.09086954 -4.00499089 -3.91448678 
1.23284674e-05 -4.23256028 -4.16973247 -4.09109828 -4.00500746 -3.91450483 
1.00000000e-05 -4.23283540 -4.16999561 -4.09132701 -4.00502403 -3.91452288 
8.11130831e-06 -4.23392242 -4.17067656 -4.09224760 -4.00520354 -3.91473566 
6.57933225e-06 -4.23448445 -4.17130594 -4.09278688 -4.00591119 -3.91494843 
5.33669923e-06 -4.23474055 -4.17182572 -4.09340224 -4.00623003 -3.91588055 
4.32876128e-06 -4.23554636 -4.17264076 -4.09397429 -4.00653186 -3.91606887 
3.51119173e-06 -4.23614440 -4.17314824 -4.09472737 -4.00716148 -3.91625719 
2.84803587e-06 -4.23686175 -4.17390270 -4.09641131 -4.00787857 -3.91713517 
2.31012970e-06 -4.23851033 -4.17528889 -4.09770219 -4.00925845 -3.92011589 
1.87381742e-06 -4.24015892 -4.17727381 -4.09859853 -4.01071396 -3.92098538 
1.51991108e-06 -4.24180750 -4.17836891 -4.10011470 -4.01183877 -3.92185487 
1.23284674e-06 -4.24400336 -4.18043517 -4.10174444 -4.01382559 -3.92272437 
1.00000000e-06 -4.24596614 -4.18194882 -4.10361185 -4.01579720 -3.92359386 
8.11130831e-07 -4.25062782 -4.18626446 -4.10713756 -4.01845855 -3.92594654 
6.57933225e-07 -4.25501947 -4.19040536 -4.11095772 -4.02083022 -3.92829922 
5.33669923e-07 -4.25945649 -4.19440377 -4.11493434 -4.02395903 -3.93065191 
4.32876128e-07 -4.26448648 -4.19832118 -4.11832396 -4.02635359 -3.93300459 
3.51119173e-07 -4.26864228 -4.20229234 -4.12200772 -4.02890992 -3.93535727 
2.84803587e-07 -4.27651164 -4.20998296 -4.12707488 -4.03708743 -3.94140460 
2.31012970e-07 -4.28632414 -4.21913098 -4.13442066 -4.04299382 -3.94592651 
1.87381742e-07 -4.29790011 -4.22884702 -4.14178464 -4.04972844 -3.95417353 
1.51991108e-07 -4.30947698 -4.23915626 -4.14826485 -4.05503730 -3.96419727 
1.23284674e-07 -4.32104085 -4.24795046 -4.15615243 -4.06075871 -3.97087604 
1.00000000e-07 -4.33104790 -4.25884044 -4.16228861 -4.06662699 -3.97529598 
