Chemical species: H2 He H2O CO2 SO2 CO Na H2S K CH4
P (bar) | log_H2: -2σ | log_H2: -1σ | log_H2: median | log_H2: +1σ | log_H2: +2σ 
1.00000000e+02 -0.06861211 -0.06843315 -0.06833777 -0.06827882 -0.06825362 
8.11130831e+01 -0.06861211 -0.06843315 -0.06833777 -0.06827882 -0.06825362 
6.57933225e+01 -0.06861211 -0.06843315 -0.06833777 -0.06827882 -0.06825362 
5.33669923e+01 -0.06861211 -0.06843315 -0.06833777 -0.06827882 -0.06825362 
4.32876128e+01 -0.06861211 -0.06843315 -0.06833777 -0.06827882 -0.06825362 
3.51119173e+01 -0.06861211 -0.06843315 -0.06833777 -0.06827882 -0.06825362 
2.84803587e+01 -0.06861211 -0.06843315 -0.06833777 -0.06827882 -0.06825362 
2.31012970e+01 -0.06861211 -0.06843315 -0.06833777 -0.06827882 -0.06825362 
1.87381742e+01 -0.06861211 -0.06843315 -0.06833777 -0.06827882 -0.06825362 
1.51991108e+01 -0.06861211 -0.06843315 -0.06833777 -0.06827882 -0.06825362 
1.23284674e+01 -0.06861211 -0.06843315 -0.06833777 -0.06827882 -0.06825362 
1.00000000e+01 -0.06861211 -0.06843315 -0.06833777 -0.06827882 -0.06825362 
8.11130831e+00 -0.06861211 -0.06843315 -0.06833777 -0.06827882 -0.06825362 
6.57933225e+00 -0.06861211 -0.06843315 -0.06833777 -0.06827882 -0.06825362 
5.33669923e+00 -0.06861211 -0.06843315 -0.06833777 -0.06827882 -0.06825362 
4.32876128e+00 -0.06861211 -0.06843315 -0.06833777 -0.06827882 -0.06825362 
3.51119173e+00 -0.06861211 -0.06843315 -0.06833777 -0.06827882 -0.06825362 
2.84803587e+00 -0.06861211 -0.06843315 -0.06833777 -0.06827882 -0.06825362 
2.31012970e+00 -0.06861211 -0.06843315 -0.06833777 -0.06827882 -0.06825362 
1.87381742e+00 -0.06861211 -0.06843315 -0.06833777 -0.06827882 -0.06825362 
1.51991108e+00 -0.06861211 -0.06843315 -0.06833777 -0.06827882 -0.06825362 
1.23284674e+00 -0.06861211 -0.06843315 -0.06833777 -0.06827882 -0.06825362 
1.00000000e+00 -0.06861211 -0.06843315 -0.06833777 -0.06827882 -0.06825362 
8.11130831e-01 -0.06861211 -0.06843315 -0.06833777 -0.06827882 -0.06825362 
6.57933225e-01 -0.06861211 -0.06843315 -0.06833777 -0.06827882 -0.06825362 
5.33669923e-01 -0.06861211 -0.06843315 -0.06833777 -0.06827882 -0.06825362 
4.32876128e-01 -0.06861211 -0.06843315 -0.06833777 -0.06827882 -0.06825362 
3.51119173e-01 -0.06861211 -0.06843315 -0.06833777 -0.06827882 -0.06825362 
2.84803587e-01 -0.06861211 -0.06843315 -0.06833777 -0.06827882 -0.06825362 
2.31012970e-01 -0.06861211 -0.06843315 -0.06833777 -0.06827882 -0.06825362 
1.87381742e-01 -0.06861211 -0.06843315 -0.06833777 -0.06827882 -0.06825362 
1.51991108e-01 -0.06861211 -0.06843315 -0.06833777 -0.06827882 -0.06825362 
1.23284674e-01 -0.06861211 -0.06843315 -0.06833777 -0.06827882 -0.06825362 
1.00000000e-01 -0.06861211 -0.06843315 -0.06833777 -0.06827882 -0.06825362 
8.11130831e-02 -0.06861211 -0.06843315 -0.06833777 -0.06827882 -0.06825362 
6.57933225e-02 -0.06861211 -0.06843315 -0.06833777 -0.06827882 -0.06825362 
5.33669923e-02 -0.06861211 -0.06843315 -0.06833777 -0.06827882 -0.06825362 
4.32876128e-02 -0.06861211 -0.06843315 -0.06833777 -0.06827882 -0.06825362 
3.51119173e-02 -0.06861211 -0.06843315 -0.06833777 -0.06827882 -0.06825362 
2.84803587e-02 -0.06861211 -0.06843315 -0.06833777 -0.06827882 -0.06825362 
2.31012970e-02 -0.06861211 -0.06843315 -0.06833777 -0.06827882 -0.06825362 
1.87381742e-02 -0.06861211 -0.06843315 -0.06833777 -0.06827882 -0.06825362 
1.51991108e-02 -0.06861211 -0.06843315 -0.06833777 -0.06827882 -0.06825362 
1.23284674e-02 -0.06861211 -0.06843315 -0.06833777 -0.06827882 -0.06825362 
1.00000000e-02 -0.06861211 -0.06843315 -0.06833777 -0.06827882 -0.06825362 
8.11130831e-03 -0.06861211 -0.06843315 -0.06833777 -0.06827882 -0.06825362 
6.57933225e-03 -0.06861211 -0.06843315 -0.06833777 -0.06827882 -0.06825362 
5.33669923e-03 -0.06861211 -0.06843315 -0.06833777 -0.06827882 -0.06825362 
4.32876128e-03 -0.06861211 -0.06843315 -0.06833777 -0.06827882 -0.06825362 
3.51119173e-03 -0.06861211 -0.06843315 -0.06833777 -0.06827882 -0.06825362 
2.84803587e-03 -0.06861211 -0.06843315 -0.06833777 -0.06827882 -0.06825362 
2.31012970e-03 -0.06861211 -0.06843315 -0.06833777 -0.06827882 -0.06825362 
1.87381742e-03 -0.06861211 -0.06843315 -0.06833777 -0.06827882 -0.06825362 
1.51991108e-03 -0.06861211 -0.06843315 -0.06833777 -0.06827882 -0.06825362 
1.23284674e-03 -0.06861211 -0.06843315 -0.06833777 -0.06827882 -0.06825362 
1.00000000e-03 -0.06861211 -0.06843315 -0.06833777 -0.06827882 -0.06825362 
8.11130831e-04 -0.06861211 -0.06843315 -0.06833777 -0.06827882 -0.06825362 
6.57933225e-04 -0.06861211 -0.06843315 -0.06833777 -0.06827882 -0.06825362 
5.33669923e-04 -0.06861211 -0.06843315 -0.06833777 -0.06827882 -0.06825362 
4.32876128e-04 -0.06861211 -0.06843315 -0.06833777 -0.06827882 -0.06825362 
3.51119173e-04 -0.06861211 -0.06843315 -0.06833777 -0.06827882 -0.06825362 
2.84803587e-04 -0.06861211 -0.06843315 -0.06833777 -0.06827882 -0.06825362 
2.31012970e-04 -0.06861211 -0.06843315 -0.06833777 -0.06827882 -0.06825362 
1.87381742e-04 -0.06861211 -0.06843315 -0.06833777 -0.06827882 -0.06825362 
1.51991108e-04 -0.06861211 -0.06843315 -0.06833777 -0.06827882 -0.06825362 
1.23284674e-04 -0.06861211 -0.06843315 -0.06833777 -0.06827882 -0.06825362 
1.00000000e-04 -0.06861211 -0.06843315 -0.06833777 -0.06827882 -0.06825362 
8.11130831e-05 -0.06861211 -0.06843315 -0.06833777 -0.06827882 -0.06825362 
6.57933225e-05 -0.06861211 -0.06843315 -0.06833777 -0.06827882 -0.06825362 
5.33669923e-05 -0.06861211 -0.06843315 -0.06833777 -0.06827882 -0.06825362 
4.32876128e-05 -0.06861211 -0.06843315 -0.06833777 -0.06827882 -0.06825362 
3.51119173e-05 -0.06861211 -0.06843315 -0.06833777 -0.06827882 -0.06825362 
2.84803587e-05 -0.06861211 -0.06843315 -0.06833777 -0.06827882 -0.06825362 
2.31012970e-05 -0.06861211 -0.06843315 -0.06833777 -0.06827882 -0.06825362 
1.87381742e-05 -0.06861211 -0.06843315 -0.06833777 -0.06827882 -0.06825362 
1.51991108e-05 -0.06861211 -0.06843315 -0.06833777 -0.06827882 -0.06825362 
1.23284674e-05 -0.06861211 -0.06843315 -0.06833777 -0.06827882 -0.06825362 
1.00000000e-05 -0.06861211 -0.06843315 -0.06833777 -0.06827882 -0.06825362 
8.11130831e-06 -0.06861211 -0.06843315 -0.06833777 -0.06827882 -0.06825362 
6.57933225e-06 -0.06861211 -0.06843315 -0.06833777 -0.06827882 -0.06825362 
5.33669923e-06 -0.06861211 -0.06843315 -0.06833777 -0.06827882 -0.06825362 
4.32876128e-06 -0.06861211 -0.06843315 -0.06833777 -0.06827882 -0.06825362 
3.51119173e-06 -0.06861211 -0.06843315 -0.06833777 -0.06827882 -0.06825362 
2.84803587e-06 -0.06861211 -0.06843315 -0.06833777 -0.06827882 -0.06825362 
2.31012970e-06 -0.06861211 -0.06843315 -0.06833777 -0.06827882 -0.06825362 
1.87381742e-06 -0.06861211 -0.06843315 -0.06833777 -0.06827882 -0.06825362 
1.51991108e-06 -0.06861211 -0.06843315 -0.06833777 -0.06827882 -0.06825362 
1.23284674e-06 -0.06861211 -0.06843315 -0.06833777 -0.06827882 -0.06825362 
1.00000000e-06 -0.06861211 -0.06843315 -0.06833777 -0.06827882 -0.06825362 
8.11130831e-07 -0.06861211 -0.06843315 -0.06833777 -0.06827882 -0.06825362 
6.57933225e-07 -0.06861211 -0.06843315 -0.06833777 -0.06827882 -0.06825362 
5.33669923e-07 -0.06861211 -0.06843315 -0.06833777 -0.06827882 -0.06825362 
4.32876128e-07 -0.06861211 -0.06843315 -0.06833777 -0.06827882 -0.06825362 
3.51119173e-07 -0.06861211 -0.06843315 -0.06833777 -0.06827882 -0.06825362 
2.84803587e-07 -0.06861211 -0.06843315 -0.06833777 -0.06827882 -0.06825362 
2.31012970e-07 -0.06861211 -0.06843315 -0.06833777 -0.06827882 -0.06825362 
1.87381742e-07 -0.06861211 -0.06843315 -0.06833777 -0.06827882 -0.06825362 
1.51991108e-07 -0.06861211 -0.06843315 -0.06833777 -0.06827882 -0.06825362 
1.23284674e-07 -0.06861211 -0.06843315 -0.06833777 -0.06827882 -0.06825362 
1.00000000e-07 -0.06861211 -0.06843315 -0.06833777 -0.06827882 -0.06825362 
P (bar) | log_He: -2σ | log_He: -1σ | log_He: median | log_He: +1σ | log_He: +2σ 
1.00000000e+02 -0.83816319 -0.83798423 -0.83788885 -0.83782990 -0.83780470 
8.11130831e+01 -0.83816319 -0.83798423 -0.83788885 -0.83782990 -0.83780470 
6.57933225e+01 -0.83816319 -0.83798423 -0.83788885 -0.83782990 -0.83780470 
5.33669923e+01 -0.83816319 -0.83798423 -0.83788885 -0.83782990 -0.83780470 
4.32876128e+01 -0.83816319 -0.83798423 -0.83788885 -0.83782990 -0.83780470 
3.51119173e+01 -0.83816319 -0.83798423 -0.83788885 -0.83782990 -0.83780470 
2.84803587e+01 -0.83816319 -0.83798423 -0.83788885 -0.83782990 -0.83780470 
2.31012970e+01 -0.83816319 -0.83798423 -0.83788885 -0.83782990 -0.83780470 
1.87381742e+01 -0.83816319 -0.83798423 -0.83788885 -0.83782990 -0.83780470 
1.51991108e+01 -0.83816319 -0.83798423 -0.83788885 -0.83782990 -0.83780470 
1.23284674e+01 -0.83816319 -0.83798423 -0.83788885 -0.83782990 -0.83780470 
1.00000000e+01 -0.83816319 -0.83798423 -0.83788885 -0.83782990 -0.83780470 
8.11130831e+00 -0.83816319 -0.83798423 -0.83788885 -0.83782990 -0.83780470 
6.57933225e+00 -0.83816319 -0.83798423 -0.83788885 -0.83782990 -0.83780470 
5.33669923e+00 -0.83816319 -0.83798423 -0.83788885 -0.83782990 -0.83780470 
4.32876128e+00 -0.83816319 -0.83798423 -0.83788885 -0.83782990 -0.83780470 
3.51119173e+00 -0.83816319 -0.83798423 -0.83788885 -0.83782990 -0.83780470 
2.84803587e+00 -0.83816319 -0.83798423 -0.83788885 -0.83782990 -0.83780470 
2.31012970e+00 -0.83816319 -0.83798423 -0.83788885 -0.83782990 -0.83780470 
1.87381742e+00 -0.83816319 -0.83798423 -0.83788885 -0.83782990 -0.83780470 
1.51991108e+00 -0.83816319 -0.83798423 -0.83788885 -0.83782990 -0.83780470 
1.23284674e+00 -0.83816319 -0.83798423 -0.83788885 -0.83782990 -0.83780470 
1.00000000e+00 -0.83816319 -0.83798423 -0.83788885 -0.83782990 -0.83780470 
8.11130831e-01 -0.83816319 -0.83798423 -0.83788885 -0.83782990 -0.83780470 
6.57933225e-01 -0.83816319 -0.83798423 -0.83788885 -0.83782990 -0.83780470 
5.33669923e-01 -0.83816319 -0.83798423 -0.83788885 -0.83782990 -0.83780470 
4.32876128e-01 -0.83816319 -0.83798423 -0.83788885 -0.83782990 -0.83780470 
3.51119173e-01 -0.83816319 -0.83798423 -0.83788885 -0.83782990 -0.83780470 
2.84803587e-01 -0.83816319 -0.83798423 -0.83788885 -0.83782990 -0.83780470 
2.31012970e-01 -0.83816319 -0.83798423 -0.83788885 -0.83782990 -0.83780470 
1.87381742e-01 -0.83816319 -0.83798423 -0.83788885 -0.83782990 -0.83780470 
1.51991108e-01 -0.83816319 -0.83798423 -0.83788885 -0.83782990 -0.83780470 
1.23284674e-01 -0.83816319 -0.83798423 -0.83788885 -0.83782990 -0.83780470 
1.00000000e-01 -0.83816319 -0.83798423 -0.83788885 -0.83782990 -0.83780470 
8.11130831e-02 -0.83816319 -0.83798423 -0.83788885 -0.83782990 -0.83780470 
6.57933225e-02 -0.83816319 -0.83798423 -0.83788885 -0.83782990 -0.83780470 
5.33669923e-02 -0.83816319 -0.83798423 -0.83788885 -0.83782990 -0.83780470 
4.32876128e-02 -0.83816319 -0.83798423 -0.83788885 -0.83782990 -0.83780470 
3.51119173e-02 -0.83816319 -0.83798423 -0.83788885 -0.83782990 -0.83780470 
2.84803587e-02 -0.83816319 -0.83798423 -0.83788885 -0.83782990 -0.83780470 
2.31012970e-02 -0.83816319 -0.83798423 -0.83788885 -0.83782990 -0.83780470 
1.87381742e-02 -0.83816319 -0.83798423 -0.83788885 -0.83782990 -0.83780470 
1.51991108e-02 -0.83816319 -0.83798423 -0.83788885 -0.83782990 -0.83780470 
1.23284674e-02 -0.83816319 -0.83798423 -0.83788885 -0.83782990 -0.83780470 
1.00000000e-02 -0.83816319 -0.83798423 -0.83788885 -0.83782990 -0.83780470 
8.11130831e-03 -0.83816319 -0.83798423 -0.83788885 -0.83782990 -0.83780470 
6.57933225e-03 -0.83816319 -0.83798423 -0.83788885 -0.83782990 -0.83780470 
5.33669923e-03 -0.83816319 -0.83798423 -0.83788885 -0.83782990 -0.83780470 
4.32876128e-03 -0.83816319 -0.83798423 -0.83788885 -0.83782990 -0.83780470 
3.51119173e-03 -0.83816319 -0.83798423 -0.83788885 -0.83782990 -0.83780470 
2.84803587e-03 -0.83816319 -0.83798423 -0.83788885 -0.83782990 -0.83780470 
2.31012970e-03 -0.83816319 -0.83798423 -0.83788885 -0.83782990 -0.83780470 
1.87381742e-03 -0.83816319 -0.83798423 -0.83788885 -0.83782990 -0.83780470 
1.51991108e-03 -0.83816319 -0.83798423 -0.83788885 -0.83782990 -0.83780470 
1.23284674e-03 -0.83816319 -0.83798423 -0.83788885 -0.83782990 -0.83780470 
1.00000000e-03 -0.83816319 -0.83798423 -0.83788885 -0.83782990 -0.83780470 
8.11130831e-04 -0.83816319 -0.83798423 -0.83788885 -0.83782990 -0.83780470 
6.57933225e-04 -0.83816319 -0.83798423 -0.83788885 -0.83782990 -0.83780470 
5.33669923e-04 -0.83816319 -0.83798423 -0.83788885 -0.83782990 -0.83780470 
4.32876128e-04 -0.83816319 -0.83798423 -0.83788885 -0.83782990 -0.83780470 
3.51119173e-04 -0.83816319 -0.83798423 -0.83788885 -0.83782990 -0.83780470 
2.84803587e-04 -0.83816319 -0.83798423 -0.83788885 -0.83782990 -0.83780470 
2.31012970e-04 -0.83816319 -0.83798423 -0.83788885 -0.83782990 -0.83780470 
1.87381742e-04 -0.83816319 -0.83798423 -0.83788885 -0.83782990 -0.83780470 
1.51991108e-04 -0.83816319 -0.83798423 -0.83788885 -0.83782990 -0.83780470 
1.23284674e-04 -0.83816319 -0.83798423 -0.83788885 -0.83782990 -0.83780470 
1.00000000e-04 -0.83816319 -0.83798423 -0.83788885 -0.83782990 -0.83780470 
8.11130831e-05 -0.83816319 -0.83798423 -0.83788885 -0.83782990 -0.83780470 
6.57933225e-05 -0.83816319 -0.83798423 -0.83788885 -0.83782990 -0.83780470 
5.33669923e-05 -0.83816319 -0.83798423 -0.83788885 -0.83782990 -0.83780470 
4.32876128e-05 -0.83816319 -0.83798423 -0.83788885 -0.83782990 -0.83780470 
3.51119173e-05 -0.83816319 -0.83798423 -0.83788885 -0.83782990 -0.83780470 
2.84803587e-05 -0.83816319 -0.83798423 -0.83788885 -0.83782990 -0.83780470 
2.31012970e-05 -0.83816319 -0.83798423 -0.83788885 -0.83782990 -0.83780470 
1.87381742e-05 -0.83816319 -0.83798423 -0.83788885 -0.83782990 -0.83780470 
1.51991108e-05 -0.83816319 -0.83798423 -0.83788885 -0.83782990 -0.83780470 
1.23284674e-05 -0.83816319 -0.83798423 -0.83788885 -0.83782990 -0.83780470 
1.00000000e-05 -0.83816319 -0.83798423 -0.83788885 -0.83782990 -0.83780470 
8.11130831e-06 -0.83816319 -0.83798423 -0.83788885 -0.83782990 -0.83780470 
6.57933225e-06 -0.83816319 -0.83798423 -0.83788885 -0.83782990 -0.83780470 
5.33669923e-06 -0.83816319 -0.83798423 -0.83788885 -0.83782990 -0.83780470 
4.32876128e-06 -0.83816319 -0.83798423 -0.83788885 -0.83782990 -0.83780470 
3.51119173e-06 -0.83816319 -0.83798423 -0.83788885 -0.83782990 -0.83780470 
2.84803587e-06 -0.83816319 -0.83798423 -0.83788885 -0.83782990 -0.83780470 
2.31012970e-06 -0.83816319 -0.83798423 -0.83788885 -0.83782990 -0.83780470 
1.87381742e-06 -0.83816319 -0.83798423 -0.83788885 -0.83782990 -0.83780470 
1.51991108e-06 -0.83816319 -0.83798423 -0.83788885 -0.83782990 -0.83780470 
1.23284674e-06 -0.83816319 -0.83798423 -0.83788885 -0.83782990 -0.83780470 
1.00000000e-06 -0.83816319 -0.83798423 -0.83788885 -0.83782990 -0.83780470 
8.11130831e-07 -0.83816319 -0.83798423 -0.83788885 -0.83782990 -0.83780470 
6.57933225e-07 -0.83816319 -0.83798423 -0.83788885 -0.83782990 -0.83780470 
5.33669923e-07 -0.83816319 -0.83798423 -0.83788885 -0.83782990 -0.83780470 
4.32876128e-07 -0.83816319 -0.83798423 -0.83788885 -0.83782990 -0.83780470 
3.51119173e-07 -0.83816319 -0.83798423 -0.83788885 -0.83782990 -0.83780470 
2.84803587e-07 -0.83816319 -0.83798423 -0.83788885 -0.83782990 -0.83780470 
2.31012970e-07 -0.83816319 -0.83798423 -0.83788885 -0.83782990 -0.83780470 
1.87381742e-07 -0.83816319 -0.83798423 -0.83788885 -0.83782990 -0.83780470 
1.51991108e-07 -0.83816319 -0.83798423 -0.83788885 -0.83782990 -0.83780470 
1.23284674e-07 -0.83816319 -0.83798423 -0.83788885 -0.83782990 -0.83780470 
1.00000000e-07 -0.83816319 -0.83798423 -0.83788885 -0.83782990 -0.83780470 
P (bar) | log_H2O: -2σ | log_H2O: -1σ | log_H2O: median | log_H2O: +1σ | log_H2O: +2σ 
1.00000000e+02 -4.11830850 -4.01638164 -3.88865922 -3.74522515 -3.57578017 
8.11130831e+01 -4.11830850 -4.01638164 -3.88865922 -3.74522515 -3.57578017 
6.57933225e+01 -4.11830850 -4.01638164 -3.88865922 -3.74522515 -3.57578017 
5.33669923e+01 -4.11830850 -4.01638164 -3.88865922 -3.74522515 -3.57578017 
4.32876128e+01 -4.11830850 -4.01638164 -3.88865922 -3.74522515 -3.57578017 
3.51119173e+01 -4.11830850 -4.01638164 -3.88865922 -3.74522515 -3.57578017 
2.84803587e+01 -4.11830850 -4.01638164 -3.88865922 -3.74522515 -3.57578017 
2.31012970e+01 -4.11830850 -4.01638164 -3.88865922 -3.74522515 -3.57578017 
1.87381742e+01 -4.11830850 -4.01638164 -3.88865922 -3.74522515 -3.57578017 
1.51991108e+01 -4.11830850 -4.01638164 -3.88865922 -3.74522515 -3.57578017 
1.23284674e+01 -4.11830850 -4.01638164 -3.88865922 -3.74522515 -3.57578017 
1.00000000e+01 -4.11830850 -4.01638164 -3.88865922 -3.74522515 -3.57578017 
8.11130831e+00 -4.11830850 -4.01638164 -3.88865922 -3.74522515 -3.57578017 
6.57933225e+00 -4.11830850 -4.01638164 -3.88865922 -3.74522515 -3.57578017 
5.33669923e+00 -4.11830850 -4.01638164 -3.88865922 -3.74522515 -3.57578017 
4.32876128e+00 -4.11830850 -4.01638164 -3.88865922 -3.74522515 -3.57578017 
3.51119173e+00 -4.11830850 -4.01638164 -3.88865922 -3.74522515 -3.57578017 
2.84803587e+00 -4.11830850 -4.01638164 -3.88865922 -3.74522515 -3.57578017 
2.31012970e+00 -4.11830850 -4.01638164 -3.88865922 -3.74522515 -3.57578017 
1.87381742e+00 -4.11830850 -4.01638164 -3.88865922 -3.74522515 -3.57578017 
1.51991108e+00 -4.11830850 -4.01638164 -3.88865922 -3.74522515 -3.57578017 
1.23284674e+00 -4.11830850 -4.01638164 -3.88865922 -3.74522515 -3.57578017 
1.00000000e+00 -4.11830850 -4.01638164 -3.88865922 -3.74522515 -3.57578017 
8.11130831e-01 -4.11830850 -4.01638164 -3.88865922 -3.74522515 -3.57578017 
6.57933225e-01 -4.11830850 -4.01638164 -3.88865922 -3.74522515 -3.57578017 
5.33669923e-01 -4.11830850 -4.01638164 -3.88865922 -3.74522515 -3.57578017 
4.32876128e-01 -4.11830850 -4.01638164 -3.88865922 -3.74522515 -3.57578017 
3.51119173e-01 -4.11830850 -4.01638164 -3.88865922 -3.74522515 -3.57578017 
2.84803587e-01 -4.11830850 -4.01638164 -3.88865922 -3.74522515 -3.57578017 
2.31012970e-01 -4.11830850 -4.01638164 -3.88865922 -3.74522515 -3.57578017 
1.87381742e-01 -4.11830850 -4.01638164 -3.88865922 -3.74522515 -3.57578017 
1.51991108e-01 -4.11830850 -4.01638164 -3.88865922 -3.74522515 -3.57578017 
1.23284674e-01 -4.11830850 -4.01638164 -3.88865922 -3.74522515 -3.57578017 
1.00000000e-01 -4.11830850 -4.01638164 -3.88865922 -3.74522515 -3.57578017 
8.11130831e-02 -4.11830850 -4.01638164 -3.88865922 -3.74522515 -3.57578017 
6.57933225e-02 -4.11830850 -4.01638164 -3.88865922 -3.74522515 -3.57578017 
5.33669923e-02 -4.11830850 -4.01638164 -3.88865922 -3.74522515 -3.57578017 
4.32876128e-02 -4.11830850 -4.01638164 -3.88865922 -3.74522515 -3.57578017 
3.51119173e-02 -4.11830850 -4.01638164 -3.88865922 -3.74522515 -3.57578017 
2.84803587e-02 -4.11830850 -4.01638164 -3.88865922 -3.74522515 -3.57578017 
2.31012970e-02 -4.11830850 -4.01638164 -3.88865922 -3.74522515 -3.57578017 
1.87381742e-02 -4.11830850 -4.01638164 -3.88865922 -3.74522515 -3.57578017 
1.51991108e-02 -4.11830850 -4.01638164 -3.88865922 -3.74522515 -3.57578017 
1.23284674e-02 -4.11830850 -4.01638164 -3.88865922 -3.74522515 -3.57578017 
1.00000000e-02 -4.11830850 -4.01638164 -3.88865922 -3.74522515 -3.57578017 
8.11130831e-03 -4.11830850 -4.01638164 -3.88865922 -3.74522515 -3.57578017 
6.57933225e-03 -4.11830850 -4.01638164 -3.88865922 -3.74522515 -3.57578017 
5.33669923e-03 -4.11830850 -4.01638164 -3.88865922 -3.74522515 -3.57578017 
4.32876128e-03 -4.11830850 -4.01638164 -3.88865922 -3.74522515 -3.57578017 
3.51119173e-03 -4.11830850 -4.01638164 -3.88865922 -3.74522515 -3.57578017 
2.84803587e-03 -4.11830850 -4.01638164 -3.88865922 -3.74522515 -3.57578017 
2.31012970e-03 -4.11830850 -4.01638164 -3.88865922 -3.74522515 -3.57578017 
1.87381742e-03 -4.11830850 -4.01638164 -3.88865922 -3.74522515 -3.57578017 
1.51991108e-03 -4.11830850 -4.01638164 -3.88865922 -3.74522515 -3.57578017 
1.23284674e-03 -4.11830850 -4.01638164 -3.88865922 -3.74522515 -3.57578017 
1.00000000e-03 -4.11830850 -4.01638164 -3.88865922 -3.74522515 -3.57578017 
8.11130831e-04 -4.11830850 -4.01638164 -3.88865922 -3.74522515 -3.57578017 
6.57933225e-04 -4.11830850 -4.01638164 -3.88865922 -3.74522515 -3.57578017 
5.33669923e-04 -4.11830850 -4.01638164 -3.88865922 -3.74522515 -3.57578017 
4.32876128e-04 -4.11830850 -4.01638164 -3.88865922 -3.74522515 -3.57578017 
3.51119173e-04 -4.11830850 -4.01638164 -3.88865922 -3.74522515 -3.57578017 
2.84803587e-04 -4.11830850 -4.01638164 -3.88865922 -3.74522515 -3.57578017 
2.31012970e-04 -4.11830850 -4.01638164 -3.88865922 -3.74522515 -3.57578017 
1.87381742e-04 -4.11830850 -4.01638164 -3.88865922 -3.74522515 -3.57578017 
1.51991108e-04 -4.11830850 -4.01638164 -3.88865922 -3.74522515 -3.57578017 
1.23284674e-04 -4.11830850 -4.01638164 -3.88865922 -3.74522515 -3.57578017 
1.00000000e-04 -4.11830850 -4.01638164 -3.88865922 -3.74522515 -3.57578017 
8.11130831e-05 -4.11830850 -4.01638164 -3.88865922 -3.74522515 -3.57578017 
6.57933225e-05 -4.11830850 -4.01638164 -3.88865922 -3.74522515 -3.57578017 
5.33669923e-05 -4.11830850 -4.01638164 -3.88865922 -3.74522515 -3.57578017 
4.32876128e-05 -4.11830850 -4.01638164 -3.88865922 -3.74522515 -3.57578017 
3.51119173e-05 -4.11830850 -4.01638164 -3.88865922 -3.74522515 -3.57578017 
2.84803587e-05 -4.11830850 -4.01638164 -3.88865922 -3.74522515 -3.57578017 
2.31012970e-05 -4.11830850 -4.01638164 -3.88865922 -3.74522515 -3.57578017 
1.87381742e-05 -4.11830850 -4.01638164 -3.88865922 -3.74522515 -3.57578017 
1.51991108e-05 -4.11830850 -4.01638164 -3.88865922 -3.74522515 -3.57578017 
1.23284674e-05 -4.11830850 -4.01638164 -3.88865922 -3.74522515 -3.57578017 
1.00000000e-05 -4.11830850 -4.01638164 -3.88865922 -3.74522515 -3.57578017 
8.11130831e-06 -4.11830850 -4.01638164 -3.88865922 -3.74522515 -3.57578017 
6.57933225e-06 -4.11830850 -4.01638164 -3.88865922 -3.74522515 -3.57578017 
5.33669923e-06 -4.11830850 -4.01638164 -3.88865922 -3.74522515 -3.57578017 
4.32876128e-06 -4.11830850 -4.01638164 -3.88865922 -3.74522515 -3.57578017 
3.51119173e-06 -4.11830850 -4.01638164 -3.88865922 -3.74522515 -3.57578017 
2.84803587e-06 -4.11830850 -4.01638164 -3.88865922 -3.74522515 -3.57578017 
2.31012970e-06 -4.11830850 -4.01638164 -3.88865922 -3.74522515 -3.57578017 
1.87381742e-06 -4.11830850 -4.01638164 -3.88865922 -3.74522515 -3.57578017 
1.51991108e-06 -4.11830850 -4.01638164 -3.88865922 -3.74522515 -3.57578017 
1.23284674e-06 -4.11830850 -4.01638164 -3.88865922 -3.74522515 -3.57578017 
1.00000000e-06 -4.11830850 -4.01638164 -3.88865922 -3.74522515 -3.57578017 
8.11130831e-07 -4.11830850 -4.01638164 -3.88865922 -3.74522515 -3.57578017 
6.57933225e-07 -4.11830850 -4.01638164 -3.88865922 -3.74522515 -3.57578017 
5.33669923e-07 -4.11830850 -4.01638164 -3.88865922 -3.74522515 -3.57578017 
4.32876128e-07 -4.11830850 -4.01638164 -3.88865922 -3.74522515 -3.57578017 
3.51119173e-07 -4.11830850 -4.01638164 -3.88865922 -3.74522515 -3.57578017 
2.84803587e-07 -4.11830850 -4.01638164 -3.88865922 -3.74522515 -3.57578017 
2.31012970e-07 -4.11830850 -4.01638164 -3.88865922 -3.74522515 -3.57578017 
1.87381742e-07 -4.11830850 -4.01638164 -3.88865922 -3.74522515 -3.57578017 
1.51991108e-07 -4.11830850 -4.01638164 -3.88865922 -3.74522515 -3.57578017 
1.23284674e-07 -4.11830850 -4.01638164 -3.88865922 -3.74522515 -3.57578017 
1.00000000e-07 -4.11830850 -4.01638164 -3.88865922 -3.74522515 -3.57578017 
P (bar) | log_CO2: -2σ | log_CO2: -1σ | log_CO2: median | log_CO2: +1σ | log_CO2: +2σ 
1.00000000e+02 -5.98616791 -5.89926681 -5.76061402 -5.60880238 -5.40565120 
8.11130831e+01 -5.98616791 -5.89926681 -5.76061402 -5.60880238 -5.40565120 
6.57933225e+01 -5.98616791 -5.89926681 -5.76061402 -5.60880238 -5.40565120 
5.33669923e+01 -5.98616791 -5.89926681 -5.76061402 -5.60880238 -5.40565120 
4.32876128e+01 -5.98616791 -5.89926681 -5.76061402 -5.60880238 -5.40565120 
3.51119173e+01 -5.98616791 -5.89926681 -5.76061402 -5.60880238 -5.40565120 
2.84803587e+01 -5.98616791 -5.89926681 -5.76061402 -5.60880238 -5.40565120 
2.31012970e+01 -5.98616791 -5.89926681 -5.76061402 -5.60880238 -5.40565120 
1.87381742e+01 -5.98616791 -5.89926681 -5.76061402 -5.60880238 -5.40565120 
1.51991108e+01 -5.98616791 -5.89926681 -5.76061402 -5.60880238 -5.40565120 
1.23284674e+01 -5.98616791 -5.89926681 -5.76061402 -5.60880238 -5.40565120 
1.00000000e+01 -5.98616791 -5.89926681 -5.76061402 -5.60880238 -5.40565120 
8.11130831e+00 -5.98616791 -5.89926681 -5.76061402 -5.60880238 -5.40565120 
6.57933225e+00 -5.98616791 -5.89926681 -5.76061402 -5.60880238 -5.40565120 
5.33669923e+00 -5.98616791 -5.89926681 -5.76061402 -5.60880238 -5.40565120 
4.32876128e+00 -5.98616791 -5.89926681 -5.76061402 -5.60880238 -5.40565120 
3.51119173e+00 -5.98616791 -5.89926681 -5.76061402 -5.60880238 -5.40565120 
2.84803587e+00 -5.98616791 -5.89926681 -5.76061402 -5.60880238 -5.40565120 
2.31012970e+00 -5.98616791 -5.89926681 -5.76061402 -5.60880238 -5.40565120 
1.87381742e+00 -5.98616791 -5.89926681 -5.76061402 -5.60880238 -5.40565120 
1.51991108e+00 -5.98616791 -5.89926681 -5.76061402 -5.60880238 -5.40565120 
1.23284674e+00 -5.98616791 -5.89926681 -5.76061402 -5.60880238 -5.40565120 
1.00000000e+00 -5.98616791 -5.89926681 -5.76061402 -5.60880238 -5.40565120 
8.11130831e-01 -5.98616791 -5.89926681 -5.76061402 -5.60880238 -5.40565120 
6.57933225e-01 -5.98616791 -5.89926681 -5.76061402 -5.60880238 -5.40565120 
5.33669923e-01 -5.98616791 -5.89926681 -5.76061402 -5.60880238 -5.40565120 
4.32876128e-01 -5.98616791 -5.89926681 -5.76061402 -5.60880238 -5.40565120 
3.51119173e-01 -5.98616791 -5.89926681 -5.76061402 -5.60880238 -5.40565120 
2.84803587e-01 -5.98616791 -5.89926681 -5.76061402 -5.60880238 -5.40565120 
2.31012970e-01 -5.98616791 -5.89926681 -5.76061402 -5.60880238 -5.40565120 
1.87381742e-01 -5.98616791 -5.89926681 -5.76061402 -5.60880238 -5.40565120 
1.51991108e-01 -5.98616791 -5.89926681 -5.76061402 -5.60880238 -5.40565120 
1.23284674e-01 -5.98616791 -5.89926681 -5.76061402 -5.60880238 -5.40565120 
1.00000000e-01 -5.98616791 -5.89926681 -5.76061402 -5.60880238 -5.40565120 
8.11130831e-02 -5.98616791 -5.89926681 -5.76061402 -5.60880238 -5.40565120 
6.57933225e-02 -5.98616791 -5.89926681 -5.76061402 -5.60880238 -5.40565120 
5.33669923e-02 -5.98616791 -5.89926681 -5.76061402 -5.60880238 -5.40565120 
4.32876128e-02 -5.98616791 -5.89926681 -5.76061402 -5.60880238 -5.40565120 
3.51119173e-02 -5.98616791 -5.89926681 -5.76061402 -5.60880238 -5.40565120 
2.84803587e-02 -5.98616791 -5.89926681 -5.76061402 -5.60880238 -5.40565120 
2.31012970e-02 -5.98616791 -5.89926681 -5.76061402 -5.60880238 -5.40565120 
1.87381742e-02 -5.98616791 -5.89926681 -5.76061402 -5.60880238 -5.40565120 
1.51991108e-02 -5.98616791 -5.89926681 -5.76061402 -5.60880238 -5.40565120 
1.23284674e-02 -5.98616791 -5.89926681 -5.76061402 -5.60880238 -5.40565120 
1.00000000e-02 -5.98616791 -5.89926681 -5.76061402 -5.60880238 -5.40565120 
8.11130831e-03 -5.98616791 -5.89926681 -5.76061402 -5.60880238 -5.40565120 
6.57933225e-03 -5.98616791 -5.89926681 -5.76061402 -5.60880238 -5.40565120 
5.33669923e-03 -5.98616791 -5.89926681 -5.76061402 -5.60880238 -5.40565120 
4.32876128e-03 -5.98616791 -5.89926681 -5.76061402 -5.60880238 -5.40565120 
3.51119173e-03 -5.98616791 -5.89926681 -5.76061402 -5.60880238 -5.40565120 
2.84803587e-03 -5.98616791 -5.89926681 -5.76061402 -5.60880238 -5.40565120 
2.31012970e-03 -5.98616791 -5.89926681 -5.76061402 -5.60880238 -5.40565120 
1.87381742e-03 -5.98616791 -5.89926681 -5.76061402 -5.60880238 -5.40565120 
1.51991108e-03 -5.98616791 -5.89926681 -5.76061402 -5.60880238 -5.40565120 
1.23284674e-03 -5.98616791 -5.89926681 -5.76061402 -5.60880238 -5.40565120 
1.00000000e-03 -5.98616791 -5.89926681 -5.76061402 -5.60880238 -5.40565120 
8.11130831e-04 -5.98616791 -5.89926681 -5.76061402 -5.60880238 -5.40565120 
6.57933225e-04 -5.98616791 -5.89926681 -5.76061402 -5.60880238 -5.40565120 
5.33669923e-04 -5.98616791 -5.89926681 -5.76061402 -5.60880238 -5.40565120 
4.32876128e-04 -5.98616791 -5.89926681 -5.76061402 -5.60880238 -5.40565120 
3.51119173e-04 -5.98616791 -5.89926681 -5.76061402 -5.60880238 -5.40565120 
2.84803587e-04 -5.98616791 -5.89926681 -5.76061402 -5.60880238 -5.40565120 
2.31012970e-04 -5.98616791 -5.89926681 -5.76061402 -5.60880238 -5.40565120 
1.87381742e-04 -5.98616791 -5.89926681 -5.76061402 -5.60880238 -5.40565120 
1.51991108e-04 -5.98616791 -5.89926681 -5.76061402 -5.60880238 -5.40565120 
1.23284674e-04 -5.98616791 -5.89926681 -5.76061402 -5.60880238 -5.40565120 
1.00000000e-04 -5.98616791 -5.89926681 -5.76061402 -5.60880238 -5.40565120 
8.11130831e-05 -5.98616791 -5.89926681 -5.76061402 -5.60880238 -5.40565120 
6.57933225e-05 -5.98616791 -5.89926681 -5.76061402 -5.60880238 -5.40565120 
5.33669923e-05 -5.98616791 -5.89926681 -5.76061402 -5.60880238 -5.40565120 
4.32876128e-05 -5.98616791 -5.89926681 -5.76061402 -5.60880238 -5.40565120 
3.51119173e-05 -5.98616791 -5.89926681 -5.76061402 -5.60880238 -5.40565120 
2.84803587e-05 -5.98616791 -5.89926681 -5.76061402 -5.60880238 -5.40565120 
2.31012970e-05 -5.98616791 -5.89926681 -5.76061402 -5.60880238 -5.40565120 
1.87381742e-05 -5.98616791 -5.89926681 -5.76061402 -5.60880238 -5.40565120 
1.51991108e-05 -5.98616791 -5.89926681 -5.76061402 -5.60880238 -5.40565120 
1.23284674e-05 -5.98616791 -5.89926681 -5.76061402 -5.60880238 -5.40565120 
1.00000000e-05 -5.98616791 -5.89926681 -5.76061402 -5.60880238 -5.40565120 
8.11130831e-06 -5.98616791 -5.89926681 -5.76061402 -5.60880238 -5.40565120 
6.57933225e-06 -5.98616791 -5.89926681 -5.76061402 -5.60880238 -5.40565120 
5.33669923e-06 -5.98616791 -5.89926681 -5.76061402 -5.60880238 -5.40565120 
4.32876128e-06 -5.98616791 -5.89926681 -5.76061402 -5.60880238 -5.40565120 
3.51119173e-06 -5.98616791 -5.89926681 -5.76061402 -5.60880238 -5.40565120 
2.84803587e-06 -5.98616791 -5.89926681 -5.76061402 -5.60880238 -5.40565120 
2.31012970e-06 -5.98616791 -5.89926681 -5.76061402 -5.60880238 -5.40565120 
1.87381742e-06 -5.98616791 -5.89926681 -5.76061402 -5.60880238 -5.40565120 
1.51991108e-06 -5.98616791 -5.89926681 -5.76061402 -5.60880238 -5.40565120 
1.23284674e-06 -5.98616791 -5.89926681 -5.76061402 -5.60880238 -5.40565120 
1.00000000e-06 -5.98616791 -5.89926681 -5.76061402 -5.60880238 -5.40565120 
8.11130831e-07 -5.98616791 -5.89926681 -5.76061402 -5.60880238 -5.40565120 
6.57933225e-07 -5.98616791 -5.89926681 -5.76061402 -5.60880238 -5.40565120 
5.33669923e-07 -5.98616791 -5.89926681 -5.76061402 -5.60880238 -5.40565120 
4.32876128e-07 -5.98616791 -5.89926681 -5.76061402 -5.60880238 -5.40565120 
3.51119173e-07 -5.98616791 -5.89926681 -5.76061402 -5.60880238 -5.40565120 
2.84803587e-07 -5.98616791 -5.89926681 -5.76061402 -5.60880238 -5.40565120 
2.31012970e-07 -5.98616791 -5.89926681 -5.76061402 -5.60880238 -5.40565120 
1.87381742e-07 -5.98616791 -5.89926681 -5.76061402 -5.60880238 -5.40565120 
1.51991108e-07 -5.98616791 -5.89926681 -5.76061402 -5.60880238 -5.40565120 
1.23284674e-07 -5.98616791 -5.89926681 -5.76061402 -5.60880238 -5.40565120 
1.00000000e-07 -5.98616791 -5.89926681 -5.76061402 -5.60880238 -5.40565120 
P (bar) | log_SO2: -2σ | log_SO2: -1σ | log_SO2: median | log_SO2: +1σ | log_SO2: +2σ 
1.00000000e+02 -6.41623801 -6.29237373 -6.16518209 -6.04380489 -5.93863251 
8.11130831e+01 -6.41623801 -6.29237373 -6.16518209 -6.04380489 -5.93863251 
6.57933225e+01 -6.41623801 -6.29237373 -6.16518209 -6.04380489 -5.93863251 
5.33669923e+01 -6.41623801 -6.29237373 -6.16518209 -6.04380489 -5.93863251 
4.32876128e+01 -6.41623801 -6.29237373 -6.16518209 -6.04380489 -5.93863251 
3.51119173e+01 -6.41623801 -6.29237373 -6.16518209 -6.04380489 -5.93863251 
2.84803587e+01 -6.41623801 -6.29237373 -6.16518209 -6.04380489 -5.93863251 
2.31012970e+01 -6.41623801 -6.29237373 -6.16518209 -6.04380489 -5.93863251 
1.87381742e+01 -6.41623801 -6.29237373 -6.16518209 -6.04380489 -5.93863251 
1.51991108e+01 -6.41623801 -6.29237373 -6.16518209 -6.04380489 -5.93863251 
1.23284674e+01 -6.41623801 -6.29237373 -6.16518209 -6.04380489 -5.93863251 
1.00000000e+01 -6.41623801 -6.29237373 -6.16518209 -6.04380489 -5.93863251 
8.11130831e+00 -6.41623801 -6.29237373 -6.16518209 -6.04380489 -5.93863251 
6.57933225e+00 -6.41623801 -6.29237373 -6.16518209 -6.04380489 -5.93863251 
5.33669923e+00 -6.41623801 -6.29237373 -6.16518209 -6.04380489 -5.93863251 
4.32876128e+00 -6.41623801 -6.29237373 -6.16518209 -6.04380489 -5.93863251 
3.51119173e+00 -6.41623801 -6.29237373 -6.16518209 -6.04380489 -5.93863251 
2.84803587e+00 -6.41623801 -6.29237373 -6.16518209 -6.04380489 -5.93863251 
2.31012970e+00 -6.41623801 -6.29237373 -6.16518209 -6.04380489 -5.93863251 
1.87381742e+00 -6.41623801 -6.29237373 -6.16518209 -6.04380489 -5.93863251 
1.51991108e+00 -6.41623801 -6.29237373 -6.16518209 -6.04380489 -5.93863251 
1.23284674e+00 -6.41623801 -6.29237373 -6.16518209 -6.04380489 -5.93863251 
1.00000000e+00 -6.41623801 -6.29237373 -6.16518209 -6.04380489 -5.93863251 
8.11130831e-01 -6.41623801 -6.29237373 -6.16518209 -6.04380489 -5.93863251 
6.57933225e-01 -6.41623801 -6.29237373 -6.16518209 -6.04380489 -5.93863251 
5.33669923e-01 -6.41623801 -6.29237373 -6.16518209 -6.04380489 -5.93863251 
4.32876128e-01 -6.41623801 -6.29237373 -6.16518209 -6.04380489 -5.93863251 
3.51119173e-01 -6.41623801 -6.29237373 -6.16518209 -6.04380489 -5.93863251 
2.84803587e-01 -6.41623801 -6.29237373 -6.16518209 -6.04380489 -5.93863251 
2.31012970e-01 -6.41623801 -6.29237373 -6.16518209 -6.04380489 -5.93863251 
1.87381742e-01 -6.41623801 -6.29237373 -6.16518209 -6.04380489 -5.93863251 
1.51991108e-01 -6.41623801 -6.29237373 -6.16518209 -6.04380489 -5.93863251 
1.23284674e-01 -6.41623801 -6.29237373 -6.16518209 -6.04380489 -5.93863251 
1.00000000e-01 -6.41623801 -6.29237373 -6.16518209 -6.04380489 -5.93863251 
8.11130831e-02 -6.41623801 -6.29237373 -6.16518209 -6.04380489 -5.93863251 
6.57933225e-02 -6.41623801 -6.29237373 -6.16518209 -6.04380489 -5.93863251 
5.33669923e-02 -6.41623801 -6.29237373 -6.16518209 -6.04380489 -5.93863251 
4.32876128e-02 -6.41623801 -6.29237373 -6.16518209 -6.04380489 -5.93863251 
3.51119173e-02 -6.41623801 -6.29237373 -6.16518209 -6.04380489 -5.93863251 
2.84803587e-02 -6.41623801 -6.29237373 -6.16518209 -6.04380489 -5.93863251 
2.31012970e-02 -6.41623801 -6.29237373 -6.16518209 -6.04380489 -5.93863251 
1.87381742e-02 -6.41623801 -6.29237373 -6.16518209 -6.04380489 -5.93863251 
1.51991108e-02 -6.41623801 -6.29237373 -6.16518209 -6.04380489 -5.93863251 
1.23284674e-02 -6.41623801 -6.29237373 -6.16518209 -6.04380489 -5.93863251 
1.00000000e-02 -6.41623801 -6.29237373 -6.16518209 -6.04380489 -5.93863251 
8.11130831e-03 -6.41623801 -6.29237373 -6.16518209 -6.04380489 -5.93863251 
6.57933225e-03 -6.41623801 -6.29237373 -6.16518209 -6.04380489 -5.93863251 
5.33669923e-03 -6.41623801 -6.29237373 -6.16518209 -6.04380489 -5.93863251 
4.32876128e-03 -6.41623801 -6.29237373 -6.16518209 -6.04380489 -5.93863251 
3.51119173e-03 -6.41623801 -6.29237373 -6.16518209 -6.04380489 -5.93863251 
2.84803587e-03 -6.41623801 -6.29237373 -6.16518209 -6.04380489 -5.93863251 
2.31012970e-03 -6.41623801 -6.29237373 -6.16518209 -6.04380489 -5.93863251 
1.87381742e-03 -6.41623801 -6.29237373 -6.16518209 -6.04380489 -5.93863251 
1.51991108e-03 -6.41623801 -6.29237373 -6.16518209 -6.04380489 -5.93863251 
1.23284674e-03 -6.41623801 -6.29237373 -6.16518209 -6.04380489 -5.93863251 
1.00000000e-03 -6.41623801 -6.29237373 -6.16518209 -6.04380489 -5.93863251 
8.11130831e-04 -6.41623801 -6.29237373 -6.16518209 -6.04380489 -5.93863251 
6.57933225e-04 -6.41623801 -6.29237373 -6.16518209 -6.04380489 -5.93863251 
5.33669923e-04 -6.41623801 -6.29237373 -6.16518209 -6.04380489 -5.93863251 
4.32876128e-04 -6.41623801 -6.29237373 -6.16518209 -6.04380489 -5.93863251 
3.51119173e-04 -6.41623801 -6.29237373 -6.16518209 -6.04380489 -5.93863251 
2.84803587e-04 -6.41623801 -6.29237373 -6.16518209 -6.04380489 -5.93863251 
2.31012970e-04 -6.41623801 -6.29237373 -6.16518209 -6.04380489 -5.93863251 
1.87381742e-04 -6.41623801 -6.29237373 -6.16518209 -6.04380489 -5.93863251 
1.51991108e-04 -6.41623801 -6.29237373 -6.16518209 -6.04380489 -5.93863251 
1.23284674e-04 -6.41623801 -6.29237373 -6.16518209 -6.04380489 -5.93863251 
1.00000000e-04 -6.41623801 -6.29237373 -6.16518209 -6.04380489 -5.93863251 
8.11130831e-05 -6.41623801 -6.29237373 -6.16518209 -6.04380489 -5.93863251 
6.57933225e-05 -6.41623801 -6.29237373 -6.16518209 -6.04380489 -5.93863251 
5.33669923e-05 -6.41623801 -6.29237373 -6.16518209 -6.04380489 -5.93863251 
4.32876128e-05 -6.41623801 -6.29237373 -6.16518209 -6.04380489 -5.93863251 
3.51119173e-05 -6.41623801 -6.29237373 -6.16518209 -6.04380489 -5.93863251 
2.84803587e-05 -6.41623801 -6.29237373 -6.16518209 -6.04380489 -5.93863251 
2.31012970e-05 -6.41623801 -6.29237373 -6.16518209 -6.04380489 -5.93863251 
1.87381742e-05 -6.41623801 -6.29237373 -6.16518209 -6.04380489 -5.93863251 
1.51991108e-05 -6.41623801 -6.29237373 -6.16518209 -6.04380489 -5.93863251 
1.23284674e-05 -6.41623801 -6.29237373 -6.16518209 -6.04380489 -5.93863251 
1.00000000e-05 -6.41623801 -6.29237373 -6.16518209 -6.04380489 -5.93863251 
8.11130831e-06 -6.41623801 -6.29237373 -6.16518209 -6.04380489 -5.93863251 
6.57933225e-06 -6.41623801 -6.29237373 -6.16518209 -6.04380489 -5.93863251 
5.33669923e-06 -6.41623801 -6.29237373 -6.16518209 -6.04380489 -5.93863251 
4.32876128e-06 -6.41623801 -6.29237373 -6.16518209 -6.04380489 -5.93863251 
3.51119173e-06 -6.41623801 -6.29237373 -6.16518209 -6.04380489 -5.93863251 
2.84803587e-06 -6.41623801 -6.29237373 -6.16518209 -6.04380489 -5.93863251 
2.31012970e-06 -6.41623801 -6.29237373 -6.16518209 -6.04380489 -5.93863251 
1.87381742e-06 -6.41623801 -6.29237373 -6.16518209 -6.04380489 -5.93863251 
1.51991108e-06 -6.41623801 -6.29237373 -6.16518209 -6.04380489 -5.93863251 
1.23284674e-06 -6.41623801 -6.29237373 -6.16518209 -6.04380489 -5.93863251 
1.00000000e-06 -6.41623801 -6.29237373 -6.16518209 -6.04380489 -5.93863251 
8.11130831e-07 -6.41623801 -6.29237373 -6.16518209 -6.04380489 -5.93863251 
6.57933225e-07 -6.41623801 -6.29237373 -6.16518209 -6.04380489 -5.93863251 
5.33669923e-07 -6.41623801 -6.29237373 -6.16518209 -6.04380489 -5.93863251 
4.32876128e-07 -6.41623801 -6.29237373 -6.16518209 -6.04380489 -5.93863251 
3.51119173e-07 -6.41623801 -6.29237373 -6.16518209 -6.04380489 -5.93863251 
2.84803587e-07 -6.41623801 -6.29237373 -6.16518209 -6.04380489 -5.93863251 
2.31012970e-07 -6.41623801 -6.29237373 -6.16518209 -6.04380489 -5.93863251 
1.87381742e-07 -6.41623801 -6.29237373 -6.16518209 -6.04380489 -5.93863251 
1.51991108e-07 -6.41623801 -6.29237373 -6.16518209 -6.04380489 -5.93863251 
1.23284674e-07 -6.41623801 -6.29237373 -6.16518209 -6.04380489 -5.93863251 
1.00000000e-07 -6.41623801 -6.29237373 -6.16518209 -6.04380489 -5.93863251 
P (bar) | log_CO: -2σ | log_CO: -1σ | log_CO: median | log_CO: +1σ | log_CO: +2σ 
1.00000000e+02 -4.23345152 -3.98169843 -3.69626115 -3.41614742 -3.13665513 
8.11130831e+01 -4.23345152 -3.98169843 -3.69626115 -3.41614742 -3.13665513 
6.57933225e+01 -4.23345152 -3.98169843 -3.69626115 -3.41614742 -3.13665513 
5.33669923e+01 -4.23345152 -3.98169843 -3.69626115 -3.41614742 -3.13665513 
4.32876128e+01 -4.23345152 -3.98169843 -3.69626115 -3.41614742 -3.13665513 
3.51119173e+01 -4.23345152 -3.98169843 -3.69626115 -3.41614742 -3.13665513 
2.84803587e+01 -4.23345152 -3.98169843 -3.69626115 -3.41614742 -3.13665513 
2.31012970e+01 -4.23345152 -3.98169843 -3.69626115 -3.41614742 -3.13665513 
1.87381742e+01 -4.23345152 -3.98169843 -3.69626115 -3.41614742 -3.13665513 
1.51991108e+01 -4.23345152 -3.98169843 -3.69626115 -3.41614742 -3.13665513 
1.23284674e+01 -4.23345152 -3.98169843 -3.69626115 -3.41614742 -3.13665513 
1.00000000e+01 -4.23345152 -3.98169843 -3.69626115 -3.41614742 -3.13665513 
8.11130831e+00 -4.23345152 -3.98169843 -3.69626115 -3.41614742 -3.13665513 
6.57933225e+00 -4.23345152 -3.98169843 -3.69626115 -3.41614742 -3.13665513 
5.33669923e+00 -4.23345152 -3.98169843 -3.69626115 -3.41614742 -3.13665513 
4.32876128e+00 -4.23345152 -3.98169843 -3.69626115 -3.41614742 -3.13665513 
3.51119173e+00 -4.23345152 -3.98169843 -3.69626115 -3.41614742 -3.13665513 
2.84803587e+00 -4.23345152 -3.98169843 -3.69626115 -3.41614742 -3.13665513 
2.31012970e+00 -4.23345152 -3.98169843 -3.69626115 -3.41614742 -3.13665513 
1.87381742e+00 -4.23345152 -3.98169843 -3.69626115 -3.41614742 -3.13665513 
1.51991108e+00 -4.23345152 -3.98169843 -3.69626115 -3.41614742 -3.13665513 
1.23284674e+00 -4.23345152 -3.98169843 -3.69626115 -3.41614742 -3.13665513 
1.00000000e+00 -4.23345152 -3.98169843 -3.69626115 -3.41614742 -3.13665513 
8.11130831e-01 -4.23345152 -3.98169843 -3.69626115 -3.41614742 -3.13665513 
6.57933225e-01 -4.23345152 -3.98169843 -3.69626115 -3.41614742 -3.13665513 
5.33669923e-01 -4.23345152 -3.98169843 -3.69626115 -3.41614742 -3.13665513 
4.32876128e-01 -4.23345152 -3.98169843 -3.69626115 -3.41614742 -3.13665513 
3.51119173e-01 -4.23345152 -3.98169843 -3.69626115 -3.41614742 -3.13665513 
2.84803587e-01 -4.23345152 -3.98169843 -3.69626115 -3.41614742 -3.13665513 
2.31012970e-01 -4.23345152 -3.98169843 -3.69626115 -3.41614742 -3.13665513 
1.87381742e-01 -4.23345152 -3.98169843 -3.69626115 -3.41614742 -3.13665513 
1.51991108e-01 -4.23345152 -3.98169843 -3.69626115 -3.41614742 -3.13665513 
1.23284674e-01 -4.23345152 -3.98169843 -3.69626115 -3.41614742 -3.13665513 
1.00000000e-01 -4.23345152 -3.98169843 -3.69626115 -3.41614742 -3.13665513 
8.11130831e-02 -4.23345152 -3.98169843 -3.69626115 -3.41614742 -3.13665513 
6.57933225e-02 -4.23345152 -3.98169843 -3.69626115 -3.41614742 -3.13665513 
5.33669923e-02 -4.23345152 -3.98169843 -3.69626115 -3.41614742 -3.13665513 
4.32876128e-02 -4.23345152 -3.98169843 -3.69626115 -3.41614742 -3.13665513 
3.51119173e-02 -4.23345152 -3.98169843 -3.69626115 -3.41614742 -3.13665513 
2.84803587e-02 -4.23345152 -3.98169843 -3.69626115 -3.41614742 -3.13665513 
2.31012970e-02 -4.23345152 -3.98169843 -3.69626115 -3.41614742 -3.13665513 
1.87381742e-02 -4.23345152 -3.98169843 -3.69626115 -3.41614742 -3.13665513 
1.51991108e-02 -4.23345152 -3.98169843 -3.69626115 -3.41614742 -3.13665513 
1.23284674e-02 -4.23345152 -3.98169843 -3.69626115 -3.41614742 -3.13665513 
1.00000000e-02 -4.23345152 -3.98169843 -3.69626115 -3.41614742 -3.13665513 
8.11130831e-03 -4.23345152 -3.98169843 -3.69626115 -3.41614742 -3.13665513 
6.57933225e-03 -4.23345152 -3.98169843 -3.69626115 -3.41614742 -3.13665513 
5.33669923e-03 -4.23345152 -3.98169843 -3.69626115 -3.41614742 -3.13665513 
4.32876128e-03 -4.23345152 -3.98169843 -3.69626115 -3.41614742 -3.13665513 
3.51119173e-03 -4.23345152 -3.98169843 -3.69626115 -3.41614742 -3.13665513 
2.84803587e-03 -4.23345152 -3.98169843 -3.69626115 -3.41614742 -3.13665513 
2.31012970e-03 -4.23345152 -3.98169843 -3.69626115 -3.41614742 -3.13665513 
1.87381742e-03 -4.23345152 -3.98169843 -3.69626115 -3.41614742 -3.13665513 
1.51991108e-03 -4.23345152 -3.98169843 -3.69626115 -3.41614742 -3.13665513 
1.23284674e-03 -4.23345152 -3.98169843 -3.69626115 -3.41614742 -3.13665513 
1.00000000e-03 -4.23345152 -3.98169843 -3.69626115 -3.41614742 -3.13665513 
8.11130831e-04 -4.23345152 -3.98169843 -3.69626115 -3.41614742 -3.13665513 
6.57933225e-04 -4.23345152 -3.98169843 -3.69626115 -3.41614742 -3.13665513 
5.33669923e-04 -4.23345152 -3.98169843 -3.69626115 -3.41614742 -3.13665513 
4.32876128e-04 -4.23345152 -3.98169843 -3.69626115 -3.41614742 -3.13665513 
3.51119173e-04 -4.23345152 -3.98169843 -3.69626115 -3.41614742 -3.13665513 
2.84803587e-04 -4.23345152 -3.98169843 -3.69626115 -3.41614742 -3.13665513 
2.31012970e-04 -4.23345152 -3.98169843 -3.69626115 -3.41614742 -3.13665513 
1.87381742e-04 -4.23345152 -3.98169843 -3.69626115 -3.41614742 -3.13665513 
1.51991108e-04 -4.23345152 -3.98169843 -3.69626115 -3.41614742 -3.13665513 
1.23284674e-04 -4.23345152 -3.98169843 -3.69626115 -3.41614742 -3.13665513 
1.00000000e-04 -4.23345152 -3.98169843 -3.69626115 -3.41614742 -3.13665513 
8.11130831e-05 -4.23345152 -3.98169843 -3.69626115 -3.41614742 -3.13665513 
6.57933225e-05 -4.23345152 -3.98169843 -3.69626115 -3.41614742 -3.13665513 
5.33669923e-05 -4.23345152 -3.98169843 -3.69626115 -3.41614742 -3.13665513 
4.32876128e-05 -4.23345152 -3.98169843 -3.69626115 -3.41614742 -3.13665513 
3.51119173e-05 -4.23345152 -3.98169843 -3.69626115 -3.41614742 -3.13665513 
2.84803587e-05 -4.23345152 -3.98169843 -3.69626115 -3.41614742 -3.13665513 
2.31012970e-05 -4.23345152 -3.98169843 -3.69626115 -3.41614742 -3.13665513 
1.87381742e-05 -4.23345152 -3.98169843 -3.69626115 -3.41614742 -3.13665513 
1.51991108e-05 -4.23345152 -3.98169843 -3.69626115 -3.41614742 -3.13665513 
1.23284674e-05 -4.23345152 -3.98169843 -3.69626115 -3.41614742 -3.13665513 
1.00000000e-05 -4.23345152 -3.98169843 -3.69626115 -3.41614742 -3.13665513 
8.11130831e-06 -4.23345152 -3.98169843 -3.69626115 -3.41614742 -3.13665513 
6.57933225e-06 -4.23345152 -3.98169843 -3.69626115 -3.41614742 -3.13665513 
5.33669923e-06 -4.23345152 -3.98169843 -3.69626115 -3.41614742 -3.13665513 
4.32876128e-06 -4.23345152 -3.98169843 -3.69626115 -3.41614742 -3.13665513 
3.51119173e-06 -4.23345152 -3.98169843 -3.69626115 -3.41614742 -3.13665513 
2.84803587e-06 -4.23345152 -3.98169843 -3.69626115 -3.41614742 -3.13665513 
2.31012970e-06 -4.23345152 -3.98169843 -3.69626115 -3.41614742 -3.13665513 
1.87381742e-06 -4.23345152 -3.98169843 -3.69626115 -3.41614742 -3.13665513 
1.51991108e-06 -4.23345152 -3.98169843 -3.69626115 -3.41614742 -3.13665513 
1.23284674e-06 -4.23345152 -3.98169843 -3.69626115 -3.41614742 -3.13665513 
1.00000000e-06 -4.23345152 -3.98169843 -3.69626115 -3.41614742 -3.13665513 
8.11130831e-07 -4.23345152 -3.98169843 -3.69626115 -3.41614742 -3.13665513 
6.57933225e-07 -4.23345152 -3.98169843 -3.69626115 -3.41614742 -3.13665513 
5.33669923e-07 -4.23345152 -3.98169843 -3.69626115 -3.41614742 -3.13665513 
4.32876128e-07 -4.23345152 -3.98169843 -3.69626115 -3.41614742 -3.13665513 
3.51119173e-07 -4.23345152 -3.98169843 -3.69626115 -3.41614742 -3.13665513 
2.84803587e-07 -4.23345152 -3.98169843 -3.69626115 -3.41614742 -3.13665513 
2.31012970e-07 -4.23345152 -3.98169843 -3.69626115 -3.41614742 -3.13665513 
1.87381742e-07 -4.23345152 -3.98169843 -3.69626115 -3.41614742 -3.13665513 
1.51991108e-07 -4.23345152 -3.98169843 -3.69626115 -3.41614742 -3.13665513 
1.23284674e-07 -4.23345152 -3.98169843 -3.69626115 -3.41614742 -3.13665513 
1.00000000e-07 -4.23345152 -3.98169843 -3.69626115 -3.41614742 -3.13665513 
P (bar) | log_Na: -2σ | log_Na: -1σ | log_Na: median | log_Na: +1σ | log_Na: +2σ 
1.00000000e+02 -6.40401494 -6.25474117 -6.07765702 -5.90927872 -5.73453892 
8.11130831e+01 -6.40401494 -6.25474117 -6.07765702 -5.90927872 -5.73453892 
6.57933225e+01 -6.40401494 -6.25474117 -6.07765702 -5.90927872 -5.73453892 
5.33669923e+01 -6.40401494 -6.25474117 -6.07765702 -5.90927872 -5.73453892 
4.32876128e+01 -6.40401494 -6.25474117 -6.07765702 -5.90927872 -5.73453892 
3.51119173e+01 -6.40401494 -6.25474117 -6.07765702 -5.90927872 -5.73453892 
2.84803587e+01 -6.40401494 -6.25474117 -6.07765702 -5.90927872 -5.73453892 
2.31012970e+01 -6.40401494 -6.25474117 -6.07765702 -5.90927872 -5.73453892 
1.87381742e+01 -6.40401494 -6.25474117 -6.07765702 -5.90927872 -5.73453892 
1.51991108e+01 -6.40401494 -6.25474117 -6.07765702 -5.90927872 -5.73453892 
1.23284674e+01 -6.40401494 -6.25474117 -6.07765702 -5.90927872 -5.73453892 
1.00000000e+01 -6.40401494 -6.25474117 -6.07765702 -5.90927872 -5.73453892 
8.11130831e+00 -6.40401494 -6.25474117 -6.07765702 -5.90927872 -5.73453892 
6.57933225e+00 -6.40401494 -6.25474117 -6.07765702 -5.90927872 -5.73453892 
5.33669923e+00 -6.40401494 -6.25474117 -6.07765702 -5.90927872 -5.73453892 
4.32876128e+00 -6.40401494 -6.25474117 -6.07765702 -5.90927872 -5.73453892 
3.51119173e+00 -6.40401494 -6.25474117 -6.07765702 -5.90927872 -5.73453892 
2.84803587e+00 -6.40401494 -6.25474117 -6.07765702 -5.90927872 -5.73453892 
2.31012970e+00 -6.40401494 -6.25474117 -6.07765702 -5.90927872 -5.73453892 
1.87381742e+00 -6.40401494 -6.25474117 -6.07765702 -5.90927872 -5.73453892 
1.51991108e+00 -6.40401494 -6.25474117 -6.07765702 -5.90927872 -5.73453892 
1.23284674e+00 -6.40401494 -6.25474117 -6.07765702 -5.90927872 -5.73453892 
1.00000000e+00 -6.40401494 -6.25474117 -6.07765702 -5.90927872 -5.73453892 
8.11130831e-01 -6.40401494 -6.25474117 -6.07765702 -5.90927872 -5.73453892 
6.57933225e-01 -6.40401494 -6.25474117 -6.07765702 -5.90927872 -5.73453892 
5.33669923e-01 -6.40401494 -6.25474117 -6.07765702 -5.90927872 -5.73453892 
4.32876128e-01 -6.40401494 -6.25474117 -6.07765702 -5.90927872 -5.73453892 
3.51119173e-01 -6.40401494 -6.25474117 -6.07765702 -5.90927872 -5.73453892 
2.84803587e-01 -6.40401494 -6.25474117 -6.07765702 -5.90927872 -5.73453892 
2.31012970e-01 -6.40401494 -6.25474117 -6.07765702 -5.90927872 -5.73453892 
1.87381742e-01 -6.40401494 -6.25474117 -6.07765702 -5.90927872 -5.73453892 
1.51991108e-01 -6.40401494 -6.25474117 -6.07765702 -5.90927872 -5.73453892 
1.23284674e-01 -6.40401494 -6.25474117 -6.07765702 -5.90927872 -5.73453892 
1.00000000e-01 -6.40401494 -6.25474117 -6.07765702 -5.90927872 -5.73453892 
8.11130831e-02 -6.40401494 -6.25474117 -6.07765702 -5.90927872 -5.73453892 
6.57933225e-02 -6.40401494 -6.25474117 -6.07765702 -5.90927872 -5.73453892 
5.33669923e-02 -6.40401494 -6.25474117 -6.07765702 -5.90927872 -5.73453892 
4.32876128e-02 -6.40401494 -6.25474117 -6.07765702 -5.90927872 -5.73453892 
3.51119173e-02 -6.40401494 -6.25474117 -6.07765702 -5.90927872 -5.73453892 
2.84803587e-02 -6.40401494 -6.25474117 -6.07765702 -5.90927872 -5.73453892 
2.31012970e-02 -6.40401494 -6.25474117 -6.07765702 -5.90927872 -5.73453892 
1.87381742e-02 -6.40401494 -6.25474117 -6.07765702 -5.90927872 -5.73453892 
1.51991108e-02 -6.40401494 -6.25474117 -6.07765702 -5.90927872 -5.73453892 
1.23284674e-02 -6.40401494 -6.25474117 -6.07765702 -5.90927872 -5.73453892 
1.00000000e-02 -6.40401494 -6.25474117 -6.07765702 -5.90927872 -5.73453892 
8.11130831e-03 -6.40401494 -6.25474117 -6.07765702 -5.90927872 -5.73453892 
6.57933225e-03 -6.40401494 -6.25474117 -6.07765702 -5.90927872 -5.73453892 
5.33669923e-03 -6.40401494 -6.25474117 -6.07765702 -5.90927872 -5.73453892 
4.32876128e-03 -6.40401494 -6.25474117 -6.07765702 -5.90927872 -5.73453892 
3.51119173e-03 -6.40401494 -6.25474117 -6.07765702 -5.90927872 -5.73453892 
2.84803587e-03 -6.40401494 -6.25474117 -6.07765702 -5.90927872 -5.73453892 
2.31012970e-03 -6.40401494 -6.25474117 -6.07765702 -5.90927872 -5.73453892 
1.87381742e-03 -6.40401494 -6.25474117 -6.07765702 -5.90927872 -5.73453892 
1.51991108e-03 -6.40401494 -6.25474117 -6.07765702 -5.90927872 -5.73453892 
1.23284674e-03 -6.40401494 -6.25474117 -6.07765702 -5.90927872 -5.73453892 
1.00000000e-03 -6.40401494 -6.25474117 -6.07765702 -5.90927872 -5.73453892 
8.11130831e-04 -6.40401494 -6.25474117 -6.07765702 -5.90927872 -5.73453892 
6.57933225e-04 -6.40401494 -6.25474117 -6.07765702 -5.90927872 -5.73453892 
5.33669923e-04 -6.40401494 -6.25474117 -6.07765702 -5.90927872 -5.73453892 
4.32876128e-04 -6.40401494 -6.25474117 -6.07765702 -5.90927872 -5.73453892 
3.51119173e-04 -6.40401494 -6.25474117 -6.07765702 -5.90927872 -5.73453892 
2.84803587e-04 -6.40401494 -6.25474117 -6.07765702 -5.90927872 -5.73453892 
2.31012970e-04 -6.40401494 -6.25474117 -6.07765702 -5.90927872 -5.73453892 
1.87381742e-04 -6.40401494 -6.25474117 -6.07765702 -5.90927872 -5.73453892 
1.51991108e-04 -6.40401494 -6.25474117 -6.07765702 -5.90927872 -5.73453892 
1.23284674e-04 -6.40401494 -6.25474117 -6.07765702 -5.90927872 -5.73453892 
1.00000000e-04 -6.40401494 -6.25474117 -6.07765702 -5.90927872 -5.73453892 
8.11130831e-05 -6.40401494 -6.25474117 -6.07765702 -5.90927872 -5.73453892 
6.57933225e-05 -6.40401494 -6.25474117 -6.07765702 -5.90927872 -5.73453892 
5.33669923e-05 -6.40401494 -6.25474117 -6.07765702 -5.90927872 -5.73453892 
4.32876128e-05 -6.40401494 -6.25474117 -6.07765702 -5.90927872 -5.73453892 
3.51119173e-05 -6.40401494 -6.25474117 -6.07765702 -5.90927872 -5.73453892 
2.84803587e-05 -6.40401494 -6.25474117 -6.07765702 -5.90927872 -5.73453892 
2.31012970e-05 -6.40401494 -6.25474117 -6.07765702 -5.90927872 -5.73453892 
1.87381742e-05 -6.40401494 -6.25474117 -6.07765702 -5.90927872 -5.73453892 
1.51991108e-05 -6.40401494 -6.25474117 -6.07765702 -5.90927872 -5.73453892 
1.23284674e-05 -6.40401494 -6.25474117 -6.07765702 -5.90927872 -5.73453892 
1.00000000e-05 -6.40401494 -6.25474117 -6.07765702 -5.90927872 -5.73453892 
8.11130831e-06 -6.40401494 -6.25474117 -6.07765702 -5.90927872 -5.73453892 
6.57933225e-06 -6.40401494 -6.25474117 -6.07765702 -5.90927872 -5.73453892 
5.33669923e-06 -6.40401494 -6.25474117 -6.07765702 -5.90927872 -5.73453892 
4.32876128e-06 -6.40401494 -6.25474117 -6.07765702 -5.90927872 -5.73453892 
3.51119173e-06 -6.40401494 -6.25474117 -6.07765702 -5.90927872 -5.73453892 
2.84803587e-06 -6.40401494 -6.25474117 -6.07765702 -5.90927872 -5.73453892 
2.31012970e-06 -6.40401494 -6.25474117 -6.07765702 -5.90927872 -5.73453892 
1.87381742e-06 -6.40401494 -6.25474117 -6.07765702 -5.90927872 -5.73453892 
1.51991108e-06 -6.40401494 -6.25474117 -6.07765702 -5.90927872 -5.73453892 
1.23284674e-06 -6.40401494 -6.25474117 -6.07765702 -5.90927872 -5.73453892 
1.00000000e-06 -6.40401494 -6.25474117 -6.07765702 -5.90927872 -5.73453892 
8.11130831e-07 -6.40401494 -6.25474117 -6.07765702 -5.90927872 -5.73453892 
6.57933225e-07 -6.40401494 -6.25474117 -6.07765702 -5.90927872 -5.73453892 
5.33669923e-07 -6.40401494 -6.25474117 -6.07765702 -5.90927872 -5.73453892 
4.32876128e-07 -6.40401494 -6.25474117 -6.07765702 -5.90927872 -5.73453892 
3.51119173e-07 -6.40401494 -6.25474117 -6.07765702 -5.90927872 -5.73453892 
2.84803587e-07 -6.40401494 -6.25474117 -6.07765702 -5.90927872 -5.73453892 
2.31012970e-07 -6.40401494 -6.25474117 -6.07765702 -5.90927872 -5.73453892 
1.87381742e-07 -6.40401494 -6.25474117 -6.07765702 -5.90927872 -5.73453892 
1.51991108e-07 -6.40401494 -6.25474117 -6.07765702 -5.90927872 -5.73453892 
1.23284674e-07 -6.40401494 -6.25474117 -6.07765702 -5.90927872 -5.73453892 
1.00000000e-07 -6.40401494 -6.25474117 -6.07765702 -5.90927872 -5.73453892 
P (bar) | log_H2S: -2σ | log_H2S: -1σ | log_H2S: median | log_H2S: +1σ | log_H2S: +2σ 
1.00000000e+02 -5.93106324 -5.73838648 -5.44168704 -5.17673248 -4.96266796 
8.11130831e+01 -5.93106324 -5.73838648 -5.44168704 -5.17673248 -4.96266796 
6.57933225e+01 -5.93106324 -5.73838648 -5.44168704 -5.17673248 -4.96266796 
5.33669923e+01 -5.93106324 -5.73838648 -5.44168704 -5.17673248 -4.96266796 
4.32876128e+01 -5.93106324 -5.73838648 -5.44168704 -5.17673248 -4.96266796 
3.51119173e+01 -5.93106324 -5.73838648 -5.44168704 -5.17673248 -4.96266796 
2.84803587e+01 -5.93106324 -5.73838648 -5.44168704 -5.17673248 -4.96266796 
2.31012970e+01 -5.93106324 -5.73838648 -5.44168704 -5.17673248 -4.96266796 
1.87381742e+01 -5.93106324 -5.73838648 -5.44168704 -5.17673248 -4.96266796 
1.51991108e+01 -5.93106324 -5.73838648 -5.44168704 -5.17673248 -4.96266796 
1.23284674e+01 -5.93106324 -5.73838648 -5.44168704 -5.17673248 -4.96266796 
1.00000000e+01 -5.93106324 -5.73838648 -5.44168704 -5.17673248 -4.96266796 
8.11130831e+00 -5.93106324 -5.73838648 -5.44168704 -5.17673248 -4.96266796 
6.57933225e+00 -5.93106324 -5.73838648 -5.44168704 -5.17673248 -4.96266796 
5.33669923e+00 -5.93106324 -5.73838648 -5.44168704 -5.17673248 -4.96266796 
4.32876128e+00 -5.93106324 -5.73838648 -5.44168704 -5.17673248 -4.96266796 
3.51119173e+00 -5.93106324 -5.73838648 -5.44168704 -5.17673248 -4.96266796 
2.84803587e+00 -5.93106324 -5.73838648 -5.44168704 -5.17673248 -4.96266796 
2.31012970e+00 -5.93106324 -5.73838648 -5.44168704 -5.17673248 -4.96266796 
1.87381742e+00 -5.93106324 -5.73838648 -5.44168704 -5.17673248 -4.96266796 
1.51991108e+00 -5.93106324 -5.73838648 -5.44168704 -5.17673248 -4.96266796 
1.23284674e+00 -5.93106324 -5.73838648 -5.44168704 -5.17673248 -4.96266796 
1.00000000e+00 -5.93106324 -5.73838648 -5.44168704 -5.17673248 -4.96266796 
8.11130831e-01 -5.93106324 -5.73838648 -5.44168704 -5.17673248 -4.96266796 
6.57933225e-01 -5.93106324 -5.73838648 -5.44168704 -5.17673248 -4.96266796 
5.33669923e-01 -5.93106324 -5.73838648 -5.44168704 -5.17673248 -4.96266796 
4.32876128e-01 -5.93106324 -5.73838648 -5.44168704 -5.17673248 -4.96266796 
3.51119173e-01 -5.93106324 -5.73838648 -5.44168704 -5.17673248 -4.96266796 
2.84803587e-01 -5.93106324 -5.73838648 -5.44168704 -5.17673248 -4.96266796 
2.31012970e-01 -5.93106324 -5.73838648 -5.44168704 -5.17673248 -4.96266796 
1.87381742e-01 -5.93106324 -5.73838648 -5.44168704 -5.17673248 -4.96266796 
1.51991108e-01 -5.93106324 -5.73838648 -5.44168704 -5.17673248 -4.96266796 
1.23284674e-01 -5.93106324 -5.73838648 -5.44168704 -5.17673248 -4.96266796 
1.00000000e-01 -5.93106324 -5.73838648 -5.44168704 -5.17673248 -4.96266796 
8.11130831e-02 -5.93106324 -5.73838648 -5.44168704 -5.17673248 -4.96266796 
6.57933225e-02 -5.93106324 -5.73838648 -5.44168704 -5.17673248 -4.96266796 
5.33669923e-02 -5.93106324 -5.73838648 -5.44168704 -5.17673248 -4.96266796 
4.32876128e-02 -5.93106324 -5.73838648 -5.44168704 -5.17673248 -4.96266796 
3.51119173e-02 -5.93106324 -5.73838648 -5.44168704 -5.17673248 -4.96266796 
2.84803587e-02 -5.93106324 -5.73838648 -5.44168704 -5.17673248 -4.96266796 
2.31012970e-02 -5.93106324 -5.73838648 -5.44168704 -5.17673248 -4.96266796 
1.87381742e-02 -5.93106324 -5.73838648 -5.44168704 -5.17673248 -4.96266796 
1.51991108e-02 -5.93106324 -5.73838648 -5.44168704 -5.17673248 -4.96266796 
1.23284674e-02 -5.93106324 -5.73838648 -5.44168704 -5.17673248 -4.96266796 
1.00000000e-02 -5.93106324 -5.73838648 -5.44168704 -5.17673248 -4.96266796 
8.11130831e-03 -5.93106324 -5.73838648 -5.44168704 -5.17673248 -4.96266796 
6.57933225e-03 -5.93106324 -5.73838648 -5.44168704 -5.17673248 -4.96266796 
5.33669923e-03 -5.93106324 -5.73838648 -5.44168704 -5.17673248 -4.96266796 
4.32876128e-03 -5.93106324 -5.73838648 -5.44168704 -5.17673248 -4.96266796 
3.51119173e-03 -5.93106324 -5.73838648 -5.44168704 -5.17673248 -4.96266796 
2.84803587e-03 -5.93106324 -5.73838648 -5.44168704 -5.17673248 -4.96266796 
2.31012970e-03 -5.93106324 -5.73838648 -5.44168704 -5.17673248 -4.96266796 
1.87381742e-03 -5.93106324 -5.73838648 -5.44168704 -5.17673248 -4.96266796 
1.51991108e-03 -5.93106324 -5.73838648 -5.44168704 -5.17673248 -4.96266796 
1.23284674e-03 -5.93106324 -5.73838648 -5.44168704 -5.17673248 -4.96266796 
1.00000000e-03 -5.93106324 -5.73838648 -5.44168704 -5.17673248 -4.96266796 
8.11130831e-04 -5.93106324 -5.73838648 -5.44168704 -5.17673248 -4.96266796 
6.57933225e-04 -5.93106324 -5.73838648 -5.44168704 -5.17673248 -4.96266796 
5.33669923e-04 -5.93106324 -5.73838648 -5.44168704 -5.17673248 -4.96266796 
4.32876128e-04 -5.93106324 -5.73838648 -5.44168704 -5.17673248 -4.96266796 
3.51119173e-04 -5.93106324 -5.73838648 -5.44168704 -5.17673248 -4.96266796 
2.84803587e-04 -5.93106324 -5.73838648 -5.44168704 -5.17673248 -4.96266796 
2.31012970e-04 -5.93106324 -5.73838648 -5.44168704 -5.17673248 -4.96266796 
1.87381742e-04 -5.93106324 -5.73838648 -5.44168704 -5.17673248 -4.96266796 
1.51991108e-04 -5.93106324 -5.73838648 -5.44168704 -5.17673248 -4.96266796 
1.23284674e-04 -5.93106324 -5.73838648 -5.44168704 -5.17673248 -4.96266796 
1.00000000e-04 -5.93106324 -5.73838648 -5.44168704 -5.17673248 -4.96266796 
8.11130831e-05 -5.93106324 -5.73838648 -5.44168704 -5.17673248 -4.96266796 
6.57933225e-05 -5.93106324 -5.73838648 -5.44168704 -5.17673248 -4.96266796 
5.33669923e-05 -5.93106324 -5.73838648 -5.44168704 -5.17673248 -4.96266796 
4.32876128e-05 -5.93106324 -5.73838648 -5.44168704 -5.17673248 -4.96266796 
3.51119173e-05 -5.93106324 -5.73838648 -5.44168704 -5.17673248 -4.96266796 
2.84803587e-05 -5.93106324 -5.73838648 -5.44168704 -5.17673248 -4.96266796 
2.31012970e-05 -5.93106324 -5.73838648 -5.44168704 -5.17673248 -4.96266796 
1.87381742e-05 -5.93106324 -5.73838648 -5.44168704 -5.17673248 -4.96266796 
1.51991108e-05 -5.93106324 -5.73838648 -5.44168704 -5.17673248 -4.96266796 
1.23284674e-05 -5.93106324 -5.73838648 -5.44168704 -5.17673248 -4.96266796 
1.00000000e-05 -5.93106324 -5.73838648 -5.44168704 -5.17673248 -4.96266796 
8.11130831e-06 -5.93106324 -5.73838648 -5.44168704 -5.17673248 -4.96266796 
6.57933225e-06 -5.93106324 -5.73838648 -5.44168704 -5.17673248 -4.96266796 
5.33669923e-06 -5.93106324 -5.73838648 -5.44168704 -5.17673248 -4.96266796 
4.32876128e-06 -5.93106324 -5.73838648 -5.44168704 -5.17673248 -4.96266796 
3.51119173e-06 -5.93106324 -5.73838648 -5.44168704 -5.17673248 -4.96266796 
2.84803587e-06 -5.93106324 -5.73838648 -5.44168704 -5.17673248 -4.96266796 
2.31012970e-06 -5.93106324 -5.73838648 -5.44168704 -5.17673248 -4.96266796 
1.87381742e-06 -5.93106324 -5.73838648 -5.44168704 -5.17673248 -4.96266796 
1.51991108e-06 -5.93106324 -5.73838648 -5.44168704 -5.17673248 -4.96266796 
1.23284674e-06 -5.93106324 -5.73838648 -5.44168704 -5.17673248 -4.96266796 
1.00000000e-06 -5.93106324 -5.73838648 -5.44168704 -5.17673248 -4.96266796 
8.11130831e-07 -5.93106324 -5.73838648 -5.44168704 -5.17673248 -4.96266796 
6.57933225e-07 -5.93106324 -5.73838648 -5.44168704 -5.17673248 -4.96266796 
5.33669923e-07 -5.93106324 -5.73838648 -5.44168704 -5.17673248 -4.96266796 
4.32876128e-07 -5.93106324 -5.73838648 -5.44168704 -5.17673248 -4.96266796 
3.51119173e-07 -5.93106324 -5.73838648 -5.44168704 -5.17673248 -4.96266796 
2.84803587e-07 -5.93106324 -5.73838648 -5.44168704 -5.17673248 -4.96266796 
2.31012970e-07 -5.93106324 -5.73838648 -5.44168704 -5.17673248 -4.96266796 
1.87381742e-07 -5.93106324 -5.73838648 -5.44168704 -5.17673248 -4.96266796 
1.51991108e-07 -5.93106324 -5.73838648 -5.44168704 -5.17673248 -4.96266796 
1.23284674e-07 -5.93106324 -5.73838648 -5.44168704 -5.17673248 -4.96266796 
1.00000000e-07 -5.93106324 -5.73838648 -5.44168704 -5.17673248 -4.96266796 
P (bar) | log_K: -2σ | log_K: -1σ | log_K: median | log_K: +1σ | log_K: +2σ 
1.00000000e+02 -10.93417601 -10.57107856 -9.73806024 -8.80121223 -8.12479079 
8.11130831e+01 -10.93417601 -10.57107856 -9.73806024 -8.80121223 -8.12479079 
6.57933225e+01 -10.93417601 -10.57107856 -9.73806024 -8.80121223 -8.12479079 
5.33669923e+01 -10.93417601 -10.57107856 -9.73806024 -8.80121223 -8.12479079 
4.32876128e+01 -10.93417601 -10.57107856 -9.73806024 -8.80121223 -8.12479079 
3.51119173e+01 -10.93417601 -10.57107856 -9.73806024 -8.80121223 -8.12479079 
2.84803587e+01 -10.93417601 -10.57107856 -9.73806024 -8.80121223 -8.12479079 
2.31012970e+01 -10.93417601 -10.57107856 -9.73806024 -8.80121223 -8.12479079 
1.87381742e+01 -10.93417601 -10.57107856 -9.73806024 -8.80121223 -8.12479079 
1.51991108e+01 -10.93417601 -10.57107856 -9.73806024 -8.80121223 -8.12479079 
1.23284674e+01 -10.93417601 -10.57107856 -9.73806024 -8.80121223 -8.12479079 
1.00000000e+01 -10.93417601 -10.57107856 -9.73806024 -8.80121223 -8.12479079 
8.11130831e+00 -10.93417601 -10.57107856 -9.73806024 -8.80121223 -8.12479079 
6.57933225e+00 -10.93417601 -10.57107856 -9.73806024 -8.80121223 -8.12479079 
5.33669923e+00 -10.93417601 -10.57107856 -9.73806024 -8.80121223 -8.12479079 
4.32876128e+00 -10.93417601 -10.57107856 -9.73806024 -8.80121223 -8.12479079 
3.51119173e+00 -10.93417601 -10.57107856 -9.73806024 -8.80121223 -8.12479079 
2.84803587e+00 -10.93417601 -10.57107856 -9.73806024 -8.80121223 -8.12479079 
2.31012970e+00 -10.93417601 -10.57107856 -9.73806024 -8.80121223 -8.12479079 
1.87381742e+00 -10.93417601 -10.57107856 -9.73806024 -8.80121223 -8.12479079 
1.51991108e+00 -10.93417601 -10.57107856 -9.73806024 -8.80121223 -8.12479079 
1.23284674e+00 -10.93417601 -10.57107856 -9.73806024 -8.80121223 -8.12479079 
1.00000000e+00 -10.93417601 -10.57107856 -9.73806024 -8.80121223 -8.12479079 
8.11130831e-01 -10.93417601 -10.57107856 -9.73806024 -8.80121223 -8.12479079 
6.57933225e-01 -10.93417601 -10.57107856 -9.73806024 -8.80121223 -8.12479079 
5.33669923e-01 -10.93417601 -10.57107856 -9.73806024 -8.80121223 -8.12479079 
4.32876128e-01 -10.93417601 -10.57107856 -9.73806024 -8.80121223 -8.12479079 
3.51119173e-01 -10.93417601 -10.57107856 -9.73806024 -8.80121223 -8.12479079 
2.84803587e-01 -10.93417601 -10.57107856 -9.73806024 -8.80121223 -8.12479079 
2.31012970e-01 -10.93417601 -10.57107856 -9.73806024 -8.80121223 -8.12479079 
1.87381742e-01 -10.93417601 -10.57107856 -9.73806024 -8.80121223 -8.12479079 
1.51991108e-01 -10.93417601 -10.57107856 -9.73806024 -8.80121223 -8.12479079 
1.23284674e-01 -10.93417601 -10.57107856 -9.73806024 -8.80121223 -8.12479079 
1.00000000e-01 -10.93417601 -10.57107856 -9.73806024 -8.80121223 -8.12479079 
8.11130831e-02 -10.93417601 -10.57107856 -9.73806024 -8.80121223 -8.12479079 
6.57933225e-02 -10.93417601 -10.57107856 -9.73806024 -8.80121223 -8.12479079 
5.33669923e-02 -10.93417601 -10.57107856 -9.73806024 -8.80121223 -8.12479079 
4.32876128e-02 -10.93417601 -10.57107856 -9.73806024 -8.80121223 -8.12479079 
3.51119173e-02 -10.93417601 -10.57107856 -9.73806024 -8.80121223 -8.12479079 
2.84803587e-02 -10.93417601 -10.57107856 -9.73806024 -8.80121223 -8.12479079 
2.31012970e-02 -10.93417601 -10.57107856 -9.73806024 -8.80121223 -8.12479079 
1.87381742e-02 -10.93417601 -10.57107856 -9.73806024 -8.80121223 -8.12479079 
1.51991108e-02 -10.93417601 -10.57107856 -9.73806024 -8.80121223 -8.12479079 
1.23284674e-02 -10.93417601 -10.57107856 -9.73806024 -8.80121223 -8.12479079 
1.00000000e-02 -10.93417601 -10.57107856 -9.73806024 -8.80121223 -8.12479079 
8.11130831e-03 -10.93417601 -10.57107856 -9.73806024 -8.80121223 -8.12479079 
6.57933225e-03 -10.93417601 -10.57107856 -9.73806024 -8.80121223 -8.12479079 
5.33669923e-03 -10.93417601 -10.57107856 -9.73806024 -8.80121223 -8.12479079 
4.32876128e-03 -10.93417601 -10.57107856 -9.73806024 -8.80121223 -8.12479079 
3.51119173e-03 -10.93417601 -10.57107856 -9.73806024 -8.80121223 -8.12479079 
2.84803587e-03 -10.93417601 -10.57107856 -9.73806024 -8.80121223 -8.12479079 
2.31012970e-03 -10.93417601 -10.57107856 -9.73806024 -8.80121223 -8.12479079 
1.87381742e-03 -10.93417601 -10.57107856 -9.73806024 -8.80121223 -8.12479079 
1.51991108e-03 -10.93417601 -10.57107856 -9.73806024 -8.80121223 -8.12479079 
1.23284674e-03 -10.93417601 -10.57107856 -9.73806024 -8.80121223 -8.12479079 
1.00000000e-03 -10.93417601 -10.57107856 -9.73806024 -8.80121223 -8.12479079 
8.11130831e-04 -10.93417601 -10.57107856 -9.73806024 -8.80121223 -8.12479079 
6.57933225e-04 -10.93417601 -10.57107856 -9.73806024 -8.80121223 -8.12479079 
5.33669923e-04 -10.93417601 -10.57107856 -9.73806024 -8.80121223 -8.12479079 
4.32876128e-04 -10.93417601 -10.57107856 -9.73806024 -8.80121223 -8.12479079 
3.51119173e-04 -10.93417601 -10.57107856 -9.73806024 -8.80121223 -8.12479079 
2.84803587e-04 -10.93417601 -10.57107856 -9.73806024 -8.80121223 -8.12479079 
2.31012970e-04 -10.93417601 -10.57107856 -9.73806024 -8.80121223 -8.12479079 
1.87381742e-04 -10.93417601 -10.57107856 -9.73806024 -8.80121223 -8.12479079 
1.51991108e-04 -10.93417601 -10.57107856 -9.73806024 -8.80121223 -8.12479079 
1.23284674e-04 -10.93417601 -10.57107856 -9.73806024 -8.80121223 -8.12479079 
1.00000000e-04 -10.93417601 -10.57107856 -9.73806024 -8.80121223 -8.12479079 
8.11130831e-05 -10.93417601 -10.57107856 -9.73806024 -8.80121223 -8.12479079 
6.57933225e-05 -10.93417601 -10.57107856 -9.73806024 -8.80121223 -8.12479079 
5.33669923e-05 -10.93417601 -10.57107856 -9.73806024 -8.80121223 -8.12479079 
4.32876128e-05 -10.93417601 -10.57107856 -9.73806024 -8.80121223 -8.12479079 
3.51119173e-05 -10.93417601 -10.57107856 -9.73806024 -8.80121223 -8.12479079 
2.84803587e-05 -10.93417601 -10.57107856 -9.73806024 -8.80121223 -8.12479079 
2.31012970e-05 -10.93417601 -10.57107856 -9.73806024 -8.80121223 -8.12479079 
1.87381742e-05 -10.93417601 -10.57107856 -9.73806024 -8.80121223 -8.12479079 
1.51991108e-05 -10.93417601 -10.57107856 -9.73806024 -8.80121223 -8.12479079 
1.23284674e-05 -10.93417601 -10.57107856 -9.73806024 -8.80121223 -8.12479079 
1.00000000e-05 -10.93417601 -10.57107856 -9.73806024 -8.80121223 -8.12479079 
8.11130831e-06 -10.93417601 -10.57107856 -9.73806024 -8.80121223 -8.12479079 
6.57933225e-06 -10.93417601 -10.57107856 -9.73806024 -8.80121223 -8.12479079 
5.33669923e-06 -10.93417601 -10.57107856 -9.73806024 -8.80121223 -8.12479079 
4.32876128e-06 -10.93417601 -10.57107856 -9.73806024 -8.80121223 -8.12479079 
3.51119173e-06 -10.93417601 -10.57107856 -9.73806024 -8.80121223 -8.12479079 
2.84803587e-06 -10.93417601 -10.57107856 -9.73806024 -8.80121223 -8.12479079 
2.31012970e-06 -10.93417601 -10.57107856 -9.73806024 -8.80121223 -8.12479079 
1.87381742e-06 -10.93417601 -10.57107856 -9.73806024 -8.80121223 -8.12479079 
1.51991108e-06 -10.93417601 -10.57107856 -9.73806024 -8.80121223 -8.12479079 
1.23284674e-06 -10.93417601 -10.57107856 -9.73806024 -8.80121223 -8.12479079 
1.00000000e-06 -10.93417601 -10.57107856 -9.73806024 -8.80121223 -8.12479079 
8.11130831e-07 -10.93417601 -10.57107856 -9.73806024 -8.80121223 -8.12479079 
6.57933225e-07 -10.93417601 -10.57107856 -9.73806024 -8.80121223 -8.12479079 
5.33669923e-07 -10.93417601 -10.57107856 -9.73806024 -8.80121223 -8.12479079 
4.32876128e-07 -10.93417601 -10.57107856 -9.73806024 -8.80121223 -8.12479079 
3.51119173e-07 -10.93417601 -10.57107856 -9.73806024 -8.80121223 -8.12479079 
2.84803587e-07 -10.93417601 -10.57107856 -9.73806024 -8.80121223 -8.12479079 
2.31012970e-07 -10.93417601 -10.57107856 -9.73806024 -8.80121223 -8.12479079 
1.87381742e-07 -10.93417601 -10.57107856 -9.73806024 -8.80121223 -8.12479079 
1.51991108e-07 -10.93417601 -10.57107856 -9.73806024 -8.80121223 -8.12479079 
1.23284674e-07 -10.93417601 -10.57107856 -9.73806024 -8.80121223 -8.12479079 
1.00000000e-07 -10.93417601 -10.57107856 -9.73806024 -8.80121223 -8.12479079 
P (bar) | log_CH4: -2σ | log_CH4: -1σ | log_CH4: median | log_CH4: +1σ | log_CH4: +2σ 
1.00000000e+02 -7.70650062 -7.41837283 -7.21449629 -7.02912141 -6.86492819 
8.11130831e+01 -7.70650062 -7.41837283 -7.21449629 -7.02912141 -6.86492819 
6.57933225e+01 -7.70650062 -7.41837283 -7.21449629 -7.02912141 -6.86492819 
5.33669923e+01 -7.70650062 -7.41837283 -7.21449629 -7.02912141 -6.86492819 
4.32876128e+01 -7.70650062 -7.41837283 -7.21449629 -7.02912141 -6.86492819 
3.51119173e+01 -7.70650062 -7.41837283 -7.21449629 -7.02912141 -6.86492819 
2.84803587e+01 -7.70650062 -7.41837283 -7.21449629 -7.02912141 -6.86492819 
2.31012970e+01 -7.70650062 -7.41837283 -7.21449629 -7.02912141 -6.86492819 
1.87381742e+01 -7.70650062 -7.41837283 -7.21449629 -7.02912141 -6.86492819 
1.51991108e+01 -7.70650062 -7.41837283 -7.21449629 -7.02912141 -6.86492819 
1.23284674e+01 -7.70650062 -7.41837283 -7.21449629 -7.02912141 -6.86492819 
1.00000000e+01 -7.70650062 -7.41837283 -7.21449629 -7.02912141 -6.86492819 
8.11130831e+00 -7.70650062 -7.41837283 -7.21449629 -7.02912141 -6.86492819 
6.57933225e+00 -7.70650062 -7.41837283 -7.21449629 -7.02912141 -6.86492819 
5.33669923e+00 -7.70650062 -7.41837283 -7.21449629 -7.02912141 -6.86492819 
4.32876128e+00 -7.70650062 -7.41837283 -7.21449629 -7.02912141 -6.86492819 
3.51119173e+00 -7.70650062 -7.41837283 -7.21449629 -7.02912141 -6.86492819 
2.84803587e+00 -7.70650062 -7.41837283 -7.21449629 -7.02912141 -6.86492819 
2.31012970e+00 -7.70650062 -7.41837283 -7.21449629 -7.02912141 -6.86492819 
1.87381742e+00 -7.70650062 -7.41837283 -7.21449629 -7.02912141 -6.86492819 
1.51991108e+00 -7.70650062 -7.41837283 -7.21449629 -7.02912141 -6.86492819 
1.23284674e+00 -7.70650062 -7.41837283 -7.21449629 -7.02912141 -6.86492819 
1.00000000e+00 -7.70650062 -7.41837283 -7.21449629 -7.02912141 -6.86492819 
8.11130831e-01 -7.70650062 -7.41837283 -7.21449629 -7.02912141 -6.86492819 
6.57933225e-01 -7.70650062 -7.41837283 -7.21449629 -7.02912141 -6.86492819 
5.33669923e-01 -7.70650062 -7.41837283 -7.21449629 -7.02912141 -6.86492819 
4.32876128e-01 -7.70650062 -7.41837283 -7.21449629 -7.02912141 -6.86492819 
3.51119173e-01 -7.70650062 -7.41837283 -7.21449629 -7.02912141 -6.86492819 
2.84803587e-01 -7.70650062 -7.41837283 -7.21449629 -7.02912141 -6.86492819 
2.31012970e-01 -7.70650062 -7.41837283 -7.21449629 -7.02912141 -6.86492819 
1.87381742e-01 -7.70650062 -7.41837283 -7.21449629 -7.02912141 -6.86492819 
1.51991108e-01 -7.70650062 -7.41837283 -7.21449629 -7.02912141 -6.86492819 
1.23284674e-01 -7.70650062 -7.41837283 -7.21449629 -7.02912141 -6.86492819 
1.00000000e-01 -7.70650062 -7.41837283 -7.21449629 -7.02912141 -6.86492819 
8.11130831e-02 -7.70650062 -7.41837283 -7.21449629 -7.02912141 -6.86492819 
6.57933225e-02 -7.70650062 -7.41837283 -7.21449629 -7.02912141 -6.86492819 
5.33669923e-02 -7.70650062 -7.41837283 -7.21449629 -7.02912141 -6.86492819 
4.32876128e-02 -7.70650062 -7.41837283 -7.21449629 -7.02912141 -6.86492819 
3.51119173e-02 -7.70650062 -7.41837283 -7.21449629 -7.02912141 -6.86492819 
2.84803587e-02 -7.70650062 -7.41837283 -7.21449629 -7.02912141 -6.86492819 
2.31012970e-02 -7.70650062 -7.41837283 -7.21449629 -7.02912141 -6.86492819 
1.87381742e-02 -7.70650062 -7.41837283 -7.21449629 -7.02912141 -6.86492819 
1.51991108e-02 -7.70650062 -7.41837283 -7.21449629 -7.02912141 -6.86492819 
1.23284674e-02 -7.70650062 -7.41837283 -7.21449629 -7.02912141 -6.86492819 
1.00000000e-02 -7.70650062 -7.41837283 -7.21449629 -7.02912141 -6.86492819 
8.11130831e-03 -7.70650062 -7.41837283 -7.21449629 -7.02912141 -6.86492819 
6.57933225e-03 -7.70650062 -7.41837283 -7.21449629 -7.02912141 -6.86492819 
5.33669923e-03 -7.70650062 -7.41837283 -7.21449629 -7.02912141 -6.86492819 
4.32876128e-03 -7.70650062 -7.41837283 -7.21449629 -7.02912141 -6.86492819 
3.51119173e-03 -7.70650062 -7.41837283 -7.21449629 -7.02912141 -6.86492819 
2.84803587e-03 -7.70650062 -7.41837283 -7.21449629 -7.02912141 -6.86492819 
2.31012970e-03 -7.70650062 -7.41837283 -7.21449629 -7.02912141 -6.86492819 
1.87381742e-03 -7.70650062 -7.41837283 -7.21449629 -7.02912141 -6.86492819 
1.51991108e-03 -7.70650062 -7.41837283 -7.21449629 -7.02912141 -6.86492819 
1.23284674e-03 -7.70650062 -7.41837283 -7.21449629 -7.02912141 -6.86492819 
1.00000000e-03 -7.70650062 -7.41837283 -7.21449629 -7.02912141 -6.86492819 
8.11130831e-04 -7.70650062 -7.41837283 -7.21449629 -7.02912141 -6.86492819 
6.57933225e-04 -7.70650062 -7.41837283 -7.21449629 -7.02912141 -6.86492819 
5.33669923e-04 -7.70650062 -7.41837283 -7.21449629 -7.02912141 -6.86492819 
4.32876128e-04 -7.70650062 -7.41837283 -7.21449629 -7.02912141 -6.86492819 
3.51119173e-04 -7.70650062 -7.41837283 -7.21449629 -7.02912141 -6.86492819 
2.84803587e-04 -7.70650062 -7.41837283 -7.21449629 -7.02912141 -6.86492819 
2.31012970e-04 -7.70650062 -7.41837283 -7.21449629 -7.02912141 -6.86492819 
1.87381742e-04 -7.70650062 -7.41837283 -7.21449629 -7.02912141 -6.86492819 
1.51991108e-04 -7.70650062 -7.41837283 -7.21449629 -7.02912141 -6.86492819 
1.23284674e-04 -7.70650062 -7.41837283 -7.21449629 -7.02912141 -6.86492819 
1.00000000e-04 -7.70650062 -7.41837283 -7.21449629 -7.02912141 -6.86492819 
8.11130831e-05 -7.70650062 -7.41837283 -7.21449629 -7.02912141 -6.86492819 
6.57933225e-05 -7.70650062 -7.41837283 -7.21449629 -7.02912141 -6.86492819 
5.33669923e-05 -7.70650062 -7.41837283 -7.21449629 -7.02912141 -6.86492819 
4.32876128e-05 -7.70650062 -7.41837283 -7.21449629 -7.02912141 -6.86492819 
3.51119173e-05 -7.70650062 -7.41837283 -7.21449629 -7.02912141 -6.86492819 
2.84803587e-05 -7.70650062 -7.41837283 -7.21449629 -7.02912141 -6.86492819 
2.31012970e-05 -7.70650062 -7.41837283 -7.21449629 -7.02912141 -6.86492819 
1.87381742e-05 -7.70650062 -7.41837283 -7.21449629 -7.02912141 -6.86492819 
1.51991108e-05 -7.70650062 -7.41837283 -7.21449629 -7.02912141 -6.86492819 
1.23284674e-05 -7.70650062 -7.41837283 -7.21449629 -7.02912141 -6.86492819 
1.00000000e-05 -7.70650062 -7.41837283 -7.21449629 -7.02912141 -6.86492819 
8.11130831e-06 -7.70650062 -7.41837283 -7.21449629 -7.02912141 -6.86492819 
6.57933225e-06 -7.70650062 -7.41837283 -7.21449629 -7.02912141 -6.86492819 
5.33669923e-06 -7.70650062 -7.41837283 -7.21449629 -7.02912141 -6.86492819 
4.32876128e-06 -7.70650062 -7.41837283 -7.21449629 -7.02912141 -6.86492819 
3.51119173e-06 -7.70650062 -7.41837283 -7.21449629 -7.02912141 -6.86492819 
2.84803587e-06 -7.70650062 -7.41837283 -7.21449629 -7.02912141 -6.86492819 
2.31012970e-06 -7.70650062 -7.41837283 -7.21449629 -7.02912141 -6.86492819 
1.87381742e-06 -7.70650062 -7.41837283 -7.21449629 -7.02912141 -6.86492819 
1.51991108e-06 -7.70650062 -7.41837283 -7.21449629 -7.02912141 -6.86492819 
1.23284674e-06 -7.70650062 -7.41837283 -7.21449629 -7.02912141 -6.86492819 
1.00000000e-06 -7.70650062 -7.41837283 -7.21449629 -7.02912141 -6.86492819 
8.11130831e-07 -7.70650062 -7.41837283 -7.21449629 -7.02912141 -6.86492819 
6.57933225e-07 -7.70650062 -7.41837283 -7.21449629 -7.02912141 -6.86492819 
5.33669923e-07 -7.70650062 -7.41837283 -7.21449629 -7.02912141 -6.86492819 
4.32876128e-07 -7.70650062 -7.41837283 -7.21449629 -7.02912141 -6.86492819 
3.51119173e-07 -7.70650062 -7.41837283 -7.21449629 -7.02912141 -6.86492819 
2.84803587e-07 -7.70650062 -7.41837283 -7.21449629 -7.02912141 -6.86492819 
2.31012970e-07 -7.70650062 -7.41837283 -7.21449629 -7.02912141 -6.86492819 
1.87381742e-07 -7.70650062 -7.41837283 -7.21449629 -7.02912141 -6.86492819 
1.51991108e-07 -7.70650062 -7.41837283 -7.21449629 -7.02912141 -6.86492819 
1.23284674e-07 -7.70650062 -7.41837283 -7.21449629 -7.02912141 -6.86492819 
1.00000000e-07 -7.70650062 -7.41837283 -7.21449629 -7.02912141 -6.86492819 
