Chemical species: H2 He H2O CH4 SO2
P (bar) | log_H2: -2σ | log_H2: -1σ | log_H2: median | log_H2: +1σ | log_H2: +2σ 
1.00000000e+02 -0.12162102 -0.09823551 -0.08280534 -0.07281922 -0.06931949 
8.11130831e+01 -0.12162102 -0.09823551 -0.08280534 -0.07281922 -0.06931949 
6.57933225e+01 -0.12162102 -0.09823551 -0.08280534 -0.07281922 -0.06931949 
5.33669923e+01 -0.12162102 -0.09823551 -0.08280534 -0.07281922 -0.06931949 
4.32876128e+01 -0.12162102 -0.09823551 -0.08280534 -0.07281922 -0.06931949 
3.51119173e+01 -0.12162102 -0.09823551 -0.08280534 -0.07281922 -0.06931949 
2.84803587e+01 -0.12162102 -0.09823551 -0.08280534 -0.07281922 -0.06931949 
2.31012970e+01 -0.12162102 -0.09823551 -0.08280534 -0.07281922 -0.06931949 
1.87381742e+01 -0.12162102 -0.09823551 -0.08280534 -0.07281922 -0.06931949 
1.51991108e+01 -0.12162102 -0.09823551 -0.08280534 -0.07281922 -0.06931949 
1.23284674e+01 -0.12162102 -0.09823551 -0.08280534 -0.07281922 -0.06931949 
1.00000000e+01 -0.12162102 -0.09823551 -0.08280534 -0.07281922 -0.06931949 
8.11130831e+00 -0.12162102 -0.09823551 -0.08280534 -0.07281922 -0.06931949 
6.57933225e+00 -0.12162102 -0.09823551 -0.08280534 -0.07281922 -0.06931949 
5.33669923e+00 -0.12162102 -0.09823551 -0.08280534 -0.07281922 -0.06931949 
4.32876128e+00 -0.12162102 -0.09823551 -0.08280534 -0.07281922 -0.06931949 
3.51119173e+00 -0.12162102 -0.09823551 -0.08280534 -0.07281922 -0.06931949 
2.84803587e+00 -0.12162102 -0.09823551 -0.08280534 -0.07281922 -0.06931949 
2.31012970e+00 -0.12162102 -0.09823551 -0.08280534 -0.07281922 -0.06931949 
1.87381742e+00 -0.12162102 -0.09823551 -0.08280534 -0.07281922 -0.06931949 
1.51991108e+00 -0.12162102 -0.09823551 -0.08280534 -0.07281922 -0.06931949 
1.23284674e+00 -0.12162102 -0.09823551 -0.08280534 -0.07281922 -0.06931949 
1.00000000e+00 -0.12162102 -0.09823551 -0.08280534 -0.07281922 -0.06931949 
8.11130831e-01 -0.12162102 -0.09823551 -0.08280534 -0.07281922 -0.06931949 
6.57933225e-01 -0.12162102 -0.09823551 -0.08280534 -0.07281922 -0.06931949 
5.33669923e-01 -0.12162102 -0.09823551 -0.08280534 -0.07281922 -0.06931949 
4.32876128e-01 -0.12162102 -0.09823551 -0.08280534 -0.07281922 -0.06931949 
3.51119173e-01 -0.12162102 -0.09823551 -0.08280534 -0.07281922 -0.06931949 
2.84803587e-01 -0.12162102 -0.09823551 -0.08280534 -0.07281922 -0.06931949 
2.31012970e-01 -0.12162102 -0.09823551 -0.08280534 -0.07281922 -0.06931949 
1.87381742e-01 -0.12162102 -0.09823551 -0.08280534 -0.07281922 -0.06931949 
1.51991108e-01 -0.12162102 -0.09823551 -0.08280534 -0.07281922 -0.06931949 
1.23284674e-01 -0.12162102 -0.09823551 -0.08280534 -0.07281922 -0.06931949 
1.00000000e-01 -0.12162102 -0.09823551 -0.08280534 -0.07281922 -0.06931949 
8.11130831e-02 -0.12162102 -0.09823551 -0.08280534 -0.07281922 -0.06931949 
6.57933225e-02 -0.12162102 -0.09823551 -0.08280534 -0.07281922 -0.06931949 
5.33669923e-02 -0.12162102 -0.09823551 -0.08280534 -0.07281922 -0.06931949 
4.32876128e-02 -0.12162102 -0.09823551 -0.08280534 -0.07281922 -0.06931949 
3.51119173e-02 -0.12162102 -0.09823551 -0.08280534 -0.07281922 -0.06931949 
2.84803587e-02 -0.12162102 -0.09823551 -0.08280534 -0.07281922 -0.06931949 
2.31012970e-02 -0.12162102 -0.09823551 -0.08280534 -0.07281922 -0.06931949 
1.87381742e-02 -0.12162102 -0.09823551 -0.08280534 -0.07281922 -0.06931949 
1.51991108e-02 -0.12162102 -0.09823551 -0.08280534 -0.07281922 -0.06931949 
1.23284674e-02 -0.12162102 -0.09823551 -0.08280534 -0.07281922 -0.06931949 
1.00000000e-02 -0.12162102 -0.09823551 -0.08280534 -0.07281922 -0.06931949 
8.11130831e-03 -0.12162102 -0.09823551 -0.08280534 -0.07281922 -0.06931949 
6.57933225e-03 -0.12162102 -0.09823551 -0.08280534 -0.07281922 -0.06931949 
5.33669923e-03 -0.12162102 -0.09823551 -0.08280534 -0.07281922 -0.06931949 
4.32876128e-03 -0.12162102 -0.09823551 -0.08280534 -0.07281922 -0.06931949 
3.51119173e-03 -0.12162102 -0.09823551 -0.08280534 -0.07281922 -0.06931949 
2.84803587e-03 -0.12162102 -0.09823551 -0.08280534 -0.07281922 -0.06931949 
2.31012970e-03 -0.12162102 -0.09823551 -0.08280534 -0.07281922 -0.06931949 
1.87381742e-03 -0.12162102 -0.09823551 -0.08280534 -0.07281922 -0.06931949 
1.51991108e-03 -0.12162102 -0.09823551 -0.08280534 -0.07281922 -0.06931949 
1.23284674e-03 -0.12162102 -0.09823551 -0.08280534 -0.07281922 -0.06931949 
1.00000000e-03 -0.12162102 -0.09823551 -0.08280534 -0.07281922 -0.06931949 
8.11130831e-04 -0.12162102 -0.09823551 -0.08280534 -0.07281922 -0.06931949 
6.57933225e-04 -0.12162102 -0.09823551 -0.08280534 -0.07281922 -0.06931949 
5.33669923e-04 -0.12162102 -0.09823551 -0.08280534 -0.07281922 -0.06931949 
4.32876128e-04 -0.12162102 -0.09823551 -0.08280534 -0.07281922 -0.06931949 
3.51119173e-04 -0.12162102 -0.09823551 -0.08280534 -0.07281922 -0.06931949 
2.84803587e-04 -0.12162102 -0.09823551 -0.08280534 -0.07281922 -0.06931949 
2.31012970e-04 -0.12162102 -0.09823551 -0.08280534 -0.07281922 -0.06931949 
1.87381742e-04 -0.12162102 -0.09823551 -0.08280534 -0.07281922 -0.06931949 
1.51991108e-04 -0.12162102 -0.09823551 -0.08280534 -0.07281922 -0.06931949 
1.23284674e-04 -0.12162102 -0.09823551 -0.08280534 -0.07281922 -0.06931949 
1.00000000e-04 -0.12162102 -0.09823551 -0.08280534 -0.07281922 -0.06931949 
8.11130831e-05 -0.12162102 -0.09823551 -0.08280534 -0.07281922 -0.06931949 
6.57933225e-05 -0.12162102 -0.09823551 -0.08280534 -0.07281922 -0.06931949 
5.33669923e-05 -0.12162102 -0.09823551 -0.08280534 -0.07281922 -0.06931949 
4.32876128e-05 -0.12162102 -0.09823551 -0.08280534 -0.07281922 -0.06931949 
3.51119173e-05 -0.12162102 -0.09823551 -0.08280534 -0.07281922 -0.06931949 
2.84803587e-05 -0.12162102 -0.09823551 -0.08280534 -0.07281922 -0.06931949 
2.31012970e-05 -0.12162102 -0.09823551 -0.08280534 -0.07281922 -0.06931949 
1.87381742e-05 -0.12162102 -0.09823551 -0.08280534 -0.07281922 -0.06931949 
1.51991108e-05 -0.12162102 -0.09823551 -0.08280534 -0.07281922 -0.06931949 
1.23284674e-05 -0.12162102 -0.09823551 -0.08280534 -0.07281922 -0.06931949 
1.00000000e-05 -0.12162102 -0.09823551 -0.08280534 -0.07281922 -0.06931949 
8.11130831e-06 -0.12162102 -0.09823551 -0.08280534 -0.07281922 -0.06931949 
6.57933225e-06 -0.12162102 -0.09823551 -0.08280534 -0.07281922 -0.06931949 
5.33669923e-06 -0.12162102 -0.09823551 -0.08280534 -0.07281922 -0.06931949 
4.32876128e-06 -0.12162102 -0.09823551 -0.08280534 -0.07281922 -0.06931949 
3.51119173e-06 -0.12162102 -0.09823551 -0.08280534 -0.07281922 -0.06931949 
2.84803587e-06 -0.12162102 -0.09823551 -0.08280534 -0.07281922 -0.06931949 
2.31012970e-06 -0.12162102 -0.09823551 -0.08280534 -0.07281922 -0.06931949 
1.87381742e-06 -0.12162102 -0.09823551 -0.08280534 -0.07281922 -0.06931949 
1.51991108e-06 -0.12162102 -0.09823551 -0.08280534 -0.07281922 -0.06931949 
1.23284674e-06 -0.12162102 -0.09823551 -0.08280534 -0.07281922 -0.06931949 
1.00000000e-06 -0.12162102 -0.09823551 -0.08280534 -0.07281922 -0.06931949 
8.11130831e-07 -0.12162102 -0.09823551 -0.08280534 -0.07281922 -0.06931949 
6.57933225e-07 -0.12162102 -0.09823551 -0.08280534 -0.07281922 -0.06931949 
5.33669923e-07 -0.12162102 -0.09823551 -0.08280534 -0.07281922 -0.06931949 
4.32876128e-07 -0.12162102 -0.09823551 -0.08280534 -0.07281922 -0.06931949 
3.51119173e-07 -0.12162102 -0.09823551 -0.08280534 -0.07281922 -0.06931949 
2.84803587e-07 -0.12162102 -0.09823551 -0.08280534 -0.07281922 -0.06931949 
2.31012970e-07 -0.12162102 -0.09823551 -0.08280534 -0.07281922 -0.06931949 
1.87381742e-07 -0.12162102 -0.09823551 -0.08280534 -0.07281922 -0.06931949 
1.51991108e-07 -0.12162102 -0.09823551 -0.08280534 -0.07281922 -0.06931949 
1.23284674e-07 -0.12162102 -0.09823551 -0.08280534 -0.07281922 -0.06931949 
1.00000000e-07 -0.12162102 -0.09823551 -0.08280534 -0.07281922 -0.06931949 
P (bar) | log_He: -2σ | log_He: -1σ | log_He: median | log_He: +1σ | log_He: +2σ 
1.00000000e+02 -0.89117210 -0.86778659 -0.85235642 -0.84237030 -0.83887057 
8.11130831e+01 -0.89117210 -0.86778659 -0.85235642 -0.84237030 -0.83887057 
6.57933225e+01 -0.89117210 -0.86778659 -0.85235642 -0.84237030 -0.83887057 
5.33669923e+01 -0.89117210 -0.86778659 -0.85235642 -0.84237030 -0.83887057 
4.32876128e+01 -0.89117210 -0.86778659 -0.85235642 -0.84237030 -0.83887057 
3.51119173e+01 -0.89117210 -0.86778659 -0.85235642 -0.84237030 -0.83887057 
2.84803587e+01 -0.89117210 -0.86778659 -0.85235642 -0.84237030 -0.83887057 
2.31012970e+01 -0.89117210 -0.86778659 -0.85235642 -0.84237030 -0.83887057 
1.87381742e+01 -0.89117210 -0.86778659 -0.85235642 -0.84237030 -0.83887057 
1.51991108e+01 -0.89117210 -0.86778659 -0.85235642 -0.84237030 -0.83887057 
1.23284674e+01 -0.89117210 -0.86778659 -0.85235642 -0.84237030 -0.83887057 
1.00000000e+01 -0.89117210 -0.86778659 -0.85235642 -0.84237030 -0.83887057 
8.11130831e+00 -0.89117210 -0.86778659 -0.85235642 -0.84237030 -0.83887057 
6.57933225e+00 -0.89117210 -0.86778659 -0.85235642 -0.84237030 -0.83887057 
5.33669923e+00 -0.89117210 -0.86778659 -0.85235642 -0.84237030 -0.83887057 
4.32876128e+00 -0.89117210 -0.86778659 -0.85235642 -0.84237030 -0.83887057 
3.51119173e+00 -0.89117210 -0.86778659 -0.85235642 -0.84237030 -0.83887057 
2.84803587e+00 -0.89117210 -0.86778659 -0.85235642 -0.84237030 -0.83887057 
2.31012970e+00 -0.89117210 -0.86778659 -0.85235642 -0.84237030 -0.83887057 
1.87381742e+00 -0.89117210 -0.86778659 -0.85235642 -0.84237030 -0.83887057 
1.51991108e+00 -0.89117210 -0.86778659 -0.85235642 -0.84237030 -0.83887057 
1.23284674e+00 -0.89117210 -0.86778659 -0.85235642 -0.84237030 -0.83887057 
1.00000000e+00 -0.89117210 -0.86778659 -0.85235642 -0.84237030 -0.83887057 
8.11130831e-01 -0.89117210 -0.86778659 -0.85235642 -0.84237030 -0.83887057 
6.57933225e-01 -0.89117210 -0.86778659 -0.85235642 -0.84237030 -0.83887057 
5.33669923e-01 -0.89117210 -0.86778659 -0.85235642 -0.84237030 -0.83887057 
4.32876128e-01 -0.89117210 -0.86778659 -0.85235642 -0.84237030 -0.83887057 
3.51119173e-01 -0.89117210 -0.86778659 -0.85235642 -0.84237030 -0.83887057 
2.84803587e-01 -0.89117210 -0.86778659 -0.85235642 -0.84237030 -0.83887057 
2.31012970e-01 -0.89117210 -0.86778659 -0.85235642 -0.84237030 -0.83887057 
1.87381742e-01 -0.89117210 -0.86778659 -0.85235642 -0.84237030 -0.83887057 
1.51991108e-01 -0.89117210 -0.86778659 -0.85235642 -0.84237030 -0.83887057 
1.23284674e-01 -0.89117210 -0.86778659 -0.85235642 -0.84237030 -0.83887057 
1.00000000e-01 -0.89117210 -0.86778659 -0.85235642 -0.84237030 -0.83887057 
8.11130831e-02 -0.89117210 -0.86778659 -0.85235642 -0.84237030 -0.83887057 
6.57933225e-02 -0.89117210 -0.86778659 -0.85235642 -0.84237030 -0.83887057 
5.33669923e-02 -0.89117210 -0.86778659 -0.85235642 -0.84237030 -0.83887057 
4.32876128e-02 -0.89117210 -0.86778659 -0.85235642 -0.84237030 -0.83887057 
3.51119173e-02 -0.89117210 -0.86778659 -0.85235642 -0.84237030 -0.83887057 
2.84803587e-02 -0.89117210 -0.86778659 -0.85235642 -0.84237030 -0.83887057 
2.31012970e-02 -0.89117210 -0.86778659 -0.85235642 -0.84237030 -0.83887057 
1.87381742e-02 -0.89117210 -0.86778659 -0.85235642 -0.84237030 -0.83887057 
1.51991108e-02 -0.89117210 -0.86778659 -0.85235642 -0.84237030 -0.83887057 
1.23284674e-02 -0.89117210 -0.86778659 -0.85235642 -0.84237030 -0.83887057 
1.00000000e-02 -0.89117210 -0.86778659 -0.85235642 -0.84237030 -0.83887057 
8.11130831e-03 -0.89117210 -0.86778659 -0.85235642 -0.84237030 -0.83887057 
6.57933225e-03 -0.89117210 -0.86778659 -0.85235642 -0.84237030 -0.83887057 
5.33669923e-03 -0.89117210 -0.86778659 -0.85235642 -0.84237030 -0.83887057 
4.32876128e-03 -0.89117210 -0.86778659 -0.85235642 -0.84237030 -0.83887057 
3.51119173e-03 -0.89117210 -0.86778659 -0.85235642 -0.84237030 -0.83887057 
2.84803587e-03 -0.89117210 -0.86778659 -0.85235642 -0.84237030 -0.83887057 
2.31012970e-03 -0.89117210 -0.86778659 -0.85235642 -0.84237030 -0.83887057 
1.87381742e-03 -0.89117210 -0.86778659 -0.85235642 -0.84237030 -0.83887057 
1.51991108e-03 -0.89117210 -0.86778659 -0.85235642 -0.84237030 -0.83887057 
1.23284674e-03 -0.89117210 -0.86778659 -0.85235642 -0.84237030 -0.83887057 
1.00000000e-03 -0.89117210 -0.86778659 -0.85235642 -0.84237030 -0.83887057 
8.11130831e-04 -0.89117210 -0.86778659 -0.85235642 -0.84237030 -0.83887057 
6.57933225e-04 -0.89117210 -0.86778659 -0.85235642 -0.84237030 -0.83887057 
5.33669923e-04 -0.89117210 -0.86778659 -0.85235642 -0.84237030 -0.83887057 
4.32876128e-04 -0.89117210 -0.86778659 -0.85235642 -0.84237030 -0.83887057 
3.51119173e-04 -0.89117210 -0.86778659 -0.85235642 -0.84237030 -0.83887057 
2.84803587e-04 -0.89117210 -0.86778659 -0.85235642 -0.84237030 -0.83887057 
2.31012970e-04 -0.89117210 -0.86778659 -0.85235642 -0.84237030 -0.83887057 
1.87381742e-04 -0.89117210 -0.86778659 -0.85235642 -0.84237030 -0.83887057 
1.51991108e-04 -0.89117210 -0.86778659 -0.85235642 -0.84237030 -0.83887057 
1.23284674e-04 -0.89117210 -0.86778659 -0.85235642 -0.84237030 -0.83887057 
1.00000000e-04 -0.89117210 -0.86778659 -0.85235642 -0.84237030 -0.83887057 
8.11130831e-05 -0.89117210 -0.86778659 -0.85235642 -0.84237030 -0.83887057 
6.57933225e-05 -0.89117210 -0.86778659 -0.85235642 -0.84237030 -0.83887057 
5.33669923e-05 -0.89117210 -0.86778659 -0.85235642 -0.84237030 -0.83887057 
4.32876128e-05 -0.89117210 -0.86778659 -0.85235642 -0.84237030 -0.83887057 
3.51119173e-05 -0.89117210 -0.86778659 -0.85235642 -0.84237030 -0.83887057 
2.84803587e-05 -0.89117210 -0.86778659 -0.85235642 -0.84237030 -0.83887057 
2.31012970e-05 -0.89117210 -0.86778659 -0.85235642 -0.84237030 -0.83887057 
1.87381742e-05 -0.89117210 -0.86778659 -0.85235642 -0.84237030 -0.83887057 
1.51991108e-05 -0.89117210 -0.86778659 -0.85235642 -0.84237030 -0.83887057 
1.23284674e-05 -0.89117210 -0.86778659 -0.85235642 -0.84237030 -0.83887057 
1.00000000e-05 -0.89117210 -0.86778659 -0.85235642 -0.84237030 -0.83887057 
8.11130831e-06 -0.89117210 -0.86778659 -0.85235642 -0.84237030 -0.83887057 
6.57933225e-06 -0.89117210 -0.86778659 -0.85235642 -0.84237030 -0.83887057 
5.33669923e-06 -0.89117210 -0.86778659 -0.85235642 -0.84237030 -0.83887057 
4.32876128e-06 -0.89117210 -0.86778659 -0.85235642 -0.84237030 -0.83887057 
3.51119173e-06 -0.89117210 -0.86778659 -0.85235642 -0.84237030 -0.83887057 
2.84803587e-06 -0.89117210 -0.86778659 -0.85235642 -0.84237030 -0.83887057 
2.31012970e-06 -0.89117210 -0.86778659 -0.85235642 -0.84237030 -0.83887057 
1.87381742e-06 -0.89117210 -0.86778659 -0.85235642 -0.84237030 -0.83887057 
1.51991108e-06 -0.89117210 -0.86778659 -0.85235642 -0.84237030 -0.83887057 
1.23284674e-06 -0.89117210 -0.86778659 -0.85235642 -0.84237030 -0.83887057 
1.00000000e-06 -0.89117210 -0.86778659 -0.85235642 -0.84237030 -0.83887057 
8.11130831e-07 -0.89117210 -0.86778659 -0.85235642 -0.84237030 -0.83887057 
6.57933225e-07 -0.89117210 -0.86778659 -0.85235642 -0.84237030 -0.83887057 
5.33669923e-07 -0.89117210 -0.86778659 -0.85235642 -0.84237030 -0.83887057 
4.32876128e-07 -0.89117210 -0.86778659 -0.85235642 -0.84237030 -0.83887057 
3.51119173e-07 -0.89117210 -0.86778659 -0.85235642 -0.84237030 -0.83887057 
2.84803587e-07 -0.89117210 -0.86778659 -0.85235642 -0.84237030 -0.83887057 
2.31012970e-07 -0.89117210 -0.86778659 -0.85235642 -0.84237030 -0.83887057 
1.87381742e-07 -0.89117210 -0.86778659 -0.85235642 -0.84237030 -0.83887057 
1.51991108e-07 -0.89117210 -0.86778659 -0.85235642 -0.84237030 -0.83887057 
1.23284674e-07 -0.89117210 -0.86778659 -0.85235642 -0.84237030 -0.83887057 
1.00000000e-07 -0.89117210 -0.86778659 -0.85235642 -0.84237030 -0.83887057 
P (bar) | log_H2O: -2σ | log_H2O: -1σ | log_H2O: median | log_H2O: +1σ | log_H2O: +2σ 
1.00000000e+02 -2.58654854 -1.97602968 -1.48065306 -1.17695664 -0.93645051 
8.11130831e+01 -2.58654854 -1.97602968 -1.48065306 -1.17695664 -0.93645051 
6.57933225e+01 -2.58654854 -1.97602968 -1.48065306 -1.17695664 -0.93645051 
5.33669923e+01 -2.58654854 -1.97602968 -1.48065306 -1.17695664 -0.93645051 
4.32876128e+01 -2.58654854 -1.97602968 -1.48065306 -1.17695664 -0.93645051 
3.51119173e+01 -2.58654854 -1.97602968 -1.48065306 -1.17695664 -0.93645051 
2.84803587e+01 -2.58654854 -1.97602968 -1.48065306 -1.17695664 -0.93645051 
2.31012970e+01 -2.58654854 -1.97602968 -1.48065306 -1.17695664 -0.93645051 
1.87381742e+01 -2.58654854 -1.97602968 -1.48065306 -1.17695664 -0.93645051 
1.51991108e+01 -2.58654854 -1.97602968 -1.48065306 -1.17695664 -0.93645051 
1.23284674e+01 -2.58654854 -1.97602968 -1.48065306 -1.17695664 -0.93645051 
1.00000000e+01 -2.58654854 -1.97602968 -1.48065306 -1.17695664 -0.93645051 
8.11130831e+00 -2.58654854 -1.97602968 -1.48065306 -1.17695664 -0.93645051 
6.57933225e+00 -2.58654854 -1.97602968 -1.48065306 -1.17695664 -0.93645051 
5.33669923e+00 -2.58654854 -1.97602968 -1.48065306 -1.17695664 -0.93645051 
4.32876128e+00 -2.58654854 -1.97602968 -1.48065306 -1.17695664 -0.93645051 
3.51119173e+00 -2.58654854 -1.97602968 -1.48065306 -1.17695664 -0.93645051 
2.84803587e+00 -2.58654854 -1.97602968 -1.48065306 -1.17695664 -0.93645051 
2.31012970e+00 -2.58654854 -1.97602968 -1.48065306 -1.17695664 -0.93645051 
1.87381742e+00 -2.58654854 -1.97602968 -1.48065306 -1.17695664 -0.93645051 
1.51991108e+00 -2.58654854 -1.97602968 -1.48065306 -1.17695664 -0.93645051 
1.23284674e+00 -2.58654854 -1.97602968 -1.48065306 -1.17695664 -0.93645051 
1.00000000e+00 -2.58654854 -1.97602968 -1.48065306 -1.17695664 -0.93645051 
8.11130831e-01 -2.58654854 -1.97602968 -1.48065306 -1.17695664 -0.93645051 
6.57933225e-01 -2.58654854 -1.97602968 -1.48065306 -1.17695664 -0.93645051 
5.33669923e-01 -2.58654854 -1.97602968 -1.48065306 -1.17695664 -0.93645051 
4.32876128e-01 -2.58654854 -1.97602968 -1.48065306 -1.17695664 -0.93645051 
3.51119173e-01 -2.58654854 -1.97602968 -1.48065306 -1.17695664 -0.93645051 
2.84803587e-01 -2.58654854 -1.97602968 -1.48065306 -1.17695664 -0.93645051 
2.31012970e-01 -2.58654854 -1.97602968 -1.48065306 -1.17695664 -0.93645051 
1.87381742e-01 -2.58654854 -1.97602968 -1.48065306 -1.17695664 -0.93645051 
1.51991108e-01 -2.58654854 -1.97602968 -1.48065306 -1.17695664 -0.93645051 
1.23284674e-01 -2.58654854 -1.97602968 -1.48065306 -1.17695664 -0.93645051 
1.00000000e-01 -2.58654854 -1.97602968 -1.48065306 -1.17695664 -0.93645051 
8.11130831e-02 -2.58654854 -1.97602968 -1.48065306 -1.17695664 -0.93645051 
6.57933225e-02 -2.58654854 -1.97602968 -1.48065306 -1.17695664 -0.93645051 
5.33669923e-02 -2.58654854 -1.97602968 -1.48065306 -1.17695664 -0.93645051 
4.32876128e-02 -2.58654854 -1.97602968 -1.48065306 -1.17695664 -0.93645051 
3.51119173e-02 -2.58654854 -1.97602968 -1.48065306 -1.17695664 -0.93645051 
2.84803587e-02 -2.58654854 -1.97602968 -1.48065306 -1.17695664 -0.93645051 
2.31012970e-02 -2.58654854 -1.97602968 -1.48065306 -1.17695664 -0.93645051 
1.87381742e-02 -2.58654854 -1.97602968 -1.48065306 -1.17695664 -0.93645051 
1.51991108e-02 -2.58654854 -1.97602968 -1.48065306 -1.17695664 -0.93645051 
1.23284674e-02 -2.58654854 -1.97602968 -1.48065306 -1.17695664 -0.93645051 
1.00000000e-02 -2.58654854 -1.97602968 -1.48065306 -1.17695664 -0.93645051 
8.11130831e-03 -2.58654854 -1.97602968 -1.48065306 -1.17695664 -0.93645051 
6.57933225e-03 -2.58654854 -1.97602968 -1.48065306 -1.17695664 -0.93645051 
5.33669923e-03 -2.58654854 -1.97602968 -1.48065306 -1.17695664 -0.93645051 
4.32876128e-03 -2.58654854 -1.97602968 -1.48065306 -1.17695664 -0.93645051 
3.51119173e-03 -2.58654854 -1.97602968 -1.48065306 -1.17695664 -0.93645051 
2.84803587e-03 -2.58654854 -1.97602968 -1.48065306 -1.17695664 -0.93645051 
2.31012970e-03 -2.58654854 -1.97602968 -1.48065306 -1.17695664 -0.93645051 
1.87381742e-03 -2.58654854 -1.97602968 -1.48065306 -1.17695664 -0.93645051 
1.51991108e-03 -2.58654854 -1.97602968 -1.48065306 -1.17695664 -0.93645051 
1.23284674e-03 -2.58654854 -1.97602968 -1.48065306 -1.17695664 -0.93645051 
1.00000000e-03 -2.58654854 -1.97602968 -1.48065306 -1.17695664 -0.93645051 
8.11130831e-04 -2.58654854 -1.97602968 -1.48065306 -1.17695664 -0.93645051 
6.57933225e-04 -2.58654854 -1.97602968 -1.48065306 -1.17695664 -0.93645051 
5.33669923e-04 -2.58654854 -1.97602968 -1.48065306 -1.17695664 -0.93645051 
4.32876128e-04 -2.58654854 -1.97602968 -1.48065306 -1.17695664 -0.93645051 
3.51119173e-04 -2.58654854 -1.97602968 -1.48065306 -1.17695664 -0.93645051 
2.84803587e-04 -2.58654854 -1.97602968 -1.48065306 -1.17695664 -0.93645051 
2.31012970e-04 -2.58654854 -1.97602968 -1.48065306 -1.17695664 -0.93645051 
1.87381742e-04 -2.58654854 -1.97602968 -1.48065306 -1.17695664 -0.93645051 
1.51991108e-04 -2.58654854 -1.97602968 -1.48065306 -1.17695664 -0.93645051 
1.23284674e-04 -2.58654854 -1.97602968 -1.48065306 -1.17695664 -0.93645051 
1.00000000e-04 -2.58654854 -1.97602968 -1.48065306 -1.17695664 -0.93645051 
8.11130831e-05 -2.58654854 -1.97602968 -1.48065306 -1.17695664 -0.93645051 
6.57933225e-05 -2.58654854 -1.97602968 -1.48065306 -1.17695664 -0.93645051 
5.33669923e-05 -2.58654854 -1.97602968 -1.48065306 -1.17695664 -0.93645051 
4.32876128e-05 -2.58654854 -1.97602968 -1.48065306 -1.17695664 -0.93645051 
3.51119173e-05 -2.58654854 -1.97602968 -1.48065306 -1.17695664 -0.93645051 
2.84803587e-05 -2.58654854 -1.97602968 -1.48065306 -1.17695664 -0.93645051 
2.31012970e-05 -2.58654854 -1.97602968 -1.48065306 -1.17695664 -0.93645051 
1.87381742e-05 -2.58654854 -1.97602968 -1.48065306 -1.17695664 -0.93645051 
1.51991108e-05 -2.58654854 -1.97602968 -1.48065306 -1.17695664 -0.93645051 
1.23284674e-05 -2.58654854 -1.97602968 -1.48065306 -1.17695664 -0.93645051 
1.00000000e-05 -2.58654854 -1.97602968 -1.48065306 -1.17695664 -0.93645051 
8.11130831e-06 -2.58654854 -1.97602968 -1.48065306 -1.17695664 -0.93645051 
6.57933225e-06 -2.58654854 -1.97602968 -1.48065306 -1.17695664 -0.93645051 
5.33669923e-06 -2.58654854 -1.97602968 -1.48065306 -1.17695664 -0.93645051 
4.32876128e-06 -2.58654854 -1.97602968 -1.48065306 -1.17695664 -0.93645051 
3.51119173e-06 -2.58654854 -1.97602968 -1.48065306 -1.17695664 -0.93645051 
2.84803587e-06 -2.58654854 -1.97602968 -1.48065306 -1.17695664 -0.93645051 
2.31012970e-06 -2.58654854 -1.97602968 -1.48065306 -1.17695664 -0.93645051 
1.87381742e-06 -2.58654854 -1.97602968 -1.48065306 -1.17695664 -0.93645051 
1.51991108e-06 -2.58654854 -1.97602968 -1.48065306 -1.17695664 -0.93645051 
1.23284674e-06 -2.58654854 -1.97602968 -1.48065306 -1.17695664 -0.93645051 
1.00000000e-06 -2.58654854 -1.97602968 -1.48065306 -1.17695664 -0.93645051 
8.11130831e-07 -2.58654854 -1.97602968 -1.48065306 -1.17695664 -0.93645051 
6.57933225e-07 -2.58654854 -1.97602968 -1.48065306 -1.17695664 -0.93645051 
5.33669923e-07 -2.58654854 -1.97602968 -1.48065306 -1.17695664 -0.93645051 
4.32876128e-07 -2.58654854 -1.97602968 -1.48065306 -1.17695664 -0.93645051 
3.51119173e-07 -2.58654854 -1.97602968 -1.48065306 -1.17695664 -0.93645051 
2.84803587e-07 -2.58654854 -1.97602968 -1.48065306 -1.17695664 -0.93645051 
2.31012970e-07 -2.58654854 -1.97602968 -1.48065306 -1.17695664 -0.93645051 
1.87381742e-07 -2.58654854 -1.97602968 -1.48065306 -1.17695664 -0.93645051 
1.51991108e-07 -2.58654854 -1.97602968 -1.48065306 -1.17695664 -0.93645051 
1.23284674e-07 -2.58654854 -1.97602968 -1.48065306 -1.17695664 -0.93645051 
1.00000000e-07 -2.58654854 -1.97602968 -1.48065306 -1.17695664 -0.93645051 
P (bar) | log_CH4: -2σ | log_CH4: -1σ | log_CH4: median | log_CH4: +1σ | log_CH4: +2σ 
1.00000000e+02 -11.82295899 -11.07157088 -8.96492923 -6.70405719 -5.27211005 
8.11130831e+01 -11.82295899 -11.07157088 -8.96492923 -6.70405719 -5.27211005 
6.57933225e+01 -11.82295899 -11.07157088 -8.96492923 -6.70405719 -5.27211005 
5.33669923e+01 -11.82295899 -11.07157088 -8.96492923 -6.70405719 -5.27211005 
4.32876128e+01 -11.82295899 -11.07157088 -8.96492923 -6.70405719 -5.27211005 
3.51119173e+01 -11.82295899 -11.07157088 -8.96492923 -6.70405719 -5.27211005 
2.84803587e+01 -11.82295899 -11.07157088 -8.96492923 -6.70405719 -5.27211005 
2.31012970e+01 -11.82295899 -11.07157088 -8.96492923 -6.70405719 -5.27211005 
1.87381742e+01 -11.82295899 -11.07157088 -8.96492923 -6.70405719 -5.27211005 
1.51991108e+01 -11.82295899 -11.07157088 -8.96492923 -6.70405719 -5.27211005 
1.23284674e+01 -11.82295899 -11.07157088 -8.96492923 -6.70405719 -5.27211005 
1.00000000e+01 -11.82295899 -11.07157088 -8.96492923 -6.70405719 -5.27211005 
8.11130831e+00 -11.82295899 -11.07157088 -8.96492923 -6.70405719 -5.27211005 
6.57933225e+00 -11.82295899 -11.07157088 -8.96492923 -6.70405719 -5.27211005 
5.33669923e+00 -11.82295899 -11.07157088 -8.96492923 -6.70405719 -5.27211005 
4.32876128e+00 -11.82295899 -11.07157088 -8.96492923 -6.70405719 -5.27211005 
3.51119173e+00 -11.82295899 -11.07157088 -8.96492923 -6.70405719 -5.27211005 
2.84803587e+00 -11.82295899 -11.07157088 -8.96492923 -6.70405719 -5.27211005 
2.31012970e+00 -11.82295899 -11.07157088 -8.96492923 -6.70405719 -5.27211005 
1.87381742e+00 -11.82295899 -11.07157088 -8.96492923 -6.70405719 -5.27211005 
1.51991108e+00 -11.82295899 -11.07157088 -8.96492923 -6.70405719 -5.27211005 
1.23284674e+00 -11.82295899 -11.07157088 -8.96492923 -6.70405719 -5.27211005 
1.00000000e+00 -11.82295899 -11.07157088 -8.96492923 -6.70405719 -5.27211005 
8.11130831e-01 -11.82295899 -11.07157088 -8.96492923 -6.70405719 -5.27211005 
6.57933225e-01 -11.82295899 -11.07157088 -8.96492923 -6.70405719 -5.27211005 
5.33669923e-01 -11.82295899 -11.07157088 -8.96492923 -6.70405719 -5.27211005 
4.32876128e-01 -11.82295899 -11.07157088 -8.96492923 -6.70405719 -5.27211005 
3.51119173e-01 -11.82295899 -11.07157088 -8.96492923 -6.70405719 -5.27211005 
2.84803587e-01 -11.82295899 -11.07157088 -8.96492923 -6.70405719 -5.27211005 
2.31012970e-01 -11.82295899 -11.07157088 -8.96492923 -6.70405719 -5.27211005 
1.87381742e-01 -11.82295899 -11.07157088 -8.96492923 -6.70405719 -5.27211005 
1.51991108e-01 -11.82295899 -11.07157088 -8.96492923 -6.70405719 -5.27211005 
1.23284674e-01 -11.82295899 -11.07157088 -8.96492923 -6.70405719 -5.27211005 
1.00000000e-01 -11.82295899 -11.07157088 -8.96492923 -6.70405719 -5.27211005 
8.11130831e-02 -11.82295899 -11.07157088 -8.96492923 -6.70405719 -5.27211005 
6.57933225e-02 -11.82295899 -11.07157088 -8.96492923 -6.70405719 -5.27211005 
5.33669923e-02 -11.82295899 -11.07157088 -8.96492923 -6.70405719 -5.27211005 
4.32876128e-02 -11.82295899 -11.07157088 -8.96492923 -6.70405719 -5.27211005 
3.51119173e-02 -11.82295899 -11.07157088 -8.96492923 -6.70405719 -5.27211005 
2.84803587e-02 -11.82295899 -11.07157088 -8.96492923 -6.70405719 -5.27211005 
2.31012970e-02 -11.82295899 -11.07157088 -8.96492923 -6.70405719 -5.27211005 
1.87381742e-02 -11.82295899 -11.07157088 -8.96492923 -6.70405719 -5.27211005 
1.51991108e-02 -11.82295899 -11.07157088 -8.96492923 -6.70405719 -5.27211005 
1.23284674e-02 -11.82295899 -11.07157088 -8.96492923 -6.70405719 -5.27211005 
1.00000000e-02 -11.82295899 -11.07157088 -8.96492923 -6.70405719 -5.27211005 
8.11130831e-03 -11.82295899 -11.07157088 -8.96492923 -6.70405719 -5.27211005 
6.57933225e-03 -11.82295899 -11.07157088 -8.96492923 -6.70405719 -5.27211005 
5.33669923e-03 -11.82295899 -11.07157088 -8.96492923 -6.70405719 -5.27211005 
4.32876128e-03 -11.82295899 -11.07157088 -8.96492923 -6.70405719 -5.27211005 
3.51119173e-03 -11.82295899 -11.07157088 -8.96492923 -6.70405719 -5.27211005 
2.84803587e-03 -11.82295899 -11.07157088 -8.96492923 -6.70405719 -5.27211005 
2.31012970e-03 -11.82295899 -11.07157088 -8.96492923 -6.70405719 -5.27211005 
1.87381742e-03 -11.82295899 -11.07157088 -8.96492923 -6.70405719 -5.27211005 
1.51991108e-03 -11.82295899 -11.07157088 -8.96492923 -6.70405719 -5.27211005 
1.23284674e-03 -11.82295899 -11.07157088 -8.96492923 -6.70405719 -5.27211005 
1.00000000e-03 -11.82295899 -11.07157088 -8.96492923 -6.70405719 -5.27211005 
8.11130831e-04 -11.82295899 -11.07157088 -8.96492923 -6.70405719 -5.27211005 
6.57933225e-04 -11.82295899 -11.07157088 -8.96492923 -6.70405719 -5.27211005 
5.33669923e-04 -11.82295899 -11.07157088 -8.96492923 -6.70405719 -5.27211005 
4.32876128e-04 -11.82295899 -11.07157088 -8.96492923 -6.70405719 -5.27211005 
3.51119173e-04 -11.82295899 -11.07157088 -8.96492923 -6.70405719 -5.27211005 
2.84803587e-04 -11.82295899 -11.07157088 -8.96492923 -6.70405719 -5.27211005 
2.31012970e-04 -11.82295899 -11.07157088 -8.96492923 -6.70405719 -5.27211005 
1.87381742e-04 -11.82295899 -11.07157088 -8.96492923 -6.70405719 -5.27211005 
1.51991108e-04 -11.82295899 -11.07157088 -8.96492923 -6.70405719 -5.27211005 
1.23284674e-04 -11.82295899 -11.07157088 -8.96492923 -6.70405719 -5.27211005 
1.00000000e-04 -11.82295899 -11.07157088 -8.96492923 -6.70405719 -5.27211005 
8.11130831e-05 -11.82295899 -11.07157088 -8.96492923 -6.70405719 -5.27211005 
6.57933225e-05 -11.82295899 -11.07157088 -8.96492923 -6.70405719 -5.27211005 
5.33669923e-05 -11.82295899 -11.07157088 -8.96492923 -6.70405719 -5.27211005 
4.32876128e-05 -11.82295899 -11.07157088 -8.96492923 -6.70405719 -5.27211005 
3.51119173e-05 -11.82295899 -11.07157088 -8.96492923 -6.70405719 -5.27211005 
2.84803587e-05 -11.82295899 -11.07157088 -8.96492923 -6.70405719 -5.27211005 
2.31012970e-05 -11.82295899 -11.07157088 -8.96492923 -6.70405719 -5.27211005 
1.87381742e-05 -11.82295899 -11.07157088 -8.96492923 -6.70405719 -5.27211005 
1.51991108e-05 -11.82295899 -11.07157088 -8.96492923 -6.70405719 -5.27211005 
1.23284674e-05 -11.82295899 -11.07157088 -8.96492923 -6.70405719 -5.27211005 
1.00000000e-05 -11.82295899 -11.07157088 -8.96492923 -6.70405719 -5.27211005 
8.11130831e-06 -11.82295899 -11.07157088 -8.96492923 -6.70405719 -5.27211005 
6.57933225e-06 -11.82295899 -11.07157088 -8.96492923 -6.70405719 -5.27211005 
5.33669923e-06 -11.82295899 -11.07157088 -8.96492923 -6.70405719 -5.27211005 
4.32876128e-06 -11.82295899 -11.07157088 -8.96492923 -6.70405719 -5.27211005 
3.51119173e-06 -11.82295899 -11.07157088 -8.96492923 -6.70405719 -5.27211005 
2.84803587e-06 -11.82295899 -11.07157088 -8.96492923 -6.70405719 -5.27211005 
2.31012970e-06 -11.82295899 -11.07157088 -8.96492923 -6.70405719 -5.27211005 
1.87381742e-06 -11.82295899 -11.07157088 -8.96492923 -6.70405719 -5.27211005 
1.51991108e-06 -11.82295899 -11.07157088 -8.96492923 -6.70405719 -5.27211005 
1.23284674e-06 -11.82295899 -11.07157088 -8.96492923 -6.70405719 -5.27211005 
1.00000000e-06 -11.82295899 -11.07157088 -8.96492923 -6.70405719 -5.27211005 
8.11130831e-07 -11.82295899 -11.07157088 -8.96492923 -6.70405719 -5.27211005 
6.57933225e-07 -11.82295899 -11.07157088 -8.96492923 -6.70405719 -5.27211005 
5.33669923e-07 -11.82295899 -11.07157088 -8.96492923 -6.70405719 -5.27211005 
4.32876128e-07 -11.82295899 -11.07157088 -8.96492923 -6.70405719 -5.27211005 
3.51119173e-07 -11.82295899 -11.07157088 -8.96492923 -6.70405719 -5.27211005 
2.84803587e-07 -11.82295899 -11.07157088 -8.96492923 -6.70405719 -5.27211005 
2.31012970e-07 -11.82295899 -11.07157088 -8.96492923 -6.70405719 -5.27211005 
1.87381742e-07 -11.82295899 -11.07157088 -8.96492923 -6.70405719 -5.27211005 
1.51991108e-07 -11.82295899 -11.07157088 -8.96492923 -6.70405719 -5.27211005 
1.23284674e-07 -11.82295899 -11.07157088 -8.96492923 -6.70405719 -5.27211005 
1.00000000e-07 -11.82295899 -11.07157088 -8.96492923 -6.70405719 -5.27211005 
P (bar) | log_SO2: -2σ | log_SO2: -1σ | log_SO2: median | log_SO2: +1σ | log_SO2: +2σ 
1.00000000e+02 -6.68098934 -6.14381682 -5.69625786 -5.25451191 -4.84616999 
8.11130831e+01 -6.68098934 -6.14381682 -5.69625786 -5.25451191 -4.84616999 
6.57933225e+01 -6.68098934 -6.14381682 -5.69625786 -5.25451191 -4.84616999 
5.33669923e+01 -6.68098934 -6.14381682 -5.69625786 -5.25451191 -4.84616999 
4.32876128e+01 -6.68098934 -6.14381682 -5.69625786 -5.25451191 -4.84616999 
3.51119173e+01 -6.68098934 -6.14381682 -5.69625786 -5.25451191 -4.84616999 
2.84803587e+01 -6.68098934 -6.14381682 -5.69625786 -5.25451191 -4.84616999 
2.31012970e+01 -6.68098934 -6.14381682 -5.69625786 -5.25451191 -4.84616999 
1.87381742e+01 -6.68098934 -6.14381682 -5.69625786 -5.25451191 -4.84616999 
1.51991108e+01 -6.68098934 -6.14381682 -5.69625786 -5.25451191 -4.84616999 
1.23284674e+01 -6.68098934 -6.14381682 -5.69625786 -5.25451191 -4.84616999 
1.00000000e+01 -6.68098934 -6.14381682 -5.69625786 -5.25451191 -4.84616999 
8.11130831e+00 -6.68098934 -6.14381682 -5.69625786 -5.25451191 -4.84616999 
6.57933225e+00 -6.68098934 -6.14381682 -5.69625786 -5.25451191 -4.84616999 
5.33669923e+00 -6.68098934 -6.14381682 -5.69625786 -5.25451191 -4.84616999 
4.32876128e+00 -6.68098934 -6.14381682 -5.69625786 -5.25451191 -4.84616999 
3.51119173e+00 -6.68098934 -6.14381682 -5.69625786 -5.25451191 -4.84616999 
2.84803587e+00 -6.68098934 -6.14381682 -5.69625786 -5.25451191 -4.84616999 
2.31012970e+00 -6.68098934 -6.14381682 -5.69625786 -5.25451191 -4.84616999 
1.87381742e+00 -6.68098934 -6.14381682 -5.69625786 -5.25451191 -4.84616999 
1.51991108e+00 -6.68098934 -6.14381682 -5.69625786 -5.25451191 -4.84616999 
1.23284674e+00 -6.68098934 -6.14381682 -5.69625786 -5.25451191 -4.84616999 
1.00000000e+00 -6.68098934 -6.14381682 -5.69625786 -5.25451191 -4.84616999 
8.11130831e-01 -6.68098934 -6.14381682 -5.69625786 -5.25451191 -4.84616999 
6.57933225e-01 -6.68098934 -6.14381682 -5.69625786 -5.25451191 -4.84616999 
5.33669923e-01 -6.68098934 -6.14381682 -5.69625786 -5.25451191 -4.84616999 
4.32876128e-01 -6.68098934 -6.14381682 -5.69625786 -5.25451191 -4.84616999 
3.51119173e-01 -6.68098934 -6.14381682 -5.69625786 -5.25451191 -4.84616999 
2.84803587e-01 -6.68098934 -6.14381682 -5.69625786 -5.25451191 -4.84616999 
2.31012970e-01 -6.68098934 -6.14381682 -5.69625786 -5.25451191 -4.84616999 
1.87381742e-01 -6.68098934 -6.14381682 -5.69625786 -5.25451191 -4.84616999 
1.51991108e-01 -6.68098934 -6.14381682 -5.69625786 -5.25451191 -4.84616999 
1.23284674e-01 -6.68098934 -6.14381682 -5.69625786 -5.25451191 -4.84616999 
1.00000000e-01 -6.68098934 -6.14381682 -5.69625786 -5.25451191 -4.84616999 
8.11130831e-02 -6.68098934 -6.14381682 -5.69625786 -5.25451191 -4.84616999 
6.57933225e-02 -6.68098934 -6.14381682 -5.69625786 -5.25451191 -4.84616999 
5.33669923e-02 -6.68098934 -6.14381682 -5.69625786 -5.25451191 -4.84616999 
4.32876128e-02 -6.68098934 -6.14381682 -5.69625786 -5.25451191 -4.84616999 
3.51119173e-02 -6.68098934 -6.14381682 -5.69625786 -5.25451191 -4.84616999 
2.84803587e-02 -6.68098934 -6.14381682 -5.69625786 -5.25451191 -4.84616999 
2.31012970e-02 -6.68098934 -6.14381682 -5.69625786 -5.25451191 -4.84616999 
1.87381742e-02 -6.68098934 -6.14381682 -5.69625786 -5.25451191 -4.84616999 
1.51991108e-02 -6.68098934 -6.14381682 -5.69625786 -5.25451191 -4.84616999 
1.23284674e-02 -6.68098934 -6.14381682 -5.69625786 -5.25451191 -4.84616999 
1.00000000e-02 -6.68098934 -6.14381682 -5.69625786 -5.25451191 -4.84616999 
8.11130831e-03 -6.68098934 -6.14381682 -5.69625786 -5.25451191 -4.84616999 
6.57933225e-03 -6.68098934 -6.14381682 -5.69625786 -5.25451191 -4.84616999 
5.33669923e-03 -6.68098934 -6.14381682 -5.69625786 -5.25451191 -4.84616999 
4.32876128e-03 -6.68098934 -6.14381682 -5.69625786 -5.25451191 -4.84616999 
3.51119173e-03 -6.68098934 -6.14381682 -5.69625786 -5.25451191 -4.84616999 
2.84803587e-03 -6.68098934 -6.14381682 -5.69625786 -5.25451191 -4.84616999 
2.31012970e-03 -6.68098934 -6.14381682 -5.69625786 -5.25451191 -4.84616999 
1.87381742e-03 -6.68098934 -6.14381682 -5.69625786 -5.25451191 -4.84616999 
1.51991108e-03 -6.68098934 -6.14381682 -5.69625786 -5.25451191 -4.84616999 
1.23284674e-03 -6.68098934 -6.14381682 -5.69625786 -5.25451191 -4.84616999 
1.00000000e-03 -6.68098934 -6.14381682 -5.69625786 -5.25451191 -4.84616999 
8.11130831e-04 -6.68098934 -6.14381682 -5.69625786 -5.25451191 -4.84616999 
6.57933225e-04 -6.68098934 -6.14381682 -5.69625786 -5.25451191 -4.84616999 
5.33669923e-04 -6.68098934 -6.14381682 -5.69625786 -5.25451191 -4.84616999 
4.32876128e-04 -6.68098934 -6.14381682 -5.69625786 -5.25451191 -4.84616999 
3.51119173e-04 -6.68098934 -6.14381682 -5.69625786 -5.25451191 -4.84616999 
2.84803587e-04 -6.68098934 -6.14381682 -5.69625786 -5.25451191 -4.84616999 
2.31012970e-04 -6.68098934 -6.14381682 -5.69625786 -5.25451191 -4.84616999 
1.87381742e-04 -6.68098934 -6.14381682 -5.69625786 -5.25451191 -4.84616999 
1.51991108e-04 -6.68098934 -6.14381682 -5.69625786 -5.25451191 -4.84616999 
1.23284674e-04 -6.68098934 -6.14381682 -5.69625786 -5.25451191 -4.84616999 
1.00000000e-04 -6.68098934 -6.14381682 -5.69625786 -5.25451191 -4.84616999 
8.11130831e-05 -6.68098934 -6.14381682 -5.69625786 -5.25451191 -4.84616999 
6.57933225e-05 -6.68098934 -6.14381682 -5.69625786 -5.25451191 -4.84616999 
5.33669923e-05 -6.68098934 -6.14381682 -5.69625786 -5.25451191 -4.84616999 
4.32876128e-05 -6.68098934 -6.14381682 -5.69625786 -5.25451191 -4.84616999 
3.51119173e-05 -6.68098934 -6.14381682 -5.69625786 -5.25451191 -4.84616999 
2.84803587e-05 -6.68098934 -6.14381682 -5.69625786 -5.25451191 -4.84616999 
2.31012970e-05 -6.68098934 -6.14381682 -5.69625786 -5.25451191 -4.84616999 
1.87381742e-05 -6.68098934 -6.14381682 -5.69625786 -5.25451191 -4.84616999 
1.51991108e-05 -6.68098934 -6.14381682 -5.69625786 -5.25451191 -4.84616999 
1.23284674e-05 -6.68098934 -6.14381682 -5.69625786 -5.25451191 -4.84616999 
1.00000000e-05 -6.68098934 -6.14381682 -5.69625786 -5.25451191 -4.84616999 
8.11130831e-06 -6.68098934 -6.14381682 -5.69625786 -5.25451191 -4.84616999 
6.57933225e-06 -6.68098934 -6.14381682 -5.69625786 -5.25451191 -4.84616999 
5.33669923e-06 -6.68098934 -6.14381682 -5.69625786 -5.25451191 -4.84616999 
4.32876128e-06 -6.68098934 -6.14381682 -5.69625786 -5.25451191 -4.84616999 
3.51119173e-06 -6.68098934 -6.14381682 -5.69625786 -5.25451191 -4.84616999 
2.84803587e-06 -6.68098934 -6.14381682 -5.69625786 -5.25451191 -4.84616999 
2.31012970e-06 -6.68098934 -6.14381682 -5.69625786 -5.25451191 -4.84616999 
1.87381742e-06 -6.68098934 -6.14381682 -5.69625786 -5.25451191 -4.84616999 
1.51991108e-06 -6.68098934 -6.14381682 -5.69625786 -5.25451191 -4.84616999 
1.23284674e-06 -6.68098934 -6.14381682 -5.69625786 -5.25451191 -4.84616999 
1.00000000e-06 -6.68098934 -6.14381682 -5.69625786 -5.25451191 -4.84616999 
8.11130831e-07 -6.68098934 -6.14381682 -5.69625786 -5.25451191 -4.84616999 
6.57933225e-07 -6.68098934 -6.14381682 -5.69625786 -5.25451191 -4.84616999 
5.33669923e-07 -6.68098934 -6.14381682 -5.69625786 -5.25451191 -4.84616999 
4.32876128e-07 -6.68098934 -6.14381682 -5.69625786 -5.25451191 -4.84616999 
3.51119173e-07 -6.68098934 -6.14381682 -5.69625786 -5.25451191 -4.84616999 
2.84803587e-07 -6.68098934 -6.14381682 -5.69625786 -5.25451191 -4.84616999 
2.31012970e-07 -6.68098934 -6.14381682 -5.69625786 -5.25451191 -4.84616999 
1.87381742e-07 -6.68098934 -6.14381682 -5.69625786 -5.25451191 -4.84616999 
1.51991108e-07 -6.68098934 -6.14381682 -5.69625786 -5.25451191 -4.84616999 
1.23284674e-07 -6.68098934 -6.14381682 -5.69625786 -5.25451191 -4.84616999 
1.00000000e-07 -6.68098934 -6.14381682 -5.69625786 -5.25451191 -4.84616999 
