Chemical species: H2O CH4 N2O
P (bar) | log_H2O: -2σ | log_H2O: -1σ | log_H2O: median | log_H2O: +1σ | log_H2O: +2σ 
1.00000000e+01 -0.10876995 -0.03173876 -0.00438476 -0.00059326 -0.00008081 
8.30217568e+00 -0.10876995 -0.03173876 -0.00438476 -0.00059326 -0.00008081 
6.89261210e+00 -0.10876995 -0.03173876 -0.00438476 -0.00059326 -0.00008081 
5.72236766e+00 -0.10876995 -0.03173876 -0.00438476 -0.00059326 -0.00008081 
4.75081016e+00 -0.10876995 -0.03173876 -0.00438476 -0.00059326 -0.00008081 
3.94420606e+00 -0.10876995 -0.03173876 -0.00438476 -0.00059326 -0.00008081 
3.27454916e+00 -0.10876995 -0.03173876 -0.00438476 -0.00059326 -0.00008081 
2.71858824e+00 -0.10876995 -0.03173876 -0.00438476 -0.00059326 -0.00008081 
2.25701972e+00 -0.10876995 -0.03173876 -0.00438476 -0.00059326 -0.00008081 
1.87381742e+00 -0.10876995 -0.03173876 -0.00438476 -0.00059326 -0.00008081 
1.55567614e+00 -0.10876995 -0.03173876 -0.00438476 -0.00059326 -0.00008081 
1.29154967e+00 -0.10876995 -0.03173876 -0.00438476 -0.00059326 -0.00008081 
1.07226722e+00 -0.10876995 -0.03173876 -0.00438476 -0.00059326 -0.00008081 
8.90215085e-01 -0.10876995 -0.03173876 -0.00438476 -0.00059326 -0.00008081 
7.39072203e-01 -0.10876995 -0.03173876 -0.00438476 -0.00059326 -0.00008081 
6.13590727e-01 -0.10876995 -0.03173876 -0.00438476 -0.00059326 -0.00008081 
5.09413801e-01 -0.10876995 -0.03173876 -0.00438476 -0.00059326 -0.00008081 
4.22924287e-01 -0.10876995 -0.03173876 -0.00438476 -0.00059326 -0.00008081 
3.51119173e-01 -0.10876995 -0.03173876 -0.00438476 -0.00059326 -0.00008081 
2.91505306e-01 -0.10876995 -0.03173876 -0.00438476 -0.00059326 -0.00008081 
2.42012826e-01 -0.10876995 -0.03173876 -0.00438476 -0.00059326 -0.00008081 
2.00923300e-01 -0.10876995 -0.03173876 -0.00438476 -0.00059326 -0.00008081 
1.66810054e-01 -0.10876995 -0.03173876 -0.00438476 -0.00059326 -0.00008081 
1.38488637e-01 -0.10876995 -0.03173876 -0.00438476 -0.00059326 -0.00008081 
1.14975700e-01 -0.10876995 -0.03173876 -0.00438476 -0.00059326 -0.00008081 
9.54548457e-02 -0.10876995 -0.03173876 -0.00438476 -0.00059326 -0.00008081 
7.92482898e-02 -0.10876995 -0.03173876 -0.00438476 -0.00059326 -0.00008081 
6.57933225e-02 -0.10876995 -0.03173876 -0.00438476 -0.00059326 -0.00008081 
5.46227722e-02 -0.10876995 -0.03173876 -0.00438476 -0.00059326 -0.00008081 
4.53487851e-02 -0.10876995 -0.03173876 -0.00438476 -0.00059326 -0.00008081 
3.76493581e-02 -0.10876995 -0.03173876 -0.00438476 -0.00059326 -0.00008081 
3.12571585e-02 -0.10876995 -0.03173876 -0.00438476 -0.00059326 -0.00008081 
2.59502421e-02 -0.10876995 -0.03173876 -0.00438476 -0.00059326 -0.00008081 
2.15443469e-02 -0.10876995 -0.03173876 -0.00438476 -0.00059326 -0.00008081 
1.78864953e-02 -0.10876995 -0.03173876 -0.00438476 -0.00059326 -0.00008081 
1.48496826e-02 -0.10876995 -0.03173876 -0.00438476 -0.00059326 -0.00008081 
1.23284674e-02 -0.10876995 -0.03173876 -0.00438476 -0.00059326 -0.00008081 
1.02353102e-02 -0.10876995 -0.03173876 -0.00438476 -0.00059326 -0.00008081 
8.49753436e-03 -0.10876995 -0.03173876 -0.00438476 -0.00059326 -0.00008081 
7.05480231e-03 -0.10876995 -0.03173876 -0.00438476 -0.00059326 -0.00008081 
5.85702082e-03 -0.10876995 -0.03173876 -0.00438476 -0.00059326 -0.00008081 
4.86260158e-03 -0.10876995 -0.03173876 -0.00438476 -0.00059326 -0.00008081 
4.03701726e-03 -0.10876995 -0.03173876 -0.00438476 -0.00059326 -0.00008081 
3.35160265e-03 -0.10876995 -0.03173876 -0.00438476 -0.00059326 -0.00008081 
2.78255940e-03 -0.10876995 -0.03173876 -0.00438476 -0.00059326 -0.00008081 
2.31012970e-03 -0.10876995 -0.03173876 -0.00438476 -0.00059326 -0.00008081 
1.91791026e-03 -0.10876995 -0.03173876 -0.00438476 -0.00059326 -0.00008081 
1.59228279e-03 -0.10876995 -0.03173876 -0.00438476 -0.00059326 -0.00008081 
1.32194115e-03 -0.10876995 -0.03173876 -0.00438476 -0.00059326 -0.00008081 
1.09749877e-03 -0.10876995 -0.03173876 -0.00438476 -0.00059326 -0.00008081 
9.11162756e-04 -0.10876995 -0.03173876 -0.00438476 -0.00059326 -0.00008081 
7.56463328e-04 -0.10876995 -0.03173876 -0.00438476 -0.00059326 -0.00008081 
6.28029144e-04 -0.10876995 -0.03173876 -0.00438476 -0.00059326 -0.00008081 
5.21400829e-04 -0.10876995 -0.03173876 -0.00438476 -0.00059326 -0.00008081 
4.32876128e-04 -0.10876995 -0.03173876 -0.00438476 -0.00059326 -0.00008081 
3.59381366e-04 -0.10876995 -0.03173876 -0.00438476 -0.00059326 -0.00008081 
2.98364724e-04 -0.10876995 -0.03173876 -0.00438476 -0.00059326 -0.00008081 
2.47707636e-04 -0.10876995 -0.03173876 -0.00438476 -0.00059326 -0.00008081 
2.05651231e-04 -0.10876995 -0.03173876 -0.00438476 -0.00059326 -0.00008081 
1.70735265e-04 -0.10876995 -0.03173876 -0.00438476 -0.00059326 -0.00008081 
1.41747416e-04 -0.10876995 -0.03173876 -0.00438476 -0.00059326 -0.00008081 
1.17681195e-04 -0.10876995 -0.03173876 -0.00438476 -0.00059326 -0.00008081 
9.77009957e-05 -0.10876995 -0.03173876 -0.00438476 -0.00059326 -0.00008081 
8.11130831e-05 -0.10876995 -0.03173876 -0.00438476 -0.00059326 -0.00008081 
6.73415066e-05 -0.10876995 -0.03173876 -0.00438476 -0.00059326 -0.00008081 
5.59081018e-05 -0.10876995 -0.03173876 -0.00438476 -0.00059326 -0.00008081 
4.64158883e-05 -0.10876995 -0.03173876 -0.00438476 -0.00059326 -0.00008081 
3.85352859e-05 -0.10876995 -0.03173876 -0.00438476 -0.00059326 -0.00008081 
3.19926714e-05 -0.10876995 -0.03173876 -0.00438476 -0.00059326 -0.00008081 
2.65608778e-05 -0.10876995 -0.03173876 -0.00438476 -0.00059326 -0.00008081 
2.20513074e-05 -0.10876995 -0.03173876 -0.00438476 -0.00059326 -0.00008081 
1.83073828e-05 -0.10876995 -0.03173876 -0.00438476 -0.00059326 -0.00008081 
1.51991108e-05 -0.10876995 -0.03173876 -0.00438476 -0.00059326 -0.00008081 
1.26185688e-05 -0.10876995 -0.03173876 -0.00438476 -0.00059326 -0.00008081 
1.04761575e-05 -0.10876995 -0.03173876 -0.00438476 -0.00059326 -0.00008081 
8.69749003e-06 -0.10876995 -0.03173876 -0.00438476 -0.00059326 -0.00008081 
7.22080902e-06 -0.10876995 -0.03173876 -0.00438476 -0.00059326 -0.00008081 
5.99484250e-06 -0.10876995 -0.03173876 -0.00438476 -0.00059326 -0.00008081 
4.97702356e-06 -0.10876995 -0.03173876 -0.00438476 -0.00059326 -0.00008081 
4.13201240e-06 -0.10876995 -0.03173876 -0.00438476 -0.00059326 -0.00008081 
3.43046929e-06 -0.10876995 -0.03173876 -0.00438476 -0.00059326 -0.00008081 
2.84803587e-06 -0.10876995 -0.03173876 -0.00438476 -0.00059326 -0.00008081 
2.36448941e-06 -0.10876995 -0.03173876 -0.00438476 -0.00059326 -0.00008081 
1.96304065e-06 -0.10876995 -0.03173876 -0.00438476 -0.00059326 -0.00008081 
1.62975083e-06 -0.10876995 -0.03173876 -0.00438476 -0.00059326 -0.00008081 
1.35304777e-06 -0.10876995 -0.03173876 -0.00438476 -0.00059326 -0.00008081 
1.12332403e-06 -0.10876995 -0.03173876 -0.00438476 -0.00059326 -0.00008081 
9.32603347e-07 -0.10876995 -0.03173876 -0.00438476 -0.00059326 -0.00008081 
7.74263683e-07 -0.10876995 -0.03173876 -0.00438476 -0.00059326 -0.00008081 
6.42807312e-07 -0.10876995 -0.03173876 -0.00438476 -0.00059326 -0.00008081 
5.33669923e-07 -0.10876995 -0.03173876 -0.00438476 -0.00059326 -0.00008081 
4.43062146e-07 -0.10876995 -0.03173876 -0.00438476 -0.00059326 -0.00008081 
3.67837977e-07 -0.10876995 -0.03173876 -0.00438476 -0.00059326 -0.00008081 
3.05385551e-07 -0.10876995 -0.03173876 -0.00438476 -0.00059326 -0.00008081 
2.53536449e-07 -0.10876995 -0.03173876 -0.00438476 -0.00059326 -0.00008081 
2.10490414e-07 -0.10876995 -0.03173876 -0.00438476 -0.00059326 -0.00008081 
1.74752840e-07 -0.10876995 -0.03173876 -0.00438476 -0.00059326 -0.00008081 
1.45082878e-07 -0.10876995 -0.03173876 -0.00438476 -0.00059326 -0.00008081 
1.20450354e-07 -0.10876995 -0.03173876 -0.00438476 -0.00059326 -0.00008081 
1.00000000e-07 -0.10876995 -0.03173876 -0.00438476 -0.00059326 -0.00008081 
P (bar) | log_CH4: -2σ | log_CH4: -1σ | log_CH4: median | log_CH4: +1σ | log_CH4: +2σ 
1.00000000e+01 -3.87362720 -3.22773634 -2.16018401 -1.21992249 -0.71351940 
8.30217568e+00 -3.87362720 -3.22773634 -2.16018401 -1.21992249 -0.71351940 
6.89261210e+00 -3.87362720 -3.22773634 -2.16018401 -1.21992249 -0.71351940 
5.72236766e+00 -3.87362720 -3.22773634 -2.16018401 -1.21992249 -0.71351940 
4.75081016e+00 -3.87362720 -3.22773634 -2.16018401 -1.21992249 -0.71351940 
3.94420606e+00 -3.87362720 -3.22773634 -2.16018401 -1.21992249 -0.71351940 
3.27454916e+00 -3.87362720 -3.22773634 -2.16018401 -1.21992249 -0.71351940 
2.71858824e+00 -3.87362720 -3.22773634 -2.16018401 -1.21992249 -0.71351940 
2.25701972e+00 -3.87362720 -3.22773634 -2.16018401 -1.21992249 -0.71351940 
1.87381742e+00 -3.87362720 -3.22773634 -2.16018401 -1.21992249 -0.71351940 
1.55567614e+00 -3.87362720 -3.22773634 -2.16018401 -1.21992249 -0.71351940 
1.29154967e+00 -3.87362720 -3.22773634 -2.16018401 -1.21992249 -0.71351940 
1.07226722e+00 -3.87362720 -3.22773634 -2.16018401 -1.21992249 -0.71351940 
8.90215085e-01 -3.87362720 -3.22773634 -2.16018401 -1.21992249 -0.71351940 
7.39072203e-01 -3.87362720 -3.22773634 -2.16018401 -1.21992249 -0.71351940 
6.13590727e-01 -3.87362720 -3.22773634 -2.16018401 -1.21992249 -0.71351940 
5.09413801e-01 -3.87362720 -3.22773634 -2.16018401 -1.21992249 -0.71351940 
4.22924287e-01 -3.87362720 -3.22773634 -2.16018401 -1.21992249 -0.71351940 
3.51119173e-01 -3.87362720 -3.22773634 -2.16018401 -1.21992249 -0.71351940 
2.91505306e-01 -3.87362720 -3.22773634 -2.16018401 -1.21992249 -0.71351940 
2.42012826e-01 -3.87362720 -3.22773634 -2.16018401 -1.21992249 -0.71351940 
2.00923300e-01 -3.87362720 -3.22773634 -2.16018401 -1.21992249 -0.71351940 
1.66810054e-01 -3.87362720 -3.22773634 -2.16018401 -1.21992249 -0.71351940 
1.38488637e-01 -3.87362720 -3.22773634 -2.16018401 -1.21992249 -0.71351940 
1.14975700e-01 -3.87362720 -3.22773634 -2.16018401 -1.21992249 -0.71351940 
9.54548457e-02 -3.87362720 -3.22773634 -2.16018401 -1.21992249 -0.71351940 
7.92482898e-02 -3.87362720 -3.22773634 -2.16018401 -1.21992249 -0.71351940 
6.57933225e-02 -3.87362720 -3.22773634 -2.16018401 -1.21992249 -0.71351940 
5.46227722e-02 -3.87362720 -3.22773634 -2.16018401 -1.21992249 -0.71351940 
4.53487851e-02 -3.87362720 -3.22773634 -2.16018401 -1.21992249 -0.71351940 
3.76493581e-02 -3.87362720 -3.22773634 -2.16018401 -1.21992249 -0.71351940 
3.12571585e-02 -3.87362720 -3.22773634 -2.16018401 -1.21992249 -0.71351940 
2.59502421e-02 -3.87362720 -3.22773634 -2.16018401 -1.21992249 -0.71351940 
2.15443469e-02 -3.87362720 -3.22773634 -2.16018401 -1.21992249 -0.71351940 
1.78864953e-02 -3.87362720 -3.22773634 -2.16018401 -1.21992249 -0.71351940 
1.48496826e-02 -3.87362720 -3.22773634 -2.16018401 -1.21992249 -0.71351940 
1.23284674e-02 -3.87362720 -3.22773634 -2.16018401 -1.21992249 -0.71351940 
1.02353102e-02 -3.87362720 -3.22773634 -2.16018401 -1.21992249 -0.71351940 
8.49753436e-03 -3.87362720 -3.22773634 -2.16018401 -1.21992249 -0.71351940 
7.05480231e-03 -3.87362720 -3.22773634 -2.16018401 -1.21992249 -0.71351940 
5.85702082e-03 -3.87362720 -3.22773634 -2.16018401 -1.21992249 -0.71351940 
4.86260158e-03 -3.87362720 -3.22773634 -2.16018401 -1.21992249 -0.71351940 
4.03701726e-03 -3.87362720 -3.22773634 -2.16018401 -1.21992249 -0.71351940 
3.35160265e-03 -3.87362720 -3.22773634 -2.16018401 -1.21992249 -0.71351940 
2.78255940e-03 -3.87362720 -3.22773634 -2.16018401 -1.21992249 -0.71351940 
2.31012970e-03 -3.87362720 -3.22773634 -2.16018401 -1.21992249 -0.71351940 
1.91791026e-03 -3.87362720 -3.22773634 -2.16018401 -1.21992249 -0.71351940 
1.59228279e-03 -3.87362720 -3.22773634 -2.16018401 -1.21992249 -0.71351940 
1.32194115e-03 -3.87362720 -3.22773634 -2.16018401 -1.21992249 -0.71351940 
1.09749877e-03 -3.87362720 -3.22773634 -2.16018401 -1.21992249 -0.71351940 
9.11162756e-04 -3.87362720 -3.22773634 -2.16018401 -1.21992249 -0.71351940 
7.56463328e-04 -3.87362720 -3.22773634 -2.16018401 -1.21992249 -0.71351940 
6.28029144e-04 -3.87362720 -3.22773634 -2.16018401 -1.21992249 -0.71351940 
5.21400829e-04 -3.87362720 -3.22773634 -2.16018401 -1.21992249 -0.71351940 
4.32876128e-04 -3.87362720 -3.22773634 -2.16018401 -1.21992249 -0.71351940 
3.59381366e-04 -3.87362720 -3.22773634 -2.16018401 -1.21992249 -0.71351940 
2.98364724e-04 -3.87362720 -3.22773634 -2.16018401 -1.21992249 -0.71351940 
2.47707636e-04 -3.87362720 -3.22773634 -2.16018401 -1.21992249 -0.71351940 
2.05651231e-04 -3.87362720 -3.22773634 -2.16018401 -1.21992249 -0.71351940 
1.70735265e-04 -3.87362720 -3.22773634 -2.16018401 -1.21992249 -0.71351940 
1.41747416e-04 -3.87362720 -3.22773634 -2.16018401 -1.21992249 -0.71351940 
1.17681195e-04 -3.87362720 -3.22773634 -2.16018401 -1.21992249 -0.71351940 
9.77009957e-05 -3.87362720 -3.22773634 -2.16018401 -1.21992249 -0.71351940 
8.11130831e-05 -3.87362720 -3.22773634 -2.16018401 -1.21992249 -0.71351940 
6.73415066e-05 -3.87362720 -3.22773634 -2.16018401 -1.21992249 -0.71351940 
5.59081018e-05 -3.87362720 -3.22773634 -2.16018401 -1.21992249 -0.71351940 
4.64158883e-05 -3.87362720 -3.22773634 -2.16018401 -1.21992249 -0.71351940 
3.85352859e-05 -3.87362720 -3.22773634 -2.16018401 -1.21992249 -0.71351940 
3.19926714e-05 -3.87362720 -3.22773634 -2.16018401 -1.21992249 -0.71351940 
2.65608778e-05 -3.87362720 -3.22773634 -2.16018401 -1.21992249 -0.71351940 
2.20513074e-05 -3.87362720 -3.22773634 -2.16018401 -1.21992249 -0.71351940 
1.83073828e-05 -3.87362720 -3.22773634 -2.16018401 -1.21992249 -0.71351940 
1.51991108e-05 -3.87362720 -3.22773634 -2.16018401 -1.21992249 -0.71351940 
1.26185688e-05 -3.87362720 -3.22773634 -2.16018401 -1.21992249 -0.71351940 
1.04761575e-05 -3.87362720 -3.22773634 -2.16018401 -1.21992249 -0.71351940 
8.69749003e-06 -3.87362720 -3.22773634 -2.16018401 -1.21992249 -0.71351940 
7.22080902e-06 -3.87362720 -3.22773634 -2.16018401 -1.21992249 -0.71351940 
5.99484250e-06 -3.87362720 -3.22773634 -2.16018401 -1.21992249 -0.71351940 
4.97702356e-06 -3.87362720 -3.22773634 -2.16018401 -1.21992249 -0.71351940 
4.13201240e-06 -3.87362720 -3.22773634 -2.16018401 -1.21992249 -0.71351940 
3.43046929e-06 -3.87362720 -3.22773634 -2.16018401 -1.21992249 -0.71351940 
2.84803587e-06 -3.87362720 -3.22773634 -2.16018401 -1.21992249 -0.71351940 
2.36448941e-06 -3.87362720 -3.22773634 -2.16018401 -1.21992249 -0.71351940 
1.96304065e-06 -3.87362720 -3.22773634 -2.16018401 -1.21992249 -0.71351940 
1.62975083e-06 -3.87362720 -3.22773634 -2.16018401 -1.21992249 -0.71351940 
1.35304777e-06 -3.87362720 -3.22773634 -2.16018401 -1.21992249 -0.71351940 
1.12332403e-06 -3.87362720 -3.22773634 -2.16018401 -1.21992249 -0.71351940 
9.32603347e-07 -3.87362720 -3.22773634 -2.16018401 -1.21992249 -0.71351940 
7.74263683e-07 -3.87362720 -3.22773634 -2.16018401 -1.21992249 -0.71351940 
6.42807312e-07 -3.87362720 -3.22773634 -2.16018401 -1.21992249 -0.71351940 
5.33669923e-07 -3.87362720 -3.22773634 -2.16018401 -1.21992249 -0.71351940 
4.43062146e-07 -3.87362720 -3.22773634 -2.16018401 -1.21992249 -0.71351940 
3.67837977e-07 -3.87362720 -3.22773634 -2.16018401 -1.21992249 -0.71351940 
3.05385551e-07 -3.87362720 -3.22773634 -2.16018401 -1.21992249 -0.71351940 
2.53536449e-07 -3.87362720 -3.22773634 -2.16018401 -1.21992249 -0.71351940 
2.10490414e-07 -3.87362720 -3.22773634 -2.16018401 -1.21992249 -0.71351940 
1.74752840e-07 -3.87362720 -3.22773634 -2.16018401 -1.21992249 -0.71351940 
1.45082878e-07 -3.87362720 -3.22773634 -2.16018401 -1.21992249 -0.71351940 
1.20450354e-07 -3.87362720 -3.22773634 -2.16018401 -1.21992249 -0.71351940 
1.00000000e-07 -3.87362720 -3.22773634 -2.16018401 -1.21992249 -0.71351940 
P (bar) | log_N2O: -2σ | log_N2O: -1σ | log_N2O: median | log_N2O: +1σ | log_N2O: +2σ 
1.00000000e+01 -6.70687857 -5.25905164 -3.25930481 -2.08334016 -1.36843367 
8.30217568e+00 -6.70687857 -5.25905164 -3.25930481 -2.08334016 -1.36843367 
6.89261210e+00 -6.70687857 -5.25905164 -3.25930481 -2.08334016 -1.36843367 
5.72236766e+00 -6.70687857 -5.25905164 -3.25930481 -2.08334016 -1.36843367 
4.75081016e+00 -6.70687857 -5.25905164 -3.25930481 -2.08334016 -1.36843367 
3.94420606e+00 -6.70687857 -5.25905164 -3.25930481 -2.08334016 -1.36843367 
3.27454916e+00 -6.70687857 -5.25905164 -3.25930481 -2.08334016 -1.36843367 
2.71858824e+00 -6.70687857 -5.25905164 -3.25930481 -2.08334016 -1.36843367 
2.25701972e+00 -6.70687857 -5.25905164 -3.25930481 -2.08334016 -1.36843367 
1.87381742e+00 -6.70687857 -5.25905164 -3.25930481 -2.08334016 -1.36843367 
1.55567614e+00 -6.70687857 -5.25905164 -3.25930481 -2.08334016 -1.36843367 
1.29154967e+00 -6.70687857 -5.25905164 -3.25930481 -2.08334016 -1.36843367 
1.07226722e+00 -6.70687857 -5.25905164 -3.25930481 -2.08334016 -1.36843367 
8.90215085e-01 -6.70687857 -5.25905164 -3.25930481 -2.08334016 -1.36843367 
7.39072203e-01 -6.70687857 -5.25905164 -3.25930481 -2.08334016 -1.36843367 
6.13590727e-01 -6.70687857 -5.25905164 -3.25930481 -2.08334016 -1.36843367 
5.09413801e-01 -6.70687857 -5.25905164 -3.25930481 -2.08334016 -1.36843367 
4.22924287e-01 -6.70687857 -5.25905164 -3.25930481 -2.08334016 -1.36843367 
3.51119173e-01 -6.70687857 -5.25905164 -3.25930481 -2.08334016 -1.36843367 
2.91505306e-01 -6.70687857 -5.25905164 -3.25930481 -2.08334016 -1.36843367 
2.42012826e-01 -6.70687857 -5.25905164 -3.25930481 -2.08334016 -1.36843367 
2.00923300e-01 -6.70687857 -5.25905164 -3.25930481 -2.08334016 -1.36843367 
1.66810054e-01 -6.70687857 -5.25905164 -3.25930481 -2.08334016 -1.36843367 
1.38488637e-01 -6.70687857 -5.25905164 -3.25930481 -2.08334016 -1.36843367 
1.14975700e-01 -6.70687857 -5.25905164 -3.25930481 -2.08334016 -1.36843367 
9.54548457e-02 -6.70687857 -5.25905164 -3.25930481 -2.08334016 -1.36843367 
7.92482898e-02 -6.70687857 -5.25905164 -3.25930481 -2.08334016 -1.36843367 
6.57933225e-02 -6.70687857 -5.25905164 -3.25930481 -2.08334016 -1.36843367 
5.46227722e-02 -6.70687857 -5.25905164 -3.25930481 -2.08334016 -1.36843367 
4.53487851e-02 -6.70687857 -5.25905164 -3.25930481 -2.08334016 -1.36843367 
3.76493581e-02 -6.70687857 -5.25905164 -3.25930481 -2.08334016 -1.36843367 
3.12571585e-02 -6.70687857 -5.25905164 -3.25930481 -2.08334016 -1.36843367 
2.59502421e-02 -6.70687857 -5.25905164 -3.25930481 -2.08334016 -1.36843367 
2.15443469e-02 -6.70687857 -5.25905164 -3.25930481 -2.08334016 -1.36843367 
1.78864953e-02 -6.70687857 -5.25905164 -3.25930481 -2.08334016 -1.36843367 
1.48496826e-02 -6.70687857 -5.25905164 -3.25930481 -2.08334016 -1.36843367 
1.23284674e-02 -6.70687857 -5.25905164 -3.25930481 -2.08334016 -1.36843367 
1.02353102e-02 -6.70687857 -5.25905164 -3.25930481 -2.08334016 -1.36843367 
8.49753436e-03 -6.70687857 -5.25905164 -3.25930481 -2.08334016 -1.36843367 
7.05480231e-03 -6.70687857 -5.25905164 -3.25930481 -2.08334016 -1.36843367 
5.85702082e-03 -6.70687857 -5.25905164 -3.25930481 -2.08334016 -1.36843367 
4.86260158e-03 -6.70687857 -5.25905164 -3.25930481 -2.08334016 -1.36843367 
4.03701726e-03 -6.70687857 -5.25905164 -3.25930481 -2.08334016 -1.36843367 
3.35160265e-03 -6.70687857 -5.25905164 -3.25930481 -2.08334016 -1.36843367 
2.78255940e-03 -6.70687857 -5.25905164 -3.25930481 -2.08334016 -1.36843367 
2.31012970e-03 -6.70687857 -5.25905164 -3.25930481 -2.08334016 -1.36843367 
1.91791026e-03 -6.70687857 -5.25905164 -3.25930481 -2.08334016 -1.36843367 
1.59228279e-03 -6.70687857 -5.25905164 -3.25930481 -2.08334016 -1.36843367 
1.32194115e-03 -6.70687857 -5.25905164 -3.25930481 -2.08334016 -1.36843367 
1.09749877e-03 -6.70687857 -5.25905164 -3.25930481 -2.08334016 -1.36843367 
9.11162756e-04 -6.70687857 -5.25905164 -3.25930481 -2.08334016 -1.36843367 
7.56463328e-04 -6.70687857 -5.25905164 -3.25930481 -2.08334016 -1.36843367 
6.28029144e-04 -6.70687857 -5.25905164 -3.25930481 -2.08334016 -1.36843367 
5.21400829e-04 -6.70687857 -5.25905164 -3.25930481 -2.08334016 -1.36843367 
4.32876128e-04 -6.70687857 -5.25905164 -3.25930481 -2.08334016 -1.36843367 
3.59381366e-04 -6.70687857 -5.25905164 -3.25930481 -2.08334016 -1.36843367 
2.98364724e-04 -6.70687857 -5.25905164 -3.25930481 -2.08334016 -1.36843367 
2.47707636e-04 -6.70687857 -5.25905164 -3.25930481 -2.08334016 -1.36843367 
2.05651231e-04 -6.70687857 -5.25905164 -3.25930481 -2.08334016 -1.36843367 
1.70735265e-04 -6.70687857 -5.25905164 -3.25930481 -2.08334016 -1.36843367 
1.41747416e-04 -6.70687857 -5.25905164 -3.25930481 -2.08334016 -1.36843367 
1.17681195e-04 -6.70687857 -5.25905164 -3.25930481 -2.08334016 -1.36843367 
9.77009957e-05 -6.70687857 -5.25905164 -3.25930481 -2.08334016 -1.36843367 
8.11130831e-05 -6.70687857 -5.25905164 -3.25930481 -2.08334016 -1.36843367 
6.73415066e-05 -6.70687857 -5.25905164 -3.25930481 -2.08334016 -1.36843367 
5.59081018e-05 -6.70687857 -5.25905164 -3.25930481 -2.08334016 -1.36843367 
4.64158883e-05 -6.70687857 -5.25905164 -3.25930481 -2.08334016 -1.36843367 
3.85352859e-05 -6.70687857 -5.25905164 -3.25930481 -2.08334016 -1.36843367 
3.19926714e-05 -6.70687857 -5.25905164 -3.25930481 -2.08334016 -1.36843367 
2.65608778e-05 -6.70687857 -5.25905164 -3.25930481 -2.08334016 -1.36843367 
2.20513074e-05 -6.70687857 -5.25905164 -3.25930481 -2.08334016 -1.36843367 
1.83073828e-05 -6.70687857 -5.25905164 -3.25930481 -2.08334016 -1.36843367 
1.51991108e-05 -6.70687857 -5.25905164 -3.25930481 -2.08334016 -1.36843367 
1.26185688e-05 -6.70687857 -5.25905164 -3.25930481 -2.08334016 -1.36843367 
1.04761575e-05 -6.70687857 -5.25905164 -3.25930481 -2.08334016 -1.36843367 
8.69749003e-06 -6.70687857 -5.25905164 -3.25930481 -2.08334016 -1.36843367 
7.22080902e-06 -6.70687857 -5.25905164 -3.25930481 -2.08334016 -1.36843367 
5.99484250e-06 -6.70687857 -5.25905164 -3.25930481 -2.08334016 -1.36843367 
4.97702356e-06 -6.70687857 -5.25905164 -3.25930481 -2.08334016 -1.36843367 
4.13201240e-06 -6.70687857 -5.25905164 -3.25930481 -2.08334016 -1.36843367 
3.43046929e-06 -6.70687857 -5.25905164 -3.25930481 -2.08334016 -1.36843367 
2.84803587e-06 -6.70687857 -5.25905164 -3.25930481 -2.08334016 -1.36843367 
2.36448941e-06 -6.70687857 -5.25905164 -3.25930481 -2.08334016 -1.36843367 
1.96304065e-06 -6.70687857 -5.25905164 -3.25930481 -2.08334016 -1.36843367 
1.62975083e-06 -6.70687857 -5.25905164 -3.25930481 -2.08334016 -1.36843367 
1.35304777e-06 -6.70687857 -5.25905164 -3.25930481 -2.08334016 -1.36843367 
1.12332403e-06 -6.70687857 -5.25905164 -3.25930481 -2.08334016 -1.36843367 
9.32603347e-07 -6.70687857 -5.25905164 -3.25930481 -2.08334016 -1.36843367 
7.74263683e-07 -6.70687857 -5.25905164 -3.25930481 -2.08334016 -1.36843367 
6.42807312e-07 -6.70687857 -5.25905164 -3.25930481 -2.08334016 -1.36843367 
5.33669923e-07 -6.70687857 -5.25905164 -3.25930481 -2.08334016 -1.36843367 
4.43062146e-07 -6.70687857 -5.25905164 -3.25930481 -2.08334016 -1.36843367 
3.67837977e-07 -6.70687857 -5.25905164 -3.25930481 -2.08334016 -1.36843367 
3.05385551e-07 -6.70687857 -5.25905164 -3.25930481 -2.08334016 -1.36843367 
2.53536449e-07 -6.70687857 -5.25905164 -3.25930481 -2.08334016 -1.36843367 
2.10490414e-07 -6.70687857 -5.25905164 -3.25930481 -2.08334016 -1.36843367 
1.74752840e-07 -6.70687857 -5.25905164 -3.25930481 -2.08334016 -1.36843367 
1.45082878e-07 -6.70687857 -5.25905164 -3.25930481 -2.08334016 -1.36843367 
1.20450354e-07 -6.70687857 -5.25905164 -3.25930481 -2.08334016 -1.36843367 
1.00000000e-07 -6.70687857 -5.25905164 -3.25930481 -2.08334016 -1.36843367 
