Chemical species: H2 CH4 CO2
P (bar) | log_H2: -2σ | log_H2: -1σ | log_H2: median | log_H2: +1σ | log_H2: +2σ 
1.00000000e+01 -0.14651102 -0.08850301 -0.03981813 -0.01413526 -0.00291466 
8.30217568e+00 -0.14651102 -0.08850301 -0.03981813 -0.01413526 -0.00291466 
6.89261210e+00 -0.14651102 -0.08850301 -0.03981813 -0.01413526 -0.00291466 
5.72236766e+00 -0.14651102 -0.08850301 -0.03981813 -0.01413526 -0.00291466 
4.75081016e+00 -0.14651102 -0.08850301 -0.03981813 -0.01413526 -0.00291466 
3.94420606e+00 -0.14651102 -0.08850301 -0.03981813 -0.01413526 -0.00291466 
3.27454916e+00 -0.14651102 -0.08850301 -0.03981813 -0.01413526 -0.00291466 
2.71858824e+00 -0.14651102 -0.08850301 -0.03981813 -0.01413526 -0.00291466 
2.25701972e+00 -0.14651102 -0.08850301 -0.03981813 -0.01413526 -0.00291466 
1.87381742e+00 -0.14651102 -0.08850301 -0.03981813 -0.01413526 -0.00291466 
1.55567614e+00 -0.14651102 -0.08850301 -0.03981813 -0.01413526 -0.00291466 
1.29154967e+00 -0.14651102 -0.08850301 -0.03981813 -0.01413526 -0.00291466 
1.07226722e+00 -0.14651102 -0.08850301 -0.03981813 -0.01413526 -0.00291466 
8.90215085e-01 -0.14651102 -0.08850301 -0.03981813 -0.01413526 -0.00291466 
7.39072203e-01 -0.14651102 -0.08850301 -0.03981813 -0.01413526 -0.00291466 
6.13590727e-01 -0.14651102 -0.08850301 -0.03981813 -0.01413526 -0.00291466 
5.09413801e-01 -0.14651102 -0.08850301 -0.03981813 -0.01413526 -0.00291466 
4.22924287e-01 -0.14651102 -0.08850301 -0.03981813 -0.01413526 -0.00291466 
3.51119173e-01 -0.14651102 -0.08850301 -0.03981813 -0.01413526 -0.00291466 
2.91505306e-01 -0.14651102 -0.08850301 -0.03981813 -0.01413526 -0.00291466 
2.42012826e-01 -0.14651102 -0.08850301 -0.03981813 -0.01413526 -0.00291466 
2.00923300e-01 -0.14651102 -0.08850301 -0.03981813 -0.01413526 -0.00291466 
1.66810054e-01 -0.14651102 -0.08850301 -0.03981813 -0.01413526 -0.00291466 
1.38488637e-01 -0.14651102 -0.08850301 -0.03981813 -0.01413526 -0.00291466 
1.14975700e-01 -0.14651102 -0.08850301 -0.03981813 -0.01413526 -0.00291466 
9.54548457e-02 -0.14651102 -0.08850301 -0.03981813 -0.01413526 -0.00291466 
7.92482898e-02 -0.14651102 -0.08850301 -0.03981813 -0.01413526 -0.00291466 
6.57933225e-02 -0.14651102 -0.08850301 -0.03981813 -0.01413526 -0.00291466 
5.46227722e-02 -0.14651102 -0.08850301 -0.03981813 -0.01413526 -0.00291466 
4.53487851e-02 -0.14651102 -0.08850301 -0.03981813 -0.01413526 -0.00291466 
3.76493581e-02 -0.14651102 -0.08850301 -0.03981813 -0.01413526 -0.00291466 
3.12571585e-02 -0.14651102 -0.08850301 -0.03981813 -0.01413526 -0.00291466 
2.59502421e-02 -0.14651102 -0.08850301 -0.03981813 -0.01413526 -0.00291466 
2.15443469e-02 -0.14651102 -0.08850301 -0.03981813 -0.01413526 -0.00291466 
1.78864953e-02 -0.14651102 -0.08850301 -0.03981813 -0.01413526 -0.00291466 
1.48496826e-02 -0.14651102 -0.08850301 -0.03981813 -0.01413526 -0.00291466 
1.23284674e-02 -0.14651102 -0.08850301 -0.03981813 -0.01413526 -0.00291466 
1.02353102e-02 -0.14651102 -0.08850301 -0.03981813 -0.01413526 -0.00291466 
8.49753436e-03 -0.14651102 -0.08850301 -0.03981813 -0.01413526 -0.00291466 
7.05480231e-03 -0.14651102 -0.08850301 -0.03981813 -0.01413526 -0.00291466 
5.85702082e-03 -0.14651102 -0.08850301 -0.03981813 -0.01413526 -0.00291466 
4.86260158e-03 -0.14651102 -0.08850301 -0.03981813 -0.01413526 -0.00291466 
4.03701726e-03 -0.14651102 -0.08850301 -0.03981813 -0.01413526 -0.00291466 
3.35160265e-03 -0.14651102 -0.08850301 -0.03981813 -0.01413526 -0.00291466 
2.78255940e-03 -0.14651102 -0.08850301 -0.03981813 -0.01413526 -0.00291466 
2.31012970e-03 -0.14651102 -0.08850301 -0.03981813 -0.01413526 -0.00291466 
1.91791026e-03 -0.14651102 -0.08850301 -0.03981813 -0.01413526 -0.00291466 
1.59228279e-03 -0.14651102 -0.08850301 -0.03981813 -0.01413526 -0.00291466 
1.32194115e-03 -0.14651102 -0.08850301 -0.03981813 -0.01413526 -0.00291466 
1.09749877e-03 -0.14651102 -0.08850301 -0.03981813 -0.01413526 -0.00291466 
9.11162756e-04 -0.14651102 -0.08850301 -0.03981813 -0.01413526 -0.00291466 
7.56463328e-04 -0.14651102 -0.08850301 -0.03981813 -0.01413526 -0.00291466 
6.28029144e-04 -0.14651102 -0.08850301 -0.03981813 -0.01413526 -0.00291466 
5.21400829e-04 -0.14651102 -0.08850301 -0.03981813 -0.01413526 -0.00291466 
4.32876128e-04 -0.14651102 -0.08850301 -0.03981813 -0.01413526 -0.00291466 
3.59381366e-04 -0.14651102 -0.08850301 -0.03981813 -0.01413526 -0.00291466 
2.98364724e-04 -0.14651102 -0.08850301 -0.03981813 -0.01413526 -0.00291466 
2.47707636e-04 -0.14651102 -0.08850301 -0.03981813 -0.01413526 -0.00291466 
2.05651231e-04 -0.14651102 -0.08850301 -0.03981813 -0.01413526 -0.00291466 
1.70735265e-04 -0.14651102 -0.08850301 -0.03981813 -0.01413526 -0.00291466 
1.41747416e-04 -0.14651102 -0.08850301 -0.03981813 -0.01413526 -0.00291466 
1.17681195e-04 -0.14651102 -0.08850301 -0.03981813 -0.01413526 -0.00291466 
9.77009957e-05 -0.14651102 -0.08850301 -0.03981813 -0.01413526 -0.00291466 
8.11130831e-05 -0.14651102 -0.08850301 -0.03981813 -0.01413526 -0.00291466 
6.73415066e-05 -0.14651102 -0.08850301 -0.03981813 -0.01413526 -0.00291466 
5.59081018e-05 -0.14651102 -0.08850301 -0.03981813 -0.01413526 -0.00291466 
4.64158883e-05 -0.14651102 -0.08850301 -0.03981813 -0.01413526 -0.00291466 
3.85352859e-05 -0.14651102 -0.08850301 -0.03981813 -0.01413526 -0.00291466 
3.19926714e-05 -0.14651102 -0.08850301 -0.03981813 -0.01413526 -0.00291466 
2.65608778e-05 -0.14651102 -0.08850301 -0.03981813 -0.01413526 -0.00291466 
2.20513074e-05 -0.14651102 -0.08850301 -0.03981813 -0.01413526 -0.00291466 
1.83073828e-05 -0.14651102 -0.08850301 -0.03981813 -0.01413526 -0.00291466 
1.51991108e-05 -0.14651102 -0.08850301 -0.03981813 -0.01413526 -0.00291466 
1.26185688e-05 -0.14651102 -0.08850301 -0.03981813 -0.01413526 -0.00291466 
1.04761575e-05 -0.14651102 -0.08850301 -0.03981813 -0.01413526 -0.00291466 
8.69749003e-06 -0.14651102 -0.08850301 -0.03981813 -0.01413526 -0.00291466 
7.22080902e-06 -0.14651102 -0.08850301 -0.03981813 -0.01413526 -0.00291466 
5.99484250e-06 -0.14651102 -0.08850301 -0.03981813 -0.01413526 -0.00291466 
4.97702356e-06 -0.14651102 -0.08850301 -0.03981813 -0.01413526 -0.00291466 
4.13201240e-06 -0.14651102 -0.08850301 -0.03981813 -0.01413526 -0.00291466 
3.43046929e-06 -0.14651102 -0.08850301 -0.03981813 -0.01413526 -0.00291466 
2.84803587e-06 -0.14651102 -0.08850301 -0.03981813 -0.01413526 -0.00291466 
2.36448941e-06 -0.14651102 -0.08850301 -0.03981813 -0.01413526 -0.00291466 
1.96304065e-06 -0.14651102 -0.08850301 -0.03981813 -0.01413526 -0.00291466 
1.62975083e-06 -0.14651102 -0.08850301 -0.03981813 -0.01413526 -0.00291466 
1.35304777e-06 -0.14651102 -0.08850301 -0.03981813 -0.01413526 -0.00291466 
1.12332403e-06 -0.14651102 -0.08850301 -0.03981813 -0.01413526 -0.00291466 
9.32603347e-07 -0.14651102 -0.08850301 -0.03981813 -0.01413526 -0.00291466 
7.74263683e-07 -0.14651102 -0.08850301 -0.03981813 -0.01413526 -0.00291466 
6.42807312e-07 -0.14651102 -0.08850301 -0.03981813 -0.01413526 -0.00291466 
5.33669923e-07 -0.14651102 -0.08850301 -0.03981813 -0.01413526 -0.00291466 
4.43062146e-07 -0.14651102 -0.08850301 -0.03981813 -0.01413526 -0.00291466 
3.67837977e-07 -0.14651102 -0.08850301 -0.03981813 -0.01413526 -0.00291466 
3.05385551e-07 -0.14651102 -0.08850301 -0.03981813 -0.01413526 -0.00291466 
2.53536449e-07 -0.14651102 -0.08850301 -0.03981813 -0.01413526 -0.00291466 
2.10490414e-07 -0.14651102 -0.08850301 -0.03981813 -0.01413526 -0.00291466 
1.74752840e-07 -0.14651102 -0.08850301 -0.03981813 -0.01413526 -0.00291466 
1.45082878e-07 -0.14651102 -0.08850301 -0.03981813 -0.01413526 -0.00291466 
1.20450354e-07 -0.14651102 -0.08850301 -0.03981813 -0.01413526 -0.00291466 
1.00000000e-07 -0.14651102 -0.08850301 -0.03981813 -0.01413526 -0.00291466 
P (bar) | log_CH4: -2σ | log_CH4: -1σ | log_CH4: median | log_CH4: +1σ | log_CH4: +2σ 
1.00000000e+01 -2.41847052 -1.57914297 -1.09045619 -0.77842660 -0.57546900 
8.30217568e+00 -2.41847052 -1.57914297 -1.09045619 -0.77842660 -0.57546900 
6.89261210e+00 -2.41847052 -1.57914297 -1.09045619 -0.77842660 -0.57546900 
5.72236766e+00 -2.41847052 -1.57914297 -1.09045619 -0.77842660 -0.57546900 
4.75081016e+00 -2.41847052 -1.57914297 -1.09045619 -0.77842660 -0.57546900 
3.94420606e+00 -2.41847052 -1.57914297 -1.09045619 -0.77842660 -0.57546900 
3.27454916e+00 -2.41847052 -1.57914297 -1.09045619 -0.77842660 -0.57546900 
2.71858824e+00 -2.41847052 -1.57914297 -1.09045619 -0.77842660 -0.57546900 
2.25701972e+00 -2.41847052 -1.57914297 -1.09045619 -0.77842660 -0.57546900 
1.87381742e+00 -2.41847052 -1.57914297 -1.09045619 -0.77842660 -0.57546900 
1.55567614e+00 -2.41847052 -1.57914297 -1.09045619 -0.77842660 -0.57546900 
1.29154967e+00 -2.41847052 -1.57914297 -1.09045619 -0.77842660 -0.57546900 
1.07226722e+00 -2.41847052 -1.57914297 -1.09045619 -0.77842660 -0.57546900 
8.90215085e-01 -2.41847052 -1.57914297 -1.09045619 -0.77842660 -0.57546900 
7.39072203e-01 -2.41847052 -1.57914297 -1.09045619 -0.77842660 -0.57546900 
6.13590727e-01 -2.41847052 -1.57914297 -1.09045619 -0.77842660 -0.57546900 
5.09413801e-01 -2.41847052 -1.57914297 -1.09045619 -0.77842660 -0.57546900 
4.22924287e-01 -2.41847052 -1.57914297 -1.09045619 -0.77842660 -0.57546900 
3.51119173e-01 -2.41847052 -1.57914297 -1.09045619 -0.77842660 -0.57546900 
2.91505306e-01 -2.41847052 -1.57914297 -1.09045619 -0.77842660 -0.57546900 
2.42012826e-01 -2.41847052 -1.57914297 -1.09045619 -0.77842660 -0.57546900 
2.00923300e-01 -2.41847052 -1.57914297 -1.09045619 -0.77842660 -0.57546900 
1.66810054e-01 -2.41847052 -1.57914297 -1.09045619 -0.77842660 -0.57546900 
1.38488637e-01 -2.41847052 -1.57914297 -1.09045619 -0.77842660 -0.57546900 
1.14975700e-01 -2.41847052 -1.57914297 -1.09045619 -0.77842660 -0.57546900 
9.54548457e-02 -2.41847052 -1.57914297 -1.09045619 -0.77842660 -0.57546900 
7.92482898e-02 -2.41847052 -1.57914297 -1.09045619 -0.77842660 -0.57546900 
6.57933225e-02 -2.41847052 -1.57914297 -1.09045619 -0.77842660 -0.57546900 
5.46227722e-02 -2.41847052 -1.57914297 -1.09045619 -0.77842660 -0.57546900 
4.53487851e-02 -2.41847052 -1.57914297 -1.09045619 -0.77842660 -0.57546900 
3.76493581e-02 -2.41847052 -1.57914297 -1.09045619 -0.77842660 -0.57546900 
3.12571585e-02 -2.41847052 -1.57914297 -1.09045619 -0.77842660 -0.57546900 
2.59502421e-02 -2.41847052 -1.57914297 -1.09045619 -0.77842660 -0.57546900 
2.15443469e-02 -2.41847052 -1.57914297 -1.09045619 -0.77842660 -0.57546900 
1.78864953e-02 -2.41847052 -1.57914297 -1.09045619 -0.77842660 -0.57546900 
1.48496826e-02 -2.41847052 -1.57914297 -1.09045619 -0.77842660 -0.57546900 
1.23284674e-02 -2.41847052 -1.57914297 -1.09045619 -0.77842660 -0.57546900 
1.02353102e-02 -2.41847052 -1.57914297 -1.09045619 -0.77842660 -0.57546900 
8.49753436e-03 -2.41847052 -1.57914297 -1.09045619 -0.77842660 -0.57546900 
7.05480231e-03 -2.41847052 -1.57914297 -1.09045619 -0.77842660 -0.57546900 
5.85702082e-03 -2.41847052 -1.57914297 -1.09045619 -0.77842660 -0.57546900 
4.86260158e-03 -2.41847052 -1.57914297 -1.09045619 -0.77842660 -0.57546900 
4.03701726e-03 -2.41847052 -1.57914297 -1.09045619 -0.77842660 -0.57546900 
3.35160265e-03 -2.41847052 -1.57914297 -1.09045619 -0.77842660 -0.57546900 
2.78255940e-03 -2.41847052 -1.57914297 -1.09045619 -0.77842660 -0.57546900 
2.31012970e-03 -2.41847052 -1.57914297 -1.09045619 -0.77842660 -0.57546900 
1.91791026e-03 -2.41847052 -1.57914297 -1.09045619 -0.77842660 -0.57546900 
1.59228279e-03 -2.41847052 -1.57914297 -1.09045619 -0.77842660 -0.57546900 
1.32194115e-03 -2.41847052 -1.57914297 -1.09045619 -0.77842660 -0.57546900 
1.09749877e-03 -2.41847052 -1.57914297 -1.09045619 -0.77842660 -0.57546900 
9.11162756e-04 -2.41847052 -1.57914297 -1.09045619 -0.77842660 -0.57546900 
7.56463328e-04 -2.41847052 -1.57914297 -1.09045619 -0.77842660 -0.57546900 
6.28029144e-04 -2.41847052 -1.57914297 -1.09045619 -0.77842660 -0.57546900 
5.21400829e-04 -2.41847052 -1.57914297 -1.09045619 -0.77842660 -0.57546900 
4.32876128e-04 -2.41847052 -1.57914297 -1.09045619 -0.77842660 -0.57546900 
3.59381366e-04 -2.41847052 -1.57914297 -1.09045619 -0.77842660 -0.57546900 
2.98364724e-04 -2.41847052 -1.57914297 -1.09045619 -0.77842660 -0.57546900 
2.47707636e-04 -2.41847052 -1.57914297 -1.09045619 -0.77842660 -0.57546900 
2.05651231e-04 -2.41847052 -1.57914297 -1.09045619 -0.77842660 -0.57546900 
1.70735265e-04 -2.41847052 -1.57914297 -1.09045619 -0.77842660 -0.57546900 
1.41747416e-04 -2.41847052 -1.57914297 -1.09045619 -0.77842660 -0.57546900 
1.17681195e-04 -2.41847052 -1.57914297 -1.09045619 -0.77842660 -0.57546900 
9.77009957e-05 -2.41847052 -1.57914297 -1.09045619 -0.77842660 -0.57546900 
8.11130831e-05 -2.41847052 -1.57914297 -1.09045619 -0.77842660 -0.57546900 
6.73415066e-05 -2.41847052 -1.57914297 -1.09045619 -0.77842660 -0.57546900 
5.59081018e-05 -2.41847052 -1.57914297 -1.09045619 -0.77842660 -0.57546900 
4.64158883e-05 -2.41847052 -1.57914297 -1.09045619 -0.77842660 -0.57546900 
3.85352859e-05 -2.41847052 -1.57914297 -1.09045619 -0.77842660 -0.57546900 
3.19926714e-05 -2.41847052 -1.57914297 -1.09045619 -0.77842660 -0.57546900 
2.65608778e-05 -2.41847052 -1.57914297 -1.09045619 -0.77842660 -0.57546900 
2.20513074e-05 -2.41847052 -1.57914297 -1.09045619 -0.77842660 -0.57546900 
1.83073828e-05 -2.41847052 -1.57914297 -1.09045619 -0.77842660 -0.57546900 
1.51991108e-05 -2.41847052 -1.57914297 -1.09045619 -0.77842660 -0.57546900 
1.26185688e-05 -2.41847052 -1.57914297 -1.09045619 -0.77842660 -0.57546900 
1.04761575e-05 -2.41847052 -1.57914297 -1.09045619 -0.77842660 -0.57546900 
8.69749003e-06 -2.41847052 -1.57914297 -1.09045619 -0.77842660 -0.57546900 
7.22080902e-06 -2.41847052 -1.57914297 -1.09045619 -0.77842660 -0.57546900 
5.99484250e-06 -2.41847052 -1.57914297 -1.09045619 -0.77842660 -0.57546900 
4.97702356e-06 -2.41847052 -1.57914297 -1.09045619 -0.77842660 -0.57546900 
4.13201240e-06 -2.41847052 -1.57914297 -1.09045619 -0.77842660 -0.57546900 
3.43046929e-06 -2.41847052 -1.57914297 -1.09045619 -0.77842660 -0.57546900 
2.84803587e-06 -2.41847052 -1.57914297 -1.09045619 -0.77842660 -0.57546900 
2.36448941e-06 -2.41847052 -1.57914297 -1.09045619 -0.77842660 -0.57546900 
1.96304065e-06 -2.41847052 -1.57914297 -1.09045619 -0.77842660 -0.57546900 
1.62975083e-06 -2.41847052 -1.57914297 -1.09045619 -0.77842660 -0.57546900 
1.35304777e-06 -2.41847052 -1.57914297 -1.09045619 -0.77842660 -0.57546900 
1.12332403e-06 -2.41847052 -1.57914297 -1.09045619 -0.77842660 -0.57546900 
9.32603347e-07 -2.41847052 -1.57914297 -1.09045619 -0.77842660 -0.57546900 
7.74263683e-07 -2.41847052 -1.57914297 -1.09045619 -0.77842660 -0.57546900 
6.42807312e-07 -2.41847052 -1.57914297 -1.09045619 -0.77842660 -0.57546900 
5.33669923e-07 -2.41847052 -1.57914297 -1.09045619 -0.77842660 -0.57546900 
4.43062146e-07 -2.41847052 -1.57914297 -1.09045619 -0.77842660 -0.57546900 
3.67837977e-07 -2.41847052 -1.57914297 -1.09045619 -0.77842660 -0.57546900 
3.05385551e-07 -2.41847052 -1.57914297 -1.09045619 -0.77842660 -0.57546900 
2.53536449e-07 -2.41847052 -1.57914297 -1.09045619 -0.77842660 -0.57546900 
2.10490414e-07 -2.41847052 -1.57914297 -1.09045619 -0.77842660 -0.57546900 
1.74752840e-07 -2.41847052 -1.57914297 -1.09045619 -0.77842660 -0.57546900 
1.45082878e-07 -2.41847052 -1.57914297 -1.09045619 -0.77842660 -0.57546900 
1.20450354e-07 -2.41847052 -1.57914297 -1.09045619 -0.77842660 -0.57546900 
1.00000000e-07 -2.41847052 -1.57914297 -1.09045619 -0.77842660 -0.57546900 
P (bar) | log_CO2: -2σ | log_CO2: -1σ | log_CO2: median | log_CO2: +1σ | log_CO2: +2σ 
1.00000000e+01 -3.92639315 -3.46827231 -2.54392867 -1.74442460 -1.25575108 
8.30217568e+00 -3.92639315 -3.46827231 -2.54392867 -1.74442460 -1.25575108 
6.89261210e+00 -3.92639315 -3.46827231 -2.54392867 -1.74442460 -1.25575108 
5.72236766e+00 -3.92639315 -3.46827231 -2.54392867 -1.74442460 -1.25575108 
4.75081016e+00 -3.92639315 -3.46827231 -2.54392867 -1.74442460 -1.25575108 
3.94420606e+00 -3.92639315 -3.46827231 -2.54392867 -1.74442460 -1.25575108 
3.27454916e+00 -3.92639315 -3.46827231 -2.54392867 -1.74442460 -1.25575108 
2.71858824e+00 -3.92639315 -3.46827231 -2.54392867 -1.74442460 -1.25575108 
2.25701972e+00 -3.92639315 -3.46827231 -2.54392867 -1.74442460 -1.25575108 
1.87381742e+00 -3.92639315 -3.46827231 -2.54392867 -1.74442460 -1.25575108 
1.55567614e+00 -3.92639315 -3.46827231 -2.54392867 -1.74442460 -1.25575108 
1.29154967e+00 -3.92639315 -3.46827231 -2.54392867 -1.74442460 -1.25575108 
1.07226722e+00 -3.92639315 -3.46827231 -2.54392867 -1.74442460 -1.25575108 
8.90215085e-01 -3.92639315 -3.46827231 -2.54392867 -1.74442460 -1.25575108 
7.39072203e-01 -3.92639315 -3.46827231 -2.54392867 -1.74442460 -1.25575108 
6.13590727e-01 -3.92639315 -3.46827231 -2.54392867 -1.74442460 -1.25575108 
5.09413801e-01 -3.92639315 -3.46827231 -2.54392867 -1.74442460 -1.25575108 
4.22924287e-01 -3.92639315 -3.46827231 -2.54392867 -1.74442460 -1.25575108 
3.51119173e-01 -3.92639315 -3.46827231 -2.54392867 -1.74442460 -1.25575108 
2.91505306e-01 -3.92639315 -3.46827231 -2.54392867 -1.74442460 -1.25575108 
2.42012826e-01 -3.92639315 -3.46827231 -2.54392867 -1.74442460 -1.25575108 
2.00923300e-01 -3.92639315 -3.46827231 -2.54392867 -1.74442460 -1.25575108 
1.66810054e-01 -3.92639315 -3.46827231 -2.54392867 -1.74442460 -1.25575108 
1.38488637e-01 -3.92639315 -3.46827231 -2.54392867 -1.74442460 -1.25575108 
1.14975700e-01 -3.92639315 -3.46827231 -2.54392867 -1.74442460 -1.25575108 
9.54548457e-02 -3.92639315 -3.46827231 -2.54392867 -1.74442460 -1.25575108 
7.92482898e-02 -3.92639315 -3.46827231 -2.54392867 -1.74442460 -1.25575108 
6.57933225e-02 -3.92639315 -3.46827231 -2.54392867 -1.74442460 -1.25575108 
5.46227722e-02 -3.92639315 -3.46827231 -2.54392867 -1.74442460 -1.25575108 
4.53487851e-02 -3.92639315 -3.46827231 -2.54392867 -1.74442460 -1.25575108 
3.76493581e-02 -3.92639315 -3.46827231 -2.54392867 -1.74442460 -1.25575108 
3.12571585e-02 -3.92639315 -3.46827231 -2.54392867 -1.74442460 -1.25575108 
2.59502421e-02 -3.92639315 -3.46827231 -2.54392867 -1.74442460 -1.25575108 
2.15443469e-02 -3.92639315 -3.46827231 -2.54392867 -1.74442460 -1.25575108 
1.78864953e-02 -3.92639315 -3.46827231 -2.54392867 -1.74442460 -1.25575108 
1.48496826e-02 -3.92639315 -3.46827231 -2.54392867 -1.74442460 -1.25575108 
1.23284674e-02 -3.92639315 -3.46827231 -2.54392867 -1.74442460 -1.25575108 
1.02353102e-02 -3.92639315 -3.46827231 -2.54392867 -1.74442460 -1.25575108 
8.49753436e-03 -3.92639315 -3.46827231 -2.54392867 -1.74442460 -1.25575108 
7.05480231e-03 -3.92639315 -3.46827231 -2.54392867 -1.74442460 -1.25575108 
5.85702082e-03 -3.92639315 -3.46827231 -2.54392867 -1.74442460 -1.25575108 
4.86260158e-03 -3.92639315 -3.46827231 -2.54392867 -1.74442460 -1.25575108 
4.03701726e-03 -3.92639315 -3.46827231 -2.54392867 -1.74442460 -1.25575108 
3.35160265e-03 -3.92639315 -3.46827231 -2.54392867 -1.74442460 -1.25575108 
2.78255940e-03 -3.92639315 -3.46827231 -2.54392867 -1.74442460 -1.25575108 
2.31012970e-03 -3.92639315 -3.46827231 -2.54392867 -1.74442460 -1.25575108 
1.91791026e-03 -3.92639315 -3.46827231 -2.54392867 -1.74442460 -1.25575108 
1.59228279e-03 -3.92639315 -3.46827231 -2.54392867 -1.74442460 -1.25575108 
1.32194115e-03 -3.92639315 -3.46827231 -2.54392867 -1.74442460 -1.25575108 
1.09749877e-03 -3.92639315 -3.46827231 -2.54392867 -1.74442460 -1.25575108 
9.11162756e-04 -3.92639315 -3.46827231 -2.54392867 -1.74442460 -1.25575108 
7.56463328e-04 -3.92639315 -3.46827231 -2.54392867 -1.74442460 -1.25575108 
6.28029144e-04 -3.92639315 -3.46827231 -2.54392867 -1.74442460 -1.25575108 
5.21400829e-04 -3.92639315 -3.46827231 -2.54392867 -1.74442460 -1.25575108 
4.32876128e-04 -3.92639315 -3.46827231 -2.54392867 -1.74442460 -1.25575108 
3.59381366e-04 -3.92639315 -3.46827231 -2.54392867 -1.74442460 -1.25575108 
2.98364724e-04 -3.92639315 -3.46827231 -2.54392867 -1.74442460 -1.25575108 
2.47707636e-04 -3.92639315 -3.46827231 -2.54392867 -1.74442460 -1.25575108 
2.05651231e-04 -3.92639315 -3.46827231 -2.54392867 -1.74442460 -1.25575108 
1.70735265e-04 -3.92639315 -3.46827231 -2.54392867 -1.74442460 -1.25575108 
1.41747416e-04 -3.92639315 -3.46827231 -2.54392867 -1.74442460 -1.25575108 
1.17681195e-04 -3.92639315 -3.46827231 -2.54392867 -1.74442460 -1.25575108 
9.77009957e-05 -3.92639315 -3.46827231 -2.54392867 -1.74442460 -1.25575108 
8.11130831e-05 -3.92639315 -3.46827231 -2.54392867 -1.74442460 -1.25575108 
6.73415066e-05 -3.92639315 -3.46827231 -2.54392867 -1.74442460 -1.25575108 
5.59081018e-05 -3.92639315 -3.46827231 -2.54392867 -1.74442460 -1.25575108 
4.64158883e-05 -3.92639315 -3.46827231 -2.54392867 -1.74442460 -1.25575108 
3.85352859e-05 -3.92639315 -3.46827231 -2.54392867 -1.74442460 -1.25575108 
3.19926714e-05 -3.92639315 -3.46827231 -2.54392867 -1.74442460 -1.25575108 
2.65608778e-05 -3.92639315 -3.46827231 -2.54392867 -1.74442460 -1.25575108 
2.20513074e-05 -3.92639315 -3.46827231 -2.54392867 -1.74442460 -1.25575108 
1.83073828e-05 -3.92639315 -3.46827231 -2.54392867 -1.74442460 -1.25575108 
1.51991108e-05 -3.92639315 -3.46827231 -2.54392867 -1.74442460 -1.25575108 
1.26185688e-05 -3.92639315 -3.46827231 -2.54392867 -1.74442460 -1.25575108 
1.04761575e-05 -3.92639315 -3.46827231 -2.54392867 -1.74442460 -1.25575108 
8.69749003e-06 -3.92639315 -3.46827231 -2.54392867 -1.74442460 -1.25575108 
7.22080902e-06 -3.92639315 -3.46827231 -2.54392867 -1.74442460 -1.25575108 
5.99484250e-06 -3.92639315 -3.46827231 -2.54392867 -1.74442460 -1.25575108 
4.97702356e-06 -3.92639315 -3.46827231 -2.54392867 -1.74442460 -1.25575108 
4.13201240e-06 -3.92639315 -3.46827231 -2.54392867 -1.74442460 -1.25575108 
3.43046929e-06 -3.92639315 -3.46827231 -2.54392867 -1.74442460 -1.25575108 
2.84803587e-06 -3.92639315 -3.46827231 -2.54392867 -1.74442460 -1.25575108 
2.36448941e-06 -3.92639315 -3.46827231 -2.54392867 -1.74442460 -1.25575108 
1.96304065e-06 -3.92639315 -3.46827231 -2.54392867 -1.74442460 -1.25575108 
1.62975083e-06 -3.92639315 -3.46827231 -2.54392867 -1.74442460 -1.25575108 
1.35304777e-06 -3.92639315 -3.46827231 -2.54392867 -1.74442460 -1.25575108 
1.12332403e-06 -3.92639315 -3.46827231 -2.54392867 -1.74442460 -1.25575108 
9.32603347e-07 -3.92639315 -3.46827231 -2.54392867 -1.74442460 -1.25575108 
7.74263683e-07 -3.92639315 -3.46827231 -2.54392867 -1.74442460 -1.25575108 
6.42807312e-07 -3.92639315 -3.46827231 -2.54392867 -1.74442460 -1.25575108 
5.33669923e-07 -3.92639315 -3.46827231 -2.54392867 -1.74442460 -1.25575108 
4.43062146e-07 -3.92639315 -3.46827231 -2.54392867 -1.74442460 -1.25575108 
3.67837977e-07 -3.92639315 -3.46827231 -2.54392867 -1.74442460 -1.25575108 
3.05385551e-07 -3.92639315 -3.46827231 -2.54392867 -1.74442460 -1.25575108 
2.53536449e-07 -3.92639315 -3.46827231 -2.54392867 -1.74442460 -1.25575108 
2.10490414e-07 -3.92639315 -3.46827231 -2.54392867 -1.74442460 -1.25575108 
1.74752840e-07 -3.92639315 -3.46827231 -2.54392867 -1.74442460 -1.25575108 
1.45082878e-07 -3.92639315 -3.46827231 -2.54392867 -1.74442460 -1.25575108 
1.20450354e-07 -3.92639315 -3.46827231 -2.54392867 -1.74442460 -1.25575108 
1.00000000e-07 -3.92639315 -3.46827231 -2.54392867 -1.74442460 -1.25575108 
