Chemical species: H2 He H2O CO2 SO2
P (bar) | log_H2: -2σ | log_H2: -1σ | log_H2: median | log_H2: +1σ | log_H2: +2σ 
1.00000000e+02 -0.09198926 -0.08572694 -0.07981611 -0.07478263 -0.07049067 
8.11130831e+01 -0.09198926 -0.08572694 -0.07981611 -0.07478263 -0.07049067 
6.57933225e+01 -0.09198926 -0.08572694 -0.07981611 -0.07478263 -0.07049067 
5.33669923e+01 -0.09198926 -0.08572694 -0.07981611 -0.07478263 -0.07049067 
4.32876128e+01 -0.09198926 -0.08572694 -0.07981611 -0.07478263 -0.07049067 
3.51119173e+01 -0.09198926 -0.08572694 -0.07981611 -0.07478263 -0.07049067 
2.84803587e+01 -0.09198926 -0.08572694 -0.07981611 -0.07478263 -0.07049067 
2.31012970e+01 -0.09198926 -0.08572694 -0.07981611 -0.07478263 -0.07049067 
1.87381742e+01 -0.09198926 -0.08572694 -0.07981611 -0.07478263 -0.07049067 
1.51991108e+01 -0.09198926 -0.08572694 -0.07981611 -0.07478263 -0.07049067 
1.23284674e+01 -0.09198926 -0.08572694 -0.07981611 -0.07478263 -0.07049067 
1.00000000e+01 -0.09198926 -0.08572694 -0.07981611 -0.07478263 -0.07049067 
8.11130831e+00 -0.09198926 -0.08572694 -0.07981611 -0.07478263 -0.07049067 
6.57933225e+00 -0.09198926 -0.08572694 -0.07981611 -0.07478263 -0.07049067 
5.33669923e+00 -0.09198926 -0.08572694 -0.07981611 -0.07478263 -0.07049067 
4.32876128e+00 -0.09198926 -0.08572694 -0.07981611 -0.07478263 -0.07049067 
3.51119173e+00 -0.09198926 -0.08572694 -0.07981611 -0.07478263 -0.07049067 
2.84803587e+00 -0.09198926 -0.08572694 -0.07981611 -0.07478263 -0.07049067 
2.31012970e+00 -0.09198926 -0.08572694 -0.07981611 -0.07478263 -0.07049067 
1.87381742e+00 -0.09198926 -0.08572694 -0.07981611 -0.07478263 -0.07049067 
1.51991108e+00 -0.09198926 -0.08572694 -0.07981611 -0.07478263 -0.07049067 
1.23284674e+00 -0.09198926 -0.08572694 -0.07981611 -0.07478263 -0.07049067 
1.00000000e+00 -0.09198926 -0.08572694 -0.07981611 -0.07478263 -0.07049067 
8.11130831e-01 -0.09198926 -0.08572694 -0.07981611 -0.07478263 -0.07049067 
6.57933225e-01 -0.09198926 -0.08572694 -0.07981611 -0.07478263 -0.07049067 
5.33669923e-01 -0.09198926 -0.08572694 -0.07981611 -0.07478263 -0.07049067 
4.32876128e-01 -0.09198926 -0.08572694 -0.07981611 -0.07478263 -0.07049067 
3.51119173e-01 -0.09198926 -0.08572694 -0.07981611 -0.07478263 -0.07049067 
2.84803587e-01 -0.09198926 -0.08572694 -0.07981611 -0.07478263 -0.07049067 
2.31012970e-01 -0.09198926 -0.08572694 -0.07981611 -0.07478263 -0.07049067 
1.87381742e-01 -0.09198926 -0.08572694 -0.07981611 -0.07478263 -0.07049067 
1.51991108e-01 -0.09198926 -0.08572694 -0.07981611 -0.07478263 -0.07049067 
1.23284674e-01 -0.09198926 -0.08572694 -0.07981611 -0.07478263 -0.07049067 
1.00000000e-01 -0.09198926 -0.08572694 -0.07981611 -0.07478263 -0.07049067 
8.11130831e-02 -0.09198926 -0.08572694 -0.07981611 -0.07478263 -0.07049067 
6.57933225e-02 -0.09198926 -0.08572694 -0.07981611 -0.07478263 -0.07049067 
5.33669923e-02 -0.09198926 -0.08572694 -0.07981611 -0.07478263 -0.07049067 
4.32876128e-02 -0.09198926 -0.08572694 -0.07981611 -0.07478263 -0.07049067 
3.51119173e-02 -0.09198926 -0.08572694 -0.07981611 -0.07478263 -0.07049067 
2.84803587e-02 -0.09198926 -0.08572694 -0.07981611 -0.07478263 -0.07049067 
2.31012970e-02 -0.09198926 -0.08572694 -0.07981611 -0.07478263 -0.07049067 
1.87381742e-02 -0.09198926 -0.08572694 -0.07981611 -0.07478263 -0.07049067 
1.51991108e-02 -0.09198926 -0.08572694 -0.07981611 -0.07478263 -0.07049067 
1.23284674e-02 -0.09198926 -0.08572694 -0.07981611 -0.07478263 -0.07049067 
1.00000000e-02 -0.09198926 -0.08572694 -0.07981611 -0.07478263 -0.07049067 
8.11130831e-03 -0.09198926 -0.08572694 -0.07981611 -0.07478263 -0.07049067 
6.57933225e-03 -0.09198926 -0.08572694 -0.07981611 -0.07478263 -0.07049067 
5.33669923e-03 -0.09198926 -0.08572694 -0.07981611 -0.07478263 -0.07049067 
4.32876128e-03 -0.09198926 -0.08572694 -0.07981611 -0.07478263 -0.07049067 
3.51119173e-03 -0.09198926 -0.08572694 -0.07981611 -0.07478263 -0.07049067 
2.84803587e-03 -0.09198926 -0.08572694 -0.07981611 -0.07478263 -0.07049067 
2.31012970e-03 -0.09198926 -0.08572694 -0.07981611 -0.07478263 -0.07049067 
1.87381742e-03 -0.09198926 -0.08572694 -0.07981611 -0.07478263 -0.07049067 
1.51991108e-03 -0.09198926 -0.08572694 -0.07981611 -0.07478263 -0.07049067 
1.23284674e-03 -0.09198926 -0.08572694 -0.07981611 -0.07478263 -0.07049067 
1.00000000e-03 -0.09198926 -0.08572694 -0.07981611 -0.07478263 -0.07049067 
8.11130831e-04 -0.09198926 -0.08572694 -0.07981611 -0.07478263 -0.07049067 
6.57933225e-04 -0.09198926 -0.08572694 -0.07981611 -0.07478263 -0.07049067 
5.33669923e-04 -0.09198926 -0.08572694 -0.07981611 -0.07478263 -0.07049067 
4.32876128e-04 -0.09198926 -0.08572694 -0.07981611 -0.07478263 -0.07049067 
3.51119173e-04 -0.09198926 -0.08572694 -0.07981611 -0.07478263 -0.07049067 
2.84803587e-04 -0.09198926 -0.08572694 -0.07981611 -0.07478263 -0.07049067 
2.31012970e-04 -0.09198926 -0.08572694 -0.07981611 -0.07478263 -0.07049067 
1.87381742e-04 -0.09198926 -0.08572694 -0.07981611 -0.07478263 -0.07049067 
1.51991108e-04 -0.09198926 -0.08572694 -0.07981611 -0.07478263 -0.07049067 
1.23284674e-04 -0.09198926 -0.08572694 -0.07981611 -0.07478263 -0.07049067 
1.00000000e-04 -0.09198926 -0.08572694 -0.07981611 -0.07478263 -0.07049067 
8.11130831e-05 -0.09198926 -0.08572694 -0.07981611 -0.07478263 -0.07049067 
6.57933225e-05 -0.09198926 -0.08572694 -0.07981611 -0.07478263 -0.07049067 
5.33669923e-05 -0.09198926 -0.08572694 -0.07981611 -0.07478263 -0.07049067 
4.32876128e-05 -0.09198926 -0.08572694 -0.07981611 -0.07478263 -0.07049067 
3.51119173e-05 -0.09198926 -0.08572694 -0.07981611 -0.07478263 -0.07049067 
2.84803587e-05 -0.09198926 -0.08572694 -0.07981611 -0.07478263 -0.07049067 
2.31012970e-05 -0.09198926 -0.08572694 -0.07981611 -0.07478263 -0.07049067 
1.87381742e-05 -0.09198926 -0.08572694 -0.07981611 -0.07478263 -0.07049067 
1.51991108e-05 -0.09198926 -0.08572694 -0.07981611 -0.07478263 -0.07049067 
1.23284674e-05 -0.09198926 -0.08572694 -0.07981611 -0.07478263 -0.07049067 
1.00000000e-05 -0.09198926 -0.08572694 -0.07981611 -0.07478263 -0.07049067 
8.11130831e-06 -0.09198926 -0.08572694 -0.07981611 -0.07478263 -0.07049067 
6.57933225e-06 -0.09198926 -0.08572694 -0.07981611 -0.07478263 -0.07049067 
5.33669923e-06 -0.09198926 -0.08572694 -0.07981611 -0.07478263 -0.07049067 
4.32876128e-06 -0.09198926 -0.08572694 -0.07981611 -0.07478263 -0.07049067 
3.51119173e-06 -0.09198926 -0.08572694 -0.07981611 -0.07478263 -0.07049067 
2.84803587e-06 -0.09198926 -0.08572694 -0.07981611 -0.07478263 -0.07049067 
2.31012970e-06 -0.09198926 -0.08572694 -0.07981611 -0.07478263 -0.07049067 
1.87381742e-06 -0.09198926 -0.08572694 -0.07981611 -0.07478263 -0.07049067 
1.51991108e-06 -0.09198926 -0.08572694 -0.07981611 -0.07478263 -0.07049067 
1.23284674e-06 -0.09198926 -0.08572694 -0.07981611 -0.07478263 -0.07049067 
1.00000000e-06 -0.09198926 -0.08572694 -0.07981611 -0.07478263 -0.07049067 
8.11130831e-07 -0.09198926 -0.08572694 -0.07981611 -0.07478263 -0.07049067 
6.57933225e-07 -0.09198926 -0.08572694 -0.07981611 -0.07478263 -0.07049067 
5.33669923e-07 -0.09198926 -0.08572694 -0.07981611 -0.07478263 -0.07049067 
4.32876128e-07 -0.09198926 -0.08572694 -0.07981611 -0.07478263 -0.07049067 
3.51119173e-07 -0.09198926 -0.08572694 -0.07981611 -0.07478263 -0.07049067 
2.84803587e-07 -0.09198926 -0.08572694 -0.07981611 -0.07478263 -0.07049067 
2.31012970e-07 -0.09198926 -0.08572694 -0.07981611 -0.07478263 -0.07049067 
1.87381742e-07 -0.09198926 -0.08572694 -0.07981611 -0.07478263 -0.07049067 
1.51991108e-07 -0.09198926 -0.08572694 -0.07981611 -0.07478263 -0.07049067 
1.23284674e-07 -0.09198926 -0.08572694 -0.07981611 -0.07478263 -0.07049067 
1.00000000e-07 -0.09198926 -0.08572694 -0.07981611 -0.07478263 -0.07049067 
P (bar) | log_He: -2σ | log_He: -1σ | log_He: median | log_He: +1σ | log_He: +2σ 
1.00000000e+02 -0.86154034 -0.85527802 -0.84936719 -0.84433371 -0.84004175 
8.11130831e+01 -0.86154034 -0.85527802 -0.84936719 -0.84433371 -0.84004175 
6.57933225e+01 -0.86154034 -0.85527802 -0.84936719 -0.84433371 -0.84004175 
5.33669923e+01 -0.86154034 -0.85527802 -0.84936719 -0.84433371 -0.84004175 
4.32876128e+01 -0.86154034 -0.85527802 -0.84936719 -0.84433371 -0.84004175 
3.51119173e+01 -0.86154034 -0.85527802 -0.84936719 -0.84433371 -0.84004175 
2.84803587e+01 -0.86154034 -0.85527802 -0.84936719 -0.84433371 -0.84004175 
2.31012970e+01 -0.86154034 -0.85527802 -0.84936719 -0.84433371 -0.84004175 
1.87381742e+01 -0.86154034 -0.85527802 -0.84936719 -0.84433371 -0.84004175 
1.51991108e+01 -0.86154034 -0.85527802 -0.84936719 -0.84433371 -0.84004175 
1.23284674e+01 -0.86154034 -0.85527802 -0.84936719 -0.84433371 -0.84004175 
1.00000000e+01 -0.86154034 -0.85527802 -0.84936719 -0.84433371 -0.84004175 
8.11130831e+00 -0.86154034 -0.85527802 -0.84936719 -0.84433371 -0.84004175 
6.57933225e+00 -0.86154034 -0.85527802 -0.84936719 -0.84433371 -0.84004175 
5.33669923e+00 -0.86154034 -0.85527802 -0.84936719 -0.84433371 -0.84004175 
4.32876128e+00 -0.86154034 -0.85527802 -0.84936719 -0.84433371 -0.84004175 
3.51119173e+00 -0.86154034 -0.85527802 -0.84936719 -0.84433371 -0.84004175 
2.84803587e+00 -0.86154034 -0.85527802 -0.84936719 -0.84433371 -0.84004175 
2.31012970e+00 -0.86154034 -0.85527802 -0.84936719 -0.84433371 -0.84004175 
1.87381742e+00 -0.86154034 -0.85527802 -0.84936719 -0.84433371 -0.84004175 
1.51991108e+00 -0.86154034 -0.85527802 -0.84936719 -0.84433371 -0.84004175 
1.23284674e+00 -0.86154034 -0.85527802 -0.84936719 -0.84433371 -0.84004175 
1.00000000e+00 -0.86154034 -0.85527802 -0.84936719 -0.84433371 -0.84004175 
8.11130831e-01 -0.86154034 -0.85527802 -0.84936719 -0.84433371 -0.84004175 
6.57933225e-01 -0.86154034 -0.85527802 -0.84936719 -0.84433371 -0.84004175 
5.33669923e-01 -0.86154034 -0.85527802 -0.84936719 -0.84433371 -0.84004175 
4.32876128e-01 -0.86154034 -0.85527802 -0.84936719 -0.84433371 -0.84004175 
3.51119173e-01 -0.86154034 -0.85527802 -0.84936719 -0.84433371 -0.84004175 
2.84803587e-01 -0.86154034 -0.85527802 -0.84936719 -0.84433371 -0.84004175 
2.31012970e-01 -0.86154034 -0.85527802 -0.84936719 -0.84433371 -0.84004175 
1.87381742e-01 -0.86154034 -0.85527802 -0.84936719 -0.84433371 -0.84004175 
1.51991108e-01 -0.86154034 -0.85527802 -0.84936719 -0.84433371 -0.84004175 
1.23284674e-01 -0.86154034 -0.85527802 -0.84936719 -0.84433371 -0.84004175 
1.00000000e-01 -0.86154034 -0.85527802 -0.84936719 -0.84433371 -0.84004175 
8.11130831e-02 -0.86154034 -0.85527802 -0.84936719 -0.84433371 -0.84004175 
6.57933225e-02 -0.86154034 -0.85527802 -0.84936719 -0.84433371 -0.84004175 
5.33669923e-02 -0.86154034 -0.85527802 -0.84936719 -0.84433371 -0.84004175 
4.32876128e-02 -0.86154034 -0.85527802 -0.84936719 -0.84433371 -0.84004175 
3.51119173e-02 -0.86154034 -0.85527802 -0.84936719 -0.84433371 -0.84004175 
2.84803587e-02 -0.86154034 -0.85527802 -0.84936719 -0.84433371 -0.84004175 
2.31012970e-02 -0.86154034 -0.85527802 -0.84936719 -0.84433371 -0.84004175 
1.87381742e-02 -0.86154034 -0.85527802 -0.84936719 -0.84433371 -0.84004175 
1.51991108e-02 -0.86154034 -0.85527802 -0.84936719 -0.84433371 -0.84004175 
1.23284674e-02 -0.86154034 -0.85527802 -0.84936719 -0.84433371 -0.84004175 
1.00000000e-02 -0.86154034 -0.85527802 -0.84936719 -0.84433371 -0.84004175 
8.11130831e-03 -0.86154034 -0.85527802 -0.84936719 -0.84433371 -0.84004175 
6.57933225e-03 -0.86154034 -0.85527802 -0.84936719 -0.84433371 -0.84004175 
5.33669923e-03 -0.86154034 -0.85527802 -0.84936719 -0.84433371 -0.84004175 
4.32876128e-03 -0.86154034 -0.85527802 -0.84936719 -0.84433371 -0.84004175 
3.51119173e-03 -0.86154034 -0.85527802 -0.84936719 -0.84433371 -0.84004175 
2.84803587e-03 -0.86154034 -0.85527802 -0.84936719 -0.84433371 -0.84004175 
2.31012970e-03 -0.86154034 -0.85527802 -0.84936719 -0.84433371 -0.84004175 
1.87381742e-03 -0.86154034 -0.85527802 -0.84936719 -0.84433371 -0.84004175 
1.51991108e-03 -0.86154034 -0.85527802 -0.84936719 -0.84433371 -0.84004175 
1.23284674e-03 -0.86154034 -0.85527802 -0.84936719 -0.84433371 -0.84004175 
1.00000000e-03 -0.86154034 -0.85527802 -0.84936719 -0.84433371 -0.84004175 
8.11130831e-04 -0.86154034 -0.85527802 -0.84936719 -0.84433371 -0.84004175 
6.57933225e-04 -0.86154034 -0.85527802 -0.84936719 -0.84433371 -0.84004175 
5.33669923e-04 -0.86154034 -0.85527802 -0.84936719 -0.84433371 -0.84004175 
4.32876128e-04 -0.86154034 -0.85527802 -0.84936719 -0.84433371 -0.84004175 
3.51119173e-04 -0.86154034 -0.85527802 -0.84936719 -0.84433371 -0.84004175 
2.84803587e-04 -0.86154034 -0.85527802 -0.84936719 -0.84433371 -0.84004175 
2.31012970e-04 -0.86154034 -0.85527802 -0.84936719 -0.84433371 -0.84004175 
1.87381742e-04 -0.86154034 -0.85527802 -0.84936719 -0.84433371 -0.84004175 
1.51991108e-04 -0.86154034 -0.85527802 -0.84936719 -0.84433371 -0.84004175 
1.23284674e-04 -0.86154034 -0.85527802 -0.84936719 -0.84433371 -0.84004175 
1.00000000e-04 -0.86154034 -0.85527802 -0.84936719 -0.84433371 -0.84004175 
8.11130831e-05 -0.86154034 -0.85527802 -0.84936719 -0.84433371 -0.84004175 
6.57933225e-05 -0.86154034 -0.85527802 -0.84936719 -0.84433371 -0.84004175 
5.33669923e-05 -0.86154034 -0.85527802 -0.84936719 -0.84433371 -0.84004175 
4.32876128e-05 -0.86154034 -0.85527802 -0.84936719 -0.84433371 -0.84004175 
3.51119173e-05 -0.86154034 -0.85527802 -0.84936719 -0.84433371 -0.84004175 
2.84803587e-05 -0.86154034 -0.85527802 -0.84936719 -0.84433371 -0.84004175 
2.31012970e-05 -0.86154034 -0.85527802 -0.84936719 -0.84433371 -0.84004175 
1.87381742e-05 -0.86154034 -0.85527802 -0.84936719 -0.84433371 -0.84004175 
1.51991108e-05 -0.86154034 -0.85527802 -0.84936719 -0.84433371 -0.84004175 
1.23284674e-05 -0.86154034 -0.85527802 -0.84936719 -0.84433371 -0.84004175 
1.00000000e-05 -0.86154034 -0.85527802 -0.84936719 -0.84433371 -0.84004175 
8.11130831e-06 -0.86154034 -0.85527802 -0.84936719 -0.84433371 -0.84004175 
6.57933225e-06 -0.86154034 -0.85527802 -0.84936719 -0.84433371 -0.84004175 
5.33669923e-06 -0.86154034 -0.85527802 -0.84936719 -0.84433371 -0.84004175 
4.32876128e-06 -0.86154034 -0.85527802 -0.84936719 -0.84433371 -0.84004175 
3.51119173e-06 -0.86154034 -0.85527802 -0.84936719 -0.84433371 -0.84004175 
2.84803587e-06 -0.86154034 -0.85527802 -0.84936719 -0.84433371 -0.84004175 
2.31012970e-06 -0.86154034 -0.85527802 -0.84936719 -0.84433371 -0.84004175 
1.87381742e-06 -0.86154034 -0.85527802 -0.84936719 -0.84433371 -0.84004175 
1.51991108e-06 -0.86154034 -0.85527802 -0.84936719 -0.84433371 -0.84004175 
1.23284674e-06 -0.86154034 -0.85527802 -0.84936719 -0.84433371 -0.84004175 
1.00000000e-06 -0.86154034 -0.85527802 -0.84936719 -0.84433371 -0.84004175 
8.11130831e-07 -0.86154034 -0.85527802 -0.84936719 -0.84433371 -0.84004175 
6.57933225e-07 -0.86154034 -0.85527802 -0.84936719 -0.84433371 -0.84004175 
5.33669923e-07 -0.86154034 -0.85527802 -0.84936719 -0.84433371 -0.84004175 
4.32876128e-07 -0.86154034 -0.85527802 -0.84936719 -0.84433371 -0.84004175 
3.51119173e-07 -0.86154034 -0.85527802 -0.84936719 -0.84433371 -0.84004175 
2.84803587e-07 -0.86154034 -0.85527802 -0.84936719 -0.84433371 -0.84004175 
2.31012970e-07 -0.86154034 -0.85527802 -0.84936719 -0.84433371 -0.84004175 
1.87381742e-07 -0.86154034 -0.85527802 -0.84936719 -0.84433371 -0.84004175 
1.51991108e-07 -0.86154034 -0.85527802 -0.84936719 -0.84433371 -0.84004175 
1.23284674e-07 -0.86154034 -0.85527802 -0.84936719 -0.84433371 -0.84004175 
1.00000000e-07 -0.86154034 -0.85527802 -0.84936719 -0.84433371 -0.84004175 
P (bar) | log_H2O: -2σ | log_H2O: -1σ | log_H2O: median | log_H2O: +1σ | log_H2O: +2σ 
1.00000000e+02 -2.28426082 -1.82819094 -1.58422938 -1.41060625 -1.28024256 
8.11130831e+01 -2.28426082 -1.82819094 -1.58422938 -1.41060625 -1.28024256 
6.57933225e+01 -2.28426082 -1.82819094 -1.58422938 -1.41060625 -1.28024256 
5.33669923e+01 -2.28426082 -1.82819094 -1.58422938 -1.41060625 -1.28024256 
4.32876128e+01 -2.28426082 -1.82819094 -1.58422938 -1.41060625 -1.28024256 
3.51119173e+01 -2.28426082 -1.82819094 -1.58422938 -1.41060625 -1.28024256 
2.84803587e+01 -2.28426082 -1.82819094 -1.58422938 -1.41060625 -1.28024256 
2.31012970e+01 -2.28426082 -1.82819094 -1.58422938 -1.41060625 -1.28024256 
1.87381742e+01 -2.28426082 -1.82819094 -1.58422938 -1.41060625 -1.28024256 
1.51991108e+01 -2.28426082 -1.82819094 -1.58422938 -1.41060625 -1.28024256 
1.23284674e+01 -2.28426082 -1.82819094 -1.58422938 -1.41060625 -1.28024256 
1.00000000e+01 -2.28426082 -1.82819094 -1.58422938 -1.41060625 -1.28024256 
8.11130831e+00 -2.28426082 -1.82819094 -1.58422938 -1.41060625 -1.28024256 
6.57933225e+00 -2.28426082 -1.82819094 -1.58422938 -1.41060625 -1.28024256 
5.33669923e+00 -2.28426082 -1.82819094 -1.58422938 -1.41060625 -1.28024256 
4.32876128e+00 -2.28426082 -1.82819094 -1.58422938 -1.41060625 -1.28024256 
3.51119173e+00 -2.28426082 -1.82819094 -1.58422938 -1.41060625 -1.28024256 
2.84803587e+00 -2.28426082 -1.82819094 -1.58422938 -1.41060625 -1.28024256 
2.31012970e+00 -2.28426082 -1.82819094 -1.58422938 -1.41060625 -1.28024256 
1.87381742e+00 -2.28426082 -1.82819094 -1.58422938 -1.41060625 -1.28024256 
1.51991108e+00 -2.28426082 -1.82819094 -1.58422938 -1.41060625 -1.28024256 
1.23284674e+00 -2.28426082 -1.82819094 -1.58422938 -1.41060625 -1.28024256 
1.00000000e+00 -2.28426082 -1.82819094 -1.58422938 -1.41060625 -1.28024256 
8.11130831e-01 -2.28426082 -1.82819094 -1.58422938 -1.41060625 -1.28024256 
6.57933225e-01 -2.28426082 -1.82819094 -1.58422938 -1.41060625 -1.28024256 
5.33669923e-01 -2.28426082 -1.82819094 -1.58422938 -1.41060625 -1.28024256 
4.32876128e-01 -2.28426082 -1.82819094 -1.58422938 -1.41060625 -1.28024256 
3.51119173e-01 -2.28426082 -1.82819094 -1.58422938 -1.41060625 -1.28024256 
2.84803587e-01 -2.28426082 -1.82819094 -1.58422938 -1.41060625 -1.28024256 
2.31012970e-01 -2.28426082 -1.82819094 -1.58422938 -1.41060625 -1.28024256 
1.87381742e-01 -2.28426082 -1.82819094 -1.58422938 -1.41060625 -1.28024256 
1.51991108e-01 -2.28426082 -1.82819094 -1.58422938 -1.41060625 -1.28024256 
1.23284674e-01 -2.28426082 -1.82819094 -1.58422938 -1.41060625 -1.28024256 
1.00000000e-01 -2.28426082 -1.82819094 -1.58422938 -1.41060625 -1.28024256 
8.11130831e-02 -2.28426082 -1.82819094 -1.58422938 -1.41060625 -1.28024256 
6.57933225e-02 -2.28426082 -1.82819094 -1.58422938 -1.41060625 -1.28024256 
5.33669923e-02 -2.28426082 -1.82819094 -1.58422938 -1.41060625 -1.28024256 
4.32876128e-02 -2.28426082 -1.82819094 -1.58422938 -1.41060625 -1.28024256 
3.51119173e-02 -2.28426082 -1.82819094 -1.58422938 -1.41060625 -1.28024256 
2.84803587e-02 -2.28426082 -1.82819094 -1.58422938 -1.41060625 -1.28024256 
2.31012970e-02 -2.28426082 -1.82819094 -1.58422938 -1.41060625 -1.28024256 
1.87381742e-02 -2.28426082 -1.82819094 -1.58422938 -1.41060625 -1.28024256 
1.51991108e-02 -2.28426082 -1.82819094 -1.58422938 -1.41060625 -1.28024256 
1.23284674e-02 -2.28426082 -1.82819094 -1.58422938 -1.41060625 -1.28024256 
1.00000000e-02 -2.28426082 -1.82819094 -1.58422938 -1.41060625 -1.28024256 
8.11130831e-03 -2.28426082 -1.82819094 -1.58422938 -1.41060625 -1.28024256 
6.57933225e-03 -2.28426082 -1.82819094 -1.58422938 -1.41060625 -1.28024256 
5.33669923e-03 -2.28426082 -1.82819094 -1.58422938 -1.41060625 -1.28024256 
4.32876128e-03 -2.28426082 -1.82819094 -1.58422938 -1.41060625 -1.28024256 
3.51119173e-03 -2.28426082 -1.82819094 -1.58422938 -1.41060625 -1.28024256 
2.84803587e-03 -2.28426082 -1.82819094 -1.58422938 -1.41060625 -1.28024256 
2.31012970e-03 -2.28426082 -1.82819094 -1.58422938 -1.41060625 -1.28024256 
1.87381742e-03 -2.28426082 -1.82819094 -1.58422938 -1.41060625 -1.28024256 
1.51991108e-03 -2.28426082 -1.82819094 -1.58422938 -1.41060625 -1.28024256 
1.23284674e-03 -2.28426082 -1.82819094 -1.58422938 -1.41060625 -1.28024256 
1.00000000e-03 -2.28426082 -1.82819094 -1.58422938 -1.41060625 -1.28024256 
8.11130831e-04 -2.28426082 -1.82819094 -1.58422938 -1.41060625 -1.28024256 
6.57933225e-04 -2.28426082 -1.82819094 -1.58422938 -1.41060625 -1.28024256 
5.33669923e-04 -2.28426082 -1.82819094 -1.58422938 -1.41060625 -1.28024256 
4.32876128e-04 -2.28426082 -1.82819094 -1.58422938 -1.41060625 -1.28024256 
3.51119173e-04 -2.28426082 -1.82819094 -1.58422938 -1.41060625 -1.28024256 
2.84803587e-04 -2.28426082 -1.82819094 -1.58422938 -1.41060625 -1.28024256 
2.31012970e-04 -2.28426082 -1.82819094 -1.58422938 -1.41060625 -1.28024256 
1.87381742e-04 -2.28426082 -1.82819094 -1.58422938 -1.41060625 -1.28024256 
1.51991108e-04 -2.28426082 -1.82819094 -1.58422938 -1.41060625 -1.28024256 
1.23284674e-04 -2.28426082 -1.82819094 -1.58422938 -1.41060625 -1.28024256 
1.00000000e-04 -2.28426082 -1.82819094 -1.58422938 -1.41060625 -1.28024256 
8.11130831e-05 -2.28426082 -1.82819094 -1.58422938 -1.41060625 -1.28024256 
6.57933225e-05 -2.28426082 -1.82819094 -1.58422938 -1.41060625 -1.28024256 
5.33669923e-05 -2.28426082 -1.82819094 -1.58422938 -1.41060625 -1.28024256 
4.32876128e-05 -2.28426082 -1.82819094 -1.58422938 -1.41060625 -1.28024256 
3.51119173e-05 -2.28426082 -1.82819094 -1.58422938 -1.41060625 -1.28024256 
2.84803587e-05 -2.28426082 -1.82819094 -1.58422938 -1.41060625 -1.28024256 
2.31012970e-05 -2.28426082 -1.82819094 -1.58422938 -1.41060625 -1.28024256 
1.87381742e-05 -2.28426082 -1.82819094 -1.58422938 -1.41060625 -1.28024256 
1.51991108e-05 -2.28426082 -1.82819094 -1.58422938 -1.41060625 -1.28024256 
1.23284674e-05 -2.28426082 -1.82819094 -1.58422938 -1.41060625 -1.28024256 
1.00000000e-05 -2.28426082 -1.82819094 -1.58422938 -1.41060625 -1.28024256 
8.11130831e-06 -2.28426082 -1.82819094 -1.58422938 -1.41060625 -1.28024256 
6.57933225e-06 -2.28426082 -1.82819094 -1.58422938 -1.41060625 -1.28024256 
5.33669923e-06 -2.28426082 -1.82819094 -1.58422938 -1.41060625 -1.28024256 
4.32876128e-06 -2.28426082 -1.82819094 -1.58422938 -1.41060625 -1.28024256 
3.51119173e-06 -2.28426082 -1.82819094 -1.58422938 -1.41060625 -1.28024256 
2.84803587e-06 -2.28426082 -1.82819094 -1.58422938 -1.41060625 -1.28024256 
2.31012970e-06 -2.28426082 -1.82819094 -1.58422938 -1.41060625 -1.28024256 
1.87381742e-06 -2.28426082 -1.82819094 -1.58422938 -1.41060625 -1.28024256 
1.51991108e-06 -2.28426082 -1.82819094 -1.58422938 -1.41060625 -1.28024256 
1.23284674e-06 -2.28426082 -1.82819094 -1.58422938 -1.41060625 -1.28024256 
1.00000000e-06 -2.28426082 -1.82819094 -1.58422938 -1.41060625 -1.28024256 
8.11130831e-07 -2.28426082 -1.82819094 -1.58422938 -1.41060625 -1.28024256 
6.57933225e-07 -2.28426082 -1.82819094 -1.58422938 -1.41060625 -1.28024256 
5.33669923e-07 -2.28426082 -1.82819094 -1.58422938 -1.41060625 -1.28024256 
4.32876128e-07 -2.28426082 -1.82819094 -1.58422938 -1.41060625 -1.28024256 
3.51119173e-07 -2.28426082 -1.82819094 -1.58422938 -1.41060625 -1.28024256 
2.84803587e-07 -2.28426082 -1.82819094 -1.58422938 -1.41060625 -1.28024256 
2.31012970e-07 -2.28426082 -1.82819094 -1.58422938 -1.41060625 -1.28024256 
1.87381742e-07 -2.28426082 -1.82819094 -1.58422938 -1.41060625 -1.28024256 
1.51991108e-07 -2.28426082 -1.82819094 -1.58422938 -1.41060625 -1.28024256 
1.23284674e-07 -2.28426082 -1.82819094 -1.58422938 -1.41060625 -1.28024256 
1.00000000e-07 -2.28426082 -1.82819094 -1.58422938 -1.41060625 -1.28024256 
P (bar) | log_CO2: -2σ | log_CO2: -1σ | log_CO2: median | log_CO2: +1σ | log_CO2: +2σ 
1.00000000e+02 -4.36421067 -3.85692771 -3.55125534 -3.31369223 -3.05639941 
8.11130831e+01 -4.36421067 -3.85692771 -3.55125534 -3.31369223 -3.05639941 
6.57933225e+01 -4.36421067 -3.85692771 -3.55125534 -3.31369223 -3.05639941 
5.33669923e+01 -4.36421067 -3.85692771 -3.55125534 -3.31369223 -3.05639941 
4.32876128e+01 -4.36421067 -3.85692771 -3.55125534 -3.31369223 -3.05639941 
3.51119173e+01 -4.36421067 -3.85692771 -3.55125534 -3.31369223 -3.05639941 
2.84803587e+01 -4.36421067 -3.85692771 -3.55125534 -3.31369223 -3.05639941 
2.31012970e+01 -4.36421067 -3.85692771 -3.55125534 -3.31369223 -3.05639941 
1.87381742e+01 -4.36421067 -3.85692771 -3.55125534 -3.31369223 -3.05639941 
1.51991108e+01 -4.36421067 -3.85692771 -3.55125534 -3.31369223 -3.05639941 
1.23284674e+01 -4.36421067 -3.85692771 -3.55125534 -3.31369223 -3.05639941 
1.00000000e+01 -4.36421067 -3.85692771 -3.55125534 -3.31369223 -3.05639941 
8.11130831e+00 -4.36421067 -3.85692771 -3.55125534 -3.31369223 -3.05639941 
6.57933225e+00 -4.36421067 -3.85692771 -3.55125534 -3.31369223 -3.05639941 
5.33669923e+00 -4.36421067 -3.85692771 -3.55125534 -3.31369223 -3.05639941 
4.32876128e+00 -4.36421067 -3.85692771 -3.55125534 -3.31369223 -3.05639941 
3.51119173e+00 -4.36421067 -3.85692771 -3.55125534 -3.31369223 -3.05639941 
2.84803587e+00 -4.36421067 -3.85692771 -3.55125534 -3.31369223 -3.05639941 
2.31012970e+00 -4.36421067 -3.85692771 -3.55125534 -3.31369223 -3.05639941 
1.87381742e+00 -4.36421067 -3.85692771 -3.55125534 -3.31369223 -3.05639941 
1.51991108e+00 -4.36421067 -3.85692771 -3.55125534 -3.31369223 -3.05639941 
1.23284674e+00 -4.36421067 -3.85692771 -3.55125534 -3.31369223 -3.05639941 
1.00000000e+00 -4.36421067 -3.85692771 -3.55125534 -3.31369223 -3.05639941 
8.11130831e-01 -4.36421067 -3.85692771 -3.55125534 -3.31369223 -3.05639941 
6.57933225e-01 -4.36421067 -3.85692771 -3.55125534 -3.31369223 -3.05639941 
5.33669923e-01 -4.36421067 -3.85692771 -3.55125534 -3.31369223 -3.05639941 
4.32876128e-01 -4.36421067 -3.85692771 -3.55125534 -3.31369223 -3.05639941 
3.51119173e-01 -4.36421067 -3.85692771 -3.55125534 -3.31369223 -3.05639941 
2.84803587e-01 -4.36421067 -3.85692771 -3.55125534 -3.31369223 -3.05639941 
2.31012970e-01 -4.36421067 -3.85692771 -3.55125534 -3.31369223 -3.05639941 
1.87381742e-01 -4.36421067 -3.85692771 -3.55125534 -3.31369223 -3.05639941 
1.51991108e-01 -4.36421067 -3.85692771 -3.55125534 -3.31369223 -3.05639941 
1.23284674e-01 -4.36421067 -3.85692771 -3.55125534 -3.31369223 -3.05639941 
1.00000000e-01 -4.36421067 -3.85692771 -3.55125534 -3.31369223 -3.05639941 
8.11130831e-02 -4.36421067 -3.85692771 -3.55125534 -3.31369223 -3.05639941 
6.57933225e-02 -4.36421067 -3.85692771 -3.55125534 -3.31369223 -3.05639941 
5.33669923e-02 -4.36421067 -3.85692771 -3.55125534 -3.31369223 -3.05639941 
4.32876128e-02 -4.36421067 -3.85692771 -3.55125534 -3.31369223 -3.05639941 
3.51119173e-02 -4.36421067 -3.85692771 -3.55125534 -3.31369223 -3.05639941 
2.84803587e-02 -4.36421067 -3.85692771 -3.55125534 -3.31369223 -3.05639941 
2.31012970e-02 -4.36421067 -3.85692771 -3.55125534 -3.31369223 -3.05639941 
1.87381742e-02 -4.36421067 -3.85692771 -3.55125534 -3.31369223 -3.05639941 
1.51991108e-02 -4.36421067 -3.85692771 -3.55125534 -3.31369223 -3.05639941 
1.23284674e-02 -4.36421067 -3.85692771 -3.55125534 -3.31369223 -3.05639941 
1.00000000e-02 -4.36421067 -3.85692771 -3.55125534 -3.31369223 -3.05639941 
8.11130831e-03 -4.36421067 -3.85692771 -3.55125534 -3.31369223 -3.05639941 
6.57933225e-03 -4.36421067 -3.85692771 -3.55125534 -3.31369223 -3.05639941 
5.33669923e-03 -4.36421067 -3.85692771 -3.55125534 -3.31369223 -3.05639941 
4.32876128e-03 -4.36421067 -3.85692771 -3.55125534 -3.31369223 -3.05639941 
3.51119173e-03 -4.36421067 -3.85692771 -3.55125534 -3.31369223 -3.05639941 
2.84803587e-03 -4.36421067 -3.85692771 -3.55125534 -3.31369223 -3.05639941 
2.31012970e-03 -4.36421067 -3.85692771 -3.55125534 -3.31369223 -3.05639941 
1.87381742e-03 -4.36421067 -3.85692771 -3.55125534 -3.31369223 -3.05639941 
1.51991108e-03 -4.36421067 -3.85692771 -3.55125534 -3.31369223 -3.05639941 
1.23284674e-03 -4.36421067 -3.85692771 -3.55125534 -3.31369223 -3.05639941 
1.00000000e-03 -4.36421067 -3.85692771 -3.55125534 -3.31369223 -3.05639941 
8.11130831e-04 -4.36421067 -3.85692771 -3.55125534 -3.31369223 -3.05639941 
6.57933225e-04 -4.36421067 -3.85692771 -3.55125534 -3.31369223 -3.05639941 
5.33669923e-04 -4.36421067 -3.85692771 -3.55125534 -3.31369223 -3.05639941 
4.32876128e-04 -4.36421067 -3.85692771 -3.55125534 -3.31369223 -3.05639941 
3.51119173e-04 -4.36421067 -3.85692771 -3.55125534 -3.31369223 -3.05639941 
2.84803587e-04 -4.36421067 -3.85692771 -3.55125534 -3.31369223 -3.05639941 
2.31012970e-04 -4.36421067 -3.85692771 -3.55125534 -3.31369223 -3.05639941 
1.87381742e-04 -4.36421067 -3.85692771 -3.55125534 -3.31369223 -3.05639941 
1.51991108e-04 -4.36421067 -3.85692771 -3.55125534 -3.31369223 -3.05639941 
1.23284674e-04 -4.36421067 -3.85692771 -3.55125534 -3.31369223 -3.05639941 
1.00000000e-04 -4.36421067 -3.85692771 -3.55125534 -3.31369223 -3.05639941 
8.11130831e-05 -4.36421067 -3.85692771 -3.55125534 -3.31369223 -3.05639941 
6.57933225e-05 -4.36421067 -3.85692771 -3.55125534 -3.31369223 -3.05639941 
5.33669923e-05 -4.36421067 -3.85692771 -3.55125534 -3.31369223 -3.05639941 
4.32876128e-05 -4.36421067 -3.85692771 -3.55125534 -3.31369223 -3.05639941 
3.51119173e-05 -4.36421067 -3.85692771 -3.55125534 -3.31369223 -3.05639941 
2.84803587e-05 -4.36421067 -3.85692771 -3.55125534 -3.31369223 -3.05639941 
2.31012970e-05 -4.36421067 -3.85692771 -3.55125534 -3.31369223 -3.05639941 
1.87381742e-05 -4.36421067 -3.85692771 -3.55125534 -3.31369223 -3.05639941 
1.51991108e-05 -4.36421067 -3.85692771 -3.55125534 -3.31369223 -3.05639941 
1.23284674e-05 -4.36421067 -3.85692771 -3.55125534 -3.31369223 -3.05639941 
1.00000000e-05 -4.36421067 -3.85692771 -3.55125534 -3.31369223 -3.05639941 
8.11130831e-06 -4.36421067 -3.85692771 -3.55125534 -3.31369223 -3.05639941 
6.57933225e-06 -4.36421067 -3.85692771 -3.55125534 -3.31369223 -3.05639941 
5.33669923e-06 -4.36421067 -3.85692771 -3.55125534 -3.31369223 -3.05639941 
4.32876128e-06 -4.36421067 -3.85692771 -3.55125534 -3.31369223 -3.05639941 
3.51119173e-06 -4.36421067 -3.85692771 -3.55125534 -3.31369223 -3.05639941 
2.84803587e-06 -4.36421067 -3.85692771 -3.55125534 -3.31369223 -3.05639941 
2.31012970e-06 -4.36421067 -3.85692771 -3.55125534 -3.31369223 -3.05639941 
1.87381742e-06 -4.36421067 -3.85692771 -3.55125534 -3.31369223 -3.05639941 
1.51991108e-06 -4.36421067 -3.85692771 -3.55125534 -3.31369223 -3.05639941 
1.23284674e-06 -4.36421067 -3.85692771 -3.55125534 -3.31369223 -3.05639941 
1.00000000e-06 -4.36421067 -3.85692771 -3.55125534 -3.31369223 -3.05639941 
8.11130831e-07 -4.36421067 -3.85692771 -3.55125534 -3.31369223 -3.05639941 
6.57933225e-07 -4.36421067 -3.85692771 -3.55125534 -3.31369223 -3.05639941 
5.33669923e-07 -4.36421067 -3.85692771 -3.55125534 -3.31369223 -3.05639941 
4.32876128e-07 -4.36421067 -3.85692771 -3.55125534 -3.31369223 -3.05639941 
3.51119173e-07 -4.36421067 -3.85692771 -3.55125534 -3.31369223 -3.05639941 
2.84803587e-07 -4.36421067 -3.85692771 -3.55125534 -3.31369223 -3.05639941 
2.31012970e-07 -4.36421067 -3.85692771 -3.55125534 -3.31369223 -3.05639941 
1.87381742e-07 -4.36421067 -3.85692771 -3.55125534 -3.31369223 -3.05639941 
1.51991108e-07 -4.36421067 -3.85692771 -3.55125534 -3.31369223 -3.05639941 
1.23284674e-07 -4.36421067 -3.85692771 -3.55125534 -3.31369223 -3.05639941 
1.00000000e-07 -4.36421067 -3.85692771 -3.55125534 -3.31369223 -3.05639941 
P (bar) | log_SO2: -2σ | log_SO2: -1σ | log_SO2: median | log_SO2: +1σ | log_SO2: +2σ 
1.00000000e+02 -5.66327099 -5.29500516 -5.03520779 -4.81757385 -4.62357018 
8.11130831e+01 -5.66327099 -5.29500516 -5.03520779 -4.81757385 -4.62357018 
6.57933225e+01 -5.66327099 -5.29500516 -5.03520779 -4.81757385 -4.62357018 
5.33669923e+01 -5.66327099 -5.29500516 -5.03520779 -4.81757385 -4.62357018 
4.32876128e+01 -5.66327099 -5.29500516 -5.03520779 -4.81757385 -4.62357018 
3.51119173e+01 -5.66327099 -5.29500516 -5.03520779 -4.81757385 -4.62357018 
2.84803587e+01 -5.66327099 -5.29500516 -5.03520779 -4.81757385 -4.62357018 
2.31012970e+01 -5.66327099 -5.29500516 -5.03520779 -4.81757385 -4.62357018 
1.87381742e+01 -5.66327099 -5.29500516 -5.03520779 -4.81757385 -4.62357018 
1.51991108e+01 -5.66327099 -5.29500516 -5.03520779 -4.81757385 -4.62357018 
1.23284674e+01 -5.66327099 -5.29500516 -5.03520779 -4.81757385 -4.62357018 
1.00000000e+01 -5.66327099 -5.29500516 -5.03520779 -4.81757385 -4.62357018 
8.11130831e+00 -5.66327099 -5.29500516 -5.03520779 -4.81757385 -4.62357018 
6.57933225e+00 -5.66327099 -5.29500516 -5.03520779 -4.81757385 -4.62357018 
5.33669923e+00 -5.66327099 -5.29500516 -5.03520779 -4.81757385 -4.62357018 
4.32876128e+00 -5.66327099 -5.29500516 -5.03520779 -4.81757385 -4.62357018 
3.51119173e+00 -5.66327099 -5.29500516 -5.03520779 -4.81757385 -4.62357018 
2.84803587e+00 -5.66327099 -5.29500516 -5.03520779 -4.81757385 -4.62357018 
2.31012970e+00 -5.66327099 -5.29500516 -5.03520779 -4.81757385 -4.62357018 
1.87381742e+00 -5.66327099 -5.29500516 -5.03520779 -4.81757385 -4.62357018 
1.51991108e+00 -5.66327099 -5.29500516 -5.03520779 -4.81757385 -4.62357018 
1.23284674e+00 -5.66327099 -5.29500516 -5.03520779 -4.81757385 -4.62357018 
1.00000000e+00 -5.66327099 -5.29500516 -5.03520779 -4.81757385 -4.62357018 
8.11130831e-01 -5.66327099 -5.29500516 -5.03520779 -4.81757385 -4.62357018 
6.57933225e-01 -5.66327099 -5.29500516 -5.03520779 -4.81757385 -4.62357018 
5.33669923e-01 -5.66327099 -5.29500516 -5.03520779 -4.81757385 -4.62357018 
4.32876128e-01 -5.66327099 -5.29500516 -5.03520779 -4.81757385 -4.62357018 
3.51119173e-01 -5.66327099 -5.29500516 -5.03520779 -4.81757385 -4.62357018 
2.84803587e-01 -5.66327099 -5.29500516 -5.03520779 -4.81757385 -4.62357018 
2.31012970e-01 -5.66327099 -5.29500516 -5.03520779 -4.81757385 -4.62357018 
1.87381742e-01 -5.66327099 -5.29500516 -5.03520779 -4.81757385 -4.62357018 
1.51991108e-01 -5.66327099 -5.29500516 -5.03520779 -4.81757385 -4.62357018 
1.23284674e-01 -5.66327099 -5.29500516 -5.03520779 -4.81757385 -4.62357018 
1.00000000e-01 -5.66327099 -5.29500516 -5.03520779 -4.81757385 -4.62357018 
8.11130831e-02 -5.66327099 -5.29500516 -5.03520779 -4.81757385 -4.62357018 
6.57933225e-02 -5.66327099 -5.29500516 -5.03520779 -4.81757385 -4.62357018 
5.33669923e-02 -5.66327099 -5.29500516 -5.03520779 -4.81757385 -4.62357018 
4.32876128e-02 -5.66327099 -5.29500516 -5.03520779 -4.81757385 -4.62357018 
3.51119173e-02 -5.66327099 -5.29500516 -5.03520779 -4.81757385 -4.62357018 
2.84803587e-02 -5.66327099 -5.29500516 -5.03520779 -4.81757385 -4.62357018 
2.31012970e-02 -5.66327099 -5.29500516 -5.03520779 -4.81757385 -4.62357018 
1.87381742e-02 -5.66327099 -5.29500516 -5.03520779 -4.81757385 -4.62357018 
1.51991108e-02 -5.66327099 -5.29500516 -5.03520779 -4.81757385 -4.62357018 
1.23284674e-02 -5.66327099 -5.29500516 -5.03520779 -4.81757385 -4.62357018 
1.00000000e-02 -5.66327099 -5.29500516 -5.03520779 -4.81757385 -4.62357018 
8.11130831e-03 -5.66327099 -5.29500516 -5.03520779 -4.81757385 -4.62357018 
6.57933225e-03 -5.66327099 -5.29500516 -5.03520779 -4.81757385 -4.62357018 
5.33669923e-03 -5.66327099 -5.29500516 -5.03520779 -4.81757385 -4.62357018 
4.32876128e-03 -5.66327099 -5.29500516 -5.03520779 -4.81757385 -4.62357018 
3.51119173e-03 -5.66327099 -5.29500516 -5.03520779 -4.81757385 -4.62357018 
2.84803587e-03 -5.66327099 -5.29500516 -5.03520779 -4.81757385 -4.62357018 
2.31012970e-03 -5.66327099 -5.29500516 -5.03520779 -4.81757385 -4.62357018 
1.87381742e-03 -5.66327099 -5.29500516 -5.03520779 -4.81757385 -4.62357018 
1.51991108e-03 -5.66327099 -5.29500516 -5.03520779 -4.81757385 -4.62357018 
1.23284674e-03 -5.66327099 -5.29500516 -5.03520779 -4.81757385 -4.62357018 
1.00000000e-03 -5.66327099 -5.29500516 -5.03520779 -4.81757385 -4.62357018 
8.11130831e-04 -5.66327099 -5.29500516 -5.03520779 -4.81757385 -4.62357018 
6.57933225e-04 -5.66327099 -5.29500516 -5.03520779 -4.81757385 -4.62357018 
5.33669923e-04 -5.66327099 -5.29500516 -5.03520779 -4.81757385 -4.62357018 
4.32876128e-04 -5.66327099 -5.29500516 -5.03520779 -4.81757385 -4.62357018 
3.51119173e-04 -5.66327099 -5.29500516 -5.03520779 -4.81757385 -4.62357018 
2.84803587e-04 -5.66327099 -5.29500516 -5.03520779 -4.81757385 -4.62357018 
2.31012970e-04 -5.66327099 -5.29500516 -5.03520779 -4.81757385 -4.62357018 
1.87381742e-04 -5.66327099 -5.29500516 -5.03520779 -4.81757385 -4.62357018 
1.51991108e-04 -5.66327099 -5.29500516 -5.03520779 -4.81757385 -4.62357018 
1.23284674e-04 -5.66327099 -5.29500516 -5.03520779 -4.81757385 -4.62357018 
1.00000000e-04 -5.66327099 -5.29500516 -5.03520779 -4.81757385 -4.62357018 
8.11130831e-05 -5.66327099 -5.29500516 -5.03520779 -4.81757385 -4.62357018 
6.57933225e-05 -5.66327099 -5.29500516 -5.03520779 -4.81757385 -4.62357018 
5.33669923e-05 -5.66327099 -5.29500516 -5.03520779 -4.81757385 -4.62357018 
4.32876128e-05 -5.66327099 -5.29500516 -5.03520779 -4.81757385 -4.62357018 
3.51119173e-05 -5.66327099 -5.29500516 -5.03520779 -4.81757385 -4.62357018 
2.84803587e-05 -5.66327099 -5.29500516 -5.03520779 -4.81757385 -4.62357018 
2.31012970e-05 -5.66327099 -5.29500516 -5.03520779 -4.81757385 -4.62357018 
1.87381742e-05 -5.66327099 -5.29500516 -5.03520779 -4.81757385 -4.62357018 
1.51991108e-05 -5.66327099 -5.29500516 -5.03520779 -4.81757385 -4.62357018 
1.23284674e-05 -5.66327099 -5.29500516 -5.03520779 -4.81757385 -4.62357018 
1.00000000e-05 -5.66327099 -5.29500516 -5.03520779 -4.81757385 -4.62357018 
8.11130831e-06 -5.66327099 -5.29500516 -5.03520779 -4.81757385 -4.62357018 
6.57933225e-06 -5.66327099 -5.29500516 -5.03520779 -4.81757385 -4.62357018 
5.33669923e-06 -5.66327099 -5.29500516 -5.03520779 -4.81757385 -4.62357018 
4.32876128e-06 -5.66327099 -5.29500516 -5.03520779 -4.81757385 -4.62357018 
3.51119173e-06 -5.66327099 -5.29500516 -5.03520779 -4.81757385 -4.62357018 
2.84803587e-06 -5.66327099 -5.29500516 -5.03520779 -4.81757385 -4.62357018 
2.31012970e-06 -5.66327099 -5.29500516 -5.03520779 -4.81757385 -4.62357018 
1.87381742e-06 -5.66327099 -5.29500516 -5.03520779 -4.81757385 -4.62357018 
1.51991108e-06 -5.66327099 -5.29500516 -5.03520779 -4.81757385 -4.62357018 
1.23284674e-06 -5.66327099 -5.29500516 -5.03520779 -4.81757385 -4.62357018 
1.00000000e-06 -5.66327099 -5.29500516 -5.03520779 -4.81757385 -4.62357018 
8.11130831e-07 -5.66327099 -5.29500516 -5.03520779 -4.81757385 -4.62357018 
6.57933225e-07 -5.66327099 -5.29500516 -5.03520779 -4.81757385 -4.62357018 
5.33669923e-07 -5.66327099 -5.29500516 -5.03520779 -4.81757385 -4.62357018 
4.32876128e-07 -5.66327099 -5.29500516 -5.03520779 -4.81757385 -4.62357018 
3.51119173e-07 -5.66327099 -5.29500516 -5.03520779 -4.81757385 -4.62357018 
2.84803587e-07 -5.66327099 -5.29500516 -5.03520779 -4.81757385 -4.62357018 
2.31012970e-07 -5.66327099 -5.29500516 -5.03520779 -4.81757385 -4.62357018 
1.87381742e-07 -5.66327099 -5.29500516 -5.03520779 -4.81757385 -4.62357018 
1.51991108e-07 -5.66327099 -5.29500516 -5.03520779 -4.81757385 -4.62357018 
1.23284674e-07 -5.66327099 -5.29500516 -5.03520779 -4.81757385 -4.62357018 
1.00000000e-07 -5.66327099 -5.29500516 -5.03520779 -4.81757385 -4.62357018 
