Chemical species: H2 He H2O CO2 SO2 CO H2S NH3 CH4
P (bar) | log_H2: -2σ | log_H2: -1σ | log_H2: median | log_H2: +1σ | log_H2: +2σ 
1.00000000e+02 -0.07639787 -0.07468582 -0.07347305 -0.07250505 -0.07160918 
8.11130831e+01 -0.07639504 -0.07465213 -0.07339848 -0.07242068 -0.07153854 
6.57933225e+01 -0.07640417 -0.07462420 -0.07335118 -0.07237070 -0.07149863 
5.33669923e+01 -0.07638067 -0.07461071 -0.07331777 -0.07233532 -0.07148357 
4.32876128e+01 -0.07641643 -0.07460037 -0.07329908 -0.07232031 -0.07147397 
3.51119173e+01 -0.07644476 -0.07458169 -0.07329919 -0.07232733 -0.07146563 
2.84803587e+01 -0.07648663 -0.07456954 -0.07328748 -0.07230889 -0.07143802 
2.31012970e+01 -0.07650388 -0.07453311 -0.07324573 -0.07224371 -0.07138610 
1.87381742e+01 -0.07652220 -0.07452521 -0.07322822 -0.07220745 -0.07134996 
1.51991108e+01 -0.07652457 -0.07453074 -0.07322185 -0.07219831 -0.07133289 
1.23284674e+01 -0.07653052 -0.07456547 -0.07322533 -0.07219592 -0.07132962 
1.00000000e+01 -0.07654729 -0.07457511 -0.07324571 -0.07220958 -0.07133857 
8.11130831e+00 -0.07656900 -0.07457206 -0.07320114 -0.07216736 -0.07128078 
6.57933225e+00 -0.07658609 -0.07456527 -0.07317292 -0.07212619 -0.07124344 
5.33669923e+00 -0.07658929 -0.07453833 -0.07316104 -0.07211128 -0.07122386 
4.32876128e+00 -0.07659464 -0.07454020 -0.07315896 -0.07210296 -0.07121974 
3.51119173e+00 -0.07660276 -0.07454956 -0.07316498 -0.07211194 -0.07122841 
2.84803587e+00 -0.07660849 -0.07452663 -0.07314686 -0.07209978 -0.07120554 
2.31012970e+00 -0.07657237 -0.07452638 -0.07312840 -0.07206083 -0.07115435 
1.87381742e+00 -0.07657429 -0.07451426 -0.07311752 -0.07203624 -0.07111455 
1.51991108e+00 -0.07657256 -0.07451699 -0.07311223 -0.07201608 -0.07109395 
1.23284674e+00 -0.07657412 -0.07451866 -0.07311228 -0.07201493 -0.07108927 
1.00000000e+00 -0.07657899 -0.07452031 -0.07312004 -0.07202665 -0.07110343 
8.11130831e-01 -0.07657851 -0.07452058 -0.07309360 -0.07198475 -0.07103464 
6.57933225e-01 -0.07657924 -0.07450776 -0.07307474 -0.07195900 -0.07099138 
5.33669923e-01 -0.07657613 -0.07450090 -0.07307242 -0.07193765 -0.07097730 
4.32876128e-01 -0.07657467 -0.07450041 -0.07305675 -0.07193095 -0.07097733 
3.51119173e-01 -0.07657670 -0.07450115 -0.07305564 -0.07193245 -0.07097761 
2.84803587e-01 -0.07657827 -0.07450174 -0.07304842 -0.07191813 -0.07096664 
2.31012970e-01 -0.07657763 -0.07450180 -0.07304202 -0.07190414 -0.07093451 
1.87381742e-01 -0.07657375 -0.07449938 -0.07303754 -0.07189227 -0.07092990 
1.51991108e-01 -0.07656838 -0.07449965 -0.07303283 -0.07188179 -0.07091746 
1.23284674e-01 -0.07656735 -0.07450071 -0.07303664 -0.07187076 -0.07091157 
1.00000000e-01 -0.07657064 -0.07450196 -0.07303386 -0.07187196 -0.07092443 
8.11130831e-02 -0.07656843 -0.07450053 -0.07301313 -0.07184899 -0.07087491 
6.57933225e-02 -0.07655935 -0.07449992 -0.07299027 -0.07183368 -0.07085822 
5.33669923e-02 -0.07655611 -0.07449924 -0.07297909 -0.07181247 -0.07083873 
4.32876128e-02 -0.07654595 -0.07449502 -0.07297903 -0.07179908 -0.07083430 
3.51119173e-02 -0.07654620 -0.07449140 -0.07297139 -0.07178364 -0.07083299 
2.84803587e-02 -0.07654659 -0.07448208 -0.07296471 -0.07177751 -0.07082199 
2.31012970e-02 -0.07649938 -0.07447296 -0.07295676 -0.07176347 -0.07080396 
1.87381742e-02 -0.07647509 -0.07446658 -0.07294923 -0.07175069 -0.07079041 
1.51991108e-02 -0.07646943 -0.07445934 -0.07294181 -0.07173533 -0.07077987 
1.23284674e-02 -0.07646535 -0.07445803 -0.07292345 -0.07172574 -0.07078426 
1.00000000e-02 -0.07638877 -0.07445643 -0.07291623 -0.07172006 -0.07079586 
8.11130831e-03 -0.07629155 -0.07445313 -0.07289174 -0.07171048 -0.07078503 
6.57933225e-03 -0.07620637 -0.07444079 -0.07287622 -0.07169811 -0.07077604 
5.33669923e-03 -0.07614501 -0.07441106 -0.07285675 -0.07168930 -0.07076574 
4.32876128e-03 -0.07614345 -0.07436648 -0.07282305 -0.07167303 -0.07075546 
3.51119173e-03 -0.07613886 -0.07432200 -0.07280379 -0.07165903 -0.07074582 
2.84803587e-03 -0.07609574 -0.07428813 -0.07276735 -0.07164235 -0.07074059 
2.31012970e-03 -0.07603771 -0.07425754 -0.07274587 -0.07163423 -0.07073439 
1.87381742e-03 -0.07598755 -0.07423271 -0.07270539 -0.07162088 -0.07072437 
1.51991108e-03 -0.07598339 -0.07420690 -0.07266979 -0.07160169 -0.07070988 
1.23284674e-03 -0.07595353 -0.07417374 -0.07261607 -0.07157750 -0.07069234 
1.00000000e-03 -0.07584263 -0.07413252 -0.07257359 -0.07155937 -0.07068070 
8.11130831e-04 -0.07582181 -0.07409402 -0.07253969 -0.07153037 -0.07066907 
6.57933225e-04 -0.07564938 -0.07403711 -0.07248932 -0.07149768 -0.07064844 
5.33669923e-04 -0.07553690 -0.07399361 -0.07244658 -0.07148078 -0.07063864 
4.32876128e-04 -0.07545669 -0.07392861 -0.07240011 -0.07145139 -0.07061022 
3.51119173e-04 -0.07534450 -0.07387902 -0.07234437 -0.07143238 -0.07060817 
2.84803587e-04 -0.07521258 -0.07381332 -0.07231087 -0.07140111 -0.07060875 
2.31012970e-04 -0.07509706 -0.07370682 -0.07227031 -0.07137460 -0.07060990 
1.87381742e-04 -0.07496067 -0.07361994 -0.07222165 -0.07133342 -0.07056930 
1.51991108e-04 -0.07480536 -0.07352925 -0.07216784 -0.07128923 -0.07056377 
1.23284674e-04 -0.07463330 -0.07341876 -0.07210877 -0.07125538 -0.07055190 
1.00000000e-04 -0.07448987 -0.07327541 -0.07205983 -0.07123455 -0.07053960 
8.11130831e-05 -0.07438172 -0.07315480 -0.07201058 -0.07121226 -0.07052336 
6.57933225e-05 -0.07431106 -0.07302242 -0.07196460 -0.07118411 -0.07050352 
5.33669923e-05 -0.07426550 -0.07287877 -0.07191815 -0.07115120 -0.07047898 
4.32876128e-05 -0.07405334 -0.07280614 -0.07187689 -0.07111122 -0.07045881 
3.51119173e-05 -0.07398796 -0.07275482 -0.07182922 -0.07108096 -0.07043620 
2.84803587e-05 -0.07391513 -0.07268977 -0.07179140 -0.07105671 -0.07041097 
2.31012970e-05 -0.07383934 -0.07264124 -0.07176144 -0.07102839 -0.07039382 
1.87381742e-05 -0.07378050 -0.07260574 -0.07173764 -0.07101345 -0.07039280 
1.51991108e-05 -0.07374424 -0.07257521 -0.07172114 -0.07100209 -0.07039208 
1.23284674e-05 -0.07372505 -0.07255605 -0.07170359 -0.07099750 -0.07038972 
1.00000000e-05 -0.07370999 -0.07254261 -0.07169350 -0.07099543 -0.07038879 
8.11130831e-06 -0.07370040 -0.07253325 -0.07168686 -0.07099564 -0.07039031 
6.57933225e-06 -0.07369380 -0.07252569 -0.07168133 -0.07099497 -0.07039279 
5.33669923e-06 -0.07368963 -0.07251955 -0.07167670 -0.07099442 -0.07039647 
4.32876128e-06 -0.07368731 -0.07251528 -0.07167382 -0.07099492 -0.07040129 
3.51119173e-06 -0.07367931 -0.07251468 -0.07167360 -0.07099629 -0.07040707 
2.84803587e-06 -0.07367808 -0.07251580 -0.07167524 -0.07099978 -0.07041372 
2.31012970e-06 -0.07367796 -0.07251743 -0.07167847 -0.07100576 -0.07042025 
1.87381742e-06 -0.07368194 -0.07251804 -0.07168192 -0.07101317 -0.07042696 
1.51991108e-06 -0.07368778 -0.07251871 -0.07168550 -0.07102033 -0.07043378 
1.23284674e-06 -0.07369450 -0.07251926 -0.07168915 -0.07102455 -0.07044066 
1.00000000e-06 -0.07369968 -0.07251988 -0.07169431 -0.07103048 -0.07044760 
8.11130831e-07 -0.07370127 -0.07252393 -0.07170293 -0.07104010 -0.07046141 
6.57933225e-07 -0.07370092 -0.07253076 -0.07171151 -0.07104803 -0.07047182 
5.33669923e-07 -0.07370063 -0.07253963 -0.07171871 -0.07105765 -0.07048126 
4.32876128e-07 -0.07370039 -0.07254723 -0.07172585 -0.07106858 -0.07048907 
3.51119173e-07 -0.07370019 -0.07255258 -0.07173227 -0.07107797 -0.07050036 
2.84803587e-07 -0.07370012 -0.07255667 -0.07174293 -0.07109057 -0.07051002 
2.31012970e-07 -0.07370017 -0.07255908 -0.07175437 -0.07110207 -0.07051915 
1.87381742e-07 -0.07370022 -0.07256597 -0.07176438 -0.07111391 -0.07052636 
1.51991108e-07 -0.07370182 -0.07257539 -0.07177792 -0.07112275 -0.07053363 
1.23284674e-07 -0.07371160 -0.07258448 -0.07178532 -0.07113630 -0.07054093 
1.00000000e-07 -0.07372142 -0.07258906 -0.07179855 -0.07114876 -0.07054828 
P (bar) | log_He: -2σ | log_He: -1σ | log_He: median | log_He: +1σ | log_He: +2σ 
1.00000000e+02 -0.84594895 -0.84423690 -0.84302413 -0.84205613 -0.84116026 
8.11130831e+01 -0.84594611 -0.84420321 -0.84294956 -0.84197176 -0.84108962 
6.57933225e+01 -0.84595525 -0.84417528 -0.84290226 -0.84192178 -0.84104971 
5.33669923e+01 -0.84593175 -0.84416179 -0.84286885 -0.84188640 -0.84103465 
4.32876128e+01 -0.84596751 -0.84415145 -0.84285016 -0.84187139 -0.84102505 
3.51119173e+01 -0.84599584 -0.84413277 -0.84285027 -0.84187841 -0.84101671 
2.84803587e+01 -0.84603771 -0.84412062 -0.84283856 -0.84185996 -0.84098909 
2.31012970e+01 -0.84605496 -0.84408419 -0.84279681 -0.84179479 -0.84093717 
1.87381742e+01 -0.84607328 -0.84407629 -0.84277929 -0.84175853 -0.84090104 
1.51991108e+01 -0.84607565 -0.84408182 -0.84277293 -0.84174939 -0.84088397 
1.23284674e+01 -0.84608160 -0.84411655 -0.84277641 -0.84174700 -0.84088070 
1.00000000e+01 -0.84609836 -0.84412619 -0.84279679 -0.84176066 -0.84088964 
8.11130831e+00 -0.84612008 -0.84412314 -0.84275222 -0.84171843 -0.84083186 
6.57933225e+00 -0.84613717 -0.84411635 -0.84272400 -0.84167727 -0.84079452 
5.33669923e+00 -0.84614037 -0.84408941 -0.84271212 -0.84166236 -0.84077493 
4.32876128e+00 -0.84614572 -0.84409128 -0.84271004 -0.84165403 -0.84077082 
3.51119173e+00 -0.84615383 -0.84410064 -0.84271606 -0.84166302 -0.84077949 
2.84803587e+00 -0.84615957 -0.84407771 -0.84269794 -0.84165085 -0.84075662 
2.31012970e+00 -0.84612345 -0.84407745 -0.84267948 -0.84161191 -0.84070543 
1.87381742e+00 -0.84612536 -0.84406534 -0.84266859 -0.84158732 -0.84066563 
1.51991108e+00 -0.84612364 -0.84406807 -0.84266331 -0.84156716 -0.84064503 
1.23284674e+00 -0.84612520 -0.84406974 -0.84266336 -0.84156601 -0.84064035 
1.00000000e+00 -0.84613007 -0.84407139 -0.84267112 -0.84157773 -0.84065451 
8.11130831e-01 -0.84612959 -0.84407166 -0.84264468 -0.84153583 -0.84058572 
6.57933225e-01 -0.84613032 -0.84405884 -0.84262582 -0.84151008 -0.84054246 
5.33669923e-01 -0.84612721 -0.84405198 -0.84262349 -0.84148873 -0.84052837 
4.32876128e-01 -0.84612575 -0.84405148 -0.84260783 -0.84148203 -0.84052841 
3.51119173e-01 -0.84612778 -0.84405222 -0.84260672 -0.84148353 -0.84052869 
2.84803587e-01 -0.84612935 -0.84405282 -0.84259950 -0.84146920 -0.84051772 
2.31012970e-01 -0.84612871 -0.84405288 -0.84259310 -0.84145522 -0.84048559 
1.87381742e-01 -0.84612483 -0.84405046 -0.84258862 -0.84144335 -0.84048098 
1.51991108e-01 -0.84611946 -0.84405073 -0.84258391 -0.84143287 -0.84046854 
1.23284674e-01 -0.84611842 -0.84405179 -0.84258772 -0.84142184 -0.84046264 
1.00000000e-01 -0.84612172 -0.84405304 -0.84258494 -0.84142304 -0.84047551 
8.11130831e-02 -0.84611951 -0.84405160 -0.84256421 -0.84140007 -0.84042599 
6.57933225e-02 -0.84611042 -0.84405100 -0.84254135 -0.84138476 -0.84040930 
5.33669923e-02 -0.84610719 -0.84405032 -0.84253017 -0.84136355 -0.84038981 
4.32876128e-02 -0.84609703 -0.84404610 -0.84253011 -0.84135016 -0.84038537 
3.51119173e-02 -0.84609728 -0.84404248 -0.84252247 -0.84133471 -0.84038406 
2.84803587e-02 -0.84609767 -0.84403316 -0.84251579 -0.84132859 -0.84037307 
2.31012970e-02 -0.84605045 -0.84402404 -0.84250784 -0.84131455 -0.84035503 
1.87381742e-02 -0.84602617 -0.84401765 -0.84250030 -0.84130177 -0.84034148 
1.51991108e-02 -0.84602051 -0.84401041 -0.84249289 -0.84128641 -0.84033094 
1.23284674e-02 -0.84601643 -0.84400911 -0.84247453 -0.84127682 -0.84033534 
1.00000000e-02 -0.84593985 -0.84400751 -0.84246731 -0.84127113 -0.84034694 
8.11130831e-03 -0.84584263 -0.84400421 -0.84244282 -0.84126156 -0.84033611 
6.57933225e-03 -0.84575744 -0.84399187 -0.84242730 -0.84124919 -0.84032712 
5.33669923e-03 -0.84569609 -0.84396213 -0.84240783 -0.84124037 -0.84031682 
4.32876128e-03 -0.84569453 -0.84391756 -0.84237413 -0.84122411 -0.84030654 
3.51119173e-03 -0.84568994 -0.84387308 -0.84235487 -0.84121011 -0.84029690 
2.84803587e-03 -0.84564682 -0.84383921 -0.84231842 -0.84119343 -0.84029167 
2.31012970e-03 -0.84558879 -0.84380862 -0.84229695 -0.84118531 -0.84028546 
1.87381742e-03 -0.84553863 -0.84378379 -0.84225647 -0.84117196 -0.84027545 
1.51991108e-03 -0.84553447 -0.84375797 -0.84222087 -0.84115277 -0.84026096 
1.23284674e-03 -0.84550461 -0.84372482 -0.84216715 -0.84112858 -0.84024342 
1.00000000e-03 -0.84539371 -0.84368359 -0.84212467 -0.84111045 -0.84023178 
8.11130831e-04 -0.84537289 -0.84364510 -0.84209077 -0.84108145 -0.84022015 
6.57933225e-04 -0.84520046 -0.84358819 -0.84204039 -0.84104876 -0.84019952 
5.33669923e-04 -0.84508797 -0.84354469 -0.84199766 -0.84103186 -0.84018972 
4.32876128e-04 -0.84500777 -0.84347969 -0.84195118 -0.84100246 -0.84016129 
3.51119173e-04 -0.84489558 -0.84343009 -0.84189545 -0.84098346 -0.84015925 
2.84803587e-04 -0.84476366 -0.84336440 -0.84186194 -0.84095218 -0.84015983 
2.31012970e-04 -0.84464814 -0.84325790 -0.84182138 -0.84092568 -0.84016098 
1.87381742e-04 -0.84451175 -0.84317102 -0.84177273 -0.84088450 -0.84012038 
1.51991108e-04 -0.84435644 -0.84308033 -0.84171892 -0.84084031 -0.84011485 
1.23284674e-04 -0.84418438 -0.84296984 -0.84165985 -0.84080646 -0.84010298 
1.00000000e-04 -0.84404095 -0.84282649 -0.84161091 -0.84078563 -0.84009068 
8.11130831e-05 -0.84393280 -0.84270588 -0.84156165 -0.84076334 -0.84007444 
6.57933225e-05 -0.84386214 -0.84257350 -0.84151568 -0.84073519 -0.84005460 
5.33669923e-05 -0.84381658 -0.84242985 -0.84146923 -0.84070228 -0.84003006 
4.32876128e-05 -0.84360441 -0.84235722 -0.84142797 -0.84066230 -0.84000989 
3.51119173e-05 -0.84353904 -0.84230590 -0.84138030 -0.84063204 -0.83998728 
2.84803587e-05 -0.84346621 -0.84224085 -0.84134248 -0.84060779 -0.83996205 
2.31012970e-05 -0.84339042 -0.84219232 -0.84131252 -0.84057947 -0.83994490 
1.87381742e-05 -0.84333157 -0.84215682 -0.84128871 -0.84056453 -0.83994388 
1.51991108e-05 -0.84329532 -0.84212629 -0.84127222 -0.84055317 -0.83994316 
1.23284674e-05 -0.84327612 -0.84210713 -0.84125467 -0.84054857 -0.83994080 
1.00000000e-05 -0.84326107 -0.84209369 -0.84124458 -0.84054651 -0.83993987 
8.11130831e-06 -0.84325148 -0.84208433 -0.84123794 -0.84054671 -0.83994138 
6.57933225e-06 -0.84324488 -0.84207677 -0.84123240 -0.84054605 -0.83994387 
5.33669923e-06 -0.84324071 -0.84207063 -0.84122778 -0.84054550 -0.83994754 
4.32876128e-06 -0.84323839 -0.84206636 -0.84122490 -0.84054600 -0.83995237 
3.51119173e-06 -0.84323039 -0.84206576 -0.84122468 -0.84054737 -0.83995815 
2.84803587e-06 -0.84322915 -0.84206688 -0.84122632 -0.84055086 -0.83996480 
2.31012970e-06 -0.84322904 -0.84206851 -0.84122955 -0.84055684 -0.83997133 
1.87381742e-06 -0.84323302 -0.84206911 -0.84123300 -0.84056425 -0.83997804 
1.51991108e-06 -0.84323886 -0.84206979 -0.84123658 -0.84057141 -0.83998486 
1.23284674e-06 -0.84324558 -0.84207034 -0.84124023 -0.84057563 -0.83999174 
1.00000000e-06 -0.84325076 -0.84207096 -0.84124539 -0.84058155 -0.83999868 
8.11130831e-07 -0.84325235 -0.84207500 -0.84125401 -0.84059118 -0.84001249 
6.57933225e-07 -0.84325200 -0.84208184 -0.84126259 -0.84059911 -0.84002289 
5.33669923e-07 -0.84325171 -0.84209071 -0.84126979 -0.84060872 -0.84003234 
4.32876128e-07 -0.84325146 -0.84209831 -0.84127693 -0.84061966 -0.84004015 
3.51119173e-07 -0.84325126 -0.84210366 -0.84128335 -0.84062905 -0.84005143 
2.84803587e-07 -0.84325120 -0.84210775 -0.84129401 -0.84064165 -0.84006110 
2.31012970e-07 -0.84325125 -0.84211016 -0.84130545 -0.84065315 -0.84007022 
1.87381742e-07 -0.84325130 -0.84211705 -0.84131546 -0.84066498 -0.84007744 
1.51991108e-07 -0.84325290 -0.84212646 -0.84132900 -0.84067383 -0.84008470 
1.23284674e-07 -0.84326268 -0.84213556 -0.84133639 -0.84068738 -0.84009201 
1.00000000e-07 -0.84327250 -0.84214013 -0.84134963 -0.84069984 -0.84009936 
P (bar) | log_H2O: -2σ | log_H2O: -1σ | log_H2O: median | log_H2O: +1σ | log_H2O: +2σ 
1.00000000e+02 -2.28470507 -2.16410281 -2.06633395 -1.96876963 -1.86895751 
8.11130831e+01 -2.28592249 -2.16695828 -2.06861166 -1.96867996 -1.86745206 
6.57933225e+01 -2.28965793 -2.17053798 -2.06965145 -1.96890608 -1.86613766 
5.33669923e+01 -2.29382389 -2.17390520 -2.07126358 -1.96987530 -1.86631315 
4.32876128e+01 -2.30423059 -2.17537502 -2.07303287 -1.97203411 -1.86648915 
3.51119173e+01 -2.30756636 -2.17839338 -2.07490026 -1.97230329 -1.86616845 
2.84803587e+01 -2.31049635 -2.18162611 -2.07688923 -1.97339476 -1.86594714 
2.31012970e+01 -2.31111382 -2.18394803 -2.07800521 -1.97454724 -1.86582336 
1.87381742e+01 -2.31134778 -2.18594295 -2.07981823 -1.97441826 -1.86422093 
1.51991108e+01 -2.31270984 -2.18951433 -2.08036106 -1.97394333 -1.86116723 
1.23284674e+01 -2.31437542 -2.19130510 -2.08228216 -1.97364298 -1.86322883 
1.00000000e+01 -2.31935420 -2.19539705 -2.08299682 -1.97442134 -1.86529390 
8.11130831e+00 -2.32161523 -2.19731832 -2.08409479 -1.97360463 -1.86252630 
6.57933225e+00 -2.32157709 -2.20055494 -2.08432018 -1.97298439 -1.85977276 
5.33669923e+00 -2.32159050 -2.20244154 -2.08622508 -1.97341539 -1.85971838 
4.32876128e+00 -2.32571568 -2.20618766 -2.08767635 -1.97270955 -1.85827208 
3.51119173e+00 -2.33483165 -2.20993443 -2.08927184 -1.97252023 -1.85941085 
2.84803587e+00 -2.34115261 -2.21202651 -2.09096807 -1.97252876 -1.85932510 
2.31012970e+00 -2.34270713 -2.21267283 -2.09223602 -1.97312812 -1.85930144 
1.87381742e+00 -2.34268329 -2.21346494 -2.09302723 -1.97355458 -1.85920920 
1.51991108e+00 -2.34885655 -2.21553206 -2.09306012 -1.97328072 -1.85905651 
1.23284674e+00 -2.35606976 -2.21829577 -2.09581022 -1.97366925 -1.85897019 
1.00000000e+00 -2.36547004 -2.22156166 -2.09712522 -1.97303595 -1.85882824 
8.11130831e-01 -2.36592863 -2.22182065 -2.09892111 -1.97388433 -1.85876647 
6.57933225e-01 -2.36758576 -2.22337887 -2.09908658 -1.97440239 -1.85870379 
5.33669923e-01 -2.37276730 -2.22622016 -2.09970412 -1.97545440 -1.85865178 
4.32876128e-01 -2.37694262 -2.23059442 -2.10070094 -1.97513794 -1.85838296 
3.51119173e-01 -2.38427945 -2.23428890 -2.10182951 -1.97457801 -1.85838263 
2.84803587e-01 -2.38912048 -2.23708919 -2.10266743 -1.97517357 -1.85835081 
2.31012970e-01 -2.39041844 -2.23824673 -2.10335502 -1.97623166 -1.85833080 
1.87381742e-01 -2.39676046 -2.23894592 -2.10478602 -1.97636112 -1.85878441 
1.51991108e-01 -2.40058385 -2.24170545 -2.10566716 -1.97637308 -1.86046979 
1.23284674e-01 -2.40416375 -2.24463011 -2.10597455 -1.97634885 -1.86075721 
1.00000000e-01 -2.40878590 -2.24769613 -2.10638218 -1.97656021 -1.86129358 
8.11130831e-02 -2.40829352 -2.24993565 -2.10758569 -1.97740499 -1.86326611 
6.57933225e-02 -2.41054121 -2.25456873 -2.10927550 -1.97842896 -1.86369748 
5.33669923e-02 -2.41996389 -2.25623995 -2.11067373 -1.98018911 -1.86372623 
4.32876128e-02 -2.42554981 -2.25930890 -2.11168958 -1.98131240 -1.86475230 
3.51119173e-02 -2.42622406 -2.26331317 -2.11312037 -1.98181530 -1.86466070 
2.84803587e-02 -2.42596481 -2.26410015 -2.11408071 -1.98188188 -1.86458773 
2.31012970e-02 -2.42697356 -2.26428284 -2.11703217 -1.98370470 -1.86737602 
1.87381742e-02 -2.43032228 -2.26613950 -2.11893811 -1.98409009 -1.86883493 
1.51991108e-02 -2.43301645 -2.26932763 -2.12024532 -1.98428134 -1.86962657 
1.23284674e-02 -2.43837288 -2.27068579 -2.12173782 -1.98439915 -1.86961478 
1.00000000e-02 -2.44653509 -2.27631413 -2.12450881 -1.98455917 -1.86954457 
8.11130831e-03 -2.44813128 -2.27871519 -2.12811988 -1.98676602 -1.86970037 
6.57933225e-03 -2.44921356 -2.28077035 -2.13104274 -1.98931795 -1.87050085 
5.33669923e-03 -2.44931646 -2.28434851 -2.13401642 -1.99061407 -1.87420682 
4.32876128e-03 -2.45368505 -2.28773163 -2.13742635 -1.99201550 -1.87648115 
3.51119173e-03 -2.45770826 -2.29174084 -2.14074363 -1.99347651 -1.87884167 
2.84803587e-03 -2.46358245 -2.29447280 -2.14608499 -1.99412595 -1.88420319 
2.31012970e-03 -2.46490459 -2.29702069 -2.15134655 -1.99783033 -1.88848490 
1.87381742e-03 -2.46796756 -2.30013730 -2.15655142 -2.00241872 -1.89576518 
1.51991108e-03 -2.46738892 -2.30400998 -2.16252678 -2.00613958 -1.89800725 
1.23284674e-03 -2.47512939 -2.30822256 -2.16786415 -2.00957739 -1.90099846 
1.00000000e-03 -2.47768328 -2.31309430 -2.17426318 -2.01288976 -1.90470838 
8.11130831e-04 -2.48065237 -2.31576022 -2.17952553 -2.01823689 -1.90755779 
6.57933225e-04 -2.48587325 -2.32087337 -2.18360999 -2.02166536 -1.91659723 
5.33669923e-04 -2.48949508 -2.32374066 -2.18980282 -2.02543075 -1.92327538 
4.32876128e-04 -2.49539713 -2.33144397 -2.19676426 -2.03017167 -1.93190546 
3.51119173e-04 -2.50180866 -2.33976163 -2.20267344 -2.03481763 -1.93807502 
2.84803587e-04 -2.50800474 -2.34558028 -2.20944593 -2.04725847 -1.94548709 
2.31012970e-04 -2.50861015 -2.35291002 -2.21890083 -2.05866556 -1.95573349 
1.87381742e-04 -2.51953116 -2.35825680 -2.22632348 -2.07007907 -1.96814473 
1.51991108e-04 -2.52803869 -2.36417729 -2.23328296 -2.08315850 -1.98422638 
1.23284674e-04 -2.53157013 -2.36901770 -2.24140627 -2.09877774 -1.99982708 
1.00000000e-04 -2.53799639 -2.37535131 -2.24676001 -2.11105691 -2.01358060 
8.11130831e-05 -2.54376999 -2.38033631 -2.25233712 -2.12525238 -2.03756671 
6.57933225e-05 -2.55146636 -2.38511356 -2.25948127 -2.14002041 -2.04951802 
5.33669923e-05 -2.56099713 -2.39155468 -2.26567882 -2.15290442 -2.05404754 
4.32876128e-05 -2.57261271 -2.40186474 -2.27210688 -2.16357713 -2.06191933 
3.51119173e-05 -2.58666860 -2.41385464 -2.27981653 -2.17011166 -2.06691657 
2.84803587e-05 -2.59067804 -2.41862994 -2.28457242 -2.17902172 -2.07393599 
2.31012970e-05 -2.59643725 -2.42507595 -2.28849949 -2.18599405 -2.07577628 
1.87381742e-05 -2.59752753 -2.42383379 -2.29010698 -2.18865374 -2.07899262 
1.51991108e-05 -2.59439483 -2.42503352 -2.29295681 -2.19133500 -2.08335521 
1.23284674e-05 -2.59612386 -2.42857153 -2.29672228 -2.19521305 -2.08854972 
1.00000000e-05 -2.60009193 -2.43295522 -2.30154093 -2.20066388 -2.09421173 
8.11130831e-06 -2.59950653 -2.43352291 -2.30269375 -2.20248568 -2.09681959 
6.57933225e-06 -2.59959325 -2.43452944 -2.30361394 -2.20428937 -2.09888180 
5.33669923e-06 -2.59903592 -2.43563670 -2.30426349 -2.20516058 -2.10043750 
4.32876128e-06 -2.59851425 -2.43622941 -2.30498371 -2.20647839 -2.10158089 
3.51119173e-06 -2.59796535 -2.43686883 -2.30525999 -2.20699618 -2.10242768 
2.84803587e-06 -2.59569155 -2.43668538 -2.30531159 -2.20663810 -2.10283559 
2.31012970e-06 -2.59173890 -2.43496225 -2.30474122 -2.20642447 -2.10288861 
1.87381742e-06 -2.58771594 -2.43355450 -2.30397176 -2.20623574 -2.10288796 
1.51991108e-06 -2.58365755 -2.43238893 -2.30358271 -2.20637306 -2.10286261 
1.23284674e-06 -2.57958352 -2.43099833 -2.30298334 -2.20613641 -2.10282714 
1.00000000e-06 -2.57550342 -2.42860711 -2.30238035 -2.20555391 -2.10296542 
8.11130831e-07 -2.57157474 -2.42529003 -2.30120373 -2.20499981 -2.10259516 
6.57933225e-07 -2.56921117 -2.42305954 -2.30002673 -2.20461016 -2.10240199 
5.33669923e-07 -2.56684760 -2.42073103 -2.29884973 -2.20413263 -2.10220882 
4.32876128e-07 -2.56448403 -2.41806507 -2.29726423 -2.20352610 -2.10280003 
3.51119173e-07 -2.56212046 -2.41565333 -2.29574827 -2.20293450 -2.10255586 
2.84803587e-07 -2.55972841 -2.41273004 -2.29305174 -2.20252252 -2.10161534 
2.31012970e-07 -2.55730788 -2.41048189 -2.29168517 -2.20156345 -2.10164832 
1.87381742e-07 -2.55488735 -2.40789266 -2.28925076 -2.20025324 -2.10087451 
1.51991108e-07 -2.55246682 -2.40530343 -2.28742748 -2.19958354 -2.10053395 
1.23284674e-07 -2.54880327 -2.40243391 -2.28609516 -2.19893100 -2.09983748 
1.00000000e-07 -2.54629825 -2.39845485 -2.28480435 -2.19816198 -2.09904211 
P (bar) | log_CO2: -2σ | log_CO2: -1σ | log_CO2: median | log_CO2: +1σ | log_CO2: +2σ 
1.00000000e+02 -8.56041313 -7.14474055 -5.49984779 -5.08010397 -4.82799324 
8.11130831e+01 -8.38238250 -6.96707598 -5.44285139 -5.07000394 -4.80937866 
6.57933225e+01 -8.20437918 -6.78938729 -5.38419702 -5.05753672 -4.79761427 
5.33669923e+01 -8.02645459 -6.61161629 -5.32810891 -5.04643009 -4.79001374 
4.32876128e+01 -7.84873304 -6.43568866 -5.27297616 -5.03383416 -4.76315859 
3.51119173e+01 -7.67148016 -6.26025889 -5.23186173 -5.01411223 -4.74104699 
2.84803587e+01 -7.49436191 -6.09840659 -5.20309259 -4.98909299 -4.73172013 
2.31012970e+01 -7.31816528 -5.94904942 -5.18790239 -4.97872608 -4.71935463 
1.87381742e+01 -7.14483607 -5.80512688 -5.17109080 -4.96969318 -4.71185483 
1.51991108e+01 -6.97571006 -5.66893191 -5.15264662 -4.95588490 -4.70583372 
1.23284674e+01 -6.81209236 -5.54887519 -5.13082828 -4.93584918 -4.67978775 
1.00000000e+01 -6.65492515 -5.42843315 -5.10380008 -4.91041967 -4.66444477 
8.11130831e+00 -6.51288725 -5.40404986 -5.09831806 -4.89680733 -4.65191543 
6.57933225e+00 -6.37492044 -5.35907407 -5.08506502 -4.88768203 -4.63789176 
5.33669923e+00 -6.23943495 -5.31932120 -5.07493440 -4.86800908 -4.62818919 
4.32876128e+00 -6.10468748 -5.28773327 -5.05436700 -4.85015468 -4.61879162 
3.51119173e+00 -5.98098330 -5.24277433 -5.03333327 -4.82784939 -4.60687551 
2.84803587e+00 -5.88163904 -5.22420398 -5.01755957 -4.80705798 -4.59379547 
2.31012970e+00 -5.78853203 -5.20968294 -5.00437601 -4.79671468 -4.58239420 
1.87381742e+00 -5.69246424 -5.19691588 -4.99123701 -4.78345683 -4.56315151 
1.51991108e+00 -5.59311332 -5.17634547 -4.97548104 -4.76239682 -4.55349649 
1.23284674e+00 -5.51028074 -5.15075491 -4.95849466 -4.74319579 -4.53163247 
1.00000000e+00 -5.44951191 -5.12392545 -4.93502396 -4.72250183 -4.51241229 
8.11130831e-01 -5.38956237 -5.11039201 -4.92269976 -4.70847259 -4.49671042 
6.57933225e-01 -5.33211981 -5.09765984 -4.90978244 -4.69399157 -4.48448695 
5.33669923e-01 -5.28760959 -5.08095282 -4.88859995 -4.67714573 -4.47193346 
4.32876128e-01 -5.24967771 -5.06399090 -4.87168812 -4.66009616 -4.45687724 
3.51119173e-01 -5.21830508 -5.04509574 -4.85377230 -4.63774346 -4.42858087 
2.84803587e-01 -5.19642963 -5.02571985 -4.83628869 -4.61673545 -4.41549875 
2.31012970e-01 -5.18403608 -5.01072887 -4.82266356 -4.59980377 -4.40405763 
1.87381742e-01 -5.17042696 -4.99596111 -4.80563649 -4.58105333 -4.38602027 
1.51991108e-01 -5.14800576 -4.98212244 -4.78982956 -4.56434350 -4.37106915 
1.23284674e-01 -5.11944439 -4.96687519 -4.77036142 -4.54508115 -4.34883561 
1.00000000e-01 -5.10596698 -4.95046433 -4.75132863 -4.52225377 -4.32477892 
8.11130831e-02 -5.09241789 -4.93592831 -4.73671691 -4.50738712 -4.31076426 
6.57933225e-02 -5.07773038 -4.91988648 -4.72244883 -4.49040042 -4.29626863 
5.33669923e-02 -5.06462049 -4.90509279 -4.70663336 -4.47405584 -4.27968215 
4.32876128e-02 -5.05050716 -4.88937447 -4.69055062 -4.45801843 -4.26277165 
3.51119173e-02 -5.03470717 -4.87251732 -4.67429210 -4.43723104 -4.24412337 
2.84803587e-02 -5.01818798 -4.85414591 -4.65827314 -4.41689954 -4.22517915 
2.31012970e-02 -5.00130425 -4.83728088 -4.64163341 -4.40004655 -4.20521423 
1.87381742e-02 -4.98352511 -4.81972448 -4.62316790 -4.38498352 -4.19327980 
1.51991108e-02 -4.96540584 -4.80171457 -4.60677682 -4.36590759 -4.17762116 
1.23284674e-02 -4.94636436 -4.78278238 -4.58881931 -4.34527498 -4.14694260 
1.00000000e-02 -4.92700851 -4.76369363 -4.57165279 -4.32477040 -4.12099965 
8.11130831e-03 -4.90767947 -4.74478786 -4.55336813 -4.30952740 -4.10433798 
6.57933225e-03 -4.88618700 -4.72395808 -4.53339915 -4.29284386 -4.08739040 
5.33669923e-03 -4.86426724 -4.70491837 -4.51456772 -4.27325685 -4.07152547 
4.32876128e-03 -4.84232647 -4.68259875 -4.49544918 -4.25315292 -4.05228632 
3.51119173e-03 -4.81955182 -4.66103307 -4.47368670 -4.23477026 -4.03155074 
2.84803587e-03 -4.79694621 -4.63771567 -4.45168469 -4.21284120 -4.00652726 
2.31012970e-03 -4.77241686 -4.61753972 -4.43284226 -4.19072969 -3.98586070 
1.87381742e-03 -4.74795648 -4.59227573 -4.41019495 -4.16936385 -3.96899026 
1.51991108e-03 -4.72153334 -4.56637510 -4.38719173 -4.15179482 -3.95177922 
1.23284674e-03 -4.69748283 -4.54160036 -4.36681235 -4.13072146 -3.92768731 
1.00000000e-03 -4.67466943 -4.51430458 -4.34324884 -4.10929733 -3.90134482 
8.11130831e-04 -4.64964096 -4.48731491 -4.32092183 -4.09011019 -3.88041667 
6.57933225e-04 -4.62714765 -4.46261576 -4.29568669 -4.06956095 -3.86029817 
5.33669923e-04 -4.60251707 -4.43652280 -4.26871755 -4.04520577 -3.83172257 
4.32876128e-04 -4.57641292 -4.40654631 -4.24171989 -4.01657547 -3.80802296 
3.51119173e-04 -4.55484184 -4.38034075 -4.21488820 -3.99077589 -3.78014648 
2.84803587e-04 -4.52760866 -4.35245341 -4.18838148 -3.96564627 -3.74900854 
2.31012970e-04 -4.50093727 -4.32395352 -4.16052776 -3.93824597 -3.71928451 
1.87381742e-04 -4.47634230 -4.29308255 -4.12829785 -3.91475038 -3.69174794 
1.51991108e-04 -4.44969943 -4.26560475 -4.09906131 -3.88483013 -3.66680224 
1.23284674e-04 -4.42279375 -4.23370998 -4.06686964 -3.85364214 -3.64521861 
1.00000000e-04 -4.38954859 -4.19685056 -4.02951389 -3.82123006 -3.61762337 
8.11130831e-05 -4.35937693 -4.16185051 -3.99473062 -3.79443394 -3.58731744 
6.57933225e-05 -4.32607420 -4.12864277 -3.95818113 -3.75484540 -3.55384646 
5.33669923e-05 -4.29870518 -4.08789938 -3.91721159 -3.72071894 -3.51157192 
4.32876128e-05 -4.26693587 -4.04691477 -3.87667196 -3.68657878 -3.46918016 
3.51119173e-05 -4.22414320 -4.00666520 -3.82942674 -3.64544635 -3.42948519 
2.84803587e-05 -4.19139458 -3.96581355 -3.78539084 -3.59655480 -3.38002162 
2.31012970e-05 -4.15576750 -3.92359353 -3.73541669 -3.55719811 -3.33144921 
1.87381742e-05 -4.12612461 -3.87438477 -3.68550585 -3.50285753 -3.27937355 
1.51991108e-05 -4.07926367 -3.83125767 -3.63405336 -3.44993702 -3.22697561 
1.23284674e-05 -4.03824938 -3.79242758 -3.58883115 -3.39812443 -3.19671828 
1.00000000e-05 -4.00928792 -3.76017114 -3.55037940 -3.35863342 -3.14914334 
8.11130831e-06 -3.99443244 -3.73708932 -3.52288243 -3.32907400 -3.13026610 
6.57933225e-06 -3.98264023 -3.72063174 -3.50559928 -3.30544917 -3.10893016 
5.33669923e-06 -3.96899567 -3.70907803 -3.49226213 -3.29093505 -3.09436646 
4.32876128e-06 -3.95981169 -3.70178787 -3.48419058 -3.27990404 -3.08548383 
3.51119173e-06 -3.95358430 -3.69630803 -3.47862991 -3.27560955 -3.08044699 
2.84803587e-06 -3.94836264 -3.69299748 -3.47582600 -3.27245303 -3.07776345 
2.31012970e-06 -3.94333127 -3.69094240 -3.47436714 -3.27089772 -3.07637230 
1.87381742e-06 -3.93874746 -3.68926945 -3.47302818 -3.27006776 -3.07559602 
1.51991108e-06 -3.93435327 -3.68630197 -3.47217970 -3.26955057 -3.07508549 
1.23284674e-06 -3.93056555 -3.68365683 -3.47112574 -3.26915409 -3.07467775 
1.00000000e-06 -3.92753460 -3.68181082 -3.47009433 -3.26879930 -3.07430559 
8.11130831e-07 -3.92361870 -3.67975298 -3.46852652 -3.26823069 -3.07359133 
6.57933225e-07 -3.91970370 -3.67769246 -3.46779446 -3.26766563 -3.07288011 
5.33669923e-07 -3.91578870 -3.67628047 -3.46636200 -3.26706252 -3.07216890 
4.32876128e-07 -3.91187370 -3.67470847 -3.46447086 -3.26624654 -3.07145768 
3.51119173e-07 -3.90795870 -3.67201447 -3.46329878 -3.26548988 -3.07074647 
2.84803587e-07 -3.90402868 -3.66891769 -3.46151106 -3.26508089 -3.06982980 
2.31012970e-07 -3.90008363 -3.66519825 -3.46032095 -3.26453170 -3.06870766 
1.87381742e-07 -3.89613859 -3.66147881 -3.45897064 -3.26389183 -3.06758553 
1.51991108e-07 -3.89219354 -3.65867987 -3.45762870 -3.26326919 -3.06646339 
1.23284674e-07 -3.88824850 -3.65637117 -3.45540193 -3.26284774 -3.06534126 
1.00000000e-07 -3.88430345 -3.65408341 -3.45419876 -3.26236170 -3.06421912 
P (bar) | log_SO2: -2σ | log_SO2: -1σ | log_SO2: median | log_SO2: +1σ | log_SO2: +2σ 
1.00000000e+02 -16.33976978 -14.69201347 -12.51131115 -10.40587859 -9.41560119 
8.11130831e+01 -16.25601594 -14.60233289 -12.43583318 -10.31552285 -9.32775155 
6.57933225e+01 -16.17229646 -14.51203716 -12.35932835 -10.22524563 -9.23992951 
5.33669923e+01 -16.08867661 -14.42128341 -12.28098163 -10.13505837 -9.15218617 
4.32876128e+01 -16.00531523 -14.32940475 -12.20292217 -10.04510208 -9.06464363 
3.51119173e+01 -15.92219738 -14.23864879 -12.12552895 -9.95567634 -8.97755945 
2.84803587e+01 -15.83735456 -14.15469218 -12.04218722 -9.86757953 -8.89279022 
2.31012970e+01 -15.75228488 -14.07811885 -11.95418305 -9.78171327 -8.81108510 
1.87381742e+01 -15.67106976 -14.00548782 -11.87036585 -9.69886043 -8.73210531 
1.51991108e+01 -15.59555530 -13.93859205 -11.79242295 -9.62089748 -8.65707133 
1.23284674e+01 -15.52758757 -13.87914674 -11.72525779 -9.54977498 -8.58713437 
1.00000000e+01 -15.46856415 -13.82777420 -11.67050180 -9.48698401 -8.52338114 
8.11130831e+00 -15.42318870 -13.79255102 -11.61681129 -9.43501243 -8.47320527 
6.57933225e+00 -15.38535473 -13.76914835 -11.57251643 -9.39060156 -8.42898475 
5.33669923e+00 -15.35401414 -13.75741948 -11.53852097 -9.35348652 -8.38938528 
4.32876128e+00 -15.32729123 -13.75141365 -11.51105601 -9.32329388 -8.35278913 
3.51119173e+00 -15.30334900 -13.74860591 -11.49161125 -9.29615481 -8.31987325 
2.84803587e+00 -15.28286918 -13.74200314 -11.47456737 -9.27575588 -8.29513680 
2.31012970e+00 -15.27319283 -13.73515799 -11.46782703 -9.25998903 -8.27203075 
1.87381742e+00 -15.26035221 -13.73629184 -11.45709148 -9.24192036 -8.24737958 
1.51991108e+00 -15.24557461 -13.74152599 -11.45457234 -9.22698662 -8.22633618 
1.23284674e+00 -15.22923302 -13.75010955 -11.44754538 -9.21261675 -8.20743912 
1.00000000e+00 -15.21126457 -13.76470791 -11.44054575 -9.20510082 -8.18697355 
8.11130831e-01 -15.21430691 -13.76093126 -11.43599810 -9.19664287 -8.16935693 
6.57933225e-01 -15.24282548 -13.76368917 -11.42957288 -9.18712024 -8.15939636 
5.33669923e-01 -15.25959912 -13.76579166 -11.43475085 -9.18195087 -8.14790395 
4.32876128e-01 -15.25734434 -13.77217644 -11.43878190 -9.18207760 -8.13440157 
3.51119173e-01 -15.26172924 -13.78455249 -11.45086450 -9.18407220 -8.12277090 
2.84803587e-01 -15.26276705 -13.79396704 -11.46348401 -9.18592634 -8.12000781 
2.31012970e-01 -15.26347106 -13.79969100 -11.47277710 -9.18784286 -8.11722155 
1.87381742e-01 -15.27049790 -13.80960303 -11.47964434 -9.19608588 -8.11198543 
1.51991108e-01 -15.28022028 -13.82410621 -11.48424912 -9.20915301 -8.11400554 
1.23284674e-01 -15.29263823 -13.84375105 -11.50009611 -9.22387786 -8.11876712 
1.00000000e-01 -15.30775173 -13.86853756 -11.51823788 -9.24048763 -8.12429681 
8.11130831e-02 -15.32390848 -13.87722527 -11.54352538 -9.25779384 -8.13685704 
6.57933225e-02 -15.33748304 -13.88657426 -11.57198637 -9.27861894 -8.15136951 
5.33669923e-02 -15.36409581 -13.89840641 -11.60993966 -9.30464564 -8.17702833 
4.32876128e-02 -15.39299799 -13.91787253 -11.64100074 -9.33148444 -8.20159322 
3.51119173e-02 -15.41917228 -13.94350385 -11.66729441 -9.36355603 -8.22506418 
2.84803587e-02 -15.43030004 -13.97008375 -11.70189084 -9.39822253 -8.25607287 
2.31012970e-02 -15.43723670 -13.99577020 -11.74017824 -9.43822098 -8.29765553 
1.87381742e-02 -15.44233214 -14.02542390 -11.78686404 -9.47807790 -8.33155187 
1.51991108e-02 -15.45766400 -14.05745518 -11.82130486 -9.52211925 -8.37750529 
1.23284674e-02 -15.47182660 -14.09271363 -11.88784037 -9.57575180 -8.42295679 
1.00000000e-02 -15.49163947 -14.13931587 -11.94312648 -9.62945826 -8.46697082 
8.11130831e-03 -15.49729849 -14.17137562 -12.01803411 -9.69022091 -8.52593770 
6.57933225e-03 -15.51055423 -14.20530845 -12.07959822 -9.75275954 -8.59226244 
5.33669923e-03 -15.53140668 -14.24700538 -12.13856652 -9.83027227 -8.65751344 
4.32876128e-03 -15.55985586 -14.28922140 -12.21300143 -9.90757046 -8.72169068 
3.51119173e-03 -15.59590176 -14.33725509 -12.28690924 -9.99790542 -8.81138409 
2.84803587e-03 -15.62675879 -14.38694091 -12.37158752 -10.08297160 -8.90162710 
2.31012970e-03 -15.65489372 -14.43586869 -12.46961188 -10.17239122 -8.99149403 
1.87381742e-03 -15.68589864 -14.48623685 -12.57532206 -10.28039931 -9.09083840 
1.51991108e-03 -15.71977357 -14.54229376 -12.68022445 -10.38374413 -9.21123933 
1.23284674e-03 -15.75672268 -14.60861512 -12.78431907 -10.50961087 -9.33120937 
1.00000000e-03 -15.79661349 -14.68170530 -12.89535007 -10.62406690 -9.45764648 
8.11130831e-04 -15.82500003 -14.74757108 -13.00666716 -10.77958455 -9.59749426 
6.57933225e-04 -15.85899051 -14.81456717 -13.12349550 -10.93047701 -9.75599365 
5.33669923e-04 -15.89858492 -14.89430658 -13.26162903 -11.06617406 -9.91881424 
4.32876128e-04 -15.94378326 -14.98132988 -13.41780338 -11.25093827 -10.08238637 
3.51119173e-04 -15.99458553 -15.07104336 -13.57822237 -11.45146456 -10.28885912 
2.84803587e-04 -16.04058556 -15.16674088 -13.73841943 -11.68114735 -10.49268464 
2.31012970e-04 -16.07949056 -15.25178434 -13.90249411 -11.90040441 -10.70917532 
1.87381742e-04 -16.11139966 -15.33994291 -14.08030343 -12.12028697 -10.98298618 
1.51991108e-04 -16.15428061 -15.43544265 -14.25300884 -12.36344640 -11.28635884 
1.23284674e-04 -16.19073851 -15.53758494 -14.44320213 -12.67984602 -11.56957101 
1.00000000e-04 -16.23855570 -15.64222996 -14.65102723 -12.99756298 -11.86188113 
8.11130831e-05 -16.30247909 -15.75043515 -14.85218535 -13.30868139 -12.24624570 
6.57933225e-05 -16.35857304 -15.86223028 -15.04921688 -13.63289262 -12.65741527 
5.33669923e-05 -16.42748779 -15.97610419 -15.25952828 -13.98290539 -13.06576099 
4.32876128e-05 -16.50947583 -16.10499715 -15.46957989 -14.36067349 -13.50314236 
3.51119173e-05 -16.61296257 -16.25434027 -15.69274048 -14.73031409 -14.00610372 
2.84803587e-05 -16.73154231 -16.40829015 -15.94796631 -15.10650568 -14.50296905 
2.31012970e-05 -16.86492986 -16.57642204 -16.20558084 -15.48408329 -14.98501075 
1.87381742e-05 -16.99894230 -16.73512025 -16.42285195 -15.89710383 -15.45481491 
1.51991108e-05 -17.16499138 -16.88300823 -16.63446934 -16.25720127 -15.93564042 
1.23284674e-05 -17.31878999 -17.04140261 -16.81240918 -16.52749149 -16.27087771 
1.00000000e-05 -17.47044691 -17.18869896 -16.95708603 -16.71048068 -16.45938659 
8.11130831e-06 -17.57146325 -17.29511473 -17.05261588 -16.78984937 -16.50763629 
6.57933225e-06 -17.60816496 -17.36071280 -17.09715241 -16.80167835 -16.49603295 
5.33669923e-06 -17.63792284 -17.37909282 -17.09780124 -16.76929783 -16.45302165 
4.32876128e-06 -17.61496036 -17.35665140 -17.05903740 -16.71940364 -16.39234106 
3.51119173e-06 -17.56753566 -17.30579561 -16.99606743 -16.64747729 -16.31314919 
2.84803587e-06 -17.48955281 -17.23592414 -16.91977484 -16.56686729 -16.22634683 
2.31012970e-06 -17.39659596 -17.15360446 -16.83397836 -16.47449916 -16.13795989 
1.87381742e-06 -17.30869815 -17.06679797 -16.74526489 -16.38385948 -16.04721905 
1.51991108e-06 -17.21870342 -16.97698685 -16.65498813 -16.29000603 -15.95545307 
1.23284674e-06 -17.12786880 -16.88466222 -16.56277658 -16.19621599 -15.86328760 
1.00000000e-06 -17.03674075 -16.78949568 -16.46971852 -16.10081227 -15.77098283 
8.11130831e-07 -16.93685550 -16.69501182 -16.37031460 -16.00264621 -15.67683998 
6.57933225e-07 -16.84130238 -16.60308444 -16.27608061 -15.90441628 -15.58268498 
5.33669923e-07 -16.74332410 -16.51115706 -16.17617968 -15.80927543 -15.48852999 
4.32876128e-07 -16.65563861 -16.41922968 -16.08190020 -15.71410817 -15.39437499 
3.51119173e-07 -16.56250720 -16.32730230 -15.98650563 -15.61995597 -15.30218587 
2.84803587e-07 -16.46393885 -16.23358548 -15.89177960 -15.52251072 -15.20625648 
2.31012970e-07 -16.37180107 -16.13943066 -15.79961318 -15.42531439 -15.10933373 
1.87381742e-07 -16.27966329 -16.04471176 -15.70694739 -15.32785132 -15.01346122 
1.51991108e-07 -16.18752551 -15.95006697 -15.60924436 -15.23142616 -14.91758871 
1.23284674e-07 -16.09538773 -15.85574297 -15.51364999 -15.13459979 -14.81884379 
1.00000000e-07 -16.00089604 -15.76061522 -15.41911759 -15.03556916 -14.71958209 
P (bar) | log_CO: -2σ | log_CO: -1σ | log_CO: median | log_CO: +1σ | log_CO: +2σ 
1.00000000e+02 -6.52822204 -4.95107718 -3.00802496 -2.49020470 -2.36549301 
8.11130831e+01 -6.34838635 -4.77287166 -2.94466815 -2.48726202 -2.36518651 
6.57933225e+01 -6.16858317 -4.59470314 -2.87317918 -2.48316542 -2.36325551 
5.33669923e+01 -5.98887355 -4.41664020 -2.80830864 -2.47797693 -2.36276176 
4.32876128e+01 -5.80940477 -4.23884682 -2.74940215 -2.47288414 -2.36144263 
3.51119173e+01 -5.63049085 -4.06160959 -2.68431022 -2.46903615 -2.35497355 
2.84803587e+01 -5.45270452 -3.89632176 -2.64814599 -2.46009822 -2.35147815 
2.31012970e+01 -5.27698679 -3.75071063 -2.63168182 -2.45979980 -2.35076862 
1.87381742e+01 -5.10468415 -3.60242481 -2.62095807 -2.45758914 -2.35017355 
1.51991108e+01 -4.93739514 -3.45906180 -2.60428065 -2.45588982 -2.34956728 
1.23284674e+01 -4.77668791 -3.32010887 -2.58798779 -2.45315845 -2.34452938 
1.00000000e+01 -4.62370436 -3.18313976 -2.57209252 -2.45019460 -2.34270176 
8.11130831e+00 -4.48999606 -3.12590801 -2.56994230 -2.44992719 -2.34272992 
6.57933225e+00 -4.36500203 -3.06209067 -2.56674148 -2.44991738 -2.34274828 
5.33669923e+00 -4.24507236 -2.99708285 -2.56416719 -2.44909802 -2.33804530 
4.32876128e+00 -4.12825421 -2.93836671 -2.56144157 -2.44894687 -2.33806102 
3.51119173e+00 -4.01270395 -2.87282671 -2.55742110 -2.44742317 -2.33806971 
2.84803587e+00 -3.91260780 -2.83106012 -2.55144122 -2.44727203 -2.33808416 
2.31012970e+00 -3.82249254 -2.81422848 -2.55235767 -2.44730126 -2.33810579 
1.87381742e+00 -3.72456498 -2.79104912 -2.55146823 -2.44732280 -2.33813534 
1.51991108e+00 -3.63412458 -2.76360757 -2.55015906 -2.44706214 -2.33816796 
1.23284674e+00 -3.54301908 -2.72761695 -2.54722760 -2.44569539 -2.33819662 
1.00000000e+00 -3.44850248 -2.69203488 -2.54251012 -2.44332350 -2.33345042 
8.11130831e-01 -3.39762303 -2.69291406 -2.54299190 -2.44416430 -2.33348275 
6.57933225e-01 -3.33650555 -2.68981453 -2.54315891 -2.44420780 -2.33350329 
5.33669923e-01 -3.27556365 -2.68446190 -2.54227711 -2.44299388 -2.33351204 
4.32876128e-01 -3.20924965 -2.67476694 -2.54065285 -2.44232062 -2.33353571 
3.51119173e-01 -3.14073747 -2.66117490 -2.53960972 -2.44193867 -2.33356603 
2.84803587e-01 -3.07482653 -2.65333448 -2.53825013 -2.44001010 -2.33359572 
2.31012970e-01 -3.04943232 -2.65410712 -2.53847219 -2.44001826 -2.33362108 
1.87381742e-01 -3.00391986 -2.65335142 -2.53706673 -2.44034748 -2.33366319 
1.51991108e-01 -2.97270605 -2.64847898 -2.53722199 -2.44070868 -2.33371122 
1.23284674e-01 -2.90307456 -2.64361959 -2.53629907 -2.44010321 -2.33375422 
1.00000000e-01 -2.83548572 -2.63287601 -2.53411682 -2.43946210 -2.32567270 
8.11130831e-02 -2.82852368 -2.63395149 -2.53415876 -2.43996065 -2.32573782 
6.57933225e-02 -2.81165033 -2.63019353 -2.53421296 -2.43950965 -2.32581791 
5.33669923e-02 -2.79613625 -2.62964051 -2.53440009 -2.43919263 -2.32591177 
4.32876128e-02 -2.77123547 -2.62478145 -2.53318407 -2.43928403 -2.32600452 
3.51119173e-02 -2.76031499 -2.61720720 -2.53141263 -2.43907011 -2.32609616 
2.84803587e-02 -2.74961998 -2.61732781 -2.53058666 -2.43860148 -2.32620019 
2.31012970e-02 -2.75537320 -2.61843586 -2.53077123 -2.43922927 -2.32633238 
1.87381742e-02 -2.75481187 -2.61786661 -2.53088664 -2.43933345 -2.32650819 
1.51991108e-02 -2.73736373 -2.61728992 -2.53041710 -2.43916650 -2.32670652 
1.23284674e-02 -2.72502638 -2.61558179 -2.53035902 -2.43886327 -2.32686033 
1.00000000e-02 -2.70884911 -2.61279749 -2.52938151 -2.43897085 -2.32696961 
8.11130831e-03 -2.70920710 -2.61292821 -2.52952980 -2.43864253 -2.32717022 
6.57933225e-03 -2.70917344 -2.61105259 -2.52864658 -2.43881781 -2.32739355 
5.33669923e-03 -2.70902500 -2.61131353 -2.52883787 -2.43899566 -2.32763961 
4.32876128e-03 -2.70608770 -2.61119637 -2.52889273 -2.43836913 -2.32796962 
3.51119173e-03 -2.69593691 -2.61053012 -2.52666822 -2.43732631 -2.32833057 
2.84803587e-03 -2.69611204 -2.60994316 -2.52527564 -2.43659069 -2.32861103 
2.31012970e-03 -2.69629918 -2.61113265 -2.52602717 -2.43793139 -2.32892924 
1.87381742e-03 -2.69650041 -2.61148519 -2.52646139 -2.43903888 -2.32923430 
1.51991108e-03 -2.69671576 -2.61173321 -2.52754649 -2.43960448 -2.32952620 
1.23284674e-03 -2.69693443 -2.61181743 -2.52851785 -2.43922931 -2.32984690 
1.00000000e-03 -2.69539593 -2.61157356 -2.52773084 -2.43927464 -2.33031638 
8.11130831e-04 -2.69737146 -2.61191940 -2.52958905 -2.44031536 -2.33101681 
6.57933225e-04 -2.69927714 -2.61225264 -2.53001341 -2.44111731 -2.33171524 
5.33669923e-04 -2.69983043 -2.61250633 -2.53086396 -2.44162357 -2.33193987 
4.32876128e-04 -2.69949504 -2.61316480 -2.53123712 -2.44224096 -2.33275425 
3.51119173e-04 -2.69765741 -2.61333245 -2.52927273 -2.44237201 -2.33399096 
2.84803587e-04 -2.69788911 -2.61301473 -2.52935980 -2.44312073 -2.33458202 
2.31012970e-04 -2.69818475 -2.61419522 -2.53003145 -2.44377278 -2.33521451 
1.87381742e-04 -2.69982481 -2.61505495 -2.53078608 -2.44505833 -2.33676726 
1.51991108e-04 -2.70021897 -2.61616198 -2.53097009 -2.44582307 -2.33960999 
1.23284674e-04 -2.69943708 -2.61629292 -2.53153275 -2.44667702 -2.34178803 
1.00000000e-04 -2.69994704 -2.61626122 -2.53177294 -2.44732158 -2.34150968 
8.11130831e-05 -2.70122636 -2.61723610 -2.53285869 -2.44859300 -2.34262844 
6.57933225e-05 -2.70241409 -2.61943996 -2.53683891 -2.45032475 -2.34375897 
5.33669923e-05 -2.70349315 -2.62135320 -2.54128397 -2.45369077 -2.34710584 
4.32876128e-05 -2.70661355 -2.62408338 -2.54472245 -2.45641804 -2.35167945 
3.51119173e-05 -2.70788895 -2.62837455 -2.54718428 -2.45972061 -2.36098483 
2.84803587e-05 -2.71212369 -2.63445705 -2.55242618 -2.46341821 -2.36697645 
2.31012970e-05 -2.72120718 -2.64242477 -2.55889837 -2.47071067 -2.37441667 
1.87381742e-05 -2.72743538 -2.64956115 -2.56594569 -2.47966042 -2.38831144 
1.51991108e-05 -2.72883570 -2.65111110 -2.57207563 -2.48836862 -2.39899023 
1.23284674e-05 -2.72876699 -2.65063821 -2.57311749 -2.49202781 -2.40254188 
1.00000000e-05 -2.72435033 -2.64711621 -2.57112310 -2.49089640 -2.40358171 
8.11130831e-06 -2.72541394 -2.64874603 -2.57334264 -2.49365758 -2.40533720 
6.57933225e-06 -2.72562480 -2.64958314 -2.57498916 -2.49549017 -2.40972079 
5.33669923e-06 -2.72530169 -2.64974969 -2.57488628 -2.49546642 -2.41227464 
4.32876128e-06 -2.72402326 -2.64935812 -2.57534199 -2.49567086 -2.41242634 
3.51119173e-06 -2.72244012 -2.64859626 -2.57442477 -2.49505401 -2.41167084 
2.84803587e-06 -2.72166705 -2.64812281 -2.57402116 -2.49466812 -2.41126694 
2.31012970e-06 -2.72162421 -2.64812950 -2.57403545 -2.49470407 -2.41129591 
1.87381742e-06 -2.72155074 -2.64806569 -2.57400099 -2.49465029 -2.41128787 
1.51991108e-06 -2.72146428 -2.64798900 -2.57394556 -2.49455792 -2.41126394 
1.23284674e-06 -2.72137290 -2.64795928 -2.57343751 -2.49445069 -2.41123391 
1.00000000e-06 -2.72127984 -2.64790051 -2.57342608 -2.49433835 -2.41120178 
8.11130831e-07 -2.72138250 -2.64799067 -2.57357160 -2.49437189 -2.41133555 
6.57933225e-07 -2.72148502 -2.64808058 -2.57353191 -2.49440500 -2.41146914 
5.33669923e-07 -2.72158754 -2.64812781 -2.57365481 -2.49443810 -2.41160274 
4.32876128e-07 -2.72169007 -2.64817189 -2.57377771 -2.49447121 -2.41173633 
3.51119173e-07 -2.72179259 -2.64821597 -2.57390062 -2.49450432 -2.41186992 
2.84803587e-07 -2.72191163 -2.64827995 -2.57399115 -2.49455486 -2.41203521 
2.31012970e-07 -2.72204719 -2.64834906 -2.57404803 -2.49462285 -2.41223220 
1.87381742e-07 -2.72218275 -2.64839963 -2.57410490 -2.49469084 -2.41242919 
1.51991108e-07 -2.72231832 -2.64849196 -2.57394221 -2.49475882 -2.41262617 
1.23284674e-07 -2.72245388 -2.64859423 -2.57405142 -2.49482681 -2.41282316 
1.00000000e-07 -2.72258944 -2.64869651 -2.57416290 -2.49489480 -2.41302015 
P (bar) | log_H2S: -2σ | log_H2S: -1σ | log_H2S: median | log_H2S: +1σ | log_H2S: +2σ 
1.00000000e+02 -3.75339627 -3.63610483 -3.53059415 -3.43226275 -3.32161224 
8.11130831e+01 -3.75411675 -3.63711116 -3.53200520 -3.43363608 -3.32183764 
6.57933225e+01 -3.75772405 -3.63806070 -3.53463158 -3.43540077 -3.32206324 
5.33669923e+01 -3.75843938 -3.63885724 -3.53548102 -3.43686731 -3.32228939 
4.32876128e+01 -3.75915842 -3.63989945 -3.53660948 -3.43874859 -3.32251683 
3.51119173e+01 -3.76710729 -3.64092100 -3.53712864 -3.43981329 -3.32274695 
2.84803587e+01 -3.77052792 -3.64174752 -3.53784145 -3.44139366 -3.32305006 
2.31012970e+01 -3.77204315 -3.64266879 -3.53915022 -3.44437971 -3.32342552 
1.87381742e+01 -3.77360480 -3.64366820 -3.54015182 -3.44569372 -3.32566986 
1.51991108e+01 -3.77524242 -3.64482872 -3.54160107 -3.44720112 -3.32847416 
1.23284674e+01 -3.77699150 -3.64594644 -3.54213021 -3.44812418 -3.33076900 
1.00000000e+01 -3.77888786 -3.64699332 -3.54317192 -3.44948791 -3.33237104 
8.11130831e+00 -3.77972778 -3.64828329 -3.54486788 -3.45141474 -3.33516784 
6.57933225e+00 -3.78081104 -3.64893882 -3.54576091 -3.45261524 -3.33642415 
5.33669923e+00 -3.78210019 -3.64959843 -3.54668820 -3.45358463 -3.33698391 
4.32876128e+00 -3.78354189 -3.65082815 -3.54738448 -3.45395309 -3.33781369 
3.51119173e+00 -3.78511231 -3.65293936 -3.54952437 -3.45478178 -3.33864788 
2.84803587e+00 -3.78701465 -3.65447996 -3.55122786 -3.45547771 -3.33926661 
2.31012970e+00 -3.78911126 -3.65595853 -3.55227923 -3.45621776 -3.34051144 
1.87381742e+00 -3.79112443 -3.65820949 -3.55367689 -3.45677842 -3.34133734 
1.51991108e+00 -3.79389897 -3.65996469 -3.55478643 -3.45747001 -3.34110445 
1.23284674e+00 -3.79692835 -3.66163091 -3.55500323 -3.45777767 -3.34012260 
1.00000000e+00 -3.79864394 -3.66332671 -3.55561596 -3.45805877 -3.33951880 
8.11130831e-01 -3.80179402 -3.66636602 -3.55687015 -3.45896127 -3.34088513 
6.57933225e-01 -3.80380123 -3.66741918 -3.55844066 -3.45977953 -3.34091092 
5.33669923e-01 -3.80683301 -3.66862192 -3.56058627 -3.46111436 -3.34413621 
4.32876128e-01 -3.80785697 -3.67041709 -3.56068863 -3.46109740 -3.34517647 
3.51119173e-01 -3.81022884 -3.67143114 -3.56247031 -3.46135598 -3.34476773 
2.84803587e-01 -3.81351730 -3.67255993 -3.56372093 -3.46201707 -3.34513232 
2.31012970e-01 -3.81748899 -3.67493196 -3.56521670 -3.46305174 -3.34616108 
1.87381742e-01 -3.82041546 -3.67733250 -3.56642080 -3.46400550 -3.34670881 
1.51991108e-01 -3.82321750 -3.67970591 -3.56754430 -3.46484342 -3.34677550 
1.23284674e-01 -3.82769594 -3.68311134 -3.56888317 -3.46434279 -3.34636115 
1.00000000e-01 -3.83117016 -3.68598672 -3.57051910 -3.46466190 -3.34702401 
8.11130831e-02 -3.83401560 -3.68721418 -3.57217837 -3.46499257 -3.34816672 
6.57933225e-02 -3.83624154 -3.68956339 -3.57313093 -3.46533928 -3.34883523 
5.33669923e-02 -3.83790778 -3.69095127 -3.57501033 -3.46461883 -3.34902956 
4.32876128e-02 -3.84171622 -3.69431069 -3.57675359 -3.46660676 -3.34941782 
3.51119173e-02 -3.84400452 -3.69711477 -3.57861325 -3.46768698 -3.35040673 
2.84803587e-02 -3.84594179 -3.70025211 -3.58086019 -3.46957724 -3.35143390 
2.31012970e-02 -3.84855102 -3.70364127 -3.58243861 -3.47100928 -3.35235694 
1.87381742e-02 -3.85162325 -3.70626040 -3.58507571 -3.47142093 -3.35321343 
1.51991108e-02 -3.85404915 -3.70926855 -3.58829216 -3.47194535 -3.35534536 
1.23284674e-02 -3.85634334 -3.71256087 -3.59140705 -3.47370885 -3.35731560 
1.00000000e-02 -3.85850582 -3.71702378 -3.59464033 -3.47591476 -3.35971826 
8.11130831e-03 -3.86077785 -3.72009618 -3.59798091 -3.47800093 -3.36105413 
6.57933225e-03 -3.86298881 -3.72270092 -3.60097228 -3.48032158 -3.36364361 
5.33669923e-03 -3.86587842 -3.72617971 -3.60419116 -3.48230338 -3.36689635 
4.32876128e-03 -3.86971563 -3.73058515 -3.60739693 -3.48432124 -3.36988646 
3.51119173e-03 -3.87339317 -3.73568998 -3.61091627 -3.48802774 -3.37261396 
2.84803587e-03 -3.87845155 -3.73918306 -3.61514730 -3.49178747 -3.37528706 
2.31012970e-03 -3.88314209 -3.74276652 -3.61915634 -3.49467169 -3.37832845 
1.87381742e-03 -3.88768259 -3.74757876 -3.62326027 -3.49714828 -3.38379066 
1.51991108e-03 -3.89257428 -3.75329802 -3.62799694 -3.50111919 -3.38891520 
1.23284674e-03 -3.89675657 -3.75904828 -3.63417502 -3.50475608 -3.39352184 
1.00000000e-03 -3.90031652 -3.76486036 -3.63910959 -3.50750589 -3.39766134 
8.11130831e-04 -3.90654322 -3.76869083 -3.64595281 -3.51324312 -3.40203950 
6.57933225e-04 -3.91221206 -3.77434177 -3.65160346 -3.51767010 -3.40989121 
5.33669923e-04 -3.91931540 -3.78157382 -3.65819345 -3.52441889 -3.41926956 
4.32876128e-04 -3.92586088 -3.78814499 -3.66529244 -3.53175330 -3.42815534 
3.51119173e-04 -3.93558561 -3.79692655 -3.67288600 -3.53872402 -3.43654857 
2.84803587e-04 -3.94493824 -3.80405956 -3.68161984 -3.54662667 -3.44259495 
2.31012970e-04 -3.95414978 -3.81272120 -3.69039687 -3.55700025 -3.45185610 
1.87381742e-04 -3.96177750 -3.82197170 -3.69931198 -3.56758091 -3.46419462 
1.51991108e-04 -3.96679196 -3.83024316 -3.70946708 -3.57691111 -3.47670361 
1.23284674e-04 -3.97218178 -3.83832097 -3.71975860 -3.58905113 -3.48678951 
1.00000000e-04 -3.98219793 -3.84674677 -3.73028364 -3.60134087 -3.49726469 
8.11130831e-05 -3.99080052 -3.85704113 -3.74064799 -3.61521148 -3.51311062 
6.57933225e-05 -3.99845553 -3.86691602 -3.75131659 -3.63060326 -3.53168414 
5.33669923e-05 -4.00655469 -3.87851947 -3.76434828 -3.64620833 -3.54638914 
4.32876128e-05 -4.01507566 -3.88986079 -3.77533023 -3.66119597 -3.56182342 
3.51119173e-05 -4.02635500 -3.90179051 -3.79058042 -3.67836703 -3.57769153 
2.84803587e-05 -4.03924227 -3.91420495 -3.80362400 -3.69633746 -3.59278412 
2.31012970e-05 -4.05852052 -3.92471101 -3.81714355 -3.71547171 -3.61156133 
1.87381742e-05 -4.06448154 -3.93726806 -3.83022297 -3.73460262 -3.63088608 
1.51991108e-05 -4.07482394 -3.94783183 -3.84385998 -3.75079427 -3.65439880 
1.23284674e-05 -4.08833787 -3.96093486 -3.85600242 -3.76591214 -3.66682750 
1.00000000e-05 -4.10096040 -3.97396650 -3.86909387 -3.77991703 -3.67999899 
8.11130831e-06 -4.10959319 -3.98102195 -3.87879320 -3.79022812 -3.69162610 
6.57933225e-06 -4.11529903 -3.98615465 -3.88414592 -3.79623655 -3.69907602 
5.33669923e-06 -4.11673056 -3.98994110 -3.88784142 -3.80006355 -3.70357082 
4.32876128e-06 -4.11744115 -3.99257170 -3.89066722 -3.80237889 -3.70489675 
3.51119173e-06 -4.11903783 -3.99358809 -3.89204274 -3.80409764 -3.70569431 
2.84803587e-06 -4.11979487 -3.99424797 -3.89274512 -3.80499040 -3.70603326 
2.31012970e-06 -4.11941130 -3.99396266 -3.89287812 -3.80524029 -3.70606037 
1.87381742e-06 -4.11879174 -3.99341101 -3.89285492 -3.80507010 -3.70600171 
1.51991108e-06 -4.11806677 -3.99261431 -3.89274806 -3.80490044 -3.70590551 
1.23284674e-06 -4.11729971 -3.99155138 -3.89245756 -3.80495380 -3.70579461 
1.00000000e-06 -4.11651764 -3.99068385 -3.89213382 -3.80470197 -3.70567857 
8.11130831e-07 -4.11541055 -3.98963626 -3.89161697 -3.80431035 -3.70537685 
6.57933225e-07 -4.11402555 -3.98802155 -3.89070689 -3.80397962 -3.70507467 
5.33669923e-07 -4.11264055 -3.98662240 -3.88982374 -3.80369553 -3.70477250 
4.32876128e-07 -4.11125554 -3.98561967 -3.88892713 -3.80351372 -3.70447032 
3.51119173e-07 -4.10987054 -3.98470835 -3.88869560 -3.80279460 -3.70416815 
2.84803587e-07 -4.10853472 -3.98324262 -3.88812505 -3.80217116 -3.70391418 
2.31012970e-07 -4.10724808 -3.98175632 -3.88773055 -3.80149556 -3.70377262 
1.87381742e-07 -4.10596144 -3.98027003 -3.88679281 -3.80105206 -3.70363106 
1.51991108e-07 -4.10455942 -3.97911306 -3.88641684 -3.80029796 -3.70348949 
1.23284674e-07 -4.10254624 -3.97833589 -3.88574429 -3.79974109 -3.70334793 
1.00000000e-07 -4.10053306 -3.97727456 -3.88530162 -3.79952636 -3.70320637 
P (bar) | log_NH3: -2σ | log_NH3: -1σ | log_NH3: median | log_NH3: +1σ | log_NH3: +2σ 
1.00000000e+02 -4.52579492 -4.34478747 -3.92158903 -3.44790474 -3.11740759 
8.11130831e+01 -4.61637558 -4.43507348 -4.00959073 -3.53225788 -3.18929638 
6.57933225e+01 -4.70694936 -4.52533111 -4.09758344 -3.61461274 -3.26500119 
5.33669923e+01 -4.79750329 -4.61556613 -4.18555011 -3.69828971 -3.34182639 
4.32876128e+01 -4.88800605 -4.70574288 -4.27344925 -3.78328762 -3.41974126 
3.51119173e+01 -4.97839077 -4.79578527 -4.36119159 -3.86769186 -3.49345278 
2.84803587e+01 -5.06873459 -4.88578945 -4.44960229 -3.95421840 -3.57226495 
2.31012970e+01 -5.15883036 -4.97552207 -4.53840988 -4.04209224 -3.65647483 
1.87381742e+01 -5.24817990 -5.06440971 -4.62623189 -4.12901153 -3.73999249 
1.51991108e+01 -5.33642408 -5.15194452 -4.71259458 -4.21427716 -3.82230203 
1.23284674e+01 -5.42320234 -5.23778746 -4.79781487 -4.29700909 -3.90270872 
1.00000000e+01 -5.50821093 -5.32147369 -4.88144020 -4.37741922 -3.98067163 
8.11130831e+00 -5.59095077 -5.40318397 -4.96286715 -4.45737014 -4.06102512 
6.57933225e+00 -5.67176736 -5.48293737 -5.04217892 -4.53505467 -4.13939052 
5.33669923e+00 -5.75093630 -5.56114872 -5.11821826 -4.61046584 -4.21604291 
4.32876128e+00 -5.82883393 -5.63810198 -5.19245832 -4.68455297 -4.29136212 
3.51119173e+00 -5.90577455 -5.71311483 -5.26568065 -4.75758031 -4.36573633 
2.84803587e+00 -5.98098327 -5.78707224 -5.33827288 -4.83031235 -4.43965247 
2.31012970e+00 -6.05590882 -5.86021249 -5.41052059 -4.90304957 -4.51429333 
1.87381742e+00 -6.13061133 -5.93336356 -5.48262378 -4.97558491 -4.58881690 
1.51991108e+00 -6.20493546 -6.00620515 -5.55281819 -5.04668140 -4.66061313 
1.23284674e+00 -6.27782725 -6.07821080 -5.62225032 -5.11733187 -4.73196078 
1.00000000e+00 -6.35066205 -6.14913383 -5.69170957 -5.18712036 -4.80322690 
8.11130831e-01 -6.42354813 -6.22002615 -5.76111829 -5.25720040 -4.87488288 
6.57933225e-01 -6.49578939 -6.29074321 -5.83055273 -5.32732229 -4.94652601 
5.33669923e-01 -6.56668209 -6.36123845 -5.90001385 -5.39741429 -5.01815712 
4.32876128e-01 -6.63752836 -6.43135361 -5.96639492 -5.46747642 -5.08952747 
3.51119173e-01 -6.70832821 -6.49977411 -6.03276814 -5.53699636 -5.16138329 
2.84803587e-01 -6.77811227 -6.56812177 -6.09914019 -5.60341937 -5.23104786 
2.31012970e-01 -6.84669993 -6.63610413 -6.16589187 -5.66975745 -5.30054591 
1.87381742e-01 -6.91524478 -6.70400066 -6.23322674 -5.73605744 -5.37250410 
1.51991108e-01 -6.98374684 -6.77001535 -6.30056460 -5.80310276 -5.44580047 
1.23284674e-01 -7.05061916 -6.83558441 -6.36790547 -5.87151381 -5.51907470 
1.00000000e-01 -7.11646572 -6.90068204 -6.43234658 -5.94047601 -5.58918380 
8.11130831e-02 -7.18232454 -6.96578979 -6.49547416 -6.00704498 -5.65861332 
6.57933225e-02 -7.24814675 -7.02913518 -6.55861802 -6.07461454 -5.72803951 
5.33669923e-02 -7.31156144 -7.09223158 -6.62177815 -6.14018728 -5.79746237 
4.32876128e-02 -7.37424267 -7.15334482 -6.68495457 -6.20560861 -5.86661098 
3.51119173e-02 -7.43690817 -7.21450230 -6.74670178 -6.26891278 -5.93436323 
2.84803587e-02 -7.49956513 -7.27518671 -6.81015031 -6.33429934 -6.00019790 
2.31012970e-02 -7.55878160 -7.33474331 -6.87139434 -6.39783217 -6.06546913 
1.87381742e-02 -7.61770209 -7.39369056 -6.93107233 -6.46101242 -6.13155316 
1.51991108e-02 -7.67661188 -7.44980343 -6.99072908 -6.52359046 -6.19772512 
1.23284674e-02 -7.73515981 -7.50591612 -7.04930629 -6.58690076 -6.26427760 
1.00000000e-02 -7.78956383 -7.56196001 -7.10597840 -6.64895969 -6.33179981 
8.11130831e-03 -7.84396873 -7.61687711 -7.16120304 -6.71189914 -6.39938800 
6.57933225e-03 -7.89836737 -7.66883168 -7.21372851 -6.77429058 -6.46696211 
5.33669923e-03 -7.95148365 -7.71965078 -7.26794052 -6.83557837 -6.53452216 
4.32876128e-03 -8.00040154 -7.77042330 -7.32356189 -6.89306736 -6.60206814 
3.51119173e-03 -8.04931762 -7.82169199 -7.37667396 -6.95189372 -6.66960005 
2.84803587e-03 -8.09823242 -7.86912567 -7.42817596 -7.00881939 -6.73294440 
2.31012970e-03 -8.14452408 -7.91374797 -7.47898444 -7.06290821 -6.79923921 
1.87381742e-03 -8.18668495 -7.95787285 -7.52669751 -7.11707682 -6.86150424 
1.51991108e-03 -8.22884534 -8.00150519 -7.57289984 -7.17588712 -6.92312534 
1.23284674e-03 -8.27100526 -8.04423404 -7.61838853 -7.23275581 -6.98335884 
1.00000000e-03 -8.30856585 -8.08397906 -7.66598869 -7.28986480 -7.04282535 
8.11130831e-04 -8.34196367 -8.11832661 -7.71333330 -7.34581319 -7.10530229 
6.57933225e-04 -8.37392776 -8.15231970 -7.75706930 -7.40071339 -7.16231060 
5.33669923e-04 -8.40589492 -8.18550645 -7.79666141 -7.45516402 -7.22536179 
4.32876128e-04 -8.43152024 -8.21830500 -7.83309816 -7.50639215 -7.28688237 
3.51119173e-04 -8.45230390 -8.24555767 -7.86875898 -7.55211722 -7.34242000 
2.84803587e-04 -8.47548221 -8.26946645 -7.90534618 -7.59792057 -7.39903083 
2.31012970e-04 -8.49913593 -8.29622073 -7.94230099 -7.64294193 -7.44898088 
1.87381742e-04 -8.51153289 -8.31759751 -7.98161490 -7.69096988 -7.50728286 
1.51991108e-04 -8.51396242 -8.33382058 -8.01772572 -7.73866981 -7.56729359 
1.23284674e-04 -8.51999388 -8.34303304 -8.04690069 -7.78704763 -7.62590108 
1.00000000e-04 -8.52425398 -8.34513287 -8.07461278 -7.83247340 -7.68767592 
8.11130831e-05 -8.51924269 -8.35471081 -8.09623930 -7.87608505 -7.74315996 
6.57933225e-05 -8.51254149 -8.36151986 -8.11854795 -7.92034769 -7.79316525 
5.33669923e-05 -8.50320848 -8.35886854 -8.13956380 -7.96244834 -7.84506308 
4.32876128e-05 -8.48755523 -8.34777470 -8.16360175 -7.99937159 -7.87828890 
3.51119173e-05 -8.45742321 -8.34060313 -8.19056258 -8.03319198 -7.91297921 
2.84803587e-05 -8.43184139 -8.33348259 -8.21022425 -8.06085614 -7.95417821 
2.31012970e-05 -8.42774738 -8.32887069 -8.21654806 -8.09160425 -7.98562024 
1.87381742e-05 -8.42857757 -8.32145301 -8.22193730 -8.11909810 -8.02069779 
1.51991108e-05 -8.44845689 -8.32645677 -8.23392963 -8.14740586 -8.05343190 
1.23284674e-05 -8.48481498 -8.35041069 -8.25650859 -8.17323876 -8.07837712 
1.00000000e-05 -8.53973409 -8.39552372 -8.28942187 -8.20302918 -8.11288828 
8.11130831e-06 -8.60062919 -8.45546301 -8.33815848 -8.24367462 -8.15871519 
6.57933225e-06 -8.67508232 -8.52534861 -8.40139109 -8.29822181 -8.21597100 
5.33669923e-06 -8.75445036 -8.60249895 -8.47317221 -8.36758974 -8.27785901 
4.32876128e-06 -8.83878088 -8.68507223 -8.55266820 -8.44010502 -8.35152817 
3.51119173e-06 -8.92578501 -8.76972260 -8.63747967 -8.52254291 -8.43125349 
2.84803587e-06 -9.01533672 -8.85778537 -8.72521456 -8.60888765 -8.51539093 
2.31012970e-06 -9.10573297 -8.94730285 -8.81489379 -8.69762154 -8.60404925 
1.87381742e-06 -9.19644445 -9.03758166 -8.90515873 -8.78764712 -8.69404279 
1.51991108e-06 -9.28729294 -9.12828993 -8.99583661 -8.87823409 -8.78461666 
1.23284674e-06 -9.37819471 -9.21915212 -9.08667510 -8.96903941 -8.87541621 
1.00000000e-06 -9.46911503 -9.31005740 -9.17756948 -9.05992071 -8.96629432 
8.11130831e-07 -9.56004971 -9.40098381 -9.26848808 -9.15082904 -9.05719839 
6.57933225e-07 -9.65098600 -9.49191397 -9.35941154 -9.24174397 -9.14810928 
5.33669923e-07 -9.74192229 -9.58284412 -9.45033499 -9.33265890 -9.23902017 
4.32876128e-07 -9.83285858 -9.67377428 -9.54125845 -9.42357383 -9.32993106 
3.51119173e-07 -9.92379487 -9.76470443 -9.63218190 -9.51448877 -9.42084195 
2.84803587e-07 -10.01473274 -9.85563645 -9.72310770 -9.60540523 -9.51175344 
2.31012970e-07 -10.10567218 -9.94657033 -9.81403585 -9.69632322 -9.60266554 
1.87381742e-07 -10.19661163 -10.03750421 -9.90496399 -9.78724122 -9.69357764 
1.51991108e-07 -10.28755107 -10.12843810 -9.99589214 -9.87815921 -9.78448974 
1.23284674e-07 -10.37849052 -10.21937198 -10.08682029 -9.96907721 -9.87540184 
1.00000000e-07 -10.46942996 -10.31030586 -10.17774843 -10.05999520 -9.96631394 
P (bar) | log_CH4: -2σ | log_CH4: -1σ | log_CH4: median | log_CH4: +1σ | log_CH4: +2σ 
1.00000000e+02 -4.99404580 -4.15798117 -2.74716677 -2.51887160 -2.40654281 
8.11130831e+01 -5.17618656 -4.33887927 -2.84926848 -2.53668812 -2.41850552 
6.57933225e+01 -5.35829960 -4.51924278 -2.95827322 -2.54938239 -2.43483490 
5.33669923e+01 -5.54033289 -4.69951592 -3.06458776 -2.56153626 -2.44326096 
4.32876128e+01 -5.72216083 -4.87955559 -3.16637004 -2.57271429 -2.44632984 
3.51119173e+01 -5.90351569 -5.05905543 -3.28042468 -2.57850575 -2.45089712 
2.84803587e+01 -6.08409060 -5.23828914 -3.41816198 -2.59984371 -2.45853186 
2.31012970e+01 -6.26305991 -5.41632752 -3.58016504 -2.63128688 -2.46370835 
1.87381742e+01 -6.43905400 -5.59099725 -3.74949474 -2.65642830 -2.47203267 
1.51991108e+01 -6.61064964 -5.76069519 -3.90267476 -2.67968465 -2.48020039 
1.23284674e+01 -6.77642506 -5.92327045 -4.04782875 -2.69425065 -2.48440208 
1.00000000e+01 -6.93507915 -6.07778777 -4.18536663 -2.70689480 -2.48617132 
8.11130831e+00 -7.08434153 -6.22393729 -4.32719438 -2.76053666 -2.50136524 
6.57933225e+00 -7.22604853 -6.36208372 -4.46002989 -2.80913245 -2.51137764 
5.33669923e+00 -7.36131395 -6.49036296 -4.58270313 -2.86399841 -2.52209686 
4.32876128e+00 -7.49164557 -6.61249120 -4.69832224 -2.90997359 -2.52410481 
3.51119173e+00 -7.61708844 -6.73089498 -4.80357264 -2.94607277 -2.52492582 
2.84803587e+00 -7.73701464 -6.84508079 -4.90717433 -3.00936869 -2.53872485 
2.31012970e+00 -7.85574603 -6.95600084 -5.01301532 -3.09256351 -2.57058111 
1.87381742e+00 -7.97370530 -7.06525258 -5.11825492 -3.16485858 -2.58214880 
1.51991108e+00 -8.08768308 -7.17098443 -5.22175494 -3.22667089 -2.59149896 
1.23284674e+00 -8.19899716 -7.27720816 -5.32193435 -3.27421476 -2.59863259 
1.00000000e+00 -8.31015601 -7.38222213 -5.41876556 -3.30949050 -2.61143765 
8.11130831e-01 -8.41638817 -7.48288576 -5.50749358 -3.40119733 -2.65917692 
6.57933225e-01 -8.52237030 -7.58110834 -5.59676853 -3.48958709 -2.70865577 
5.33669923e-01 -8.62700254 -7.67838406 -5.68659461 -3.57960359 -2.74845207 
4.32876128e-01 -8.72483604 -7.77393247 -5.77697184 -3.66322349 -2.75726187 
3.51119173e-01 -8.82261657 -7.86327808 -5.86790020 -3.73194450 -2.77619245 
2.84803587e-01 -8.92037395 -7.95154589 -5.95868737 -3.80732623 -2.81099491 
2.31012970e-01 -9.01412765 -8.03978199 -6.04547046 -3.89666497 -2.86605780 
1.87381742e-01 -9.10925559 -8.12803981 -6.12014567 -3.98035044 -2.90975534 
1.51991108e-01 -9.19576202 -8.20754091 -6.19420036 -4.05615692 -2.95064223 
1.23284674e-01 -9.28222081 -8.28479806 -6.26943157 -4.12408444 -2.96907581 
1.00000000e-01 -9.36863195 -8.35951655 -6.34583928 -4.18471687 -2.97295774 
8.11130831e-02 -9.45122689 -8.43450529 -6.42087221 -4.26917840 -3.06371221 
6.57933225e-02 -9.52638023 -8.50957494 -6.49605216 -4.35353414 -3.14024799 
5.33669923e-02 -9.60149947 -8.57591147 -6.54772864 -4.43721282 -3.21149358 
4.32876128e-02 -9.67658461 -8.63509381 -6.60045509 -4.51319938 -3.29210611 
3.51119173e-02 -9.74263799 -8.69504321 -6.65423149 -4.58247186 -3.35945511 
2.84803587e-02 -9.80438121 -8.75578542 -6.70822759 -4.64847750 -3.42659939 
2.31012970e-02 -9.86610301 -8.81086792 -6.76127001 -4.71766597 -3.50688225 
1.87381742e-02 -9.92676819 -8.85756540 -6.81787671 -4.78363880 -3.57605802 
1.51991108e-02 -9.97214366 -8.89725952 -6.87491461 -4.84604133 -3.63836969 
1.23284674e-02 -10.01755234 -8.93813836 -6.92772052 -4.90296803 -3.69136130 
1.00000000e-02 -10.06299425 -8.98054860 -6.96447301 -4.95692036 -3.73413513 
8.11130831e-03 -10.09609118 -9.01280746 -6.99086396 -5.01862670 -3.81232334 
6.57933225e-03 -10.12205572 -9.03181228 -7.01687230 -5.07772541 -3.88701952 
5.33669923e-03 -10.14806579 -9.04899751 -7.04706426 -5.13547060 -3.95567192 
4.32876128e-03 -10.17412138 -9.06563200 -7.07886045 -5.18582415 -4.02156957 
3.51119173e-03 -10.17690994 -9.08286838 -7.11544357 -5.22684398 -4.08575621 
2.84803587e-03 -10.17917875 -9.08485538 -7.14002520 -5.26313986 -4.15783789 
2.31012970e-03 -10.18146186 -9.07248949 -7.14028334 -5.30112625 -4.23812219 
1.87381742e-03 -10.17421705 -9.05919308 -7.13369308 -5.33993196 -4.31978887 
1.51991108e-03 -10.14712522 -9.04960693 -7.12555120 -5.37289164 -4.39226438 
1.23284674e-03 -10.12006165 -9.03432597 -7.11274271 -5.40967109 -4.44956747 
1.00000000e-03 -10.09302635 -8.99293777 -7.09937087 -5.45071732 -4.49435146 
8.11130831e-04 -10.04082617 -8.94222346 -7.08970676 -5.49049070 -4.55639562 
6.57933225e-04 -9.97649436 -8.89203994 -7.07824853 -5.52778562 -4.61314387 
5.33669923e-04 -9.91233773 -8.84268935 -7.02930962 -5.56287656 -4.66400613 
4.32876128e-04 -9.84740356 -8.79445277 -6.97691887 -5.58023557 -4.71053630 
3.51119173e-04 -9.73241409 -8.68494818 -6.92240780 -5.59080257 -4.75917322 
2.84803587e-04 -9.61868573 -8.57429626 -6.86634308 -5.59393002 -4.81018908 
2.31012970e-04 -9.50540092 -8.46292645 -6.80633291 -5.59772709 -4.86750391 
1.87381742e-04 -9.36283265 -8.35419894 -6.75049178 -5.59600530 -4.91106658 
1.51991108e-04 -9.17150183 -8.22427973 -6.69345157 -5.59848158 -4.95961700 
1.23284674e-04 -8.98350777 -8.03039860 -6.60147986 -5.58995351 -5.01049133 
1.00000000e-04 -8.79912916 -7.84609197 -6.50534556 -5.58987937 -5.06550426 
8.11130831e-05 -8.53041171 -7.66125471 -6.40810819 -5.59362339 -5.11331124 
6.57933225e-05 -8.24315375 -7.46865894 -6.30596681 -5.58710636 -5.15220258 
5.33669923e-05 -7.95678501 -7.22481754 -6.19479332 -5.58060393 -5.17309315 
4.32876128e-05 -7.66561737 -6.96187649 -6.08855655 -5.54974673 -5.18879200 
3.51119173e-05 -7.31585619 -6.70279324 -5.97797547 -5.49421667 -5.17672666 
2.84803587e-05 -6.97897817 -6.44162463 -5.86486311 -5.43824490 -5.15937558 
2.31012970e-05 -6.63322453 -6.19278655 -5.73265837 -5.38931425 -5.13581389 
1.87381742e-05 -6.26080906 -5.90040831 -5.60469109 -5.34366605 -5.08703978 
1.51991108e-05 -5.94745024 -5.69509048 -5.47486921 -5.28170013 -5.06981357 
1.23284674e-05 -5.78562073 -5.56729331 -5.37059195 -5.21590203 -5.03777011 
1.00000000e-05 -5.80251804 -5.53798647 -5.30620775 -5.14247075 -4.97309367 
8.11130831e-06 -5.88766317 -5.60118277 -5.30519887 -5.10554065 -4.89566534 
6.57933225e-06 -6.00777961 -5.69971863 -5.36982252 -5.13806958 -4.90936211 
5.33669923e-06 -6.14903193 -5.82131366 -5.47764933 -5.20836837 -4.95688239 
4.32876128e-06 -6.30640272 -5.97288440 -5.61374886 -5.32710021 -5.05738386 
3.51119173e-06 -6.47476381 -6.13332718 -5.77223469 -5.46723763 -5.19483801 
2.84803587e-06 -6.65169467 -6.30716887 -5.94187372 -5.62856646 -5.35320009 
2.31012970e-06 -6.83415293 -6.48636971 -6.11781012 -5.80158505 -5.52404418 
1.87381742e-06 -7.01839626 -6.66800957 -6.29860750 -5.98035403 -5.70142228 
1.51991108e-06 -7.20341804 -6.85125806 -6.48084523 -6.16081169 -5.88164625 
1.23284674e-06 -7.38874357 -7.03456946 -6.66360006 -6.34224268 -6.06297931 
1.00000000e-06 -7.57417515 -7.21797346 -6.84586186 -6.52401282 -6.24469914 
8.11130831e-07 -7.76054649 -7.40259389 -7.02892355 -6.70630265 -6.42706855 
6.57933225e-07 -7.94692711 -7.58760728 -7.21200136 -6.88862200 -6.60947169 
5.33669923e-07 -8.13330773 -7.77262065 -7.39507917 -7.07094135 -6.79187482 
4.32876128e-07 -8.31968834 -7.95733763 -7.57815698 -7.25361950 -6.97396537 
3.51119173e-07 -8.50606896 -8.14205461 -7.76252203 -7.43607114 -7.15598178 
2.84803587e-07 -8.69238418 -8.32719571 -7.94588291 -7.61854770 -7.33765121 
2.31012970e-07 -8.87863400 -8.51229469 -8.12943646 -7.80115614 -7.51945609 
1.87381742e-07 -9.06488382 -8.69731369 -8.31299001 -7.98376457 -7.70126096 
1.51991108e-07 -9.25113364 -8.88233268 -8.49654356 -8.16637301 -7.88306584 
1.23284674e-07 -9.43738346 -9.06735168 -8.68024910 -8.34901218 -8.06487071 
1.00000000e-07 -9.62363328 -9.25284501 -8.86404267 -8.53167292 -8.24667558 
