Chemical species: H2 He H2O CO2 SO2 CO H2S NH3 CH4
P (bar) | log_H2: -2σ | log_H2: -1σ | log_H2: median | log_H2: +1σ | log_H2: +2σ 
1.00000000e+02 -0.06993064 -0.06975471 -0.06962684 -0.06944676 -0.06933193 
8.11130831e+01 -0.06992949 -0.06975331 -0.06962559 -0.06944546 -0.06933067 
6.57933225e+01 -0.06992836 -0.06975192 -0.06962435 -0.06944415 -0.06932941 
5.33669923e+01 -0.06992722 -0.06975053 -0.06962311 -0.06944285 -0.06932815 
4.32876128e+01 -0.06992609 -0.06974913 -0.06962188 -0.06944156 -0.06932690 
3.51119173e+01 -0.06992496 -0.06974766 -0.06962066 -0.06944027 -0.06932566 
2.84803587e+01 -0.06991966 -0.06974257 -0.06961627 -0.06943599 -0.06932159 
2.31012970e+01 -0.06991046 -0.06973442 -0.06960935 -0.06942874 -0.06931482 
1.87381742e+01 -0.06990145 -0.06972676 -0.06960169 -0.06942139 -0.06930821 
1.51991108e+01 -0.06989263 -0.06971863 -0.06959455 -0.06941427 -0.06930175 
1.23284674e+01 -0.06988400 -0.06971041 -0.06958709 -0.06940711 -0.06929545 
1.00000000e+01 -0.06987645 -0.06970281 -0.06958010 -0.06940028 -0.06928929 
8.11130831e+00 -0.06984953 -0.06967872 -0.06955843 -0.06938192 -0.06927301 
6.57933225e+00 -0.06982439 -0.06965628 -0.06953832 -0.06936488 -0.06925785 
5.33669923e+00 -0.06980087 -0.06963534 -0.06951954 -0.06934916 -0.06924370 
4.32876128e+00 -0.06977883 -0.06961576 -0.06950195 -0.06933413 -0.06923048 
3.51119173e+00 -0.06975813 -0.06959760 -0.06948557 -0.06932011 -0.06921810 
2.84803587e+00 -0.06973594 -0.06957792 -0.06946771 -0.06930504 -0.06920470 
2.31012970e+00 -0.06971345 -0.06955849 -0.06944960 -0.06928964 -0.06919097 
1.87381742e+00 -0.06969344 -0.06954127 -0.06943346 -0.06927597 -0.06917849 
1.51991108e+00 -0.06967553 -0.06952588 -0.06941883 -0.06926377 -0.06916721 
1.23284674e+00 -0.06965940 -0.06951188 -0.06940561 -0.06925290 -0.06915704 
1.00000000e+00 -0.06964511 -0.06949884 -0.06939364 -0.06924305 -0.06914781 
8.11130831e-01 -0.06963591 -0.06949069 -0.06938628 -0.06923688 -0.06914196 
6.57933225e-01 -0.06962814 -0.06948379 -0.06938005 -0.06923164 -0.06913700 
5.33669923e-01 -0.06962162 -0.06947793 -0.06937475 -0.06922719 -0.06913276 
4.32876128e-01 -0.06961630 -0.06947292 -0.06937021 -0.06922337 -0.06912913 
3.51119173e-01 -0.06961173 -0.06946861 -0.06936631 -0.06922007 -0.06912599 
2.84803587e-01 -0.06960825 -0.06946543 -0.06936333 -0.06921755 -0.06912360 
2.31012970e-01 -0.06960577 -0.06946317 -0.06936119 -0.06921573 -0.06912190 
1.87381742e-01 -0.06960375 -0.06946131 -0.06935942 -0.06921424 -0.06912050 
1.51991108e-01 -0.06960210 -0.06945980 -0.06935798 -0.06921300 -0.06911935 
1.23284674e-01 -0.06960076 -0.06945855 -0.06935680 -0.06921198 -0.06911840 
1.00000000e-01 -0.06959966 -0.06945754 -0.06935584 -0.06921114 -0.06911761 
8.11130831e-02 -0.06959820 -0.06945598 -0.06935427 -0.06920916 -0.06911590 
6.57933225e-02 -0.06959723 -0.06945478 -0.06935275 -0.06920732 -0.06911431 
5.33669923e-02 -0.06959658 -0.06945373 -0.06935137 -0.06920560 -0.06911284 
4.32876128e-02 -0.06959608 -0.06945281 -0.06935011 -0.06920400 -0.06911147 
3.51119173e-02 -0.06959571 -0.06945193 -0.06934908 -0.06920251 -0.06911020 
2.84803587e-02 -0.06959436 -0.06944773 -0.06934554 -0.06919721 -0.06910563 
2.31012970e-02 -0.06959205 -0.06944110 -0.06933903 -0.06918900 -0.06909747 
1.87381742e-02 -0.06958992 -0.06943429 -0.06933336 -0.06918067 -0.06908903 
1.51991108e-02 -0.06958804 -0.06942884 -0.06932740 -0.06917244 -0.06908098 
1.23284674e-02 -0.06958651 -0.06942463 -0.06932156 -0.06916590 -0.06907412 
1.00000000e-02 -0.06958546 -0.06942084 -0.06931621 -0.06915926 -0.06906715 
8.11130831e-03 -0.06957416 -0.06940598 -0.06930039 -0.06914228 -0.06904977 
6.57933225e-03 -0.06956399 -0.06939219 -0.06928438 -0.06912585 -0.06903182 
5.33669923e-03 -0.06955536 -0.06938148 -0.06927229 -0.06911116 -0.06901906 
4.32876128e-03 -0.06954892 -0.06937131 -0.06926126 -0.06909935 -0.06900770 
3.51119173e-03 -0.06954563 -0.06936522 -0.06925420 -0.06908934 -0.06899756 
2.84803587e-03 -0.06952271 -0.06934555 -0.06923669 -0.06907356 -0.06898234 
2.31012970e-03 -0.06948236 -0.06931383 -0.06920892 -0.06905168 -0.06896388 
1.87381742e-03 -0.06944989 -0.06928885 -0.06918761 -0.06903577 -0.06895107 
1.51991108e-03 -0.06942645 -0.06927138 -0.06917244 -0.06902773 -0.06894420 
1.23284674e-03 -0.06941375 -0.06926292 -0.06916647 -0.06902487 -0.06894381 
1.00000000e-03 -0.06941415 -0.06926555 -0.06917057 -0.06903052 -0.06895064 
8.11130831e-04 -0.06936546 -0.06923214 -0.06914369 -0.06901400 -0.06893690 
6.57933225e-04 -0.06932977 -0.06920732 -0.06912473 -0.06900304 -0.06892795 
5.33669923e-04 -0.06930792 -0.06919211 -0.06911236 -0.06899761 -0.06892208 
4.32876128e-04 -0.06929521 -0.06918245 -0.06910477 -0.06899552 -0.06892239 
3.51119173e-04 -0.06928629 -0.06918041 -0.06910418 -0.06899898 -0.06892611 
2.84803587e-04 -0.06927841 -0.06917813 -0.06910263 -0.06900080 -0.06892880 
2.31012970e-04 -0.06927134 -0.06917330 -0.06909867 -0.06899954 -0.06892898 
1.87381742e-04 -0.06926587 -0.06917044 -0.06909665 -0.06899991 -0.06892998 
1.51991108e-04 -0.06926292 -0.06916913 -0.06909615 -0.06900107 -0.06893143 
1.23284674e-04 -0.06926390 -0.06916965 -0.06909663 -0.06900286 -0.06893346 
1.00000000e-04 -0.06926461 -0.06917089 -0.06909803 -0.06900482 -0.06893592 
8.11130831e-05 -0.06926553 -0.06917349 -0.06910106 -0.06900803 -0.06893958 
6.57933225e-05 -0.06926747 -0.06917637 -0.06910400 -0.06901164 -0.06894344 
5.33669923e-05 -0.06927024 -0.06917931 -0.06910671 -0.06901561 -0.06894742 
4.32876128e-05 -0.06927291 -0.06918231 -0.06911017 -0.06901982 -0.06895151 
3.51119173e-05 -0.06927497 -0.06918553 -0.06911394 -0.06902411 -0.06895566 
2.84803587e-05 -0.06927872 -0.06919017 -0.06911841 -0.06902934 -0.06896074 
2.31012970e-05 -0.06928415 -0.06919617 -0.06912435 -0.06903554 -0.06896676 
1.87381742e-05 -0.06928967 -0.06920227 -0.06913048 -0.06904178 -0.06897285 
1.51991108e-05 -0.06929526 -0.06920845 -0.06913670 -0.06904810 -0.06897902 
1.23284674e-05 -0.06930091 -0.06921469 -0.06914282 -0.06905448 -0.06898527 
1.00000000e-05 -0.06930697 -0.06922108 -0.06914936 -0.06906094 -0.06899159 
8.11130831e-06 -0.06931675 -0.06923059 -0.06915832 -0.06906920 -0.06899914 
6.57933225e-06 -0.06932669 -0.06924025 -0.06916760 -0.06907757 -0.06900680 
5.33669923e-06 -0.06933694 -0.06925000 -0.06917711 -0.06908606 -0.06901456 
4.32876128e-06 -0.06934733 -0.06925987 -0.06918644 -0.06909467 -0.06902243 
3.51119173e-06 -0.06935748 -0.06926987 -0.06919588 -0.06910332 -0.06903039 
2.84803587e-06 -0.06936929 -0.06928082 -0.06920616 -0.06911207 -0.06903831 
2.31012970e-06 -0.06938263 -0.06929233 -0.06921697 -0.06912093 -0.06904617 
1.87381742e-06 -0.06939618 -0.06930397 -0.06922776 -0.06912975 -0.06905414 
1.51991108e-06 -0.06940996 -0.06931606 -0.06923907 -0.06913887 -0.06906220 
1.23284674e-06 -0.06942397 -0.06932846 -0.06925033 -0.06914799 -0.06907037 
1.00000000e-06 -0.06943821 -0.06934091 -0.06926132 -0.06915737 -0.06907864 
8.11130831e-07 -0.06945208 -0.06935211 -0.06927186 -0.06916592 -0.06908593 
6.57933225e-07 -0.06946617 -0.06936362 -0.06928248 -0.06917423 -0.06909309 
5.33669923e-07 -0.06948048 -0.06937542 -0.06929306 -0.06918295 -0.06910033 
4.32876128e-07 -0.06949502 -0.06938742 -0.06930385 -0.06919203 -0.06910765 
3.51119173e-07 -0.06950933 -0.06939996 -0.06931468 -0.06920047 -0.06911504 
2.84803587e-07 -0.06952297 -0.06941139 -0.06932508 -0.06920876 -0.06912187 
2.31012970e-07 -0.06953596 -0.06942214 -0.06933471 -0.06921639 -0.06912810 
1.87381742e-07 -0.06954913 -0.06943294 -0.06934456 -0.06922425 -0.06913439 
1.51991108e-07 -0.06956247 -0.06944393 -0.06935469 -0.06923206 -0.06914074 
1.23284674e-07 -0.06957599 -0.06945539 -0.06936481 -0.06923983 -0.06914714 
1.00000000e-07 -0.06958896 -0.06946716 -0.06937516 -0.06924738 -0.06915360 
P (bar) | log_He: -2σ | log_He: -1σ | log_He: median | log_He: +1σ | log_He: +2σ 
1.00000000e+02 -0.83948171 -0.83930579 -0.83917792 -0.83899784 -0.83888301 
8.11130831e+01 -0.83948057 -0.83930439 -0.83917667 -0.83899653 -0.83888175 
6.57933225e+01 -0.83947944 -0.83930300 -0.83917543 -0.83899523 -0.83888049 
5.33669923e+01 -0.83947830 -0.83930161 -0.83917419 -0.83899393 -0.83887923 
4.32876128e+01 -0.83947717 -0.83930021 -0.83917296 -0.83899264 -0.83887798 
3.51119173e+01 -0.83947604 -0.83929874 -0.83917174 -0.83899135 -0.83887674 
2.84803587e+01 -0.83947074 -0.83929365 -0.83916735 -0.83898707 -0.83887267 
2.31012970e+01 -0.83946154 -0.83928550 -0.83916043 -0.83897982 -0.83886590 
1.87381742e+01 -0.83945253 -0.83927783 -0.83915277 -0.83897247 -0.83885929 
1.51991108e+01 -0.83944371 -0.83926971 -0.83914563 -0.83896535 -0.83885283 
1.23284674e+01 -0.83943508 -0.83926149 -0.83913817 -0.83895819 -0.83884653 
1.00000000e+01 -0.83942753 -0.83925389 -0.83913118 -0.83895136 -0.83884037 
8.11130831e+00 -0.83940061 -0.83922980 -0.83910951 -0.83893299 -0.83882409 
6.57933225e+00 -0.83937547 -0.83920736 -0.83908940 -0.83891596 -0.83880893 
5.33669923e+00 -0.83935195 -0.83918642 -0.83907061 -0.83890024 -0.83879478 
4.32876128e+00 -0.83932990 -0.83916683 -0.83905303 -0.83888521 -0.83878156 
3.51119173e+00 -0.83930920 -0.83914868 -0.83903665 -0.83887119 -0.83876918 
2.84803587e+00 -0.83928702 -0.83912900 -0.83901878 -0.83885612 -0.83875577 
2.31012970e+00 -0.83926453 -0.83910957 -0.83900067 -0.83884072 -0.83874205 
1.87381742e+00 -0.83924452 -0.83909235 -0.83898454 -0.83882705 -0.83872957 
1.51991108e+00 -0.83922660 -0.83907695 -0.83896991 -0.83881485 -0.83871829 
1.23284674e+00 -0.83921048 -0.83906296 -0.83895668 -0.83880398 -0.83870812 
1.00000000e+00 -0.83919619 -0.83904992 -0.83894472 -0.83879413 -0.83869889 
8.11130831e-01 -0.83918699 -0.83904177 -0.83893736 -0.83878796 -0.83869304 
6.57933225e-01 -0.83917922 -0.83903487 -0.83893113 -0.83878272 -0.83868808 
5.33669923e-01 -0.83917270 -0.83902901 -0.83892583 -0.83877827 -0.83868384 
4.32876128e-01 -0.83916738 -0.83902400 -0.83892129 -0.83877445 -0.83868021 
3.51119173e-01 -0.83916281 -0.83901969 -0.83891739 -0.83877115 -0.83867707 
2.84803587e-01 -0.83915932 -0.83901650 -0.83891441 -0.83876863 -0.83867467 
2.31012970e-01 -0.83915685 -0.83901424 -0.83891227 -0.83876681 -0.83867298 
1.87381742e-01 -0.83915483 -0.83901239 -0.83891050 -0.83876532 -0.83867158 
1.51991108e-01 -0.83915318 -0.83901088 -0.83890906 -0.83876408 -0.83867042 
1.23284674e-01 -0.83915184 -0.83900963 -0.83890788 -0.83876306 -0.83866948 
1.00000000e-01 -0.83915074 -0.83900861 -0.83890692 -0.83876222 -0.83866869 
8.11130831e-02 -0.83914927 -0.83900705 -0.83890535 -0.83876024 -0.83866698 
6.57933225e-02 -0.83914830 -0.83900586 -0.83890383 -0.83875840 -0.83866539 
5.33669923e-02 -0.83914766 -0.83900481 -0.83890245 -0.83875668 -0.83866392 
4.32876128e-02 -0.83914716 -0.83900388 -0.83890118 -0.83875507 -0.83866255 
3.51119173e-02 -0.83914679 -0.83900301 -0.83890016 -0.83875359 -0.83866128 
2.84803587e-02 -0.83914544 -0.83899881 -0.83889662 -0.83874829 -0.83865671 
2.31012970e-02 -0.83914313 -0.83899218 -0.83889011 -0.83874008 -0.83864855 
1.87381742e-02 -0.83914100 -0.83898537 -0.83888444 -0.83873175 -0.83864011 
1.51991108e-02 -0.83913912 -0.83897992 -0.83887848 -0.83872352 -0.83863205 
1.23284674e-02 -0.83913758 -0.83897571 -0.83887264 -0.83871698 -0.83862520 
1.00000000e-02 -0.83913654 -0.83897192 -0.83886729 -0.83871034 -0.83861823 
8.11130831e-03 -0.83912524 -0.83895705 -0.83885147 -0.83869336 -0.83860084 
6.57933225e-03 -0.83911506 -0.83894326 -0.83883546 -0.83867693 -0.83858290 
5.33669923e-03 -0.83910644 -0.83893256 -0.83882337 -0.83866224 -0.83857014 
4.32876128e-03 -0.83910000 -0.83892238 -0.83881234 -0.83865043 -0.83855878 
3.51119173e-03 -0.83909671 -0.83891629 -0.83880527 -0.83864042 -0.83854864 
2.84803587e-03 -0.83907379 -0.83889663 -0.83878777 -0.83862464 -0.83853342 
2.31012970e-03 -0.83903344 -0.83886491 -0.83876000 -0.83860276 -0.83851496 
1.87381742e-03 -0.83900097 -0.83883993 -0.83873869 -0.83858685 -0.83850215 
1.51991108e-03 -0.83897753 -0.83882246 -0.83872352 -0.83857881 -0.83849528 
1.23284674e-03 -0.83896483 -0.83881400 -0.83871755 -0.83857595 -0.83849489 
1.00000000e-03 -0.83896523 -0.83881663 -0.83872165 -0.83858159 -0.83850172 
8.11130831e-04 -0.83891654 -0.83878322 -0.83869477 -0.83856508 -0.83848798 
6.57933225e-04 -0.83888085 -0.83875840 -0.83867580 -0.83855411 -0.83847903 
5.33669923e-04 -0.83885900 -0.83874319 -0.83866344 -0.83854869 -0.83847316 
4.32876128e-04 -0.83884628 -0.83873353 -0.83865585 -0.83854660 -0.83847346 
3.51119173e-04 -0.83883737 -0.83873148 -0.83865526 -0.83855006 -0.83847719 
2.84803587e-04 -0.83882949 -0.83872921 -0.83865370 -0.83855188 -0.83847988 
2.31012970e-04 -0.83882241 -0.83872438 -0.83864975 -0.83855062 -0.83848006 
1.87381742e-04 -0.83881695 -0.83872151 -0.83864773 -0.83855099 -0.83848106 
1.51991108e-04 -0.83881400 -0.83872021 -0.83864723 -0.83855215 -0.83848251 
1.23284674e-04 -0.83881498 -0.83872073 -0.83864770 -0.83855394 -0.83848454 
1.00000000e-04 -0.83881569 -0.83872197 -0.83864910 -0.83855590 -0.83848700 
8.11130831e-05 -0.83881661 -0.83872457 -0.83865214 -0.83855911 -0.83849066 
6.57933225e-05 -0.83881855 -0.83872745 -0.83865507 -0.83856272 -0.83849452 
5.33669923e-05 -0.83882132 -0.83873039 -0.83865779 -0.83856669 -0.83849850 
4.32876128e-05 -0.83882398 -0.83873339 -0.83866124 -0.83857090 -0.83850259 
3.51119173e-05 -0.83882605 -0.83873661 -0.83866502 -0.83857519 -0.83850674 
2.84803587e-05 -0.83882980 -0.83874125 -0.83866949 -0.83858041 -0.83851182 
2.31012970e-05 -0.83883523 -0.83874725 -0.83867543 -0.83858662 -0.83851783 
1.87381742e-05 -0.83884075 -0.83875335 -0.83868156 -0.83859286 -0.83852393 
1.51991108e-05 -0.83884634 -0.83875952 -0.83868777 -0.83859917 -0.83853010 
1.23284674e-05 -0.83885199 -0.83876577 -0.83869389 -0.83860556 -0.83853635 
1.00000000e-05 -0.83885805 -0.83877216 -0.83870044 -0.83861202 -0.83854267 
8.11130831e-06 -0.83886783 -0.83878167 -0.83870940 -0.83862028 -0.83855022 
6.57933225e-06 -0.83887777 -0.83879133 -0.83871868 -0.83862865 -0.83855788 
5.33669923e-06 -0.83888802 -0.83880108 -0.83872819 -0.83863714 -0.83856564 
4.32876128e-06 -0.83889841 -0.83881095 -0.83873752 -0.83864575 -0.83857350 
3.51119173e-06 -0.83890855 -0.83882095 -0.83874696 -0.83865439 -0.83858147 
2.84803587e-06 -0.83892037 -0.83883189 -0.83875723 -0.83866315 -0.83858939 
2.31012970e-06 -0.83893370 -0.83884341 -0.83876805 -0.83867201 -0.83859725 
1.87381742e-06 -0.83894726 -0.83885505 -0.83877884 -0.83868083 -0.83860522 
1.51991108e-06 -0.83896104 -0.83886714 -0.83879015 -0.83868995 -0.83861328 
1.23284674e-06 -0.83897505 -0.83887953 -0.83880141 -0.83869907 -0.83862145 
1.00000000e-06 -0.83898929 -0.83889198 -0.83881239 -0.83870845 -0.83862972 
8.11130831e-07 -0.83900316 -0.83890318 -0.83882294 -0.83871700 -0.83863701 
6.57933225e-07 -0.83901725 -0.83891470 -0.83883356 -0.83872531 -0.83864417 
5.33669923e-07 -0.83903156 -0.83892650 -0.83884413 -0.83873403 -0.83865141 
4.32876128e-07 -0.83904610 -0.83893850 -0.83885493 -0.83874311 -0.83865873 
3.51119173e-07 -0.83906041 -0.83895104 -0.83886576 -0.83875155 -0.83866612 
2.84803587e-07 -0.83907404 -0.83896247 -0.83887616 -0.83875983 -0.83867295 
2.31012970e-07 -0.83908704 -0.83897321 -0.83888579 -0.83876746 -0.83867918 
1.87381742e-07 -0.83910021 -0.83898402 -0.83889563 -0.83877532 -0.83868547 
1.51991108e-07 -0.83911355 -0.83899500 -0.83890577 -0.83878314 -0.83869182 
1.23284674e-07 -0.83912707 -0.83900647 -0.83891589 -0.83879091 -0.83869822 
1.00000000e-07 -0.83914004 -0.83901824 -0.83892624 -0.83879846 -0.83870468 
P (bar) | log_H2O: -2σ | log_H2O: -1σ | log_H2O: median | log_H2O: +1σ | log_H2O: +2σ 
1.00000000e+02 -2.76748866 -2.72394099 -2.66670157 -2.63046034 -2.58294315 
8.11130831e+01 -2.76766056 -2.72413895 -2.66682320 -2.63062423 -2.58307524 
6.57933225e+01 -2.76783245 -2.72433690 -2.66693949 -2.63078811 -2.58320733 
5.33669923e+01 -2.76800435 -2.72453485 -2.66705577 -2.63095199 -2.58333942 
4.32876128e+01 -2.76817624 -2.72472778 -2.66717206 -2.63111588 -2.58347150 
3.51119173e+01 -2.76835362 -2.72491375 -2.66728835 -2.63127976 -2.58360359 
2.84803587e+01 -2.76899068 -2.72552506 -2.66773627 -2.63184211 -2.58410577 
2.31012970e+01 -2.77007335 -2.72655625 -2.66861634 -2.63281827 -2.58497805 
1.87381742e+01 -2.77115602 -2.72757180 -2.66950795 -2.63380181 -2.58585033 
1.51991108e+01 -2.77221305 -2.72851001 -2.67039956 -2.63471298 -2.58672261 
1.23284674e+01 -2.77309784 -2.72939119 -2.67129969 -2.63557010 -2.58759489 
1.00000000e+01 -2.77398262 -2.73039124 -2.67221206 -2.63640913 -2.58846717 
8.11130831e+00 -2.77649609 -2.73297821 -2.67491154 -2.63919799 -2.59135799 
6.57933225e+00 -2.77900955 -2.73556517 -2.67761102 -2.64198685 -2.59424882 
5.33669923e+00 -2.78152301 -2.73815214 -2.68031051 -2.64477571 -2.59713964 
4.32876128e+00 -2.78403648 -2.74073910 -2.68300999 -2.64756457 -2.60003046 
3.51119173e+00 -2.78654994 -2.74332607 -2.68570947 -2.65035343 -2.60292129 
2.84803587e+00 -2.78901215 -2.74574360 -2.68821524 -2.65291604 -2.60549965 
2.31012970e+00 -2.79142312 -2.74810073 -2.69054388 -2.65522925 -2.60776557 
1.87381742e+00 -2.79380741 -2.75047066 -2.69287571 -2.65745845 -2.61003148 
1.51991108e+00 -2.79600928 -2.75272977 -2.69520755 -2.65967270 -2.61229739 
1.23284674e+00 -2.79821114 -2.75496938 -2.69756059 -2.66190145 -2.61456331 
1.00000000e+00 -2.80041301 -2.75720011 -2.69999895 -2.66413652 -2.61682922 
8.11130831e-01 -2.80086331 -2.75763431 -2.70045747 -2.66453862 -2.61722212 
6.57933225e-01 -2.80133241 -2.75805871 -2.70091599 -2.66494071 -2.61761501 
5.33669923e-01 -2.80180151 -2.75848181 -2.70137450 -2.66534281 -2.61800791 
4.32876128e-01 -2.80227061 -2.75890492 -2.70183302 -2.66574490 -2.61840080 
3.51119173e-01 -2.80273970 -2.75932802 -2.70226744 -2.66614700 -2.61879370 
2.84803587e-01 -2.80297311 -2.75954282 -2.70247314 -2.66634706 -2.61898398 
2.31012970e-01 -2.80297083 -2.75954931 -2.70247650 -2.66634509 -2.61897165 
1.87381742e-01 -2.80296855 -2.75955581 -2.70247202 -2.66634312 -2.61895932 
1.51991108e-01 -2.80296627 -2.75956230 -2.70245251 -2.66634115 -2.61894699 
1.23284674e-01 -2.80296399 -2.75956879 -2.70243300 -2.66633918 -2.61893466 
1.00000000e-01 -2.80296171 -2.75957528 -2.70241349 -2.66633721 -2.61892233 
8.11130831e-02 -2.80323311 -2.75988842 -2.70246871 -2.66652950 -2.61898381 
6.57933225e-02 -2.80354321 -2.76017379 -2.70252392 -2.66672635 -2.61904529 
5.33669923e-02 -2.80386876 -2.76045269 -2.70267197 -2.66694299 -2.61910676 
4.32876128e-02 -2.80419430 -2.76073158 -2.70282345 -2.66715964 -2.61916824 
3.51119173e-02 -2.80451985 -2.76101047 -2.70297493 -2.66730302 -2.61922972 
2.84803587e-02 -2.80557314 -2.76204767 -2.70372361 -2.66787625 -2.61969496 
2.31012970e-02 -2.80797997 -2.76402869 -2.70513220 -2.66890782 -2.62056399 
1.87381742e-02 -2.81032810 -2.76628601 -2.70640334 -2.67000448 -2.62143301 
1.51991108e-02 -2.81267714 -2.76844213 -2.70774440 -2.67096668 -2.62230203 
1.23284674e-02 -2.81488519 -2.77031739 -2.70899961 -2.67178238 -2.62317105 
1.00000000e-02 -2.81694683 -2.77254123 -2.71016565 -2.67275893 -2.62404007 
8.11130831e-03 -2.82025184 -2.77640769 -2.71341411 -2.67560667 -2.62681529 
6.57933225e-03 -2.82463491 -2.78069674 -2.71682032 -2.67865793 -2.62959052 
5.33669923e-03 -2.82907942 -2.78446881 -2.71984721 -2.68142989 -2.63188405 
4.32876128e-03 -2.83297281 -2.78821736 -2.72298995 -2.68412289 -2.63416675 
3.51119173e-03 -2.83705923 -2.79192231 -2.72588409 -2.68680097 -2.63641549 
2.84803587e-03 -2.84199546 -2.79719791 -2.73160915 -2.69270798 -2.64280652 
2.31012970e-03 -2.84837384 -2.80386440 -2.74033983 -2.70205233 -2.65288361 
1.87381742e-03 -2.85475223 -2.81095635 -2.74841977 -2.71120482 -2.66295163 
1.51991108e-03 -2.86092781 -2.81825690 -2.75723924 -2.72061793 -2.67301965 
1.23284674e-03 -2.86685270 -2.82523539 -2.76601799 -2.72990802 -2.68319276 
1.00000000e-03 -2.87277760 -2.83205783 -2.77467943 -2.73934900 -2.69473957 
8.11130831e-04 -2.88274097 -2.84205163 -2.78609932 -2.75113242 -2.70688862 
6.57933225e-04 -2.89267933 -2.85150936 -2.79714916 -2.76289809 -2.72016610 
5.33669923e-04 -2.90115545 -2.86042617 -2.80853165 -2.77456244 -2.73287937 
4.32876128e-04 -2.91023813 -2.86995385 -2.81958171 -2.78622072 -2.74559263 
3.51119173e-04 -2.92073811 -2.87960881 -2.83094331 -2.79798189 -2.75830590 
2.84803587e-04 -2.92627673 -2.88485010 -2.83785268 -2.80486029 -2.76626277 
2.31012970e-04 -2.92769975 -2.88646027 -2.84015380 -2.80684683 -2.76864868 
1.87381742e-04 -2.92874556 -2.88809620 -2.84239571 -2.80927838 -2.77110921 
1.51991108e-04 -2.92971386 -2.88978426 -2.84476527 -2.81157078 -2.77408765 
1.23284674e-04 -2.93075313 -2.89139093 -2.84708564 -2.81394873 -2.77706608 
1.00000000e-04 -2.93229578 -2.89316639 -2.84926657 -2.81651813 -2.78002331 
8.11130831e-05 -2.92944107 -2.89052718 -2.84719896 -2.81495894 -2.77848089 
6.57933225e-05 -2.92658636 -2.88783690 -2.84526657 -2.81339458 -2.77727046 
5.33669923e-05 -2.92373165 -2.88507858 -2.84347709 -2.81166328 -2.77632096 
4.32876128e-05 -2.92087496 -2.88241796 -2.84143694 -2.80993946 -2.77499261 
3.51119173e-05 -2.91774574 -2.87975734 -2.83946939 -2.80805945 -2.77415670 
2.84803587e-05 -2.91373070 -2.87611052 -2.83649426 -2.80526148 -2.77178080 
2.31012970e-05 -2.90882982 -2.87158778 -2.83241086 -2.80154423 -2.76837091 
1.87381742e-05 -2.90392895 -2.86706504 -2.82834931 -2.79787909 -2.76494969 
1.51991108e-05 -2.89902807 -2.86242125 -2.82428776 -2.79421395 -2.76152848 
1.23284674e-05 -2.89412720 -2.85785872 -2.82018012 -2.79052048 -2.75810727 
1.00000000e-05 -2.88922632 -2.85321022 -2.81607381 -2.78688952 -2.75472419 
8.11130831e-06 -2.88351121 -2.84741316 -2.81026384 -2.78122516 -2.74927279 
6.57933225e-06 -2.87779609 -2.84168418 -2.80440143 -2.77556081 -2.74382139 
5.33669923e-06 -2.87208098 -2.83616509 -2.79844198 -2.76990191 -2.73836998 
4.32876128e-06 -2.86636587 -2.83063494 -2.79262028 -2.76428264 -2.73291858 
3.51119173e-06 -2.86065075 -2.82493330 -2.78682791 -2.75866804 -2.72746810 
2.84803587e-06 -2.85507418 -2.81906166 -2.78059020 -2.75258186 -2.72150144 
2.31012970e-06 -2.84963615 -2.81318179 -2.77435242 -2.74595467 -2.71487332 
1.87381742e-06 -2.84419813 -2.80757588 -2.76795553 -2.73943892 -2.70820321 
1.51991108e-06 -2.83886232 -2.80196642 -2.76140064 -2.73292026 -2.70158790 
1.23284674e-06 -2.83355151 -2.79622216 -2.75515204 -2.72640160 -2.69497259 
1.00000000e-06 -2.82811793 -2.79036491 -2.74892444 -2.71990452 -2.68835729 
8.11130831e-07 -2.82327866 -2.78515052 -2.74320739 -2.71381128 -2.68203309 
6.57933225e-07 -2.81842619 -2.77993613 -2.73752150 -2.70789906 -2.67570889 
5.33669923e-07 -2.81350172 -2.77477521 -2.73183614 -2.70189458 -2.66939459 
4.32876128e-07 -2.80861326 -2.76963221 -2.72615051 -2.69588648 -2.66319027 
3.51119173e-07 -2.80372479 -2.76458182 -2.72043790 -2.68981491 -2.65698595 
2.84803587e-07 -2.79925515 -2.75998597 -2.71511495 -2.68414973 -2.65109598 
2.31012970e-07 -2.79520432 -2.75571971 -2.71020187 -2.67890640 -2.64523804 
1.87381742e-07 -2.79115350 -2.75154568 -2.70532708 -2.67359353 -2.63968060 
1.51991108e-07 -2.78710268 -2.74742935 -2.70027158 -2.66823959 -2.63408518 
1.23284674e-07 -2.78305186 -2.74309041 -2.69508669 -2.66300607 -2.62826064 
1.00000000e-07 -2.77925415 -2.73886540 -2.69025071 -2.65781475 -2.62269360 
P (bar) | log_CO2: -2σ | log_CO2: -1σ | log_CO2: median | log_CO2: +1σ | log_CO2: +2σ 
1.00000000e+02 -14.75628445 -14.68665509 -14.61415757 -14.53828535 -14.46418217 
8.11130831e+01 -14.57482674 -14.50512191 -14.43260581 -14.35682611 -14.28266291 
6.57933225e+01 -14.39336903 -14.32358808 -14.25105405 -14.17536687 -14.10114365 
5.33669923e+01 -14.21191133 -14.14204906 -14.06950229 -13.99390763 -13.91962439 
4.32876128e+01 -14.03045362 -13.96050275 -13.88798177 -13.81244839 -13.73810513 
3.51119173e+01 -13.84899592 -13.77895643 -13.70654342 -13.63098915 -13.55672239 
2.84803587e+01 -13.66840541 -13.59812949 -13.52597855 -13.45037035 -13.37632167 
2.31012970e+01 -13.48868211 -13.41801359 -13.34628714 -13.27059663 -13.19689282 
1.87381742e+01 -13.30895881 -13.23790946 -13.16642039 -13.09089911 -13.01746396 
1.51991108e+01 -13.12923551 -13.05776634 -12.98637492 -12.91124263 -12.83803511 
1.23284674e+01 -12.94951221 -12.87761559 -12.80640341 -12.73166710 -12.65860625 
1.00000000e+01 -12.76955259 -12.69746484 -12.62677384 -12.55198753 -12.47917740 
8.11130831e+00 -12.59301670 -12.52117937 -12.45021761 -12.37560070 -12.30262963 
6.57933225e+00 -12.41624448 -12.34489391 -12.27386824 -12.19910971 -12.12608186 
5.33669923e+00 -12.23947227 -12.16860844 -12.09766969 -12.02269725 -11.94953410 
4.32876128e+00 -12.06270006 -11.99227158 -11.92139022 -11.84626708 -11.77298633 
3.51119173e+00 -11.88592784 -11.81595891 -11.74485739 -11.66986578 -11.59643856 
2.84803587e+00 -11.70892836 -11.63932591 -11.56796858 -11.49303655 -11.41964649 
2.31012970e+00 -11.53170162 -11.46237217 -11.39081707 -11.31575536 -11.24240847 
1.87381742e+00 -11.35447488 -11.28541591 -11.21368668 -11.13847417 -11.06517045 
1.51991108e+00 -11.17724813 -11.10842130 -11.03666293 -10.96119298 -10.88793242 
1.23284674e+00 -11.00002139 -10.93137385 -10.85963919 -10.78391610 -10.71069440 
1.00000000e+00 -10.82279465 -10.75422879 -10.68261544 -10.60657055 -10.53345638 
8.11130831e-01 -10.64196250 -10.57334836 -10.50168795 -10.42561506 -10.35245626 
6.57933225e-01 -10.46113035 -10.39246793 -10.32076046 -10.24465958 -10.17145613 
5.33669923e-01 -10.28029820 -10.21158751 -10.13983297 -10.06370409 -9.99045601 
4.32876128e-01 -10.09946605 -10.03070708 -9.95890548 -9.88274860 -9.80945589 
3.51119173e-01 -9.91863390 -9.84982665 -9.77797799 -9.70179312 -9.62845577 
2.84803587e-01 -9.73738352 -9.66855371 -9.59662825 -9.52046056 -9.44708189 
2.31012970e-01 -9.55571493 -9.48686562 -9.41485625 -9.33875507 -9.26533426 
1.87381742e-01 -9.37404634 -9.30513289 -9.23308426 -9.15708119 -9.08358663 
1.51991108e-01 -9.19237774 -9.12339995 -9.05131226 -8.97541810 -8.90183899 
1.23284674e-01 -9.01070915 -8.94166702 -8.86954027 -8.79378201 -8.72009136 
1.00000000e-01 -8.82904056 -8.75993408 -8.68776827 -8.61209573 -8.53834373 
8.11130831e-02 -8.64920144 -8.57911678 -8.50723608 -8.43189996 -8.35820029 
6.57933225e-02 -8.46936233 -8.39818646 -8.32684474 -8.25185158 -8.17897136 
5.33669923e-02 -8.28926430 -8.21718397 -8.14667507 -8.07201231 -7.99947285 
4.32876128e-02 -8.10810716 -8.03664084 -7.96616358 -7.89176821 -7.81821099 
3.51119173e-02 -7.92695002 -7.85597086 -7.78548890 -7.71186175 -7.63667476 
2.84803587e-02 -7.74997188 -7.67869245 -7.60854473 -7.53456434 -7.46131471 
2.31012970e-02 -7.57961936 -7.50498690 -7.43591474 -7.36092670 -7.28857374 
1.87381742e-02 -7.40537197 -7.33259835 -7.26397635 -7.18900138 -7.11561048 
1.51991108e-02 -7.23225069 -7.15961676 -7.09098804 -7.01400155 -6.94362570 
1.23284674e-02 -7.06397252 -6.98620262 -6.91810159 -6.84122967 -6.77199348 
1.00000000e-02 -6.89049980 -6.81446091 -6.74521269 -6.66761329 -6.59714804 
8.11130831e-03 -6.74222878 -6.66330875 -6.59027195 -6.51103346 -6.44147152 
6.57933225e-03 -6.59425929 -6.51180716 -6.43631166 -6.35453896 -6.28857568 
5.33669923e-03 -6.44753398 -6.36096452 -6.28139890 -6.19778876 -6.12647251 
4.32876128e-03 -6.29907906 -6.21358843 -6.12518768 -6.04102021 -5.96328565 
3.51119173e-03 -6.15817544 -6.06426113 -5.97220015 -5.88531028 -5.79923435 
2.84803587e-03 -6.03309360 -5.94122123 -5.83993058 -5.75279986 -5.66587567 
2.31012970e-03 -5.93374222 -5.83889279 -5.72928476 -5.64187572 -5.55519783 
1.87381742e-03 -5.83120373 -5.73591834 -5.61833637 -5.53173885 -5.44501398 
1.51991108e-03 -5.73075995 -5.63290675 -5.50734918 -5.42238382 -5.33384214 
1.23284674e-03 -5.63006116 -5.52977160 -5.39882841 -5.31085571 -5.22046687 
1.00000000e-03 -5.52926401 -5.42537128 -5.28835857 -5.20212727 -5.10868401 
8.11130831e-04 -5.49017031 -5.38813267 -5.25171619 -5.16721966 -5.07204763 
6.57933225e-04 -5.45107660 -5.35154165 -5.21502223 -5.13215752 -5.03357949 
5.33669923e-04 -5.41198290 -5.31560391 -5.17854400 -5.09738876 -4.99898504 
4.32876128e-04 -5.37179669 -5.27873893 -5.14189389 -5.06161160 -4.96191249 
3.51119173e-04 -5.33047190 -5.24095498 -5.10524943 -5.02562657 -4.92316196 
2.84803587e-04 -5.30796021 -5.21857478 -5.08380550 -5.00436615 -4.90164269 
2.31012970e-04 -5.29991746 -5.21101326 -5.07712583 -4.99816016 -4.89609943 
1.87381742e-04 -5.29187472 -5.20345173 -5.07044616 -4.99195417 -4.89055616 
1.51991108e-04 -5.28383197 -5.19589021 -5.06376649 -4.98575768 -4.88501290 
1.23284674e-04 -5.27578922 -5.18832869 -5.05708681 -4.97956382 -4.87918108 
1.00000000e-04 -5.26774647 -5.18076716 -5.05036488 -4.97336997 -4.87367852 
8.11130831e-05 -5.26345986 -5.17698291 -5.04715229 -4.97092003 -4.87173270 
6.57933225e-05 -5.25917326 -5.17319866 -5.04400487 -4.96843431 -4.86963892 
5.33669923e-05 -5.25499970 -5.16941441 -5.04098061 -4.96578577 -4.86749520 
4.32876128e-05 -5.25092998 -5.16567840 -5.03795636 -4.96317878 -4.86458767 
3.51119173e-05 -5.24686027 -5.16202807 -5.03493210 -4.96067025 -4.85904795 
2.84803587e-05 -5.24246631 -5.15792105 -5.03135828 -4.95758769 -4.85433240 
2.31012970e-05 -5.23774812 -5.15333549 -5.02723491 -4.95387112 -4.85044101 
1.87381742e-05 -5.23302992 -5.14874993 -5.02311153 -4.95001805 -4.84654963 
1.51991108e-05 -5.22831172 -5.14416437 -5.01908950 -4.94624215 -4.84322209 
1.23284674e-05 -5.22359352 -5.13959481 -5.01486478 -4.94253350 -4.84012407 
1.00000000e-05 -5.21887532 -5.13500753 -5.01052873 -4.93882795 -4.83702605 
8.11130831e-06 -5.21343746 -5.12930143 -5.00477235 -4.93328478 -4.83169159 
6.57933225e-06 -5.20799959 -5.12364922 -4.99901596 -4.92773622 -4.82635713 
5.33669923e-06 -5.20256172 -5.11799701 -4.99325958 -4.92210406 -4.82102267 
4.32876128e-06 -5.19712386 -5.11229700 -4.98750319 -4.91642856 -4.81568821 
3.51119173e-06 -5.19168599 -5.10659319 -4.98174681 -4.91072209 -4.81035375 
2.84803587e-06 -5.18635271 -5.10106738 -4.97574890 -4.90468793 -4.80434225 
2.31012970e-06 -5.18088730 -5.09553416 -4.96950947 -4.89835557 -4.79765369 
1.87381742e-06 -5.17557450 -5.08999465 -4.96327004 -4.89205271 -4.79096513 
1.51991108e-06 -5.17063486 -5.08444379 -4.95707169 -4.88569085 -4.78427657 
1.23284674e-06 -5.16552278 -5.07883176 -4.95109539 -4.87932203 -4.77758802 
1.00000000e-06 -5.16031294 -5.07316400 -4.94511909 -4.87287331 -4.77089946 
8.11130831e-07 -5.15564641 -5.06816212 -4.93969608 -4.86693928 -4.76441464 
6.57933225e-07 -5.15078157 -5.06316024 -4.93408662 -4.86103639 -4.75792983 
5.33669923e-07 -5.14591673 -5.05811239 -4.92847717 -4.85511762 -4.75144501 
4.32876128e-07 -5.14105189 -5.05302772 -4.92286772 -4.84923938 -4.74496019 
3.51119173e-07 -5.13618705 -5.04794305 -4.91744454 -4.84350828 -4.73867980 
2.84803587e-07 -5.13209020 -5.04324899 -4.91210399 -4.83802587 -4.73277472 
2.31012970e-07 -5.12841786 -5.03893665 -4.90721459 -4.83282687 -4.72723325 
1.87381742e-07 -5.12474553 -5.03470058 -4.90238863 -4.82758062 -4.72169177 
1.51991108e-07 -5.12107320 -5.03053454 -4.89756267 -4.82228839 -4.71615030 
1.23284674e-07 -5.11740087 -5.02639030 -4.89269386 -4.81702015 -4.71060882 
1.00000000e-07 -5.11372854 -5.02224606 -4.88791075 -4.81190221 -4.70506735 
P (bar) | log_SO2: -2σ | log_SO2: -1σ | log_SO2: median | log_SO2: +1σ | log_SO2: +2σ 
1.00000000e+02 -23.19770072 -23.11993996 -23.04726904 -22.97205786 -22.90531918 
8.11130831e+01 -23.10844734 -23.03054107 -22.95795450 -22.88295056 -22.81624232 
6.57933225e+01 -23.01919396 -22.94118269 -22.86863995 -22.79384326 -22.72733103 
5.33669923e+01 -22.92960630 -22.85187644 -22.77932541 -22.70480480 -22.63849796 
4.32876128e+01 -22.83998417 -22.76243894 -22.69001086 -22.61580861 -22.54966489 
3.51119173e+01 -22.75036204 -22.67293984 -22.60096671 -22.52673206 -22.46083182 
2.84803587e+01 -22.66351556 -22.58649824 -22.51551914 -22.44087663 -22.37566278 
2.31012970e+01 -22.57960828 -22.50336726 -22.43293414 -22.35860098 -22.29390707 
1.87381742e+01 -22.49665843 -22.42021468 -22.34975793 -22.27657477 -22.21190084 
1.51991108e+01 -22.41294003 -22.33679765 -22.26651090 -22.19436863 -22.12989460 
1.23284674e+01 -22.32868380 -22.25341522 -22.18345070 -22.11224007 -22.04788837 
1.00000000e+01 -22.24442757 -22.17002281 -22.10035424 -22.03007936 -21.96588214 
8.11130831e+00 -22.17724019 -22.10230528 -22.03286933 -21.96126738 -21.89756671 
6.57933225e+00 -22.10960472 -22.03400781 -21.96517326 -21.89246216 -21.82925128 
5.33669923e+00 -22.04090063 -21.96624860 -21.89645535 -21.82419198 -21.76032045 
4.32876128e+00 -21.97093704 -21.89805754 -21.82788257 -21.75547856 -21.69107690 
3.51119173e+00 -21.90299458 -21.82913337 -21.75930462 -21.68678297 -21.62354675 
2.84803587e+00 -21.83287773 -21.75843740 -21.68825690 -21.61585032 -21.55077013 
2.31012970e+00 -21.75951401 -21.68533238 -21.61463243 -21.54191523 -21.47548525 
1.87381742e+00 -21.68697364 -21.61211116 -21.54131179 -21.46771991 -21.40020038 
1.51991108e+00 -21.61487130 -21.53941334 -21.46783924 -21.39375871 -21.32491550 
1.23284674e+00 -21.54276897 -21.46668356 -21.39436669 -21.31970439 -21.25048717 
1.00000000e+00 -21.47066663 -21.39359476 -21.32080099 -21.24566826 -21.17628973 
8.11130831e-01 -21.38338116 -21.30624883 -21.23333064 -21.15800241 -21.08843957 
6.57933225e-01 -21.29609569 -21.21890290 -21.14585963 -21.07033813 -21.00058941 
5.33669923e-01 -21.20881022 -21.13152218 -21.05834237 -20.98268216 -20.91273925 
4.32876128e-01 -21.12152474 -21.04415148 -20.97081485 -20.89502620 -20.82488910 
3.51119173e-01 -21.03423927 -20.95677001 -20.88322499 -20.80737023 -20.73703894 
2.84803587e-01 -20.94530460 -20.86778966 -20.79413673 -20.71826050 -20.64782596 
2.31012970e-01 -20.85472072 -20.77721427 -20.70355694 -20.62769699 -20.55725017 
1.87381742e-01 -20.76413685 -20.68663778 -20.61296337 -20.53713348 -20.46667438 
1.51991108e-01 -20.67355297 -20.59605167 -20.52237669 -20.44656998 -20.37609859 
1.23284674e-01 -20.58296910 -20.50546555 -20.43179001 -20.35600647 -20.28552280 
1.00000000e-01 -20.49238523 -20.41487943 -20.34120333 -20.26544297 -20.19494700 
8.11130831e-02 -20.40162032 -20.32418166 -20.25095347 -20.17523231 -20.10453032 
6.57933225e-02 -20.31085542 -20.23348390 -20.16034017 -20.08490003 -20.01445152 
5.33669923e-02 -20.22009052 -20.14289022 -20.06977598 -19.99448420 -19.92461203 
4.32876128e-02 -20.12940597 -20.05257920 -19.97955986 -19.90415771 -19.83477254 
3.51119173e-02 -20.03873239 -19.96223152 -19.88934374 -19.81381142 -19.74493305 
2.84803587e-02 -19.94993269 -19.87363852 -19.80045837 -19.72537643 -19.65777349 
2.31012970e-02 -19.86177283 -19.78633362 -19.71342124 -19.63868601 -19.57325799 
1.87381742e-02 -19.77425485 -19.69866833 -19.62649621 -19.55245743 -19.48722278 
1.51991108e-02 -19.68654275 -19.61028134 -19.53889840 -19.46585952 -19.40059134 
1.23284674e-02 -19.59769580 -19.52159565 -19.45081082 -19.37912885 -19.31395990 
1.00000000e-02 -19.50750242 -19.43297460 -19.36313470 -19.29213179 -19.22732846 
8.11130831e-03 -19.42141462 -19.34905679 -19.28034209 -19.20895198 -19.14446530 
6.57933225e-03 -19.33598558 -19.26594557 -19.19715412 -19.12603179 -19.06160215 
5.33669923e-03 -19.25129748 -19.18244461 -19.11405811 -19.04322730 -18.97873899 
4.32876128e-03 -19.16887458 -19.09887863 -19.03031402 -18.96135873 -18.89554668 
3.51119173e-03 -19.08765248 -19.01538871 -18.94610093 -18.87851460 -18.81194860 
2.84803587e-03 -19.00880009 -18.93720176 -18.86923202 -18.80110951 -18.73536216 
2.31012970e-03 -18.93642911 -18.86584862 -18.79841841 -18.72892056 -18.66494563 
1.87381742e-03 -18.86656072 -18.79452570 -18.72733777 -18.65677456 -18.59464459 
1.51991108e-03 -18.79524812 -18.72456935 -18.65566848 -18.58482367 -18.52259245 
1.23284674e-03 -18.72510433 -18.65389769 -18.58510660 -18.51346873 -18.45148511 
1.00000000e-03 -18.65170722 -18.58288731 -18.51320344 -18.44217287 -18.38026399 
8.11130831e-04 -18.59017673 -18.51956528 -18.45086600 -18.37780690 -18.31349778 
6.57933225e-04 -18.52660665 -18.45699672 -18.38628986 -18.31191603 -18.24777594 
5.33669923e-04 -18.46514267 -18.39373605 -18.32223469 -18.24660431 -18.18054331 
4.32876128e-04 -18.40273081 -18.32989787 -18.25756321 -18.18053399 -18.11368468 
3.51119173e-04 -18.34082977 -18.26755682 -18.19298365 -18.11339362 -18.04870819 
2.84803587e-04 -18.26759459 -18.19428108 -18.11794704 -18.03640820 -17.97098136 
2.31012970e-04 -18.18329973 -18.11013422 -18.03204217 -17.94927341 -17.88426481 
1.87381742e-04 -18.09902208 -18.02515060 -17.94598281 -17.86313598 -17.79704400 
1.51991108e-04 -18.01488939 -17.94044694 -17.86046362 -17.77623637 -17.71033139 
1.23284674e-04 -17.93160965 -17.85563946 -17.77435902 -17.68954384 -17.62361878 
1.00000000e-04 -17.84832991 -17.77111886 -17.68849275 -17.60324305 -17.53678678 
8.11130831e-05 -17.75357628 -17.67563289 -17.59184391 -17.50655361 -17.43901369 
6.57933225e-05 -17.65862193 -17.57963101 -17.49524818 -17.41013358 -17.34249630 
5.33669923e-05 -17.56466186 -17.48494067 -17.39975377 -17.31382244 -17.24529137 
4.32876128e-05 -17.47011604 -17.38985406 -17.30395891 -17.21693270 -17.14808644 
3.51119173e-05 -17.37375887 -17.29441917 -17.20783425 -17.11978745 -17.05092782 
2.84803587e-05 -17.27696405 -17.19576755 -17.10927868 -17.02093421 -16.95186399 
2.31012970e-05 -17.17546878 -17.09554130 -17.00770234 -16.91913166 -16.85026174 
1.87381742e-05 -17.07492684 -16.99496762 -16.90750860 -16.81827953 -16.74823828 
1.51991108e-05 -16.97438490 -16.89500308 -16.80747657 -16.71757508 -16.64637800 
1.23284674e-05 -16.87536080 -16.79428251 -16.70664262 -16.61711853 -16.54473203 
1.00000000e-05 -16.77902490 -16.69377752 -16.60599928 -16.51610108 -16.44376751 
8.11130831e-06 -16.67512304 -16.58857539 -16.50138850 -16.41175180 -16.33970026 
6.57933225e-06 -16.56987173 -16.48359702 -16.39677773 -16.30756157 -16.23563302 
5.33669923e-06 -16.46462041 -16.37830985 -16.29216695 -16.20340804 -16.13156577 
4.32876128e-06 -16.35992605 -16.27320678 -16.18765036 -16.09890357 -16.02753667 
3.51119173e-06 -16.25603405 -16.16857986 -16.08294540 -15.99444802 -15.92371948 
2.84803587e-06 -16.14994436 -16.06313630 -15.97762138 -15.88996996 -15.82018556 
2.31012970e-06 -16.04294411 -15.95626656 -15.87167651 -15.78504008 -15.71553017 
1.87381742e-06 -15.93588487 -15.85011752 -15.76596201 -15.67980215 -15.61145680 
1.51991108e-06 -15.82877392 -15.74407215 -15.65999200 -15.57449675 -15.50636196 
1.23284674e-06 -15.72155323 -15.63803197 -15.55423917 -15.46954550 -15.40126712 
1.00000000e-06 -15.61433253 -15.53153170 -15.44856450 -15.36486275 -15.29623790 
8.11130831e-07 -15.50851202 -15.42691481 -15.34401762 -15.26187428 -15.19273542 
6.57933225e-07 -15.40236470 -15.32120824 -15.23917706 -15.15848876 -15.08929856 
5.33669923e-07 -15.29638078 -15.21577986 -15.13566506 -15.05491043 -14.98652825 
4.32876128e-07 -15.19039686 -15.11059933 -15.03172010 -14.95110646 -14.88380311 
3.51119173e-07 -15.08441294 -15.00655851 -14.92790908 -14.84698675 -14.78111314 
2.84803587e-07 -14.97945935 -14.90320404 -14.82517566 -14.74464955 -14.67867436 
2.31012970e-07 -14.87781786 -14.80037843 -14.72356683 -14.64375098 -14.57669012 
1.87381742e-07 -14.77503924 -14.69835537 -14.62179510 -14.54275688 -14.47557711 
1.51991108e-07 -14.67201808 -14.59603917 -14.51948721 -14.44073566 -14.37525030 
1.23284674e-07 -14.56883423 -14.49304178 -14.41735040 -14.33934376 -14.27365300 
1.00000000e-07 -14.46537624 -14.39066096 -14.31530691 -14.23696691 -14.17150786 
P (bar) | log_CO: -2σ | log_CO: -1σ | log_CO: median | log_CO: +1σ | log_CO: +2σ 
1.00000000e+02 -13.09449993 -13.01701044 -12.93482577 -12.85761813 -12.78140157 
8.11130831e+01 -12.91280009 -12.83533551 -12.75316681 -12.67599977 -12.59977617 
6.57933225e+01 -12.73110025 -12.65366059 -12.57150486 -12.49438142 -12.41815077 
5.33669923e+01 -12.54940042 -12.47198566 -12.38984291 -12.31276306 -12.23652537 
4.32876128e+01 -12.36770058 -12.29031073 -12.20818096 -12.13114471 -12.05489997 
3.51119173e+01 -12.18600074 -12.10863581 -12.02651901 -11.94952635 -11.87327457 
2.84803587e+01 -12.00463842 -11.92733163 -11.84525051 -11.76836121 -11.69208864 
2.31012970e+01 -11.82361361 -11.74639821 -11.66437546 -11.58764927 -11.51134217 
1.87381742e+01 -11.64258879 -11.56546479 -11.48350040 -11.40693733 -11.33059571 
1.51991108e+01 -11.46156398 -11.38453136 -11.30262535 -11.22616931 -11.14984924 
1.23284674e+01 -11.28053917 -11.20359794 -11.12175030 -11.04541672 -10.96910277 
1.00000000e+01 -11.09951436 -11.02266452 -10.94087525 -10.86467254 -10.78835631 
8.11130831e+00 -10.92047351 -10.84358169 -10.76189547 -10.68560464 -10.60933687 
6.57933225e+00 -10.74143266 -10.66449886 -10.58291569 -10.50648924 -10.43031743 
5.33669923e+00 -10.56239181 -10.48541603 -10.40387118 -10.32733310 -10.25129799 
4.32876128e+00 -10.38335096 -10.30633321 -10.22476603 -10.14817697 -10.07227856 
3.51119173e+00 -10.20431012 -10.12722101 -10.04566087 -9.96902083 -9.89325912 
2.84803587e+00 -10.02514664 -9.94798043 -9.86644011 -9.78965863 -9.71396590 
2.31012970e+00 -9.84586055 -9.76862465 -9.68699297 -9.61009036 -9.53439890 
1.87381742e+00 -9.66657445 -9.58926886 -9.50752686 -9.43052210 -9.35483190 
1.51991108e+00 -9.48728835 -9.40991308 -9.32803423 -9.25095384 -9.17526490 
1.23284674e+00 -9.30800226 -9.23055730 -9.14857579 -9.07138557 -8.99569790 
1.00000000e+00 -9.12871616 -9.05120106 -8.96915955 -8.89181731 -8.81613091 
8.11130831e-01 -8.94739352 -8.86986998 -8.78778933 -8.71045803 -8.63474500 
6.57933225e-01 -8.76607088 -8.68853889 -8.60641912 -8.52909875 -8.45335910 
5.33669923e-01 -8.58474824 -8.50720781 -8.42504891 -8.34773947 -8.27197320 
4.32876128e-01 -8.40342560 -8.32587673 -8.24371520 -8.16638018 -8.09058730 
3.51119173e-01 -8.22210296 -8.14454565 -8.06235608 -7.98502090 -7.90920139 
2.84803587e-01 -8.04055369 -7.96301048 -7.88081672 -7.80351143 -7.72767297 
2.31012970e-01 -7.85877778 -7.78127124 -7.69911495 -7.62185177 -7.54600201 
1.87381742e-01 -7.67700187 -7.59953200 -7.51741318 -7.44019211 -7.36433106 
1.51991108e-01 -7.49522597 -7.41779276 -7.33571141 -7.25853245 -7.18266011 
1.23284674e-01 -7.31345006 -7.23605352 -7.15400964 -7.07687279 -7.00098915 
1.00000000e-01 -7.13167416 -7.05431428 -6.97230787 -6.89521313 -6.81931820 
8.11130831e-02 -6.95044721 -6.87343961 -6.79165562 -6.71511076 -6.63903642 
6.57933225e-02 -6.76922026 -6.69256493 -6.61084525 -6.53484249 -6.45875463 
5.33669923e-02 -6.58799331 -6.51148921 -6.43034887 -6.35471684 -6.27847285 
4.32876128e-02 -6.40676636 -6.33000585 -6.24993861 -6.17459120 -6.09819107 
3.51119173e-02 -6.22553941 -6.14907802 -6.06931241 -5.99445570 -5.91790928 
2.84803587e-02 -6.04441048 -5.97076164 -5.89144897 -5.81880106 -5.74198616 
2.31012970e-02 -5.86583153 -5.79308027 -5.71831608 -5.64733517 -5.57352177 
1.87381742e-02 -5.68705869 -5.61568139 -5.54427790 -5.47580395 -5.40526979 
1.51991108e-02 -5.50728918 -5.44035677 -5.36977461 -5.30415768 -5.23673967 
1.23284674e-02 -5.32828948 -5.26335846 -5.19533432 -5.13190277 -5.06726785 
1.00000000e-02 -5.15224281 -5.08634103 -5.02177284 -4.95893292 -4.89653329 
8.11130831e-03 -4.98596618 -4.92504346 -4.86425597 -4.80522562 -4.74644897 
6.57933225e-03 -4.82131776 -4.76303010 -4.70809277 -4.65268659 -4.60198113 
5.33669923e-03 -4.65631083 -4.60356668 -4.55131565 -4.49903541 -4.45115059 
4.32876128e-03 -4.49259850 -4.44298311 -4.39489597 -4.34691081 -4.30284048 
3.51119173e-03 -4.33210543 -4.28593848 -4.23918281 -4.19146622 -4.14888323 
2.84803587e-03 -4.19091271 -4.14747118 -4.10384565 -4.05650521 -4.01509827 
2.31012970e-03 -4.07400901 -4.02881133 -3.98724547 -3.94213541 -3.89919359 
1.87381742e-03 -3.95288078 -3.91056661 -3.87065310 -3.82722832 -3.78517911 
1.51991108e-03 -3.83948185 -3.79473232 -3.75406769 -3.70958078 -3.66891492 
1.23284674e-03 -3.72496796 -3.68014226 -3.63648391 -3.59169256 -3.54957266 
1.00000000e-03 -3.61570006 -3.56694759 -3.51922009 -3.47539670 -3.43286760 
8.11130831e-04 -3.56844495 -3.51992110 -3.47137690 -3.42862309 -3.38633705 
6.57933225e-04 -3.52209982 -3.47358335 -3.42307062 -3.38140454 -3.33965618 
5.33669923e-04 -3.47567812 -3.42745360 -3.37443019 -3.33448075 -3.29373930 
4.32876128e-04 -3.42712862 -3.38020673 -3.32664893 -3.28760842 -3.24763263 
3.51119173e-04 -3.37698585 -3.33387827 -3.27775694 -3.24033589 -3.20190554 
2.84803587e-04 -3.34976584 -3.30518855 -3.24919206 -3.21253650 -3.17467745 
2.31012970e-04 -3.34075440 -3.29614874 -3.23999468 -3.20385192 -3.16565223 
1.87381742e-04 -3.33174295 -3.28713533 -3.23103528 -3.19515350 -3.15719976 
1.51991108e-04 -3.32273151 -3.27808121 -3.22195688 -3.18642287 -3.14874729 
1.23284674e-04 -3.31372007 -3.26909871 -3.21297895 -3.17762730 -3.14029482 
1.00000000e-04 -3.30470863 -3.26031705 -3.20384423 -3.16875831 -3.13161584 
8.11130831e-05 -3.30369976 -3.25933171 -3.20283520 -3.16782007 -3.12982965 
6.57933225e-05 -3.30269090 -3.25834636 -3.20182047 -3.16673841 -3.12804866 
5.33669923e-05 -3.30168203 -3.25736101 -3.20080733 -3.16576277 -3.12656862 
4.32876128e-05 -3.30067317 -3.25637566 -3.19980975 -3.16479082 -3.12422529 
3.51119173e-05 -3.29966431 -3.25539031 -3.19881216 -3.16384441 -3.12223349 
2.84803587e-05 -3.29913747 -3.25487771 -3.19829391 -3.16335020 -3.12105586 
2.31012970e-05 -3.29909267 -3.25483785 -3.19825499 -3.16331196 -3.12069243 
1.87381742e-05 -3.29904787 -3.25479732 -3.19821607 -3.16327445 -3.12032899 
1.51991108e-05 -3.29900307 -3.25475477 -3.19817715 -3.16320400 -3.12014522 
1.23284674e-05 -3.29895827 -3.25471221 -3.19813823 -3.16316498 -3.12011227 
1.00000000e-05 -3.29891347 -3.25466965 -3.19809931 -3.16312722 -3.12007932 
8.11130831e-06 -3.29898111 -3.25474519 -3.19819123 -3.16322356 -3.12018369 
6.57933225e-06 -3.29904875 -3.25482073 -3.19828315 -3.16331990 -3.12028806 
5.33669923e-06 -3.29911638 -3.25489627 -3.19837507 -3.16341624 -3.12039242 
4.32876128e-06 -3.29918402 -3.25497181 -3.19846698 -3.16351258 -3.12049679 
3.51119173e-06 -3.29925166 -3.25504735 -3.19855890 -3.16360892 -3.12060116 
2.84803587e-06 -3.29932642 -3.25513190 -3.19866632 -3.16372244 -3.12073069 
2.31012970e-06 -3.29940830 -3.25522546 -3.19878925 -3.16385315 -3.12088540 
1.87381742e-06 -3.29949019 -3.25531902 -3.19891218 -3.16398385 -3.12104011 
1.51991108e-06 -3.29957208 -3.25541258 -3.19903510 -3.16411456 -3.12119481 
1.23284674e-06 -3.29965396 -3.25550614 -3.19915803 -3.16424526 -3.12134952 
1.00000000e-06 -3.29973585 -3.25559970 -3.19928095 -3.16437597 -3.12150422 
8.11130831e-07 -3.29981484 -3.25569093 -3.19940508 -3.16450900 -3.12166954 
6.57933225e-07 -3.29989383 -3.25578217 -3.19952920 -3.16464203 -3.12183486 
5.33669923e-07 -3.29997282 -3.25587340 -3.19965332 -3.16477507 -3.12200017 
4.32876128e-07 -3.30005181 -3.25596463 -3.19977745 -3.16490580 -3.12216549 
3.51119173e-07 -3.30013080 -3.25605586 -3.19990157 -3.16503419 -3.12233080 
2.84803587e-07 -3.30020572 -3.25614302 -3.20002176 -3.16515882 -3.12249263 
2.31012970e-07 -3.30027657 -3.25622611 -3.20013800 -3.16527970 -3.12265097 
1.87381742e-07 -3.30034742 -3.25630920 -3.20025425 -3.16540058 -3.12280931 
1.51991108e-07 -3.30041827 -3.25639228 -3.20037049 -3.16552146 -3.12296765 
1.23284674e-07 -3.30048913 -3.25647537 -3.20048674 -3.16564234 -3.12312598 
1.00000000e-07 -3.30055998 -3.25655846 -3.20060299 -3.16576322 -3.12328432 
P (bar) | log_H2S: -2σ | log_H2S: -1σ | log_H2S: median | log_H2S: +1σ | log_H2S: +2σ 
1.00000000e+02 -4.18227746 -4.13916280 -4.08260821 -4.04684403 -4.00000105 
8.11130831e+01 -4.18366039 -4.14070924 -4.08388803 -4.04832370 -4.00138570 
6.57933225e+01 -4.18512598 -4.14219109 -4.08513105 -4.04980804 -4.00277036 
5.33669923e+01 -4.18660683 -4.14365677 -4.08648696 -4.05132055 -4.00415501 
4.32876128e+01 -4.18808769 -4.14505555 -4.08784287 -4.05272784 -4.00553966 
3.51119173e+01 -4.18938044 -4.14634526 -4.08921671 -4.05404395 -4.00692431 
2.84803587e+01 -4.19303035 -4.15025788 -4.09301083 -4.05771077 -4.01079457 
2.31012970e+01 -4.19954435 -4.15696189 -4.09900632 -4.06383090 -4.01715042 
1.87381742e+01 -4.20624059 -4.16368268 -4.10516776 -4.07002329 -4.02350627 
1.51991108e+01 -4.21302782 -4.17008224 -4.11128417 -4.07595686 -4.02986212 
1.23284674e+01 -4.21962967 -4.17666789 -4.11712341 -4.08189128 -4.03621797 
1.00000000e+01 -4.22567967 -4.18344382 -4.12351700 -4.08807999 -4.04257382 
8.11130831e+00 -4.24151439 -4.19947151 -4.14057831 -4.10586598 -4.06109656 
6.57933225e+00 -4.25734911 -4.21555943 -4.15779697 -4.12384942 -4.07961930 
5.33669923e+00 -4.27318383 -4.23165271 -4.17535732 -4.14187213 -4.09814203 
4.32876128e+00 -4.28874165 -4.24789077 -4.19264254 -4.15989377 -4.11666477 
3.51119173e+00 -4.30427650 -4.26416034 -4.20996761 -4.17772834 -4.13518751 
2.84803587e+00 -4.31817940 -4.27845913 -4.22512292 -4.19310153 -4.15070021 
2.31012970e+00 -4.33057813 -4.29082275 -4.23814920 -4.20609955 -4.16320289 
1.87381742e+00 -4.34374426 -4.30373639 -4.25136902 -4.21852043 -4.17570556 
1.51991108e+00 -4.35647747 -4.31614793 -4.26425527 -4.23130623 -4.18820824 
1.23284674e+00 -4.36921085 -4.32840773 -4.27720492 -4.24424112 -4.20071091 
1.00000000e+00 -4.38180367 -4.34070834 -4.29022542 -4.25685484 -4.21384746 
8.11130831e-01 -4.38444452 -4.34319256 -4.29275286 -4.25923603 -4.21645735 
6.57933225e-01 -4.38708538 -4.34568968 -4.29530135 -4.26173873 -4.21917055 
5.33669923e-01 -4.38972624 -4.34821909 -4.29786138 -4.26416169 -4.22188374 
4.32876128e-01 -4.39236709 -4.35079122 -4.30044885 -4.26664704 -4.22459694 
3.51119173e-01 -4.39500795 -4.35336335 -4.30298144 -4.26913863 -4.22692179 
2.84803587e-01 -4.39650309 -4.35482343 -4.30443860 -4.27056045 -4.22820267 
2.31012970e-01 -4.39685250 -4.35517148 -4.30479287 -4.27091249 -4.22853428 
1.87381742e-01 -4.39720192 -4.35551953 -4.30514714 -4.27126454 -4.22886588 
1.51991108e-01 -4.39755134 -4.35586757 -4.30550140 -4.27161659 -4.22919749 
1.23284674e-01 -4.39790076 -4.35621562 -4.30584968 -4.27196864 -4.22952909 
1.00000000e-01 -4.39825017 -4.35656249 -4.30619700 -4.27232068 -4.22986070 
8.11130831e-02 -4.39842072 -4.35672918 -4.30634024 -4.27243133 -4.23000166 
6.57933225e-02 -4.39859127 -4.35689470 -4.30647054 -4.27254197 -4.23014263 
5.33669923e-02 -4.39876181 -4.35706021 -4.30660083 -4.27265261 -4.23028360 
4.32876128e-02 -4.39893236 -4.35722572 -4.30673113 -4.27276325 -4.23042456 
3.51119173e-02 -4.39910291 -4.35739124 -4.30686143 -4.27287389 -4.23056553 
2.84803587e-02 -4.39955539 -4.35780934 -4.30714512 -4.27308765 -4.23086421 
2.31012970e-02 -4.40028982 -4.35857004 -4.30758221 -4.27344075 -4.23132062 
1.87381742e-02 -4.40102424 -4.35938316 -4.30801930 -4.27378265 -4.23177702 
1.51991108e-02 -4.40175867 -4.36019627 -4.30855739 -4.27424816 -4.23194549 
1.23284674e-02 -4.40249309 -4.36100938 -4.30908486 -4.27466230 -4.23206117 
1.00000000e-02 -4.40322752 -4.36182250 -4.30957088 -4.27514352 -4.23217684 
8.11130831e-03 -4.40452841 -4.36331222 -4.31063414 -4.27623592 -4.23298382 
6.57933225e-03 -4.40582930 -4.36480194 -4.31157236 -4.27729308 -4.23379080 
5.33669923e-03 -4.40713019 -4.36629166 -4.31276065 -4.27824158 -4.23459778 
4.32876128e-03 -4.40843108 -4.36773857 -4.31376114 -4.27926751 -4.23540476 
3.51119173e-03 -4.40973197 -4.36918441 -4.31481561 -4.28040636 -4.23621174 
2.84803587e-03 -4.41161177 -4.37115400 -4.31698514 -4.28266100 -4.23861263 
2.31012970e-03 -4.41404606 -4.37381874 -4.32015470 -4.28604227 -4.24260741 
1.87381742e-03 -4.41648034 -4.37638025 -4.32337209 -4.28942679 -4.24669581 
1.51991108e-03 -4.41893111 -4.37892397 -4.32677736 -4.29285402 -4.25110028 
1.23284674e-03 -4.42148813 -4.38139334 -4.33018050 -4.29622657 -4.25550474 
1.00000000e-03 -4.42383679 -4.38386271 -4.33332682 -4.29970013 -4.25983185 
8.11130831e-04 -4.42775001 -4.38789864 -4.33799513 -4.30451882 -4.26461657 
6.57933225e-04 -4.43171683 -4.39181646 -4.34256088 -4.30918869 -4.26973463 
5.33669923e-04 -4.43568364 -4.39611620 -4.34728851 -4.31374523 -4.27540292 
4.32876128e-04 -4.43965046 -4.40011083 -4.35175709 -4.31825651 -4.28094500 
3.51119173e-04 -4.44356717 -4.40394323 -4.35662336 -4.32287225 -4.28561153 
2.84803587e-04 -4.44602813 -4.40640795 -4.35935143 -4.32568376 -4.28846668 
2.31012970e-04 -4.44688301 -4.40720458 -4.36024107 -4.32687813 -4.28951047 
1.87381742e-04 -4.44773789 -4.40800120 -4.36113135 -4.32793460 -4.29070507 
1.51991108e-04 -4.44859277 -4.40879783 -4.36232133 -4.32901799 -4.29206461 
1.23284674e-04 -4.44944765 -4.40957181 -4.36327662 -4.33013618 -4.29342415 
1.00000000e-04 -4.45030253 -4.41032937 -4.36429863 -4.33128051 -4.29482646 
8.11130831e-05 -4.44913726 -4.40935512 -4.36351813 -4.33068824 -4.29462834 
6.57933225e-05 -4.44797198 -4.40839003 -4.36274955 -4.33006761 -4.29423458 
5.33669923e-05 -4.44680670 -4.40744393 -4.36209087 -4.32944166 -4.29396003 
4.32876128e-05 -4.44564142 -4.40649784 -4.36132825 -4.32882636 -4.29368548 
3.51119173e-05 -4.44447614 -4.40555175 -4.36057165 -4.32820573 -4.29340871 
2.84803587e-05 -4.44292995 -4.40419500 -4.35942161 -4.32715045 -4.29250952 
2.31012970e-05 -4.44100285 -4.40242757 -4.35782808 -4.32566510 -4.29119630 
1.87381742e-05 -4.43907576 -4.40066015 -4.35623893 -4.32419795 -4.28988309 
1.51991108e-05 -4.43724864 -4.39895375 -4.35464759 -4.32274466 -4.28856988 
1.23284674e-05 -4.43543446 -4.39723268 -4.35305625 -4.32129136 -4.28725667 
1.00000000e-05 -4.43352020 -4.39549881 -4.35146491 -4.31983807 -4.28594345 
8.11130831e-06 -4.43123045 -4.39325125 -4.34918218 -4.31757511 -4.28378932 
6.57933225e-06 -4.42894070 -4.39100368 -4.34689945 -4.31530959 -4.28163519 
5.33669923e-06 -4.42665426 -4.38877988 -4.34465817 -4.31305227 -4.27948106 
4.32876128e-06 -4.42444086 -4.38657916 -4.34235975 -4.31081570 -4.27732694 
3.51119173e-06 -4.42225622 -4.38437843 -4.34010061 -4.30855270 -4.27517281 
2.84803587e-06 -4.42030054 -4.38222194 -4.33787052 -4.30618554 -4.27283456 
2.31012970e-06 -4.41842580 -4.38010967 -4.33552778 -4.30375400 -4.27031220 
1.87381742e-06 -4.41648824 -4.37799741 -4.33314899 -4.30134159 -4.26778984 
1.51991108e-06 -4.41444501 -4.37588515 -4.33074793 -4.29892919 -4.26526748 
1.23284674e-06 -4.41240178 -4.37378565 -4.32831813 -4.29651678 -4.26274511 
1.00000000e-06 -4.41035855 -4.37170917 -4.32591381 -4.29409577 -4.26022275 
8.11130831e-07 -4.40866904 -4.36997193 -4.32396566 -4.29196257 -4.25789938 
6.57933225e-07 -4.40697953 -4.36814818 -4.32189999 -4.28982936 -4.25542248 
5.33669923e-07 -4.40529002 -4.36639196 -4.31988158 -4.28770404 -4.25294557 
4.32876128e-07 -4.40360051 -4.36462039 -4.31766715 -4.28558164 -4.25046867 
3.51119173e-07 -4.40191100 -4.36284772 -4.31551520 -4.28337442 -4.24822567 
2.84803587e-07 -4.40040809 -4.36126286 -4.31370939 -4.28138541 -4.24613122 
2.31012970e-07 -4.39909177 -4.35986581 -4.31219495 -4.27966960 -4.24416596 
1.87381742e-07 -4.39777546 -4.35846876 -4.31051191 -4.27795801 -4.24220070 
1.51991108e-07 -4.39648391 -4.35707171 -4.30894363 -4.27622278 -4.24023544 
1.23284674e-07 -4.39520776 -4.35567466 -4.30739329 -4.27449413 -4.23827018 
1.00000000e-07 -4.39393162 -4.35427760 -4.30573684 -4.27278779 -4.23630492 
P (bar) | log_NH3: -2σ | log_NH3: -1σ | log_NH3: median | log_NH3: +1σ | log_NH3: +2σ 
1.00000000e+02 -3.46897841 -3.42548734 -3.36761498 -3.33173268 -3.28390505 
8.11130831e+01 -3.47154749 -3.42783454 -3.36969247 -3.33393414 -3.28585235 
6.57933225e+01 -3.47363761 -3.43013363 -3.37183746 -3.33581485 -3.28779966 
5.33669923e+01 -3.47600434 -3.43273092 -3.37384516 -3.33776385 -3.28974697 
4.32876128e+01 -3.47867027 -3.43532092 -3.37590771 -3.33978574 -3.29169428 
3.51119173e+01 -3.48124706 -3.43794173 -3.37799862 -3.34173548 -3.29364159 
2.84803587e+01 -3.49010644 -3.44615875 -3.38512093 -3.34860620 -3.30100446 
2.31012970e+01 -3.50354201 -3.46104831 -3.39849066 -3.36158614 -3.31282120 
1.87381742e+01 -3.51905653 -3.47560089 -3.41164103 -3.37377899 -3.32404513 
1.51991108e+01 -3.53283983 -3.48987996 -3.42490798 -3.38607637 -3.33443786 
1.23284674e+01 -3.54752338 -3.50456258 -3.43773788 -3.39860019 -3.34483058 
1.00000000e+01 -3.56220694 -3.51916650 -3.45063457 -3.41123471 -3.35623982 
8.11130831e+00 -3.60585968 -3.56265133 -3.49339077 -3.45456241 -3.39958918 
6.57933225e+00 -3.64977256 -3.60661355 -3.53599653 -3.49718005 -3.44271089 
5.33669923e+00 -3.69480987 -3.65002309 -3.57871083 -3.53987926 -3.48521749 
4.32876128e+00 -3.73846109 -3.69397620 -3.62111343 -3.58261095 -3.52757339 
3.51119173e+00 -3.78148556 -3.73743829 -3.66402231 -3.62567664 -3.56992929 
2.84803587e+00 -3.84059807 -3.79534467 -3.72141781 -3.68321983 -3.62726320 
2.31012970e+00 -3.91267456 -3.86750548 -3.79319343 -3.75533533 -3.69957511 
1.87381742e+00 -3.98407362 -3.93966637 -3.86576601 -3.82761621 -3.77188702 
1.51991108e+00 -4.05682755 -4.01145547 -3.93784376 -3.90013948 -3.84419893 
1.23284674e+00 -4.12935146 -4.08364016 -4.01029502 -3.97232329 -3.91651084 
1.00000000e+00 -4.20179905 -4.15617612 -4.08245813 -4.04471533 -3.98874930 
8.11130831e-01 -4.28651570 -4.24105726 -4.16711928 -4.12960076 -4.07346444 
6.57933225e-01 -4.37123236 -4.32583210 -4.25178043 -4.21441385 -4.15833268 
5.33669923e-01 -4.45594901 -4.41048865 -4.33646048 -4.29917781 -4.24320093 
4.32876128e-01 -4.54075117 -4.49498082 -4.42122041 -4.38395405 -4.32806917 
3.51119173e-01 -4.62567296 -4.57970599 -4.50600422 -4.46869527 -4.41293742 
2.84803587e-01 -4.71263837 -4.66666252 -4.59289912 -4.55557996 -4.49986852 
2.31012970e-01 -4.80164740 -4.75564573 -4.68183034 -4.64458966 -4.58886248 
1.87381742e-01 -4.89065642 -4.84462894 -4.77080662 -4.73363341 -4.67785644 
1.51991108e-01 -4.97966544 -4.93360183 -4.85982659 -4.82260577 -4.76680789 
1.23284674e-01 -5.06867446 -5.02256299 -4.94880242 -4.91159113 -4.85563116 
1.00000000e-01 -5.15768349 -5.11152414 -5.03777824 -5.00059473 -4.94445443 
8.11130831e-02 -5.24799086 -5.20181654 -5.12807556 -5.09090106 -5.03470409 
6.57933225e-02 -5.33829824 -5.29210894 -5.21837288 -5.18119842 -5.12495376 
5.33669923e-02 -5.42860562 -5.38240134 -5.30867019 -5.27148356 -5.21520342 
4.32876128e-02 -5.51891299 -5.47269374 -5.39896751 -5.36176870 -5.30545308 
3.51119173e-02 -5.60922037 -5.56298614 -5.48927360 -5.45205384 -5.39570274 
2.84803587e-02 -5.69973116 -5.65348740 -5.57978672 -5.54255128 -5.48617765 
2.31012970e-02 -5.79044537 -5.74419751 -5.67050277 -5.63326101 -5.57687781 
1.87381742e-02 -5.88115958 -5.83490762 -5.76121881 -5.72397074 -5.66757797 
1.51991108e-02 -5.97187379 -5.92561773 -5.85193485 -5.81468047 -5.75827812 
1.23284674e-02 -6.06258799 -6.01632784 -5.94265090 -5.90539020 -5.84897828 
1.00000000e-02 -6.15330220 -6.10703795 -6.03336694 -5.99609993 -5.93967844 
8.11130831e-03 -6.24414417 -6.19787871 -6.12420843 -6.08694012 -6.03051591 
6.57933225e-03 -6.33498615 -6.28871946 -6.21504992 -6.17778031 -6.12135338 
5.33669923e-03 -6.42582812 -6.37956021 -6.30589140 -6.26862049 -6.21219085 
4.32876128e-03 -6.51667010 -6.47040096 -6.39673289 -6.35946068 -6.30302833 
3.51119173e-03 -6.60751207 -6.56124171 -6.48757438 -6.45030087 -6.39386580 
2.84803587e-03 -6.69837287 -6.65210011 -6.57842957 -6.54115393 -6.48471520 
2.31012970e-03 -6.78925250 -6.74297615 -6.66929845 -6.63201985 -6.57557655 
1.87381742e-03 -6.88013213 -6.83385219 -6.76016734 -6.72288578 -6.66643789 
1.51991108e-03 -6.97101176 -6.92472823 -6.85103623 -6.81375170 -6.75729923 
1.23284674e-03 -7.06189138 -7.01560427 -6.94190511 -6.90461763 -6.84816057 
1.00000000e-03 -7.15277101 -7.10648031 -7.03277400 -6.99548355 -6.93902191 
8.11130831e-04 -7.24366196 -7.19736729 -7.12365385 -7.08636011 -7.02989479 
6.57933225e-04 -7.33455292 -7.28825427 -7.21453369 -7.17723667 -7.12076766 
5.33669923e-04 -7.42544387 -7.37914125 -7.30541354 -7.26811322 -7.21164054 
4.32876128e-04 -7.51633483 -7.47002823 -7.39629338 -7.35898978 -7.30251341 
3.51119173e-04 -7.60722578 -7.56091521 -7.48717323 -7.44986633 -7.39338629 
2.84803587e-04 -7.69812581 -7.65181237 -7.57806563 -7.54075607 -7.48427310 
2.31012970e-04 -7.78903492 -7.74271971 -7.66897060 -7.63165900 -7.57517385 
1.87381742e-04 -7.87994403 -7.83362705 -7.75987556 -7.72256192 -7.66607460 
1.51991108e-04 -7.97085314 -7.92453439 -7.85078053 -7.81346485 -7.75697535 
1.23284674e-04 -8.06176225 -8.01544173 -7.94168549 -7.90436778 -7.84787610 
1.00000000e-04 -8.15267136 -8.10634907 -8.03259046 -7.99527070 -7.93877685 
8.11130831e-05 -8.24358840 -8.19726533 -8.12350590 -8.08618459 -8.02968831 
6.57933225e-05 -8.33450544 -8.28818159 -8.21442135 -8.17709848 -8.12059977 
5.33669923e-05 -8.42542248 -8.37909785 -8.30533680 -8.26801238 -8.21151123 
4.32876128e-05 -8.51633951 -8.47001411 -8.39625224 -8.35892627 -8.30242269 
3.51119173e-05 -8.60725655 -8.56093037 -8.48716769 -8.44984016 -8.39333415 
2.84803587e-05 -8.69817548 -8.65184894 -8.57808598 -8.54075726 -8.48424923 
2.31012970e-05 -8.78909630 -8.74276983 -8.66900712 -8.63167756 -8.57516795 
1.87381742e-05 -8.88001712 -8.83369072 -8.75992827 -8.72259786 -8.66608666 
1.51991108e-05 -8.97093795 -8.92461161 -8.85084941 -8.81351816 -8.75700538 
1.23284674e-05 -9.06185877 -9.01553249 -8.94177055 -8.90443847 -8.84792409 
1.00000000e-05 -9.15277959 -9.10645338 -9.03269170 -8.99535877 -8.93884281 
8.11130831e-06 -9.24370262 -9.19737769 -9.12361839 -9.08628585 -9.02977008 
6.57933225e-06 -9.33462565 -9.28830200 -9.21454509 -9.17721294 -9.12069735 
5.33669923e-06 -9.42554869 -9.37922630 -9.30547179 -9.26814002 -9.21162462 
4.32876128e-06 -9.51647172 -9.47015061 -9.39639849 -9.35906711 -9.30255189 
3.51119173e-06 -9.60739475 -9.56107492 -9.48732518 -9.44999419 -9.39347916 
2.84803587e-06 -9.69831793 -9.65199973 -9.57825331 -9.54092326 -9.48440940 
2.31012970e-06 -9.78924126 -9.74292506 -9.66918287 -9.63185432 -9.57534260 
1.87381742e-06 -9.88016460 -9.83385038 -9.76011242 -9.72278538 -9.66627580 
1.51991108e-06 -9.97108793 -9.92477571 -9.85104198 -9.81371643 -9.75720900 
1.23284674e-06 -10.06201126 -10.01570103 -9.94197154 -9.90464749 -9.84814220 
1.00000000e-06 -10.15293459 -10.10662636 -10.03290109 -9.99557855 -9.93907540 
8.11130831e-07 -10.24385692 -10.19755079 -10.12383024 -10.08650953 -10.03000935 
6.57933225e-07 -10.33477926 -10.28847522 -10.21475938 -10.17744051 -10.12094331 
5.33669923e-07 -10.42570160 -10.37939965 -10.30568852 -10.26837149 -10.21187726 
4.32876128e-07 -10.51662393 -10.47032407 -10.39661767 -10.35930247 -10.30281121 
3.51119173e-07 -10.60754627 -10.56124850 -10.48754681 -10.45023345 -10.39374516 
2.84803587e-07 -10.69846788 -10.65217222 -10.57847527 -10.54116377 -10.48467852 
2.31012970e-07 -10.78938876 -10.74309522 -10.66940305 -10.63209344 -10.57561128 
1.87381742e-07 -10.88030964 -10.83401822 -10.76033083 -10.72302310 -10.66654404 
1.51991108e-07 -10.97123052 -10.92494123 -10.85125860 -10.81395276 -10.75747680 
1.23284674e-07 -11.06215140 -11.01586423 -10.94218638 -10.90488243 -10.84840957 
1.00000000e-07 -11.15307228 -11.10678723 -11.03311416 -10.99581209 -10.93934233 
P (bar) | log_CH4: -2σ | log_CH4: -1σ | log_CH4: median | log_CH4: +1σ | log_CH4: +2σ 
1.00000000e+02 -3.29275812 -3.24786363 -3.19029406 -3.15469342 -3.11036424 
8.11130831e+01 -3.29275993 -3.24786547 -3.19029553 -3.15469510 -3.11036570 
6.57933225e+01 -3.29276174 -3.24786731 -3.19029699 -3.15469678 -3.11036716 
5.33669923e+01 -3.29276354 -3.24786916 -3.19029846 -3.15469846 -3.11036862 
4.32876128e+01 -3.29276535 -3.24787100 -3.19029992 -3.15470013 -3.11037008 
3.51119173e+01 -3.29276716 -3.24787284 -3.19030139 -3.15470181 -3.11037154 
2.84803587e+01 -3.29277252 -3.24787839 -3.19030652 -3.15470756 -3.11037749 
2.31012970e+01 -3.29278144 -3.24788765 -3.19031532 -3.15471737 -3.11038792 
1.87381742e+01 -3.29279036 -3.24789691 -3.19032412 -3.15472713 -3.11039835 
1.51991108e+01 -3.29279928 -3.24790617 -3.19033292 -3.15473679 -3.11040879 
1.23284674e+01 -3.29280820 -3.24791542 -3.19034172 -3.15474645 -3.11041922 
1.00000000e+01 -3.29281712 -3.24792468 -3.19035052 -3.15475612 -3.11042965 
8.11130831e+00 -3.29283666 -3.24794658 -3.19037656 -3.15478462 -3.11046285 
6.57933225e+00 -3.29285621 -3.24796848 -3.19040260 -3.15481262 -3.11049606 
5.33669923e+00 -3.29287575 -3.24799037 -3.19042864 -3.15484062 -3.11052926 
4.32876128e+00 -3.29289530 -3.24801227 -3.19045469 -3.15486862 -3.11056246 
3.51119173e+00 -3.29291484 -3.24803417 -3.19048073 -3.15489662 -3.11059567 
2.84803587e+00 -3.29293356 -3.24805494 -3.19050509 -3.15492240 -3.11062540 
2.31012970e+00 -3.29295144 -3.24807458 -3.19052778 -3.15494596 -3.11065168 
1.87381742e+00 -3.29296933 -3.24809422 -3.19055047 -3.15496952 -3.11067795 
1.51991108e+00 -3.29298721 -3.24811386 -3.19057316 -3.15499308 -3.11070423 
1.23284674e+00 -3.29300509 -3.24813350 -3.19059585 -3.15501665 -3.11073050 
1.00000000e+00 -3.29302297 -3.24815314 -3.19061854 -3.15504021 -3.11075678 
8.11130831e-01 -3.29304430 -3.24817278 -3.19063175 -3.15505435 -3.11076633 
6.57933225e-01 -3.29306563 -3.24819241 -3.19064497 -3.15506850 -3.11077587 
5.33669923e-01 -3.29308695 -3.24821205 -3.19065818 -3.15508264 -3.11078542 
4.32876128e-01 -3.29310828 -3.24823168 -3.19067140 -3.15509679 -3.11079497 
3.51119173e-01 -3.29312961 -3.24825132 -3.19068461 -3.15511018 -3.11080451 
2.84803587e-01 -3.29322000 -3.24832973 -3.19072284 -3.15514437 -3.11081803 
2.31012970e-01 -3.29337946 -3.24846692 -3.19078608 -3.15520000 -3.11083551 
1.87381742e-01 -3.29353892 -3.24860411 -3.19085736 -3.15525563 -3.11085299 
1.51991108e-01 -3.29369837 -3.24874130 -3.19097109 -3.15531165 -3.11087047 
1.23284674e-01 -3.29385783 -3.24887849 -3.19108482 -3.15538148 -3.11088795 
1.00000000e-01 -3.29401729 -3.24901568 -3.19119590 -3.15545130 -3.11090544 
8.11130831e-02 -3.29550754 -3.25025580 -3.19215012 -3.15621478 -3.11117859 
6.57933225e-02 -3.29691545 -3.25146566 -3.19284886 -3.15705816 -3.11171707 
5.33669923e-02 -3.29815907 -3.25296902 -3.19357648 -3.15773761 -3.11179455 
4.32876128e-02 -3.29940269 -3.25433727 -3.19454702 -3.15839610 -3.11187204 
3.51119173e-02 -3.30064631 -3.25565142 -3.19548759 -3.15879546 -3.11194952 
2.84803587e-02 -3.30705462 -3.26069100 -3.19908926 -3.16121402 -3.11285393 
2.31012970e-02 -3.31627252 -3.26911119 -3.20453672 -3.16658828 -3.11808566 
1.87381742e-02 -3.32463440 -3.27778088 -3.20991317 -3.17152709 -3.12072432 
1.51991108e-02 -3.33342429 -3.28569762 -3.21567521 -3.17601014 -3.12223908 
1.23284674e-02 -3.34221418 -3.29423652 -3.22130539 -3.18053531 -3.12375385 
1.00000000e-02 -3.35100407 -3.30256397 -3.22718952 -3.18497336 -3.12526861 
8.11130831e-03 -3.38266943 -3.33185833 -3.24756313 -3.20177600 -3.13546503 
6.57933225e-03 -3.41850779 -3.36055726 -3.26776330 -3.21834849 -3.14316353 
5.33669923e-03 -3.45147146 -3.38861584 -3.28897667 -3.23388335 -3.15205888 
4.32876128e-03 -3.48698901 -3.41817042 -3.30993576 -3.25011839 -3.16032632 
3.51119173e-03 -3.51977762 -3.44755288 -3.33018175 -3.26591737 -3.16991907 
2.84803587e-03 -3.57416677 -3.49468445 -3.36795935 -3.29973847 -3.19700159 
2.31012970e-03 -3.64372988 -3.55977294 -3.42421651 -3.35154636 -3.24223656 
1.87381742e-03 -3.71556045 -3.62419766 -3.47995876 -3.40256936 -3.28631988 
1.51991108e-03 -3.78774902 -3.68996108 -3.53563519 -3.45425745 -3.33156846 
1.23284674e-03 -3.85850891 -3.75573887 -3.59449337 -3.50357371 -3.37672743 
1.00000000e-03 -3.92923316 -3.82151948 -3.65295193 -3.55403844 -3.41753857 
8.11130831e-04 -4.05643349 -3.94697215 -3.77693916 -3.67588518 -3.53340966 
6.57933225e-04 -4.18363381 -4.07303610 -3.90100905 -3.79699222 -3.65268267 
5.33669923e-04 -4.30966471 -4.19870840 -4.02318067 -3.91708826 -3.77363614 
4.32876128e-04 -4.43554854 -4.32449643 -4.14606052 -4.03790201 -3.89458961 
3.51119173e-04 -4.56271559 -4.44989182 -4.26894037 -4.15762257 -4.01554308 
2.84803587e-04 -4.71211321 -4.59855455 -4.41527510 -4.30334614 -4.16121681 
2.31012970e-04 -4.88374139 -4.76989750 -4.58645831 -4.47287644 -4.33161080 
1.87381742e-04 -5.05487180 -4.94071058 -4.75726054 -4.64327452 -4.50200478 
1.51991108e-04 -5.22699777 -5.11153801 -4.92801264 -4.81379061 -4.67239877 
1.23284674e-04 -5.39862596 -5.28286396 -5.09952285 -4.98447496 -4.84279275 
1.00000000e-04 -5.57025415 -5.45459723 -5.27025145 -5.15483545 -5.01303065 
8.11130831e-05 -5.75447107 -5.63803049 -5.45310619 -5.33727964 -5.19488987 
6.57933225e-05 -5.93873670 -5.82146374 -5.63598431 -5.51971405 -5.37674909 
5.33669923e-05 -6.12293107 -6.00489699 -5.81887300 -5.70210029 -5.55860831 
4.32876128e-05 -6.30680821 -6.18833024 -6.00167039 -5.88448652 -5.74041694 
3.51119173e-05 -6.49068535 -6.37176350 -6.18452513 -6.06687276 -5.92222449 
2.84803587e-05 -6.67595040 -6.55655724 -6.36888091 -6.25084199 -6.10553209 
2.31012970e-05 -6.86257397 -6.74271147 -6.55473774 -6.43643594 -6.29033974 
1.87381742e-05 -7.04902880 -6.92886570 -6.74035101 -6.62202989 -6.47514739 
1.51991108e-05 -7.23548364 -7.11501993 -6.92620113 -6.80762385 -6.65995505 
1.23284674e-05 -7.42193848 -7.30126565 -7.11205125 -6.99315733 -6.84476270 
1.00000000e-05 -7.60839332 -7.48753338 -7.29772368 -7.17874430 -7.02957035 
8.11130831e-06 -7.79584158 -7.67516326 -7.48516653 -7.36658280 -7.21691800 
6.57933225e-06 -7.98328985 -7.86281969 -7.67260938 -7.55442129 -7.40426565 
5.33669923e-06 -8.17073811 -8.05047611 -7.86030461 -7.74217101 -7.59161330 
4.32876128e-06 -8.35818637 -8.23813254 -8.04804457 -7.92982828 -7.77896095 
3.51119173e-06 -8.54563463 -8.42578896 -8.23596273 -8.11750250 -7.96630860 
2.84803587e-06 -8.73300565 -8.61343157 -8.42405697 -8.30562088 -8.15441094 
2.31012970e-06 -8.92029943 -8.80106037 -8.61232731 -8.49418180 -8.34326798 
1.87381742e-06 -9.10759320 -8.98868916 -8.80059765 -8.68274271 -8.53212502 
1.51991108e-06 -9.29488698 -9.17631796 -8.98886799 -8.87130363 -8.72098206 
1.23284674e-06 -9.48218075 -9.36394675 -9.17713833 -9.05986455 -8.90983910 
1.00000000e-06 -9.66947453 -9.55157555 -9.36540867 -9.24842546 -9.09869614 
8.11130831e-07 -9.85595378 -9.73851899 -9.55304215 -9.43652768 -9.28740307 
6.57933225e-07 -10.04238734 -9.92546243 -9.74067564 -9.62462990 -9.47610999 
5.33669923e-07 -10.22882090 -10.11243528 -9.92830913 -9.81274312 -9.66481692 
4.32876128e-07 -10.41525446 -10.29943507 -10.11594261 -10.00085664 -9.85352385 
3.51119173e-07 -10.60168803 -10.48643465 -10.30357610 -10.18897016 -10.04223078 
2.84803587e-07 -10.78769003 -10.67297405 -10.49079788 -10.37668612 -10.23054781 
2.31012970e-07 -10.97326046 -10.85920655 -10.67760796 -10.56400453 -10.41847494 
1.87381742e-07 -11.15883090 -11.04547573 -10.86460821 -10.75132294 -10.60640207 
1.51991108e-07 -11.34440133 -11.23174491 -11.05165265 -10.93864135 -10.79432920 
1.23284674e-07 -11.52997177 -11.41801408 -11.23869708 -11.12594508 -10.98225632 
1.00000000e-07 -11.71554220 -11.60428326 -11.42574151 -11.31309752 -11.17018345 
