P (bar) | T: -2σ | T: -1σ  | T: median | T: +1σ | T: +2σ 
1.00000000e+02 8.99943208e+02 1.02878049e+03 1.15510596e+03 1.26973510e+03 1.38722274e+03 
8.11130831e+01 8.99942442e+02 1.02877899e+03 1.15510417e+03 1.26973257e+03 1.38722043e+03 
6.57933225e+01 8.99939751e+02 1.02877371e+03 1.15509786e+03 1.26972370e+03 1.38721232e+03 
5.33669923e+01 8.99931531e+02 1.02875760e+03 1.15507860e+03 1.26969658e+03 1.38718754e+03 
4.32876128e+01 8.99909091e+02 1.02871362e+03 1.15502601e+03 1.26962257e+03 1.38711992e+03 
3.51119173e+01 8.99853934e+02 1.02860550e+03 1.15489675e+03 1.26943873e+03 1.38695369e+03 
2.84803587e+01 8.99731410e+02 1.02836533e+03 1.15460963e+03 1.26902826e+03 1.38658443e+03 
2.31012970e+01 8.99484766e+02 1.02788186e+03 1.15403163e+03 1.26820195e+03 1.38584111e+03 
1.87381742e+01 8.99033481e+02 1.02699726e+03 1.15297408e+03 1.26669006e+03 1.38448106e+03 
1.51991108e+01 8.98280281e+02 1.02552085e+03 1.15103852e+03 1.26416670e+03 1.38221112e+03 
1.23284674e+01 8.97128495e+02 1.02326314e+03 1.14797061e+03 1.26057885e+03 1.37841167e+03 
1.00000000e+01 8.94861413e+02 1.01980651e+03 1.14387226e+03 1.25566521e+03 1.37253731e+03 
8.11130831e+00 8.92517427e+02 1.01537016e+03 1.13852432e+03 1.24912931e+03 1.36486090e+03 
6.57933225e+00 8.89761868e+02 1.01022832e+03 1.13122907e+03 1.24068208e+03 1.35547984e+03 
5.33669923e+00 8.86084595e+02 1.00461234e+03 1.12402347e+03 1.23211712e+03 1.34465581e+03 
4.32876128e+00 8.81330437e+02 9.97963796e+02 1.11601138e+03 1.22271676e+03 1.33273879e+03 
3.51119173e+00 8.76280729e+02 9.91201952e+02 1.10673718e+03 1.21129226e+03 1.32008092e+03 
2.84803587e+00 8.71051761e+02 9.84366050e+02 1.09614326e+03 1.20041413e+03 1.30697372e+03 
2.31012970e+00 8.65725500e+02 9.77000054e+02 1.08581302e+03 1.18961378e+03 1.29362263e+03 
1.87381742e+00 8.60332822e+02 9.69493705e+02 1.07639102e+03 1.17690444e+03 1.27955012e+03 
1.51991108e+00 8.54340292e+02 9.62247428e+02 1.06653387e+03 1.16524238e+03 1.26495262e+03 
1.23284674e+00 8.49252637e+02 9.55228725e+02 1.05676518e+03 1.15407905e+03 1.25033351e+03 
1.00000000e+00 8.43585579e+02 9.47788170e+02 1.04705261e+03 1.14207670e+03 1.23570687e+03 
8.11130831e-01 8.37422925e+02 9.41523764e+02 1.03726002e+03 1.13061182e+03 1.22187300e+03 
6.57933225e-01 8.31259995e+02 9.34202444e+02 1.02711492e+03 1.11906199e+03 1.20856951e+03 
5.33669923e-01 8.25097065e+02 9.26564933e+02 1.01740543e+03 1.10837306e+03 1.19526602e+03 
4.32876128e-01 8.21185006e+02 9.19426935e+02 1.00810426e+03 1.09640120e+03 1.18196253e+03 
3.51119173e-01 8.17121717e+02 9.11764258e+02 9.97515793e+02 1.08484205e+03 1.16709450e+03 
2.84803587e-01 8.12334140e+02 9.04126666e+02 9.87349478e+02 1.07276329e+03 1.15191129e+03 
2.31012970e-01 8.08297981e+02 8.97727420e+02 9.77555256e+02 1.06028803e+03 1.13943003e+03 
1.87381742e-01 8.01992528e+02 8.89880137e+02 9.67998988e+02 1.04864801e+03 1.12557594e+03 
1.51991108e-01 7.95687075e+02 8.82870134e+02 9.57866291e+02 1.03665114e+03 1.11296035e+03 
1.23284674e-01 7.90092108e+02 8.75660511e+02 9.47975330e+02 1.02497850e+03 1.10034477e+03 
1.00000000e-01 7.85992800e+02 8.67781485e+02 9.37853802e+02 1.01285671e+03 1.08772918e+03 
8.11130831e-02 7.81795179e+02 8.59451049e+02 9.27664497e+02 9.99940367e+02 1.07511360e+03 
6.57933225e-02 7.76275929e+02 8.51582227e+02 9.17722865e+02 9.87712727e+02 1.06249801e+03 
5.33669923e-02 7.70756678e+02 8.43931400e+02 9.08596209e+02 9.76759199e+02 1.04983291e+03 
4.32876128e-02 7.65237427e+02 8.36009438e+02 8.98222127e+02 9.64748369e+02 1.03628214e+03 
3.51119173e-02 7.59718176e+02 8.27647728e+02 8.88477544e+02 9.53187112e+02 1.02336088e+03 
2.84803587e-02 7.54198926e+02 8.19661277e+02 8.79222686e+02 9.41175059e+02 1.01024764e+03 
2.31012970e-02 7.48565010e+02 8.11408107e+02 8.69684077e+02 9.29215364e+02 9.97988875e+02 
1.87381742e-02 7.41530791e+02 8.03383034e+02 8.60229487e+02 9.18103974e+02 9.86033988e+02 
1.51991108e-02 7.36763946e+02 7.94482544e+02 8.50136023e+02 9.06384910e+02 9.73675063e+02 
1.23284674e-02 7.30666683e+02 7.86167574e+02 8.40366130e+02 8.94182533e+02 9.61573321e+02 
1.00000000e-02 7.24853719e+02 7.78678230e+02 8.31127159e+02 8.82730341e+02 9.48771350e+02 
8.11130831e-03 7.18566537e+02 7.69844177e+02 8.21407850e+02 8.71057674e+02 9.34060946e+02 
6.57933225e-03 7.11609084e+02 7.61547211e+02 8.11284585e+02 8.59462548e+02 9.21896736e+02 
5.33669923e-03 7.04005718e+02 7.53400322e+02 8.01524517e+02 8.48444705e+02 9.08569057e+02 
4.32876128e-03 6.97694178e+02 7.44640180e+02 7.92543083e+02 8.38889713e+02 8.96079495e+02 
3.51119173e-03 6.90736725e+02 7.35608958e+02 7.82927761e+02 8.28748347e+02 8.81278943e+02 
2.84803587e-03 6.85106519e+02 7.27564711e+02 7.72159300e+02 8.17863807e+02 8.71321624e+02 
2.31012970e-03 6.79009337e+02 7.19741601e+02 7.62408289e+02 8.07020259e+02 8.60648633e+02 
1.87381742e-03 6.72221749e+02 7.11463708e+02 7.53077147e+02 7.96853667e+02 8.49685740e+02 
1.51991108e-03 6.67230296e+02 7.02091719e+02 7.42528677e+02 7.86743430e+02 8.38599571e+02 
1.23284674e-03 6.58781915e+02 6.93648664e+02 7.33289343e+02 7.76684588e+02 8.26884153e+02 
1.00000000e-03 6.50527991e+02 6.84446497e+02 7.22944924e+02 7.66045356e+02 8.15134746e+02 
8.11130831e-04 6.42176839e+02 6.75358160e+02 7.13531742e+02 7.55487703e+02 8.04672711e+02 
6.57933225e-04 6.35077101e+02 6.65761091e+02 7.03764037e+02 7.44903993e+02 7.94329842e+02 
5.33669923e-04 6.27711392e+02 6.57214427e+02 6.94605513e+02 7.34883645e+02 7.83939163e+02 
4.32876128e-04 6.19807218e+02 6.47876219e+02 6.83809201e+02 7.25495869e+02 7.72608364e+02 
3.51119173e-04 6.10366504e+02 6.38459744e+02 6.74030972e+02 7.15375937e+02 7.62824570e+02 
2.84803587e-04 6.02311464e+02 6.27885807e+02 6.63681198e+02 7.05887786e+02 7.52362535e+02 
2.31012970e-04 5.91169567e+02 6.17854583e+02 6.53633221e+02 6.95940850e+02 7.44388125e+02 
1.87381742e-04 5.80770906e+02 6.08215740e+02 6.43964242e+02 6.85982406e+02 7.38142250e+02 
1.51991108e-04 5.71446223e+02 5.97871741e+02 6.33682001e+02 6.77099680e+02 7.31899351e+02 
1.23284674e-04 5.61417962e+02 5.87881106e+02 6.24250516e+02 6.68024290e+02 7.24364733e+02 
1.00000000e-04 5.51150118e+02 5.78454973e+02 6.14892143e+02 6.59591220e+02 7.16134005e+02 
8.11130831e-05 5.40021389e+02 5.68172799e+02 6.04893505e+02 6.50781716e+02 7.09824911e+02 
6.57933225e-05 5.28898383e+02 5.58058998e+02 5.94665248e+02 6.41164755e+02 7.02476972e+02 
5.33669923e-05 5.16649180e+02 5.47694681e+02 5.85180894e+02 6.32362479e+02 6.94964744e+02 
4.32876128e-05 5.04683238e+02 5.36831557e+02 5.75139025e+02 6.23267190e+02 6.88962803e+02 
3.51119173e-05 4.93333255e+02 5.26016910e+02 5.66048630e+02 6.15441413e+02 6.80516342e+02 
2.84803587e-05 4.81369442e+02 5.14787205e+02 5.56323345e+02 6.08033281e+02 6.72512179e+02 
2.31012970e-05 4.68779276e+02 5.05484022e+02 5.47197622e+02 6.00171465e+02 6.68047486e+02 
1.87381742e-05 4.57918917e+02 4.95597213e+02 5.38424226e+02 5.92557158e+02 6.60535277e+02 
1.51991108e-05 4.47738672e+02 4.86153019e+02 5.30379280e+02 5.86168391e+02 6.54459042e+02 
1.23284674e-05 4.39156674e+02 4.78000922e+02 5.23900794e+02 5.80440675e+02 6.51676358e+02 
1.00000000e-05 4.32424700e+02 4.71473509e+02 5.18718722e+02 5.75769825e+02 6.49705448e+02 
8.11130831e-06 4.27331123e+02 4.66649700e+02 5.14485011e+02 5.72246931e+02 6.46427716e+02 
6.57933225e-06 4.23715632e+02 4.63068007e+02 5.11526459e+02 5.69941341e+02 6.45468222e+02 
5.33669923e-06 4.21270261e+02 4.60736859e+02 5.09514677e+02 5.68081455e+02 6.44121119e+02 
4.32876128e-06 4.19726247e+02 4.59293163e+02 5.08157464e+02 5.66999421e+02 6.43338102e+02 
3.51119173e-06 4.18882384e+02 4.58557992e+02 5.07325967e+02 5.66452467e+02 6.43034887e+02 
2.84803587e-06 4.18463186e+02 4.58217498e+02 5.07062255e+02 5.66180760e+02 6.42884261e+02 
2.31012970e-06 4.18274472e+02 4.58074068e+02 5.06980894e+02 5.66058444e+02 6.42801821e+02 
1.87381742e-06 4.18197698e+02 4.58012682e+02 5.06947794e+02 5.66008683e+02 6.42734194e+02 
1.51991108e-06 4.18169573e+02 4.57988913e+02 5.06935668e+02 5.65990454e+02 6.42709420e+02 
1.23284674e-06 4.18160368e+02 4.57981134e+02 5.06931699e+02 5.65984487e+02 6.42701311e+02 
1.00000000e-06 4.18157746e+02 4.57978918e+02 5.06930569e+02 5.65982788e+02 6.42699002e+02 
8.11130831e-07 4.18157175e+02 4.57978435e+02 5.06930323e+02 5.65982418e+02 6.42698499e+02 
6.57933225e-07 4.18157175e+02 4.57978435e+02 5.06930323e+02 5.65982418e+02 6.42698499e+02 
5.33669923e-07 4.18157175e+02 4.57978435e+02 5.06930323e+02 5.65982418e+02 6.42698499e+02 
4.32876128e-07 4.18157175e+02 4.57978435e+02 5.06930323e+02 5.65982418e+02 6.42698499e+02 
3.51119173e-07 4.18157175e+02 4.57978435e+02 5.06930323e+02 5.65982418e+02 6.42698499e+02 
2.84803587e-07 4.18157175e+02 4.57978435e+02 5.06930323e+02 5.65982418e+02 6.42698499e+02 
2.31012970e-07 4.18157175e+02 4.57978435e+02 5.06930323e+02 5.65982418e+02 6.42698499e+02 
1.87381742e-07 4.18157175e+02 4.57978435e+02 5.06930323e+02 5.65982418e+02 6.42698499e+02 
1.51991108e-07 4.18157175e+02 4.57978435e+02 5.06930323e+02 5.65982418e+02 6.42698499e+02 
1.23284674e-07 4.18157175e+02 4.57978435e+02 5.06930323e+02 5.65982418e+02 6.42698499e+02 
1.00000000e-07 4.18157175e+02 4.57978435e+02 5.06930323e+02 5.65982418e+02 6.42698499e+02 
