Chemical species: H2 He H2O CO2 SO2 K CO Na
P (bar) | log_H2: -2σ | log_H2: -1σ | log_H2: median | log_H2: +1σ | log_H2: +2σ 
1.00000000e+02 -0.09008560 -0.08716900 -0.08414391 -0.08120802 -0.07858717 
8.11130831e+01 -0.09008560 -0.08716900 -0.08414391 -0.08120802 -0.07858717 
6.57933225e+01 -0.09008560 -0.08716900 -0.08414391 -0.08120802 -0.07858717 
5.33669923e+01 -0.09008560 -0.08716900 -0.08414391 -0.08120802 -0.07858717 
4.32876128e+01 -0.09008560 -0.08716900 -0.08414391 -0.08120802 -0.07858717 
3.51119173e+01 -0.09008560 -0.08716900 -0.08414391 -0.08120802 -0.07858717 
2.84803587e+01 -0.09008560 -0.08716900 -0.08414391 -0.08120802 -0.07858717 
2.31012970e+01 -0.09008560 -0.08716900 -0.08414391 -0.08120802 -0.07858717 
1.87381742e+01 -0.09008560 -0.08716900 -0.08414391 -0.08120802 -0.07858717 
1.51991108e+01 -0.09008560 -0.08716900 -0.08414391 -0.08120802 -0.07858717 
1.23284674e+01 -0.09008560 -0.08716900 -0.08414391 -0.08120802 -0.07858717 
1.00000000e+01 -0.09008560 -0.08716900 -0.08414391 -0.08120802 -0.07858717 
8.11130831e+00 -0.09008560 -0.08716900 -0.08414391 -0.08120802 -0.07858717 
6.57933225e+00 -0.09008560 -0.08716900 -0.08414391 -0.08120802 -0.07858717 
5.33669923e+00 -0.09008560 -0.08716900 -0.08414391 -0.08120802 -0.07858717 
4.32876128e+00 -0.09008560 -0.08716900 -0.08414391 -0.08120802 -0.07858717 
3.51119173e+00 -0.09008560 -0.08716900 -0.08414391 -0.08120802 -0.07858717 
2.84803587e+00 -0.09008560 -0.08716900 -0.08414391 -0.08120802 -0.07858717 
2.31012970e+00 -0.09008560 -0.08716900 -0.08414391 -0.08120802 -0.07858717 
1.87381742e+00 -0.09008560 -0.08716900 -0.08414391 -0.08120802 -0.07858717 
1.51991108e+00 -0.09008560 -0.08716900 -0.08414391 -0.08120802 -0.07858717 
1.23284674e+00 -0.09008560 -0.08716900 -0.08414391 -0.08120802 -0.07858717 
1.00000000e+00 -0.09008560 -0.08716900 -0.08414391 -0.08120802 -0.07858717 
8.11130831e-01 -0.09008560 -0.08716900 -0.08414391 -0.08120802 -0.07858717 
6.57933225e-01 -0.09008560 -0.08716900 -0.08414391 -0.08120802 -0.07858717 
5.33669923e-01 -0.09008560 -0.08716900 -0.08414391 -0.08120802 -0.07858717 
4.32876128e-01 -0.09008560 -0.08716900 -0.08414391 -0.08120802 -0.07858717 
3.51119173e-01 -0.09008560 -0.08716900 -0.08414391 -0.08120802 -0.07858717 
2.84803587e-01 -0.09008560 -0.08716900 -0.08414391 -0.08120802 -0.07858717 
2.31012970e-01 -0.09008560 -0.08716900 -0.08414391 -0.08120802 -0.07858717 
1.87381742e-01 -0.09008560 -0.08716900 -0.08414391 -0.08120802 -0.07858717 
1.51991108e-01 -0.09008560 -0.08716900 -0.08414391 -0.08120802 -0.07858717 
1.23284674e-01 -0.09008560 -0.08716900 -0.08414391 -0.08120802 -0.07858717 
1.00000000e-01 -0.09008560 -0.08716900 -0.08414391 -0.08120802 -0.07858717 
8.11130831e-02 -0.09008560 -0.08716900 -0.08414391 -0.08120802 -0.07858717 
6.57933225e-02 -0.09008560 -0.08716900 -0.08414391 -0.08120802 -0.07858717 
5.33669923e-02 -0.09008560 -0.08716900 -0.08414391 -0.08120802 -0.07858717 
4.32876128e-02 -0.09008560 -0.08716900 -0.08414391 -0.08120802 -0.07858717 
3.51119173e-02 -0.09008560 -0.08716900 -0.08414391 -0.08120802 -0.07858717 
2.84803587e-02 -0.09008560 -0.08716900 -0.08414391 -0.08120802 -0.07858717 
2.31012970e-02 -0.09008560 -0.08716900 -0.08414391 -0.08120802 -0.07858717 
1.87381742e-02 -0.09008560 -0.08716900 -0.08414391 -0.08120802 -0.07858717 
1.51991108e-02 -0.09008560 -0.08716900 -0.08414391 -0.08120802 -0.07858717 
1.23284674e-02 -0.09008560 -0.08716900 -0.08414391 -0.08120802 -0.07858717 
1.00000000e-02 -0.09008560 -0.08716900 -0.08414391 -0.08120802 -0.07858717 
8.11130831e-03 -0.09008560 -0.08716900 -0.08414391 -0.08120802 -0.07858717 
6.57933225e-03 -0.09008560 -0.08716900 -0.08414391 -0.08120802 -0.07858717 
5.33669923e-03 -0.09008560 -0.08716900 -0.08414391 -0.08120802 -0.07858717 
4.32876128e-03 -0.09008560 -0.08716900 -0.08414391 -0.08120802 -0.07858717 
3.51119173e-03 -0.09008560 -0.08716900 -0.08414391 -0.08120802 -0.07858717 
2.84803587e-03 -0.09008560 -0.08716900 -0.08414391 -0.08120802 -0.07858717 
2.31012970e-03 -0.09008560 -0.08716900 -0.08414391 -0.08120802 -0.07858717 
1.87381742e-03 -0.09008560 -0.08716900 -0.08414391 -0.08120802 -0.07858717 
1.51991108e-03 -0.09008560 -0.08716900 -0.08414391 -0.08120802 -0.07858717 
1.23284674e-03 -0.09008560 -0.08716900 -0.08414391 -0.08120802 -0.07858717 
1.00000000e-03 -0.09008560 -0.08716900 -0.08414391 -0.08120802 -0.07858717 
8.11130831e-04 -0.09008560 -0.08716900 -0.08414391 -0.08120802 -0.07858717 
6.57933225e-04 -0.09008560 -0.08716900 -0.08414391 -0.08120802 -0.07858717 
5.33669923e-04 -0.09008560 -0.08716900 -0.08414391 -0.08120802 -0.07858717 
4.32876128e-04 -0.09008560 -0.08716900 -0.08414391 -0.08120802 -0.07858717 
3.51119173e-04 -0.09008560 -0.08716900 -0.08414391 -0.08120802 -0.07858717 
2.84803587e-04 -0.09008560 -0.08716900 -0.08414391 -0.08120802 -0.07858717 
2.31012970e-04 -0.09008560 -0.08716900 -0.08414391 -0.08120802 -0.07858717 
1.87381742e-04 -0.09008560 -0.08716900 -0.08414391 -0.08120802 -0.07858717 
1.51991108e-04 -0.09008560 -0.08716900 -0.08414391 -0.08120802 -0.07858717 
1.23284674e-04 -0.09008560 -0.08716900 -0.08414391 -0.08120802 -0.07858717 
1.00000000e-04 -0.09008560 -0.08716900 -0.08414391 -0.08120802 -0.07858717 
8.11130831e-05 -0.09008560 -0.08716900 -0.08414391 -0.08120802 -0.07858717 
6.57933225e-05 -0.09008560 -0.08716900 -0.08414391 -0.08120802 -0.07858717 
5.33669923e-05 -0.09008560 -0.08716900 -0.08414391 -0.08120802 -0.07858717 
4.32876128e-05 -0.09008560 -0.08716900 -0.08414391 -0.08120802 -0.07858717 
3.51119173e-05 -0.09008560 -0.08716900 -0.08414391 -0.08120802 -0.07858717 
2.84803587e-05 -0.09008560 -0.08716900 -0.08414391 -0.08120802 -0.07858717 
2.31012970e-05 -0.09008560 -0.08716900 -0.08414391 -0.08120802 -0.07858717 
1.87381742e-05 -0.09008560 -0.08716900 -0.08414391 -0.08120802 -0.07858717 
1.51991108e-05 -0.09008560 -0.08716900 -0.08414391 -0.08120802 -0.07858717 
1.23284674e-05 -0.09008560 -0.08716900 -0.08414391 -0.08120802 -0.07858717 
1.00000000e-05 -0.09008560 -0.08716900 -0.08414391 -0.08120802 -0.07858717 
8.11130831e-06 -0.09008560 -0.08716900 -0.08414391 -0.08120802 -0.07858717 
6.57933225e-06 -0.09008560 -0.08716900 -0.08414391 -0.08120802 -0.07858717 
5.33669923e-06 -0.09008560 -0.08716900 -0.08414391 -0.08120802 -0.07858717 
4.32876128e-06 -0.09008560 -0.08716900 -0.08414391 -0.08120802 -0.07858717 
3.51119173e-06 -0.09008560 -0.08716900 -0.08414391 -0.08120802 -0.07858717 
2.84803587e-06 -0.09008560 -0.08716900 -0.08414391 -0.08120802 -0.07858717 
2.31012970e-06 -0.09008560 -0.08716900 -0.08414391 -0.08120802 -0.07858717 
1.87381742e-06 -0.09008560 -0.08716900 -0.08414391 -0.08120802 -0.07858717 
1.51991108e-06 -0.09008560 -0.08716900 -0.08414391 -0.08120802 -0.07858717 
1.23284674e-06 -0.09008560 -0.08716900 -0.08414391 -0.08120802 -0.07858717 
1.00000000e-06 -0.09008560 -0.08716900 -0.08414391 -0.08120802 -0.07858717 
8.11130831e-07 -0.09008560 -0.08716900 -0.08414391 -0.08120802 -0.07858717 
6.57933225e-07 -0.09008560 -0.08716900 -0.08414391 -0.08120802 -0.07858717 
5.33669923e-07 -0.09008560 -0.08716900 -0.08414391 -0.08120802 -0.07858717 
4.32876128e-07 -0.09008560 -0.08716900 -0.08414391 -0.08120802 -0.07858717 
3.51119173e-07 -0.09008560 -0.08716900 -0.08414391 -0.08120802 -0.07858717 
2.84803587e-07 -0.09008560 -0.08716900 -0.08414391 -0.08120802 -0.07858717 
2.31012970e-07 -0.09008560 -0.08716900 -0.08414391 -0.08120802 -0.07858717 
1.87381742e-07 -0.09008560 -0.08716900 -0.08414391 -0.08120802 -0.07858717 
1.51991108e-07 -0.09008560 -0.08716900 -0.08414391 -0.08120802 -0.07858717 
1.23284674e-07 -0.09008560 -0.08716900 -0.08414391 -0.08120802 -0.07858717 
1.00000000e-07 -0.09008560 -0.08716900 -0.08414391 -0.08120802 -0.07858717 
P (bar) | log_He: -2σ | log_He: -1σ | log_He: median | log_He: +1σ | log_He: +2σ 
1.00000000e+02 -0.85963668 -0.85672007 -0.85369499 -0.85075910 -0.84813825 
8.11130831e+01 -0.85963668 -0.85672007 -0.85369499 -0.85075910 -0.84813825 
6.57933225e+01 -0.85963668 -0.85672007 -0.85369499 -0.85075910 -0.84813825 
5.33669923e+01 -0.85963668 -0.85672007 -0.85369499 -0.85075910 -0.84813825 
4.32876128e+01 -0.85963668 -0.85672007 -0.85369499 -0.85075910 -0.84813825 
3.51119173e+01 -0.85963668 -0.85672007 -0.85369499 -0.85075910 -0.84813825 
2.84803587e+01 -0.85963668 -0.85672007 -0.85369499 -0.85075910 -0.84813825 
2.31012970e+01 -0.85963668 -0.85672007 -0.85369499 -0.85075910 -0.84813825 
1.87381742e+01 -0.85963668 -0.85672007 -0.85369499 -0.85075910 -0.84813825 
1.51991108e+01 -0.85963668 -0.85672007 -0.85369499 -0.85075910 -0.84813825 
1.23284674e+01 -0.85963668 -0.85672007 -0.85369499 -0.85075910 -0.84813825 
1.00000000e+01 -0.85963668 -0.85672007 -0.85369499 -0.85075910 -0.84813825 
8.11130831e+00 -0.85963668 -0.85672007 -0.85369499 -0.85075910 -0.84813825 
6.57933225e+00 -0.85963668 -0.85672007 -0.85369499 -0.85075910 -0.84813825 
5.33669923e+00 -0.85963668 -0.85672007 -0.85369499 -0.85075910 -0.84813825 
4.32876128e+00 -0.85963668 -0.85672007 -0.85369499 -0.85075910 -0.84813825 
3.51119173e+00 -0.85963668 -0.85672007 -0.85369499 -0.85075910 -0.84813825 
2.84803587e+00 -0.85963668 -0.85672007 -0.85369499 -0.85075910 -0.84813825 
2.31012970e+00 -0.85963668 -0.85672007 -0.85369499 -0.85075910 -0.84813825 
1.87381742e+00 -0.85963668 -0.85672007 -0.85369499 -0.85075910 -0.84813825 
1.51991108e+00 -0.85963668 -0.85672007 -0.85369499 -0.85075910 -0.84813825 
1.23284674e+00 -0.85963668 -0.85672007 -0.85369499 -0.85075910 -0.84813825 
1.00000000e+00 -0.85963668 -0.85672007 -0.85369499 -0.85075910 -0.84813825 
8.11130831e-01 -0.85963668 -0.85672007 -0.85369499 -0.85075910 -0.84813825 
6.57933225e-01 -0.85963668 -0.85672007 -0.85369499 -0.85075910 -0.84813825 
5.33669923e-01 -0.85963668 -0.85672007 -0.85369499 -0.85075910 -0.84813825 
4.32876128e-01 -0.85963668 -0.85672007 -0.85369499 -0.85075910 -0.84813825 
3.51119173e-01 -0.85963668 -0.85672007 -0.85369499 -0.85075910 -0.84813825 
2.84803587e-01 -0.85963668 -0.85672007 -0.85369499 -0.85075910 -0.84813825 
2.31012970e-01 -0.85963668 -0.85672007 -0.85369499 -0.85075910 -0.84813825 
1.87381742e-01 -0.85963668 -0.85672007 -0.85369499 -0.85075910 -0.84813825 
1.51991108e-01 -0.85963668 -0.85672007 -0.85369499 -0.85075910 -0.84813825 
1.23284674e-01 -0.85963668 -0.85672007 -0.85369499 -0.85075910 -0.84813825 
1.00000000e-01 -0.85963668 -0.85672007 -0.85369499 -0.85075910 -0.84813825 
8.11130831e-02 -0.85963668 -0.85672007 -0.85369499 -0.85075910 -0.84813825 
6.57933225e-02 -0.85963668 -0.85672007 -0.85369499 -0.85075910 -0.84813825 
5.33669923e-02 -0.85963668 -0.85672007 -0.85369499 -0.85075910 -0.84813825 
4.32876128e-02 -0.85963668 -0.85672007 -0.85369499 -0.85075910 -0.84813825 
3.51119173e-02 -0.85963668 -0.85672007 -0.85369499 -0.85075910 -0.84813825 
2.84803587e-02 -0.85963668 -0.85672007 -0.85369499 -0.85075910 -0.84813825 
2.31012970e-02 -0.85963668 -0.85672007 -0.85369499 -0.85075910 -0.84813825 
1.87381742e-02 -0.85963668 -0.85672007 -0.85369499 -0.85075910 -0.84813825 
1.51991108e-02 -0.85963668 -0.85672007 -0.85369499 -0.85075910 -0.84813825 
1.23284674e-02 -0.85963668 -0.85672007 -0.85369499 -0.85075910 -0.84813825 
1.00000000e-02 -0.85963668 -0.85672007 -0.85369499 -0.85075910 -0.84813825 
8.11130831e-03 -0.85963668 -0.85672007 -0.85369499 -0.85075910 -0.84813825 
6.57933225e-03 -0.85963668 -0.85672007 -0.85369499 -0.85075910 -0.84813825 
5.33669923e-03 -0.85963668 -0.85672007 -0.85369499 -0.85075910 -0.84813825 
4.32876128e-03 -0.85963668 -0.85672007 -0.85369499 -0.85075910 -0.84813825 
3.51119173e-03 -0.85963668 -0.85672007 -0.85369499 -0.85075910 -0.84813825 
2.84803587e-03 -0.85963668 -0.85672007 -0.85369499 -0.85075910 -0.84813825 
2.31012970e-03 -0.85963668 -0.85672007 -0.85369499 -0.85075910 -0.84813825 
1.87381742e-03 -0.85963668 -0.85672007 -0.85369499 -0.85075910 -0.84813825 
1.51991108e-03 -0.85963668 -0.85672007 -0.85369499 -0.85075910 -0.84813825 
1.23284674e-03 -0.85963668 -0.85672007 -0.85369499 -0.85075910 -0.84813825 
1.00000000e-03 -0.85963668 -0.85672007 -0.85369499 -0.85075910 -0.84813825 
8.11130831e-04 -0.85963668 -0.85672007 -0.85369499 -0.85075910 -0.84813825 
6.57933225e-04 -0.85963668 -0.85672007 -0.85369499 -0.85075910 -0.84813825 
5.33669923e-04 -0.85963668 -0.85672007 -0.85369499 -0.85075910 -0.84813825 
4.32876128e-04 -0.85963668 -0.85672007 -0.85369499 -0.85075910 -0.84813825 
3.51119173e-04 -0.85963668 -0.85672007 -0.85369499 -0.85075910 -0.84813825 
2.84803587e-04 -0.85963668 -0.85672007 -0.85369499 -0.85075910 -0.84813825 
2.31012970e-04 -0.85963668 -0.85672007 -0.85369499 -0.85075910 -0.84813825 
1.87381742e-04 -0.85963668 -0.85672007 -0.85369499 -0.85075910 -0.84813825 
1.51991108e-04 -0.85963668 -0.85672007 -0.85369499 -0.85075910 -0.84813825 
1.23284674e-04 -0.85963668 -0.85672007 -0.85369499 -0.85075910 -0.84813825 
1.00000000e-04 -0.85963668 -0.85672007 -0.85369499 -0.85075910 -0.84813825 
8.11130831e-05 -0.85963668 -0.85672007 -0.85369499 -0.85075910 -0.84813825 
6.57933225e-05 -0.85963668 -0.85672007 -0.85369499 -0.85075910 -0.84813825 
5.33669923e-05 -0.85963668 -0.85672007 -0.85369499 -0.85075910 -0.84813825 
4.32876128e-05 -0.85963668 -0.85672007 -0.85369499 -0.85075910 -0.84813825 
3.51119173e-05 -0.85963668 -0.85672007 -0.85369499 -0.85075910 -0.84813825 
2.84803587e-05 -0.85963668 -0.85672007 -0.85369499 -0.85075910 -0.84813825 
2.31012970e-05 -0.85963668 -0.85672007 -0.85369499 -0.85075910 -0.84813825 
1.87381742e-05 -0.85963668 -0.85672007 -0.85369499 -0.85075910 -0.84813825 
1.51991108e-05 -0.85963668 -0.85672007 -0.85369499 -0.85075910 -0.84813825 
1.23284674e-05 -0.85963668 -0.85672007 -0.85369499 -0.85075910 -0.84813825 
1.00000000e-05 -0.85963668 -0.85672007 -0.85369499 -0.85075910 -0.84813825 
8.11130831e-06 -0.85963668 -0.85672007 -0.85369499 -0.85075910 -0.84813825 
6.57933225e-06 -0.85963668 -0.85672007 -0.85369499 -0.85075910 -0.84813825 
5.33669923e-06 -0.85963668 -0.85672007 -0.85369499 -0.85075910 -0.84813825 
4.32876128e-06 -0.85963668 -0.85672007 -0.85369499 -0.85075910 -0.84813825 
3.51119173e-06 -0.85963668 -0.85672007 -0.85369499 -0.85075910 -0.84813825 
2.84803587e-06 -0.85963668 -0.85672007 -0.85369499 -0.85075910 -0.84813825 
2.31012970e-06 -0.85963668 -0.85672007 -0.85369499 -0.85075910 -0.84813825 
1.87381742e-06 -0.85963668 -0.85672007 -0.85369499 -0.85075910 -0.84813825 
1.51991108e-06 -0.85963668 -0.85672007 -0.85369499 -0.85075910 -0.84813825 
1.23284674e-06 -0.85963668 -0.85672007 -0.85369499 -0.85075910 -0.84813825 
1.00000000e-06 -0.85963668 -0.85672007 -0.85369499 -0.85075910 -0.84813825 
8.11130831e-07 -0.85963668 -0.85672007 -0.85369499 -0.85075910 -0.84813825 
6.57933225e-07 -0.85963668 -0.85672007 -0.85369499 -0.85075910 -0.84813825 
5.33669923e-07 -0.85963668 -0.85672007 -0.85369499 -0.85075910 -0.84813825 
4.32876128e-07 -0.85963668 -0.85672007 -0.85369499 -0.85075910 -0.84813825 
3.51119173e-07 -0.85963668 -0.85672007 -0.85369499 -0.85075910 -0.84813825 
2.84803587e-07 -0.85963668 -0.85672007 -0.85369499 -0.85075910 -0.84813825 
2.31012970e-07 -0.85963668 -0.85672007 -0.85369499 -0.85075910 -0.84813825 
1.87381742e-07 -0.85963668 -0.85672007 -0.85369499 -0.85075910 -0.84813825 
1.51991108e-07 -0.85963668 -0.85672007 -0.85369499 -0.85075910 -0.84813825 
1.23284674e-07 -0.85963668 -0.85672007 -0.85369499 -0.85075910 -0.84813825 
1.00000000e-07 -0.85963668 -0.85672007 -0.85369499 -0.85075910 -0.84813825 
P (bar) | log_H2O: -2σ | log_H2O: -1σ | log_H2O: median | log_H2O: +1σ | log_H2O: +2σ 
1.00000000e+02 -1.81933052 -1.69455887 -1.57591828 -1.47748349 -1.39439944 
8.11130831e+01 -1.81933052 -1.69455887 -1.57591828 -1.47748349 -1.39439944 
6.57933225e+01 -1.81933052 -1.69455887 -1.57591828 -1.47748349 -1.39439944 
5.33669923e+01 -1.81933052 -1.69455887 -1.57591828 -1.47748349 -1.39439944 
4.32876128e+01 -1.81933052 -1.69455887 -1.57591828 -1.47748349 -1.39439944 
3.51119173e+01 -1.81933052 -1.69455887 -1.57591828 -1.47748349 -1.39439944 
2.84803587e+01 -1.81933052 -1.69455887 -1.57591828 -1.47748349 -1.39439944 
2.31012970e+01 -1.81933052 -1.69455887 -1.57591828 -1.47748349 -1.39439944 
1.87381742e+01 -1.81933052 -1.69455887 -1.57591828 -1.47748349 -1.39439944 
1.51991108e+01 -1.81933052 -1.69455887 -1.57591828 -1.47748349 -1.39439944 
1.23284674e+01 -1.81933052 -1.69455887 -1.57591828 -1.47748349 -1.39439944 
1.00000000e+01 -1.81933052 -1.69455887 -1.57591828 -1.47748349 -1.39439944 
8.11130831e+00 -1.81933052 -1.69455887 -1.57591828 -1.47748349 -1.39439944 
6.57933225e+00 -1.81933052 -1.69455887 -1.57591828 -1.47748349 -1.39439944 
5.33669923e+00 -1.81933052 -1.69455887 -1.57591828 -1.47748349 -1.39439944 
4.32876128e+00 -1.81933052 -1.69455887 -1.57591828 -1.47748349 -1.39439944 
3.51119173e+00 -1.81933052 -1.69455887 -1.57591828 -1.47748349 -1.39439944 
2.84803587e+00 -1.81933052 -1.69455887 -1.57591828 -1.47748349 -1.39439944 
2.31012970e+00 -1.81933052 -1.69455887 -1.57591828 -1.47748349 -1.39439944 
1.87381742e+00 -1.81933052 -1.69455887 -1.57591828 -1.47748349 -1.39439944 
1.51991108e+00 -1.81933052 -1.69455887 -1.57591828 -1.47748349 -1.39439944 
1.23284674e+00 -1.81933052 -1.69455887 -1.57591828 -1.47748349 -1.39439944 
1.00000000e+00 -1.81933052 -1.69455887 -1.57591828 -1.47748349 -1.39439944 
8.11130831e-01 -1.81933052 -1.69455887 -1.57591828 -1.47748349 -1.39439944 
6.57933225e-01 -1.81933052 -1.69455887 -1.57591828 -1.47748349 -1.39439944 
5.33669923e-01 -1.81933052 -1.69455887 -1.57591828 -1.47748349 -1.39439944 
4.32876128e-01 -1.81933052 -1.69455887 -1.57591828 -1.47748349 -1.39439944 
3.51119173e-01 -1.81933052 -1.69455887 -1.57591828 -1.47748349 -1.39439944 
2.84803587e-01 -1.81933052 -1.69455887 -1.57591828 -1.47748349 -1.39439944 
2.31012970e-01 -1.81933052 -1.69455887 -1.57591828 -1.47748349 -1.39439944 
1.87381742e-01 -1.81933052 -1.69455887 -1.57591828 -1.47748349 -1.39439944 
1.51991108e-01 -1.81933052 -1.69455887 -1.57591828 -1.47748349 -1.39439944 
1.23284674e-01 -1.81933052 -1.69455887 -1.57591828 -1.47748349 -1.39439944 
1.00000000e-01 -1.81933052 -1.69455887 -1.57591828 -1.47748349 -1.39439944 
8.11130831e-02 -1.81933052 -1.69455887 -1.57591828 -1.47748349 -1.39439944 
6.57933225e-02 -1.81933052 -1.69455887 -1.57591828 -1.47748349 -1.39439944 
5.33669923e-02 -1.81933052 -1.69455887 -1.57591828 -1.47748349 -1.39439944 
4.32876128e-02 -1.81933052 -1.69455887 -1.57591828 -1.47748349 -1.39439944 
3.51119173e-02 -1.81933052 -1.69455887 -1.57591828 -1.47748349 -1.39439944 
2.84803587e-02 -1.81933052 -1.69455887 -1.57591828 -1.47748349 -1.39439944 
2.31012970e-02 -1.81933052 -1.69455887 -1.57591828 -1.47748349 -1.39439944 
1.87381742e-02 -1.81933052 -1.69455887 -1.57591828 -1.47748349 -1.39439944 
1.51991108e-02 -1.81933052 -1.69455887 -1.57591828 -1.47748349 -1.39439944 
1.23284674e-02 -1.81933052 -1.69455887 -1.57591828 -1.47748349 -1.39439944 
1.00000000e-02 -1.81933052 -1.69455887 -1.57591828 -1.47748349 -1.39439944 
8.11130831e-03 -1.81933052 -1.69455887 -1.57591828 -1.47748349 -1.39439944 
6.57933225e-03 -1.81933052 -1.69455887 -1.57591828 -1.47748349 -1.39439944 
5.33669923e-03 -1.81933052 -1.69455887 -1.57591828 -1.47748349 -1.39439944 
4.32876128e-03 -1.81933052 -1.69455887 -1.57591828 -1.47748349 -1.39439944 
3.51119173e-03 -1.81933052 -1.69455887 -1.57591828 -1.47748349 -1.39439944 
2.84803587e-03 -1.81933052 -1.69455887 -1.57591828 -1.47748349 -1.39439944 
2.31012970e-03 -1.81933052 -1.69455887 -1.57591828 -1.47748349 -1.39439944 
1.87381742e-03 -1.81933052 -1.69455887 -1.57591828 -1.47748349 -1.39439944 
1.51991108e-03 -1.81933052 -1.69455887 -1.57591828 -1.47748349 -1.39439944 
1.23284674e-03 -1.81933052 -1.69455887 -1.57591828 -1.47748349 -1.39439944 
1.00000000e-03 -1.81933052 -1.69455887 -1.57591828 -1.47748349 -1.39439944 
8.11130831e-04 -1.81933052 -1.69455887 -1.57591828 -1.47748349 -1.39439944 
6.57933225e-04 -1.81933052 -1.69455887 -1.57591828 -1.47748349 -1.39439944 
5.33669923e-04 -1.81933052 -1.69455887 -1.57591828 -1.47748349 -1.39439944 
4.32876128e-04 -1.81933052 -1.69455887 -1.57591828 -1.47748349 -1.39439944 
3.51119173e-04 -1.81933052 -1.69455887 -1.57591828 -1.47748349 -1.39439944 
2.84803587e-04 -1.81933052 -1.69455887 -1.57591828 -1.47748349 -1.39439944 
2.31012970e-04 -1.81933052 -1.69455887 -1.57591828 -1.47748349 -1.39439944 
1.87381742e-04 -1.81933052 -1.69455887 -1.57591828 -1.47748349 -1.39439944 
1.51991108e-04 -1.81933052 -1.69455887 -1.57591828 -1.47748349 -1.39439944 
1.23284674e-04 -1.81933052 -1.69455887 -1.57591828 -1.47748349 -1.39439944 
1.00000000e-04 -1.81933052 -1.69455887 -1.57591828 -1.47748349 -1.39439944 
8.11130831e-05 -1.81933052 -1.69455887 -1.57591828 -1.47748349 -1.39439944 
6.57933225e-05 -1.81933052 -1.69455887 -1.57591828 -1.47748349 -1.39439944 
5.33669923e-05 -1.81933052 -1.69455887 -1.57591828 -1.47748349 -1.39439944 
4.32876128e-05 -1.81933052 -1.69455887 -1.57591828 -1.47748349 -1.39439944 
3.51119173e-05 -1.81933052 -1.69455887 -1.57591828 -1.47748349 -1.39439944 
2.84803587e-05 -1.81933052 -1.69455887 -1.57591828 -1.47748349 -1.39439944 
2.31012970e-05 -1.81933052 -1.69455887 -1.57591828 -1.47748349 -1.39439944 
1.87381742e-05 -1.81933052 -1.69455887 -1.57591828 -1.47748349 -1.39439944 
1.51991108e-05 -1.81933052 -1.69455887 -1.57591828 -1.47748349 -1.39439944 
1.23284674e-05 -1.81933052 -1.69455887 -1.57591828 -1.47748349 -1.39439944 
1.00000000e-05 -1.81933052 -1.69455887 -1.57591828 -1.47748349 -1.39439944 
8.11130831e-06 -1.81933052 -1.69455887 -1.57591828 -1.47748349 -1.39439944 
6.57933225e-06 -1.81933052 -1.69455887 -1.57591828 -1.47748349 -1.39439944 
5.33669923e-06 -1.81933052 -1.69455887 -1.57591828 -1.47748349 -1.39439944 
4.32876128e-06 -1.81933052 -1.69455887 -1.57591828 -1.47748349 -1.39439944 
3.51119173e-06 -1.81933052 -1.69455887 -1.57591828 -1.47748349 -1.39439944 
2.84803587e-06 -1.81933052 -1.69455887 -1.57591828 -1.47748349 -1.39439944 
2.31012970e-06 -1.81933052 -1.69455887 -1.57591828 -1.47748349 -1.39439944 
1.87381742e-06 -1.81933052 -1.69455887 -1.57591828 -1.47748349 -1.39439944 
1.51991108e-06 -1.81933052 -1.69455887 -1.57591828 -1.47748349 -1.39439944 
1.23284674e-06 -1.81933052 -1.69455887 -1.57591828 -1.47748349 -1.39439944 
1.00000000e-06 -1.81933052 -1.69455887 -1.57591828 -1.47748349 -1.39439944 
8.11130831e-07 -1.81933052 -1.69455887 -1.57591828 -1.47748349 -1.39439944 
6.57933225e-07 -1.81933052 -1.69455887 -1.57591828 -1.47748349 -1.39439944 
5.33669923e-07 -1.81933052 -1.69455887 -1.57591828 -1.47748349 -1.39439944 
4.32876128e-07 -1.81933052 -1.69455887 -1.57591828 -1.47748349 -1.39439944 
3.51119173e-07 -1.81933052 -1.69455887 -1.57591828 -1.47748349 -1.39439944 
2.84803587e-07 -1.81933052 -1.69455887 -1.57591828 -1.47748349 -1.39439944 
2.31012970e-07 -1.81933052 -1.69455887 -1.57591828 -1.47748349 -1.39439944 
1.87381742e-07 -1.81933052 -1.69455887 -1.57591828 -1.47748349 -1.39439944 
1.51991108e-07 -1.81933052 -1.69455887 -1.57591828 -1.47748349 -1.39439944 
1.23284674e-07 -1.81933052 -1.69455887 -1.57591828 -1.47748349 -1.39439944 
1.00000000e-07 -1.81933052 -1.69455887 -1.57591828 -1.47748349 -1.39439944 
P (bar) | log_CO2: -2σ | log_CO2: -1σ | log_CO2: median | log_CO2: +1σ | log_CO2: +2σ 
1.00000000e+02 -3.29500479 -3.11446294 -2.95487685 -2.80997275 -2.66851142 
8.11130831e+01 -3.29500479 -3.11446294 -2.95487685 -2.80997275 -2.66851142 
6.57933225e+01 -3.29500479 -3.11446294 -2.95487685 -2.80997275 -2.66851142 
5.33669923e+01 -3.29500479 -3.11446294 -2.95487685 -2.80997275 -2.66851142 
4.32876128e+01 -3.29500479 -3.11446294 -2.95487685 -2.80997275 -2.66851142 
3.51119173e+01 -3.29500479 -3.11446294 -2.95487685 -2.80997275 -2.66851142 
2.84803587e+01 -3.29500479 -3.11446294 -2.95487685 -2.80997275 -2.66851142 
2.31012970e+01 -3.29500479 -3.11446294 -2.95487685 -2.80997275 -2.66851142 
1.87381742e+01 -3.29500479 -3.11446294 -2.95487685 -2.80997275 -2.66851142 
1.51991108e+01 -3.29500479 -3.11446294 -2.95487685 -2.80997275 -2.66851142 
1.23284674e+01 -3.29500479 -3.11446294 -2.95487685 -2.80997275 -2.66851142 
1.00000000e+01 -3.29500479 -3.11446294 -2.95487685 -2.80997275 -2.66851142 
8.11130831e+00 -3.29500479 -3.11446294 -2.95487685 -2.80997275 -2.66851142 
6.57933225e+00 -3.29500479 -3.11446294 -2.95487685 -2.80997275 -2.66851142 
5.33669923e+00 -3.29500479 -3.11446294 -2.95487685 -2.80997275 -2.66851142 
4.32876128e+00 -3.29500479 -3.11446294 -2.95487685 -2.80997275 -2.66851142 
3.51119173e+00 -3.29500479 -3.11446294 -2.95487685 -2.80997275 -2.66851142 
2.84803587e+00 -3.29500479 -3.11446294 -2.95487685 -2.80997275 -2.66851142 
2.31012970e+00 -3.29500479 -3.11446294 -2.95487685 -2.80997275 -2.66851142 
1.87381742e+00 -3.29500479 -3.11446294 -2.95487685 -2.80997275 -2.66851142 
1.51991108e+00 -3.29500479 -3.11446294 -2.95487685 -2.80997275 -2.66851142 
1.23284674e+00 -3.29500479 -3.11446294 -2.95487685 -2.80997275 -2.66851142 
1.00000000e+00 -3.29500479 -3.11446294 -2.95487685 -2.80997275 -2.66851142 
8.11130831e-01 -3.29500479 -3.11446294 -2.95487685 -2.80997275 -2.66851142 
6.57933225e-01 -3.29500479 -3.11446294 -2.95487685 -2.80997275 -2.66851142 
5.33669923e-01 -3.29500479 -3.11446294 -2.95487685 -2.80997275 -2.66851142 
4.32876128e-01 -3.29500479 -3.11446294 -2.95487685 -2.80997275 -2.66851142 
3.51119173e-01 -3.29500479 -3.11446294 -2.95487685 -2.80997275 -2.66851142 
2.84803587e-01 -3.29500479 -3.11446294 -2.95487685 -2.80997275 -2.66851142 
2.31012970e-01 -3.29500479 -3.11446294 -2.95487685 -2.80997275 -2.66851142 
1.87381742e-01 -3.29500479 -3.11446294 -2.95487685 -2.80997275 -2.66851142 
1.51991108e-01 -3.29500479 -3.11446294 -2.95487685 -2.80997275 -2.66851142 
1.23284674e-01 -3.29500479 -3.11446294 -2.95487685 -2.80997275 -2.66851142 
1.00000000e-01 -3.29500479 -3.11446294 -2.95487685 -2.80997275 -2.66851142 
8.11130831e-02 -3.29500479 -3.11446294 -2.95487685 -2.80997275 -2.66851142 
6.57933225e-02 -3.29500479 -3.11446294 -2.95487685 -2.80997275 -2.66851142 
5.33669923e-02 -3.29500479 -3.11446294 -2.95487685 -2.80997275 -2.66851142 
4.32876128e-02 -3.29500479 -3.11446294 -2.95487685 -2.80997275 -2.66851142 
3.51119173e-02 -3.29500479 -3.11446294 -2.95487685 -2.80997275 -2.66851142 
2.84803587e-02 -3.29500479 -3.11446294 -2.95487685 -2.80997275 -2.66851142 
2.31012970e-02 -3.29500479 -3.11446294 -2.95487685 -2.80997275 -2.66851142 
1.87381742e-02 -3.29500479 -3.11446294 -2.95487685 -2.80997275 -2.66851142 
1.51991108e-02 -3.29500479 -3.11446294 -2.95487685 -2.80997275 -2.66851142 
1.23284674e-02 -3.29500479 -3.11446294 -2.95487685 -2.80997275 -2.66851142 
1.00000000e-02 -3.29500479 -3.11446294 -2.95487685 -2.80997275 -2.66851142 
8.11130831e-03 -3.29500479 -3.11446294 -2.95487685 -2.80997275 -2.66851142 
6.57933225e-03 -3.29500479 -3.11446294 -2.95487685 -2.80997275 -2.66851142 
5.33669923e-03 -3.29500479 -3.11446294 -2.95487685 -2.80997275 -2.66851142 
4.32876128e-03 -3.29500479 -3.11446294 -2.95487685 -2.80997275 -2.66851142 
3.51119173e-03 -3.29500479 -3.11446294 -2.95487685 -2.80997275 -2.66851142 
2.84803587e-03 -3.29500479 -3.11446294 -2.95487685 -2.80997275 -2.66851142 
2.31012970e-03 -3.29500479 -3.11446294 -2.95487685 -2.80997275 -2.66851142 
1.87381742e-03 -3.29500479 -3.11446294 -2.95487685 -2.80997275 -2.66851142 
1.51991108e-03 -3.29500479 -3.11446294 -2.95487685 -2.80997275 -2.66851142 
1.23284674e-03 -3.29500479 -3.11446294 -2.95487685 -2.80997275 -2.66851142 
1.00000000e-03 -3.29500479 -3.11446294 -2.95487685 -2.80997275 -2.66851142 
8.11130831e-04 -3.29500479 -3.11446294 -2.95487685 -2.80997275 -2.66851142 
6.57933225e-04 -3.29500479 -3.11446294 -2.95487685 -2.80997275 -2.66851142 
5.33669923e-04 -3.29500479 -3.11446294 -2.95487685 -2.80997275 -2.66851142 
4.32876128e-04 -3.29500479 -3.11446294 -2.95487685 -2.80997275 -2.66851142 
3.51119173e-04 -3.29500479 -3.11446294 -2.95487685 -2.80997275 -2.66851142 
2.84803587e-04 -3.29500479 -3.11446294 -2.95487685 -2.80997275 -2.66851142 
2.31012970e-04 -3.29500479 -3.11446294 -2.95487685 -2.80997275 -2.66851142 
1.87381742e-04 -3.29500479 -3.11446294 -2.95487685 -2.80997275 -2.66851142 
1.51991108e-04 -3.29500479 -3.11446294 -2.95487685 -2.80997275 -2.66851142 
1.23284674e-04 -3.29500479 -3.11446294 -2.95487685 -2.80997275 -2.66851142 
1.00000000e-04 -3.29500479 -3.11446294 -2.95487685 -2.80997275 -2.66851142 
8.11130831e-05 -3.29500479 -3.11446294 -2.95487685 -2.80997275 -2.66851142 
6.57933225e-05 -3.29500479 -3.11446294 -2.95487685 -2.80997275 -2.66851142 
5.33669923e-05 -3.29500479 -3.11446294 -2.95487685 -2.80997275 -2.66851142 
4.32876128e-05 -3.29500479 -3.11446294 -2.95487685 -2.80997275 -2.66851142 
3.51119173e-05 -3.29500479 -3.11446294 -2.95487685 -2.80997275 -2.66851142 
2.84803587e-05 -3.29500479 -3.11446294 -2.95487685 -2.80997275 -2.66851142 
2.31012970e-05 -3.29500479 -3.11446294 -2.95487685 -2.80997275 -2.66851142 
1.87381742e-05 -3.29500479 -3.11446294 -2.95487685 -2.80997275 -2.66851142 
1.51991108e-05 -3.29500479 -3.11446294 -2.95487685 -2.80997275 -2.66851142 
1.23284674e-05 -3.29500479 -3.11446294 -2.95487685 -2.80997275 -2.66851142 
1.00000000e-05 -3.29500479 -3.11446294 -2.95487685 -2.80997275 -2.66851142 
8.11130831e-06 -3.29500479 -3.11446294 -2.95487685 -2.80997275 -2.66851142 
6.57933225e-06 -3.29500479 -3.11446294 -2.95487685 -2.80997275 -2.66851142 
5.33669923e-06 -3.29500479 -3.11446294 -2.95487685 -2.80997275 -2.66851142 
4.32876128e-06 -3.29500479 -3.11446294 -2.95487685 -2.80997275 -2.66851142 
3.51119173e-06 -3.29500479 -3.11446294 -2.95487685 -2.80997275 -2.66851142 
2.84803587e-06 -3.29500479 -3.11446294 -2.95487685 -2.80997275 -2.66851142 
2.31012970e-06 -3.29500479 -3.11446294 -2.95487685 -2.80997275 -2.66851142 
1.87381742e-06 -3.29500479 -3.11446294 -2.95487685 -2.80997275 -2.66851142 
1.51991108e-06 -3.29500479 -3.11446294 -2.95487685 -2.80997275 -2.66851142 
1.23284674e-06 -3.29500479 -3.11446294 -2.95487685 -2.80997275 -2.66851142 
1.00000000e-06 -3.29500479 -3.11446294 -2.95487685 -2.80997275 -2.66851142 
8.11130831e-07 -3.29500479 -3.11446294 -2.95487685 -2.80997275 -2.66851142 
6.57933225e-07 -3.29500479 -3.11446294 -2.95487685 -2.80997275 -2.66851142 
5.33669923e-07 -3.29500479 -3.11446294 -2.95487685 -2.80997275 -2.66851142 
4.32876128e-07 -3.29500479 -3.11446294 -2.95487685 -2.80997275 -2.66851142 
3.51119173e-07 -3.29500479 -3.11446294 -2.95487685 -2.80997275 -2.66851142 
2.84803587e-07 -3.29500479 -3.11446294 -2.95487685 -2.80997275 -2.66851142 
2.31012970e-07 -3.29500479 -3.11446294 -2.95487685 -2.80997275 -2.66851142 
1.87381742e-07 -3.29500479 -3.11446294 -2.95487685 -2.80997275 -2.66851142 
1.51991108e-07 -3.29500479 -3.11446294 -2.95487685 -2.80997275 -2.66851142 
1.23284674e-07 -3.29500479 -3.11446294 -2.95487685 -2.80997275 -2.66851142 
1.00000000e-07 -3.29500479 -3.11446294 -2.95487685 -2.80997275 -2.66851142 
P (bar) | log_SO2: -2σ | log_SO2: -1σ | log_SO2: median | log_SO2: +1σ | log_SO2: +2σ 
1.00000000e+02 -7.92287115 -7.52323949 -6.75384822 -6.20166154 -5.77785525 
8.11130831e+01 -7.92287115 -7.52323949 -6.75384822 -6.20166154 -5.77785525 
6.57933225e+01 -7.92287115 -7.52323949 -6.75384822 -6.20166154 -5.77785525 
5.33669923e+01 -7.92287115 -7.52323949 -6.75384822 -6.20166154 -5.77785525 
4.32876128e+01 -7.92287115 -7.52323949 -6.75384822 -6.20166154 -5.77785525 
3.51119173e+01 -7.92287115 -7.52323949 -6.75384822 -6.20166154 -5.77785525 
2.84803587e+01 -7.92287115 -7.52323949 -6.75384822 -6.20166154 -5.77785525 
2.31012970e+01 -7.92287115 -7.52323949 -6.75384822 -6.20166154 -5.77785525 
1.87381742e+01 -7.92287115 -7.52323949 -6.75384822 -6.20166154 -5.77785525 
1.51991108e+01 -7.92287115 -7.52323949 -6.75384822 -6.20166154 -5.77785525 
1.23284674e+01 -7.92287115 -7.52323949 -6.75384822 -6.20166154 -5.77785525 
1.00000000e+01 -7.92287115 -7.52323949 -6.75384822 -6.20166154 -5.77785525 
8.11130831e+00 -7.92287115 -7.52323949 -6.75384822 -6.20166154 -5.77785525 
6.57933225e+00 -7.92287115 -7.52323949 -6.75384822 -6.20166154 -5.77785525 
5.33669923e+00 -7.92287115 -7.52323949 -6.75384822 -6.20166154 -5.77785525 
4.32876128e+00 -7.92287115 -7.52323949 -6.75384822 -6.20166154 -5.77785525 
3.51119173e+00 -7.92287115 -7.52323949 -6.75384822 -6.20166154 -5.77785525 
2.84803587e+00 -7.92287115 -7.52323949 -6.75384822 -6.20166154 -5.77785525 
2.31012970e+00 -7.92287115 -7.52323949 -6.75384822 -6.20166154 -5.77785525 
1.87381742e+00 -7.92287115 -7.52323949 -6.75384822 -6.20166154 -5.77785525 
1.51991108e+00 -7.92287115 -7.52323949 -6.75384822 -6.20166154 -5.77785525 
1.23284674e+00 -7.92287115 -7.52323949 -6.75384822 -6.20166154 -5.77785525 
1.00000000e+00 -7.92287115 -7.52323949 -6.75384822 -6.20166154 -5.77785525 
8.11130831e-01 -7.92287115 -7.52323949 -6.75384822 -6.20166154 -5.77785525 
6.57933225e-01 -7.92287115 -7.52323949 -6.75384822 -6.20166154 -5.77785525 
5.33669923e-01 -7.92287115 -7.52323949 -6.75384822 -6.20166154 -5.77785525 
4.32876128e-01 -7.92287115 -7.52323949 -6.75384822 -6.20166154 -5.77785525 
3.51119173e-01 -7.92287115 -7.52323949 -6.75384822 -6.20166154 -5.77785525 
2.84803587e-01 -7.92287115 -7.52323949 -6.75384822 -6.20166154 -5.77785525 
2.31012970e-01 -7.92287115 -7.52323949 -6.75384822 -6.20166154 -5.77785525 
1.87381742e-01 -7.92287115 -7.52323949 -6.75384822 -6.20166154 -5.77785525 
1.51991108e-01 -7.92287115 -7.52323949 -6.75384822 -6.20166154 -5.77785525 
1.23284674e-01 -7.92287115 -7.52323949 -6.75384822 -6.20166154 -5.77785525 
1.00000000e-01 -7.92287115 -7.52323949 -6.75384822 -6.20166154 -5.77785525 
8.11130831e-02 -7.92287115 -7.52323949 -6.75384822 -6.20166154 -5.77785525 
6.57933225e-02 -7.92287115 -7.52323949 -6.75384822 -6.20166154 -5.77785525 
5.33669923e-02 -7.92287115 -7.52323949 -6.75384822 -6.20166154 -5.77785525 
4.32876128e-02 -7.92287115 -7.52323949 -6.75384822 -6.20166154 -5.77785525 
3.51119173e-02 -7.92287115 -7.52323949 -6.75384822 -6.20166154 -5.77785525 
2.84803587e-02 -7.92287115 -7.52323949 -6.75384822 -6.20166154 -5.77785525 
2.31012970e-02 -7.92287115 -7.52323949 -6.75384822 -6.20166154 -5.77785525 
1.87381742e-02 -7.92287115 -7.52323949 -6.75384822 -6.20166154 -5.77785525 
1.51991108e-02 -7.92287115 -7.52323949 -6.75384822 -6.20166154 -5.77785525 
1.23284674e-02 -7.92287115 -7.52323949 -6.75384822 -6.20166154 -5.77785525 
1.00000000e-02 -7.92287115 -7.52323949 -6.75384822 -6.20166154 -5.77785525 
8.11130831e-03 -7.92287115 -7.52323949 -6.75384822 -6.20166154 -5.77785525 
6.57933225e-03 -7.92287115 -7.52323949 -6.75384822 -6.20166154 -5.77785525 
5.33669923e-03 -7.92287115 -7.52323949 -6.75384822 -6.20166154 -5.77785525 
4.32876128e-03 -7.92287115 -7.52323949 -6.75384822 -6.20166154 -5.77785525 
3.51119173e-03 -7.92287115 -7.52323949 -6.75384822 -6.20166154 -5.77785525 
2.84803587e-03 -7.92287115 -7.52323949 -6.75384822 -6.20166154 -5.77785525 
2.31012970e-03 -7.92287115 -7.52323949 -6.75384822 -6.20166154 -5.77785525 
1.87381742e-03 -7.92287115 -7.52323949 -6.75384822 -6.20166154 -5.77785525 
1.51991108e-03 -7.92287115 -7.52323949 -6.75384822 -6.20166154 -5.77785525 
1.23284674e-03 -7.92287115 -7.52323949 -6.75384822 -6.20166154 -5.77785525 
1.00000000e-03 -7.92287115 -7.52323949 -6.75384822 -6.20166154 -5.77785525 
8.11130831e-04 -7.92287115 -7.52323949 -6.75384822 -6.20166154 -5.77785525 
6.57933225e-04 -7.92287115 -7.52323949 -6.75384822 -6.20166154 -5.77785525 
5.33669923e-04 -7.92287115 -7.52323949 -6.75384822 -6.20166154 -5.77785525 
4.32876128e-04 -7.92287115 -7.52323949 -6.75384822 -6.20166154 -5.77785525 
3.51119173e-04 -7.92287115 -7.52323949 -6.75384822 -6.20166154 -5.77785525 
2.84803587e-04 -7.92287115 -7.52323949 -6.75384822 -6.20166154 -5.77785525 
2.31012970e-04 -7.92287115 -7.52323949 -6.75384822 -6.20166154 -5.77785525 
1.87381742e-04 -7.92287115 -7.52323949 -6.75384822 -6.20166154 -5.77785525 
1.51991108e-04 -7.92287115 -7.52323949 -6.75384822 -6.20166154 -5.77785525 
1.23284674e-04 -7.92287115 -7.52323949 -6.75384822 -6.20166154 -5.77785525 
1.00000000e-04 -7.92287115 -7.52323949 -6.75384822 -6.20166154 -5.77785525 
8.11130831e-05 -7.92287115 -7.52323949 -6.75384822 -6.20166154 -5.77785525 
6.57933225e-05 -7.92287115 -7.52323949 -6.75384822 -6.20166154 -5.77785525 
5.33669923e-05 -7.92287115 -7.52323949 -6.75384822 -6.20166154 -5.77785525 
4.32876128e-05 -7.92287115 -7.52323949 -6.75384822 -6.20166154 -5.77785525 
3.51119173e-05 -7.92287115 -7.52323949 -6.75384822 -6.20166154 -5.77785525 
2.84803587e-05 -7.92287115 -7.52323949 -6.75384822 -6.20166154 -5.77785525 
2.31012970e-05 -7.92287115 -7.52323949 -6.75384822 -6.20166154 -5.77785525 
1.87381742e-05 -7.92287115 -7.52323949 -6.75384822 -6.20166154 -5.77785525 
1.51991108e-05 -7.92287115 -7.52323949 -6.75384822 -6.20166154 -5.77785525 
1.23284674e-05 -7.92287115 -7.52323949 -6.75384822 -6.20166154 -5.77785525 
1.00000000e-05 -7.92287115 -7.52323949 -6.75384822 -6.20166154 -5.77785525 
8.11130831e-06 -7.92287115 -7.52323949 -6.75384822 -6.20166154 -5.77785525 
6.57933225e-06 -7.92287115 -7.52323949 -6.75384822 -6.20166154 -5.77785525 
5.33669923e-06 -7.92287115 -7.52323949 -6.75384822 -6.20166154 -5.77785525 
4.32876128e-06 -7.92287115 -7.52323949 -6.75384822 -6.20166154 -5.77785525 
3.51119173e-06 -7.92287115 -7.52323949 -6.75384822 -6.20166154 -5.77785525 
2.84803587e-06 -7.92287115 -7.52323949 -6.75384822 -6.20166154 -5.77785525 
2.31012970e-06 -7.92287115 -7.52323949 -6.75384822 -6.20166154 -5.77785525 
1.87381742e-06 -7.92287115 -7.52323949 -6.75384822 -6.20166154 -5.77785525 
1.51991108e-06 -7.92287115 -7.52323949 -6.75384822 -6.20166154 -5.77785525 
1.23284674e-06 -7.92287115 -7.52323949 -6.75384822 -6.20166154 -5.77785525 
1.00000000e-06 -7.92287115 -7.52323949 -6.75384822 -6.20166154 -5.77785525 
8.11130831e-07 -7.92287115 -7.52323949 -6.75384822 -6.20166154 -5.77785525 
6.57933225e-07 -7.92287115 -7.52323949 -6.75384822 -6.20166154 -5.77785525 
5.33669923e-07 -7.92287115 -7.52323949 -6.75384822 -6.20166154 -5.77785525 
4.32876128e-07 -7.92287115 -7.52323949 -6.75384822 -6.20166154 -5.77785525 
3.51119173e-07 -7.92287115 -7.52323949 -6.75384822 -6.20166154 -5.77785525 
2.84803587e-07 -7.92287115 -7.52323949 -6.75384822 -6.20166154 -5.77785525 
2.31012970e-07 -7.92287115 -7.52323949 -6.75384822 -6.20166154 -5.77785525 
1.87381742e-07 -7.92287115 -7.52323949 -6.75384822 -6.20166154 -5.77785525 
1.51991108e-07 -7.92287115 -7.52323949 -6.75384822 -6.20166154 -5.77785525 
1.23284674e-07 -7.92287115 -7.52323949 -6.75384822 -6.20166154 -5.77785525 
1.00000000e-07 -7.92287115 -7.52323949 -6.75384822 -6.20166154 -5.77785525 
P (bar) | log_K: -2σ | log_K: -1σ | log_K: median | log_K: +1σ | log_K: +2σ 
1.00000000e+02 -6.74032487 -6.52640016 -6.30649950 -6.13745211 -6.02446541 
8.11130831e+01 -6.74032487 -6.52640016 -6.30649950 -6.13745211 -6.02446541 
6.57933225e+01 -6.74032487 -6.52640016 -6.30649950 -6.13745211 -6.02446541 
5.33669923e+01 -6.74032487 -6.52640016 -6.30649950 -6.13745211 -6.02446541 
4.32876128e+01 -6.74032487 -6.52640016 -6.30649950 -6.13745211 -6.02446541 
3.51119173e+01 -6.74032487 -6.52640016 -6.30649950 -6.13745211 -6.02446541 
2.84803587e+01 -6.74032487 -6.52640016 -6.30649950 -6.13745211 -6.02446541 
2.31012970e+01 -6.74032487 -6.52640016 -6.30649950 -6.13745211 -6.02446541 
1.87381742e+01 -6.74032487 -6.52640016 -6.30649950 -6.13745211 -6.02446541 
1.51991108e+01 -6.74032487 -6.52640016 -6.30649950 -6.13745211 -6.02446541 
1.23284674e+01 -6.74032487 -6.52640016 -6.30649950 -6.13745211 -6.02446541 
1.00000000e+01 -6.74032487 -6.52640016 -6.30649950 -6.13745211 -6.02446541 
8.11130831e+00 -6.74032487 -6.52640016 -6.30649950 -6.13745211 -6.02446541 
6.57933225e+00 -6.74032487 -6.52640016 -6.30649950 -6.13745211 -6.02446541 
5.33669923e+00 -6.74032487 -6.52640016 -6.30649950 -6.13745211 -6.02446541 
4.32876128e+00 -6.74032487 -6.52640016 -6.30649950 -6.13745211 -6.02446541 
3.51119173e+00 -6.74032487 -6.52640016 -6.30649950 -6.13745211 -6.02446541 
2.84803587e+00 -6.74032487 -6.52640016 -6.30649950 -6.13745211 -6.02446541 
2.31012970e+00 -6.74032487 -6.52640016 -6.30649950 -6.13745211 -6.02446541 
1.87381742e+00 -6.74032487 -6.52640016 -6.30649950 -6.13745211 -6.02446541 
1.51991108e+00 -6.74032487 -6.52640016 -6.30649950 -6.13745211 -6.02446541 
1.23284674e+00 -6.74032487 -6.52640016 -6.30649950 -6.13745211 -6.02446541 
1.00000000e+00 -6.74032487 -6.52640016 -6.30649950 -6.13745211 -6.02446541 
8.11130831e-01 -6.74032487 -6.52640016 -6.30649950 -6.13745211 -6.02446541 
6.57933225e-01 -6.74032487 -6.52640016 -6.30649950 -6.13745211 -6.02446541 
5.33669923e-01 -6.74032487 -6.52640016 -6.30649950 -6.13745211 -6.02446541 
4.32876128e-01 -6.74032487 -6.52640016 -6.30649950 -6.13745211 -6.02446541 
3.51119173e-01 -6.74032487 -6.52640016 -6.30649950 -6.13745211 -6.02446541 
2.84803587e-01 -6.74032487 -6.52640016 -6.30649950 -6.13745211 -6.02446541 
2.31012970e-01 -6.74032487 -6.52640016 -6.30649950 -6.13745211 -6.02446541 
1.87381742e-01 -6.74032487 -6.52640016 -6.30649950 -6.13745211 -6.02446541 
1.51991108e-01 -6.74032487 -6.52640016 -6.30649950 -6.13745211 -6.02446541 
1.23284674e-01 -6.74032487 -6.52640016 -6.30649950 -6.13745211 -6.02446541 
1.00000000e-01 -6.74032487 -6.52640016 -6.30649950 -6.13745211 -6.02446541 
8.11130831e-02 -6.74032487 -6.52640016 -6.30649950 -6.13745211 -6.02446541 
6.57933225e-02 -6.74032487 -6.52640016 -6.30649950 -6.13745211 -6.02446541 
5.33669923e-02 -6.74032487 -6.52640016 -6.30649950 -6.13745211 -6.02446541 
4.32876128e-02 -6.74032487 -6.52640016 -6.30649950 -6.13745211 -6.02446541 
3.51119173e-02 -6.74032487 -6.52640016 -6.30649950 -6.13745211 -6.02446541 
2.84803587e-02 -6.74032487 -6.52640016 -6.30649950 -6.13745211 -6.02446541 
2.31012970e-02 -6.74032487 -6.52640016 -6.30649950 -6.13745211 -6.02446541 
1.87381742e-02 -6.74032487 -6.52640016 -6.30649950 -6.13745211 -6.02446541 
1.51991108e-02 -6.74032487 -6.52640016 -6.30649950 -6.13745211 -6.02446541 
1.23284674e-02 -6.74032487 -6.52640016 -6.30649950 -6.13745211 -6.02446541 
1.00000000e-02 -6.74032487 -6.52640016 -6.30649950 -6.13745211 -6.02446541 
8.11130831e-03 -6.74032487 -6.52640016 -6.30649950 -6.13745211 -6.02446541 
6.57933225e-03 -6.74032487 -6.52640016 -6.30649950 -6.13745211 -6.02446541 
5.33669923e-03 -6.74032487 -6.52640016 -6.30649950 -6.13745211 -6.02446541 
4.32876128e-03 -6.74032487 -6.52640016 -6.30649950 -6.13745211 -6.02446541 
3.51119173e-03 -6.74032487 -6.52640016 -6.30649950 -6.13745211 -6.02446541 
2.84803587e-03 -6.74032487 -6.52640016 -6.30649950 -6.13745211 -6.02446541 
2.31012970e-03 -6.74032487 -6.52640016 -6.30649950 -6.13745211 -6.02446541 
1.87381742e-03 -6.74032487 -6.52640016 -6.30649950 -6.13745211 -6.02446541 
1.51991108e-03 -6.74032487 -6.52640016 -6.30649950 -6.13745211 -6.02446541 
1.23284674e-03 -6.74032487 -6.52640016 -6.30649950 -6.13745211 -6.02446541 
1.00000000e-03 -6.74032487 -6.52640016 -6.30649950 -6.13745211 -6.02446541 
8.11130831e-04 -6.74032487 -6.52640016 -6.30649950 -6.13745211 -6.02446541 
6.57933225e-04 -6.74032487 -6.52640016 -6.30649950 -6.13745211 -6.02446541 
5.33669923e-04 -6.74032487 -6.52640016 -6.30649950 -6.13745211 -6.02446541 
4.32876128e-04 -6.74032487 -6.52640016 -6.30649950 -6.13745211 -6.02446541 
3.51119173e-04 -6.74032487 -6.52640016 -6.30649950 -6.13745211 -6.02446541 
2.84803587e-04 -6.74032487 -6.52640016 -6.30649950 -6.13745211 -6.02446541 
2.31012970e-04 -6.74032487 -6.52640016 -6.30649950 -6.13745211 -6.02446541 
1.87381742e-04 -6.74032487 -6.52640016 -6.30649950 -6.13745211 -6.02446541 
1.51991108e-04 -6.74032487 -6.52640016 -6.30649950 -6.13745211 -6.02446541 
1.23284674e-04 -6.74032487 -6.52640016 -6.30649950 -6.13745211 -6.02446541 
1.00000000e-04 -6.74032487 -6.52640016 -6.30649950 -6.13745211 -6.02446541 
8.11130831e-05 -6.74032487 -6.52640016 -6.30649950 -6.13745211 -6.02446541 
6.57933225e-05 -6.74032487 -6.52640016 -6.30649950 -6.13745211 -6.02446541 
5.33669923e-05 -6.74032487 -6.52640016 -6.30649950 -6.13745211 -6.02446541 
4.32876128e-05 -6.74032487 -6.52640016 -6.30649950 -6.13745211 -6.02446541 
3.51119173e-05 -6.74032487 -6.52640016 -6.30649950 -6.13745211 -6.02446541 
2.84803587e-05 -6.74032487 -6.52640016 -6.30649950 -6.13745211 -6.02446541 
2.31012970e-05 -6.74032487 -6.52640016 -6.30649950 -6.13745211 -6.02446541 
1.87381742e-05 -6.74032487 -6.52640016 -6.30649950 -6.13745211 -6.02446541 
1.51991108e-05 -6.74032487 -6.52640016 -6.30649950 -6.13745211 -6.02446541 
1.23284674e-05 -6.74032487 -6.52640016 -6.30649950 -6.13745211 -6.02446541 
1.00000000e-05 -6.74032487 -6.52640016 -6.30649950 -6.13745211 -6.02446541 
8.11130831e-06 -6.74032487 -6.52640016 -6.30649950 -6.13745211 -6.02446541 
6.57933225e-06 -6.74032487 -6.52640016 -6.30649950 -6.13745211 -6.02446541 
5.33669923e-06 -6.74032487 -6.52640016 -6.30649950 -6.13745211 -6.02446541 
4.32876128e-06 -6.74032487 -6.52640016 -6.30649950 -6.13745211 -6.02446541 
3.51119173e-06 -6.74032487 -6.52640016 -6.30649950 -6.13745211 -6.02446541 
2.84803587e-06 -6.74032487 -6.52640016 -6.30649950 -6.13745211 -6.02446541 
2.31012970e-06 -6.74032487 -6.52640016 -6.30649950 -6.13745211 -6.02446541 
1.87381742e-06 -6.74032487 -6.52640016 -6.30649950 -6.13745211 -6.02446541 
1.51991108e-06 -6.74032487 -6.52640016 -6.30649950 -6.13745211 -6.02446541 
1.23284674e-06 -6.74032487 -6.52640016 -6.30649950 -6.13745211 -6.02446541 
1.00000000e-06 -6.74032487 -6.52640016 -6.30649950 -6.13745211 -6.02446541 
8.11130831e-07 -6.74032487 -6.52640016 -6.30649950 -6.13745211 -6.02446541 
6.57933225e-07 -6.74032487 -6.52640016 -6.30649950 -6.13745211 -6.02446541 
5.33669923e-07 -6.74032487 -6.52640016 -6.30649950 -6.13745211 -6.02446541 
4.32876128e-07 -6.74032487 -6.52640016 -6.30649950 -6.13745211 -6.02446541 
3.51119173e-07 -6.74032487 -6.52640016 -6.30649950 -6.13745211 -6.02446541 
2.84803587e-07 -6.74032487 -6.52640016 -6.30649950 -6.13745211 -6.02446541 
2.31012970e-07 -6.74032487 -6.52640016 -6.30649950 -6.13745211 -6.02446541 
1.87381742e-07 -6.74032487 -6.52640016 -6.30649950 -6.13745211 -6.02446541 
1.51991108e-07 -6.74032487 -6.52640016 -6.30649950 -6.13745211 -6.02446541 
1.23284674e-07 -6.74032487 -6.52640016 -6.30649950 -6.13745211 -6.02446541 
1.00000000e-07 -6.74032487 -6.52640016 -6.30649950 -6.13745211 -6.02446541 
P (bar) | log_CO: -2σ | log_CO: -1σ | log_CO: median | log_CO: +1σ | log_CO: +2σ 
1.00000000e+02 -2.86050434 -2.46761887 -2.11775517 -1.89249848 -1.73184639 
8.11130831e+01 -2.86050434 -2.46761887 -2.11775517 -1.89249848 -1.73184639 
6.57933225e+01 -2.86050434 -2.46761887 -2.11775517 -1.89249848 -1.73184639 
5.33669923e+01 -2.86050434 -2.46761887 -2.11775517 -1.89249848 -1.73184639 
4.32876128e+01 -2.86050434 -2.46761887 -2.11775517 -1.89249848 -1.73184639 
3.51119173e+01 -2.86050434 -2.46761887 -2.11775517 -1.89249848 -1.73184639 
2.84803587e+01 -2.86050434 -2.46761887 -2.11775517 -1.89249848 -1.73184639 
2.31012970e+01 -2.86050434 -2.46761887 -2.11775517 -1.89249848 -1.73184639 
1.87381742e+01 -2.86050434 -2.46761887 -2.11775517 -1.89249848 -1.73184639 
1.51991108e+01 -2.86050434 -2.46761887 -2.11775517 -1.89249848 -1.73184639 
1.23284674e+01 -2.86050434 -2.46761887 -2.11775517 -1.89249848 -1.73184639 
1.00000000e+01 -2.86050434 -2.46761887 -2.11775517 -1.89249848 -1.73184639 
8.11130831e+00 -2.86050434 -2.46761887 -2.11775517 -1.89249848 -1.73184639 
6.57933225e+00 -2.86050434 -2.46761887 -2.11775517 -1.89249848 -1.73184639 
5.33669923e+00 -2.86050434 -2.46761887 -2.11775517 -1.89249848 -1.73184639 
4.32876128e+00 -2.86050434 -2.46761887 -2.11775517 -1.89249848 -1.73184639 
3.51119173e+00 -2.86050434 -2.46761887 -2.11775517 -1.89249848 -1.73184639 
2.84803587e+00 -2.86050434 -2.46761887 -2.11775517 -1.89249848 -1.73184639 
2.31012970e+00 -2.86050434 -2.46761887 -2.11775517 -1.89249848 -1.73184639 
1.87381742e+00 -2.86050434 -2.46761887 -2.11775517 -1.89249848 -1.73184639 
1.51991108e+00 -2.86050434 -2.46761887 -2.11775517 -1.89249848 -1.73184639 
1.23284674e+00 -2.86050434 -2.46761887 -2.11775517 -1.89249848 -1.73184639 
1.00000000e+00 -2.86050434 -2.46761887 -2.11775517 -1.89249848 -1.73184639 
8.11130831e-01 -2.86050434 -2.46761887 -2.11775517 -1.89249848 -1.73184639 
6.57933225e-01 -2.86050434 -2.46761887 -2.11775517 -1.89249848 -1.73184639 
5.33669923e-01 -2.86050434 -2.46761887 -2.11775517 -1.89249848 -1.73184639 
4.32876128e-01 -2.86050434 -2.46761887 -2.11775517 -1.89249848 -1.73184639 
3.51119173e-01 -2.86050434 -2.46761887 -2.11775517 -1.89249848 -1.73184639 
2.84803587e-01 -2.86050434 -2.46761887 -2.11775517 -1.89249848 -1.73184639 
2.31012970e-01 -2.86050434 -2.46761887 -2.11775517 -1.89249848 -1.73184639 
1.87381742e-01 -2.86050434 -2.46761887 -2.11775517 -1.89249848 -1.73184639 
1.51991108e-01 -2.86050434 -2.46761887 -2.11775517 -1.89249848 -1.73184639 
1.23284674e-01 -2.86050434 -2.46761887 -2.11775517 -1.89249848 -1.73184639 
1.00000000e-01 -2.86050434 -2.46761887 -2.11775517 -1.89249848 -1.73184639 
8.11130831e-02 -2.86050434 -2.46761887 -2.11775517 -1.89249848 -1.73184639 
6.57933225e-02 -2.86050434 -2.46761887 -2.11775517 -1.89249848 -1.73184639 
5.33669923e-02 -2.86050434 -2.46761887 -2.11775517 -1.89249848 -1.73184639 
4.32876128e-02 -2.86050434 -2.46761887 -2.11775517 -1.89249848 -1.73184639 
3.51119173e-02 -2.86050434 -2.46761887 -2.11775517 -1.89249848 -1.73184639 
2.84803587e-02 -2.86050434 -2.46761887 -2.11775517 -1.89249848 -1.73184639 
2.31012970e-02 -2.86050434 -2.46761887 -2.11775517 -1.89249848 -1.73184639 
1.87381742e-02 -2.86050434 -2.46761887 -2.11775517 -1.89249848 -1.73184639 
1.51991108e-02 -2.86050434 -2.46761887 -2.11775517 -1.89249848 -1.73184639 
1.23284674e-02 -2.86050434 -2.46761887 -2.11775517 -1.89249848 -1.73184639 
1.00000000e-02 -2.86050434 -2.46761887 -2.11775517 -1.89249848 -1.73184639 
8.11130831e-03 -2.86050434 -2.46761887 -2.11775517 -1.89249848 -1.73184639 
6.57933225e-03 -2.86050434 -2.46761887 -2.11775517 -1.89249848 -1.73184639 
5.33669923e-03 -2.86050434 -2.46761887 -2.11775517 -1.89249848 -1.73184639 
4.32876128e-03 -2.86050434 -2.46761887 -2.11775517 -1.89249848 -1.73184639 
3.51119173e-03 -2.86050434 -2.46761887 -2.11775517 -1.89249848 -1.73184639 
2.84803587e-03 -2.86050434 -2.46761887 -2.11775517 -1.89249848 -1.73184639 
2.31012970e-03 -2.86050434 -2.46761887 -2.11775517 -1.89249848 -1.73184639 
1.87381742e-03 -2.86050434 -2.46761887 -2.11775517 -1.89249848 -1.73184639 
1.51991108e-03 -2.86050434 -2.46761887 -2.11775517 -1.89249848 -1.73184639 
1.23284674e-03 -2.86050434 -2.46761887 -2.11775517 -1.89249848 -1.73184639 
1.00000000e-03 -2.86050434 -2.46761887 -2.11775517 -1.89249848 -1.73184639 
8.11130831e-04 -2.86050434 -2.46761887 -2.11775517 -1.89249848 -1.73184639 
6.57933225e-04 -2.86050434 -2.46761887 -2.11775517 -1.89249848 -1.73184639 
5.33669923e-04 -2.86050434 -2.46761887 -2.11775517 -1.89249848 -1.73184639 
4.32876128e-04 -2.86050434 -2.46761887 -2.11775517 -1.89249848 -1.73184639 
3.51119173e-04 -2.86050434 -2.46761887 -2.11775517 -1.89249848 -1.73184639 
2.84803587e-04 -2.86050434 -2.46761887 -2.11775517 -1.89249848 -1.73184639 
2.31012970e-04 -2.86050434 -2.46761887 -2.11775517 -1.89249848 -1.73184639 
1.87381742e-04 -2.86050434 -2.46761887 -2.11775517 -1.89249848 -1.73184639 
1.51991108e-04 -2.86050434 -2.46761887 -2.11775517 -1.89249848 -1.73184639 
1.23284674e-04 -2.86050434 -2.46761887 -2.11775517 -1.89249848 -1.73184639 
1.00000000e-04 -2.86050434 -2.46761887 -2.11775517 -1.89249848 -1.73184639 
8.11130831e-05 -2.86050434 -2.46761887 -2.11775517 -1.89249848 -1.73184639 
6.57933225e-05 -2.86050434 -2.46761887 -2.11775517 -1.89249848 -1.73184639 
5.33669923e-05 -2.86050434 -2.46761887 -2.11775517 -1.89249848 -1.73184639 
4.32876128e-05 -2.86050434 -2.46761887 -2.11775517 -1.89249848 -1.73184639 
3.51119173e-05 -2.86050434 -2.46761887 -2.11775517 -1.89249848 -1.73184639 
2.84803587e-05 -2.86050434 -2.46761887 -2.11775517 -1.89249848 -1.73184639 
2.31012970e-05 -2.86050434 -2.46761887 -2.11775517 -1.89249848 -1.73184639 
1.87381742e-05 -2.86050434 -2.46761887 -2.11775517 -1.89249848 -1.73184639 
1.51991108e-05 -2.86050434 -2.46761887 -2.11775517 -1.89249848 -1.73184639 
1.23284674e-05 -2.86050434 -2.46761887 -2.11775517 -1.89249848 -1.73184639 
1.00000000e-05 -2.86050434 -2.46761887 -2.11775517 -1.89249848 -1.73184639 
8.11130831e-06 -2.86050434 -2.46761887 -2.11775517 -1.89249848 -1.73184639 
6.57933225e-06 -2.86050434 -2.46761887 -2.11775517 -1.89249848 -1.73184639 
5.33669923e-06 -2.86050434 -2.46761887 -2.11775517 -1.89249848 -1.73184639 
4.32876128e-06 -2.86050434 -2.46761887 -2.11775517 -1.89249848 -1.73184639 
3.51119173e-06 -2.86050434 -2.46761887 -2.11775517 -1.89249848 -1.73184639 
2.84803587e-06 -2.86050434 -2.46761887 -2.11775517 -1.89249848 -1.73184639 
2.31012970e-06 -2.86050434 -2.46761887 -2.11775517 -1.89249848 -1.73184639 
1.87381742e-06 -2.86050434 -2.46761887 -2.11775517 -1.89249848 -1.73184639 
1.51991108e-06 -2.86050434 -2.46761887 -2.11775517 -1.89249848 -1.73184639 
1.23284674e-06 -2.86050434 -2.46761887 -2.11775517 -1.89249848 -1.73184639 
1.00000000e-06 -2.86050434 -2.46761887 -2.11775517 -1.89249848 -1.73184639 
8.11130831e-07 -2.86050434 -2.46761887 -2.11775517 -1.89249848 -1.73184639 
6.57933225e-07 -2.86050434 -2.46761887 -2.11775517 -1.89249848 -1.73184639 
5.33669923e-07 -2.86050434 -2.46761887 -2.11775517 -1.89249848 -1.73184639 
4.32876128e-07 -2.86050434 -2.46761887 -2.11775517 -1.89249848 -1.73184639 
3.51119173e-07 -2.86050434 -2.46761887 -2.11775517 -1.89249848 -1.73184639 
2.84803587e-07 -2.86050434 -2.46761887 -2.11775517 -1.89249848 -1.73184639 
2.31012970e-07 -2.86050434 -2.46761887 -2.11775517 -1.89249848 -1.73184639 
1.87381742e-07 -2.86050434 -2.46761887 -2.11775517 -1.89249848 -1.73184639 
1.51991108e-07 -2.86050434 -2.46761887 -2.11775517 -1.89249848 -1.73184639 
1.23284674e-07 -2.86050434 -2.46761887 -2.11775517 -1.89249848 -1.73184639 
1.00000000e-07 -2.86050434 -2.46761887 -2.11775517 -1.89249848 -1.73184639 
P (bar) | log_Na: -2σ | log_Na: -1σ | log_Na: median | log_Na: +1σ | log_Na: +2σ 
1.00000000e+02 -4.71398904 -4.51738274 -4.33132576 -4.18465076 -4.06101943 
8.11130831e+01 -4.71398904 -4.51738274 -4.33132576 -4.18465076 -4.06101943 
6.57933225e+01 -4.71398904 -4.51738274 -4.33132576 -4.18465076 -4.06101943 
5.33669923e+01 -4.71398904 -4.51738274 -4.33132576 -4.18465076 -4.06101943 
4.32876128e+01 -4.71398904 -4.51738274 -4.33132576 -4.18465076 -4.06101943 
3.51119173e+01 -4.71398904 -4.51738274 -4.33132576 -4.18465076 -4.06101943 
2.84803587e+01 -4.71398904 -4.51738274 -4.33132576 -4.18465076 -4.06101943 
2.31012970e+01 -4.71398904 -4.51738274 -4.33132576 -4.18465076 -4.06101943 
1.87381742e+01 -4.71398904 -4.51738274 -4.33132576 -4.18465076 -4.06101943 
1.51991108e+01 -4.71398904 -4.51738274 -4.33132576 -4.18465076 -4.06101943 
1.23284674e+01 -4.71398904 -4.51738274 -4.33132576 -4.18465076 -4.06101943 
1.00000000e+01 -4.71398904 -4.51738274 -4.33132576 -4.18465076 -4.06101943 
8.11130831e+00 -4.71398904 -4.51738274 -4.33132576 -4.18465076 -4.06101943 
6.57933225e+00 -4.71398904 -4.51738274 -4.33132576 -4.18465076 -4.06101943 
5.33669923e+00 -4.71398904 -4.51738274 -4.33132576 -4.18465076 -4.06101943 
4.32876128e+00 -4.71398904 -4.51738274 -4.33132576 -4.18465076 -4.06101943 
3.51119173e+00 -4.71398904 -4.51738274 -4.33132576 -4.18465076 -4.06101943 
2.84803587e+00 -4.71398904 -4.51738274 -4.33132576 -4.18465076 -4.06101943 
2.31012970e+00 -4.71398904 -4.51738274 -4.33132576 -4.18465076 -4.06101943 
1.87381742e+00 -4.71398904 -4.51738274 -4.33132576 -4.18465076 -4.06101943 
1.51991108e+00 -4.71398904 -4.51738274 -4.33132576 -4.18465076 -4.06101943 
1.23284674e+00 -4.71398904 -4.51738274 -4.33132576 -4.18465076 -4.06101943 
1.00000000e+00 -4.71398904 -4.51738274 -4.33132576 -4.18465076 -4.06101943 
8.11130831e-01 -4.71398904 -4.51738274 -4.33132576 -4.18465076 -4.06101943 
6.57933225e-01 -4.71398904 -4.51738274 -4.33132576 -4.18465076 -4.06101943 
5.33669923e-01 -4.71398904 -4.51738274 -4.33132576 -4.18465076 -4.06101943 
4.32876128e-01 -4.71398904 -4.51738274 -4.33132576 -4.18465076 -4.06101943 
3.51119173e-01 -4.71398904 -4.51738274 -4.33132576 -4.18465076 -4.06101943 
2.84803587e-01 -4.71398904 -4.51738274 -4.33132576 -4.18465076 -4.06101943 
2.31012970e-01 -4.71398904 -4.51738274 -4.33132576 -4.18465076 -4.06101943 
1.87381742e-01 -4.71398904 -4.51738274 -4.33132576 -4.18465076 -4.06101943 
1.51991108e-01 -4.71398904 -4.51738274 -4.33132576 -4.18465076 -4.06101943 
1.23284674e-01 -4.71398904 -4.51738274 -4.33132576 -4.18465076 -4.06101943 
1.00000000e-01 -4.71398904 -4.51738274 -4.33132576 -4.18465076 -4.06101943 
8.11130831e-02 -4.71398904 -4.51738274 -4.33132576 -4.18465076 -4.06101943 
6.57933225e-02 -4.71398904 -4.51738274 -4.33132576 -4.18465076 -4.06101943 
5.33669923e-02 -4.71398904 -4.51738274 -4.33132576 -4.18465076 -4.06101943 
4.32876128e-02 -4.71398904 -4.51738274 -4.33132576 -4.18465076 -4.06101943 
3.51119173e-02 -4.71398904 -4.51738274 -4.33132576 -4.18465076 -4.06101943 
2.84803587e-02 -4.71398904 -4.51738274 -4.33132576 -4.18465076 -4.06101943 
2.31012970e-02 -4.71398904 -4.51738274 -4.33132576 -4.18465076 -4.06101943 
1.87381742e-02 -4.71398904 -4.51738274 -4.33132576 -4.18465076 -4.06101943 
1.51991108e-02 -4.71398904 -4.51738274 -4.33132576 -4.18465076 -4.06101943 
1.23284674e-02 -4.71398904 -4.51738274 -4.33132576 -4.18465076 -4.06101943 
1.00000000e-02 -4.71398904 -4.51738274 -4.33132576 -4.18465076 -4.06101943 
8.11130831e-03 -4.71398904 -4.51738274 -4.33132576 -4.18465076 -4.06101943 
6.57933225e-03 -4.71398904 -4.51738274 -4.33132576 -4.18465076 -4.06101943 
5.33669923e-03 -4.71398904 -4.51738274 -4.33132576 -4.18465076 -4.06101943 
4.32876128e-03 -4.71398904 -4.51738274 -4.33132576 -4.18465076 -4.06101943 
3.51119173e-03 -4.71398904 -4.51738274 -4.33132576 -4.18465076 -4.06101943 
2.84803587e-03 -4.71398904 -4.51738274 -4.33132576 -4.18465076 -4.06101943 
2.31012970e-03 -4.71398904 -4.51738274 -4.33132576 -4.18465076 -4.06101943 
1.87381742e-03 -4.71398904 -4.51738274 -4.33132576 -4.18465076 -4.06101943 
1.51991108e-03 -4.71398904 -4.51738274 -4.33132576 -4.18465076 -4.06101943 
1.23284674e-03 -4.71398904 -4.51738274 -4.33132576 -4.18465076 -4.06101943 
1.00000000e-03 -4.71398904 -4.51738274 -4.33132576 -4.18465076 -4.06101943 
8.11130831e-04 -4.71398904 -4.51738274 -4.33132576 -4.18465076 -4.06101943 
6.57933225e-04 -4.71398904 -4.51738274 -4.33132576 -4.18465076 -4.06101943 
5.33669923e-04 -4.71398904 -4.51738274 -4.33132576 -4.18465076 -4.06101943 
4.32876128e-04 -4.71398904 -4.51738274 -4.33132576 -4.18465076 -4.06101943 
3.51119173e-04 -4.71398904 -4.51738274 -4.33132576 -4.18465076 -4.06101943 
2.84803587e-04 -4.71398904 -4.51738274 -4.33132576 -4.18465076 -4.06101943 
2.31012970e-04 -4.71398904 -4.51738274 -4.33132576 -4.18465076 -4.06101943 
1.87381742e-04 -4.71398904 -4.51738274 -4.33132576 -4.18465076 -4.06101943 
1.51991108e-04 -4.71398904 -4.51738274 -4.33132576 -4.18465076 -4.06101943 
1.23284674e-04 -4.71398904 -4.51738274 -4.33132576 -4.18465076 -4.06101943 
1.00000000e-04 -4.71398904 -4.51738274 -4.33132576 -4.18465076 -4.06101943 
8.11130831e-05 -4.71398904 -4.51738274 -4.33132576 -4.18465076 -4.06101943 
6.57933225e-05 -4.71398904 -4.51738274 -4.33132576 -4.18465076 -4.06101943 
5.33669923e-05 -4.71398904 -4.51738274 -4.33132576 -4.18465076 -4.06101943 
4.32876128e-05 -4.71398904 -4.51738274 -4.33132576 -4.18465076 -4.06101943 
3.51119173e-05 -4.71398904 -4.51738274 -4.33132576 -4.18465076 -4.06101943 
2.84803587e-05 -4.71398904 -4.51738274 -4.33132576 -4.18465076 -4.06101943 
2.31012970e-05 -4.71398904 -4.51738274 -4.33132576 -4.18465076 -4.06101943 
1.87381742e-05 -4.71398904 -4.51738274 -4.33132576 -4.18465076 -4.06101943 
1.51991108e-05 -4.71398904 -4.51738274 -4.33132576 -4.18465076 -4.06101943 
1.23284674e-05 -4.71398904 -4.51738274 -4.33132576 -4.18465076 -4.06101943 
1.00000000e-05 -4.71398904 -4.51738274 -4.33132576 -4.18465076 -4.06101943 
8.11130831e-06 -4.71398904 -4.51738274 -4.33132576 -4.18465076 -4.06101943 
6.57933225e-06 -4.71398904 -4.51738274 -4.33132576 -4.18465076 -4.06101943 
5.33669923e-06 -4.71398904 -4.51738274 -4.33132576 -4.18465076 -4.06101943 
4.32876128e-06 -4.71398904 -4.51738274 -4.33132576 -4.18465076 -4.06101943 
3.51119173e-06 -4.71398904 -4.51738274 -4.33132576 -4.18465076 -4.06101943 
2.84803587e-06 -4.71398904 -4.51738274 -4.33132576 -4.18465076 -4.06101943 
2.31012970e-06 -4.71398904 -4.51738274 -4.33132576 -4.18465076 -4.06101943 
1.87381742e-06 -4.71398904 -4.51738274 -4.33132576 -4.18465076 -4.06101943 
1.51991108e-06 -4.71398904 -4.51738274 -4.33132576 -4.18465076 -4.06101943 
1.23284674e-06 -4.71398904 -4.51738274 -4.33132576 -4.18465076 -4.06101943 
1.00000000e-06 -4.71398904 -4.51738274 -4.33132576 -4.18465076 -4.06101943 
8.11130831e-07 -4.71398904 -4.51738274 -4.33132576 -4.18465076 -4.06101943 
6.57933225e-07 -4.71398904 -4.51738274 -4.33132576 -4.18465076 -4.06101943 
5.33669923e-07 -4.71398904 -4.51738274 -4.33132576 -4.18465076 -4.06101943 
4.32876128e-07 -4.71398904 -4.51738274 -4.33132576 -4.18465076 -4.06101943 
3.51119173e-07 -4.71398904 -4.51738274 -4.33132576 -4.18465076 -4.06101943 
2.84803587e-07 -4.71398904 -4.51738274 -4.33132576 -4.18465076 -4.06101943 
2.31012970e-07 -4.71398904 -4.51738274 -4.33132576 -4.18465076 -4.06101943 
1.87381742e-07 -4.71398904 -4.51738274 -4.33132576 -4.18465076 -4.06101943 
1.51991108e-07 -4.71398904 -4.51738274 -4.33132576 -4.18465076 -4.06101943 
1.23284674e-07 -4.71398904 -4.51738274 -4.33132576 -4.18465076 -4.06101943 
1.00000000e-07 -4.71398904 -4.51738274 -4.33132576 -4.18465076 -4.06101943 
