Chemical species: H2 He H2O CO2 SO2 CO H2S NH3 CH4
P (bar) | log_H2: -2σ | log_H2: -1σ | log_H2: median | log_H2: +1σ | log_H2: +2σ 
1.00000000e+02 -0.16939157 -0.15794674 -0.14877714 -0.14011559 -0.13072108 
8.11130831e+01 -0.16939157 -0.15794674 -0.14877714 -0.14011559 -0.13072108 
6.57933225e+01 -0.16939157 -0.15794674 -0.14877714 -0.14011559 -0.13072108 
5.33669923e+01 -0.16939157 -0.15794674 -0.14877714 -0.14011559 -0.13072108 
4.32876128e+01 -0.16939157 -0.15794674 -0.14877714 -0.14011559 -0.13072108 
3.51119173e+01 -0.16939157 -0.15794674 -0.14877714 -0.14011559 -0.13072108 
2.84803587e+01 -0.16939157 -0.15794674 -0.14877714 -0.14011559 -0.13072108 
2.31012970e+01 -0.16939157 -0.15794674 -0.14877714 -0.14011559 -0.13072108 
1.87381742e+01 -0.16939157 -0.15794674 -0.14877714 -0.14011559 -0.13072108 
1.51991108e+01 -0.16939157 -0.15794674 -0.14877714 -0.14011559 -0.13072108 
1.23284674e+01 -0.16939157 -0.15794674 -0.14877714 -0.14011559 -0.13072108 
1.00000000e+01 -0.16939157 -0.15794674 -0.14877714 -0.14011559 -0.13072108 
8.11130831e+00 -0.16939157 -0.15794674 -0.14877714 -0.14011559 -0.13072108 
6.57933225e+00 -0.16939157 -0.15794674 -0.14877714 -0.14011559 -0.13072108 
5.33669923e+00 -0.16939157 -0.15794674 -0.14877714 -0.14011559 -0.13072108 
4.32876128e+00 -0.16939157 -0.15794674 -0.14877714 -0.14011559 -0.13072108 
3.51119173e+00 -0.16939157 -0.15794674 -0.14877714 -0.14011559 -0.13072108 
2.84803587e+00 -0.16939157 -0.15794674 -0.14877714 -0.14011559 -0.13072108 
2.31012970e+00 -0.16939157 -0.15794674 -0.14877714 -0.14011559 -0.13072108 
1.87381742e+00 -0.16939157 -0.15794674 -0.14877714 -0.14011559 -0.13072108 
1.51991108e+00 -0.16939157 -0.15794674 -0.14877714 -0.14011559 -0.13072108 
1.23284674e+00 -0.16939157 -0.15794674 -0.14877714 -0.14011559 -0.13072108 
1.00000000e+00 -0.16939157 -0.15794674 -0.14877714 -0.14011559 -0.13072108 
8.11130831e-01 -0.16939157 -0.15794674 -0.14877714 -0.14011559 -0.13072108 
6.57933225e-01 -0.16939157 -0.15794674 -0.14877714 -0.14011559 -0.13072108 
5.33669923e-01 -0.16939157 -0.15794674 -0.14877714 -0.14011559 -0.13072108 
4.32876128e-01 -0.16939157 -0.15794674 -0.14877714 -0.14011559 -0.13072108 
3.51119173e-01 -0.16939157 -0.15794674 -0.14877714 -0.14011559 -0.13072108 
2.84803587e-01 -0.16939157 -0.15794674 -0.14877714 -0.14011559 -0.13072108 
2.31012970e-01 -0.16939157 -0.15794674 -0.14877714 -0.14011559 -0.13072108 
1.87381742e-01 -0.16939157 -0.15794674 -0.14877714 -0.14011559 -0.13072108 
1.51991108e-01 -0.16939157 -0.15794674 -0.14877714 -0.14011559 -0.13072108 
1.23284674e-01 -0.16939157 -0.15794674 -0.14877714 -0.14011559 -0.13072108 
1.00000000e-01 -0.16939157 -0.15794674 -0.14877714 -0.14011559 -0.13072108 
8.11130831e-02 -0.16939157 -0.15794674 -0.14877714 -0.14011559 -0.13072108 
6.57933225e-02 -0.16939157 -0.15794674 -0.14877714 -0.14011559 -0.13072108 
5.33669923e-02 -0.16939157 -0.15794674 -0.14877714 -0.14011559 -0.13072108 
4.32876128e-02 -0.16939157 -0.15794674 -0.14877714 -0.14011559 -0.13072108 
3.51119173e-02 -0.16939157 -0.15794674 -0.14877714 -0.14011559 -0.13072108 
2.84803587e-02 -0.16939157 -0.15794674 -0.14877714 -0.14011559 -0.13072108 
2.31012970e-02 -0.16939157 -0.15794674 -0.14877714 -0.14011559 -0.13072108 
1.87381742e-02 -0.16939157 -0.15794674 -0.14877714 -0.14011559 -0.13072108 
1.51991108e-02 -0.16939157 -0.15794674 -0.14877714 -0.14011559 -0.13072108 
1.23284674e-02 -0.16939157 -0.15794674 -0.14877714 -0.14011559 -0.13072108 
1.00000000e-02 -0.16939157 -0.15794674 -0.14877714 -0.14011559 -0.13072108 
8.11130831e-03 -0.16939157 -0.15794674 -0.14877714 -0.14011559 -0.13072108 
6.57933225e-03 -0.16939157 -0.15794674 -0.14877714 -0.14011559 -0.13072108 
5.33669923e-03 -0.16939157 -0.15794674 -0.14877714 -0.14011559 -0.13072108 
4.32876128e-03 -0.16939157 -0.15794674 -0.14877714 -0.14011559 -0.13072108 
3.51119173e-03 -0.16939157 -0.15794674 -0.14877714 -0.14011559 -0.13072108 
2.84803587e-03 -0.16939157 -0.15794674 -0.14877714 -0.14011559 -0.13072108 
2.31012970e-03 -0.16939157 -0.15794674 -0.14877714 -0.14011559 -0.13072108 
1.87381742e-03 -0.16939157 -0.15794674 -0.14877714 -0.14011559 -0.13072108 
1.51991108e-03 -0.16939157 -0.15794674 -0.14877714 -0.14011559 -0.13072108 
1.23284674e-03 -0.16939157 -0.15794674 -0.14877714 -0.14011559 -0.13072108 
1.00000000e-03 -0.16939157 -0.15794674 -0.14877714 -0.14011559 -0.13072108 
8.11130831e-04 -0.16939157 -0.15794674 -0.14877714 -0.14011559 -0.13072108 
6.57933225e-04 -0.16939157 -0.15794674 -0.14877714 -0.14011559 -0.13072108 
5.33669923e-04 -0.16939157 -0.15794674 -0.14877714 -0.14011559 -0.13072108 
4.32876128e-04 -0.16939157 -0.15794674 -0.14877714 -0.14011559 -0.13072108 
3.51119173e-04 -0.16939157 -0.15794674 -0.14877714 -0.14011559 -0.13072108 
2.84803587e-04 -0.16939157 -0.15794674 -0.14877714 -0.14011559 -0.13072108 
2.31012970e-04 -0.16939157 -0.15794674 -0.14877714 -0.14011559 -0.13072108 
1.87381742e-04 -0.16939157 -0.15794674 -0.14877714 -0.14011559 -0.13072108 
1.51991108e-04 -0.16939157 -0.15794674 -0.14877714 -0.14011559 -0.13072108 
1.23284674e-04 -0.16939157 -0.15794674 -0.14877714 -0.14011559 -0.13072108 
1.00000000e-04 -0.16939157 -0.15794674 -0.14877714 -0.14011559 -0.13072108 
8.11130831e-05 -0.16939157 -0.15794674 -0.14877714 -0.14011559 -0.13072108 
6.57933225e-05 -0.16939157 -0.15794674 -0.14877714 -0.14011559 -0.13072108 
5.33669923e-05 -0.16939157 -0.15794674 -0.14877714 -0.14011559 -0.13072108 
4.32876128e-05 -0.16939157 -0.15794674 -0.14877714 -0.14011559 -0.13072108 
3.51119173e-05 -0.16939157 -0.15794674 -0.14877714 -0.14011559 -0.13072108 
2.84803587e-05 -0.16939157 -0.15794674 -0.14877714 -0.14011559 -0.13072108 
2.31012970e-05 -0.16939157 -0.15794674 -0.14877714 -0.14011559 -0.13072108 
1.87381742e-05 -0.16939157 -0.15794674 -0.14877714 -0.14011559 -0.13072108 
1.51991108e-05 -0.16939157 -0.15794674 -0.14877714 -0.14011559 -0.13072108 
1.23284674e-05 -0.16939157 -0.15794674 -0.14877714 -0.14011559 -0.13072108 
1.00000000e-05 -0.16939157 -0.15794674 -0.14877714 -0.14011559 -0.13072108 
8.11130831e-06 -0.16939157 -0.15794674 -0.14877714 -0.14011559 -0.13072108 
6.57933225e-06 -0.16939157 -0.15794674 -0.14877714 -0.14011559 -0.13072108 
5.33669923e-06 -0.16939157 -0.15794674 -0.14877714 -0.14011559 -0.13072108 
4.32876128e-06 -0.16939157 -0.15794674 -0.14877714 -0.14011559 -0.13072108 
3.51119173e-06 -0.16939157 -0.15794674 -0.14877714 -0.14011559 -0.13072108 
2.84803587e-06 -0.16939157 -0.15794674 -0.14877714 -0.14011559 -0.13072108 
2.31012970e-06 -0.16939157 -0.15794674 -0.14877714 -0.14011559 -0.13072108 
1.87381742e-06 -0.16939157 -0.15794674 -0.14877714 -0.14011559 -0.13072108 
1.51991108e-06 -0.16939157 -0.15794674 -0.14877714 -0.14011559 -0.13072108 
1.23284674e-06 -0.16939157 -0.15794674 -0.14877714 -0.14011559 -0.13072108 
1.00000000e-06 -0.16939157 -0.15794674 -0.14877714 -0.14011559 -0.13072108 
8.11130831e-07 -0.16939157 -0.15794674 -0.14877714 -0.14011559 -0.13072108 
6.57933225e-07 -0.16939157 -0.15794674 -0.14877714 -0.14011559 -0.13072108 
5.33669923e-07 -0.16939157 -0.15794674 -0.14877714 -0.14011559 -0.13072108 
4.32876128e-07 -0.16939157 -0.15794674 -0.14877714 -0.14011559 -0.13072108 
3.51119173e-07 -0.16939157 -0.15794674 -0.14877714 -0.14011559 -0.13072108 
2.84803587e-07 -0.16939157 -0.15794674 -0.14877714 -0.14011559 -0.13072108 
2.31012970e-07 -0.16939157 -0.15794674 -0.14877714 -0.14011559 -0.13072108 
1.87381742e-07 -0.16939157 -0.15794674 -0.14877714 -0.14011559 -0.13072108 
1.51991108e-07 -0.16939157 -0.15794674 -0.14877714 -0.14011559 -0.13072108 
1.23284674e-07 -0.16939157 -0.15794674 -0.14877714 -0.14011559 -0.13072108 
1.00000000e-07 -0.16939157 -0.15794674 -0.14877714 -0.14011559 -0.13072108 
P (bar) | log_He: -2σ | log_He: -1σ | log_He: median | log_He: +1σ | log_He: +2σ 
1.00000000e+02 -0.93894265 -0.92749782 -0.91832822 -0.90966666 -0.90027216 
8.11130831e+01 -0.93894265 -0.92749782 -0.91832822 -0.90966666 -0.90027216 
6.57933225e+01 -0.93894265 -0.92749782 -0.91832822 -0.90966666 -0.90027216 
5.33669923e+01 -0.93894265 -0.92749782 -0.91832822 -0.90966666 -0.90027216 
4.32876128e+01 -0.93894265 -0.92749782 -0.91832822 -0.90966666 -0.90027216 
3.51119173e+01 -0.93894265 -0.92749782 -0.91832822 -0.90966666 -0.90027216 
2.84803587e+01 -0.93894265 -0.92749782 -0.91832822 -0.90966666 -0.90027216 
2.31012970e+01 -0.93894265 -0.92749782 -0.91832822 -0.90966666 -0.90027216 
1.87381742e+01 -0.93894265 -0.92749782 -0.91832822 -0.90966666 -0.90027216 
1.51991108e+01 -0.93894265 -0.92749782 -0.91832822 -0.90966666 -0.90027216 
1.23284674e+01 -0.93894265 -0.92749782 -0.91832822 -0.90966666 -0.90027216 
1.00000000e+01 -0.93894265 -0.92749782 -0.91832822 -0.90966666 -0.90027216 
8.11130831e+00 -0.93894265 -0.92749782 -0.91832822 -0.90966666 -0.90027216 
6.57933225e+00 -0.93894265 -0.92749782 -0.91832822 -0.90966666 -0.90027216 
5.33669923e+00 -0.93894265 -0.92749782 -0.91832822 -0.90966666 -0.90027216 
4.32876128e+00 -0.93894265 -0.92749782 -0.91832822 -0.90966666 -0.90027216 
3.51119173e+00 -0.93894265 -0.92749782 -0.91832822 -0.90966666 -0.90027216 
2.84803587e+00 -0.93894265 -0.92749782 -0.91832822 -0.90966666 -0.90027216 
2.31012970e+00 -0.93894265 -0.92749782 -0.91832822 -0.90966666 -0.90027216 
1.87381742e+00 -0.93894265 -0.92749782 -0.91832822 -0.90966666 -0.90027216 
1.51991108e+00 -0.93894265 -0.92749782 -0.91832822 -0.90966666 -0.90027216 
1.23284674e+00 -0.93894265 -0.92749782 -0.91832822 -0.90966666 -0.90027216 
1.00000000e+00 -0.93894265 -0.92749782 -0.91832822 -0.90966666 -0.90027216 
8.11130831e-01 -0.93894265 -0.92749782 -0.91832822 -0.90966666 -0.90027216 
6.57933225e-01 -0.93894265 -0.92749782 -0.91832822 -0.90966666 -0.90027216 
5.33669923e-01 -0.93894265 -0.92749782 -0.91832822 -0.90966666 -0.90027216 
4.32876128e-01 -0.93894265 -0.92749782 -0.91832822 -0.90966666 -0.90027216 
3.51119173e-01 -0.93894265 -0.92749782 -0.91832822 -0.90966666 -0.90027216 
2.84803587e-01 -0.93894265 -0.92749782 -0.91832822 -0.90966666 -0.90027216 
2.31012970e-01 -0.93894265 -0.92749782 -0.91832822 -0.90966666 -0.90027216 
1.87381742e-01 -0.93894265 -0.92749782 -0.91832822 -0.90966666 -0.90027216 
1.51991108e-01 -0.93894265 -0.92749782 -0.91832822 -0.90966666 -0.90027216 
1.23284674e-01 -0.93894265 -0.92749782 -0.91832822 -0.90966666 -0.90027216 
1.00000000e-01 -0.93894265 -0.92749782 -0.91832822 -0.90966666 -0.90027216 
8.11130831e-02 -0.93894265 -0.92749782 -0.91832822 -0.90966666 -0.90027216 
6.57933225e-02 -0.93894265 -0.92749782 -0.91832822 -0.90966666 -0.90027216 
5.33669923e-02 -0.93894265 -0.92749782 -0.91832822 -0.90966666 -0.90027216 
4.32876128e-02 -0.93894265 -0.92749782 -0.91832822 -0.90966666 -0.90027216 
3.51119173e-02 -0.93894265 -0.92749782 -0.91832822 -0.90966666 -0.90027216 
2.84803587e-02 -0.93894265 -0.92749782 -0.91832822 -0.90966666 -0.90027216 
2.31012970e-02 -0.93894265 -0.92749782 -0.91832822 -0.90966666 -0.90027216 
1.87381742e-02 -0.93894265 -0.92749782 -0.91832822 -0.90966666 -0.90027216 
1.51991108e-02 -0.93894265 -0.92749782 -0.91832822 -0.90966666 -0.90027216 
1.23284674e-02 -0.93894265 -0.92749782 -0.91832822 -0.90966666 -0.90027216 
1.00000000e-02 -0.93894265 -0.92749782 -0.91832822 -0.90966666 -0.90027216 
8.11130831e-03 -0.93894265 -0.92749782 -0.91832822 -0.90966666 -0.90027216 
6.57933225e-03 -0.93894265 -0.92749782 -0.91832822 -0.90966666 -0.90027216 
5.33669923e-03 -0.93894265 -0.92749782 -0.91832822 -0.90966666 -0.90027216 
4.32876128e-03 -0.93894265 -0.92749782 -0.91832822 -0.90966666 -0.90027216 
3.51119173e-03 -0.93894265 -0.92749782 -0.91832822 -0.90966666 -0.90027216 
2.84803587e-03 -0.93894265 -0.92749782 -0.91832822 -0.90966666 -0.90027216 
2.31012970e-03 -0.93894265 -0.92749782 -0.91832822 -0.90966666 -0.90027216 
1.87381742e-03 -0.93894265 -0.92749782 -0.91832822 -0.90966666 -0.90027216 
1.51991108e-03 -0.93894265 -0.92749782 -0.91832822 -0.90966666 -0.90027216 
1.23284674e-03 -0.93894265 -0.92749782 -0.91832822 -0.90966666 -0.90027216 
1.00000000e-03 -0.93894265 -0.92749782 -0.91832822 -0.90966666 -0.90027216 
8.11130831e-04 -0.93894265 -0.92749782 -0.91832822 -0.90966666 -0.90027216 
6.57933225e-04 -0.93894265 -0.92749782 -0.91832822 -0.90966666 -0.90027216 
5.33669923e-04 -0.93894265 -0.92749782 -0.91832822 -0.90966666 -0.90027216 
4.32876128e-04 -0.93894265 -0.92749782 -0.91832822 -0.90966666 -0.90027216 
3.51119173e-04 -0.93894265 -0.92749782 -0.91832822 -0.90966666 -0.90027216 
2.84803587e-04 -0.93894265 -0.92749782 -0.91832822 -0.90966666 -0.90027216 
2.31012970e-04 -0.93894265 -0.92749782 -0.91832822 -0.90966666 -0.90027216 
1.87381742e-04 -0.93894265 -0.92749782 -0.91832822 -0.90966666 -0.90027216 
1.51991108e-04 -0.93894265 -0.92749782 -0.91832822 -0.90966666 -0.90027216 
1.23284674e-04 -0.93894265 -0.92749782 -0.91832822 -0.90966666 -0.90027216 
1.00000000e-04 -0.93894265 -0.92749782 -0.91832822 -0.90966666 -0.90027216 
8.11130831e-05 -0.93894265 -0.92749782 -0.91832822 -0.90966666 -0.90027216 
6.57933225e-05 -0.93894265 -0.92749782 -0.91832822 -0.90966666 -0.90027216 
5.33669923e-05 -0.93894265 -0.92749782 -0.91832822 -0.90966666 -0.90027216 
4.32876128e-05 -0.93894265 -0.92749782 -0.91832822 -0.90966666 -0.90027216 
3.51119173e-05 -0.93894265 -0.92749782 -0.91832822 -0.90966666 -0.90027216 
2.84803587e-05 -0.93894265 -0.92749782 -0.91832822 -0.90966666 -0.90027216 
2.31012970e-05 -0.93894265 -0.92749782 -0.91832822 -0.90966666 -0.90027216 
1.87381742e-05 -0.93894265 -0.92749782 -0.91832822 -0.90966666 -0.90027216 
1.51991108e-05 -0.93894265 -0.92749782 -0.91832822 -0.90966666 -0.90027216 
1.23284674e-05 -0.93894265 -0.92749782 -0.91832822 -0.90966666 -0.90027216 
1.00000000e-05 -0.93894265 -0.92749782 -0.91832822 -0.90966666 -0.90027216 
8.11130831e-06 -0.93894265 -0.92749782 -0.91832822 -0.90966666 -0.90027216 
6.57933225e-06 -0.93894265 -0.92749782 -0.91832822 -0.90966666 -0.90027216 
5.33669923e-06 -0.93894265 -0.92749782 -0.91832822 -0.90966666 -0.90027216 
4.32876128e-06 -0.93894265 -0.92749782 -0.91832822 -0.90966666 -0.90027216 
3.51119173e-06 -0.93894265 -0.92749782 -0.91832822 -0.90966666 -0.90027216 
2.84803587e-06 -0.93894265 -0.92749782 -0.91832822 -0.90966666 -0.90027216 
2.31012970e-06 -0.93894265 -0.92749782 -0.91832822 -0.90966666 -0.90027216 
1.87381742e-06 -0.93894265 -0.92749782 -0.91832822 -0.90966666 -0.90027216 
1.51991108e-06 -0.93894265 -0.92749782 -0.91832822 -0.90966666 -0.90027216 
1.23284674e-06 -0.93894265 -0.92749782 -0.91832822 -0.90966666 -0.90027216 
1.00000000e-06 -0.93894265 -0.92749782 -0.91832822 -0.90966666 -0.90027216 
8.11130831e-07 -0.93894265 -0.92749782 -0.91832822 -0.90966666 -0.90027216 
6.57933225e-07 -0.93894265 -0.92749782 -0.91832822 -0.90966666 -0.90027216 
5.33669923e-07 -0.93894265 -0.92749782 -0.91832822 -0.90966666 -0.90027216 
4.32876128e-07 -0.93894265 -0.92749782 -0.91832822 -0.90966666 -0.90027216 
3.51119173e-07 -0.93894265 -0.92749782 -0.91832822 -0.90966666 -0.90027216 
2.84803587e-07 -0.93894265 -0.92749782 -0.91832822 -0.90966666 -0.90027216 
2.31012970e-07 -0.93894265 -0.92749782 -0.91832822 -0.90966666 -0.90027216 
1.87381742e-07 -0.93894265 -0.92749782 -0.91832822 -0.90966666 -0.90027216 
1.51991108e-07 -0.93894265 -0.92749782 -0.91832822 -0.90966666 -0.90027216 
1.23284674e-07 -0.93894265 -0.92749782 -0.91832822 -0.90966666 -0.90027216 
1.00000000e-07 -0.93894265 -0.92749782 -0.91832822 -0.90966666 -0.90027216 
P (bar) | log_H2O: -2σ | log_H2O: -1σ | log_H2O: median | log_H2O: +1σ | log_H2O: +2σ 
1.00000000e+02 -0.88804880 -0.83421252 -0.78865601 -0.74465194 -0.69730351 
8.11130831e+01 -0.88804880 -0.83421252 -0.78865601 -0.74465194 -0.69730351 
6.57933225e+01 -0.88804880 -0.83421252 -0.78865601 -0.74465194 -0.69730351 
5.33669923e+01 -0.88804880 -0.83421252 -0.78865601 -0.74465194 -0.69730351 
4.32876128e+01 -0.88804880 -0.83421252 -0.78865601 -0.74465194 -0.69730351 
3.51119173e+01 -0.88804880 -0.83421252 -0.78865601 -0.74465194 -0.69730351 
2.84803587e+01 -0.88804880 -0.83421252 -0.78865601 -0.74465194 -0.69730351 
2.31012970e+01 -0.88804880 -0.83421252 -0.78865601 -0.74465194 -0.69730351 
1.87381742e+01 -0.88804880 -0.83421252 -0.78865601 -0.74465194 -0.69730351 
1.51991108e+01 -0.88804880 -0.83421252 -0.78865601 -0.74465194 -0.69730351 
1.23284674e+01 -0.88804880 -0.83421252 -0.78865601 -0.74465194 -0.69730351 
1.00000000e+01 -0.88804880 -0.83421252 -0.78865601 -0.74465194 -0.69730351 
8.11130831e+00 -0.88804880 -0.83421252 -0.78865601 -0.74465194 -0.69730351 
6.57933225e+00 -0.88804880 -0.83421252 -0.78865601 -0.74465194 -0.69730351 
5.33669923e+00 -0.88804880 -0.83421252 -0.78865601 -0.74465194 -0.69730351 
4.32876128e+00 -0.88804880 -0.83421252 -0.78865601 -0.74465194 -0.69730351 
3.51119173e+00 -0.88804880 -0.83421252 -0.78865601 -0.74465194 -0.69730351 
2.84803587e+00 -0.88804880 -0.83421252 -0.78865601 -0.74465194 -0.69730351 
2.31012970e+00 -0.88804880 -0.83421252 -0.78865601 -0.74465194 -0.69730351 
1.87381742e+00 -0.88804880 -0.83421252 -0.78865601 -0.74465194 -0.69730351 
1.51991108e+00 -0.88804880 -0.83421252 -0.78865601 -0.74465194 -0.69730351 
1.23284674e+00 -0.88804880 -0.83421252 -0.78865601 -0.74465194 -0.69730351 
1.00000000e+00 -0.88804880 -0.83421252 -0.78865601 -0.74465194 -0.69730351 
8.11130831e-01 -0.88804880 -0.83421252 -0.78865601 -0.74465194 -0.69730351 
6.57933225e-01 -0.88804880 -0.83421252 -0.78865601 -0.74465194 -0.69730351 
5.33669923e-01 -0.88804880 -0.83421252 -0.78865601 -0.74465194 -0.69730351 
4.32876128e-01 -0.88804880 -0.83421252 -0.78865601 -0.74465194 -0.69730351 
3.51119173e-01 -0.88804880 -0.83421252 -0.78865601 -0.74465194 -0.69730351 
2.84803587e-01 -0.88804880 -0.83421252 -0.78865601 -0.74465194 -0.69730351 
2.31012970e-01 -0.88804880 -0.83421252 -0.78865601 -0.74465194 -0.69730351 
1.87381742e-01 -0.88804880 -0.83421252 -0.78865601 -0.74465194 -0.69730351 
1.51991108e-01 -0.88804880 -0.83421252 -0.78865601 -0.74465194 -0.69730351 
1.23284674e-01 -0.88804880 -0.83421252 -0.78865601 -0.74465194 -0.69730351 
1.00000000e-01 -0.88804880 -0.83421252 -0.78865601 -0.74465194 -0.69730351 
8.11130831e-02 -0.88804880 -0.83421252 -0.78865601 -0.74465194 -0.69730351 
6.57933225e-02 -0.88804880 -0.83421252 -0.78865601 -0.74465194 -0.69730351 
5.33669923e-02 -0.88804880 -0.83421252 -0.78865601 -0.74465194 -0.69730351 
4.32876128e-02 -0.88804880 -0.83421252 -0.78865601 -0.74465194 -0.69730351 
3.51119173e-02 -0.88804880 -0.83421252 -0.78865601 -0.74465194 -0.69730351 
2.84803587e-02 -0.88804880 -0.83421252 -0.78865601 -0.74465194 -0.69730351 
2.31012970e-02 -0.88804880 -0.83421252 -0.78865601 -0.74465194 -0.69730351 
1.87381742e-02 -0.88804880 -0.83421252 -0.78865601 -0.74465194 -0.69730351 
1.51991108e-02 -0.88804880 -0.83421252 -0.78865601 -0.74465194 -0.69730351 
1.23284674e-02 -0.88804880 -0.83421252 -0.78865601 -0.74465194 -0.69730351 
1.00000000e-02 -0.88804880 -0.83421252 -0.78865601 -0.74465194 -0.69730351 
8.11130831e-03 -0.88804880 -0.83421252 -0.78865601 -0.74465194 -0.69730351 
6.57933225e-03 -0.88804880 -0.83421252 -0.78865601 -0.74465194 -0.69730351 
5.33669923e-03 -0.88804880 -0.83421252 -0.78865601 -0.74465194 -0.69730351 
4.32876128e-03 -0.88804880 -0.83421252 -0.78865601 -0.74465194 -0.69730351 
3.51119173e-03 -0.88804880 -0.83421252 -0.78865601 -0.74465194 -0.69730351 
2.84803587e-03 -0.88804880 -0.83421252 -0.78865601 -0.74465194 -0.69730351 
2.31012970e-03 -0.88804880 -0.83421252 -0.78865601 -0.74465194 -0.69730351 
1.87381742e-03 -0.88804880 -0.83421252 -0.78865601 -0.74465194 -0.69730351 
1.51991108e-03 -0.88804880 -0.83421252 -0.78865601 -0.74465194 -0.69730351 
1.23284674e-03 -0.88804880 -0.83421252 -0.78865601 -0.74465194 -0.69730351 
1.00000000e-03 -0.88804880 -0.83421252 -0.78865601 -0.74465194 -0.69730351 
8.11130831e-04 -0.88804880 -0.83421252 -0.78865601 -0.74465194 -0.69730351 
6.57933225e-04 -0.88804880 -0.83421252 -0.78865601 -0.74465194 -0.69730351 
5.33669923e-04 -0.88804880 -0.83421252 -0.78865601 -0.74465194 -0.69730351 
4.32876128e-04 -0.88804880 -0.83421252 -0.78865601 -0.74465194 -0.69730351 
3.51119173e-04 -0.88804880 -0.83421252 -0.78865601 -0.74465194 -0.69730351 
2.84803587e-04 -0.88804880 -0.83421252 -0.78865601 -0.74465194 -0.69730351 
2.31012970e-04 -0.88804880 -0.83421252 -0.78865601 -0.74465194 -0.69730351 
1.87381742e-04 -0.88804880 -0.83421252 -0.78865601 -0.74465194 -0.69730351 
1.51991108e-04 -0.88804880 -0.83421252 -0.78865601 -0.74465194 -0.69730351 
1.23284674e-04 -0.88804880 -0.83421252 -0.78865601 -0.74465194 -0.69730351 
1.00000000e-04 -0.88804880 -0.83421252 -0.78865601 -0.74465194 -0.69730351 
8.11130831e-05 -0.88804880 -0.83421252 -0.78865601 -0.74465194 -0.69730351 
6.57933225e-05 -0.88804880 -0.83421252 -0.78865601 -0.74465194 -0.69730351 
5.33669923e-05 -0.88804880 -0.83421252 -0.78865601 -0.74465194 -0.69730351 
4.32876128e-05 -0.88804880 -0.83421252 -0.78865601 -0.74465194 -0.69730351 
3.51119173e-05 -0.88804880 -0.83421252 -0.78865601 -0.74465194 -0.69730351 
2.84803587e-05 -0.88804880 -0.83421252 -0.78865601 -0.74465194 -0.69730351 
2.31012970e-05 -0.88804880 -0.83421252 -0.78865601 -0.74465194 -0.69730351 
1.87381742e-05 -0.88804880 -0.83421252 -0.78865601 -0.74465194 -0.69730351 
1.51991108e-05 -0.88804880 -0.83421252 -0.78865601 -0.74465194 -0.69730351 
1.23284674e-05 -0.88804880 -0.83421252 -0.78865601 -0.74465194 -0.69730351 
1.00000000e-05 -0.88804880 -0.83421252 -0.78865601 -0.74465194 -0.69730351 
8.11130831e-06 -0.88804880 -0.83421252 -0.78865601 -0.74465194 -0.69730351 
6.57933225e-06 -0.88804880 -0.83421252 -0.78865601 -0.74465194 -0.69730351 
5.33669923e-06 -0.88804880 -0.83421252 -0.78865601 -0.74465194 -0.69730351 
4.32876128e-06 -0.88804880 -0.83421252 -0.78865601 -0.74465194 -0.69730351 
3.51119173e-06 -0.88804880 -0.83421252 -0.78865601 -0.74465194 -0.69730351 
2.84803587e-06 -0.88804880 -0.83421252 -0.78865601 -0.74465194 -0.69730351 
2.31012970e-06 -0.88804880 -0.83421252 -0.78865601 -0.74465194 -0.69730351 
1.87381742e-06 -0.88804880 -0.83421252 -0.78865601 -0.74465194 -0.69730351 
1.51991108e-06 -0.88804880 -0.83421252 -0.78865601 -0.74465194 -0.69730351 
1.23284674e-06 -0.88804880 -0.83421252 -0.78865601 -0.74465194 -0.69730351 
1.00000000e-06 -0.88804880 -0.83421252 -0.78865601 -0.74465194 -0.69730351 
8.11130831e-07 -0.88804880 -0.83421252 -0.78865601 -0.74465194 -0.69730351 
6.57933225e-07 -0.88804880 -0.83421252 -0.78865601 -0.74465194 -0.69730351 
5.33669923e-07 -0.88804880 -0.83421252 -0.78865601 -0.74465194 -0.69730351 
4.32876128e-07 -0.88804880 -0.83421252 -0.78865601 -0.74465194 -0.69730351 
3.51119173e-07 -0.88804880 -0.83421252 -0.78865601 -0.74465194 -0.69730351 
2.84803587e-07 -0.88804880 -0.83421252 -0.78865601 -0.74465194 -0.69730351 
2.31012970e-07 -0.88804880 -0.83421252 -0.78865601 -0.74465194 -0.69730351 
1.87381742e-07 -0.88804880 -0.83421252 -0.78865601 -0.74465194 -0.69730351 
1.51991108e-07 -0.88804880 -0.83421252 -0.78865601 -0.74465194 -0.69730351 
1.23284674e-07 -0.88804880 -0.83421252 -0.78865601 -0.74465194 -0.69730351 
1.00000000e-07 -0.88804880 -0.83421252 -0.78865601 -0.74465194 -0.69730351 
P (bar) | log_CO2: -2σ | log_CO2: -1σ | log_CO2: median | log_CO2: +1σ | log_CO2: +2σ 
1.00000000e+02 -3.68656233 -3.60510849 -3.51536933 -3.44088584 -3.35249603 
8.11130831e+01 -3.68656233 -3.60510849 -3.51536933 -3.44088584 -3.35249603 
6.57933225e+01 -3.68656233 -3.60510849 -3.51536933 -3.44088584 -3.35249603 
5.33669923e+01 -3.68656233 -3.60510849 -3.51536933 -3.44088584 -3.35249603 
4.32876128e+01 -3.68656233 -3.60510849 -3.51536933 -3.44088584 -3.35249603 
3.51119173e+01 -3.68656233 -3.60510849 -3.51536933 -3.44088584 -3.35249603 
2.84803587e+01 -3.68656233 -3.60510849 -3.51536933 -3.44088584 -3.35249603 
2.31012970e+01 -3.68656233 -3.60510849 -3.51536933 -3.44088584 -3.35249603 
1.87381742e+01 -3.68656233 -3.60510849 -3.51536933 -3.44088584 -3.35249603 
1.51991108e+01 -3.68656233 -3.60510849 -3.51536933 -3.44088584 -3.35249603 
1.23284674e+01 -3.68656233 -3.60510849 -3.51536933 -3.44088584 -3.35249603 
1.00000000e+01 -3.68656233 -3.60510849 -3.51536933 -3.44088584 -3.35249603 
8.11130831e+00 -3.68656233 -3.60510849 -3.51536933 -3.44088584 -3.35249603 
6.57933225e+00 -3.68656233 -3.60510849 -3.51536933 -3.44088584 -3.35249603 
5.33669923e+00 -3.68656233 -3.60510849 -3.51536933 -3.44088584 -3.35249603 
4.32876128e+00 -3.68656233 -3.60510849 -3.51536933 -3.44088584 -3.35249603 
3.51119173e+00 -3.68656233 -3.60510849 -3.51536933 -3.44088584 -3.35249603 
2.84803587e+00 -3.68656233 -3.60510849 -3.51536933 -3.44088584 -3.35249603 
2.31012970e+00 -3.68656233 -3.60510849 -3.51536933 -3.44088584 -3.35249603 
1.87381742e+00 -3.68656233 -3.60510849 -3.51536933 -3.44088584 -3.35249603 
1.51991108e+00 -3.68656233 -3.60510849 -3.51536933 -3.44088584 -3.35249603 
1.23284674e+00 -3.68656233 -3.60510849 -3.51536933 -3.44088584 -3.35249603 
1.00000000e+00 -3.68656233 -3.60510849 -3.51536933 -3.44088584 -3.35249603 
8.11130831e-01 -3.68656233 -3.60510849 -3.51536933 -3.44088584 -3.35249603 
6.57933225e-01 -3.68656233 -3.60510849 -3.51536933 -3.44088584 -3.35249603 
5.33669923e-01 -3.68656233 -3.60510849 -3.51536933 -3.44088584 -3.35249603 
4.32876128e-01 -3.68656233 -3.60510849 -3.51536933 -3.44088584 -3.35249603 
3.51119173e-01 -3.68656233 -3.60510849 -3.51536933 -3.44088584 -3.35249603 
2.84803587e-01 -3.68656233 -3.60510849 -3.51536933 -3.44088584 -3.35249603 
2.31012970e-01 -3.68656233 -3.60510849 -3.51536933 -3.44088584 -3.35249603 
1.87381742e-01 -3.68656233 -3.60510849 -3.51536933 -3.44088584 -3.35249603 
1.51991108e-01 -3.68656233 -3.60510849 -3.51536933 -3.44088584 -3.35249603 
1.23284674e-01 -3.68656233 -3.60510849 -3.51536933 -3.44088584 -3.35249603 
1.00000000e-01 -3.68656233 -3.60510849 -3.51536933 -3.44088584 -3.35249603 
8.11130831e-02 -3.68656233 -3.60510849 -3.51536933 -3.44088584 -3.35249603 
6.57933225e-02 -3.68656233 -3.60510849 -3.51536933 -3.44088584 -3.35249603 
5.33669923e-02 -3.68656233 -3.60510849 -3.51536933 -3.44088584 -3.35249603 
4.32876128e-02 -3.68656233 -3.60510849 -3.51536933 -3.44088584 -3.35249603 
3.51119173e-02 -3.68656233 -3.60510849 -3.51536933 -3.44088584 -3.35249603 
2.84803587e-02 -3.68656233 -3.60510849 -3.51536933 -3.44088584 -3.35249603 
2.31012970e-02 -3.68656233 -3.60510849 -3.51536933 -3.44088584 -3.35249603 
1.87381742e-02 -3.68656233 -3.60510849 -3.51536933 -3.44088584 -3.35249603 
1.51991108e-02 -3.68656233 -3.60510849 -3.51536933 -3.44088584 -3.35249603 
1.23284674e-02 -3.68656233 -3.60510849 -3.51536933 -3.44088584 -3.35249603 
1.00000000e-02 -3.68656233 -3.60510849 -3.51536933 -3.44088584 -3.35249603 
8.11130831e-03 -3.68656233 -3.60510849 -3.51536933 -3.44088584 -3.35249603 
6.57933225e-03 -3.68656233 -3.60510849 -3.51536933 -3.44088584 -3.35249603 
5.33669923e-03 -3.68656233 -3.60510849 -3.51536933 -3.44088584 -3.35249603 
4.32876128e-03 -3.68656233 -3.60510849 -3.51536933 -3.44088584 -3.35249603 
3.51119173e-03 -3.68656233 -3.60510849 -3.51536933 -3.44088584 -3.35249603 
2.84803587e-03 -3.68656233 -3.60510849 -3.51536933 -3.44088584 -3.35249603 
2.31012970e-03 -3.68656233 -3.60510849 -3.51536933 -3.44088584 -3.35249603 
1.87381742e-03 -3.68656233 -3.60510849 -3.51536933 -3.44088584 -3.35249603 
1.51991108e-03 -3.68656233 -3.60510849 -3.51536933 -3.44088584 -3.35249603 
1.23284674e-03 -3.68656233 -3.60510849 -3.51536933 -3.44088584 -3.35249603 
1.00000000e-03 -3.68656233 -3.60510849 -3.51536933 -3.44088584 -3.35249603 
8.11130831e-04 -3.68656233 -3.60510849 -3.51536933 -3.44088584 -3.35249603 
6.57933225e-04 -3.68656233 -3.60510849 -3.51536933 -3.44088584 -3.35249603 
5.33669923e-04 -3.68656233 -3.60510849 -3.51536933 -3.44088584 -3.35249603 
4.32876128e-04 -3.68656233 -3.60510849 -3.51536933 -3.44088584 -3.35249603 
3.51119173e-04 -3.68656233 -3.60510849 -3.51536933 -3.44088584 -3.35249603 
2.84803587e-04 -3.68656233 -3.60510849 -3.51536933 -3.44088584 -3.35249603 
2.31012970e-04 -3.68656233 -3.60510849 -3.51536933 -3.44088584 -3.35249603 
1.87381742e-04 -3.68656233 -3.60510849 -3.51536933 -3.44088584 -3.35249603 
1.51991108e-04 -3.68656233 -3.60510849 -3.51536933 -3.44088584 -3.35249603 
1.23284674e-04 -3.68656233 -3.60510849 -3.51536933 -3.44088584 -3.35249603 
1.00000000e-04 -3.68656233 -3.60510849 -3.51536933 -3.44088584 -3.35249603 
8.11130831e-05 -3.68656233 -3.60510849 -3.51536933 -3.44088584 -3.35249603 
6.57933225e-05 -3.68656233 -3.60510849 -3.51536933 -3.44088584 -3.35249603 
5.33669923e-05 -3.68656233 -3.60510849 -3.51536933 -3.44088584 -3.35249603 
4.32876128e-05 -3.68656233 -3.60510849 -3.51536933 -3.44088584 -3.35249603 
3.51119173e-05 -3.68656233 -3.60510849 -3.51536933 -3.44088584 -3.35249603 
2.84803587e-05 -3.68656233 -3.60510849 -3.51536933 -3.44088584 -3.35249603 
2.31012970e-05 -3.68656233 -3.60510849 -3.51536933 -3.44088584 -3.35249603 
1.87381742e-05 -3.68656233 -3.60510849 -3.51536933 -3.44088584 -3.35249603 
1.51991108e-05 -3.68656233 -3.60510849 -3.51536933 -3.44088584 -3.35249603 
1.23284674e-05 -3.68656233 -3.60510849 -3.51536933 -3.44088584 -3.35249603 
1.00000000e-05 -3.68656233 -3.60510849 -3.51536933 -3.44088584 -3.35249603 
8.11130831e-06 -3.68656233 -3.60510849 -3.51536933 -3.44088584 -3.35249603 
6.57933225e-06 -3.68656233 -3.60510849 -3.51536933 -3.44088584 -3.35249603 
5.33669923e-06 -3.68656233 -3.60510849 -3.51536933 -3.44088584 -3.35249603 
4.32876128e-06 -3.68656233 -3.60510849 -3.51536933 -3.44088584 -3.35249603 
3.51119173e-06 -3.68656233 -3.60510849 -3.51536933 -3.44088584 -3.35249603 
2.84803587e-06 -3.68656233 -3.60510849 -3.51536933 -3.44088584 -3.35249603 
2.31012970e-06 -3.68656233 -3.60510849 -3.51536933 -3.44088584 -3.35249603 
1.87381742e-06 -3.68656233 -3.60510849 -3.51536933 -3.44088584 -3.35249603 
1.51991108e-06 -3.68656233 -3.60510849 -3.51536933 -3.44088584 -3.35249603 
1.23284674e-06 -3.68656233 -3.60510849 -3.51536933 -3.44088584 -3.35249603 
1.00000000e-06 -3.68656233 -3.60510849 -3.51536933 -3.44088584 -3.35249603 
8.11130831e-07 -3.68656233 -3.60510849 -3.51536933 -3.44088584 -3.35249603 
6.57933225e-07 -3.68656233 -3.60510849 -3.51536933 -3.44088584 -3.35249603 
5.33669923e-07 -3.68656233 -3.60510849 -3.51536933 -3.44088584 -3.35249603 
4.32876128e-07 -3.68656233 -3.60510849 -3.51536933 -3.44088584 -3.35249603 
3.51119173e-07 -3.68656233 -3.60510849 -3.51536933 -3.44088584 -3.35249603 
2.84803587e-07 -3.68656233 -3.60510849 -3.51536933 -3.44088584 -3.35249603 
2.31012970e-07 -3.68656233 -3.60510849 -3.51536933 -3.44088584 -3.35249603 
1.87381742e-07 -3.68656233 -3.60510849 -3.51536933 -3.44088584 -3.35249603 
1.51991108e-07 -3.68656233 -3.60510849 -3.51536933 -3.44088584 -3.35249603 
1.23284674e-07 -3.68656233 -3.60510849 -3.51536933 -3.44088584 -3.35249603 
1.00000000e-07 -3.68656233 -3.60510849 -3.51536933 -3.44088584 -3.35249603 
P (bar) | log_SO2: -2σ | log_SO2: -1σ | log_SO2: median | log_SO2: +1σ | log_SO2: +2σ 
1.00000000e+02 -4.33044830 -4.21107101 -4.12580580 -4.04730879 -3.95986843 
8.11130831e+01 -4.33044830 -4.21107101 -4.12580580 -4.04730879 -3.95986843 
6.57933225e+01 -4.33044830 -4.21107101 -4.12580580 -4.04730879 -3.95986843 
5.33669923e+01 -4.33044830 -4.21107101 -4.12580580 -4.04730879 -3.95986843 
4.32876128e+01 -4.33044830 -4.21107101 -4.12580580 -4.04730879 -3.95986843 
3.51119173e+01 -4.33044830 -4.21107101 -4.12580580 -4.04730879 -3.95986843 
2.84803587e+01 -4.33044830 -4.21107101 -4.12580580 -4.04730879 -3.95986843 
2.31012970e+01 -4.33044830 -4.21107101 -4.12580580 -4.04730879 -3.95986843 
1.87381742e+01 -4.33044830 -4.21107101 -4.12580580 -4.04730879 -3.95986843 
1.51991108e+01 -4.33044830 -4.21107101 -4.12580580 -4.04730879 -3.95986843 
1.23284674e+01 -4.33044830 -4.21107101 -4.12580580 -4.04730879 -3.95986843 
1.00000000e+01 -4.33044830 -4.21107101 -4.12580580 -4.04730879 -3.95986843 
8.11130831e+00 -4.33044830 -4.21107101 -4.12580580 -4.04730879 -3.95986843 
6.57933225e+00 -4.33044830 -4.21107101 -4.12580580 -4.04730879 -3.95986843 
5.33669923e+00 -4.33044830 -4.21107101 -4.12580580 -4.04730879 -3.95986843 
4.32876128e+00 -4.33044830 -4.21107101 -4.12580580 -4.04730879 -3.95986843 
3.51119173e+00 -4.33044830 -4.21107101 -4.12580580 -4.04730879 -3.95986843 
2.84803587e+00 -4.33044830 -4.21107101 -4.12580580 -4.04730879 -3.95986843 
2.31012970e+00 -4.33044830 -4.21107101 -4.12580580 -4.04730879 -3.95986843 
1.87381742e+00 -4.33044830 -4.21107101 -4.12580580 -4.04730879 -3.95986843 
1.51991108e+00 -4.33044830 -4.21107101 -4.12580580 -4.04730879 -3.95986843 
1.23284674e+00 -4.33044830 -4.21107101 -4.12580580 -4.04730879 -3.95986843 
1.00000000e+00 -4.33044830 -4.21107101 -4.12580580 -4.04730879 -3.95986843 
8.11130831e-01 -4.33044830 -4.21107101 -4.12580580 -4.04730879 -3.95986843 
6.57933225e-01 -4.33044830 -4.21107101 -4.12580580 -4.04730879 -3.95986843 
5.33669923e-01 -4.33044830 -4.21107101 -4.12580580 -4.04730879 -3.95986843 
4.32876128e-01 -4.33044830 -4.21107101 -4.12580580 -4.04730879 -3.95986843 
3.51119173e-01 -4.33044830 -4.21107101 -4.12580580 -4.04730879 -3.95986843 
2.84803587e-01 -4.33044830 -4.21107101 -4.12580580 -4.04730879 -3.95986843 
2.31012970e-01 -4.33044830 -4.21107101 -4.12580580 -4.04730879 -3.95986843 
1.87381742e-01 -4.33044830 -4.21107101 -4.12580580 -4.04730879 -3.95986843 
1.51991108e-01 -4.33044830 -4.21107101 -4.12580580 -4.04730879 -3.95986843 
1.23284674e-01 -4.33044830 -4.21107101 -4.12580580 -4.04730879 -3.95986843 
1.00000000e-01 -4.33044830 -4.21107101 -4.12580580 -4.04730879 -3.95986843 
8.11130831e-02 -4.33044830 -4.21107101 -4.12580580 -4.04730879 -3.95986843 
6.57933225e-02 -4.33044830 -4.21107101 -4.12580580 -4.04730879 -3.95986843 
5.33669923e-02 -4.33044830 -4.21107101 -4.12580580 -4.04730879 -3.95986843 
4.32876128e-02 -4.33044830 -4.21107101 -4.12580580 -4.04730879 -3.95986843 
3.51119173e-02 -4.33044830 -4.21107101 -4.12580580 -4.04730879 -3.95986843 
2.84803587e-02 -4.33044830 -4.21107101 -4.12580580 -4.04730879 -3.95986843 
2.31012970e-02 -4.33044830 -4.21107101 -4.12580580 -4.04730879 -3.95986843 
1.87381742e-02 -4.33044830 -4.21107101 -4.12580580 -4.04730879 -3.95986843 
1.51991108e-02 -4.33044830 -4.21107101 -4.12580580 -4.04730879 -3.95986843 
1.23284674e-02 -4.33044830 -4.21107101 -4.12580580 -4.04730879 -3.95986843 
1.00000000e-02 -4.33044830 -4.21107101 -4.12580580 -4.04730879 -3.95986843 
8.11130831e-03 -4.33044830 -4.21107101 -4.12580580 -4.04730879 -3.95986843 
6.57933225e-03 -4.33044830 -4.21107101 -4.12580580 -4.04730879 -3.95986843 
5.33669923e-03 -4.33044830 -4.21107101 -4.12580580 -4.04730879 -3.95986843 
4.32876128e-03 -4.33044830 -4.21107101 -4.12580580 -4.04730879 -3.95986843 
3.51119173e-03 -4.33044830 -4.21107101 -4.12580580 -4.04730879 -3.95986843 
2.84803587e-03 -4.33044830 -4.21107101 -4.12580580 -4.04730879 -3.95986843 
2.31012970e-03 -4.33044830 -4.21107101 -4.12580580 -4.04730879 -3.95986843 
1.87381742e-03 -4.33044830 -4.21107101 -4.12580580 -4.04730879 -3.95986843 
1.51991108e-03 -4.33044830 -4.21107101 -4.12580580 -4.04730879 -3.95986843 
1.23284674e-03 -4.33044830 -4.21107101 -4.12580580 -4.04730879 -3.95986843 
1.00000000e-03 -4.33044830 -4.21107101 -4.12580580 -4.04730879 -3.95986843 
8.11130831e-04 -4.33044830 -4.21107101 -4.12580580 -4.04730879 -3.95986843 
6.57933225e-04 -4.33044830 -4.21107101 -4.12580580 -4.04730879 -3.95986843 
5.33669923e-04 -4.33044830 -4.21107101 -4.12580580 -4.04730879 -3.95986843 
4.32876128e-04 -4.33044830 -4.21107101 -4.12580580 -4.04730879 -3.95986843 
3.51119173e-04 -4.33044830 -4.21107101 -4.12580580 -4.04730879 -3.95986843 
2.84803587e-04 -4.33044830 -4.21107101 -4.12580580 -4.04730879 -3.95986843 
2.31012970e-04 -4.33044830 -4.21107101 -4.12580580 -4.04730879 -3.95986843 
1.87381742e-04 -4.33044830 -4.21107101 -4.12580580 -4.04730879 -3.95986843 
1.51991108e-04 -4.33044830 -4.21107101 -4.12580580 -4.04730879 -3.95986843 
1.23284674e-04 -4.33044830 -4.21107101 -4.12580580 -4.04730879 -3.95986843 
1.00000000e-04 -4.33044830 -4.21107101 -4.12580580 -4.04730879 -3.95986843 
8.11130831e-05 -4.33044830 -4.21107101 -4.12580580 -4.04730879 -3.95986843 
6.57933225e-05 -4.33044830 -4.21107101 -4.12580580 -4.04730879 -3.95986843 
5.33669923e-05 -4.33044830 -4.21107101 -4.12580580 -4.04730879 -3.95986843 
4.32876128e-05 -4.33044830 -4.21107101 -4.12580580 -4.04730879 -3.95986843 
3.51119173e-05 -4.33044830 -4.21107101 -4.12580580 -4.04730879 -3.95986843 
2.84803587e-05 -4.33044830 -4.21107101 -4.12580580 -4.04730879 -3.95986843 
2.31012970e-05 -4.33044830 -4.21107101 -4.12580580 -4.04730879 -3.95986843 
1.87381742e-05 -4.33044830 -4.21107101 -4.12580580 -4.04730879 -3.95986843 
1.51991108e-05 -4.33044830 -4.21107101 -4.12580580 -4.04730879 -3.95986843 
1.23284674e-05 -4.33044830 -4.21107101 -4.12580580 -4.04730879 -3.95986843 
1.00000000e-05 -4.33044830 -4.21107101 -4.12580580 -4.04730879 -3.95986843 
8.11130831e-06 -4.33044830 -4.21107101 -4.12580580 -4.04730879 -3.95986843 
6.57933225e-06 -4.33044830 -4.21107101 -4.12580580 -4.04730879 -3.95986843 
5.33669923e-06 -4.33044830 -4.21107101 -4.12580580 -4.04730879 -3.95986843 
4.32876128e-06 -4.33044830 -4.21107101 -4.12580580 -4.04730879 -3.95986843 
3.51119173e-06 -4.33044830 -4.21107101 -4.12580580 -4.04730879 -3.95986843 
2.84803587e-06 -4.33044830 -4.21107101 -4.12580580 -4.04730879 -3.95986843 
2.31012970e-06 -4.33044830 -4.21107101 -4.12580580 -4.04730879 -3.95986843 
1.87381742e-06 -4.33044830 -4.21107101 -4.12580580 -4.04730879 -3.95986843 
1.51991108e-06 -4.33044830 -4.21107101 -4.12580580 -4.04730879 -3.95986843 
1.23284674e-06 -4.33044830 -4.21107101 -4.12580580 -4.04730879 -3.95986843 
1.00000000e-06 -4.33044830 -4.21107101 -4.12580580 -4.04730879 -3.95986843 
8.11130831e-07 -4.33044830 -4.21107101 -4.12580580 -4.04730879 -3.95986843 
6.57933225e-07 -4.33044830 -4.21107101 -4.12580580 -4.04730879 -3.95986843 
5.33669923e-07 -4.33044830 -4.21107101 -4.12580580 -4.04730879 -3.95986843 
4.32876128e-07 -4.33044830 -4.21107101 -4.12580580 -4.04730879 -3.95986843 
3.51119173e-07 -4.33044830 -4.21107101 -4.12580580 -4.04730879 -3.95986843 
2.84803587e-07 -4.33044830 -4.21107101 -4.12580580 -4.04730879 -3.95986843 
2.31012970e-07 -4.33044830 -4.21107101 -4.12580580 -4.04730879 -3.95986843 
1.87381742e-07 -4.33044830 -4.21107101 -4.12580580 -4.04730879 -3.95986843 
1.51991108e-07 -4.33044830 -4.21107101 -4.12580580 -4.04730879 -3.95986843 
1.23284674e-07 -4.33044830 -4.21107101 -4.12580580 -4.04730879 -3.95986843 
1.00000000e-07 -4.33044830 -4.21107101 -4.12580580 -4.04730879 -3.95986843 
P (bar) | log_CO: -2σ | log_CO: -1σ | log_CO: median | log_CO: +1σ | log_CO: +2σ 
1.00000000e+02 -6.90748325 -6.28618259 -4.81202544 -3.73898678 -2.99685799 
8.11130831e+01 -6.90748325 -6.28618259 -4.81202544 -3.73898678 -2.99685799 
6.57933225e+01 -6.90748325 -6.28618259 -4.81202544 -3.73898678 -2.99685799 
5.33669923e+01 -6.90748325 -6.28618259 -4.81202544 -3.73898678 -2.99685799 
4.32876128e+01 -6.90748325 -6.28618259 -4.81202544 -3.73898678 -2.99685799 
3.51119173e+01 -6.90748325 -6.28618259 -4.81202544 -3.73898678 -2.99685799 
2.84803587e+01 -6.90748325 -6.28618259 -4.81202544 -3.73898678 -2.99685799 
2.31012970e+01 -6.90748325 -6.28618259 -4.81202544 -3.73898678 -2.99685799 
1.87381742e+01 -6.90748325 -6.28618259 -4.81202544 -3.73898678 -2.99685799 
1.51991108e+01 -6.90748325 -6.28618259 -4.81202544 -3.73898678 -2.99685799 
1.23284674e+01 -6.90748325 -6.28618259 -4.81202544 -3.73898678 -2.99685799 
1.00000000e+01 -6.90748325 -6.28618259 -4.81202544 -3.73898678 -2.99685799 
8.11130831e+00 -6.90748325 -6.28618259 -4.81202544 -3.73898678 -2.99685799 
6.57933225e+00 -6.90748325 -6.28618259 -4.81202544 -3.73898678 -2.99685799 
5.33669923e+00 -6.90748325 -6.28618259 -4.81202544 -3.73898678 -2.99685799 
4.32876128e+00 -6.90748325 -6.28618259 -4.81202544 -3.73898678 -2.99685799 
3.51119173e+00 -6.90748325 -6.28618259 -4.81202544 -3.73898678 -2.99685799 
2.84803587e+00 -6.90748325 -6.28618259 -4.81202544 -3.73898678 -2.99685799 
2.31012970e+00 -6.90748325 -6.28618259 -4.81202544 -3.73898678 -2.99685799 
1.87381742e+00 -6.90748325 -6.28618259 -4.81202544 -3.73898678 -2.99685799 
1.51991108e+00 -6.90748325 -6.28618259 -4.81202544 -3.73898678 -2.99685799 
1.23284674e+00 -6.90748325 -6.28618259 -4.81202544 -3.73898678 -2.99685799 
1.00000000e+00 -6.90748325 -6.28618259 -4.81202544 -3.73898678 -2.99685799 
8.11130831e-01 -6.90748325 -6.28618259 -4.81202544 -3.73898678 -2.99685799 
6.57933225e-01 -6.90748325 -6.28618259 -4.81202544 -3.73898678 -2.99685799 
5.33669923e-01 -6.90748325 -6.28618259 -4.81202544 -3.73898678 -2.99685799 
4.32876128e-01 -6.90748325 -6.28618259 -4.81202544 -3.73898678 -2.99685799 
3.51119173e-01 -6.90748325 -6.28618259 -4.81202544 -3.73898678 -2.99685799 
2.84803587e-01 -6.90748325 -6.28618259 -4.81202544 -3.73898678 -2.99685799 
2.31012970e-01 -6.90748325 -6.28618259 -4.81202544 -3.73898678 -2.99685799 
1.87381742e-01 -6.90748325 -6.28618259 -4.81202544 -3.73898678 -2.99685799 
1.51991108e-01 -6.90748325 -6.28618259 -4.81202544 -3.73898678 -2.99685799 
1.23284674e-01 -6.90748325 -6.28618259 -4.81202544 -3.73898678 -2.99685799 
1.00000000e-01 -6.90748325 -6.28618259 -4.81202544 -3.73898678 -2.99685799 
8.11130831e-02 -6.90748325 -6.28618259 -4.81202544 -3.73898678 -2.99685799 
6.57933225e-02 -6.90748325 -6.28618259 -4.81202544 -3.73898678 -2.99685799 
5.33669923e-02 -6.90748325 -6.28618259 -4.81202544 -3.73898678 -2.99685799 
4.32876128e-02 -6.90748325 -6.28618259 -4.81202544 -3.73898678 -2.99685799 
3.51119173e-02 -6.90748325 -6.28618259 -4.81202544 -3.73898678 -2.99685799 
2.84803587e-02 -6.90748325 -6.28618259 -4.81202544 -3.73898678 -2.99685799 
2.31012970e-02 -6.90748325 -6.28618259 -4.81202544 -3.73898678 -2.99685799 
1.87381742e-02 -6.90748325 -6.28618259 -4.81202544 -3.73898678 -2.99685799 
1.51991108e-02 -6.90748325 -6.28618259 -4.81202544 -3.73898678 -2.99685799 
1.23284674e-02 -6.90748325 -6.28618259 -4.81202544 -3.73898678 -2.99685799 
1.00000000e-02 -6.90748325 -6.28618259 -4.81202544 -3.73898678 -2.99685799 
8.11130831e-03 -6.90748325 -6.28618259 -4.81202544 -3.73898678 -2.99685799 
6.57933225e-03 -6.90748325 -6.28618259 -4.81202544 -3.73898678 -2.99685799 
5.33669923e-03 -6.90748325 -6.28618259 -4.81202544 -3.73898678 -2.99685799 
4.32876128e-03 -6.90748325 -6.28618259 -4.81202544 -3.73898678 -2.99685799 
3.51119173e-03 -6.90748325 -6.28618259 -4.81202544 -3.73898678 -2.99685799 
2.84803587e-03 -6.90748325 -6.28618259 -4.81202544 -3.73898678 -2.99685799 
2.31012970e-03 -6.90748325 -6.28618259 -4.81202544 -3.73898678 -2.99685799 
1.87381742e-03 -6.90748325 -6.28618259 -4.81202544 -3.73898678 -2.99685799 
1.51991108e-03 -6.90748325 -6.28618259 -4.81202544 -3.73898678 -2.99685799 
1.23284674e-03 -6.90748325 -6.28618259 -4.81202544 -3.73898678 -2.99685799 
1.00000000e-03 -6.90748325 -6.28618259 -4.81202544 -3.73898678 -2.99685799 
8.11130831e-04 -6.90748325 -6.28618259 -4.81202544 -3.73898678 -2.99685799 
6.57933225e-04 -6.90748325 -6.28618259 -4.81202544 -3.73898678 -2.99685799 
5.33669923e-04 -6.90748325 -6.28618259 -4.81202544 -3.73898678 -2.99685799 
4.32876128e-04 -6.90748325 -6.28618259 -4.81202544 -3.73898678 -2.99685799 
3.51119173e-04 -6.90748325 -6.28618259 -4.81202544 -3.73898678 -2.99685799 
2.84803587e-04 -6.90748325 -6.28618259 -4.81202544 -3.73898678 -2.99685799 
2.31012970e-04 -6.90748325 -6.28618259 -4.81202544 -3.73898678 -2.99685799 
1.87381742e-04 -6.90748325 -6.28618259 -4.81202544 -3.73898678 -2.99685799 
1.51991108e-04 -6.90748325 -6.28618259 -4.81202544 -3.73898678 -2.99685799 
1.23284674e-04 -6.90748325 -6.28618259 -4.81202544 -3.73898678 -2.99685799 
1.00000000e-04 -6.90748325 -6.28618259 -4.81202544 -3.73898678 -2.99685799 
8.11130831e-05 -6.90748325 -6.28618259 -4.81202544 -3.73898678 -2.99685799 
6.57933225e-05 -6.90748325 -6.28618259 -4.81202544 -3.73898678 -2.99685799 
5.33669923e-05 -6.90748325 -6.28618259 -4.81202544 -3.73898678 -2.99685799 
4.32876128e-05 -6.90748325 -6.28618259 -4.81202544 -3.73898678 -2.99685799 
3.51119173e-05 -6.90748325 -6.28618259 -4.81202544 -3.73898678 -2.99685799 
2.84803587e-05 -6.90748325 -6.28618259 -4.81202544 -3.73898678 -2.99685799 
2.31012970e-05 -6.90748325 -6.28618259 -4.81202544 -3.73898678 -2.99685799 
1.87381742e-05 -6.90748325 -6.28618259 -4.81202544 -3.73898678 -2.99685799 
1.51991108e-05 -6.90748325 -6.28618259 -4.81202544 -3.73898678 -2.99685799 
1.23284674e-05 -6.90748325 -6.28618259 -4.81202544 -3.73898678 -2.99685799 
1.00000000e-05 -6.90748325 -6.28618259 -4.81202544 -3.73898678 -2.99685799 
8.11130831e-06 -6.90748325 -6.28618259 -4.81202544 -3.73898678 -2.99685799 
6.57933225e-06 -6.90748325 -6.28618259 -4.81202544 -3.73898678 -2.99685799 
5.33669923e-06 -6.90748325 -6.28618259 -4.81202544 -3.73898678 -2.99685799 
4.32876128e-06 -6.90748325 -6.28618259 -4.81202544 -3.73898678 -2.99685799 
3.51119173e-06 -6.90748325 -6.28618259 -4.81202544 -3.73898678 -2.99685799 
2.84803587e-06 -6.90748325 -6.28618259 -4.81202544 -3.73898678 -2.99685799 
2.31012970e-06 -6.90748325 -6.28618259 -4.81202544 -3.73898678 -2.99685799 
1.87381742e-06 -6.90748325 -6.28618259 -4.81202544 -3.73898678 -2.99685799 
1.51991108e-06 -6.90748325 -6.28618259 -4.81202544 -3.73898678 -2.99685799 
1.23284674e-06 -6.90748325 -6.28618259 -4.81202544 -3.73898678 -2.99685799 
1.00000000e-06 -6.90748325 -6.28618259 -4.81202544 -3.73898678 -2.99685799 
8.11130831e-07 -6.90748325 -6.28618259 -4.81202544 -3.73898678 -2.99685799 
6.57933225e-07 -6.90748325 -6.28618259 -4.81202544 -3.73898678 -2.99685799 
5.33669923e-07 -6.90748325 -6.28618259 -4.81202544 -3.73898678 -2.99685799 
4.32876128e-07 -6.90748325 -6.28618259 -4.81202544 -3.73898678 -2.99685799 
3.51119173e-07 -6.90748325 -6.28618259 -4.81202544 -3.73898678 -2.99685799 
2.84803587e-07 -6.90748325 -6.28618259 -4.81202544 -3.73898678 -2.99685799 
2.31012970e-07 -6.90748325 -6.28618259 -4.81202544 -3.73898678 -2.99685799 
1.87381742e-07 -6.90748325 -6.28618259 -4.81202544 -3.73898678 -2.99685799 
1.51991108e-07 -6.90748325 -6.28618259 -4.81202544 -3.73898678 -2.99685799 
1.23284674e-07 -6.90748325 -6.28618259 -4.81202544 -3.73898678 -2.99685799 
1.00000000e-07 -6.90748325 -6.28618259 -4.81202544 -3.73898678 -2.99685799 
P (bar) | log_H2S: -2σ | log_H2S: -1σ | log_H2S: median | log_H2S: +1σ | log_H2S: +2σ 
1.00000000e+02 -2.67144760 -2.41973163 -2.24244635 -2.11167644 -1.98869953 
8.11130831e+01 -2.67144760 -2.41973163 -2.24244635 -2.11167644 -1.98869953 
6.57933225e+01 -2.67144760 -2.41973163 -2.24244635 -2.11167644 -1.98869953 
5.33669923e+01 -2.67144760 -2.41973163 -2.24244635 -2.11167644 -1.98869953 
4.32876128e+01 -2.67144760 -2.41973163 -2.24244635 -2.11167644 -1.98869953 
3.51119173e+01 -2.67144760 -2.41973163 -2.24244635 -2.11167644 -1.98869953 
2.84803587e+01 -2.67144760 -2.41973163 -2.24244635 -2.11167644 -1.98869953 
2.31012970e+01 -2.67144760 -2.41973163 -2.24244635 -2.11167644 -1.98869953 
1.87381742e+01 -2.67144760 -2.41973163 -2.24244635 -2.11167644 -1.98869953 
1.51991108e+01 -2.67144760 -2.41973163 -2.24244635 -2.11167644 -1.98869953 
1.23284674e+01 -2.67144760 -2.41973163 -2.24244635 -2.11167644 -1.98869953 
1.00000000e+01 -2.67144760 -2.41973163 -2.24244635 -2.11167644 -1.98869953 
8.11130831e+00 -2.67144760 -2.41973163 -2.24244635 -2.11167644 -1.98869953 
6.57933225e+00 -2.67144760 -2.41973163 -2.24244635 -2.11167644 -1.98869953 
5.33669923e+00 -2.67144760 -2.41973163 -2.24244635 -2.11167644 -1.98869953 
4.32876128e+00 -2.67144760 -2.41973163 -2.24244635 -2.11167644 -1.98869953 
3.51119173e+00 -2.67144760 -2.41973163 -2.24244635 -2.11167644 -1.98869953 
2.84803587e+00 -2.67144760 -2.41973163 -2.24244635 -2.11167644 -1.98869953 
2.31012970e+00 -2.67144760 -2.41973163 -2.24244635 -2.11167644 -1.98869953 
1.87381742e+00 -2.67144760 -2.41973163 -2.24244635 -2.11167644 -1.98869953 
1.51991108e+00 -2.67144760 -2.41973163 -2.24244635 -2.11167644 -1.98869953 
1.23284674e+00 -2.67144760 -2.41973163 -2.24244635 -2.11167644 -1.98869953 
1.00000000e+00 -2.67144760 -2.41973163 -2.24244635 -2.11167644 -1.98869953 
8.11130831e-01 -2.67144760 -2.41973163 -2.24244635 -2.11167644 -1.98869953 
6.57933225e-01 -2.67144760 -2.41973163 -2.24244635 -2.11167644 -1.98869953 
5.33669923e-01 -2.67144760 -2.41973163 -2.24244635 -2.11167644 -1.98869953 
4.32876128e-01 -2.67144760 -2.41973163 -2.24244635 -2.11167644 -1.98869953 
3.51119173e-01 -2.67144760 -2.41973163 -2.24244635 -2.11167644 -1.98869953 
2.84803587e-01 -2.67144760 -2.41973163 -2.24244635 -2.11167644 -1.98869953 
2.31012970e-01 -2.67144760 -2.41973163 -2.24244635 -2.11167644 -1.98869953 
1.87381742e-01 -2.67144760 -2.41973163 -2.24244635 -2.11167644 -1.98869953 
1.51991108e-01 -2.67144760 -2.41973163 -2.24244635 -2.11167644 -1.98869953 
1.23284674e-01 -2.67144760 -2.41973163 -2.24244635 -2.11167644 -1.98869953 
1.00000000e-01 -2.67144760 -2.41973163 -2.24244635 -2.11167644 -1.98869953 
8.11130831e-02 -2.67144760 -2.41973163 -2.24244635 -2.11167644 -1.98869953 
6.57933225e-02 -2.67144760 -2.41973163 -2.24244635 -2.11167644 -1.98869953 
5.33669923e-02 -2.67144760 -2.41973163 -2.24244635 -2.11167644 -1.98869953 
4.32876128e-02 -2.67144760 -2.41973163 -2.24244635 -2.11167644 -1.98869953 
3.51119173e-02 -2.67144760 -2.41973163 -2.24244635 -2.11167644 -1.98869953 
2.84803587e-02 -2.67144760 -2.41973163 -2.24244635 -2.11167644 -1.98869953 
2.31012970e-02 -2.67144760 -2.41973163 -2.24244635 -2.11167644 -1.98869953 
1.87381742e-02 -2.67144760 -2.41973163 -2.24244635 -2.11167644 -1.98869953 
1.51991108e-02 -2.67144760 -2.41973163 -2.24244635 -2.11167644 -1.98869953 
1.23284674e-02 -2.67144760 -2.41973163 -2.24244635 -2.11167644 -1.98869953 
1.00000000e-02 -2.67144760 -2.41973163 -2.24244635 -2.11167644 -1.98869953 
8.11130831e-03 -2.67144760 -2.41973163 -2.24244635 -2.11167644 -1.98869953 
6.57933225e-03 -2.67144760 -2.41973163 -2.24244635 -2.11167644 -1.98869953 
5.33669923e-03 -2.67144760 -2.41973163 -2.24244635 -2.11167644 -1.98869953 
4.32876128e-03 -2.67144760 -2.41973163 -2.24244635 -2.11167644 -1.98869953 
3.51119173e-03 -2.67144760 -2.41973163 -2.24244635 -2.11167644 -1.98869953 
2.84803587e-03 -2.67144760 -2.41973163 -2.24244635 -2.11167644 -1.98869953 
2.31012970e-03 -2.67144760 -2.41973163 -2.24244635 -2.11167644 -1.98869953 
1.87381742e-03 -2.67144760 -2.41973163 -2.24244635 -2.11167644 -1.98869953 
1.51991108e-03 -2.67144760 -2.41973163 -2.24244635 -2.11167644 -1.98869953 
1.23284674e-03 -2.67144760 -2.41973163 -2.24244635 -2.11167644 -1.98869953 
1.00000000e-03 -2.67144760 -2.41973163 -2.24244635 -2.11167644 -1.98869953 
8.11130831e-04 -2.67144760 -2.41973163 -2.24244635 -2.11167644 -1.98869953 
6.57933225e-04 -2.67144760 -2.41973163 -2.24244635 -2.11167644 -1.98869953 
5.33669923e-04 -2.67144760 -2.41973163 -2.24244635 -2.11167644 -1.98869953 
4.32876128e-04 -2.67144760 -2.41973163 -2.24244635 -2.11167644 -1.98869953 
3.51119173e-04 -2.67144760 -2.41973163 -2.24244635 -2.11167644 -1.98869953 
2.84803587e-04 -2.67144760 -2.41973163 -2.24244635 -2.11167644 -1.98869953 
2.31012970e-04 -2.67144760 -2.41973163 -2.24244635 -2.11167644 -1.98869953 
1.87381742e-04 -2.67144760 -2.41973163 -2.24244635 -2.11167644 -1.98869953 
1.51991108e-04 -2.67144760 -2.41973163 -2.24244635 -2.11167644 -1.98869953 
1.23284674e-04 -2.67144760 -2.41973163 -2.24244635 -2.11167644 -1.98869953 
1.00000000e-04 -2.67144760 -2.41973163 -2.24244635 -2.11167644 -1.98869953 
8.11130831e-05 -2.67144760 -2.41973163 -2.24244635 -2.11167644 -1.98869953 
6.57933225e-05 -2.67144760 -2.41973163 -2.24244635 -2.11167644 -1.98869953 
5.33669923e-05 -2.67144760 -2.41973163 -2.24244635 -2.11167644 -1.98869953 
4.32876128e-05 -2.67144760 -2.41973163 -2.24244635 -2.11167644 -1.98869953 
3.51119173e-05 -2.67144760 -2.41973163 -2.24244635 -2.11167644 -1.98869953 
2.84803587e-05 -2.67144760 -2.41973163 -2.24244635 -2.11167644 -1.98869953 
2.31012970e-05 -2.67144760 -2.41973163 -2.24244635 -2.11167644 -1.98869953 
1.87381742e-05 -2.67144760 -2.41973163 -2.24244635 -2.11167644 -1.98869953 
1.51991108e-05 -2.67144760 -2.41973163 -2.24244635 -2.11167644 -1.98869953 
1.23284674e-05 -2.67144760 -2.41973163 -2.24244635 -2.11167644 -1.98869953 
1.00000000e-05 -2.67144760 -2.41973163 -2.24244635 -2.11167644 -1.98869953 
8.11130831e-06 -2.67144760 -2.41973163 -2.24244635 -2.11167644 -1.98869953 
6.57933225e-06 -2.67144760 -2.41973163 -2.24244635 -2.11167644 -1.98869953 
5.33669923e-06 -2.67144760 -2.41973163 -2.24244635 -2.11167644 -1.98869953 
4.32876128e-06 -2.67144760 -2.41973163 -2.24244635 -2.11167644 -1.98869953 
3.51119173e-06 -2.67144760 -2.41973163 -2.24244635 -2.11167644 -1.98869953 
2.84803587e-06 -2.67144760 -2.41973163 -2.24244635 -2.11167644 -1.98869953 
2.31012970e-06 -2.67144760 -2.41973163 -2.24244635 -2.11167644 -1.98869953 
1.87381742e-06 -2.67144760 -2.41973163 -2.24244635 -2.11167644 -1.98869953 
1.51991108e-06 -2.67144760 -2.41973163 -2.24244635 -2.11167644 -1.98869953 
1.23284674e-06 -2.67144760 -2.41973163 -2.24244635 -2.11167644 -1.98869953 
1.00000000e-06 -2.67144760 -2.41973163 -2.24244635 -2.11167644 -1.98869953 
8.11130831e-07 -2.67144760 -2.41973163 -2.24244635 -2.11167644 -1.98869953 
6.57933225e-07 -2.67144760 -2.41973163 -2.24244635 -2.11167644 -1.98869953 
5.33669923e-07 -2.67144760 -2.41973163 -2.24244635 -2.11167644 -1.98869953 
4.32876128e-07 -2.67144760 -2.41973163 -2.24244635 -2.11167644 -1.98869953 
3.51119173e-07 -2.67144760 -2.41973163 -2.24244635 -2.11167644 -1.98869953 
2.84803587e-07 -2.67144760 -2.41973163 -2.24244635 -2.11167644 -1.98869953 
2.31012970e-07 -2.67144760 -2.41973163 -2.24244635 -2.11167644 -1.98869953 
1.87381742e-07 -2.67144760 -2.41973163 -2.24244635 -2.11167644 -1.98869953 
1.51991108e-07 -2.67144760 -2.41973163 -2.24244635 -2.11167644 -1.98869953 
1.23284674e-07 -2.67144760 -2.41973163 -2.24244635 -2.11167644 -1.98869953 
1.00000000e-07 -2.67144760 -2.41973163 -2.24244635 -2.11167644 -1.98869953 
P (bar) | log_NH3: -2σ | log_NH3: -1σ | log_NH3: median | log_NH3: +1σ | log_NH3: +2σ 
1.00000000e+02 -8.92802201 -8.49252278 -7.26295848 -6.00319427 -5.15399703 
8.11130831e+01 -8.92802201 -8.49252278 -7.26295848 -6.00319427 -5.15399703 
6.57933225e+01 -8.92802201 -8.49252278 -7.26295848 -6.00319427 -5.15399703 
5.33669923e+01 -8.92802201 -8.49252278 -7.26295848 -6.00319427 -5.15399703 
4.32876128e+01 -8.92802201 -8.49252278 -7.26295848 -6.00319427 -5.15399703 
3.51119173e+01 -8.92802201 -8.49252278 -7.26295848 -6.00319427 -5.15399703 
2.84803587e+01 -8.92802201 -8.49252278 -7.26295848 -6.00319427 -5.15399703 
2.31012970e+01 -8.92802201 -8.49252278 -7.26295848 -6.00319427 -5.15399703 
1.87381742e+01 -8.92802201 -8.49252278 -7.26295848 -6.00319427 -5.15399703 
1.51991108e+01 -8.92802201 -8.49252278 -7.26295848 -6.00319427 -5.15399703 
1.23284674e+01 -8.92802201 -8.49252278 -7.26295848 -6.00319427 -5.15399703 
1.00000000e+01 -8.92802201 -8.49252278 -7.26295848 -6.00319427 -5.15399703 
8.11130831e+00 -8.92802201 -8.49252278 -7.26295848 -6.00319427 -5.15399703 
6.57933225e+00 -8.92802201 -8.49252278 -7.26295848 -6.00319427 -5.15399703 
5.33669923e+00 -8.92802201 -8.49252278 -7.26295848 -6.00319427 -5.15399703 
4.32876128e+00 -8.92802201 -8.49252278 -7.26295848 -6.00319427 -5.15399703 
3.51119173e+00 -8.92802201 -8.49252278 -7.26295848 -6.00319427 -5.15399703 
2.84803587e+00 -8.92802201 -8.49252278 -7.26295848 -6.00319427 -5.15399703 
2.31012970e+00 -8.92802201 -8.49252278 -7.26295848 -6.00319427 -5.15399703 
1.87381742e+00 -8.92802201 -8.49252278 -7.26295848 -6.00319427 -5.15399703 
1.51991108e+00 -8.92802201 -8.49252278 -7.26295848 -6.00319427 -5.15399703 
1.23284674e+00 -8.92802201 -8.49252278 -7.26295848 -6.00319427 -5.15399703 
1.00000000e+00 -8.92802201 -8.49252278 -7.26295848 -6.00319427 -5.15399703 
8.11130831e-01 -8.92802201 -8.49252278 -7.26295848 -6.00319427 -5.15399703 
6.57933225e-01 -8.92802201 -8.49252278 -7.26295848 -6.00319427 -5.15399703 
5.33669923e-01 -8.92802201 -8.49252278 -7.26295848 -6.00319427 -5.15399703 
4.32876128e-01 -8.92802201 -8.49252278 -7.26295848 -6.00319427 -5.15399703 
3.51119173e-01 -8.92802201 -8.49252278 -7.26295848 -6.00319427 -5.15399703 
2.84803587e-01 -8.92802201 -8.49252278 -7.26295848 -6.00319427 -5.15399703 
2.31012970e-01 -8.92802201 -8.49252278 -7.26295848 -6.00319427 -5.15399703 
1.87381742e-01 -8.92802201 -8.49252278 -7.26295848 -6.00319427 -5.15399703 
1.51991108e-01 -8.92802201 -8.49252278 -7.26295848 -6.00319427 -5.15399703 
1.23284674e-01 -8.92802201 -8.49252278 -7.26295848 -6.00319427 -5.15399703 
1.00000000e-01 -8.92802201 -8.49252278 -7.26295848 -6.00319427 -5.15399703 
8.11130831e-02 -8.92802201 -8.49252278 -7.26295848 -6.00319427 -5.15399703 
6.57933225e-02 -8.92802201 -8.49252278 -7.26295848 -6.00319427 -5.15399703 
5.33669923e-02 -8.92802201 -8.49252278 -7.26295848 -6.00319427 -5.15399703 
4.32876128e-02 -8.92802201 -8.49252278 -7.26295848 -6.00319427 -5.15399703 
3.51119173e-02 -8.92802201 -8.49252278 -7.26295848 -6.00319427 -5.15399703 
2.84803587e-02 -8.92802201 -8.49252278 -7.26295848 -6.00319427 -5.15399703 
2.31012970e-02 -8.92802201 -8.49252278 -7.26295848 -6.00319427 -5.15399703 
1.87381742e-02 -8.92802201 -8.49252278 -7.26295848 -6.00319427 -5.15399703 
1.51991108e-02 -8.92802201 -8.49252278 -7.26295848 -6.00319427 -5.15399703 
1.23284674e-02 -8.92802201 -8.49252278 -7.26295848 -6.00319427 -5.15399703 
1.00000000e-02 -8.92802201 -8.49252278 -7.26295848 -6.00319427 -5.15399703 
8.11130831e-03 -8.92802201 -8.49252278 -7.26295848 -6.00319427 -5.15399703 
6.57933225e-03 -8.92802201 -8.49252278 -7.26295848 -6.00319427 -5.15399703 
5.33669923e-03 -8.92802201 -8.49252278 -7.26295848 -6.00319427 -5.15399703 
4.32876128e-03 -8.92802201 -8.49252278 -7.26295848 -6.00319427 -5.15399703 
3.51119173e-03 -8.92802201 -8.49252278 -7.26295848 -6.00319427 -5.15399703 
2.84803587e-03 -8.92802201 -8.49252278 -7.26295848 -6.00319427 -5.15399703 
2.31012970e-03 -8.92802201 -8.49252278 -7.26295848 -6.00319427 -5.15399703 
1.87381742e-03 -8.92802201 -8.49252278 -7.26295848 -6.00319427 -5.15399703 
1.51991108e-03 -8.92802201 -8.49252278 -7.26295848 -6.00319427 -5.15399703 
1.23284674e-03 -8.92802201 -8.49252278 -7.26295848 -6.00319427 -5.15399703 
1.00000000e-03 -8.92802201 -8.49252278 -7.26295848 -6.00319427 -5.15399703 
8.11130831e-04 -8.92802201 -8.49252278 -7.26295848 -6.00319427 -5.15399703 
6.57933225e-04 -8.92802201 -8.49252278 -7.26295848 -6.00319427 -5.15399703 
5.33669923e-04 -8.92802201 -8.49252278 -7.26295848 -6.00319427 -5.15399703 
4.32876128e-04 -8.92802201 -8.49252278 -7.26295848 -6.00319427 -5.15399703 
3.51119173e-04 -8.92802201 -8.49252278 -7.26295848 -6.00319427 -5.15399703 
2.84803587e-04 -8.92802201 -8.49252278 -7.26295848 -6.00319427 -5.15399703 
2.31012970e-04 -8.92802201 -8.49252278 -7.26295848 -6.00319427 -5.15399703 
1.87381742e-04 -8.92802201 -8.49252278 -7.26295848 -6.00319427 -5.15399703 
1.51991108e-04 -8.92802201 -8.49252278 -7.26295848 -6.00319427 -5.15399703 
1.23284674e-04 -8.92802201 -8.49252278 -7.26295848 -6.00319427 -5.15399703 
1.00000000e-04 -8.92802201 -8.49252278 -7.26295848 -6.00319427 -5.15399703 
8.11130831e-05 -8.92802201 -8.49252278 -7.26295848 -6.00319427 -5.15399703 
6.57933225e-05 -8.92802201 -8.49252278 -7.26295848 -6.00319427 -5.15399703 
5.33669923e-05 -8.92802201 -8.49252278 -7.26295848 -6.00319427 -5.15399703 
4.32876128e-05 -8.92802201 -8.49252278 -7.26295848 -6.00319427 -5.15399703 
3.51119173e-05 -8.92802201 -8.49252278 -7.26295848 -6.00319427 -5.15399703 
2.84803587e-05 -8.92802201 -8.49252278 -7.26295848 -6.00319427 -5.15399703 
2.31012970e-05 -8.92802201 -8.49252278 -7.26295848 -6.00319427 -5.15399703 
1.87381742e-05 -8.92802201 -8.49252278 -7.26295848 -6.00319427 -5.15399703 
1.51991108e-05 -8.92802201 -8.49252278 -7.26295848 -6.00319427 -5.15399703 
1.23284674e-05 -8.92802201 -8.49252278 -7.26295848 -6.00319427 -5.15399703 
1.00000000e-05 -8.92802201 -8.49252278 -7.26295848 -6.00319427 -5.15399703 
8.11130831e-06 -8.92802201 -8.49252278 -7.26295848 -6.00319427 -5.15399703 
6.57933225e-06 -8.92802201 -8.49252278 -7.26295848 -6.00319427 -5.15399703 
5.33669923e-06 -8.92802201 -8.49252278 -7.26295848 -6.00319427 -5.15399703 
4.32876128e-06 -8.92802201 -8.49252278 -7.26295848 -6.00319427 -5.15399703 
3.51119173e-06 -8.92802201 -8.49252278 -7.26295848 -6.00319427 -5.15399703 
2.84803587e-06 -8.92802201 -8.49252278 -7.26295848 -6.00319427 -5.15399703 
2.31012970e-06 -8.92802201 -8.49252278 -7.26295848 -6.00319427 -5.15399703 
1.87381742e-06 -8.92802201 -8.49252278 -7.26295848 -6.00319427 -5.15399703 
1.51991108e-06 -8.92802201 -8.49252278 -7.26295848 -6.00319427 -5.15399703 
1.23284674e-06 -8.92802201 -8.49252278 -7.26295848 -6.00319427 -5.15399703 
1.00000000e-06 -8.92802201 -8.49252278 -7.26295848 -6.00319427 -5.15399703 
8.11130831e-07 -8.92802201 -8.49252278 -7.26295848 -6.00319427 -5.15399703 
6.57933225e-07 -8.92802201 -8.49252278 -7.26295848 -6.00319427 -5.15399703 
5.33669923e-07 -8.92802201 -8.49252278 -7.26295848 -6.00319427 -5.15399703 
4.32876128e-07 -8.92802201 -8.49252278 -7.26295848 -6.00319427 -5.15399703 
3.51119173e-07 -8.92802201 -8.49252278 -7.26295848 -6.00319427 -5.15399703 
2.84803587e-07 -8.92802201 -8.49252278 -7.26295848 -6.00319427 -5.15399703 
2.31012970e-07 -8.92802201 -8.49252278 -7.26295848 -6.00319427 -5.15399703 
1.87381742e-07 -8.92802201 -8.49252278 -7.26295848 -6.00319427 -5.15399703 
1.51991108e-07 -8.92802201 -8.49252278 -7.26295848 -6.00319427 -5.15399703 
1.23284674e-07 -8.92802201 -8.49252278 -7.26295848 -6.00319427 -5.15399703 
1.00000000e-07 -8.92802201 -8.49252278 -7.26295848 -6.00319427 -5.15399703 
P (bar) | log_CH4: -2σ | log_CH4: -1σ | log_CH4: median | log_CH4: +1σ | log_CH4: +2σ 
1.00000000e+02 -4.95196916 -4.78497436 -4.64917656 -4.53100569 -4.41306131 
8.11130831e+01 -4.95196916 -4.78497436 -4.64917656 -4.53100569 -4.41306131 
6.57933225e+01 -4.95196916 -4.78497436 -4.64917656 -4.53100569 -4.41306131 
5.33669923e+01 -4.95196916 -4.78497436 -4.64917656 -4.53100569 -4.41306131 
4.32876128e+01 -4.95196916 -4.78497436 -4.64917656 -4.53100569 -4.41306131 
3.51119173e+01 -4.95196916 -4.78497436 -4.64917656 -4.53100569 -4.41306131 
2.84803587e+01 -4.95196916 -4.78497436 -4.64917656 -4.53100569 -4.41306131 
2.31012970e+01 -4.95196916 -4.78497436 -4.64917656 -4.53100569 -4.41306131 
1.87381742e+01 -4.95196916 -4.78497436 -4.64917656 -4.53100569 -4.41306131 
1.51991108e+01 -4.95196916 -4.78497436 -4.64917656 -4.53100569 -4.41306131 
1.23284674e+01 -4.95196916 -4.78497436 -4.64917656 -4.53100569 -4.41306131 
1.00000000e+01 -4.95196916 -4.78497436 -4.64917656 -4.53100569 -4.41306131 
8.11130831e+00 -4.95196916 -4.78497436 -4.64917656 -4.53100569 -4.41306131 
6.57933225e+00 -4.95196916 -4.78497436 -4.64917656 -4.53100569 -4.41306131 
5.33669923e+00 -4.95196916 -4.78497436 -4.64917656 -4.53100569 -4.41306131 
4.32876128e+00 -4.95196916 -4.78497436 -4.64917656 -4.53100569 -4.41306131 
3.51119173e+00 -4.95196916 -4.78497436 -4.64917656 -4.53100569 -4.41306131 
2.84803587e+00 -4.95196916 -4.78497436 -4.64917656 -4.53100569 -4.41306131 
2.31012970e+00 -4.95196916 -4.78497436 -4.64917656 -4.53100569 -4.41306131 
1.87381742e+00 -4.95196916 -4.78497436 -4.64917656 -4.53100569 -4.41306131 
1.51991108e+00 -4.95196916 -4.78497436 -4.64917656 -4.53100569 -4.41306131 
1.23284674e+00 -4.95196916 -4.78497436 -4.64917656 -4.53100569 -4.41306131 
1.00000000e+00 -4.95196916 -4.78497436 -4.64917656 -4.53100569 -4.41306131 
8.11130831e-01 -4.95196916 -4.78497436 -4.64917656 -4.53100569 -4.41306131 
6.57933225e-01 -4.95196916 -4.78497436 -4.64917656 -4.53100569 -4.41306131 
5.33669923e-01 -4.95196916 -4.78497436 -4.64917656 -4.53100569 -4.41306131 
4.32876128e-01 -4.95196916 -4.78497436 -4.64917656 -4.53100569 -4.41306131 
3.51119173e-01 -4.95196916 -4.78497436 -4.64917656 -4.53100569 -4.41306131 
2.84803587e-01 -4.95196916 -4.78497436 -4.64917656 -4.53100569 -4.41306131 
2.31012970e-01 -4.95196916 -4.78497436 -4.64917656 -4.53100569 -4.41306131 
1.87381742e-01 -4.95196916 -4.78497436 -4.64917656 -4.53100569 -4.41306131 
1.51991108e-01 -4.95196916 -4.78497436 -4.64917656 -4.53100569 -4.41306131 
1.23284674e-01 -4.95196916 -4.78497436 -4.64917656 -4.53100569 -4.41306131 
1.00000000e-01 -4.95196916 -4.78497436 -4.64917656 -4.53100569 -4.41306131 
8.11130831e-02 -4.95196916 -4.78497436 -4.64917656 -4.53100569 -4.41306131 
6.57933225e-02 -4.95196916 -4.78497436 -4.64917656 -4.53100569 -4.41306131 
5.33669923e-02 -4.95196916 -4.78497436 -4.64917656 -4.53100569 -4.41306131 
4.32876128e-02 -4.95196916 -4.78497436 -4.64917656 -4.53100569 -4.41306131 
3.51119173e-02 -4.95196916 -4.78497436 -4.64917656 -4.53100569 -4.41306131 
2.84803587e-02 -4.95196916 -4.78497436 -4.64917656 -4.53100569 -4.41306131 
2.31012970e-02 -4.95196916 -4.78497436 -4.64917656 -4.53100569 -4.41306131 
1.87381742e-02 -4.95196916 -4.78497436 -4.64917656 -4.53100569 -4.41306131 
1.51991108e-02 -4.95196916 -4.78497436 -4.64917656 -4.53100569 -4.41306131 
1.23284674e-02 -4.95196916 -4.78497436 -4.64917656 -4.53100569 -4.41306131 
1.00000000e-02 -4.95196916 -4.78497436 -4.64917656 -4.53100569 -4.41306131 
8.11130831e-03 -4.95196916 -4.78497436 -4.64917656 -4.53100569 -4.41306131 
6.57933225e-03 -4.95196916 -4.78497436 -4.64917656 -4.53100569 -4.41306131 
5.33669923e-03 -4.95196916 -4.78497436 -4.64917656 -4.53100569 -4.41306131 
4.32876128e-03 -4.95196916 -4.78497436 -4.64917656 -4.53100569 -4.41306131 
3.51119173e-03 -4.95196916 -4.78497436 -4.64917656 -4.53100569 -4.41306131 
2.84803587e-03 -4.95196916 -4.78497436 -4.64917656 -4.53100569 -4.41306131 
2.31012970e-03 -4.95196916 -4.78497436 -4.64917656 -4.53100569 -4.41306131 
1.87381742e-03 -4.95196916 -4.78497436 -4.64917656 -4.53100569 -4.41306131 
1.51991108e-03 -4.95196916 -4.78497436 -4.64917656 -4.53100569 -4.41306131 
1.23284674e-03 -4.95196916 -4.78497436 -4.64917656 -4.53100569 -4.41306131 
1.00000000e-03 -4.95196916 -4.78497436 -4.64917656 -4.53100569 -4.41306131 
8.11130831e-04 -4.95196916 -4.78497436 -4.64917656 -4.53100569 -4.41306131 
6.57933225e-04 -4.95196916 -4.78497436 -4.64917656 -4.53100569 -4.41306131 
5.33669923e-04 -4.95196916 -4.78497436 -4.64917656 -4.53100569 -4.41306131 
4.32876128e-04 -4.95196916 -4.78497436 -4.64917656 -4.53100569 -4.41306131 
3.51119173e-04 -4.95196916 -4.78497436 -4.64917656 -4.53100569 -4.41306131 
2.84803587e-04 -4.95196916 -4.78497436 -4.64917656 -4.53100569 -4.41306131 
2.31012970e-04 -4.95196916 -4.78497436 -4.64917656 -4.53100569 -4.41306131 
1.87381742e-04 -4.95196916 -4.78497436 -4.64917656 -4.53100569 -4.41306131 
1.51991108e-04 -4.95196916 -4.78497436 -4.64917656 -4.53100569 -4.41306131 
1.23284674e-04 -4.95196916 -4.78497436 -4.64917656 -4.53100569 -4.41306131 
1.00000000e-04 -4.95196916 -4.78497436 -4.64917656 -4.53100569 -4.41306131 
8.11130831e-05 -4.95196916 -4.78497436 -4.64917656 -4.53100569 -4.41306131 
6.57933225e-05 -4.95196916 -4.78497436 -4.64917656 -4.53100569 -4.41306131 
5.33669923e-05 -4.95196916 -4.78497436 -4.64917656 -4.53100569 -4.41306131 
4.32876128e-05 -4.95196916 -4.78497436 -4.64917656 -4.53100569 -4.41306131 
3.51119173e-05 -4.95196916 -4.78497436 -4.64917656 -4.53100569 -4.41306131 
2.84803587e-05 -4.95196916 -4.78497436 -4.64917656 -4.53100569 -4.41306131 
2.31012970e-05 -4.95196916 -4.78497436 -4.64917656 -4.53100569 -4.41306131 
1.87381742e-05 -4.95196916 -4.78497436 -4.64917656 -4.53100569 -4.41306131 
1.51991108e-05 -4.95196916 -4.78497436 -4.64917656 -4.53100569 -4.41306131 
1.23284674e-05 -4.95196916 -4.78497436 -4.64917656 -4.53100569 -4.41306131 
1.00000000e-05 -4.95196916 -4.78497436 -4.64917656 -4.53100569 -4.41306131 
8.11130831e-06 -4.95196916 -4.78497436 -4.64917656 -4.53100569 -4.41306131 
6.57933225e-06 -4.95196916 -4.78497436 -4.64917656 -4.53100569 -4.41306131 
5.33669923e-06 -4.95196916 -4.78497436 -4.64917656 -4.53100569 -4.41306131 
4.32876128e-06 -4.95196916 -4.78497436 -4.64917656 -4.53100569 -4.41306131 
3.51119173e-06 -4.95196916 -4.78497436 -4.64917656 -4.53100569 -4.41306131 
2.84803587e-06 -4.95196916 -4.78497436 -4.64917656 -4.53100569 -4.41306131 
2.31012970e-06 -4.95196916 -4.78497436 -4.64917656 -4.53100569 -4.41306131 
1.87381742e-06 -4.95196916 -4.78497436 -4.64917656 -4.53100569 -4.41306131 
1.51991108e-06 -4.95196916 -4.78497436 -4.64917656 -4.53100569 -4.41306131 
1.23284674e-06 -4.95196916 -4.78497436 -4.64917656 -4.53100569 -4.41306131 
1.00000000e-06 -4.95196916 -4.78497436 -4.64917656 -4.53100569 -4.41306131 
8.11130831e-07 -4.95196916 -4.78497436 -4.64917656 -4.53100569 -4.41306131 
6.57933225e-07 -4.95196916 -4.78497436 -4.64917656 -4.53100569 -4.41306131 
5.33669923e-07 -4.95196916 -4.78497436 -4.64917656 -4.53100569 -4.41306131 
4.32876128e-07 -4.95196916 -4.78497436 -4.64917656 -4.53100569 -4.41306131 
3.51119173e-07 -4.95196916 -4.78497436 -4.64917656 -4.53100569 -4.41306131 
2.84803587e-07 -4.95196916 -4.78497436 -4.64917656 -4.53100569 -4.41306131 
2.31012970e-07 -4.95196916 -4.78497436 -4.64917656 -4.53100569 -4.41306131 
1.87381742e-07 -4.95196916 -4.78497436 -4.64917656 -4.53100569 -4.41306131 
1.51991108e-07 -4.95196916 -4.78497436 -4.64917656 -4.53100569 -4.41306131 
1.23284674e-07 -4.95196916 -4.78497436 -4.64917656 -4.53100569 -4.41306131 
1.00000000e-07 -4.95196916 -4.78497436 -4.64917656 -4.53100569 -4.41306131 
