Chemical species: H2 He H2O CO2 K CO
P (bar) | log_H2: -2σ | log_H2: -1σ | log_H2: median | log_H2: +1σ | log_H2: +2σ 
1.00000000e+02 -0.09398774 -0.08542053 -0.07918740 -0.07524237 -0.07262602 
8.11130831e+01 -0.09398774 -0.08542053 -0.07918740 -0.07524237 -0.07262602 
6.57933225e+01 -0.09398774 -0.08542053 -0.07918740 -0.07524237 -0.07262602 
5.33669923e+01 -0.09398774 -0.08542053 -0.07918740 -0.07524237 -0.07262602 
4.32876128e+01 -0.09398774 -0.08542053 -0.07918740 -0.07524237 -0.07262602 
3.51119173e+01 -0.09398774 -0.08542053 -0.07918740 -0.07524237 -0.07262602 
2.84803587e+01 -0.09398774 -0.08542053 -0.07918740 -0.07524237 -0.07262602 
2.31012970e+01 -0.09398774 -0.08542053 -0.07918740 -0.07524237 -0.07262602 
1.87381742e+01 -0.09398774 -0.08542053 -0.07918740 -0.07524237 -0.07262602 
1.51991108e+01 -0.09398774 -0.08542053 -0.07918740 -0.07524237 -0.07262602 
1.23284674e+01 -0.09398774 -0.08542053 -0.07918740 -0.07524237 -0.07262602 
1.00000000e+01 -0.09398774 -0.08542053 -0.07918740 -0.07524237 -0.07262602 
8.11130831e+00 -0.09398774 -0.08542053 -0.07918740 -0.07524237 -0.07262602 
6.57933225e+00 -0.09398774 -0.08542053 -0.07918740 -0.07524237 -0.07262602 
5.33669923e+00 -0.09398774 -0.08542053 -0.07918740 -0.07524237 -0.07262602 
4.32876128e+00 -0.09398774 -0.08542053 -0.07918740 -0.07524237 -0.07262602 
3.51119173e+00 -0.09398774 -0.08542053 -0.07918740 -0.07524237 -0.07262602 
2.84803587e+00 -0.09398774 -0.08542053 -0.07918740 -0.07524237 -0.07262602 
2.31012970e+00 -0.09398774 -0.08542053 -0.07918740 -0.07524237 -0.07262602 
1.87381742e+00 -0.09398774 -0.08542053 -0.07918740 -0.07524237 -0.07262602 
1.51991108e+00 -0.09398774 -0.08542053 -0.07918740 -0.07524237 -0.07262602 
1.23284674e+00 -0.09398774 -0.08542053 -0.07918740 -0.07524237 -0.07262602 
1.00000000e+00 -0.09398774 -0.08542053 -0.07918740 -0.07524237 -0.07262602 
8.11130831e-01 -0.09398774 -0.08542053 -0.07918740 -0.07524237 -0.07262602 
6.57933225e-01 -0.09398774 -0.08542053 -0.07918740 -0.07524237 -0.07262602 
5.33669923e-01 -0.09398774 -0.08542053 -0.07918740 -0.07524237 -0.07262602 
4.32876128e-01 -0.09398774 -0.08542053 -0.07918740 -0.07524237 -0.07262602 
3.51119173e-01 -0.09398774 -0.08542053 -0.07918740 -0.07524237 -0.07262602 
2.84803587e-01 -0.09398774 -0.08542053 -0.07918740 -0.07524237 -0.07262602 
2.31012970e-01 -0.09398774 -0.08542053 -0.07918740 -0.07524237 -0.07262602 
1.87381742e-01 -0.09398774 -0.08542053 -0.07918740 -0.07524237 -0.07262602 
1.51991108e-01 -0.09398774 -0.08542053 -0.07918740 -0.07524237 -0.07262602 
1.23284674e-01 -0.09398774 -0.08542053 -0.07918740 -0.07524237 -0.07262602 
1.00000000e-01 -0.09398774 -0.08542053 -0.07918740 -0.07524237 -0.07262602 
8.11130831e-02 -0.09398774 -0.08542053 -0.07918740 -0.07524237 -0.07262602 
6.57933225e-02 -0.09398774 -0.08542053 -0.07918740 -0.07524237 -0.07262602 
5.33669923e-02 -0.09398774 -0.08542053 -0.07918740 -0.07524237 -0.07262602 
4.32876128e-02 -0.09398774 -0.08542053 -0.07918740 -0.07524237 -0.07262602 
3.51119173e-02 -0.09398774 -0.08542053 -0.07918740 -0.07524237 -0.07262602 
2.84803587e-02 -0.09398774 -0.08542053 -0.07918740 -0.07524237 -0.07262602 
2.31012970e-02 -0.09398774 -0.08542053 -0.07918740 -0.07524237 -0.07262602 
1.87381742e-02 -0.09398774 -0.08542053 -0.07918740 -0.07524237 -0.07262602 
1.51991108e-02 -0.09398774 -0.08542053 -0.07918740 -0.07524237 -0.07262602 
1.23284674e-02 -0.09398774 -0.08542053 -0.07918740 -0.07524237 -0.07262602 
1.00000000e-02 -0.09398774 -0.08542053 -0.07918740 -0.07524237 -0.07262602 
8.11130831e-03 -0.09398774 -0.08542053 -0.07918740 -0.07524237 -0.07262602 
6.57933225e-03 -0.09398774 -0.08542053 -0.07918740 -0.07524237 -0.07262602 
5.33669923e-03 -0.09398774 -0.08542053 -0.07918740 -0.07524237 -0.07262602 
4.32876128e-03 -0.09398774 -0.08542053 -0.07918740 -0.07524237 -0.07262602 
3.51119173e-03 -0.09398774 -0.08542053 -0.07918740 -0.07524237 -0.07262602 
2.84803587e-03 -0.09398774 -0.08542053 -0.07918740 -0.07524237 -0.07262602 
2.31012970e-03 -0.09398774 -0.08542053 -0.07918740 -0.07524237 -0.07262602 
1.87381742e-03 -0.09398774 -0.08542053 -0.07918740 -0.07524237 -0.07262602 
1.51991108e-03 -0.09398774 -0.08542053 -0.07918740 -0.07524237 -0.07262602 
1.23284674e-03 -0.09398774 -0.08542053 -0.07918740 -0.07524237 -0.07262602 
1.00000000e-03 -0.09398774 -0.08542053 -0.07918740 -0.07524237 -0.07262602 
8.11130831e-04 -0.09398774 -0.08542053 -0.07918740 -0.07524237 -0.07262602 
6.57933225e-04 -0.09398774 -0.08542053 -0.07918740 -0.07524237 -0.07262602 
5.33669923e-04 -0.09398774 -0.08542053 -0.07918740 -0.07524237 -0.07262602 
4.32876128e-04 -0.09398774 -0.08542053 -0.07918740 -0.07524237 -0.07262602 
3.51119173e-04 -0.09398774 -0.08542053 -0.07918740 -0.07524237 -0.07262602 
2.84803587e-04 -0.09398774 -0.08542053 -0.07918740 -0.07524237 -0.07262602 
2.31012970e-04 -0.09398774 -0.08542053 -0.07918740 -0.07524237 -0.07262602 
1.87381742e-04 -0.09398774 -0.08542053 -0.07918740 -0.07524237 -0.07262602 
1.51991108e-04 -0.09398774 -0.08542053 -0.07918740 -0.07524237 -0.07262602 
1.23284674e-04 -0.09398774 -0.08542053 -0.07918740 -0.07524237 -0.07262602 
1.00000000e-04 -0.09398774 -0.08542053 -0.07918740 -0.07524237 -0.07262602 
8.11130831e-05 -0.09398774 -0.08542053 -0.07918740 -0.07524237 -0.07262602 
6.57933225e-05 -0.09398774 -0.08542053 -0.07918740 -0.07524237 -0.07262602 
5.33669923e-05 -0.09398774 -0.08542053 -0.07918740 -0.07524237 -0.07262602 
4.32876128e-05 -0.09398774 -0.08542053 -0.07918740 -0.07524237 -0.07262602 
3.51119173e-05 -0.09398774 -0.08542053 -0.07918740 -0.07524237 -0.07262602 
2.84803587e-05 -0.09398774 -0.08542053 -0.07918740 -0.07524237 -0.07262602 
2.31012970e-05 -0.09398774 -0.08542053 -0.07918740 -0.07524237 -0.07262602 
1.87381742e-05 -0.09398774 -0.08542053 -0.07918740 -0.07524237 -0.07262602 
1.51991108e-05 -0.09398774 -0.08542053 -0.07918740 -0.07524237 -0.07262602 
1.23284674e-05 -0.09398774 -0.08542053 -0.07918740 -0.07524237 -0.07262602 
1.00000000e-05 -0.09398774 -0.08542053 -0.07918740 -0.07524237 -0.07262602 
8.11130831e-06 -0.09398774 -0.08542053 -0.07918740 -0.07524237 -0.07262602 
6.57933225e-06 -0.09398774 -0.08542053 -0.07918740 -0.07524237 -0.07262602 
5.33669923e-06 -0.09398774 -0.08542053 -0.07918740 -0.07524237 -0.07262602 
4.32876128e-06 -0.09398774 -0.08542053 -0.07918740 -0.07524237 -0.07262602 
3.51119173e-06 -0.09398774 -0.08542053 -0.07918740 -0.07524237 -0.07262602 
2.84803587e-06 -0.09398774 -0.08542053 -0.07918740 -0.07524237 -0.07262602 
2.31012970e-06 -0.09398774 -0.08542053 -0.07918740 -0.07524237 -0.07262602 
1.87381742e-06 -0.09398774 -0.08542053 -0.07918740 -0.07524237 -0.07262602 
1.51991108e-06 -0.09398774 -0.08542053 -0.07918740 -0.07524237 -0.07262602 
1.23284674e-06 -0.09398774 -0.08542053 -0.07918740 -0.07524237 -0.07262602 
1.00000000e-06 -0.09398774 -0.08542053 -0.07918740 -0.07524237 -0.07262602 
8.11130831e-07 -0.09398774 -0.08542053 -0.07918740 -0.07524237 -0.07262602 
6.57933225e-07 -0.09398774 -0.08542053 -0.07918740 -0.07524237 -0.07262602 
5.33669923e-07 -0.09398774 -0.08542053 -0.07918740 -0.07524237 -0.07262602 
4.32876128e-07 -0.09398774 -0.08542053 -0.07918740 -0.07524237 -0.07262602 
3.51119173e-07 -0.09398774 -0.08542053 -0.07918740 -0.07524237 -0.07262602 
2.84803587e-07 -0.09398774 -0.08542053 -0.07918740 -0.07524237 -0.07262602 
2.31012970e-07 -0.09398774 -0.08542053 -0.07918740 -0.07524237 -0.07262602 
1.87381742e-07 -0.09398774 -0.08542053 -0.07918740 -0.07524237 -0.07262602 
1.51991108e-07 -0.09398774 -0.08542053 -0.07918740 -0.07524237 -0.07262602 
1.23284674e-07 -0.09398774 -0.08542053 -0.07918740 -0.07524237 -0.07262602 
1.00000000e-07 -0.09398774 -0.08542053 -0.07918740 -0.07524237 -0.07262602 
P (bar) | log_He: -2σ | log_He: -1σ | log_He: median | log_He: +1σ | log_He: +2σ 
1.00000000e+02 -0.86353882 -0.85497161 -0.84873848 -0.84479345 -0.84217710 
8.11130831e+01 -0.86353882 -0.85497161 -0.84873848 -0.84479345 -0.84217710 
6.57933225e+01 -0.86353882 -0.85497161 -0.84873848 -0.84479345 -0.84217710 
5.33669923e+01 -0.86353882 -0.85497161 -0.84873848 -0.84479345 -0.84217710 
4.32876128e+01 -0.86353882 -0.85497161 -0.84873848 -0.84479345 -0.84217710 
3.51119173e+01 -0.86353882 -0.85497161 -0.84873848 -0.84479345 -0.84217710 
2.84803587e+01 -0.86353882 -0.85497161 -0.84873848 -0.84479345 -0.84217710 
2.31012970e+01 -0.86353882 -0.85497161 -0.84873848 -0.84479345 -0.84217710 
1.87381742e+01 -0.86353882 -0.85497161 -0.84873848 -0.84479345 -0.84217710 
1.51991108e+01 -0.86353882 -0.85497161 -0.84873848 -0.84479345 -0.84217710 
1.23284674e+01 -0.86353882 -0.85497161 -0.84873848 -0.84479345 -0.84217710 
1.00000000e+01 -0.86353882 -0.85497161 -0.84873848 -0.84479345 -0.84217710 
8.11130831e+00 -0.86353882 -0.85497161 -0.84873848 -0.84479345 -0.84217710 
6.57933225e+00 -0.86353882 -0.85497161 -0.84873848 -0.84479345 -0.84217710 
5.33669923e+00 -0.86353882 -0.85497161 -0.84873848 -0.84479345 -0.84217710 
4.32876128e+00 -0.86353882 -0.85497161 -0.84873848 -0.84479345 -0.84217710 
3.51119173e+00 -0.86353882 -0.85497161 -0.84873848 -0.84479345 -0.84217710 
2.84803587e+00 -0.86353882 -0.85497161 -0.84873848 -0.84479345 -0.84217710 
2.31012970e+00 -0.86353882 -0.85497161 -0.84873848 -0.84479345 -0.84217710 
1.87381742e+00 -0.86353882 -0.85497161 -0.84873848 -0.84479345 -0.84217710 
1.51991108e+00 -0.86353882 -0.85497161 -0.84873848 -0.84479345 -0.84217710 
1.23284674e+00 -0.86353882 -0.85497161 -0.84873848 -0.84479345 -0.84217710 
1.00000000e+00 -0.86353882 -0.85497161 -0.84873848 -0.84479345 -0.84217710 
8.11130831e-01 -0.86353882 -0.85497161 -0.84873848 -0.84479345 -0.84217710 
6.57933225e-01 -0.86353882 -0.85497161 -0.84873848 -0.84479345 -0.84217710 
5.33669923e-01 -0.86353882 -0.85497161 -0.84873848 -0.84479345 -0.84217710 
4.32876128e-01 -0.86353882 -0.85497161 -0.84873848 -0.84479345 -0.84217710 
3.51119173e-01 -0.86353882 -0.85497161 -0.84873848 -0.84479345 -0.84217710 
2.84803587e-01 -0.86353882 -0.85497161 -0.84873848 -0.84479345 -0.84217710 
2.31012970e-01 -0.86353882 -0.85497161 -0.84873848 -0.84479345 -0.84217710 
1.87381742e-01 -0.86353882 -0.85497161 -0.84873848 -0.84479345 -0.84217710 
1.51991108e-01 -0.86353882 -0.85497161 -0.84873848 -0.84479345 -0.84217710 
1.23284674e-01 -0.86353882 -0.85497161 -0.84873848 -0.84479345 -0.84217710 
1.00000000e-01 -0.86353882 -0.85497161 -0.84873848 -0.84479345 -0.84217710 
8.11130831e-02 -0.86353882 -0.85497161 -0.84873848 -0.84479345 -0.84217710 
6.57933225e-02 -0.86353882 -0.85497161 -0.84873848 -0.84479345 -0.84217710 
5.33669923e-02 -0.86353882 -0.85497161 -0.84873848 -0.84479345 -0.84217710 
4.32876128e-02 -0.86353882 -0.85497161 -0.84873848 -0.84479345 -0.84217710 
3.51119173e-02 -0.86353882 -0.85497161 -0.84873848 -0.84479345 -0.84217710 
2.84803587e-02 -0.86353882 -0.85497161 -0.84873848 -0.84479345 -0.84217710 
2.31012970e-02 -0.86353882 -0.85497161 -0.84873848 -0.84479345 -0.84217710 
1.87381742e-02 -0.86353882 -0.85497161 -0.84873848 -0.84479345 -0.84217710 
1.51991108e-02 -0.86353882 -0.85497161 -0.84873848 -0.84479345 -0.84217710 
1.23284674e-02 -0.86353882 -0.85497161 -0.84873848 -0.84479345 -0.84217710 
1.00000000e-02 -0.86353882 -0.85497161 -0.84873848 -0.84479345 -0.84217710 
8.11130831e-03 -0.86353882 -0.85497161 -0.84873848 -0.84479345 -0.84217710 
6.57933225e-03 -0.86353882 -0.85497161 -0.84873848 -0.84479345 -0.84217710 
5.33669923e-03 -0.86353882 -0.85497161 -0.84873848 -0.84479345 -0.84217710 
4.32876128e-03 -0.86353882 -0.85497161 -0.84873848 -0.84479345 -0.84217710 
3.51119173e-03 -0.86353882 -0.85497161 -0.84873848 -0.84479345 -0.84217710 
2.84803587e-03 -0.86353882 -0.85497161 -0.84873848 -0.84479345 -0.84217710 
2.31012970e-03 -0.86353882 -0.85497161 -0.84873848 -0.84479345 -0.84217710 
1.87381742e-03 -0.86353882 -0.85497161 -0.84873848 -0.84479345 -0.84217710 
1.51991108e-03 -0.86353882 -0.85497161 -0.84873848 -0.84479345 -0.84217710 
1.23284674e-03 -0.86353882 -0.85497161 -0.84873848 -0.84479345 -0.84217710 
1.00000000e-03 -0.86353882 -0.85497161 -0.84873848 -0.84479345 -0.84217710 
8.11130831e-04 -0.86353882 -0.85497161 -0.84873848 -0.84479345 -0.84217710 
6.57933225e-04 -0.86353882 -0.85497161 -0.84873848 -0.84479345 -0.84217710 
5.33669923e-04 -0.86353882 -0.85497161 -0.84873848 -0.84479345 -0.84217710 
4.32876128e-04 -0.86353882 -0.85497161 -0.84873848 -0.84479345 -0.84217710 
3.51119173e-04 -0.86353882 -0.85497161 -0.84873848 -0.84479345 -0.84217710 
2.84803587e-04 -0.86353882 -0.85497161 -0.84873848 -0.84479345 -0.84217710 
2.31012970e-04 -0.86353882 -0.85497161 -0.84873848 -0.84479345 -0.84217710 
1.87381742e-04 -0.86353882 -0.85497161 -0.84873848 -0.84479345 -0.84217710 
1.51991108e-04 -0.86353882 -0.85497161 -0.84873848 -0.84479345 -0.84217710 
1.23284674e-04 -0.86353882 -0.85497161 -0.84873848 -0.84479345 -0.84217710 
1.00000000e-04 -0.86353882 -0.85497161 -0.84873848 -0.84479345 -0.84217710 
8.11130831e-05 -0.86353882 -0.85497161 -0.84873848 -0.84479345 -0.84217710 
6.57933225e-05 -0.86353882 -0.85497161 -0.84873848 -0.84479345 -0.84217710 
5.33669923e-05 -0.86353882 -0.85497161 -0.84873848 -0.84479345 -0.84217710 
4.32876128e-05 -0.86353882 -0.85497161 -0.84873848 -0.84479345 -0.84217710 
3.51119173e-05 -0.86353882 -0.85497161 -0.84873848 -0.84479345 -0.84217710 
2.84803587e-05 -0.86353882 -0.85497161 -0.84873848 -0.84479345 -0.84217710 
2.31012970e-05 -0.86353882 -0.85497161 -0.84873848 -0.84479345 -0.84217710 
1.87381742e-05 -0.86353882 -0.85497161 -0.84873848 -0.84479345 -0.84217710 
1.51991108e-05 -0.86353882 -0.85497161 -0.84873848 -0.84479345 -0.84217710 
1.23284674e-05 -0.86353882 -0.85497161 -0.84873848 -0.84479345 -0.84217710 
1.00000000e-05 -0.86353882 -0.85497161 -0.84873848 -0.84479345 -0.84217710 
8.11130831e-06 -0.86353882 -0.85497161 -0.84873848 -0.84479345 -0.84217710 
6.57933225e-06 -0.86353882 -0.85497161 -0.84873848 -0.84479345 -0.84217710 
5.33669923e-06 -0.86353882 -0.85497161 -0.84873848 -0.84479345 -0.84217710 
4.32876128e-06 -0.86353882 -0.85497161 -0.84873848 -0.84479345 -0.84217710 
3.51119173e-06 -0.86353882 -0.85497161 -0.84873848 -0.84479345 -0.84217710 
2.84803587e-06 -0.86353882 -0.85497161 -0.84873848 -0.84479345 -0.84217710 
2.31012970e-06 -0.86353882 -0.85497161 -0.84873848 -0.84479345 -0.84217710 
1.87381742e-06 -0.86353882 -0.85497161 -0.84873848 -0.84479345 -0.84217710 
1.51991108e-06 -0.86353882 -0.85497161 -0.84873848 -0.84479345 -0.84217710 
1.23284674e-06 -0.86353882 -0.85497161 -0.84873848 -0.84479345 -0.84217710 
1.00000000e-06 -0.86353882 -0.85497161 -0.84873848 -0.84479345 -0.84217710 
8.11130831e-07 -0.86353882 -0.85497161 -0.84873848 -0.84479345 -0.84217710 
6.57933225e-07 -0.86353882 -0.85497161 -0.84873848 -0.84479345 -0.84217710 
5.33669923e-07 -0.86353882 -0.85497161 -0.84873848 -0.84479345 -0.84217710 
4.32876128e-07 -0.86353882 -0.85497161 -0.84873848 -0.84479345 -0.84217710 
3.51119173e-07 -0.86353882 -0.85497161 -0.84873848 -0.84479345 -0.84217710 
2.84803587e-07 -0.86353882 -0.85497161 -0.84873848 -0.84479345 -0.84217710 
2.31012970e-07 -0.86353882 -0.85497161 -0.84873848 -0.84479345 -0.84217710 
1.87381742e-07 -0.86353882 -0.85497161 -0.84873848 -0.84479345 -0.84217710 
1.51991108e-07 -0.86353882 -0.85497161 -0.84873848 -0.84479345 -0.84217710 
1.23284674e-07 -0.86353882 -0.85497161 -0.84873848 -0.84479345 -0.84217710 
1.00000000e-07 -0.86353882 -0.85497161 -0.84873848 -0.84479345 -0.84217710 
P (bar) | log_H2O: -2σ | log_H2O: -1σ | log_H2O: median | log_H2O: +1σ | log_H2O: +2σ 
1.00000000e+02 -2.08574600 -1.85046469 -1.64151252 -1.44507581 -1.26219574 
8.11130831e+01 -2.08574600 -1.85046469 -1.64151252 -1.44507581 -1.26219574 
6.57933225e+01 -2.08574600 -1.85046469 -1.64151252 -1.44507581 -1.26219574 
5.33669923e+01 -2.08574600 -1.85046469 -1.64151252 -1.44507581 -1.26219574 
4.32876128e+01 -2.08574600 -1.85046469 -1.64151252 -1.44507581 -1.26219574 
3.51119173e+01 -2.08574600 -1.85046469 -1.64151252 -1.44507581 -1.26219574 
2.84803587e+01 -2.08574600 -1.85046469 -1.64151252 -1.44507581 -1.26219574 
2.31012970e+01 -2.08574600 -1.85046469 -1.64151252 -1.44507581 -1.26219574 
1.87381742e+01 -2.08574600 -1.85046469 -1.64151252 -1.44507581 -1.26219574 
1.51991108e+01 -2.08574600 -1.85046469 -1.64151252 -1.44507581 -1.26219574 
1.23284674e+01 -2.08574600 -1.85046469 -1.64151252 -1.44507581 -1.26219574 
1.00000000e+01 -2.08574600 -1.85046469 -1.64151252 -1.44507581 -1.26219574 
8.11130831e+00 -2.08574600 -1.85046469 -1.64151252 -1.44507581 -1.26219574 
6.57933225e+00 -2.08574600 -1.85046469 -1.64151252 -1.44507581 -1.26219574 
5.33669923e+00 -2.08574600 -1.85046469 -1.64151252 -1.44507581 -1.26219574 
4.32876128e+00 -2.08574600 -1.85046469 -1.64151252 -1.44507581 -1.26219574 
3.51119173e+00 -2.08574600 -1.85046469 -1.64151252 -1.44507581 -1.26219574 
2.84803587e+00 -2.08574600 -1.85046469 -1.64151252 -1.44507581 -1.26219574 
2.31012970e+00 -2.08574600 -1.85046469 -1.64151252 -1.44507581 -1.26219574 
1.87381742e+00 -2.08574600 -1.85046469 -1.64151252 -1.44507581 -1.26219574 
1.51991108e+00 -2.08574600 -1.85046469 -1.64151252 -1.44507581 -1.26219574 
1.23284674e+00 -2.08574600 -1.85046469 -1.64151252 -1.44507581 -1.26219574 
1.00000000e+00 -2.08574600 -1.85046469 -1.64151252 -1.44507581 -1.26219574 
8.11130831e-01 -2.08574600 -1.85046469 -1.64151252 -1.44507581 -1.26219574 
6.57933225e-01 -2.08574600 -1.85046469 -1.64151252 -1.44507581 -1.26219574 
5.33669923e-01 -2.08574600 -1.85046469 -1.64151252 -1.44507581 -1.26219574 
4.32876128e-01 -2.08574600 -1.85046469 -1.64151252 -1.44507581 -1.26219574 
3.51119173e-01 -2.08574600 -1.85046469 -1.64151252 -1.44507581 -1.26219574 
2.84803587e-01 -2.08574600 -1.85046469 -1.64151252 -1.44507581 -1.26219574 
2.31012970e-01 -2.08574600 -1.85046469 -1.64151252 -1.44507581 -1.26219574 
1.87381742e-01 -2.08574600 -1.85046469 -1.64151252 -1.44507581 -1.26219574 
1.51991108e-01 -2.08574600 -1.85046469 -1.64151252 -1.44507581 -1.26219574 
1.23284674e-01 -2.08574600 -1.85046469 -1.64151252 -1.44507581 -1.26219574 
1.00000000e-01 -2.08574600 -1.85046469 -1.64151252 -1.44507581 -1.26219574 
8.11130831e-02 -2.08574600 -1.85046469 -1.64151252 -1.44507581 -1.26219574 
6.57933225e-02 -2.08574600 -1.85046469 -1.64151252 -1.44507581 -1.26219574 
5.33669923e-02 -2.08574600 -1.85046469 -1.64151252 -1.44507581 -1.26219574 
4.32876128e-02 -2.08574600 -1.85046469 -1.64151252 -1.44507581 -1.26219574 
3.51119173e-02 -2.08574600 -1.85046469 -1.64151252 -1.44507581 -1.26219574 
2.84803587e-02 -2.08574600 -1.85046469 -1.64151252 -1.44507581 -1.26219574 
2.31012970e-02 -2.08574600 -1.85046469 -1.64151252 -1.44507581 -1.26219574 
1.87381742e-02 -2.08574600 -1.85046469 -1.64151252 -1.44507581 -1.26219574 
1.51991108e-02 -2.08574600 -1.85046469 -1.64151252 -1.44507581 -1.26219574 
1.23284674e-02 -2.08574600 -1.85046469 -1.64151252 -1.44507581 -1.26219574 
1.00000000e-02 -2.08574600 -1.85046469 -1.64151252 -1.44507581 -1.26219574 
8.11130831e-03 -2.08574600 -1.85046469 -1.64151252 -1.44507581 -1.26219574 
6.57933225e-03 -2.08574600 -1.85046469 -1.64151252 -1.44507581 -1.26219574 
5.33669923e-03 -2.08574600 -1.85046469 -1.64151252 -1.44507581 -1.26219574 
4.32876128e-03 -2.08574600 -1.85046469 -1.64151252 -1.44507581 -1.26219574 
3.51119173e-03 -2.08574600 -1.85046469 -1.64151252 -1.44507581 -1.26219574 
2.84803587e-03 -2.08574600 -1.85046469 -1.64151252 -1.44507581 -1.26219574 
2.31012970e-03 -2.08574600 -1.85046469 -1.64151252 -1.44507581 -1.26219574 
1.87381742e-03 -2.08574600 -1.85046469 -1.64151252 -1.44507581 -1.26219574 
1.51991108e-03 -2.08574600 -1.85046469 -1.64151252 -1.44507581 -1.26219574 
1.23284674e-03 -2.08574600 -1.85046469 -1.64151252 -1.44507581 -1.26219574 
1.00000000e-03 -2.08574600 -1.85046469 -1.64151252 -1.44507581 -1.26219574 
8.11130831e-04 -2.08574600 -1.85046469 -1.64151252 -1.44507581 -1.26219574 
6.57933225e-04 -2.08574600 -1.85046469 -1.64151252 -1.44507581 -1.26219574 
5.33669923e-04 -2.08574600 -1.85046469 -1.64151252 -1.44507581 -1.26219574 
4.32876128e-04 -2.08574600 -1.85046469 -1.64151252 -1.44507581 -1.26219574 
3.51119173e-04 -2.08574600 -1.85046469 -1.64151252 -1.44507581 -1.26219574 
2.84803587e-04 -2.08574600 -1.85046469 -1.64151252 -1.44507581 -1.26219574 
2.31012970e-04 -2.08574600 -1.85046469 -1.64151252 -1.44507581 -1.26219574 
1.87381742e-04 -2.08574600 -1.85046469 -1.64151252 -1.44507581 -1.26219574 
1.51991108e-04 -2.08574600 -1.85046469 -1.64151252 -1.44507581 -1.26219574 
1.23284674e-04 -2.08574600 -1.85046469 -1.64151252 -1.44507581 -1.26219574 
1.00000000e-04 -2.08574600 -1.85046469 -1.64151252 -1.44507581 -1.26219574 
8.11130831e-05 -2.08574600 -1.85046469 -1.64151252 -1.44507581 -1.26219574 
6.57933225e-05 -2.08574600 -1.85046469 -1.64151252 -1.44507581 -1.26219574 
5.33669923e-05 -2.08574600 -1.85046469 -1.64151252 -1.44507581 -1.26219574 
4.32876128e-05 -2.08574600 -1.85046469 -1.64151252 -1.44507581 -1.26219574 
3.51119173e-05 -2.08574600 -1.85046469 -1.64151252 -1.44507581 -1.26219574 
2.84803587e-05 -2.08574600 -1.85046469 -1.64151252 -1.44507581 -1.26219574 
2.31012970e-05 -2.08574600 -1.85046469 -1.64151252 -1.44507581 -1.26219574 
1.87381742e-05 -2.08574600 -1.85046469 -1.64151252 -1.44507581 -1.26219574 
1.51991108e-05 -2.08574600 -1.85046469 -1.64151252 -1.44507581 -1.26219574 
1.23284674e-05 -2.08574600 -1.85046469 -1.64151252 -1.44507581 -1.26219574 
1.00000000e-05 -2.08574600 -1.85046469 -1.64151252 -1.44507581 -1.26219574 
8.11130831e-06 -2.08574600 -1.85046469 -1.64151252 -1.44507581 -1.26219574 
6.57933225e-06 -2.08574600 -1.85046469 -1.64151252 -1.44507581 -1.26219574 
5.33669923e-06 -2.08574600 -1.85046469 -1.64151252 -1.44507581 -1.26219574 
4.32876128e-06 -2.08574600 -1.85046469 -1.64151252 -1.44507581 -1.26219574 
3.51119173e-06 -2.08574600 -1.85046469 -1.64151252 -1.44507581 -1.26219574 
2.84803587e-06 -2.08574600 -1.85046469 -1.64151252 -1.44507581 -1.26219574 
2.31012970e-06 -2.08574600 -1.85046469 -1.64151252 -1.44507581 -1.26219574 
1.87381742e-06 -2.08574600 -1.85046469 -1.64151252 -1.44507581 -1.26219574 
1.51991108e-06 -2.08574600 -1.85046469 -1.64151252 -1.44507581 -1.26219574 
1.23284674e-06 -2.08574600 -1.85046469 -1.64151252 -1.44507581 -1.26219574 
1.00000000e-06 -2.08574600 -1.85046469 -1.64151252 -1.44507581 -1.26219574 
8.11130831e-07 -2.08574600 -1.85046469 -1.64151252 -1.44507581 -1.26219574 
6.57933225e-07 -2.08574600 -1.85046469 -1.64151252 -1.44507581 -1.26219574 
5.33669923e-07 -2.08574600 -1.85046469 -1.64151252 -1.44507581 -1.26219574 
4.32876128e-07 -2.08574600 -1.85046469 -1.64151252 -1.44507581 -1.26219574 
3.51119173e-07 -2.08574600 -1.85046469 -1.64151252 -1.44507581 -1.26219574 
2.84803587e-07 -2.08574600 -1.85046469 -1.64151252 -1.44507581 -1.26219574 
2.31012970e-07 -2.08574600 -1.85046469 -1.64151252 -1.44507581 -1.26219574 
1.87381742e-07 -2.08574600 -1.85046469 -1.64151252 -1.44507581 -1.26219574 
1.51991108e-07 -2.08574600 -1.85046469 -1.64151252 -1.44507581 -1.26219574 
1.23284674e-07 -2.08574600 -1.85046469 -1.64151252 -1.44507581 -1.26219574 
1.00000000e-07 -2.08574600 -1.85046469 -1.64151252 -1.44507581 -1.26219574 
P (bar) | log_CO2: -2σ | log_CO2: -1σ | log_CO2: median | log_CO2: +1σ | log_CO2: +2σ 
1.00000000e+02 -8.88016461 -8.32348147 -6.82077617 -5.36595422 -4.54778669 
8.11130831e+01 -8.88016461 -8.32348147 -6.82077617 -5.36595422 -4.54778669 
6.57933225e+01 -8.88016461 -8.32348147 -6.82077617 -5.36595422 -4.54778669 
5.33669923e+01 -8.88016461 -8.32348147 -6.82077617 -5.36595422 -4.54778669 
4.32876128e+01 -8.88016461 -8.32348147 -6.82077617 -5.36595422 -4.54778669 
3.51119173e+01 -8.88016461 -8.32348147 -6.82077617 -5.36595422 -4.54778669 
2.84803587e+01 -8.88016461 -8.32348147 -6.82077617 -5.36595422 -4.54778669 
2.31012970e+01 -8.88016461 -8.32348147 -6.82077617 -5.36595422 -4.54778669 
1.87381742e+01 -8.88016461 -8.32348147 -6.82077617 -5.36595422 -4.54778669 
1.51991108e+01 -8.88016461 -8.32348147 -6.82077617 -5.36595422 -4.54778669 
1.23284674e+01 -8.88016461 -8.32348147 -6.82077617 -5.36595422 -4.54778669 
1.00000000e+01 -8.88016461 -8.32348147 -6.82077617 -5.36595422 -4.54778669 
8.11130831e+00 -8.88016461 -8.32348147 -6.82077617 -5.36595422 -4.54778669 
6.57933225e+00 -8.88016461 -8.32348147 -6.82077617 -5.36595422 -4.54778669 
5.33669923e+00 -8.88016461 -8.32348147 -6.82077617 -5.36595422 -4.54778669 
4.32876128e+00 -8.88016461 -8.32348147 -6.82077617 -5.36595422 -4.54778669 
3.51119173e+00 -8.88016461 -8.32348147 -6.82077617 -5.36595422 -4.54778669 
2.84803587e+00 -8.88016461 -8.32348147 -6.82077617 -5.36595422 -4.54778669 
2.31012970e+00 -8.88016461 -8.32348147 -6.82077617 -5.36595422 -4.54778669 
1.87381742e+00 -8.88016461 -8.32348147 -6.82077617 -5.36595422 -4.54778669 
1.51991108e+00 -8.88016461 -8.32348147 -6.82077617 -5.36595422 -4.54778669 
1.23284674e+00 -8.88016461 -8.32348147 -6.82077617 -5.36595422 -4.54778669 
1.00000000e+00 -8.88016461 -8.32348147 -6.82077617 -5.36595422 -4.54778669 
8.11130831e-01 -8.88016461 -8.32348147 -6.82077617 -5.36595422 -4.54778669 
6.57933225e-01 -8.88016461 -8.32348147 -6.82077617 -5.36595422 -4.54778669 
5.33669923e-01 -8.88016461 -8.32348147 -6.82077617 -5.36595422 -4.54778669 
4.32876128e-01 -8.88016461 -8.32348147 -6.82077617 -5.36595422 -4.54778669 
3.51119173e-01 -8.88016461 -8.32348147 -6.82077617 -5.36595422 -4.54778669 
2.84803587e-01 -8.88016461 -8.32348147 -6.82077617 -5.36595422 -4.54778669 
2.31012970e-01 -8.88016461 -8.32348147 -6.82077617 -5.36595422 -4.54778669 
1.87381742e-01 -8.88016461 -8.32348147 -6.82077617 -5.36595422 -4.54778669 
1.51991108e-01 -8.88016461 -8.32348147 -6.82077617 -5.36595422 -4.54778669 
1.23284674e-01 -8.88016461 -8.32348147 -6.82077617 -5.36595422 -4.54778669 
1.00000000e-01 -8.88016461 -8.32348147 -6.82077617 -5.36595422 -4.54778669 
8.11130831e-02 -8.88016461 -8.32348147 -6.82077617 -5.36595422 -4.54778669 
6.57933225e-02 -8.88016461 -8.32348147 -6.82077617 -5.36595422 -4.54778669 
5.33669923e-02 -8.88016461 -8.32348147 -6.82077617 -5.36595422 -4.54778669 
4.32876128e-02 -8.88016461 -8.32348147 -6.82077617 -5.36595422 -4.54778669 
3.51119173e-02 -8.88016461 -8.32348147 -6.82077617 -5.36595422 -4.54778669 
2.84803587e-02 -8.88016461 -8.32348147 -6.82077617 -5.36595422 -4.54778669 
2.31012970e-02 -8.88016461 -8.32348147 -6.82077617 -5.36595422 -4.54778669 
1.87381742e-02 -8.88016461 -8.32348147 -6.82077617 -5.36595422 -4.54778669 
1.51991108e-02 -8.88016461 -8.32348147 -6.82077617 -5.36595422 -4.54778669 
1.23284674e-02 -8.88016461 -8.32348147 -6.82077617 -5.36595422 -4.54778669 
1.00000000e-02 -8.88016461 -8.32348147 -6.82077617 -5.36595422 -4.54778669 
8.11130831e-03 -8.88016461 -8.32348147 -6.82077617 -5.36595422 -4.54778669 
6.57933225e-03 -8.88016461 -8.32348147 -6.82077617 -5.36595422 -4.54778669 
5.33669923e-03 -8.88016461 -8.32348147 -6.82077617 -5.36595422 -4.54778669 
4.32876128e-03 -8.88016461 -8.32348147 -6.82077617 -5.36595422 -4.54778669 
3.51119173e-03 -8.88016461 -8.32348147 -6.82077617 -5.36595422 -4.54778669 
2.84803587e-03 -8.88016461 -8.32348147 -6.82077617 -5.36595422 -4.54778669 
2.31012970e-03 -8.88016461 -8.32348147 -6.82077617 -5.36595422 -4.54778669 
1.87381742e-03 -8.88016461 -8.32348147 -6.82077617 -5.36595422 -4.54778669 
1.51991108e-03 -8.88016461 -8.32348147 -6.82077617 -5.36595422 -4.54778669 
1.23284674e-03 -8.88016461 -8.32348147 -6.82077617 -5.36595422 -4.54778669 
1.00000000e-03 -8.88016461 -8.32348147 -6.82077617 -5.36595422 -4.54778669 
8.11130831e-04 -8.88016461 -8.32348147 -6.82077617 -5.36595422 -4.54778669 
6.57933225e-04 -8.88016461 -8.32348147 -6.82077617 -5.36595422 -4.54778669 
5.33669923e-04 -8.88016461 -8.32348147 -6.82077617 -5.36595422 -4.54778669 
4.32876128e-04 -8.88016461 -8.32348147 -6.82077617 -5.36595422 -4.54778669 
3.51119173e-04 -8.88016461 -8.32348147 -6.82077617 -5.36595422 -4.54778669 
2.84803587e-04 -8.88016461 -8.32348147 -6.82077617 -5.36595422 -4.54778669 
2.31012970e-04 -8.88016461 -8.32348147 -6.82077617 -5.36595422 -4.54778669 
1.87381742e-04 -8.88016461 -8.32348147 -6.82077617 -5.36595422 -4.54778669 
1.51991108e-04 -8.88016461 -8.32348147 -6.82077617 -5.36595422 -4.54778669 
1.23284674e-04 -8.88016461 -8.32348147 -6.82077617 -5.36595422 -4.54778669 
1.00000000e-04 -8.88016461 -8.32348147 -6.82077617 -5.36595422 -4.54778669 
8.11130831e-05 -8.88016461 -8.32348147 -6.82077617 -5.36595422 -4.54778669 
6.57933225e-05 -8.88016461 -8.32348147 -6.82077617 -5.36595422 -4.54778669 
5.33669923e-05 -8.88016461 -8.32348147 -6.82077617 -5.36595422 -4.54778669 
4.32876128e-05 -8.88016461 -8.32348147 -6.82077617 -5.36595422 -4.54778669 
3.51119173e-05 -8.88016461 -8.32348147 -6.82077617 -5.36595422 -4.54778669 
2.84803587e-05 -8.88016461 -8.32348147 -6.82077617 -5.36595422 -4.54778669 
2.31012970e-05 -8.88016461 -8.32348147 -6.82077617 -5.36595422 -4.54778669 
1.87381742e-05 -8.88016461 -8.32348147 -6.82077617 -5.36595422 -4.54778669 
1.51991108e-05 -8.88016461 -8.32348147 -6.82077617 -5.36595422 -4.54778669 
1.23284674e-05 -8.88016461 -8.32348147 -6.82077617 -5.36595422 -4.54778669 
1.00000000e-05 -8.88016461 -8.32348147 -6.82077617 -5.36595422 -4.54778669 
8.11130831e-06 -8.88016461 -8.32348147 -6.82077617 -5.36595422 -4.54778669 
6.57933225e-06 -8.88016461 -8.32348147 -6.82077617 -5.36595422 -4.54778669 
5.33669923e-06 -8.88016461 -8.32348147 -6.82077617 -5.36595422 -4.54778669 
4.32876128e-06 -8.88016461 -8.32348147 -6.82077617 -5.36595422 -4.54778669 
3.51119173e-06 -8.88016461 -8.32348147 -6.82077617 -5.36595422 -4.54778669 
2.84803587e-06 -8.88016461 -8.32348147 -6.82077617 -5.36595422 -4.54778669 
2.31012970e-06 -8.88016461 -8.32348147 -6.82077617 -5.36595422 -4.54778669 
1.87381742e-06 -8.88016461 -8.32348147 -6.82077617 -5.36595422 -4.54778669 
1.51991108e-06 -8.88016461 -8.32348147 -6.82077617 -5.36595422 -4.54778669 
1.23284674e-06 -8.88016461 -8.32348147 -6.82077617 -5.36595422 -4.54778669 
1.00000000e-06 -8.88016461 -8.32348147 -6.82077617 -5.36595422 -4.54778669 
8.11130831e-07 -8.88016461 -8.32348147 -6.82077617 -5.36595422 -4.54778669 
6.57933225e-07 -8.88016461 -8.32348147 -6.82077617 -5.36595422 -4.54778669 
5.33669923e-07 -8.88016461 -8.32348147 -6.82077617 -5.36595422 -4.54778669 
4.32876128e-07 -8.88016461 -8.32348147 -6.82077617 -5.36595422 -4.54778669 
3.51119173e-07 -8.88016461 -8.32348147 -6.82077617 -5.36595422 -4.54778669 
2.84803587e-07 -8.88016461 -8.32348147 -6.82077617 -5.36595422 -4.54778669 
2.31012970e-07 -8.88016461 -8.32348147 -6.82077617 -5.36595422 -4.54778669 
1.87381742e-07 -8.88016461 -8.32348147 -6.82077617 -5.36595422 -4.54778669 
1.51991108e-07 -8.88016461 -8.32348147 -6.82077617 -5.36595422 -4.54778669 
1.23284674e-07 -8.88016461 -8.32348147 -6.82077617 -5.36595422 -4.54778669 
1.00000000e-07 -8.88016461 -8.32348147 -6.82077617 -5.36595422 -4.54778669 
P (bar) | log_K: -2σ | log_K: -1σ | log_K: median | log_K: +1σ | log_K: +2σ 
1.00000000e+02 -7.43092722 -7.06935906 -6.74888331 -6.46313133 -6.17031304 
8.11130831e+01 -7.43092722 -7.06935906 -6.74888331 -6.46313133 -6.17031304 
6.57933225e+01 -7.43092722 -7.06935906 -6.74888331 -6.46313133 -6.17031304 
5.33669923e+01 -7.43092722 -7.06935906 -6.74888331 -6.46313133 -6.17031304 
4.32876128e+01 -7.43092722 -7.06935906 -6.74888331 -6.46313133 -6.17031304 
3.51119173e+01 -7.43092722 -7.06935906 -6.74888331 -6.46313133 -6.17031304 
2.84803587e+01 -7.43092722 -7.06935906 -6.74888331 -6.46313133 -6.17031304 
2.31012970e+01 -7.43092722 -7.06935906 -6.74888331 -6.46313133 -6.17031304 
1.87381742e+01 -7.43092722 -7.06935906 -6.74888331 -6.46313133 -6.17031304 
1.51991108e+01 -7.43092722 -7.06935906 -6.74888331 -6.46313133 -6.17031304 
1.23284674e+01 -7.43092722 -7.06935906 -6.74888331 -6.46313133 -6.17031304 
1.00000000e+01 -7.43092722 -7.06935906 -6.74888331 -6.46313133 -6.17031304 
8.11130831e+00 -7.43092722 -7.06935906 -6.74888331 -6.46313133 -6.17031304 
6.57933225e+00 -7.43092722 -7.06935906 -6.74888331 -6.46313133 -6.17031304 
5.33669923e+00 -7.43092722 -7.06935906 -6.74888331 -6.46313133 -6.17031304 
4.32876128e+00 -7.43092722 -7.06935906 -6.74888331 -6.46313133 -6.17031304 
3.51119173e+00 -7.43092722 -7.06935906 -6.74888331 -6.46313133 -6.17031304 
2.84803587e+00 -7.43092722 -7.06935906 -6.74888331 -6.46313133 -6.17031304 
2.31012970e+00 -7.43092722 -7.06935906 -6.74888331 -6.46313133 -6.17031304 
1.87381742e+00 -7.43092722 -7.06935906 -6.74888331 -6.46313133 -6.17031304 
1.51991108e+00 -7.43092722 -7.06935906 -6.74888331 -6.46313133 -6.17031304 
1.23284674e+00 -7.43092722 -7.06935906 -6.74888331 -6.46313133 -6.17031304 
1.00000000e+00 -7.43092722 -7.06935906 -6.74888331 -6.46313133 -6.17031304 
8.11130831e-01 -7.43092722 -7.06935906 -6.74888331 -6.46313133 -6.17031304 
6.57933225e-01 -7.43092722 -7.06935906 -6.74888331 -6.46313133 -6.17031304 
5.33669923e-01 -7.43092722 -7.06935906 -6.74888331 -6.46313133 -6.17031304 
4.32876128e-01 -7.43092722 -7.06935906 -6.74888331 -6.46313133 -6.17031304 
3.51119173e-01 -7.43092722 -7.06935906 -6.74888331 -6.46313133 -6.17031304 
2.84803587e-01 -7.43092722 -7.06935906 -6.74888331 -6.46313133 -6.17031304 
2.31012970e-01 -7.43092722 -7.06935906 -6.74888331 -6.46313133 -6.17031304 
1.87381742e-01 -7.43092722 -7.06935906 -6.74888331 -6.46313133 -6.17031304 
1.51991108e-01 -7.43092722 -7.06935906 -6.74888331 -6.46313133 -6.17031304 
1.23284674e-01 -7.43092722 -7.06935906 -6.74888331 -6.46313133 -6.17031304 
1.00000000e-01 -7.43092722 -7.06935906 -6.74888331 -6.46313133 -6.17031304 
8.11130831e-02 -7.43092722 -7.06935906 -6.74888331 -6.46313133 -6.17031304 
6.57933225e-02 -7.43092722 -7.06935906 -6.74888331 -6.46313133 -6.17031304 
5.33669923e-02 -7.43092722 -7.06935906 -6.74888331 -6.46313133 -6.17031304 
4.32876128e-02 -7.43092722 -7.06935906 -6.74888331 -6.46313133 -6.17031304 
3.51119173e-02 -7.43092722 -7.06935906 -6.74888331 -6.46313133 -6.17031304 
2.84803587e-02 -7.43092722 -7.06935906 -6.74888331 -6.46313133 -6.17031304 
2.31012970e-02 -7.43092722 -7.06935906 -6.74888331 -6.46313133 -6.17031304 
1.87381742e-02 -7.43092722 -7.06935906 -6.74888331 -6.46313133 -6.17031304 
1.51991108e-02 -7.43092722 -7.06935906 -6.74888331 -6.46313133 -6.17031304 
1.23284674e-02 -7.43092722 -7.06935906 -6.74888331 -6.46313133 -6.17031304 
1.00000000e-02 -7.43092722 -7.06935906 -6.74888331 -6.46313133 -6.17031304 
8.11130831e-03 -7.43092722 -7.06935906 -6.74888331 -6.46313133 -6.17031304 
6.57933225e-03 -7.43092722 -7.06935906 -6.74888331 -6.46313133 -6.17031304 
5.33669923e-03 -7.43092722 -7.06935906 -6.74888331 -6.46313133 -6.17031304 
4.32876128e-03 -7.43092722 -7.06935906 -6.74888331 -6.46313133 -6.17031304 
3.51119173e-03 -7.43092722 -7.06935906 -6.74888331 -6.46313133 -6.17031304 
2.84803587e-03 -7.43092722 -7.06935906 -6.74888331 -6.46313133 -6.17031304 
2.31012970e-03 -7.43092722 -7.06935906 -6.74888331 -6.46313133 -6.17031304 
1.87381742e-03 -7.43092722 -7.06935906 -6.74888331 -6.46313133 -6.17031304 
1.51991108e-03 -7.43092722 -7.06935906 -6.74888331 -6.46313133 -6.17031304 
1.23284674e-03 -7.43092722 -7.06935906 -6.74888331 -6.46313133 -6.17031304 
1.00000000e-03 -7.43092722 -7.06935906 -6.74888331 -6.46313133 -6.17031304 
8.11130831e-04 -7.43092722 -7.06935906 -6.74888331 -6.46313133 -6.17031304 
6.57933225e-04 -7.43092722 -7.06935906 -6.74888331 -6.46313133 -6.17031304 
5.33669923e-04 -7.43092722 -7.06935906 -6.74888331 -6.46313133 -6.17031304 
4.32876128e-04 -7.43092722 -7.06935906 -6.74888331 -6.46313133 -6.17031304 
3.51119173e-04 -7.43092722 -7.06935906 -6.74888331 -6.46313133 -6.17031304 
2.84803587e-04 -7.43092722 -7.06935906 -6.74888331 -6.46313133 -6.17031304 
2.31012970e-04 -7.43092722 -7.06935906 -6.74888331 -6.46313133 -6.17031304 
1.87381742e-04 -7.43092722 -7.06935906 -6.74888331 -6.46313133 -6.17031304 
1.51991108e-04 -7.43092722 -7.06935906 -6.74888331 -6.46313133 -6.17031304 
1.23284674e-04 -7.43092722 -7.06935906 -6.74888331 -6.46313133 -6.17031304 
1.00000000e-04 -7.43092722 -7.06935906 -6.74888331 -6.46313133 -6.17031304 
8.11130831e-05 -7.43092722 -7.06935906 -6.74888331 -6.46313133 -6.17031304 
6.57933225e-05 -7.43092722 -7.06935906 -6.74888331 -6.46313133 -6.17031304 
5.33669923e-05 -7.43092722 -7.06935906 -6.74888331 -6.46313133 -6.17031304 
4.32876128e-05 -7.43092722 -7.06935906 -6.74888331 -6.46313133 -6.17031304 
3.51119173e-05 -7.43092722 -7.06935906 -6.74888331 -6.46313133 -6.17031304 
2.84803587e-05 -7.43092722 -7.06935906 -6.74888331 -6.46313133 -6.17031304 
2.31012970e-05 -7.43092722 -7.06935906 -6.74888331 -6.46313133 -6.17031304 
1.87381742e-05 -7.43092722 -7.06935906 -6.74888331 -6.46313133 -6.17031304 
1.51991108e-05 -7.43092722 -7.06935906 -6.74888331 -6.46313133 -6.17031304 
1.23284674e-05 -7.43092722 -7.06935906 -6.74888331 -6.46313133 -6.17031304 
1.00000000e-05 -7.43092722 -7.06935906 -6.74888331 -6.46313133 -6.17031304 
8.11130831e-06 -7.43092722 -7.06935906 -6.74888331 -6.46313133 -6.17031304 
6.57933225e-06 -7.43092722 -7.06935906 -6.74888331 -6.46313133 -6.17031304 
5.33669923e-06 -7.43092722 -7.06935906 -6.74888331 -6.46313133 -6.17031304 
4.32876128e-06 -7.43092722 -7.06935906 -6.74888331 -6.46313133 -6.17031304 
3.51119173e-06 -7.43092722 -7.06935906 -6.74888331 -6.46313133 -6.17031304 
2.84803587e-06 -7.43092722 -7.06935906 -6.74888331 -6.46313133 -6.17031304 
2.31012970e-06 -7.43092722 -7.06935906 -6.74888331 -6.46313133 -6.17031304 
1.87381742e-06 -7.43092722 -7.06935906 -6.74888331 -6.46313133 -6.17031304 
1.51991108e-06 -7.43092722 -7.06935906 -6.74888331 -6.46313133 -6.17031304 
1.23284674e-06 -7.43092722 -7.06935906 -6.74888331 -6.46313133 -6.17031304 
1.00000000e-06 -7.43092722 -7.06935906 -6.74888331 -6.46313133 -6.17031304 
8.11130831e-07 -7.43092722 -7.06935906 -6.74888331 -6.46313133 -6.17031304 
6.57933225e-07 -7.43092722 -7.06935906 -6.74888331 -6.46313133 -6.17031304 
5.33669923e-07 -7.43092722 -7.06935906 -6.74888331 -6.46313133 -6.17031304 
4.32876128e-07 -7.43092722 -7.06935906 -6.74888331 -6.46313133 -6.17031304 
3.51119173e-07 -7.43092722 -7.06935906 -6.74888331 -6.46313133 -6.17031304 
2.84803587e-07 -7.43092722 -7.06935906 -6.74888331 -6.46313133 -6.17031304 
2.31012970e-07 -7.43092722 -7.06935906 -6.74888331 -6.46313133 -6.17031304 
1.87381742e-07 -7.43092722 -7.06935906 -6.74888331 -6.46313133 -6.17031304 
1.51991108e-07 -7.43092722 -7.06935906 -6.74888331 -6.46313133 -6.17031304 
1.23284674e-07 -7.43092722 -7.06935906 -6.74888331 -6.46313133 -6.17031304 
1.00000000e-07 -7.43092722 -7.06935906 -6.74888331 -6.46313133 -6.17031304 
P (bar) | log_CO: -2σ | log_CO: -1σ | log_CO: median | log_CO: +1σ | log_CO: +2σ 
1.00000000e+02 -4.83173033 -4.04280649 -3.01249982 -2.35424552 -2.00194533 
8.11130831e+01 -4.83173033 -4.04280649 -3.01249982 -2.35424552 -2.00194533 
6.57933225e+01 -4.83173033 -4.04280649 -3.01249982 -2.35424552 -2.00194533 
5.33669923e+01 -4.83173033 -4.04280649 -3.01249982 -2.35424552 -2.00194533 
4.32876128e+01 -4.83173033 -4.04280649 -3.01249982 -2.35424552 -2.00194533 
3.51119173e+01 -4.83173033 -4.04280649 -3.01249982 -2.35424552 -2.00194533 
2.84803587e+01 -4.83173033 -4.04280649 -3.01249982 -2.35424552 -2.00194533 
2.31012970e+01 -4.83173033 -4.04280649 -3.01249982 -2.35424552 -2.00194533 
1.87381742e+01 -4.83173033 -4.04280649 -3.01249982 -2.35424552 -2.00194533 
1.51991108e+01 -4.83173033 -4.04280649 -3.01249982 -2.35424552 -2.00194533 
1.23284674e+01 -4.83173033 -4.04280649 -3.01249982 -2.35424552 -2.00194533 
1.00000000e+01 -4.83173033 -4.04280649 -3.01249982 -2.35424552 -2.00194533 
8.11130831e+00 -4.83173033 -4.04280649 -3.01249982 -2.35424552 -2.00194533 
6.57933225e+00 -4.83173033 -4.04280649 -3.01249982 -2.35424552 -2.00194533 
5.33669923e+00 -4.83173033 -4.04280649 -3.01249982 -2.35424552 -2.00194533 
4.32876128e+00 -4.83173033 -4.04280649 -3.01249982 -2.35424552 -2.00194533 
3.51119173e+00 -4.83173033 -4.04280649 -3.01249982 -2.35424552 -2.00194533 
2.84803587e+00 -4.83173033 -4.04280649 -3.01249982 -2.35424552 -2.00194533 
2.31012970e+00 -4.83173033 -4.04280649 -3.01249982 -2.35424552 -2.00194533 
1.87381742e+00 -4.83173033 -4.04280649 -3.01249982 -2.35424552 -2.00194533 
1.51991108e+00 -4.83173033 -4.04280649 -3.01249982 -2.35424552 -2.00194533 
1.23284674e+00 -4.83173033 -4.04280649 -3.01249982 -2.35424552 -2.00194533 
1.00000000e+00 -4.83173033 -4.04280649 -3.01249982 -2.35424552 -2.00194533 
8.11130831e-01 -4.83173033 -4.04280649 -3.01249982 -2.35424552 -2.00194533 
6.57933225e-01 -4.83173033 -4.04280649 -3.01249982 -2.35424552 -2.00194533 
5.33669923e-01 -4.83173033 -4.04280649 -3.01249982 -2.35424552 -2.00194533 
4.32876128e-01 -4.83173033 -4.04280649 -3.01249982 -2.35424552 -2.00194533 
3.51119173e-01 -4.83173033 -4.04280649 -3.01249982 -2.35424552 -2.00194533 
2.84803587e-01 -4.83173033 -4.04280649 -3.01249982 -2.35424552 -2.00194533 
2.31012970e-01 -4.83173033 -4.04280649 -3.01249982 -2.35424552 -2.00194533 
1.87381742e-01 -4.83173033 -4.04280649 -3.01249982 -2.35424552 -2.00194533 
1.51991108e-01 -4.83173033 -4.04280649 -3.01249982 -2.35424552 -2.00194533 
1.23284674e-01 -4.83173033 -4.04280649 -3.01249982 -2.35424552 -2.00194533 
1.00000000e-01 -4.83173033 -4.04280649 -3.01249982 -2.35424552 -2.00194533 
8.11130831e-02 -4.83173033 -4.04280649 -3.01249982 -2.35424552 -2.00194533 
6.57933225e-02 -4.83173033 -4.04280649 -3.01249982 -2.35424552 -2.00194533 
5.33669923e-02 -4.83173033 -4.04280649 -3.01249982 -2.35424552 -2.00194533 
4.32876128e-02 -4.83173033 -4.04280649 -3.01249982 -2.35424552 -2.00194533 
3.51119173e-02 -4.83173033 -4.04280649 -3.01249982 -2.35424552 -2.00194533 
2.84803587e-02 -4.83173033 -4.04280649 -3.01249982 -2.35424552 -2.00194533 
2.31012970e-02 -4.83173033 -4.04280649 -3.01249982 -2.35424552 -2.00194533 
1.87381742e-02 -4.83173033 -4.04280649 -3.01249982 -2.35424552 -2.00194533 
1.51991108e-02 -4.83173033 -4.04280649 -3.01249982 -2.35424552 -2.00194533 
1.23284674e-02 -4.83173033 -4.04280649 -3.01249982 -2.35424552 -2.00194533 
1.00000000e-02 -4.83173033 -4.04280649 -3.01249982 -2.35424552 -2.00194533 
8.11130831e-03 -4.83173033 -4.04280649 -3.01249982 -2.35424552 -2.00194533 
6.57933225e-03 -4.83173033 -4.04280649 -3.01249982 -2.35424552 -2.00194533 
5.33669923e-03 -4.83173033 -4.04280649 -3.01249982 -2.35424552 -2.00194533 
4.32876128e-03 -4.83173033 -4.04280649 -3.01249982 -2.35424552 -2.00194533 
3.51119173e-03 -4.83173033 -4.04280649 -3.01249982 -2.35424552 -2.00194533 
2.84803587e-03 -4.83173033 -4.04280649 -3.01249982 -2.35424552 -2.00194533 
2.31012970e-03 -4.83173033 -4.04280649 -3.01249982 -2.35424552 -2.00194533 
1.87381742e-03 -4.83173033 -4.04280649 -3.01249982 -2.35424552 -2.00194533 
1.51991108e-03 -4.83173033 -4.04280649 -3.01249982 -2.35424552 -2.00194533 
1.23284674e-03 -4.83173033 -4.04280649 -3.01249982 -2.35424552 -2.00194533 
1.00000000e-03 -4.83173033 -4.04280649 -3.01249982 -2.35424552 -2.00194533 
8.11130831e-04 -4.83173033 -4.04280649 -3.01249982 -2.35424552 -2.00194533 
6.57933225e-04 -4.83173033 -4.04280649 -3.01249982 -2.35424552 -2.00194533 
5.33669923e-04 -4.83173033 -4.04280649 -3.01249982 -2.35424552 -2.00194533 
4.32876128e-04 -4.83173033 -4.04280649 -3.01249982 -2.35424552 -2.00194533 
3.51119173e-04 -4.83173033 -4.04280649 -3.01249982 -2.35424552 -2.00194533 
2.84803587e-04 -4.83173033 -4.04280649 -3.01249982 -2.35424552 -2.00194533 
2.31012970e-04 -4.83173033 -4.04280649 -3.01249982 -2.35424552 -2.00194533 
1.87381742e-04 -4.83173033 -4.04280649 -3.01249982 -2.35424552 -2.00194533 
1.51991108e-04 -4.83173033 -4.04280649 -3.01249982 -2.35424552 -2.00194533 
1.23284674e-04 -4.83173033 -4.04280649 -3.01249982 -2.35424552 -2.00194533 
1.00000000e-04 -4.83173033 -4.04280649 -3.01249982 -2.35424552 -2.00194533 
8.11130831e-05 -4.83173033 -4.04280649 -3.01249982 -2.35424552 -2.00194533 
6.57933225e-05 -4.83173033 -4.04280649 -3.01249982 -2.35424552 -2.00194533 
5.33669923e-05 -4.83173033 -4.04280649 -3.01249982 -2.35424552 -2.00194533 
4.32876128e-05 -4.83173033 -4.04280649 -3.01249982 -2.35424552 -2.00194533 
3.51119173e-05 -4.83173033 -4.04280649 -3.01249982 -2.35424552 -2.00194533 
2.84803587e-05 -4.83173033 -4.04280649 -3.01249982 -2.35424552 -2.00194533 
2.31012970e-05 -4.83173033 -4.04280649 -3.01249982 -2.35424552 -2.00194533 
1.87381742e-05 -4.83173033 -4.04280649 -3.01249982 -2.35424552 -2.00194533 
1.51991108e-05 -4.83173033 -4.04280649 -3.01249982 -2.35424552 -2.00194533 
1.23284674e-05 -4.83173033 -4.04280649 -3.01249982 -2.35424552 -2.00194533 
1.00000000e-05 -4.83173033 -4.04280649 -3.01249982 -2.35424552 -2.00194533 
8.11130831e-06 -4.83173033 -4.04280649 -3.01249982 -2.35424552 -2.00194533 
6.57933225e-06 -4.83173033 -4.04280649 -3.01249982 -2.35424552 -2.00194533 
5.33669923e-06 -4.83173033 -4.04280649 -3.01249982 -2.35424552 -2.00194533 
4.32876128e-06 -4.83173033 -4.04280649 -3.01249982 -2.35424552 -2.00194533 
3.51119173e-06 -4.83173033 -4.04280649 -3.01249982 -2.35424552 -2.00194533 
2.84803587e-06 -4.83173033 -4.04280649 -3.01249982 -2.35424552 -2.00194533 
2.31012970e-06 -4.83173033 -4.04280649 -3.01249982 -2.35424552 -2.00194533 
1.87381742e-06 -4.83173033 -4.04280649 -3.01249982 -2.35424552 -2.00194533 
1.51991108e-06 -4.83173033 -4.04280649 -3.01249982 -2.35424552 -2.00194533 
1.23284674e-06 -4.83173033 -4.04280649 -3.01249982 -2.35424552 -2.00194533 
1.00000000e-06 -4.83173033 -4.04280649 -3.01249982 -2.35424552 -2.00194533 
8.11130831e-07 -4.83173033 -4.04280649 -3.01249982 -2.35424552 -2.00194533 
6.57933225e-07 -4.83173033 -4.04280649 -3.01249982 -2.35424552 -2.00194533 
5.33669923e-07 -4.83173033 -4.04280649 -3.01249982 -2.35424552 -2.00194533 
4.32876128e-07 -4.83173033 -4.04280649 -3.01249982 -2.35424552 -2.00194533 
3.51119173e-07 -4.83173033 -4.04280649 -3.01249982 -2.35424552 -2.00194533 
2.84803587e-07 -4.83173033 -4.04280649 -3.01249982 -2.35424552 -2.00194533 
2.31012970e-07 -4.83173033 -4.04280649 -3.01249982 -2.35424552 -2.00194533 
1.87381742e-07 -4.83173033 -4.04280649 -3.01249982 -2.35424552 -2.00194533 
1.51991108e-07 -4.83173033 -4.04280649 -3.01249982 -2.35424552 -2.00194533 
1.23284674e-07 -4.83173033 -4.04280649 -3.01249982 -2.35424552 -2.00194533 
1.00000000e-07 -4.83173033 -4.04280649 -3.01249982 -2.35424552 -2.00194533 
