P (bar) | T: -2σ | T: -1σ  | T: median | T: +1σ | T: +2σ 
1.00000000e+02 3.17831804e+02 4.72249390e+02 7.88201434e+02 1.18491553e+03 1.42729679e+03 
8.11130831e+01 3.17832990e+02 4.72250124e+02 7.88201933e+02 1.18491326e+03 1.42729383e+03 
6.57933225e+01 3.17837157e+02 4.72252705e+02 7.88203684e+02 1.18490529e+03 1.42728343e+03 
5.33669923e+01 3.17849886e+02 4.72260855e+02 7.88209032e+02 1.18488095e+03 1.42725166e+03 
4.32876128e+01 3.17884633e+02 4.72290533e+02 7.88223633e+02 1.18481451e+03 1.42716493e+03 
3.51119173e+01 3.17970043e+02 4.72363484e+02 7.88259521e+02 1.18464606e+03 1.42695175e+03 
2.84803587e+01 3.18159769e+02 4.72525532e+02 7.88339242e+02 1.18424382e+03 1.42647821e+03 
2.31012970e+01 3.18728117e+02 4.72851740e+02 7.88499722e+02 1.18343410e+03 1.42552494e+03 
1.87381742e+01 3.19810222e+02 4.73535580e+02 7.88391810e+02 1.18195318e+03 1.42378076e+03 
1.51991108e+01 3.21288436e+02 4.74820568e+02 7.86987723e+02 1.17991682e+03 1.42086969e+03 
1.23284674e+01 3.23738116e+02 4.76256513e+02 7.87170906e+02 1.17706852e+03 1.41641812e+03 
1.00000000e+01 3.27134878e+02 4.78371969e+02 7.85649327e+02 1.17356688e+03 1.41014666e+03 
8.11130831e+00 3.31629388e+02 4.81513507e+02 7.85167688e+02 1.16818664e+03 1.40195133e+03 
6.57933225e+00 3.36903645e+02 4.84767559e+02 7.84664100e+02 1.16159120e+03 1.39193612e+03 
5.33669923e+00 3.44038852e+02 4.88488130e+02 7.82875858e+02 1.15571260e+03 1.38038040e+03 
4.32876128e+00 3.51459935e+02 4.93529119e+02 7.81822097e+02 1.14980351e+03 1.36765780e+03 
3.51119173e+00 3.58212388e+02 4.98528550e+02 7.81726041e+02 1.14315571e+03 1.35421065e+03 
2.84803587e+00 3.64374155e+02 5.04076571e+02 7.78822570e+02 1.13640156e+03 1.34051925e+03 
2.31012970e+00 3.73169517e+02 5.10757560e+02 7.76870255e+02 1.12463313e+03 1.32665395e+03 
1.87381742e+00 3.83022886e+02 5.14737748e+02 7.76750028e+02 1.11259522e+03 1.31476238e+03 
1.51991108e+00 3.92020011e+02 5.20481997e+02 7.73793523e+02 1.10219640e+03 1.30064256e+03 
1.23284674e+00 4.00328172e+02 5.25721320e+02 7.73966235e+02 1.09259085e+03 1.28638314e+03 
1.00000000e+00 4.08086467e+02 5.30933627e+02 7.74908535e+02 1.08556613e+03 1.27742180e+03 
8.11130831e-01 4.13422690e+02 5.35649439e+02 7.72354843e+02 1.07624797e+03 1.26694708e+03 
6.57933225e-01 4.20991415e+02 5.41565468e+02 7.69154754e+02 1.06751239e+03 1.25498379e+03 
5.33669923e-01 4.29052213e+02 5.47182765e+02 7.67190772e+02 1.05678280e+03 1.24302050e+03 
4.32876128e-01 4.36040899e+02 5.53592482e+02 7.66685943e+02 1.04970377e+03 1.23373346e+03 
3.51119173e-01 4.43029586e+02 5.59963571e+02 7.66833754e+02 1.04063693e+03 1.22483177e+03 
2.84803587e-01 4.50740189e+02 5.65613856e+02 7.69636420e+02 1.03077631e+03 1.21503603e+03 
2.31012970e-01 4.59439387e+02 5.70404087e+02 7.69330843e+02 1.02144268e+03 1.19888906e+03 
1.87381742e-01 4.68138585e+02 5.75332171e+02 7.66593601e+02 1.01325306e+03 1.18567322e+03 
1.51991108e-01 4.73099504e+02 5.80724120e+02 7.66383764e+02 1.00387427e+03 1.17124076e+03 
1.23284674e-01 4.79734231e+02 5.86421186e+02 7.65434738e+02 9.95219241e+02 1.15927747e+03 
1.00000000e-01 4.86985709e+02 5.91655304e+02 7.63709561e+02 9.86180642e+02 1.14731418e+03 
8.11130831e-02 4.93383858e+02 5.97972400e+02 7.64259787e+02 9.76486788e+02 1.13680223e+03 
6.57933225e-02 5.01127018e+02 6.00630382e+02 7.63271143e+02 9.68707256e+02 1.12662780e+03 
5.33669923e-02 5.06804787e+02 6.05038457e+02 7.64722265e+02 9.58801305e+02 1.11645337e+03 
4.32876128e-02 5.10337512e+02 6.08646177e+02 7.62425997e+02 9.52037237e+02 1.10627894e+03 
3.51119173e-02 5.15081643e+02 6.13134266e+02 7.64090777e+02 9.46416841e+02 1.09610451e+03 
2.84803587e-02 5.18986434e+02 6.16317439e+02 7.61556395e+02 9.37424017e+02 1.08865806e+03 
2.31012970e-02 5.23358499e+02 6.20058331e+02 7.63517411e+02 9.28145963e+02 1.08407389e+03 
1.87381742e-02 5.30618494e+02 6.24685344e+02 7.62299022e+02 9.20224650e+02 1.07184615e+03 
1.51991108e-02 5.36699657e+02 6.27285584e+02 7.60981261e+02 9.13367393e+02 1.06508004e+03 
1.23284674e-02 5.43255870e+02 6.31434006e+02 7.60661010e+02 9.05818777e+02 1.05591400e+03 
1.00000000e-02 5.47186956e+02 6.34632542e+02 7.60594723e+02 8.98730910e+02 1.04917474e+03 
8.11130831e-03 5.47530280e+02 6.37970620e+02 7.56114855e+02 8.91881318e+02 1.04216410e+03 
6.57933225e-03 5.48968899e+02 6.40198833e+02 7.55327144e+02 8.84431345e+02 1.03515346e+03 
5.33669923e-03 5.52531551e+02 6.44165828e+02 7.55962012e+02 8.77549336e+02 1.02814282e+03 
4.32876128e-03 5.56465924e+02 6.46936010e+02 7.56678251e+02 8.71460162e+02 1.01883871e+03 
3.51119173e-03 5.60604352e+02 6.49001463e+02 7.54705016e+02 8.65333817e+02 1.01029860e+03 
2.84803587e-03 5.64742780e+02 6.50612403e+02 7.53270016e+02 8.61782817e+02 9.99902336e+02 
2.31012970e-03 5.64402125e+02 6.51486843e+02 7.52653794e+02 8.57963570e+02 9.91135413e+02 
1.87381742e-03 5.69945027e+02 6.52924118e+02 7.52421900e+02 8.55119621e+02 9.79398784e+02 
1.51991108e-03 5.70627433e+02 6.51810301e+02 7.51670982e+02 8.53842379e+02 9.73912372e+02 
1.23284674e-03 5.67064184e+02 6.50853600e+02 7.50823197e+02 8.51279358e+02 9.68747898e+02 
1.00000000e-03 5.70430968e+02 6.49027892e+02 7.50405069e+02 8.49838299e+02 9.60319764e+02 
8.11130831e-04 5.68484438e+02 6.49004827e+02 7.49560409e+02 8.50110160e+02 9.59418304e+02 
6.57933225e-04 5.62274628e+02 6.46179306e+02 7.48885542e+02 8.47865908e+02 9.56347553e+02 
5.33669923e-04 5.59954828e+02 6.42519011e+02 7.45340442e+02 8.47235800e+02 9.51025766e+02 
4.32876128e-04 5.57143515e+02 6.39608435e+02 7.44944899e+02 8.46103876e+02 9.44015125e+02 
3.51119173e-04 5.48096257e+02 6.37010249e+02 7.42191121e+02 8.47152820e+02 9.40565765e+02 
2.84803587e-04 5.43899642e+02 6.31673850e+02 7.38990592e+02 8.46546033e+02 9.39855346e+02 
2.31012970e-04 5.36148950e+02 6.27229976e+02 7.39417337e+02 8.48737887e+02 9.31933784e+02 
1.87381742e-04 5.25406133e+02 6.21401431e+02 7.41388932e+02 8.48809774e+02 9.29832135e+02 
1.51991108e-04 5.22934538e+02 6.17652675e+02 7.38617124e+02 8.53400871e+02 9.32370019e+02 
1.23284674e-04 5.14489359e+02 6.12376114e+02 7.38675868e+02 8.55914553e+02 9.32319034e+02 
1.00000000e-04 5.06045765e+02 6.07327797e+02 7.37580822e+02 8.58956302e+02 9.29413503e+02 
8.11130831e-05 4.98521434e+02 6.04094576e+02 7.36951802e+02 8.61691489e+02 9.33024319e+02 
6.57933225e-05 4.84309839e+02 6.00693753e+02 7.37758948e+02 8.64958308e+02 9.34859173e+02 
5.33669923e-05 4.72188728e+02 5.92029919e+02 7.37376048e+02 8.66971571e+02 9.38473033e+02 
4.32876128e-05 4.59732112e+02 5.82839084e+02 7.37114080e+02 8.71896099e+02 9.42688400e+02 
3.51119173e-05 4.45473005e+02 5.75464473e+02 7.37709656e+02 8.75743317e+02 9.46294860e+02 
2.84803587e-05 4.32118671e+02 5.68882297e+02 7.37031525e+02 8.77601237e+02 9.50025742e+02 
2.31012970e-05 4.24871787e+02 5.63284048e+02 7.35724389e+02 8.78523738e+02 9.54232810e+02 
1.87381742e-05 4.17994949e+02 5.57424929e+02 7.35119560e+02 8.81512208e+02 9.59337151e+02 
1.51991108e-05 4.07559817e+02 5.52890865e+02 7.33471569e+02 8.85226210e+02 9.62732917e+02 
1.23284674e-05 3.96649215e+02 5.48580745e+02 7.33569008e+02 8.86839031e+02 9.66808738e+02 
1.00000000e-05 3.90799003e+02 5.43946020e+02 7.32750214e+02 8.86967538e+02 9.71124137e+02 
8.11130831e-06 3.84798208e+02 5.41610694e+02 7.32792251e+02 8.88848077e+02 9.74116339e+02 
6.57933225e-06 3.80538762e+02 5.40237788e+02 7.33753192e+02 8.89966161e+02 9.74708987e+02 
5.33669923e-06 3.77753334e+02 5.39370152e+02 7.33480181e+02 8.90290105e+02 9.75735558e+02 
4.32876128e-06 3.76084425e+02 5.38562937e+02 7.33518764e+02 8.90640206e+02 9.76700370e+02 
3.51119173e-06 3.75172303e+02 5.37891931e+02 7.33367214e+02 8.90892164e+02 9.77303045e+02 
2.84803587e-06 3.74719195e+02 5.37558601e+02 7.33134853e+02 8.91017327e+02 9.77602432e+02 
2.31012970e-06 3.74515216e+02 5.37408543e+02 7.32989559e+02 8.91073673e+02 9.77737209e+02 
1.87381742e-06 3.74432232e+02 5.37347495e+02 7.32930449e+02 8.91096596e+02 9.77792039e+02 
1.51991108e-06 3.74401832e+02 5.37325131e+02 7.32908795e+02 8.91104993e+02 9.77808167e+02 
1.23284674e-06 3.74391882e+02 5.37317812e+02 7.32901708e+02 8.91107742e+02 9.77811700e+02 
1.00000000e-06 3.74389048e+02 5.37315727e+02 7.32899689e+02 8.91108524e+02 9.77812706e+02 
8.11130831e-07 3.74388431e+02 5.37315273e+02 7.32899249e+02 8.91108695e+02 9.77812926e+02 
6.57933225e-07 3.74388431e+02 5.37315273e+02 7.32899249e+02 8.91108695e+02 9.77812926e+02 
5.33669923e-07 3.74388431e+02 5.37315273e+02 7.32899249e+02 8.91108695e+02 9.77812926e+02 
4.32876128e-07 3.74388431e+02 5.37315273e+02 7.32899249e+02 8.91108695e+02 9.77812926e+02 
3.51119173e-07 3.74388431e+02 5.37315273e+02 7.32899249e+02 8.91108695e+02 9.77812926e+02 
2.84803587e-07 3.74388431e+02 5.37315273e+02 7.32899249e+02 8.91108695e+02 9.77812926e+02 
2.31012970e-07 3.74388431e+02 5.37315273e+02 7.32899249e+02 8.91108695e+02 9.77812926e+02 
1.87381742e-07 3.74388431e+02 5.37315273e+02 7.32899249e+02 8.91108695e+02 9.77812926e+02 
1.51991108e-07 3.74388431e+02 5.37315273e+02 7.32899249e+02 8.91108695e+02 9.77812926e+02 
1.23284674e-07 3.74388431e+02 5.37315273e+02 7.32899249e+02 8.91108695e+02 9.77812926e+02 
1.00000000e-07 3.74388431e+02 5.37315273e+02 7.32899249e+02 8.91108695e+02 9.77812926e+02 
