Chemical species: H2 He H2O CO2 SO2 CO Na H2S K CH4
P (bar) | log_H2: -2σ | log_H2: -1σ | log_H2: median | log_H2: +1σ | log_H2: +2σ 
1.00000000e+02 -0.07858664 -0.07616904 -0.07479534 -0.07383783 -0.07309198 
8.11130831e+01 -0.07854690 -0.07613948 -0.07476931 -0.07381501 -0.07307069 
6.57933225e+01 -0.07850756 -0.07611023 -0.07474316 -0.07379230 -0.07304966 
5.33669923e+01 -0.07846863 -0.07607966 -0.07471674 -0.07376849 -0.07302890 
4.32876128e+01 -0.07843013 -0.07604936 -0.07469012 -0.07374639 -0.07300841 
3.51119173e+01 -0.07839206 -0.07602069 -0.07466467 -0.07372523 -0.07298821 
2.84803587e+01 -0.07836701 -0.07600199 -0.07464727 -0.07371023 -0.07297349 
2.31012970e+01 -0.07835477 -0.07599225 -0.07463776 -0.07370165 -0.07296414 
1.87381742e+01 -0.07834274 -0.07598216 -0.07462845 -0.07369351 -0.07295490 
1.51991108e+01 -0.07833097 -0.07597160 -0.07461917 -0.07368573 -0.07294631 
1.23284674e+01 -0.07831956 -0.07596130 -0.07461017 -0.07367711 -0.07294134 
1.00000000e+01 -0.07830864 -0.07595135 -0.07460142 -0.07366780 -0.07293669 
8.11130831e+00 -0.07828724 -0.07593728 -0.07459170 -0.07366152 -0.07292548 
6.57933225e+00 -0.07826670 -0.07592263 -0.07458370 -0.07365396 -0.07292256 
5.33669923e+00 -0.07824740 -0.07590656 -0.07457552 -0.07364598 -0.07292006 
4.32876128e+00 -0.07822992 -0.07588695 -0.07456576 -0.07364030 -0.07291782 
3.51119173e+00 -0.07821510 -0.07587313 -0.07456234 -0.07363789 -0.07291595 
2.84803587e+00 -0.07807038 -0.07582500 -0.07453275 -0.07361307 -0.07289296 
2.31012970e+00 -0.07774571 -0.07571112 -0.07446361 -0.07357129 -0.07285032 
1.87381742e+00 -0.07756479 -0.07562179 -0.07439537 -0.07351595 -0.07281989 
1.51991108e+00 -0.07738017 -0.07553286 -0.07434221 -0.07347552 -0.07279617 
1.23284674e+00 -0.07721966 -0.07547905 -0.07429504 -0.07344665 -0.07276578 
1.00000000e+00 -0.07711309 -0.07543823 -0.07426735 -0.07341795 -0.07273435 
8.11130831e-01 -0.07663197 -0.07511708 -0.07406736 -0.07326099 -0.07260284 
6.57933225e-01 -0.07631406 -0.07484689 -0.07387869 -0.07308989 -0.07243816 
5.33669923e-01 -0.07601303 -0.07466546 -0.07372897 -0.07293463 -0.07232871 
4.32876128e-01 -0.07584674 -0.07451467 -0.07360733 -0.07283417 -0.07223866 
3.51119173e-01 -0.07576359 -0.07446063 -0.07354340 -0.07276372 -0.07216459 
2.84803587e-01 -0.07551681 -0.07424627 -0.07334866 -0.07259682 -0.07200607 
2.31012970e-01 -0.07507218 -0.07388490 -0.07304340 -0.07233160 -0.07178574 
1.87381742e-01 -0.07479838 -0.07361048 -0.07281142 -0.07213000 -0.07161309 
1.51991108e-01 -0.07457161 -0.07343372 -0.07265969 -0.07200319 -0.07150561 
1.23284674e-01 -0.07451523 -0.07334663 -0.07258432 -0.07195489 -0.07146497 
1.00000000e-01 -0.07452098 -0.07336040 -0.07260158 -0.07197554 -0.07149429 
8.11130831e-02 -0.07425989 -0.07308188 -0.07235759 -0.07176566 -0.07131884 
6.57933225e-02 -0.07414383 -0.07289595 -0.07217982 -0.07162362 -0.07118872 
5.33669923e-02 -0.07409369 -0.07279315 -0.07207239 -0.07154825 -0.07111689 
4.32876128e-02 -0.07405340 -0.07274969 -0.07202851 -0.07150284 -0.07110275 
3.51119173e-02 -0.07408921 -0.07276757 -0.07203433 -0.07151281 -0.07111997 
2.84803587e-02 -0.07411024 -0.07275816 -0.07201242 -0.07150526 -0.07111491 
2.31012970e-02 -0.07411229 -0.07270328 -0.07196611 -0.07147382 -0.07106622 
1.87381742e-02 -0.07412159 -0.07270611 -0.07194865 -0.07145791 -0.07106092 
1.51991108e-02 -0.07414701 -0.07274142 -0.07196918 -0.07146661 -0.07106404 
1.23284674e-02 -0.07419350 -0.07278146 -0.07200387 -0.07149624 -0.07109269 
1.00000000e-02 -0.07424550 -0.07283419 -0.07205456 -0.07154021 -0.07113613 
8.11130831e-03 -0.07425150 -0.07284683 -0.07206485 -0.07154405 -0.07113389 
6.57933225e-03 -0.07428092 -0.07286687 -0.07207878 -0.07155586 -0.07114543 
5.33669923e-03 -0.07430865 -0.07288891 -0.07209900 -0.07157432 -0.07116406 
4.32876128e-03 -0.07432188 -0.07291243 -0.07212163 -0.07159648 -0.07118443 
3.51119173e-03 -0.07435102 -0.07293689 -0.07214864 -0.07161829 -0.07120689 
2.84803587e-03 -0.07437434 -0.07296330 -0.07217286 -0.07164105 -0.07122554 
2.31012970e-03 -0.07439154 -0.07297619 -0.07218706 -0.07166111 -0.07123569 
1.87381742e-03 -0.07440913 -0.07299205 -0.07220161 -0.07167926 -0.07124607 
1.51991108e-03 -0.07442707 -0.07300686 -0.07221834 -0.07169780 -0.07126273 
1.23284674e-03 -0.07444535 -0.07302785 -0.07223692 -0.07171680 -0.07127480 
1.00000000e-03 -0.07446473 -0.07305315 -0.07225985 -0.07173785 -0.07129223 
8.11130831e-04 -0.07447763 -0.07306779 -0.07227490 -0.07175010 -0.07130308 
6.57933225e-04 -0.07449071 -0.07308363 -0.07228647 -0.07175895 -0.07130991 
5.33669923e-04 -0.07450397 -0.07309836 -0.07230021 -0.07176834 -0.07131993 
4.32876128e-04 -0.07451796 -0.07311443 -0.07231813 -0.07177859 -0.07133056 
3.51119173e-04 -0.07453965 -0.07313713 -0.07233241 -0.07179194 -0.07134498 
2.84803587e-04 -0.07455666 -0.07315078 -0.07234682 -0.07179861 -0.07135771 
2.31012970e-04 -0.07457082 -0.07315725 -0.07235369 -0.07181092 -0.07136335 
1.87381742e-04 -0.07459550 -0.07316950 -0.07236070 -0.07181424 -0.07136905 
1.51991108e-04 -0.07460135 -0.07318029 -0.07236681 -0.07182074 -0.07137480 
1.23284674e-04 -0.07460724 -0.07319131 -0.07237624 -0.07182731 -0.07137793 
1.00000000e-04 -0.07461861 -0.07320434 -0.07238577 -0.07183245 -0.07138645 
8.11130831e-05 -0.07462431 -0.07321160 -0.07238985 -0.07183646 -0.07138883 
6.57933225e-05 -0.07462814 -0.07321931 -0.07239395 -0.07183891 -0.07139070 
5.33669923e-05 -0.07463047 -0.07322475 -0.07239808 -0.07184088 -0.07139229 
4.32876128e-05 -0.07463280 -0.07323147 -0.07240203 -0.07184302 -0.07139387 
3.51119173e-05 -0.07463514 -0.07323635 -0.07240478 -0.07184700 -0.07139546 
2.84803587e-05 -0.07463907 -0.07323874 -0.07240689 -0.07184868 -0.07139674 
2.31012970e-05 -0.07464220 -0.07324056 -0.07240836 -0.07184971 -0.07139769 
1.87381742e-05 -0.07464534 -0.07324239 -0.07240983 -0.07185105 -0.07139865 
1.51991108e-05 -0.07464848 -0.07324421 -0.07241130 -0.07185322 -0.07139960 
1.23284674e-05 -0.07465164 -0.07324605 -0.07241286 -0.07185461 -0.07140056 
1.00000000e-05 -0.07465481 -0.07324788 -0.07241477 -0.07185601 -0.07140152 
8.11130831e-06 -0.07465655 -0.07324916 -0.07241583 -0.07185684 -0.07140226 
6.57933225e-06 -0.07465830 -0.07325045 -0.07241689 -0.07185768 -0.07140299 
5.33669923e-06 -0.07466005 -0.07325173 -0.07241795 -0.07185970 -0.07140373 
4.32876128e-06 -0.07466180 -0.07325302 -0.07241902 -0.07186218 -0.07140447 
3.51119173e-06 -0.07466355 -0.07325431 -0.07242008 -0.07186306 -0.07140520 
2.84803587e-06 -0.07466510 -0.07325544 -0.07242106 -0.07186389 -0.07140593 
2.31012970e-06 -0.07466643 -0.07325640 -0.07242194 -0.07186466 -0.07140666 
1.87381742e-06 -0.07466777 -0.07325738 -0.07242282 -0.07186543 -0.07140738 
1.51991108e-06 -0.07466910 -0.07325835 -0.07242370 -0.07186621 -0.07140810 
1.23284674e-06 -0.07467044 -0.07325932 -0.07242459 -0.07186698 -0.07140883 
1.00000000e-06 -0.07467178 -0.07326029 -0.07242547 -0.07186775 -0.07140955 
8.11130831e-07 -0.07467316 -0.07326107 -0.07242649 -0.07186856 -0.07141030 
6.57933225e-07 -0.07467453 -0.07326184 -0.07242751 -0.07186936 -0.07141105 
5.33669923e-07 -0.07467591 -0.07326262 -0.07242853 -0.07187017 -0.07141180 
4.32876128e-07 -0.07467729 -0.07326369 -0.07242956 -0.07187098 -0.07141256 
3.51119173e-07 -0.07467868 -0.07326491 -0.07243058 -0.07187179 -0.07141331 
2.84803587e-07 -0.07468000 -0.07326625 -0.07243160 -0.07187248 -0.07141392 
2.31012970e-07 -0.07468125 -0.07326772 -0.07243260 -0.07187311 -0.07141437 
1.87381742e-07 -0.07468251 -0.07326908 -0.07243360 -0.07187400 -0.07141483 
1.51991108e-07 -0.07468377 -0.07327023 -0.07243461 -0.07187489 -0.07141598 
1.23284674e-07 -0.07468503 -0.07327137 -0.07243562 -0.07187578 -0.07141713 
1.00000000e-07 -0.07468630 -0.07327252 -0.07243663 -0.07187667 -0.07141828 
P (bar) | log_He: -2σ | log_He: -1σ | log_He: median | log_He: +1σ | log_He: +2σ 
1.00000000e+02 -0.84813772 -0.84572012 -0.84434642 -0.84338891 -0.84264305 
8.11130831e+01 -0.84809798 -0.84569056 -0.84432039 -0.84336609 -0.84262177 
6.57933225e+01 -0.84805864 -0.84566131 -0.84429424 -0.84334338 -0.84260074 
5.33669923e+01 -0.84801971 -0.84563074 -0.84426782 -0.84331957 -0.84257998 
4.32876128e+01 -0.84798120 -0.84560044 -0.84424120 -0.84329747 -0.84255949 
3.51119173e+01 -0.84794314 -0.84557177 -0.84421575 -0.84327631 -0.84253928 
2.84803587e+01 -0.84791809 -0.84555307 -0.84419835 -0.84326131 -0.84252457 
2.31012970e+01 -0.84790585 -0.84554333 -0.84418884 -0.84325273 -0.84251522 
1.87381742e+01 -0.84789382 -0.84553323 -0.84417953 -0.84324459 -0.84250598 
1.51991108e+01 -0.84788205 -0.84552268 -0.84417025 -0.84323681 -0.84249739 
1.23284674e+01 -0.84787064 -0.84551238 -0.84416125 -0.84322819 -0.84249242 
1.00000000e+01 -0.84785972 -0.84550243 -0.84415250 -0.84321888 -0.84248777 
8.11130831e+00 -0.84783831 -0.84548836 -0.84414278 -0.84321260 -0.84247656 
6.57933225e+00 -0.84781778 -0.84547371 -0.84413478 -0.84320504 -0.84247364 
5.33669923e+00 -0.84779848 -0.84545764 -0.84412660 -0.84319706 -0.84247114 
4.32876128e+00 -0.84778100 -0.84543803 -0.84411683 -0.84319138 -0.84246890 
3.51119173e+00 -0.84776618 -0.84542421 -0.84411342 -0.84318897 -0.84246703 
2.84803587e+00 -0.84762145 -0.84537608 -0.84408383 -0.84316415 -0.84244404 
2.31012970e+00 -0.84729679 -0.84526219 -0.84401469 -0.84312236 -0.84240140 
1.87381742e+00 -0.84711587 -0.84517287 -0.84394645 -0.84306703 -0.84237096 
1.51991108e+00 -0.84693125 -0.84508394 -0.84389328 -0.84302660 -0.84234725 
1.23284674e+00 -0.84677073 -0.84503013 -0.84384612 -0.84299772 -0.84231685 
1.00000000e+00 -0.84666417 -0.84498931 -0.84381843 -0.84296903 -0.84228543 
8.11130831e-01 -0.84618305 -0.84466816 -0.84361844 -0.84281206 -0.84215392 
6.57933225e-01 -0.84586514 -0.84439797 -0.84342977 -0.84264096 -0.84198924 
5.33669923e-01 -0.84556410 -0.84421653 -0.84328005 -0.84248571 -0.84187979 
4.32876128e-01 -0.84539782 -0.84406575 -0.84315841 -0.84238525 -0.84178974 
3.51119173e-01 -0.84531467 -0.84401171 -0.84309447 -0.84231480 -0.84171567 
2.84803587e-01 -0.84506788 -0.84379735 -0.84289973 -0.84214790 -0.84155715 
2.31012970e-01 -0.84462326 -0.84343598 -0.84259448 -0.84188268 -0.84133681 
1.87381742e-01 -0.84434946 -0.84316156 -0.84236250 -0.84168108 -0.84116417 
1.51991108e-01 -0.84412269 -0.84298480 -0.84221077 -0.84155427 -0.84105669 
1.23284674e-01 -0.84406631 -0.84289770 -0.84213540 -0.84150596 -0.84101605 
1.00000000e-01 -0.84407206 -0.84291147 -0.84215266 -0.84152662 -0.84104537 
8.11130831e-02 -0.84381097 -0.84263296 -0.84190867 -0.84131674 -0.84086992 
6.57933225e-02 -0.84369491 -0.84244703 -0.84173090 -0.84117470 -0.84073980 
5.33669923e-02 -0.84364477 -0.84234423 -0.84162347 -0.84109933 -0.84066797 
4.32876128e-02 -0.84360448 -0.84230077 -0.84157958 -0.84105392 -0.84065383 
3.51119173e-02 -0.84364029 -0.84231865 -0.84158541 -0.84106389 -0.84067105 
2.84803587e-02 -0.84366132 -0.84230924 -0.84156350 -0.84105634 -0.84066599 
2.31012970e-02 -0.84366337 -0.84225436 -0.84151719 -0.84102490 -0.84061730 
1.87381742e-02 -0.84367267 -0.84225719 -0.84149973 -0.84100899 -0.84061200 
1.51991108e-02 -0.84369809 -0.84229250 -0.84152025 -0.84101769 -0.84061512 
1.23284674e-02 -0.84374458 -0.84233254 -0.84155495 -0.84104732 -0.84064377 
1.00000000e-02 -0.84379658 -0.84238527 -0.84160564 -0.84109129 -0.84068721 
8.11130831e-03 -0.84380258 -0.84239791 -0.84161593 -0.84109513 -0.84068497 
6.57933225e-03 -0.84383199 -0.84241795 -0.84162986 -0.84110694 -0.84069651 
5.33669923e-03 -0.84385973 -0.84243999 -0.84165008 -0.84112540 -0.84071513 
4.32876128e-03 -0.84387296 -0.84246351 -0.84167271 -0.84114756 -0.84073551 
3.51119173e-03 -0.84390210 -0.84248797 -0.84169971 -0.84116937 -0.84075796 
2.84803587e-03 -0.84392542 -0.84251438 -0.84172394 -0.84119213 -0.84077662 
2.31012970e-03 -0.84394262 -0.84252726 -0.84173813 -0.84121219 -0.84078676 
1.87381742e-03 -0.84396021 -0.84254313 -0.84175269 -0.84123034 -0.84079715 
1.51991108e-03 -0.84397815 -0.84255794 -0.84176942 -0.84124888 -0.84081381 
1.23284674e-03 -0.84399643 -0.84257893 -0.84178800 -0.84126788 -0.84082588 
1.00000000e-03 -0.84401581 -0.84260423 -0.84181093 -0.84128893 -0.84084331 
8.11130831e-04 -0.84402870 -0.84261887 -0.84182598 -0.84130117 -0.84085416 
6.57933225e-04 -0.84404179 -0.84263471 -0.84183755 -0.84131003 -0.84086099 
5.33669923e-04 -0.84405505 -0.84264944 -0.84185128 -0.84131942 -0.84087101 
4.32876128e-04 -0.84406904 -0.84266551 -0.84186921 -0.84132967 -0.84088164 
3.51119173e-04 -0.84409073 -0.84268821 -0.84188349 -0.84134302 -0.84089605 
2.84803587e-04 -0.84410774 -0.84270185 -0.84189790 -0.84134969 -0.84090878 
2.31012970e-04 -0.84412190 -0.84270833 -0.84190477 -0.84136200 -0.84091443 
1.87381742e-04 -0.84414658 -0.84272057 -0.84191177 -0.84136532 -0.84092013 
1.51991108e-04 -0.84415242 -0.84273137 -0.84191789 -0.84137182 -0.84092588 
1.23284674e-04 -0.84415832 -0.84274238 -0.84192732 -0.84137839 -0.84092901 
1.00000000e-04 -0.84416969 -0.84275542 -0.84193684 -0.84138352 -0.84093753 
8.11130831e-05 -0.84417539 -0.84276267 -0.84194093 -0.84138754 -0.84093991 
6.57933225e-05 -0.84417922 -0.84277039 -0.84194503 -0.84138999 -0.84094178 
5.33669923e-05 -0.84418155 -0.84277583 -0.84194915 -0.84139195 -0.84094336 
4.32876128e-05 -0.84418388 -0.84278255 -0.84195311 -0.84139410 -0.84094495 
3.51119173e-05 -0.84418622 -0.84278743 -0.84195586 -0.84139808 -0.84094654 
2.84803587e-05 -0.84419014 -0.84278982 -0.84195797 -0.84139976 -0.84094781 
2.31012970e-05 -0.84419327 -0.84279164 -0.84195944 -0.84140079 -0.84094877 
1.87381742e-05 -0.84419641 -0.84279346 -0.84196090 -0.84140213 -0.84094972 
1.51991108e-05 -0.84419956 -0.84279529 -0.84196238 -0.84140430 -0.84095068 
1.23284674e-05 -0.84420272 -0.84279713 -0.84196394 -0.84140569 -0.84095164 
1.00000000e-05 -0.84420589 -0.84279896 -0.84196585 -0.84140708 -0.84095260 
8.11130831e-06 -0.84420763 -0.84280024 -0.84196691 -0.84140792 -0.84095334 
6.57933225e-06 -0.84420938 -0.84280152 -0.84196797 -0.84140876 -0.84095407 
5.33669923e-06 -0.84421113 -0.84280281 -0.84196903 -0.84141078 -0.84095481 
4.32876128e-06 -0.84421288 -0.84280410 -0.84197010 -0.84141326 -0.84095554 
3.51119173e-06 -0.84421463 -0.84280539 -0.84197116 -0.84141414 -0.84095628 
2.84803587e-06 -0.84421618 -0.84280651 -0.84197213 -0.84141497 -0.84095701 
2.31012970e-06 -0.84421751 -0.84280748 -0.84197302 -0.84141574 -0.84095773 
1.87381742e-06 -0.84421885 -0.84280845 -0.84197390 -0.84141651 -0.84095846 
1.51991108e-06 -0.84422018 -0.84280943 -0.84197478 -0.84141728 -0.84095918 
1.23284674e-06 -0.84422152 -0.84281040 -0.84197566 -0.84141806 -0.84095991 
1.00000000e-06 -0.84422286 -0.84281137 -0.84197655 -0.84141883 -0.84096063 
8.11130831e-07 -0.84422424 -0.84281215 -0.84197757 -0.84141964 -0.84096138 
6.57933225e-07 -0.84422561 -0.84281292 -0.84197859 -0.84142044 -0.84096213 
5.33669923e-07 -0.84422699 -0.84281370 -0.84197961 -0.84142125 -0.84096288 
4.32876128e-07 -0.84422837 -0.84281477 -0.84198064 -0.84142206 -0.84096364 
3.51119173e-07 -0.84422976 -0.84281599 -0.84198166 -0.84142286 -0.84096439 
2.84803587e-07 -0.84423107 -0.84281733 -0.84198267 -0.84142355 -0.84096500 
2.31012970e-07 -0.84423233 -0.84281880 -0.84198368 -0.84142419 -0.84096545 
1.87381742e-07 -0.84423359 -0.84282016 -0.84198468 -0.84142508 -0.84096591 
1.51991108e-07 -0.84423485 -0.84282131 -0.84198569 -0.84142596 -0.84096706 
1.23284674e-07 -0.84423611 -0.84282245 -0.84198670 -0.84142685 -0.84096820 
1.00000000e-07 -0.84423738 -0.84282360 -0.84198771 -0.84142775 -0.84096935 
P (bar) | log_H2O: -2σ | log_H2O: -1σ | log_H2O: median | log_H2O: +1σ | log_H2O: +2σ 
1.00000000e+02 -2.27586201 -2.21723205 -2.15658286 -2.07936869 -1.97767410 
8.11130831e+01 -2.27907219 -2.22029860 -2.15981419 -2.08282193 -1.97978774 
6.57933225e+01 -2.28228237 -2.22343075 -2.16297806 -2.08606452 -1.98190138 
5.33669923e+01 -2.28549255 -2.22655115 -2.16622495 -2.08921645 -1.98401502 
4.32876128e+01 -2.28870273 -2.22997302 -2.16939954 -2.09224055 -1.98612866 
3.51119173e+01 -2.29191291 -2.23329338 -2.17222268 -2.09520759 -1.98824230 
2.84803587e+01 -2.29419148 -2.23554511 -2.17408997 -2.09700632 -1.98964848 
2.31012970e+01 -2.29553844 -2.23681413 -2.17537863 -2.09804899 -1.99034721 
1.87381742e+01 -2.29669261 -2.23803577 -2.17666816 -2.09882791 -1.99104594 
1.51991108e+01 -2.29794988 -2.23925741 -2.17779338 -2.09961151 -1.99174466 
1.23284674e+01 -2.29937526 -2.24061576 -2.17904719 -2.10040738 -1.99244339 
1.00000000e+01 -2.30080063 -2.24195462 -2.18035348 -2.10124919 -1.99314212 
8.11130831e+00 -2.30145733 -2.24261988 -2.18132110 -2.10342288 -1.99645981 
6.57933225e+00 -2.30211403 -2.24345791 -2.18226530 -2.10508922 -1.99977750 
5.33669923e+00 -2.30318758 -2.24427153 -2.18320950 -2.10637621 -2.00309518 
4.32876128e+00 -2.30394135 -2.24498225 -2.18436430 -2.10721004 -2.00667644 
3.51119173e+00 -2.30469512 -2.24573936 -2.18507873 -2.10841005 -2.01070049 
2.84803587e+00 -2.30706091 -2.24862568 -2.18827176 -2.11201078 -2.02068303 
2.31012970e+00 -2.31238703 -2.25496513 -2.19271349 -2.11892581 -2.03409733 
1.87381742e+00 -2.31588682 -2.26127814 -2.19682135 -2.12705773 -2.04526851 
1.51991108e+00 -2.32233670 -2.26722299 -2.20195675 -2.13634410 -2.05589771 
1.23284674e+00 -2.32803520 -2.27328559 -2.20851472 -2.14515278 -2.06540075 
1.00000000e+00 -2.33435495 -2.27910561 -2.21426850 -2.14978687 -2.07523684 
8.11130831e-01 -2.35988420 -2.30047519 -2.23460239 -2.17102941 -2.09687716 
6.57933225e-01 -2.38691307 -2.32337738 -2.25869173 -2.19342792 -2.11984409 
5.33669923e-01 -2.41140303 -2.35001362 -2.28085043 -2.21459520 -2.14029770 
4.32876128e-01 -2.44861551 -2.37634233 -2.30281133 -2.23086017 -2.15107692 
3.51119173e-01 -2.49994095 -2.40579088 -2.32303318 -2.24477961 -2.16291542 
2.84803587e-01 -2.54609609 -2.44040015 -2.35466177 -2.27531876 -2.19348936 
2.31012970e-01 -2.58712429 -2.48406821 -2.39602250 -2.31758544 -2.24161570 
1.87381742e-01 -2.62892619 -2.52841764 -2.43819861 -2.35936495 -2.28291634 
1.51991108e-01 -2.68207613 -2.57094071 -2.48027767 -2.39991127 -2.32079716 
1.23284674e-01 -2.73133368 -2.61441079 -2.52516389 -2.44252935 -2.35964237 
1.00000000e-01 -2.77986427 -2.65873625 -2.56627108 -2.48323278 -2.39519747 
8.11130831e-02 -2.79677277 -2.69836142 -2.61781403 -2.54263750 -2.45325953 
6.57933225e-02 -2.81724719 -2.73870999 -2.66705493 -2.60001290 -2.51048664 
5.33669923e-02 -2.84302913 -2.77727959 -2.71743677 -2.65647765 -2.56187130 
4.32876128e-02 -2.87535098 -2.81745542 -2.76557171 -2.71465570 -2.61600623 
3.51119173e-02 -2.90847851 -2.85810729 -2.81485997 -2.76958150 -2.66639231 
2.84803587e-02 -2.93388978 -2.88733990 -2.84969334 -2.80564602 -2.70561209 
2.31012970e-02 -2.94313941 -2.90121371 -2.86689538 -2.82194346 -2.72898279 
1.87381742e-02 -2.95886719 -2.91826997 -2.88447520 -2.83819364 -2.74157964 
1.51991108e-02 -2.97565900 -2.93673115 -2.90246933 -2.85398078 -2.76281000 
1.23284674e-02 -2.99283513 -2.95515024 -2.92031172 -2.86484062 -2.77753520 
1.00000000e-02 -3.01126212 -2.97438549 -2.93679888 -2.87560209 -2.79500890 
8.11130831e-03 -3.00640754 -2.96607764 -2.92794649 -2.86660294 -2.78531873 
6.57933225e-03 -3.00126565 -2.95905085 -2.91827250 -2.85791276 -2.78038312 
5.33669923e-03 -2.99565734 -2.95115969 -2.90912728 -2.85000834 -2.77089095 
4.32876128e-03 -2.99052057 -2.94327783 -2.90021295 -2.84036161 -2.76283346 
3.51119173e-03 -2.98646187 -2.93619503 -2.89095477 -2.83040044 -2.75271286 
2.84803587e-03 -2.97886329 -2.92709812 -2.87962308 -2.81946991 -2.74350201 
2.31012970e-03 -2.97230812 -2.91751701 -2.86679356 -2.80643992 -2.73084412 
1.87381742e-03 -2.96405264 -2.90684771 -2.85453724 -2.79393687 -2.71993466 
1.51991108e-03 -2.95693349 -2.89639212 -2.84283876 -2.78173788 -2.70809079 
1.23284674e-03 -2.94834454 -2.88649273 -2.83186919 -2.76888139 -2.69483038 
1.00000000e-03 -2.94069945 -2.87707340 -2.82013485 -2.75620510 -2.68119471 
8.11130831e-04 -2.93724399 -2.87064957 -2.81205618 -2.74628825 -2.67117743 
6.57933225e-04 -2.93317623 -2.86477481 -2.80474203 -2.73721749 -2.66059127 
5.33669923e-04 -2.92829083 -2.85916193 -2.79712709 -2.72752500 -2.65053562 
4.32876128e-04 -2.92386782 -2.85282012 -2.78982158 -2.71847819 -2.64047996 
3.51119173e-04 -2.91978792 -2.84735536 -2.78276116 -2.70913553 -2.63358089 
2.84803587e-04 -2.91619142 -2.84320873 -2.77695933 -2.70181092 -2.62255329 
2.31012970e-04 -2.91432207 -2.84062154 -2.77324374 -2.69636545 -2.61448171 
1.87381742e-04 -2.91209283 -2.83803942 -2.77024793 -2.69109794 -2.60514151 
1.51991108e-04 -2.91012599 -2.83535144 -2.76607894 -2.68613281 -2.59782327 
1.23284674e-04 -2.90832266 -2.83264851 -2.76190994 -2.68111870 -2.59205700 
1.00000000e-04 -2.90646551 -2.83014461 -2.75790073 -2.67563726 -2.58989641 
8.11130831e-05 -2.90532327 -2.82893167 -2.75639041 -2.67337216 -2.58677296 
6.57933225e-05 -2.90418103 -2.82771873 -2.75500515 -2.67053291 -2.58185403 
5.33669923e-05 -2.90309761 -2.82650579 -2.75355400 -2.66754461 -2.57693511 
4.32876128e-05 -2.90215331 -2.82527791 -2.75182232 -2.66458672 -2.57439961 
3.51119173e-05 -2.90120902 -2.82403068 -2.75009064 -2.66204984 -2.57088653 
2.84803587e-05 -2.90043544 -2.82307126 -2.74884422 -2.66005360 -2.56633788 
2.31012970e-05 -2.89983257 -2.82237437 -2.74800860 -2.65868382 -2.56412214 
1.87381742e-05 -2.89910867 -2.82167748 -2.74716417 -2.65731403 -2.56289136 
1.51991108e-05 -2.89812686 -2.82098060 -2.74650625 -2.65612986 -2.56166058 
1.23284674e-05 -2.89714505 -2.82028371 -2.74567724 -2.65496283 -2.56016213 
1.00000000e-05 -2.89616324 -2.81958682 -2.74480668 -2.65377655 -2.55905239 
8.11130831e-06 -2.89538963 -2.81906634 -2.74423071 -2.65308058 -2.55829398 
6.57933225e-06 -2.89461602 -2.81836734 -2.74357487 -2.65238461 -2.55753557 
5.33669923e-06 -2.89394877 -2.81760054 -2.74296836 -2.65168864 -2.55646228 
4.32876128e-06 -2.89338851 -2.81708209 -2.74236185 -2.65099630 -2.55551631 
3.51119173e-06 -2.89282825 -2.81656364 -2.74177994 -2.65030842 -2.55388891 
2.84803587e-06 -2.89225735 -2.81607207 -2.74131460 -2.64980515 -2.55262869 
2.31012970e-06 -2.89167581 -2.81560737 -2.74084511 -2.64941519 -2.55173564 
1.87381742e-06 -2.89109427 -2.81513197 -2.74037563 -2.64902524 -2.55084259 
1.51991108e-06 -2.89051273 -2.81463252 -2.73990615 -2.64844145 -2.54994954 
1.23284674e-06 -2.88993118 -2.81413308 -2.73943667 -2.64787826 -2.54915751 
1.00000000e-06 -2.88934964 -2.81357297 -2.73896198 -2.64746311 -2.54853481 
8.11130831e-07 -2.88874176 -2.81305827 -2.73834668 -2.64745258 -2.54805476 
6.57933225e-07 -2.88813388 -2.81249775 -2.73772618 -2.64701633 -2.54757472 
5.33669923e-07 -2.88752599 -2.81192756 -2.73712413 -2.64658008 -2.54709467 
4.32876128e-07 -2.88691811 -2.81135736 -2.73658654 -2.64614383 -2.54661463 
3.51119173e-07 -2.88631023 -2.81076819 -2.73608814 -2.64570758 -2.54613458 
2.84803587e-07 -2.88585769 -2.81023108 -2.73557728 -2.64524613 -2.54563322 
2.31012970e-07 -2.88574055 -2.81008713 -2.73507656 -2.64475946 -2.54511055 
1.87381742e-07 -2.88562340 -2.80964989 -2.73457583 -2.64428928 -2.54458787 
1.51991108e-07 -2.88550626 -2.80923212 -2.73406534 -2.64384839 -2.54406519 
1.23284674e-07 -2.88538911 -2.80870006 -2.73328046 -2.64332968 -2.54362408 
1.00000000e-07 -2.88527197 -2.80816799 -2.73256075 -2.64273187 -2.54330212 
P (bar) | log_CO2: -2σ | log_CO2: -1σ | log_CO2: median | log_CO2: +1σ | log_CO2: +2σ 
1.00000000e+02 -9.94484307 -9.66995740 -9.33524769 -8.85987866 -8.18175238 
8.11130831e+01 -9.77029076 -9.49520460 -9.16026415 -8.68437693 -8.00435362 
6.57933225e+01 -9.59573844 -9.32045180 -8.98528060 -8.50895023 -7.82695487 
5.33669923e+01 -9.42118613 -9.14569900 -8.81029705 -8.33353730 -7.64955612 
4.32876128e+01 -9.24642112 -8.97071434 -8.63531351 -8.15815874 -7.47215737 
3.51119173e+01 -9.07131225 -8.79567150 -8.46032996 -7.98278017 -7.29502244 
2.84803587e+01 -8.89494734 -8.61871391 -8.28325101 -7.80522521 -7.11646837 
2.31012970e+01 -8.71732640 -8.43984157 -8.10407665 -7.62560269 -6.93645116 
1.87381742e+01 -8.53928255 -8.26096922 -7.92490229 -7.44598017 -6.75649559 
1.51991108e+01 -8.36107344 -8.08209688 -7.74572793 -7.26635764 -6.57667013 
1.23284674e+01 -8.18286433 -7.90322454 -7.56655357 -7.08673512 -6.39684467 
1.00000000e+01 -8.00465522 -7.72435220 -7.38737921 -6.90711260 -6.21701921 
8.11130831e+00 -7.82356060 -7.54448514 -7.20790707 -6.72951628 -6.04689860 
6.57933225e+00 -7.64246598 -7.36461809 -7.02843493 -6.55166601 -5.87431333 
5.33669923e+00 -7.46137137 -7.18466001 -6.84896279 -6.37381535 -5.70395692 
4.32876128e+00 -7.28027675 -7.00433611 -6.66949065 -6.19605328 -5.53553360 
3.51119173e+00 -7.09918213 -6.82391390 -6.49010191 -6.01867137 -5.36299848 
2.84803587e+00 -6.91900046 -6.64555841 -6.31842737 -5.85456298 -5.21528951 
2.31012970e+00 -6.74335838 -6.47029456 -6.15149097 -5.70456028 -5.09240668 
1.87381742e+00 -6.56435145 -6.29357733 -5.98603689 -5.55565281 -4.96952386 
1.51991108e+00 -6.38498464 -6.12071306 -5.81761815 -5.40759769 -4.84664103 
1.23284674e+00 -6.20561782 -5.94691770 -5.64965469 -5.25392382 -4.72375820 
1.00000000e+00 -6.02625101 -5.77248475 -5.48288758 -5.10208503 -4.63363761 
8.11130831e-01 -5.86485534 -5.62969554 -5.36290090 -5.01254811 -4.58658467 
6.57933225e-01 -5.71695120 -5.49095250 -5.24226369 -4.92368399 -4.54701500 
5.33669923e-01 -5.56918918 -5.34839709 -5.12049652 -4.83598594 -4.49282336 
4.32876128e-01 -5.42142716 -5.21063756 -5.00097510 -4.75328162 -4.45408704 
3.51119173e-01 -5.27367656 -5.06782644 -4.88090940 -4.66537199 -4.39929028 
2.84803587e-01 -5.16864534 -4.97153181 -4.79852421 -4.60851990 -4.37808995 
2.31012970e-01 -5.09185537 -4.91290245 -4.75721259 -4.57878353 -4.37535373 
1.87381742e-01 -5.01876917 -4.86018111 -4.71482009 -4.54601410 -4.36573309 
1.51991108e-01 -4.94389651 -4.80237603 -4.67155718 -4.52030524 -4.35155753 
1.23284674e-01 -4.87679668 -4.75634355 -4.62874526 -4.49264151 -4.33549321 
1.00000000e-01 -4.81554451 -4.71143118 -4.58439479 -4.45560551 -4.30776543 
8.11130831e-02 -4.81737399 -4.72003308 -4.59786441 -4.47371119 -4.33340947 
6.57933225e-02 -4.82621234 -4.72661169 -4.60917844 -4.49141296 -4.35656906 
5.33669923e-02 -4.83044216 -4.73476771 -4.62014865 -4.50909124 -4.37573818 
4.32876128e-02 -4.83940750 -4.74308445 -4.63347588 -4.52593586 -4.39464557 
3.51119173e-02 -4.84691787 -4.74990837 -4.64661389 -4.54322054 -4.40629886 
2.84803587e-02 -4.85211199 -4.75783837 -4.65471233 -4.55148875 -4.41304251 
2.31012970e-02 -4.85528825 -4.76194527 -4.65833672 -4.55300136 -4.41194264 
1.87381742e-02 -4.85678982 -4.76562496 -4.66048274 -4.55486095 -4.41064546 
1.51991108e-02 -4.85961878 -4.76926348 -4.66382603 -4.55836652 -4.40561057 
1.23284674e-02 -4.86141670 -4.77226714 -4.66685710 -4.56216186 -4.40467201 
1.00000000e-02 -4.86465758 -4.77453570 -4.67102062 -4.56654820 -4.41071396 
8.11130831e-03 -4.85630830 -4.76599451 -4.65925283 -4.55352497 -4.40281011 
6.57933225e-03 -4.84961914 -4.75678620 -4.64780579 -4.54027284 -4.39181399 
5.33669923e-03 -4.84105046 -4.74745601 -4.63720744 -4.52825776 -4.37851996 
4.32876128e-03 -4.83248178 -4.73729092 -4.62676829 -4.51532246 -4.37004346 
3.51119173e-03 -4.82391310 -4.72719798 -4.61559479 -4.50384429 -4.35900050 
2.84803587e-03 -4.81527021 -4.71755324 -4.60439386 -4.49124702 -4.34350040 
2.31012970e-03 -4.80655312 -4.70889227 -4.59288085 -4.47915658 -4.32719520 
1.87381742e-03 -4.79869850 -4.69979375 -4.57999963 -4.46681008 -4.31344917 
1.51991108e-03 -4.78984491 -4.69028441 -4.56827840 -4.45481661 -4.30353294 
1.23284674e-03 -4.78404039 -4.67999409 -4.55707396 -4.44166125 -4.29446839 
1.00000000e-03 -4.77669644 -4.67015209 -4.54434758 -4.42867082 -4.28087432 
8.11130831e-04 -4.77241987 -4.66419414 -4.53645819 -4.41899955 -4.27128051 
6.57933225e-04 -4.76932315 -4.65869460 -4.52856365 -4.41119239 -4.26046539 
5.33669923e-04 -4.76558499 -4.65281667 -4.52248519 -4.40186120 -4.25078576 
4.32876128e-04 -4.76103990 -4.64755176 -4.51381300 -4.39241018 -4.23947074 
3.51119173e-04 -4.75764858 -4.64269254 -4.50622640 -4.38162841 -4.22831319 
2.84803587e-04 -4.75390940 -4.63836515 -4.50079448 -4.37462739 -4.21925176 
2.31012970e-04 -4.75207212 -4.63555626 -4.49719712 -4.36885093 -4.21300790 
1.87381742e-04 -4.74990670 -4.63275674 -4.49348109 -4.36352135 -4.20988562 
1.51991108e-04 -4.74774129 -4.63002092 -4.48986767 -4.35811693 -4.20676334 
1.23284674e-04 -4.74560471 -4.62724430 -4.48572176 -4.35222778 -4.20179852 
1.00000000e-04 -4.74361098 -4.62433954 -4.48199620 -4.34699548 -4.19431752 
8.11130831e-05 -4.74242486 -4.62300962 -4.48048179 -4.34498270 -4.19083361 
6.57933225e-05 -4.74134495 -4.62165140 -4.47834919 -4.34272269 -4.18705002 
5.33669923e-05 -4.74031220 -4.62029259 -4.47652569 -4.34010945 -4.18166471 
4.32876128e-05 -4.73927945 -4.61899993 -4.47473783 -4.33769893 -4.17627941 
3.51119173e-05 -4.73824670 -4.61770726 -4.47344014 -4.33502694 -4.17189285 
2.84803587e-05 -4.73740680 -4.61671109 -4.47238155 -4.33332764 -4.16979158 
2.31012970e-05 -4.73675974 -4.61600954 -4.47133138 -4.33229004 -4.16856792 
1.87381742e-05 -4.73611269 -4.61532821 -4.47032149 -4.33126639 -4.16678652 
1.51991108e-05 -4.73546564 -4.61464149 -4.46953141 -4.33034705 -4.16548720 
1.23284674e-05 -4.73469682 -4.61387626 -4.46874133 -4.32825841 -4.16431828 
1.00000000e-05 -4.73383061 -4.61308783 -4.46795684 -4.32715314 -4.16314936 
8.11130831e-06 -4.73316186 -4.61249686 -4.46755443 -4.32662863 -4.16239195 
6.57933225e-06 -4.73249310 -4.61190155 -4.46715203 -4.32610412 -4.16163454 
5.33669923e-06 -4.73182435 -4.61129518 -4.46638490 -4.32557961 -4.16087713 
4.32876128e-06 -4.73115560 -4.61073824 -4.46586003 -4.32498195 -4.16011972 
3.51119173e-06 -4.73048685 -4.61021513 -4.46534066 -4.32413489 -4.15936231 
2.84803587e-06 -4.72987451 -4.60970553 -4.46483821 -4.32354784 -4.15869853 
2.31012970e-06 -4.72935870 -4.60920281 -4.46433636 -4.32307378 -4.15812838 
1.87381742e-06 -4.72886497 -4.60867695 -4.46381434 -4.32259973 -4.15755823 
1.51991108e-06 -4.72838424 -4.60815108 -4.46329231 -4.32212567 -4.15698808 
1.23284674e-06 -4.72792482 -4.60762521 -4.46277028 -4.32165161 -4.15641793 
1.00000000e-06 -4.72746539 -4.60705707 -4.46224825 -4.32117755 -4.15584778 
8.11130831e-07 -4.72692377 -4.60645849 -4.46157082 -4.32065002 -4.15535975 
6.57933225e-07 -4.72638216 -4.60585990 -4.46089338 -4.32012249 -4.15487172 
5.33669923e-07 -4.72587574 -4.60526131 -4.46021594 -4.31959496 -4.15438370 
4.32876128e-07 -4.72537305 -4.60466273 -4.45983233 -4.31906743 -4.15389567 
3.51119173e-07 -4.72487036 -4.60406414 -4.45938514 -4.31853990 -4.15340764 
2.84803587e-07 -4.72444231 -4.60354822 -4.45888882 -4.31796191 -4.15296509 
2.31012970e-07 -4.72411669 -4.60336149 -4.45852328 -4.31733346 -4.15256803 
1.87381742e-07 -4.72388109 -4.60324327 -4.45798984 -4.31670500 -4.15217096 
1.51991108e-07 -4.72364549 -4.60294545 -4.45777212 -4.31607655 -4.15177390 
1.23284674e-07 -4.72340989 -4.60258607 -4.45710790 -4.31544810 -4.15137683 
1.00000000e-07 -4.72317429 -4.60219579 -4.45644369 -4.31481964 -4.15097977 
P (bar) | log_SO2: -2σ | log_SO2: -1σ | log_SO2: median | log_SO2: +1σ | log_SO2: +2σ 
1.00000000e+02 -18.42471332 -18.14038274 -17.80979600 -17.33285653 -16.58855054 
8.11130831e+01 -18.35387364 -18.06993973 -17.73737323 -17.25859373 -16.50907804 
6.57933225e+01 -18.28259227 -17.99979468 -17.66499154 -17.18433094 -16.42960554 
5.33669923e+01 -18.21096205 -17.92957110 -17.59268401 -17.10974817 -16.35013304 
4.32876128e+01 -18.13933182 -17.85902465 -17.52102157 -17.03453126 -16.27066055 
3.51119173e+01 -18.06770160 -17.78732249 -17.44935913 -16.95972115 -16.19118805 
2.84803587e+01 -17.99246172 -17.71006483 -17.37130025 -16.87956074 -16.10748820 
2.31012970e+01 -17.91361219 -17.62725166 -17.28710909 -16.79377275 -16.01956099 
1.87381742e+01 -17.83430245 -17.54462604 -17.20304740 -16.70798476 -15.93163379 
1.51991108e+01 -17.75398540 -17.46235331 -17.11900279 -16.62219678 -15.84370659 
1.23284674e+01 -17.67366835 -17.38008059 -17.03495819 -16.53640879 -15.75577938 
1.00000000e+01 -17.59335129 -17.29780787 -16.95090356 -16.45062080 -15.66785218 
8.11130831e+00 -17.50461327 -17.20856280 -16.86221708 -16.36341886 -15.58427066 
6.57933225e+00 -17.41534080 -17.11931772 -16.77364629 -16.27621693 -15.50068915 
5.33669923e+00 -17.32602763 -17.03007264 -16.68506591 -16.18901500 -15.41710763 
4.32876128e+00 -17.23671446 -16.94082757 -16.59632073 -16.10181306 -15.33352612 
3.51119173e+00 -17.14740129 -16.85199710 -16.50757554 -16.01461113 -15.24994460 
2.84803587e+00 -17.05839844 -16.76523164 -16.42372078 -15.93718076 -15.18684862 
2.31012970e+00 -16.96970592 -16.67863861 -16.34427491 -15.86919752 -15.14856581 
1.87381742e+00 -16.88101339 -16.59405494 -16.26860388 -15.79812743 -15.11028300 
1.51991108e+00 -16.79232087 -16.50987063 -16.18945942 -15.72940420 -15.07200019 
1.23284674e+00 -16.70362835 -16.42328616 -16.11064622 -15.66232828 -15.03371738 
1.00000000e+00 -16.61493583 -16.33938669 -16.03045218 -15.59337399 -14.99543457 
8.11130831e-01 -16.54194785 -16.28098082 -15.98616303 -15.57742755 -15.03574347 
6.57933225e-01 -16.46895987 -16.21897304 -15.94126557 -15.56316016 -15.06950169 
5.33669923e-01 -16.39597189 -16.15758895 -15.89624476 -15.55070833 -15.10229630 
4.32876128e-01 -16.32077713 -16.09722864 -15.85489929 -15.53374634 -15.12438876 
3.51119173e-01 -16.24842288 -16.03462979 -15.81371786 -15.52026149 -15.16281934 
2.84803587e-01 -16.20389421 -16.00585947 -15.79954807 -15.52701970 -15.19931934 
2.31012970e-01 -16.19115591 -16.00792739 -15.80846535 -15.54982176 -15.23182851 
1.87381742e-01 -16.18267407 -16.00952461 -15.82064519 -15.57305739 -15.25997254 
1.51991108e-01 -16.17074163 -16.00751959 -15.83189790 -15.59671924 -15.30371756 
1.23284674e-01 -16.15981653 -16.00533528 -15.84236733 -15.61852422 -15.34341423 
1.00000000e-01 -16.14373159 -16.00717534 -15.85400826 -15.64143886 -15.37265797 
8.11130831e-02 -16.17644024 -16.04900715 -15.88855874 -15.65351163 -15.33479291 
6.57933225e-02 -16.20851976 -16.09135198 -15.92004650 -15.67427948 -15.30044865 
5.33669923e-02 -16.24816923 -16.13802388 -15.95702518 -15.68917839 -15.26436217 
4.32876128e-02 -16.29974745 -16.18568167 -15.98978770 -15.70183668 -15.23083847 
3.51119173e-02 -16.33979540 -16.23490465 -16.02304248 -15.71882065 -15.19194860 
2.84803587e-02 -16.35280200 -16.23924294 -16.01856652 -15.69426173 -15.12297827 
2.31012970e-02 -16.32156578 -16.20463942 -15.97828763 -15.63550270 -15.02978189 
1.87381742e-02 -16.29241123 -16.17068727 -15.93554232 -15.57545987 -14.93523189 
1.51991108e-02 -16.26094035 -16.13387743 -15.89279700 -15.51645243 -14.83420328 
1.23284674e-02 -16.23005700 -16.09900398 -15.84805812 -15.45796338 -14.73356114 
1.00000000e-02 -16.19917364 -16.06362858 -15.80485262 -15.39844986 -14.63880263 
8.11130831e-03 -16.08485757 -15.94472930 -15.69159784 -15.28760080 -14.53286391 
6.57933225e-03 -15.97563440 -15.83250082 -15.57695312 -15.17294383 -14.41947050 
5.33669923e-03 -15.86714828 -15.71892323 -15.46113070 -15.05629525 -14.30607709 
4.32876128e-03 -15.75280754 -15.60484838 -15.34495124 -14.94037449 -14.19268368 
3.51119173e-03 -15.64543058 -15.48785659 -15.23415133 -14.82779839 -14.07929027 
2.84803587e-03 -15.53222138 -15.36694547 -15.11606908 -14.71226431 -13.97545150 
2.31012970e-03 -15.41077332 -15.24148652 -14.99405514 -14.59585175 -13.87370798 
1.87381742e-03 -15.28498579 -15.11903030 -14.87545891 -14.47956239 -13.76825108 
1.51991108e-03 -15.16049494 -14.99450260 -14.75977626 -14.36311549 -13.66139750 
1.23284674e-03 -15.04515306 -14.87007808 -14.63909212 -14.24566184 -13.55524226 
1.00000000e-03 -14.92498105 -14.74607157 -14.51896754 -14.13345656 -13.44908702 
8.11130831e-04 -14.80417771 -14.63692307 -14.40893791 -14.02663442 -13.34776797 
6.57933225e-04 -14.68388335 -14.52521393 -14.30006317 -13.91595521 -13.24963284 
5.33669923e-04 -14.57074223 -14.41024778 -14.18951445 -13.80951625 -13.15107439 
4.32876128e-04 -14.45687247 -14.29744500 -14.07729393 -13.70102374 -13.05173685 
3.51119173e-04 -14.34152797 -14.18451265 -13.96854240 -13.59199604 -12.95239930 
2.84803587e-04 -14.23151910 -14.07757784 -13.86156859 -13.48704623 -12.85498874 
2.31012970e-04 -14.12611557 -13.97342959 -13.76143536 -13.38751915 -12.75950515 
1.87381742e-04 -14.01767550 -13.87159586 -13.66058846 -13.28942240 -12.66402156 
1.51991108e-04 -13.91509806 -13.77039298 -13.56209683 -13.18899269 -12.56853798 
1.23284674e-04 -13.81269038 -13.66882625 -13.46408715 -13.08849786 -12.47305439 
1.00000000e-04 -13.70961934 -13.56715252 -13.36293426 -12.98863923 -12.37757080 
8.11130831e-05 -13.61194960 -13.47135713 -13.26766436 -12.89431635 -12.28354688 
6.57933225e-05 -13.51427987 -13.37528080 -13.17076525 -12.79918253 -12.19028159 
5.33669923e-05 -13.41661013 -13.27754165 -13.07426083 -12.70420027 -12.09745974 
4.32876128e-05 -13.31894039 -13.18054993 -12.97891322 -12.60945608 -12.00463789 
3.51119173e-05 -13.22127066 -13.08479836 -12.88349035 -12.51518493 -11.91181604 
2.84803587e-05 -13.12528404 -12.99030383 -12.78918896 -12.41980648 -11.81900479 
2.31012970e-05 -13.03040441 -12.89569357 -12.69636850 -12.32613763 -11.72620412 
1.87381742e-05 -12.93683945 -12.80224521 -12.60333935 -12.23249433 -11.63331816 
1.51991108e-05 -12.84399802 -12.70888143 -12.51040352 -12.13907103 -11.53953652 
1.23284674e-05 -12.75135129 -12.61578522 -12.41748704 -12.04564774 -11.44575487 
1.00000000e-05 -12.65830563 -12.52302005 -12.32434581 -11.95222445 -11.35197322 
8.11130831e-06 -12.56637864 -12.43018104 -12.23212178 -11.85959644 -11.25875513 
6.57933225e-06 -12.47445165 -12.33740677 -12.13989774 -11.76706098 -11.16553703 
5.33669923e-06 -12.38252465 -12.24466131 -12.04767371 -11.67452552 -11.07231894 
4.32876128e-06 -12.29059766 -12.15180435 -11.95486148 -11.58199006 -10.97910084 
3.51119173e-06 -12.19867067 -12.05876767 -11.86289849 -11.48945460 -10.88588275 
2.84803587e-06 -12.10673850 -11.96624138 -11.77105955 -11.39722450 -10.79337496 
2.31012970e-06 -12.01480115 -11.87388336 -11.67908803 -11.30529975 -10.70157747 
1.87381742e-06 -11.92286380 -11.78192840 -11.58708301 -11.21337501 -10.60977999 
1.51991108e-06 -11.83091741 -11.68990983 -11.49509490 -11.12145027 -10.51798250 
1.23284674e-06 -11.73888393 -11.59795831 -11.40310680 -11.02952552 -10.42618502 
1.00000000e-06 -11.64685044 -11.50615104 -11.31101981 -10.93760078 -10.33438753 
8.11130831e-07 -11.55450173 -11.41412813 -11.21915445 -10.84648462 -10.24474917 
6.57933225e-07 -11.46215302 -11.32210523 -11.12728908 -10.75536846 -10.15598718 
5.33669923e-07 -11.36980431 -11.23008232 -11.03542617 -10.66425230 -10.06754412 
4.32876128e-07 -11.27745559 -11.13805942 -10.94358073 -10.57313614 -9.97910107 
3.51119173e-07 -11.18510688 -11.04631625 -10.85176541 -10.48215538 -9.89065801 
2.84803587e-07 -11.09297203 -10.95492869 -10.76039088 -10.39219185 -9.80434459 
2.31012970e-07 -11.00105105 -10.86384802 -10.66965202 -10.30322917 -9.72016079 
1.87381742e-07 -10.90905528 -10.77256148 -10.57947996 -10.21426648 -9.63597699 
1.51991108e-07 -10.81691732 -10.68171121 -10.48948959 -10.12530380 -9.55179320 
1.23284674e-07 -10.72528811 -10.59067839 -10.39902041 -10.03634111 -9.46760940 
1.00000000e-07 -10.63336713 -10.49957324 -10.30850453 -9.94737843 -9.38342560 
P (bar) | log_CO: -2σ | log_CO: -1σ | log_CO: median | log_CO: +1σ | log_CO: +2σ 
1.00000000e+02 -8.20214472 -7.89532528 -7.56019519 -7.14091293 -6.42644733 
8.11130831e+01 -8.02397050 -7.71722480 -7.38192567 -6.96227811 -6.24706429 
6.57933225e+01 -7.84579628 -7.53912432 -7.20365615 -6.78360157 -6.06768125 
5.33669923e+01 -7.66762206 -7.36102384 -7.02538663 -6.60494156 -5.88829821 
4.32876128e+01 -7.48944784 -7.18292336 -6.84711711 -6.42628155 -5.70891517 
3.51119173e+01 -7.31127363 -7.00482288 -6.66892118 -6.24762154 -5.52953213 
2.84803587e+01 -7.13226050 -6.82568608 -6.48951828 -6.06798104 -5.34945506 
2.31012970e+01 -6.95240847 -6.64551296 -6.30912596 -5.88736006 -5.16868397 
1.87381742e+01 -6.77255644 -6.46533984 -6.12873365 -5.70673908 -4.98791288 
1.51991108e+01 -6.59270441 -6.28516672 -5.94834134 -5.52611810 -4.80714179 
1.23284674e+01 -6.41285237 -6.10499360 -5.76794902 -5.34549712 -4.62637070 
1.00000000e+01 -6.23300034 -5.92482048 -5.58755671 -5.16487613 -4.44559961 
8.11130831e+00 -6.05170626 -5.74377971 -5.40717895 -4.98586219 -4.26975486 
6.57933225e+00 -5.87041219 -5.56273894 -5.22686702 -4.80684824 -4.09391011 
5.33669923e+00 -5.68911811 -5.38169817 -5.04655508 -4.62783429 -3.91847485 
4.32876128e+00 -5.50782403 -5.20060290 -4.86624314 -4.44882034 -3.74310279 
3.51119173e+00 -5.32652995 -5.01941567 -4.68593120 -4.26980639 -3.56773073 
2.84803587e+00 -5.14591182 -4.83987956 -4.51004292 -4.09859255 -3.40907027 
2.31012970e+00 -4.96596962 -4.66199457 -4.33868626 -3.93595509 -3.27113707 
1.87381742e+00 -4.78602742 -4.48434413 -4.16795536 -3.77324535 -3.12829639 
1.51991108e+00 -4.60609719 -4.30702766 -3.99620115 -3.60942475 -2.98384317 
1.23284674e+00 -4.42674727 -4.12953664 -3.82495859 -3.44526652 -2.83938995 
1.00000000e+00 -4.24739736 -3.95251422 -3.65371604 -3.28110829 -2.69493673 
8.11130831e-01 -4.08186965 -3.79586231 -3.51305240 -3.15727985 -2.61045546 
6.57933225e-01 -3.91634194 -3.63754741 -3.37165435 -3.03215974 -2.52597418 
5.33669923e-01 -3.75081423 -3.47940933 -3.22885988 -2.90941966 -2.44301066 
4.32876128e-01 -3.58528652 -3.32285853 -3.08757322 -2.79037818 -2.36280944 
3.51119173e-01 -3.41975881 -3.16391857 -2.94773953 -2.66952576 -2.28101294 
2.84803587e-01 -3.27961600 -3.03383815 -2.83316352 -2.57358295 -2.22123993 
2.31012970e-01 -3.16485809 -2.93295857 -2.74718565 -2.50420002 -2.18264663 
1.87381742e-01 -3.05010018 -2.83499446 -2.66089464 -2.43552842 -2.14578018 
1.51991108e-01 -2.93534227 -2.73527212 -2.57602309 -2.37038735 -2.10831917 
1.23284674e-01 -2.82058436 -2.63421572 -2.48848828 -2.30891434 -2.06964733 
1.00000000e-01 -2.70582644 -2.53527247 -2.40275868 -2.24091124 -2.02827344 
8.11130831e-02 -2.64803249 -2.49018002 -2.36849582 -2.21410715 -2.01961631 
6.57933225e-02 -2.58320025 -2.44778266 -2.33144629 -2.18494337 -2.01007518 
5.33669923e-02 -2.52470467 -2.40269235 -2.29413846 -2.15918280 -1.99151625 
4.32876128e-02 -2.46555016 -2.35941750 -2.25801437 -2.13413063 -1.97477179 
3.51119173e-02 -2.41309771 -2.31598281 -2.22189176 -2.10916184 -1.96087679 
2.84803587e-02 -2.38148508 -2.28549991 -2.19736371 -2.09203438 -1.94490629 
2.31012970e-02 -2.35920688 -2.26941921 -2.18431450 -2.08209177 -1.94206958 
1.87381742e-02 -2.34260027 -2.25335553 -2.17040229 -2.07321573 -1.93796766 
1.51991108e-02 -2.31964817 -2.23798686 -2.15765324 -2.06050440 -1.92797273 
1.23284674e-02 -2.30708002 -2.22170556 -2.14300724 -2.04985563 -1.92111544 
1.00000000e-02 -2.29201346 -2.20490487 -2.12935507 -2.04034441 -1.91660870 
8.11130831e-03 -2.28740209 -2.20215721 -2.12715264 -2.03865608 -1.91460091 
6.57933225e-03 -2.28279073 -2.19919974 -2.12472536 -2.03715344 -1.91369070 
5.33669923e-03 -2.27817936 -2.19625761 -2.12233020 -2.03565519 -1.91361922 
4.32876128e-03 -2.27356800 -2.19376245 -2.12002206 -2.03429711 -1.91354774 
3.51119173e-03 -2.26895663 -2.19100409 -2.11762482 -2.03247927 -1.91347626 
2.84803587e-03 -2.26478926 -2.18977349 -2.11629405 -2.03150928 -1.91318094 
2.31012970e-03 -2.26465339 -2.18960599 -2.11603949 -2.03140649 -1.91313945 
1.87381742e-03 -2.26436787 -2.18943849 -2.11573994 -2.03130369 -1.91309796 
1.51991108e-03 -2.26376965 -2.18922960 -2.11563148 -2.03118729 -1.91305647 
1.23284674e-03 -2.26279647 -2.18883064 -2.11519748 -2.03106429 -1.91301498 
1.00000000e-03 -2.26236160 -2.18869165 -2.11503835 -2.03094129 -1.91297348 
8.11130831e-04 -2.26239857 -2.18869668 -2.11505375 -2.03095452 -1.91298429 
6.57933225e-04 -2.26243555 -2.18870172 -2.11506915 -2.03096775 -1.91299510 
5.33669923e-04 -2.26247252 -2.18870676 -2.11508454 -2.03098098 -1.91300590 
4.32876128e-04 -2.26250949 -2.18865116 -2.11509994 -2.03099421 -1.91301671 
3.51119173e-04 -2.26254646 -2.18860916 -2.11511534 -2.03100744 -1.91302751 
2.84803587e-04 -2.26257927 -2.18862657 -2.11513091 -2.03102075 -1.91303747 
2.31012970e-04 -2.26260792 -2.18864806 -2.11514667 -2.03103413 -1.91304658 
1.87381742e-04 -2.26263656 -2.18866947 -2.11516242 -2.03104752 -1.91305568 
1.51991108e-04 -2.26266521 -2.18868487 -2.11517817 -2.03106091 -1.91306479 
1.23284674e-04 -2.26269386 -2.18870802 -2.11519392 -2.03107430 -1.91307389 
1.00000000e-04 -2.26272250 -2.18873116 -2.11520968 -2.03108768 -1.91308300 
8.11130831e-05 -2.26273546 -2.18874170 -2.11521730 -2.03109477 -1.91308908 
6.57933225e-05 -2.26274842 -2.18875224 -2.11522491 -2.03110185 -1.91309516 
5.33669923e-05 -2.26276138 -2.18876278 -2.11523253 -2.03110893 -1.91310124 
4.32876128e-05 -2.26277434 -2.18877332 -2.11523957 -2.03111601 -1.91310732 
3.51119173e-05 -2.26278730 -2.18881337 -2.11524641 -2.03112310 -1.91311340 
2.84803587e-05 -2.26279637 -2.18883666 -2.11525158 -2.03112878 -1.91311901 
2.31012970e-05 -2.26280157 -2.18885286 -2.11525510 -2.03113306 -1.91312415 
1.87381742e-05 -2.26280676 -2.18886907 -2.11525861 -2.03113733 -1.91312929 
1.51991108e-05 -2.26281195 -2.18888149 -2.11526213 -2.03114161 -1.91313444 
1.23284674e-05 -2.26281714 -2.18888617 -2.11526564 -2.03114589 -1.91313958 
1.00000000e-05 -2.26282233 -2.18889085 -2.11526916 -2.03115017 -1.91314472 
8.11130831e-06 -2.26282487 -2.18889357 -2.11527169 -2.03115339 -1.91314919 
6.57933225e-06 -2.26282740 -2.18889629 -2.11527422 -2.03115662 -1.91315366 
5.33669923e-06 -2.26282993 -2.18889900 -2.11527676 -2.03115984 -1.91315813 
4.32876128e-06 -2.26283246 -2.18890172 -2.11527929 -2.03116306 -1.91316260 
3.51119173e-06 -2.26283499 -2.18890444 -2.11528182 -2.03116629 -1.91316707 
2.84803587e-06 -2.26283732 -2.18890701 -2.11528451 -2.03116937 -1.91317099 
2.31012970e-06 -2.26283946 -2.18890942 -2.11528735 -2.03117230 -1.91317437 
1.87381742e-06 -2.26284160 -2.18891183 -2.11529019 -2.03117522 -1.91317775 
1.51991108e-06 -2.26284374 -2.18891425 -2.11529303 -2.03117815 -1.91318113 
1.23284674e-06 -2.26284587 -2.18891666 -2.11529587 -2.03118108 -1.91318451 
1.00000000e-06 -2.26284801 -2.18891907 -2.11529871 -2.03118401 -1.91318789 
8.11130831e-07 -2.26285095 -2.18892199 -2.11530226 -2.03118713 -1.91319032 
6.57933225e-07 -2.26285390 -2.18892491 -2.11530581 -2.03119025 -1.91319274 
5.33669923e-07 -2.26285684 -2.18892783 -2.11530936 -2.03119336 -1.91319517 
4.32876128e-07 -2.26285978 -2.18893075 -2.11531290 -2.03119648 -1.91319760 
3.51119173e-07 -2.26286273 -2.18893367 -2.11531645 -2.03119960 -1.91320003 
2.84803587e-07 -2.26286607 -2.18893677 -2.11531991 -2.03120256 -1.91320199 
2.31012970e-07 -2.26286981 -2.18894003 -2.11532329 -2.03120538 -1.91320350 
1.87381742e-07 -2.26287355 -2.18894330 -2.11532666 -2.03120821 -1.91320501 
1.51991108e-07 -2.26287729 -2.18894657 -2.11533003 -2.03121103 -1.91320651 
1.23284674e-07 -2.26288103 -2.18894984 -2.11533341 -2.03121385 -1.91320802 
1.00000000e-07 -2.26288477 -2.18895310 -2.11533678 -2.03121667 -1.91320952 
P (bar) | log_Na: -2σ | log_Na: -1σ | log_Na: median | log_Na: +1σ | log_Na: +2σ 
1.00000000e+02 -5.94742730 -5.73605839 -5.56883205 -5.37341823 -5.10204243 
8.11130831e+01 -5.86060425 -5.65255047 -5.49289869 -5.30723466 -5.03885435 
6.57933225e+01 -5.77378119 -5.56904256 -5.41734371 -5.24205145 -4.97566627 
5.33669923e+01 -5.68695813 -5.48553464 -5.34172044 -5.17444186 -4.91247819 
4.32876128e+01 -5.60013507 -5.40202673 -5.26621906 -5.10529033 -4.84929011 
3.51119173e+01 -5.51411517 -5.31781887 -5.19102528 -5.03799315 -4.78610203 
2.84803587e+01 -5.43344327 -5.24270075 -5.12544548 -4.98336809 -4.73613041 
2.31012970e+01 -5.35780214 -5.17499977 -5.06741689 -4.93390495 -4.70230787 
1.87381742e+01 -5.28216101 -5.10827325 -5.01167558 -4.89140167 -4.66843989 
1.51991108e+01 -5.20651988 -5.04111030 -4.95499300 -4.84605781 -4.63470964 
1.23284674e+01 -5.13165084 -4.97394576 -4.89800412 -4.80113088 -4.60351773 
1.00000000e+01 -5.05599557 -4.90652602 -4.84196295 -4.75320095 -4.57225675 
8.11130831e+00 -5.00666288 -4.86651721 -4.80819678 -4.72200123 -4.54997192 
6.57933225e+00 -4.95774755 -4.82842667 -4.77424538 -4.69312504 -4.52918019 
5.33669923e+00 -4.90638312 -4.79086171 -4.73866622 -4.66199837 -4.51019371 
4.32876128e+00 -4.85073804 -4.75672891 -4.70387416 -4.63065691 -4.49678798 
3.51119173e+00 -4.80347450 -4.72236015 -4.66942293 -4.59786886 -4.47068005 
2.84803587e+00 -4.77379113 -4.69824832 -4.64458510 -4.57555912 -4.45698695 
2.31012970e+00 -4.75169828 -4.68474094 -4.63016071 -4.55930226 -4.44284446 
1.87381742e+00 -4.73535740 -4.67034682 -4.61566091 -4.54389547 -4.42964140 
1.51991108e+00 -4.71939918 -4.65706509 -4.60088347 -4.52908338 -4.41587523 
1.23284674e+00 -4.70877584 -4.64313482 -4.58536981 -4.51447271 -4.40329081 
1.00000000e+00 -4.69003508 -4.62949175 -4.57140508 -4.49930388 -4.38612066 
8.11130831e-01 -4.67841132 -4.62296469 -4.56494370 -4.49198704 -4.37992787 
6.57933225e-01 -4.67078600 -4.61680271 -4.55827557 -4.48514251 -4.37131215 
5.33669923e-01 -4.66315400 -4.60890540 -4.55205747 -4.47864313 -4.36495451 
4.32876128e-01 -4.65740332 -4.60304413 -4.54530630 -4.47190612 -4.35746782 
3.51119173e-01 -4.65243715 -4.59693073 -4.53901164 -4.46410825 -4.34998114 
2.84803587e-01 -4.64772881 -4.59184067 -4.53339674 -4.45739737 -4.34476488 
2.31012970e-01 -4.64463648 -4.58851056 -4.52971195 -4.45398120 -4.34171932 
1.87381742e-01 -4.64159601 -4.58522209 -4.52574106 -4.45058137 -4.33867375 
1.51991108e-01 -4.63904009 -4.58193267 -4.52193784 -4.44601333 -4.33570397 
1.23284674e-01 -4.63588649 -4.57859173 -4.51833143 -4.44158221 -4.33258263 
1.00000000e-01 -4.63215227 -4.57512757 -4.51425753 -4.43693760 -4.32953706 
8.11130831e-02 -4.63059600 -4.57353693 -4.51256552 -4.43511177 -4.32796107 
6.57933225e-02 -4.62903973 -4.57194629 -4.51069092 -4.43336596 -4.32638509 
5.33669923e-02 -4.62748346 -4.57035565 -4.50899629 -4.43162016 -4.32480910 
4.32876128e-02 -4.62592719 -4.56876501 -4.50739126 -4.42987436 -4.32323311 
3.51119173e-02 -4.62437092 -4.56716507 -4.50578622 -4.42812856 -4.32165712 
2.84803587e-02 -4.62313395 -4.56569364 -4.50443865 -4.42682688 -4.32025377 
2.31012970e-02 -4.62221627 -4.56445450 -4.50300103 -4.42567497 -4.31902306 
1.87381742e-02 -4.62129859 -4.56307669 -4.50199332 -4.42432208 -4.31779235 
1.51991108e-02 -4.62038090 -4.56183566 -4.50088718 -4.42331134 -4.31656164 
1.23284674e-02 -4.61946322 -4.56056055 -4.49928118 -4.42235369 -4.31533093 
1.00000000e-02 -4.61854554 -4.55918898 -4.49809480 -4.42115098 -4.31410021 
8.11130831e-03 -4.61733229 -4.55785646 -4.49667676 -4.41969014 -4.31262854 
6.57933225e-03 -4.61578455 -4.55654988 -4.49549705 -4.41825058 -4.31115688 
5.33669923e-03 -4.61423680 -4.55544715 -4.49417029 -4.41649798 -4.30968521 
4.32876128e-03 -4.61250198 -4.55434703 -4.49274806 -4.41461162 -4.30821354 
3.51119173e-03 -4.61083055 -4.55323711 -4.49134364 -4.41272527 -4.30674187 
2.84803587e-03 -4.60957124 -4.55196436 -4.49005415 -4.41092039 -4.30516967 
2.31012970e-03 -4.60797884 -4.55048632 -4.48868436 -4.40931562 -4.30367232 
1.87381742e-03 -4.60638645 -4.54903002 -4.48721929 -4.40796666 -4.30257407 
1.51991108e-03 -4.60492350 -4.54758180 -4.48594496 -4.40675046 -4.30110664 
1.23284674e-03 -4.60350649 -4.54624696 -4.48495559 -4.40556215 -4.29931757 
1.00000000e-03 -4.60208947 -4.54511610 -4.48356088 -4.40437384 -4.29750941 
8.11130831e-04 -4.60037634 -4.54353401 -4.48195730 -4.40285244 -4.29576140 
6.57933225e-04 -4.59866320 -4.54188170 -4.48035371 -4.40133103 -4.29401338 
5.33669923e-04 -4.59695006 -4.54022789 -4.47875012 -4.39980963 -4.29226537 
4.32876128e-04 -4.59523693 -4.53857407 -4.47726843 -4.39828822 -4.29051735 
3.51119173e-04 -4.59384444 -4.53692025 -4.47589282 -4.39676682 -4.28876934 
2.84803587e-04 -4.59264350 -4.53526599 -4.47431504 -4.39522619 -4.28716577 
2.31012970e-04 -4.59089661 -4.53351996 -4.47253507 -4.39400383 -4.28570666 
1.87381742e-04 -4.58892050 -4.53170319 -4.47082666 -4.39289115 -4.28424755 
1.51991108e-04 -4.58730153 -4.52983998 -4.46916305 -4.39130299 -4.28278844 
1.23284674e-04 -4.58579914 -4.52810719 -4.46726759 -4.38971482 -4.28132933 
1.00000000e-04 -4.58429675 -4.52637634 -4.46562639 -4.38812666 -4.27987021 
8.11130831e-05 -4.58313334 -4.52475751 -4.46386503 -4.38660858 -4.27877776 
6.57933225e-05 -4.58181501 -4.52314844 -4.46248161 -4.38516316 -4.27768531 
5.33669923e-05 -4.58017033 -4.52183835 -4.46113873 -4.38389414 -4.27659286 
4.32876128e-05 -4.57852564 -4.52071358 -4.45935624 -4.38262513 -4.27550041 
3.51119173e-05 -4.57688096 -4.51937603 -4.45801342 -4.38138028 -4.27440796 
2.84803587e-05 -4.57545738 -4.51813970 -4.45691589 -4.38046779 -4.27349528 
2.31012970e-05 -4.57425490 -4.51692531 -4.45603908 -4.37950548 -4.27193121 
1.87381742e-05 -4.57312357 -4.51587437 -4.45497973 -4.37832723 -4.27087955 
1.51991108e-05 -4.57250483 -4.51463751 -4.45396614 -4.37717822 -4.27004122 
1.23284674e-05 -4.57113630 -4.51343692 -4.45303710 -4.37601929 -4.26920290 
1.00000000e-05 -4.56971060 -4.51202040 -4.45197350 -4.37526813 -4.26836457 
8.11130831e-06 -4.56872622 -4.51132883 -4.45118124 -4.37440690 -4.26757318 
6.57933225e-06 -4.56774183 -4.51073001 -4.45037343 -4.37356400 -4.26671040 
5.33669923e-06 -4.56710133 -4.51022009 -4.44956563 -4.37265072 -4.26584763 
4.32876128e-06 -4.56653272 -4.50971018 -4.44882995 -4.37173810 -4.26498486 
3.51119173e-06 -4.56599720 -4.50898590 -4.44795002 -4.37066973 -4.26412209 
2.84803587e-06 -4.56556296 -4.50848262 -4.44757323 -4.36979773 -4.26343298 
2.31012970e-06 -4.56524742 -4.50810001 -4.44703244 -4.36933348 -4.26317857 
1.87381742e-06 -4.56493187 -4.50762966 -4.44649164 -4.36899624 -4.26279704 
1.51991108e-06 -4.56461632 -4.50733168 -4.44595085 -4.36868643 -4.26227673 
1.23284674e-06 -4.56430078 -4.50697526 -4.44541005 -4.36838032 -4.26214215 
1.00000000e-06 -4.56398523 -4.50627815 -4.44497283 -4.36792645 -4.26200756 
8.11130831e-07 -4.56382033 -4.50598335 -4.44477267 -4.36767502 -4.26193953 
6.57933225e-07 -4.56361207 -4.50578615 -4.44457250 -4.36740628 -4.26187150 
5.33669923e-07 -4.56346037 -4.50549133 -4.44437234 -4.36703867 -4.26175294 
4.32876128e-07 -4.56330867 -4.50526314 -4.44417217 -4.36664896 -4.26161694 
3.51119173e-07 -4.56315697 -4.50507764 -4.44397201 -4.36627804 -4.26109585 
2.84803587e-07 -4.56303854 -4.50494072 -4.44382219 -4.36605784 -4.26062981 
2.31012970e-07 -4.56295904 -4.50485207 -4.44372270 -4.36590823 -4.26029659 
1.87381742e-07 -4.56287954 -4.50476342 -4.44362322 -4.36575863 -4.25996338 
1.51991108e-07 -4.56280005 -4.50467477 -4.44352374 -4.36560903 -4.25963016 
1.23284674e-07 -4.56272055 -4.50458612 -4.44342425 -4.36545942 -4.25929694 
1.00000000e-07 -4.56264105 -4.50449747 -4.44332477 -4.36532359 -4.25896373 
P (bar) | log_H2S: -2σ | log_H2S: -1σ | log_H2S: median | log_H2S: +1σ | log_H2S: +2σ 
1.00000000e+02 -3.72054151 -3.66627909 -3.60620976 -3.53498040 -3.44771302 
8.11130831e+01 -3.73343232 -3.67785969 -3.61909681 -3.54707777 -3.45689579 
6.57933225e+01 -3.74605325 -3.68974643 -3.63134392 -3.55882664 -3.46501670 
5.33669923e+01 -3.75756641 -3.70086529 -3.64285437 -3.56972535 -3.47247280 
4.32876128e+01 -3.76922661 -3.71344481 -3.65489526 -3.58188288 -3.47930641 
3.51119173e+01 -3.78128596 -3.72530440 -3.66634819 -3.59209660 -3.48893736 
2.84803587e+01 -3.78922353 -3.73349707 -3.67485354 -3.59957706 -3.49571402 
2.31012970e+01 -3.79427669 -3.73834489 -3.67900543 -3.60335663 -3.49757744 
1.87381742e+01 -3.79902243 -3.74297750 -3.68341250 -3.60704249 -3.49944086 
1.51991108e+01 -3.80446832 -3.74760675 -3.68776534 -3.61075959 -3.50130427 
1.23284674e+01 -3.80954992 -3.75255017 -3.69232847 -3.61476331 -3.50316769 
1.00000000e+01 -3.81567770 -3.75793271 -3.69635923 -3.61782103 -3.50495900 
8.11130831e+00 -3.81684821 -3.75890502 -3.69715876 -3.61863390 -3.50597506 
6.57933225e+00 -3.81801872 -3.75988343 -3.69795829 -3.61944677 -3.50698739 
5.33669923e+00 -3.81918922 -3.76071691 -3.69875781 -3.62025965 -3.50796553 
4.32876128e+00 -3.82010935 -3.76155039 -3.69955734 -3.62107252 -3.50894367 
3.51119173e+00 -3.82095543 -3.76239099 -3.70035687 -3.62188540 -3.50992182 
2.84803587e+00 -3.82211528 -3.76357644 -3.70178525 -3.62372991 -3.51276059 
2.31012970e+00 -3.82271539 -3.76496895 -3.70318610 -3.62540354 -3.51746001 
1.87381742e+00 -3.82311531 -3.76618297 -3.70465585 -3.62718993 -3.52157683 
1.51991108e+00 -3.82386324 -3.76691727 -3.70562896 -3.62942732 -3.52405348 
1.23284674e+00 -3.82475277 -3.76813188 -3.70792845 -3.63086215 -3.52934911 
1.00000000e+00 -3.82620233 -3.76949536 -3.70919897 -3.63421520 -3.53503800 
8.11130831e-01 -3.83185778 -3.77524959 -3.71613587 -3.64225258 -3.55426534 
6.57933225e-01 -3.83687675 -3.78136749 -3.72252708 -3.64918224 -3.56823120 
5.33669923e-01 -3.84265436 -3.78793042 -3.72819465 -3.65848221 -3.57901008 
4.32876128e-01 -3.84850366 -3.79477597 -3.73400440 -3.66812081 -3.59133126 
3.51119173e-01 -3.85528149 -3.80131576 -3.73928304 -3.67735010 -3.60073085 
2.84803587e-01 -3.86432849 -3.81151136 -3.75159429 -3.69176552 -3.61709977 
2.31012970e-01 -3.87729906 -3.82628802 -3.76691923 -3.70741296 -3.63495846 
1.87381742e-01 -3.89026964 -3.84123938 -3.78164420 -3.72380947 -3.65318338 
1.51991108e-01 -3.90620000 -3.85521182 -3.79665333 -3.74041687 -3.67294168 
1.23284674e-01 -3.91917400 -3.86977810 -3.81266449 -3.75634238 -3.68963323 
1.00000000e-01 -3.93283424 -3.88515937 -3.82877643 -3.77260435 -3.70674586 
8.11130831e-02 -3.95223748 -3.90525535 -3.85169055 -3.79848606 -3.73223685 
6.57933225e-02 -3.97148041 -3.92474517 -3.87377296 -3.82269995 -3.75850497 
5.33669923e-02 -3.98989486 -3.94541096 -3.89579157 -3.84503475 -3.78060921 
4.32876128e-02 -4.00934945 -3.96621518 -3.91859641 -3.86869161 -3.79897637 
3.51119173e-02 -4.02831712 -3.98670088 -3.94252007 -3.89109543 -3.82790343 
2.84803587e-02 -4.04342868 -4.00069438 -3.95921766 -3.90725816 -3.84110903 
2.31012970e-02 -4.05299257 -4.01147196 -3.96964778 -3.91489533 -3.84153824 
1.87381742e-02 -4.06301811 -4.02196678 -3.98086052 -3.92540184 -3.84659501 
1.51991108e-02 -4.07116852 -4.03282184 -3.99216228 -3.93589539 -3.84978049 
1.23284674e-02 -4.07923006 -4.04346018 -4.00259126 -3.94439841 -3.85159319 
1.00000000e-02 -4.08978140 -4.05396265 -4.01301023 -3.95063569 -3.85906790 
8.11130831e-03 -4.08640190 -4.04950098 -4.00773637 -3.94639140 -3.85522974 
6.57933225e-03 -4.08266972 -4.04526723 -4.00261645 -3.94256009 -3.85201637 
5.33669923e-03 -4.07876029 -4.04019264 -3.99757082 -3.93715421 -3.84557329 
4.32876128e-03 -4.07607541 -4.03600337 -3.99283156 -3.93253452 -3.83999137 
3.51119173e-03 -4.07396497 -4.03206681 -3.98741180 -3.92679986 -3.83317201 
2.84803587e-03 -4.06896772 -4.02680479 -3.98209480 -3.92179979 -3.82541649 
2.31012970e-03 -4.06447017 -4.02141050 -3.97616864 -3.91543214 -3.82229018 
1.87381742e-03 -4.05959884 -4.01534307 -3.96976090 -3.90858198 -3.81805048 
1.51991108e-03 -4.05517559 -4.00923258 -3.96318564 -3.90263444 -3.81648575 
1.23284674e-03 -4.05075234 -4.00396715 -3.95670112 -3.89452535 -3.81010875 
1.00000000e-03 -4.04632910 -3.99874887 -3.95056242 -3.88765460 -3.80278359 
8.11130831e-04 -4.04382318 -3.99549440 -3.94625489 -3.88301723 -3.79935637 
6.57933225e-04 -4.04131726 -3.99245893 -3.94225896 -3.87799423 -3.79670260 
5.33669923e-04 -4.03881134 -3.98952410 -3.93788845 -3.87397372 -3.79490359 
4.32876128e-04 -4.03630542 -3.98661675 -3.93353842 -3.87074175 -3.79421308 
3.51119173e-04 -4.03379950 -3.98312938 -3.92952030 -3.86654775 -3.79352257 
2.84803587e-04 -4.03198794 -3.98101017 -3.92690344 -3.86328833 -3.79130024 
2.31012970e-04 -4.03087074 -3.97965981 -3.92501514 -3.86068042 -3.78892745 
1.87381742e-04 -4.02975353 -3.97821800 -3.92321496 -3.85782581 -3.78726058 
1.51991108e-04 -4.02863633 -3.97683382 -3.92120257 -3.85543879 -3.78446029 
1.23284674e-04 -4.02751913 -3.97543588 -3.91913674 -3.85305178 -3.78143952 
1.00000000e-04 -4.02652589 -3.97355700 -3.91697899 -3.85066476 -3.77760344 
8.11130831e-05 -4.02601712 -3.97290663 -3.91609447 -3.84933432 -3.77587551 
6.57933225e-05 -4.02550835 -3.97231989 -3.91500722 -3.84839347 -3.77390523 
5.33669923e-05 -4.02499958 -3.97174148 -3.91412402 -3.84751138 -3.77193496 
4.32876128e-05 -4.02449081 -3.97124624 -3.91322775 -3.84651056 -3.77123977 
3.51119173e-05 -4.02398204 -3.97073612 -3.91251294 -3.84528170 -3.77065673 
2.84803587e-05 -4.02360592 -3.97034128 -3.91178438 -3.84455673 -3.77015986 
2.31012970e-05 -4.02335646 -3.97007110 -3.91144692 -3.84406858 -3.76791009 
1.87381742e-05 -4.02310700 -3.96980092 -3.91110945 -3.84372257 -3.76499524 
1.51991108e-05 -4.02285754 -3.96953073 -3.91077198 -3.84330257 -3.76376661 
1.23284674e-05 -4.02260808 -3.96923501 -3.91042671 -3.84288256 -3.76284013 
1.00000000e-05 -4.02235862 -3.96893588 -3.91008227 -3.84228111 -3.76191366 
8.11130831e-06 -4.02223446 -3.96879282 -3.90995429 -3.84216328 -3.76148974 
6.57933225e-06 -4.02211030 -3.96861862 -3.90981404 -3.84204544 -3.76106582 
5.33669923e-06 -4.02198614 -3.96844442 -3.90967254 -3.84190002 -3.76064191 
4.32876128e-06 -4.02186198 -3.96827023 -3.90953104 -3.84172775 -3.76021799 
3.51119173e-06 -4.02173783 -3.96809040 -3.90938954 -3.84152861 -3.75979407 
2.84803587e-06 -4.02169365 -3.96801780 -3.90930078 -3.84146799 -3.75950770 
2.31012970e-06 -4.02172945 -3.96806348 -3.90926477 -3.84161363 -3.75935888 
1.87381742e-06 -4.02176526 -3.96810916 -3.90921778 -3.84182326 -3.75968342 
1.51991108e-06 -4.02180106 -3.96815483 -3.90915220 -3.84177862 -3.75949276 
1.23284674e-06 -4.02183687 -3.96820051 -3.90905202 -3.84172170 -3.75968525 
1.00000000e-06 -4.02187267 -3.96823391 -3.90902685 -3.84185170 -3.76013442 
8.11130831e-07 -4.02231102 -3.96864711 -3.90922091 -3.84254532 -3.76179120 
6.57933225e-07 -4.02287665 -3.96911624 -3.90968384 -3.84311409 -3.76338106 
5.33669923e-07 -4.02310631 -3.96954146 -3.91002996 -3.84379562 -3.76425193 
4.32876128e-07 -4.02323027 -3.96998378 -3.91056263 -3.84465493 -3.76410769 
3.51119173e-07 -4.02336546 -3.97050501 -3.91058139 -3.84535720 -3.76396344 
2.84803587e-07 -4.02389601 -3.97164781 -3.91213747 -3.84649940 -3.76411504 
2.31012970e-07 -4.02604385 -3.97314753 -3.91412177 -3.84831243 -3.76599669 
1.87381742e-07 -4.02730495 -3.97498081 -3.91524174 -3.85089447 -3.76898132 
1.51991108e-07 -4.02882942 -3.97690263 -3.91712585 -3.85323472 -3.77196594 
1.23284674e-07 -4.03092177 -3.97865388 -3.91841124 -3.85545590 -3.77495057 
1.00000000e-07 -4.03260762 -3.98080864 -3.91967434 -3.85801791 -3.77750979 
P (bar) | log_K: -2σ | log_K: -1σ | log_K: median | log_K: +1σ | log_K: +2σ 
1.00000000e+02 -7.33512987 -7.15661953 -7.03902393 -6.90151976 -6.69017122 
8.11130831e+01 -7.26724984 -7.09478561 -6.98246504 -6.84925012 -6.64416105 
6.57933225e+01 -7.19936982 -7.03167371 -6.92612580 -6.79833830 -6.59939525 
5.33669923e+01 -7.13148980 -6.97029420 -6.86841693 -6.74789339 -6.55399946 
4.32876128e+01 -7.06360977 -6.90894097 -6.81305453 -6.69700711 -6.50860368 
3.51119173e+01 -6.99641347 -6.84671926 -6.75664512 -6.64475337 -6.46413284 
2.84803587e+01 -6.93543414 -6.79232756 -6.70672935 -6.60198140 -6.42633717 
2.31012970e+01 -6.88230542 -6.74553751 -6.66516165 -6.56734761 -6.39303432 
1.87381742e+01 -6.82937469 -6.69848511 -6.62323090 -6.53069149 -6.35798972 
1.51991108e+01 -6.77661060 -6.65229102 -6.58157734 -6.49440706 -6.32685620 
1.23284674e+01 -6.72384650 -6.60561284 -6.54029470 -6.45838292 -6.29978851 
1.00000000e+01 -6.67050456 -6.55980448 -6.49863191 -6.41891153 -6.26886207 
8.11130831e+00 -6.63048768 -6.52719293 -6.46943953 -6.39055477 -6.24615814 
6.57933225e+00 -6.58871634 -6.49562741 -6.44012536 -6.36403214 -6.22157772 
5.33669923e+00 -6.54694501 -6.46541315 -6.41183496 -6.33663475 -6.19643540 
4.32876128e+00 -6.51020175 -6.43396657 -6.38134241 -6.30805775 -6.17034505 
3.51119173e+00 -6.47466967 -6.40461137 -6.35262162 -6.27944289 -6.14625920 
2.84803587e+00 -6.44500304 -6.38068242 -6.32812089 -6.25597995 -6.12555747 
2.31012970e+00 -6.42301612 -6.36176539 -6.30834165 -6.23276420 -6.10448303 
1.87381742e+00 -6.40377630 -6.34290501 -6.29000691 -6.21241422 -6.08429382 
1.51991108e+00 -6.37918993 -6.32451141 -6.27016812 -6.19234349 -6.06410462 
1.23284674e+00 -6.35690419 -6.30584554 -6.25040025 -6.17142182 -6.04391541 
1.00000000e+00 -6.34247879 -6.28699261 -6.23155679 -6.15117161 -6.02372621 
8.11130831e-01 -6.33041379 -6.27415497 -6.21747241 -6.13583652 -6.00816952 
6.57933225e-01 -6.31754988 -6.26184027 -6.20358854 -6.11996105 -5.99064922 
5.33669923e-01 -6.30499920 -6.24881979 -6.18941231 -6.10381056 -5.97312892 
4.32876128e-01 -6.29290421 -6.23582368 -6.17536544 -6.08814961 -5.95560862 
3.51119173e-01 -6.28058794 -6.22226690 -6.16231341 -6.07381957 -5.93808832 
2.84803587e-01 -6.27118839 -6.21060126 -6.14991440 -6.06096552 -5.92659101 
2.31012970e-01 -6.26103173 -6.19946302 -6.13904813 -6.04996374 -5.91698907 
1.87381742e-01 -6.25112001 -6.18973999 -6.12816799 -6.03950974 -5.90738712 
1.51991108e-01 -6.24141331 -6.17919606 -6.11684249 -6.02860496 -5.89778517 
1.23284674e-01 -6.23104615 -6.16912070 -6.10615317 -6.01855527 -5.88777578 
1.00000000e-01 -6.22067900 -6.15905009 -6.09435989 -6.00665208 -5.87700113 
8.11130831e-02 -6.21508397 -6.15294873 -6.08839954 -6.00035105 -5.86851608 
6.57933225e-02 -6.20948894 -6.14671771 -6.08243919 -5.99359128 -5.86233482 
5.33669923e-02 -6.20389391 -6.14060422 -6.07594450 -5.98693135 -5.85500167 
4.32876128e-02 -6.19829887 -6.13454729 -6.06951723 -5.97870672 -5.84766852 
3.51119173e-02 -6.19270384 -6.12852620 -6.06307505 -5.97111748 -5.84094435 
2.84803587e-02 -6.18816237 -6.12275022 -6.05703058 -5.96438212 -5.83336835 
2.31012970e-02 -6.18467447 -6.11781286 -6.05217088 -5.95824485 -5.82676746 
1.87381742e-02 -6.18015684 -6.11305611 -6.04633204 -5.95169665 -5.82016656 
1.51991108e-02 -6.17417604 -6.10860878 -6.04030483 -5.94595358 -5.81337452 
1.23284674e-02 -6.16724206 -6.10353687 -6.03442052 -5.93933963 -5.80696478 
1.00000000e-02 -6.16376632 -6.09868601 -6.02853931 -5.93341165 -5.80036388 
8.11130831e-03 -6.15758742 -6.09331536 -6.02273487 -5.92638594 -5.79245846 
6.57933225e-03 -6.15152401 -6.08812240 -6.01706331 -5.91858292 -5.78455303 
5.33669923e-03 -6.14558954 -6.08335704 -6.01074800 -5.91047337 -5.77664761 
4.32876128e-03 -6.14095318 -6.07849860 -6.00550327 -5.90373691 -5.76874219 
3.51119173e-03 -6.13631682 -6.07333013 -5.99880907 -5.89651375 -5.76083676 
2.84803587e-03 -6.13149715 -6.06747037 -5.99198167 -5.88813543 -5.75195745 
2.31012970e-03 -6.12806358 -6.06098395 -5.98460374 -5.88036352 -5.74185356 
1.87381742e-03 -6.12028882 -6.05440556 -5.97747742 -5.87256779 -5.73174968 
1.51991108e-03 -6.11214603 -6.04777509 -5.97011526 -5.86354205 -5.72164579 
1.23284674e-03 -6.10446547 -6.04134102 -5.96385349 -5.85571736 -5.71154190 
1.00000000e-03 -6.09899778 -6.03535859 -5.95655720 -5.84755080 -5.70143802 
8.11130831e-04 -6.09077607 -6.02636766 -5.94743648 -5.83851720 -5.69319791 
6.57933225e-04 -6.08361979 -6.01718470 -5.93860937 -5.82948361 -5.68495781 
5.33669923e-04 -6.07646352 -6.00852969 -5.92947058 -5.82187678 -5.67671771 
4.32876128e-04 -6.06930724 -6.00036450 -5.92053391 -5.81329152 -5.66847761 
3.51119173e-04 -6.06215097 -5.99107477 -5.91156183 -5.80460002 -5.66023750 
2.84803587e-04 -6.05340319 -5.98151457 -5.90195395 -5.79508088 -5.65274396 
2.31012970e-04 -6.04306392 -5.97137374 -5.89182458 -5.78507262 -5.64401593 
1.87381742e-04 -6.03272465 -5.96037137 -5.88191503 -5.77531412 -5.63528790 
1.51991108e-04 -6.02238537 -5.94939270 -5.87144127 -5.76582020 -5.62655987 
1.23284674e-04 -6.01204610 -5.93876175 -5.86096752 -5.75671006 -5.61955717 
1.00000000e-04 -6.00237313 -5.92784225 -5.85073941 -5.74783571 -5.61034825 
8.11130831e-05 -5.99138834 -5.91717478 -5.84059518 -5.73919658 -5.60290078 
6.57933225e-05 -5.98005543 -5.90638604 -5.83028053 -5.73086825 -5.59545332 
5.33669923e-05 -5.96802437 -5.89530519 -5.82036060 -5.72250189 -5.58985513 
4.32876128e-05 -5.95597540 -5.88491120 -5.81062935 -5.71486806 -5.58489640 
3.51119173e-05 -5.94457446 -5.87436359 -5.80011797 -5.70606539 -5.57754183 
2.84803587e-05 -5.93401062 -5.86443635 -5.79065569 -5.69890899 -5.56815348 
2.31012970e-05 -5.92327978 -5.85490543 -5.78285724 -5.69268296 -5.56132591 
1.87381742e-05 -5.91254893 -5.84596628 -5.77591172 -5.68613510 -5.55606129 
1.51991108e-05 -5.90373253 -5.83701513 -5.76672450 -5.68011100 -5.55322739 
1.23284674e-05 -5.89441402 -5.82832813 -5.75921820 -5.67390624 -5.55030093 
1.00000000e-05 -5.88700381 -5.81960644 -5.75166343 -5.66816096 -5.54333754 
8.11130831e-06 -5.88096308 -5.81261273 -5.74615973 -5.66386574 -5.54116655 
6.57933225e-06 -5.87400631 -5.80596738 -5.74029625 -5.65824502 -5.53837679 
5.33669923e-06 -5.86704954 -5.79872948 -5.73411148 -5.65321027 -5.53125230 
4.32876128e-06 -5.86009277 -5.79204315 -5.72759681 -5.64753726 -5.52941223 
3.51119173e-06 -5.85313600 -5.78571320 -5.72170760 -5.64244666 -5.52497601 
2.84803587e-06 -5.84740763 -5.78048897 -5.71671962 -5.63890293 -5.52271288 
2.31012970e-06 -5.84272818 -5.77611989 -5.71333008 -5.63585886 -5.51960813 
1.87381742e-06 -5.83647769 -5.77201993 -5.70903776 -5.63208242 -5.51592803 
1.51991108e-06 -5.82849855 -5.76772397 -5.70559110 -5.62836887 -5.51531977 
1.23284674e-06 -5.82393332 -5.76392338 -5.70211487 -5.62527099 -5.51290938 
1.00000000e-06 -5.81649406 -5.76021107 -5.69867204 -5.62169740 -5.51029633 
8.11130831e-07 -5.81588512 -5.75650572 -5.69673556 -5.62041910 -5.50879331 
6.57933225e-07 -5.81143246 -5.75373772 -5.69461192 -5.61873906 -5.50729029 
5.33669923e-07 -5.80950834 -5.75174528 -5.69209643 -5.61651162 -5.50598436 
4.32876128e-07 -5.80802436 -5.74922616 -5.68981852 -5.61406325 -5.50484426 
3.51119173e-07 -5.80639363 -5.74681564 -5.68703852 -5.61123235 -5.50331155 
2.84803587e-07 -5.80462201 -5.74518197 -5.68562736 -5.60902154 -5.50162422 
2.31012970e-07 -5.80308724 -5.74433043 -5.68427926 -5.60765367 -5.50081320 
1.87381742e-07 -5.80124608 -5.74328623 -5.68279586 -5.60637248 -5.49924011 
1.51991108e-07 -5.79940492 -5.74222567 -5.68149954 -5.60507478 -5.49693965 
1.23284674e-07 -5.79756375 -5.74135672 -5.68014666 -5.60362652 -5.49593664 
1.00000000e-07 -5.79572259 -5.73983376 -5.67888689 -5.60199793 -5.49528110 
P (bar) | log_CH4: -2σ | log_CH4: -1σ | log_CH4: median | log_CH4: +1σ | log_CH4: +2σ 
1.00000000e+02 -2.25411665 -2.18000808 -2.10536174 -2.01952968 -1.89900520 
8.11130831e+01 -2.25419690 -2.18009201 -2.10546132 -2.01964128 -1.89913245 
6.57933225e+01 -2.25427716 -2.18017594 -2.10556091 -2.01975287 -1.89925971 
5.33669923e+01 -2.25435742 -2.18025987 -2.10566050 -2.01986446 -1.89938696 
4.32876128e+01 -2.25443768 -2.18034380 -2.10576008 -2.01997605 -1.89951422 
3.51119173e+01 -2.25451794 -2.18042773 -2.10585967 -2.02008764 -1.89964147 
2.84803587e+01 -2.25459414 -2.18054441 -2.10595487 -2.02023010 -1.89985812 
2.31012970e+01 -2.25466627 -2.18068993 -2.10604567 -2.02040341 -1.90016415 
1.87381742e+01 -2.25473840 -2.18082395 -2.10617518 -2.02057673 -1.90088896 
1.51991108e+01 -2.25481053 -2.18095798 -2.10624748 -2.02075005 -1.90138689 
1.23284674e+01 -2.25488266 -2.18109200 -2.10633682 -2.02092336 -1.90157998 
1.00000000e+01 -2.25495479 -2.18122603 -2.10645593 -2.02109668 -1.90177307 
8.11130831e+00 -2.25524325 -2.18180034 -2.10699205 -2.02235827 -1.90316589 
6.57933225e+00 -2.25553172 -2.18218610 -2.10753844 -2.02343659 -1.90448626 
5.33669923e+00 -2.25582019 -2.18268977 -2.10823667 -2.02387699 -1.90584285 
4.32876128e+00 -2.25610865 -2.18329116 -2.10864062 -2.02430979 -1.90719945 
3.51119173e+00 -2.25639712 -2.18368442 -2.10910120 -2.02504971 -1.90855604 
2.84803587e+00 -2.25729794 -2.18530224 -2.11164564 -2.02866009 -1.91348261 
2.31012970e+00 -2.25803448 -2.18863146 -2.11707567 -2.03520432 -1.92770029 
1.87381742e+00 -2.25878604 -2.19180940 -2.12159387 -2.04156860 -1.94213065 
1.51991108e+00 -2.26449722 -2.19635161 -2.12616217 -2.04748345 -1.94831505 
1.23284674e+00 -2.26581994 -2.19973448 -2.13149942 -2.05356946 -1.95977883 
1.00000000e+00 -2.26904343 -2.20316747 -2.13602728 -2.05953547 -1.97124672 
8.11130831e-01 -2.28902516 -2.22225885 -2.15511213 -2.08233374 -1.99620815 
6.57933225e-01 -2.31000029 -2.24055465 -2.17506286 -2.10646351 -2.02618304 
5.33669923e-01 -2.33104083 -2.26070741 -2.19250384 -2.12442905 -2.04754322 
4.32876128e-01 -2.35427115 -2.28237190 -2.21214315 -2.14554827 -2.07095305 
3.51119173e-01 -2.37854506 -2.30534129 -2.23120985 -2.16451901 -2.08764352 
2.84803587e-01 -2.42871490 -2.34688228 -2.26941358 -2.19469753 -2.11403144 
2.31012970e-01 -2.51072473 -2.40841796 -2.32220976 -2.24133106 -2.15476350 
1.87381742e-01 -2.59609042 -2.47032281 -2.37240423 -2.28339756 -2.19648841 
1.51991108e-01 -2.68212973 -2.53651687 -2.42496096 -2.32454440 -2.24529232 
1.23284674e-01 -2.76403035 -2.60013311 -2.47563992 -2.36634335 -2.28413751 
1.00000000e-01 -2.85403156 -2.66488414 -2.52730886 -2.41095553 -2.32012469 
8.11130831e-02 -2.99592135 -2.78041174 -2.62135818 -2.49145401 -2.39078811 
6.57933225e-02 -3.13608587 -2.89986393 -2.71587022 -2.57123788 -2.46405578 
5.33669923e-02 -3.27138022 -3.01348035 -2.81029605 -2.65002126 -2.53510985 
4.32876128e-02 -3.40667457 -3.13024037 -2.90557685 -2.73012359 -2.60409769 
3.51119173e-02 -3.54445209 -3.24402882 -3.00173306 -2.80834460 -2.67526373 
2.84803587e-02 -3.70466388 -3.38126848 -3.12609281 -2.91899739 -2.77790052 
2.31012970e-02 -3.88042361 -3.54669634 -3.27782286 -3.06072772 -2.91425186 
1.87381742e-02 -4.06418884 -3.71113607 -3.42969010 -3.20259551 -3.05107623 
1.51991108e-02 -4.24795406 -3.87089771 -3.57837501 -3.34536845 -3.18743973 
1.23284674e-02 -4.42744976 -4.02951616 -3.72740686 -3.48568380 -3.32100578 
1.00000000e-02 -4.60252232 -4.19162656 -3.87934698 -3.63030652 -3.45457184 
8.11130831e-03 -4.78933325 -4.37898959 -4.06805514 -3.81970827 -3.64002844 
6.57933225e-03 -4.97648939 -4.56630436 -4.25584857 -4.01168275 -3.82038137 
5.33669923e-03 -5.16566456 -4.75329748 -4.44286862 -4.20177573 -4.00914965 
4.32876128e-03 -5.35263533 -4.94065240 -4.63350789 -4.39041938 -4.19163837 
3.51119173e-03 -5.54109196 -5.12982244 -4.82211963 -4.58026123 -4.36955082 
2.84803587e-03 -5.73076461 -5.31834698 -5.01390160 -4.77147943 -4.55820554 
2.31012970e-03 -5.91869480 -5.50973792 -5.20700964 -4.96539569 -4.75041925 
1.87381742e-03 -6.10662499 -5.70014664 -5.40013877 -5.16054320 -4.94263297 
1.51991108e-03 -6.29455519 -5.89034440 -5.59329333 -5.35726362 -5.13484668 
1.23284674e-03 -6.48248538 -6.07949373 -5.78684788 -5.55287927 -5.32706039 
1.00000000e-03 -6.67041558 -6.27023025 -5.97966666 -5.75129359 -5.51922088 
8.11130831e-04 -6.85535819 -6.45730702 -6.16888246 -5.94337664 -5.71265010 
6.57933225e-04 -7.04030081 -6.64391832 -6.35768176 -6.13502361 -5.90607931 
5.33669923e-04 -7.22524342 -6.83079275 -6.54710524 -6.32632481 -6.09958823 
4.32876128e-04 -7.41018603 -7.01782417 -6.73582931 -6.51762601 -6.29357658 
3.51119173e-04 -7.59512865 -7.20493961 -6.92540756 -6.70944353 -6.48756493 
2.84803587e-04 -7.77933138 -7.39037394 -7.11250241 -6.89949872 -6.67950725 
2.31012970e-04 -7.96279422 -7.57431787 -7.29832891 -7.08606254 -6.86940354 
1.87381742e-04 -8.14625706 -7.75899925 -7.48416021 -7.27244441 -7.05980426 
1.51991108e-04 -8.32971990 -7.94406461 -7.66964660 -7.45866415 -7.24947224 
1.23284674e-04 -8.51318275 -8.12889339 -7.85505137 -7.64499141 -7.43914021 
1.00000000e-04 -8.69664559 -8.31421918 -8.04096111 -7.83268128 -7.62898872 
8.11130831e-05 -8.87960781 -8.49798081 -8.22399219 -8.01653497 -7.81535322 
6.57933225e-05 -9.06257004 -8.68169231 -8.40702328 -8.20017575 -8.00171771 
5.33669923e-05 -9.24553226 -8.86486460 -8.59048430 -8.38381653 -8.18808220 
4.32876128e-05 -9.42849448 -9.04792272 -8.77427847 -8.56811448 -8.37444670 
3.51119173e-05 -9.61145670 -9.23151762 -8.95747632 -8.75176720 -8.56125306 
2.84803587e-05 -9.79442262 -9.41447353 -9.14034135 -8.93487650 -8.74719702 
2.31012970e-05 -9.97739224 -9.59715580 -9.32287356 -9.11744238 -8.93206619 
1.87381742e-05 -10.16036185 -9.77982746 -9.50540578 -9.30000827 -9.11693536 
1.51991108e-05 -10.34333146 -9.96249627 -9.68793799 -9.48257415 -9.30180454 
1.23284674e-05 -10.52630108 -10.14516509 -9.87047021 -9.66542679 -9.48645444 
1.00000000e-05 -10.70927069 -10.32783390 -10.05300242 -9.84875711 -9.67055585 
8.11130831e-06 -10.89220210 -10.51029456 -10.23533209 -10.03140397 -9.85364935 
6.57933225e-06 -11.07513350 -10.69275522 -10.41766175 -10.21405082 -10.03674285 
5.33669923e-06 -11.25806491 -10.87521588 -10.59999142 -10.39667925 -10.21983635 
4.32876128e-06 -11.44099632 -11.05767654 -10.78232109 -10.57899183 -10.40292985 
3.51119173e-06 -11.62392772 -11.24013720 -10.96474980 -10.76130442 -10.58602334 
2.84803587e-06 -11.80668555 -11.42253800 -11.14727158 -10.94362071 -10.76884564 
2.31012970e-06 -11.98926978 -11.60487894 -11.32980338 -11.12594070 -10.95139674 
1.87381742e-06 -12.17185402 -11.78721989 -11.51233517 -11.30821470 -11.13394783 
1.51991108e-06 -12.35443826 -11.96956083 -11.69486697 -11.49047484 -11.31649893 
1.23284674e-06 -12.53675612 -12.15190177 -11.87712741 -11.67273499 -11.49905002 
1.00000000e-06 -12.71904601 -12.33424272 -12.05933247 -11.85499514 -11.68160112 
8.11130831e-07 -12.90108543 -12.51652862 -12.24165247 -12.03742911 -11.86401058 
6.57933225e-07 -13.08312485 -12.69881453 -12.42397247 -12.21986309 -12.04642005 
5.33669923e-07 -13.26516428 -12.88110043 -12.60629247 -12.40229707 -12.22882951 
4.32876128e-07 -13.44720370 -13.06338634 -12.78868806 -12.58473105 -12.41123897 
3.51119173e-07 -13.62924313 -13.24567225 -12.97115725 -12.76716502 -12.59364844 
2.84803587e-07 -13.81114325 -13.42787636 -13.15356558 -12.94962946 -12.77605623 
2.31012970e-07 -13.99290407 -13.60999867 -13.33591306 -13.13212435 -12.95846236 
1.87381742e-07 -14.17466489 -13.79212099 -13.51826053 -13.31461924 -13.14086848 
1.51991108e-07 -14.35642571 -13.97424330 -13.70060800 -13.49711413 -13.32327461 
1.23284674e-07 -14.53818654 -14.15636562 -13.88295548 -13.67960902 -13.50568074 
1.00000000e-07 -14.71994736 -14.33848794 -14.06530295 -13.86210391 -13.68808686 
