Chemical species: H2 He H2O CO2 SO2 CO H2S NH3 CH4
P (bar) | log_H2: -2σ | log_H2: -1σ | log_H2: median | log_H2: +1σ | log_H2: +2σ 
1.00000000e+02 -0.20138274 -0.18343751 -0.16815323 -0.15344598 -0.14083106 
8.11130831e+01 -0.20138274 -0.18343751 -0.16815323 -0.15344598 -0.14083106 
6.57933225e+01 -0.20138274 -0.18343751 -0.16815323 -0.15344598 -0.14083106 
5.33669923e+01 -0.20138274 -0.18343751 -0.16815323 -0.15344598 -0.14083106 
4.32876128e+01 -0.20138274 -0.18343751 -0.16815323 -0.15344598 -0.14083106 
3.51119173e+01 -0.20138274 -0.18343751 -0.16815323 -0.15344598 -0.14083106 
2.84803587e+01 -0.20138274 -0.18343751 -0.16815323 -0.15344598 -0.14083106 
2.31012970e+01 -0.20138274 -0.18343751 -0.16815323 -0.15344598 -0.14083106 
1.87381742e+01 -0.20138274 -0.18343751 -0.16815323 -0.15344598 -0.14083106 
1.51991108e+01 -0.20138274 -0.18343751 -0.16815323 -0.15344598 -0.14083106 
1.23284674e+01 -0.20138274 -0.18343751 -0.16815323 -0.15344598 -0.14083106 
1.00000000e+01 -0.20138274 -0.18343751 -0.16815323 -0.15344598 -0.14083106 
8.11130831e+00 -0.20138274 -0.18343751 -0.16815323 -0.15344598 -0.14083106 
6.57933225e+00 -0.20138274 -0.18343751 -0.16815323 -0.15344598 -0.14083106 
5.33669923e+00 -0.20138274 -0.18343751 -0.16815323 -0.15344598 -0.14083106 
4.32876128e+00 -0.20138274 -0.18343751 -0.16815323 -0.15344598 -0.14083106 
3.51119173e+00 -0.20138274 -0.18343751 -0.16815323 -0.15344598 -0.14083106 
2.84803587e+00 -0.20138274 -0.18343751 -0.16815323 -0.15344598 -0.14083106 
2.31012970e+00 -0.20138274 -0.18343751 -0.16815323 -0.15344598 -0.14083106 
1.87381742e+00 -0.20138274 -0.18343751 -0.16815323 -0.15344598 -0.14083106 
1.51991108e+00 -0.20138274 -0.18343751 -0.16815323 -0.15344598 -0.14083106 
1.23284674e+00 -0.20138274 -0.18343751 -0.16815323 -0.15344598 -0.14083106 
1.00000000e+00 -0.20138274 -0.18343751 -0.16815323 -0.15344598 -0.14083106 
8.11130831e-01 -0.20138274 -0.18343751 -0.16815323 -0.15344598 -0.14083106 
6.57933225e-01 -0.20138274 -0.18343751 -0.16815323 -0.15344598 -0.14083106 
5.33669923e-01 -0.20138274 -0.18343751 -0.16815323 -0.15344598 -0.14083106 
4.32876128e-01 -0.20138274 -0.18343751 -0.16815323 -0.15344598 -0.14083106 
3.51119173e-01 -0.20138274 -0.18343751 -0.16815323 -0.15344598 -0.14083106 
2.84803587e-01 -0.20138274 -0.18343751 -0.16815323 -0.15344598 -0.14083106 
2.31012970e-01 -0.20138274 -0.18343751 -0.16815323 -0.15344598 -0.14083106 
1.87381742e-01 -0.20138274 -0.18343751 -0.16815323 -0.15344598 -0.14083106 
1.51991108e-01 -0.20138274 -0.18343751 -0.16815323 -0.15344598 -0.14083106 
1.23284674e-01 -0.20138274 -0.18343751 -0.16815323 -0.15344598 -0.14083106 
1.00000000e-01 -0.20138274 -0.18343751 -0.16815323 -0.15344598 -0.14083106 
8.11130831e-02 -0.20138274 -0.18343751 -0.16815323 -0.15344598 -0.14083106 
6.57933225e-02 -0.20138274 -0.18343751 -0.16815323 -0.15344598 -0.14083106 
5.33669923e-02 -0.20138274 -0.18343751 -0.16815323 -0.15344598 -0.14083106 
4.32876128e-02 -0.20138274 -0.18343751 -0.16815323 -0.15344598 -0.14083106 
3.51119173e-02 -0.20138274 -0.18343751 -0.16815323 -0.15344598 -0.14083106 
2.84803587e-02 -0.20138274 -0.18343751 -0.16815323 -0.15344598 -0.14083106 
2.31012970e-02 -0.20138274 -0.18343751 -0.16815323 -0.15344598 -0.14083106 
1.87381742e-02 -0.20138274 -0.18343751 -0.16815323 -0.15344598 -0.14083106 
1.51991108e-02 -0.20138274 -0.18343751 -0.16815323 -0.15344598 -0.14083106 
1.23284674e-02 -0.20138274 -0.18343751 -0.16815323 -0.15344598 -0.14083106 
1.00000000e-02 -0.20138274 -0.18343751 -0.16815323 -0.15344598 -0.14083106 
8.11130831e-03 -0.20138274 -0.18343751 -0.16815323 -0.15344598 -0.14083106 
6.57933225e-03 -0.20138274 -0.18343751 -0.16815323 -0.15344598 -0.14083106 
5.33669923e-03 -0.20138274 -0.18343751 -0.16815323 -0.15344598 -0.14083106 
4.32876128e-03 -0.20138274 -0.18343751 -0.16815323 -0.15344598 -0.14083106 
3.51119173e-03 -0.20138274 -0.18343751 -0.16815323 -0.15344598 -0.14083106 
2.84803587e-03 -0.20138274 -0.18343751 -0.16815323 -0.15344598 -0.14083106 
2.31012970e-03 -0.20138274 -0.18343751 -0.16815323 -0.15344598 -0.14083106 
1.87381742e-03 -0.20138274 -0.18343751 -0.16815323 -0.15344598 -0.14083106 
1.51991108e-03 -0.20138274 -0.18343751 -0.16815323 -0.15344598 -0.14083106 
1.23284674e-03 -0.20138274 -0.18343751 -0.16815323 -0.15344598 -0.14083106 
1.00000000e-03 -0.20138274 -0.18343751 -0.16815323 -0.15344598 -0.14083106 
8.11130831e-04 -0.20138274 -0.18343751 -0.16815323 -0.15344598 -0.14083106 
6.57933225e-04 -0.20138274 -0.18343751 -0.16815323 -0.15344598 -0.14083106 
5.33669923e-04 -0.20138274 -0.18343751 -0.16815323 -0.15344598 -0.14083106 
4.32876128e-04 -0.20138274 -0.18343751 -0.16815323 -0.15344598 -0.14083106 
3.51119173e-04 -0.20138274 -0.18343751 -0.16815323 -0.15344598 -0.14083106 
2.84803587e-04 -0.20138274 -0.18343751 -0.16815323 -0.15344598 -0.14083106 
2.31012970e-04 -0.20138274 -0.18343751 -0.16815323 -0.15344598 -0.14083106 
1.87381742e-04 -0.20138274 -0.18343751 -0.16815323 -0.15344598 -0.14083106 
1.51991108e-04 -0.20138274 -0.18343751 -0.16815323 -0.15344598 -0.14083106 
1.23284674e-04 -0.20138274 -0.18343751 -0.16815323 -0.15344598 -0.14083106 
1.00000000e-04 -0.20138274 -0.18343751 -0.16815323 -0.15344598 -0.14083106 
8.11130831e-05 -0.20138274 -0.18343751 -0.16815323 -0.15344598 -0.14083106 
6.57933225e-05 -0.20138274 -0.18343751 -0.16815323 -0.15344598 -0.14083106 
5.33669923e-05 -0.20138274 -0.18343751 -0.16815323 -0.15344598 -0.14083106 
4.32876128e-05 -0.20138274 -0.18343751 -0.16815323 -0.15344598 -0.14083106 
3.51119173e-05 -0.20138274 -0.18343751 -0.16815323 -0.15344598 -0.14083106 
2.84803587e-05 -0.20138274 -0.18343751 -0.16815323 -0.15344598 -0.14083106 
2.31012970e-05 -0.20138274 -0.18343751 -0.16815323 -0.15344598 -0.14083106 
1.87381742e-05 -0.20138274 -0.18343751 -0.16815323 -0.15344598 -0.14083106 
1.51991108e-05 -0.20138274 -0.18343751 -0.16815323 -0.15344598 -0.14083106 
1.23284674e-05 -0.20138274 -0.18343751 -0.16815323 -0.15344598 -0.14083106 
1.00000000e-05 -0.20138274 -0.18343751 -0.16815323 -0.15344598 -0.14083106 
8.11130831e-06 -0.20138274 -0.18343751 -0.16815323 -0.15344598 -0.14083106 
6.57933225e-06 -0.20138274 -0.18343751 -0.16815323 -0.15344598 -0.14083106 
5.33669923e-06 -0.20138274 -0.18343751 -0.16815323 -0.15344598 -0.14083106 
4.32876128e-06 -0.20138274 -0.18343751 -0.16815323 -0.15344598 -0.14083106 
3.51119173e-06 -0.20138274 -0.18343751 -0.16815323 -0.15344598 -0.14083106 
2.84803587e-06 -0.20138274 -0.18343751 -0.16815323 -0.15344598 -0.14083106 
2.31012970e-06 -0.20138274 -0.18343751 -0.16815323 -0.15344598 -0.14083106 
1.87381742e-06 -0.20138274 -0.18343751 -0.16815323 -0.15344598 -0.14083106 
1.51991108e-06 -0.20138274 -0.18343751 -0.16815323 -0.15344598 -0.14083106 
1.23284674e-06 -0.20138274 -0.18343751 -0.16815323 -0.15344598 -0.14083106 
1.00000000e-06 -0.20138274 -0.18343751 -0.16815323 -0.15344598 -0.14083106 
8.11130831e-07 -0.20138274 -0.18343751 -0.16815323 -0.15344598 -0.14083106 
6.57933225e-07 -0.20138274 -0.18343751 -0.16815323 -0.15344598 -0.14083106 
5.33669923e-07 -0.20138274 -0.18343751 -0.16815323 -0.15344598 -0.14083106 
4.32876128e-07 -0.20138274 -0.18343751 -0.16815323 -0.15344598 -0.14083106 
3.51119173e-07 -0.20138274 -0.18343751 -0.16815323 -0.15344598 -0.14083106 
2.84803587e-07 -0.20138274 -0.18343751 -0.16815323 -0.15344598 -0.14083106 
2.31012970e-07 -0.20138274 -0.18343751 -0.16815323 -0.15344598 -0.14083106 
1.87381742e-07 -0.20138274 -0.18343751 -0.16815323 -0.15344598 -0.14083106 
1.51991108e-07 -0.20138274 -0.18343751 -0.16815323 -0.15344598 -0.14083106 
1.23284674e-07 -0.20138274 -0.18343751 -0.16815323 -0.15344598 -0.14083106 
1.00000000e-07 -0.20138274 -0.18343751 -0.16815323 -0.15344598 -0.14083106 
P (bar) | log_He: -2σ | log_He: -1σ | log_He: median | log_He: +1σ | log_He: +2σ 
1.00000000e+02 -0.97093382 -0.95298859 -0.93770431 -0.92299706 -0.91038214 
8.11130831e+01 -0.97093382 -0.95298859 -0.93770431 -0.92299706 -0.91038214 
6.57933225e+01 -0.97093382 -0.95298859 -0.93770431 -0.92299706 -0.91038214 
5.33669923e+01 -0.97093382 -0.95298859 -0.93770431 -0.92299706 -0.91038214 
4.32876128e+01 -0.97093382 -0.95298859 -0.93770431 -0.92299706 -0.91038214 
3.51119173e+01 -0.97093382 -0.95298859 -0.93770431 -0.92299706 -0.91038214 
2.84803587e+01 -0.97093382 -0.95298859 -0.93770431 -0.92299706 -0.91038214 
2.31012970e+01 -0.97093382 -0.95298859 -0.93770431 -0.92299706 -0.91038214 
1.87381742e+01 -0.97093382 -0.95298859 -0.93770431 -0.92299706 -0.91038214 
1.51991108e+01 -0.97093382 -0.95298859 -0.93770431 -0.92299706 -0.91038214 
1.23284674e+01 -0.97093382 -0.95298859 -0.93770431 -0.92299706 -0.91038214 
1.00000000e+01 -0.97093382 -0.95298859 -0.93770431 -0.92299706 -0.91038214 
8.11130831e+00 -0.97093382 -0.95298859 -0.93770431 -0.92299706 -0.91038214 
6.57933225e+00 -0.97093382 -0.95298859 -0.93770431 -0.92299706 -0.91038214 
5.33669923e+00 -0.97093382 -0.95298859 -0.93770431 -0.92299706 -0.91038214 
4.32876128e+00 -0.97093382 -0.95298859 -0.93770431 -0.92299706 -0.91038214 
3.51119173e+00 -0.97093382 -0.95298859 -0.93770431 -0.92299706 -0.91038214 
2.84803587e+00 -0.97093382 -0.95298859 -0.93770431 -0.92299706 -0.91038214 
2.31012970e+00 -0.97093382 -0.95298859 -0.93770431 -0.92299706 -0.91038214 
1.87381742e+00 -0.97093382 -0.95298859 -0.93770431 -0.92299706 -0.91038214 
1.51991108e+00 -0.97093382 -0.95298859 -0.93770431 -0.92299706 -0.91038214 
1.23284674e+00 -0.97093382 -0.95298859 -0.93770431 -0.92299706 -0.91038214 
1.00000000e+00 -0.97093382 -0.95298859 -0.93770431 -0.92299706 -0.91038214 
8.11130831e-01 -0.97093382 -0.95298859 -0.93770431 -0.92299706 -0.91038214 
6.57933225e-01 -0.97093382 -0.95298859 -0.93770431 -0.92299706 -0.91038214 
5.33669923e-01 -0.97093382 -0.95298859 -0.93770431 -0.92299706 -0.91038214 
4.32876128e-01 -0.97093382 -0.95298859 -0.93770431 -0.92299706 -0.91038214 
3.51119173e-01 -0.97093382 -0.95298859 -0.93770431 -0.92299706 -0.91038214 
2.84803587e-01 -0.97093382 -0.95298859 -0.93770431 -0.92299706 -0.91038214 
2.31012970e-01 -0.97093382 -0.95298859 -0.93770431 -0.92299706 -0.91038214 
1.87381742e-01 -0.97093382 -0.95298859 -0.93770431 -0.92299706 -0.91038214 
1.51991108e-01 -0.97093382 -0.95298859 -0.93770431 -0.92299706 -0.91038214 
1.23284674e-01 -0.97093382 -0.95298859 -0.93770431 -0.92299706 -0.91038214 
1.00000000e-01 -0.97093382 -0.95298859 -0.93770431 -0.92299706 -0.91038214 
8.11130831e-02 -0.97093382 -0.95298859 -0.93770431 -0.92299706 -0.91038214 
6.57933225e-02 -0.97093382 -0.95298859 -0.93770431 -0.92299706 -0.91038214 
5.33669923e-02 -0.97093382 -0.95298859 -0.93770431 -0.92299706 -0.91038214 
4.32876128e-02 -0.97093382 -0.95298859 -0.93770431 -0.92299706 -0.91038214 
3.51119173e-02 -0.97093382 -0.95298859 -0.93770431 -0.92299706 -0.91038214 
2.84803587e-02 -0.97093382 -0.95298859 -0.93770431 -0.92299706 -0.91038214 
2.31012970e-02 -0.97093382 -0.95298859 -0.93770431 -0.92299706 -0.91038214 
1.87381742e-02 -0.97093382 -0.95298859 -0.93770431 -0.92299706 -0.91038214 
1.51991108e-02 -0.97093382 -0.95298859 -0.93770431 -0.92299706 -0.91038214 
1.23284674e-02 -0.97093382 -0.95298859 -0.93770431 -0.92299706 -0.91038214 
1.00000000e-02 -0.97093382 -0.95298859 -0.93770431 -0.92299706 -0.91038214 
8.11130831e-03 -0.97093382 -0.95298859 -0.93770431 -0.92299706 -0.91038214 
6.57933225e-03 -0.97093382 -0.95298859 -0.93770431 -0.92299706 -0.91038214 
5.33669923e-03 -0.97093382 -0.95298859 -0.93770431 -0.92299706 -0.91038214 
4.32876128e-03 -0.97093382 -0.95298859 -0.93770431 -0.92299706 -0.91038214 
3.51119173e-03 -0.97093382 -0.95298859 -0.93770431 -0.92299706 -0.91038214 
2.84803587e-03 -0.97093382 -0.95298859 -0.93770431 -0.92299706 -0.91038214 
2.31012970e-03 -0.97093382 -0.95298859 -0.93770431 -0.92299706 -0.91038214 
1.87381742e-03 -0.97093382 -0.95298859 -0.93770431 -0.92299706 -0.91038214 
1.51991108e-03 -0.97093382 -0.95298859 -0.93770431 -0.92299706 -0.91038214 
1.23284674e-03 -0.97093382 -0.95298859 -0.93770431 -0.92299706 -0.91038214 
1.00000000e-03 -0.97093382 -0.95298859 -0.93770431 -0.92299706 -0.91038214 
8.11130831e-04 -0.97093382 -0.95298859 -0.93770431 -0.92299706 -0.91038214 
6.57933225e-04 -0.97093382 -0.95298859 -0.93770431 -0.92299706 -0.91038214 
5.33669923e-04 -0.97093382 -0.95298859 -0.93770431 -0.92299706 -0.91038214 
4.32876128e-04 -0.97093382 -0.95298859 -0.93770431 -0.92299706 -0.91038214 
3.51119173e-04 -0.97093382 -0.95298859 -0.93770431 -0.92299706 -0.91038214 
2.84803587e-04 -0.97093382 -0.95298859 -0.93770431 -0.92299706 -0.91038214 
2.31012970e-04 -0.97093382 -0.95298859 -0.93770431 -0.92299706 -0.91038214 
1.87381742e-04 -0.97093382 -0.95298859 -0.93770431 -0.92299706 -0.91038214 
1.51991108e-04 -0.97093382 -0.95298859 -0.93770431 -0.92299706 -0.91038214 
1.23284674e-04 -0.97093382 -0.95298859 -0.93770431 -0.92299706 -0.91038214 
1.00000000e-04 -0.97093382 -0.95298859 -0.93770431 -0.92299706 -0.91038214 
8.11130831e-05 -0.97093382 -0.95298859 -0.93770431 -0.92299706 -0.91038214 
6.57933225e-05 -0.97093382 -0.95298859 -0.93770431 -0.92299706 -0.91038214 
5.33669923e-05 -0.97093382 -0.95298859 -0.93770431 -0.92299706 -0.91038214 
4.32876128e-05 -0.97093382 -0.95298859 -0.93770431 -0.92299706 -0.91038214 
3.51119173e-05 -0.97093382 -0.95298859 -0.93770431 -0.92299706 -0.91038214 
2.84803587e-05 -0.97093382 -0.95298859 -0.93770431 -0.92299706 -0.91038214 
2.31012970e-05 -0.97093382 -0.95298859 -0.93770431 -0.92299706 -0.91038214 
1.87381742e-05 -0.97093382 -0.95298859 -0.93770431 -0.92299706 -0.91038214 
1.51991108e-05 -0.97093382 -0.95298859 -0.93770431 -0.92299706 -0.91038214 
1.23284674e-05 -0.97093382 -0.95298859 -0.93770431 -0.92299706 -0.91038214 
1.00000000e-05 -0.97093382 -0.95298859 -0.93770431 -0.92299706 -0.91038214 
8.11130831e-06 -0.97093382 -0.95298859 -0.93770431 -0.92299706 -0.91038214 
6.57933225e-06 -0.97093382 -0.95298859 -0.93770431 -0.92299706 -0.91038214 
5.33669923e-06 -0.97093382 -0.95298859 -0.93770431 -0.92299706 -0.91038214 
4.32876128e-06 -0.97093382 -0.95298859 -0.93770431 -0.92299706 -0.91038214 
3.51119173e-06 -0.97093382 -0.95298859 -0.93770431 -0.92299706 -0.91038214 
2.84803587e-06 -0.97093382 -0.95298859 -0.93770431 -0.92299706 -0.91038214 
2.31012970e-06 -0.97093382 -0.95298859 -0.93770431 -0.92299706 -0.91038214 
1.87381742e-06 -0.97093382 -0.95298859 -0.93770431 -0.92299706 -0.91038214 
1.51991108e-06 -0.97093382 -0.95298859 -0.93770431 -0.92299706 -0.91038214 
1.23284674e-06 -0.97093382 -0.95298859 -0.93770431 -0.92299706 -0.91038214 
1.00000000e-06 -0.97093382 -0.95298859 -0.93770431 -0.92299706 -0.91038214 
8.11130831e-07 -0.97093382 -0.95298859 -0.93770431 -0.92299706 -0.91038214 
6.57933225e-07 -0.97093382 -0.95298859 -0.93770431 -0.92299706 -0.91038214 
5.33669923e-07 -0.97093382 -0.95298859 -0.93770431 -0.92299706 -0.91038214 
4.32876128e-07 -0.97093382 -0.95298859 -0.93770431 -0.92299706 -0.91038214 
3.51119173e-07 -0.97093382 -0.95298859 -0.93770431 -0.92299706 -0.91038214 
2.84803587e-07 -0.97093382 -0.95298859 -0.93770431 -0.92299706 -0.91038214 
2.31012970e-07 -0.97093382 -0.95298859 -0.93770431 -0.92299706 -0.91038214 
1.87381742e-07 -0.97093382 -0.95298859 -0.93770431 -0.92299706 -0.91038214 
1.51991108e-07 -0.97093382 -0.95298859 -0.93770431 -0.92299706 -0.91038214 
1.23284674e-07 -0.97093382 -0.95298859 -0.93770431 -0.92299706 -0.91038214 
1.00000000e-07 -0.97093382 -0.95298859 -0.93770431 -0.92299706 -0.91038214 
P (bar) | log_H2O: -2σ | log_H2O: -1σ | log_H2O: median | log_H2O: +1σ | log_H2O: +2σ 
1.00000000e+02 -0.81596595 -0.75206200 -0.68959214 -0.63520147 -0.58211832 
8.11130831e+01 -0.81596595 -0.75206200 -0.68959214 -0.63520147 -0.58211832 
6.57933225e+01 -0.81596595 -0.75206200 -0.68959214 -0.63520147 -0.58211832 
5.33669923e+01 -0.81596595 -0.75206200 -0.68959214 -0.63520147 -0.58211832 
4.32876128e+01 -0.81596595 -0.75206200 -0.68959214 -0.63520147 -0.58211832 
3.51119173e+01 -0.81596595 -0.75206200 -0.68959214 -0.63520147 -0.58211832 
2.84803587e+01 -0.81596595 -0.75206200 -0.68959214 -0.63520147 -0.58211832 
2.31012970e+01 -0.81596595 -0.75206200 -0.68959214 -0.63520147 -0.58211832 
1.87381742e+01 -0.81596595 -0.75206200 -0.68959214 -0.63520147 -0.58211832 
1.51991108e+01 -0.81596595 -0.75206200 -0.68959214 -0.63520147 -0.58211832 
1.23284674e+01 -0.81596595 -0.75206200 -0.68959214 -0.63520147 -0.58211832 
1.00000000e+01 -0.81596595 -0.75206200 -0.68959214 -0.63520147 -0.58211832 
8.11130831e+00 -0.81596595 -0.75206200 -0.68959214 -0.63520147 -0.58211832 
6.57933225e+00 -0.81596595 -0.75206200 -0.68959214 -0.63520147 -0.58211832 
5.33669923e+00 -0.81596595 -0.75206200 -0.68959214 -0.63520147 -0.58211832 
4.32876128e+00 -0.81596595 -0.75206200 -0.68959214 -0.63520147 -0.58211832 
3.51119173e+00 -0.81596595 -0.75206200 -0.68959214 -0.63520147 -0.58211832 
2.84803587e+00 -0.81596595 -0.75206200 -0.68959214 -0.63520147 -0.58211832 
2.31012970e+00 -0.81596595 -0.75206200 -0.68959214 -0.63520147 -0.58211832 
1.87381742e+00 -0.81596595 -0.75206200 -0.68959214 -0.63520147 -0.58211832 
1.51991108e+00 -0.81596595 -0.75206200 -0.68959214 -0.63520147 -0.58211832 
1.23284674e+00 -0.81596595 -0.75206200 -0.68959214 -0.63520147 -0.58211832 
1.00000000e+00 -0.81596595 -0.75206200 -0.68959214 -0.63520147 -0.58211832 
8.11130831e-01 -0.81596595 -0.75206200 -0.68959214 -0.63520147 -0.58211832 
6.57933225e-01 -0.81596595 -0.75206200 -0.68959214 -0.63520147 -0.58211832 
5.33669923e-01 -0.81596595 -0.75206200 -0.68959214 -0.63520147 -0.58211832 
4.32876128e-01 -0.81596595 -0.75206200 -0.68959214 -0.63520147 -0.58211832 
3.51119173e-01 -0.81596595 -0.75206200 -0.68959214 -0.63520147 -0.58211832 
2.84803587e-01 -0.81596595 -0.75206200 -0.68959214 -0.63520147 -0.58211832 
2.31012970e-01 -0.81596595 -0.75206200 -0.68959214 -0.63520147 -0.58211832 
1.87381742e-01 -0.81596595 -0.75206200 -0.68959214 -0.63520147 -0.58211832 
1.51991108e-01 -0.81596595 -0.75206200 -0.68959214 -0.63520147 -0.58211832 
1.23284674e-01 -0.81596595 -0.75206200 -0.68959214 -0.63520147 -0.58211832 
1.00000000e-01 -0.81596595 -0.75206200 -0.68959214 -0.63520147 -0.58211832 
8.11130831e-02 -0.81596595 -0.75206200 -0.68959214 -0.63520147 -0.58211832 
6.57933225e-02 -0.81596595 -0.75206200 -0.68959214 -0.63520147 -0.58211832 
5.33669923e-02 -0.81596595 -0.75206200 -0.68959214 -0.63520147 -0.58211832 
4.32876128e-02 -0.81596595 -0.75206200 -0.68959214 -0.63520147 -0.58211832 
3.51119173e-02 -0.81596595 -0.75206200 -0.68959214 -0.63520147 -0.58211832 
2.84803587e-02 -0.81596595 -0.75206200 -0.68959214 -0.63520147 -0.58211832 
2.31012970e-02 -0.81596595 -0.75206200 -0.68959214 -0.63520147 -0.58211832 
1.87381742e-02 -0.81596595 -0.75206200 -0.68959214 -0.63520147 -0.58211832 
1.51991108e-02 -0.81596595 -0.75206200 -0.68959214 -0.63520147 -0.58211832 
1.23284674e-02 -0.81596595 -0.75206200 -0.68959214 -0.63520147 -0.58211832 
1.00000000e-02 -0.81596595 -0.75206200 -0.68959214 -0.63520147 -0.58211832 
8.11130831e-03 -0.81596595 -0.75206200 -0.68959214 -0.63520147 -0.58211832 
6.57933225e-03 -0.81596595 -0.75206200 -0.68959214 -0.63520147 -0.58211832 
5.33669923e-03 -0.81596595 -0.75206200 -0.68959214 -0.63520147 -0.58211832 
4.32876128e-03 -0.81596595 -0.75206200 -0.68959214 -0.63520147 -0.58211832 
3.51119173e-03 -0.81596595 -0.75206200 -0.68959214 -0.63520147 -0.58211832 
2.84803587e-03 -0.81596595 -0.75206200 -0.68959214 -0.63520147 -0.58211832 
2.31012970e-03 -0.81596595 -0.75206200 -0.68959214 -0.63520147 -0.58211832 
1.87381742e-03 -0.81596595 -0.75206200 -0.68959214 -0.63520147 -0.58211832 
1.51991108e-03 -0.81596595 -0.75206200 -0.68959214 -0.63520147 -0.58211832 
1.23284674e-03 -0.81596595 -0.75206200 -0.68959214 -0.63520147 -0.58211832 
1.00000000e-03 -0.81596595 -0.75206200 -0.68959214 -0.63520147 -0.58211832 
8.11130831e-04 -0.81596595 -0.75206200 -0.68959214 -0.63520147 -0.58211832 
6.57933225e-04 -0.81596595 -0.75206200 -0.68959214 -0.63520147 -0.58211832 
5.33669923e-04 -0.81596595 -0.75206200 -0.68959214 -0.63520147 -0.58211832 
4.32876128e-04 -0.81596595 -0.75206200 -0.68959214 -0.63520147 -0.58211832 
3.51119173e-04 -0.81596595 -0.75206200 -0.68959214 -0.63520147 -0.58211832 
2.84803587e-04 -0.81596595 -0.75206200 -0.68959214 -0.63520147 -0.58211832 
2.31012970e-04 -0.81596595 -0.75206200 -0.68959214 -0.63520147 -0.58211832 
1.87381742e-04 -0.81596595 -0.75206200 -0.68959214 -0.63520147 -0.58211832 
1.51991108e-04 -0.81596595 -0.75206200 -0.68959214 -0.63520147 -0.58211832 
1.23284674e-04 -0.81596595 -0.75206200 -0.68959214 -0.63520147 -0.58211832 
1.00000000e-04 -0.81596595 -0.75206200 -0.68959214 -0.63520147 -0.58211832 
8.11130831e-05 -0.81596595 -0.75206200 -0.68959214 -0.63520147 -0.58211832 
6.57933225e-05 -0.81596595 -0.75206200 -0.68959214 -0.63520147 -0.58211832 
5.33669923e-05 -0.81596595 -0.75206200 -0.68959214 -0.63520147 -0.58211832 
4.32876128e-05 -0.81596595 -0.75206200 -0.68959214 -0.63520147 -0.58211832 
3.51119173e-05 -0.81596595 -0.75206200 -0.68959214 -0.63520147 -0.58211832 
2.84803587e-05 -0.81596595 -0.75206200 -0.68959214 -0.63520147 -0.58211832 
2.31012970e-05 -0.81596595 -0.75206200 -0.68959214 -0.63520147 -0.58211832 
1.87381742e-05 -0.81596595 -0.75206200 -0.68959214 -0.63520147 -0.58211832 
1.51991108e-05 -0.81596595 -0.75206200 -0.68959214 -0.63520147 -0.58211832 
1.23284674e-05 -0.81596595 -0.75206200 -0.68959214 -0.63520147 -0.58211832 
1.00000000e-05 -0.81596595 -0.75206200 -0.68959214 -0.63520147 -0.58211832 
8.11130831e-06 -0.81596595 -0.75206200 -0.68959214 -0.63520147 -0.58211832 
6.57933225e-06 -0.81596595 -0.75206200 -0.68959214 -0.63520147 -0.58211832 
5.33669923e-06 -0.81596595 -0.75206200 -0.68959214 -0.63520147 -0.58211832 
4.32876128e-06 -0.81596595 -0.75206200 -0.68959214 -0.63520147 -0.58211832 
3.51119173e-06 -0.81596595 -0.75206200 -0.68959214 -0.63520147 -0.58211832 
2.84803587e-06 -0.81596595 -0.75206200 -0.68959214 -0.63520147 -0.58211832 
2.31012970e-06 -0.81596595 -0.75206200 -0.68959214 -0.63520147 -0.58211832 
1.87381742e-06 -0.81596595 -0.75206200 -0.68959214 -0.63520147 -0.58211832 
1.51991108e-06 -0.81596595 -0.75206200 -0.68959214 -0.63520147 -0.58211832 
1.23284674e-06 -0.81596595 -0.75206200 -0.68959214 -0.63520147 -0.58211832 
1.00000000e-06 -0.81596595 -0.75206200 -0.68959214 -0.63520147 -0.58211832 
8.11130831e-07 -0.81596595 -0.75206200 -0.68959214 -0.63520147 -0.58211832 
6.57933225e-07 -0.81596595 -0.75206200 -0.68959214 -0.63520147 -0.58211832 
5.33669923e-07 -0.81596595 -0.75206200 -0.68959214 -0.63520147 -0.58211832 
4.32876128e-07 -0.81596595 -0.75206200 -0.68959214 -0.63520147 -0.58211832 
3.51119173e-07 -0.81596595 -0.75206200 -0.68959214 -0.63520147 -0.58211832 
2.84803587e-07 -0.81596595 -0.75206200 -0.68959214 -0.63520147 -0.58211832 
2.31012970e-07 -0.81596595 -0.75206200 -0.68959214 -0.63520147 -0.58211832 
1.87381742e-07 -0.81596595 -0.75206200 -0.68959214 -0.63520147 -0.58211832 
1.51991108e-07 -0.81596595 -0.75206200 -0.68959214 -0.63520147 -0.58211832 
1.23284674e-07 -0.81596595 -0.75206200 -0.68959214 -0.63520147 -0.58211832 
1.00000000e-07 -0.81596595 -0.75206200 -0.68959214 -0.63520147 -0.58211832 
P (bar) | log_CO2: -2σ | log_CO2: -1σ | log_CO2: median | log_CO2: +1σ | log_CO2: +2σ 
1.00000000e+02 -3.36724834 -3.20759069 -3.04318484 -2.85587397 -2.62566416 
8.11130831e+01 -3.36724834 -3.20759069 -3.04318484 -2.85587397 -2.62566416 
6.57933225e+01 -3.36724834 -3.20759069 -3.04318484 -2.85587397 -2.62566416 
5.33669923e+01 -3.36724834 -3.20759069 -3.04318484 -2.85587397 -2.62566416 
4.32876128e+01 -3.36724834 -3.20759069 -3.04318484 -2.85587397 -2.62566416 
3.51119173e+01 -3.36724834 -3.20759069 -3.04318484 -2.85587397 -2.62566416 
2.84803587e+01 -3.36724834 -3.20759069 -3.04318484 -2.85587397 -2.62566416 
2.31012970e+01 -3.36724834 -3.20759069 -3.04318484 -2.85587397 -2.62566416 
1.87381742e+01 -3.36724834 -3.20759069 -3.04318484 -2.85587397 -2.62566416 
1.51991108e+01 -3.36724834 -3.20759069 -3.04318484 -2.85587397 -2.62566416 
1.23284674e+01 -3.36724834 -3.20759069 -3.04318484 -2.85587397 -2.62566416 
1.00000000e+01 -3.36724834 -3.20759069 -3.04318484 -2.85587397 -2.62566416 
8.11130831e+00 -3.36724834 -3.20759069 -3.04318484 -2.85587397 -2.62566416 
6.57933225e+00 -3.36724834 -3.20759069 -3.04318484 -2.85587397 -2.62566416 
5.33669923e+00 -3.36724834 -3.20759069 -3.04318484 -2.85587397 -2.62566416 
4.32876128e+00 -3.36724834 -3.20759069 -3.04318484 -2.85587397 -2.62566416 
3.51119173e+00 -3.36724834 -3.20759069 -3.04318484 -2.85587397 -2.62566416 
2.84803587e+00 -3.36724834 -3.20759069 -3.04318484 -2.85587397 -2.62566416 
2.31012970e+00 -3.36724834 -3.20759069 -3.04318484 -2.85587397 -2.62566416 
1.87381742e+00 -3.36724834 -3.20759069 -3.04318484 -2.85587397 -2.62566416 
1.51991108e+00 -3.36724834 -3.20759069 -3.04318484 -2.85587397 -2.62566416 
1.23284674e+00 -3.36724834 -3.20759069 -3.04318484 -2.85587397 -2.62566416 
1.00000000e+00 -3.36724834 -3.20759069 -3.04318484 -2.85587397 -2.62566416 
8.11130831e-01 -3.36724834 -3.20759069 -3.04318484 -2.85587397 -2.62566416 
6.57933225e-01 -3.36724834 -3.20759069 -3.04318484 -2.85587397 -2.62566416 
5.33669923e-01 -3.36724834 -3.20759069 -3.04318484 -2.85587397 -2.62566416 
4.32876128e-01 -3.36724834 -3.20759069 -3.04318484 -2.85587397 -2.62566416 
3.51119173e-01 -3.36724834 -3.20759069 -3.04318484 -2.85587397 -2.62566416 
2.84803587e-01 -3.36724834 -3.20759069 -3.04318484 -2.85587397 -2.62566416 
2.31012970e-01 -3.36724834 -3.20759069 -3.04318484 -2.85587397 -2.62566416 
1.87381742e-01 -3.36724834 -3.20759069 -3.04318484 -2.85587397 -2.62566416 
1.51991108e-01 -3.36724834 -3.20759069 -3.04318484 -2.85587397 -2.62566416 
1.23284674e-01 -3.36724834 -3.20759069 -3.04318484 -2.85587397 -2.62566416 
1.00000000e-01 -3.36724834 -3.20759069 -3.04318484 -2.85587397 -2.62566416 
8.11130831e-02 -3.36724834 -3.20759069 -3.04318484 -2.85587397 -2.62566416 
6.57933225e-02 -3.36724834 -3.20759069 -3.04318484 -2.85587397 -2.62566416 
5.33669923e-02 -3.36724834 -3.20759069 -3.04318484 -2.85587397 -2.62566416 
4.32876128e-02 -3.36724834 -3.20759069 -3.04318484 -2.85587397 -2.62566416 
3.51119173e-02 -3.36724834 -3.20759069 -3.04318484 -2.85587397 -2.62566416 
2.84803587e-02 -3.36724834 -3.20759069 -3.04318484 -2.85587397 -2.62566416 
2.31012970e-02 -3.36724834 -3.20759069 -3.04318484 -2.85587397 -2.62566416 
1.87381742e-02 -3.36724834 -3.20759069 -3.04318484 -2.85587397 -2.62566416 
1.51991108e-02 -3.36724834 -3.20759069 -3.04318484 -2.85587397 -2.62566416 
1.23284674e-02 -3.36724834 -3.20759069 -3.04318484 -2.85587397 -2.62566416 
1.00000000e-02 -3.36724834 -3.20759069 -3.04318484 -2.85587397 -2.62566416 
8.11130831e-03 -3.36724834 -3.20759069 -3.04318484 -2.85587397 -2.62566416 
6.57933225e-03 -3.36724834 -3.20759069 -3.04318484 -2.85587397 -2.62566416 
5.33669923e-03 -3.36724834 -3.20759069 -3.04318484 -2.85587397 -2.62566416 
4.32876128e-03 -3.36724834 -3.20759069 -3.04318484 -2.85587397 -2.62566416 
3.51119173e-03 -3.36724834 -3.20759069 -3.04318484 -2.85587397 -2.62566416 
2.84803587e-03 -3.36724834 -3.20759069 -3.04318484 -2.85587397 -2.62566416 
2.31012970e-03 -3.36724834 -3.20759069 -3.04318484 -2.85587397 -2.62566416 
1.87381742e-03 -3.36724834 -3.20759069 -3.04318484 -2.85587397 -2.62566416 
1.51991108e-03 -3.36724834 -3.20759069 -3.04318484 -2.85587397 -2.62566416 
1.23284674e-03 -3.36724834 -3.20759069 -3.04318484 -2.85587397 -2.62566416 
1.00000000e-03 -3.36724834 -3.20759069 -3.04318484 -2.85587397 -2.62566416 
8.11130831e-04 -3.36724834 -3.20759069 -3.04318484 -2.85587397 -2.62566416 
6.57933225e-04 -3.36724834 -3.20759069 -3.04318484 -2.85587397 -2.62566416 
5.33669923e-04 -3.36724834 -3.20759069 -3.04318484 -2.85587397 -2.62566416 
4.32876128e-04 -3.36724834 -3.20759069 -3.04318484 -2.85587397 -2.62566416 
3.51119173e-04 -3.36724834 -3.20759069 -3.04318484 -2.85587397 -2.62566416 
2.84803587e-04 -3.36724834 -3.20759069 -3.04318484 -2.85587397 -2.62566416 
2.31012970e-04 -3.36724834 -3.20759069 -3.04318484 -2.85587397 -2.62566416 
1.87381742e-04 -3.36724834 -3.20759069 -3.04318484 -2.85587397 -2.62566416 
1.51991108e-04 -3.36724834 -3.20759069 -3.04318484 -2.85587397 -2.62566416 
1.23284674e-04 -3.36724834 -3.20759069 -3.04318484 -2.85587397 -2.62566416 
1.00000000e-04 -3.36724834 -3.20759069 -3.04318484 -2.85587397 -2.62566416 
8.11130831e-05 -3.36724834 -3.20759069 -3.04318484 -2.85587397 -2.62566416 
6.57933225e-05 -3.36724834 -3.20759069 -3.04318484 -2.85587397 -2.62566416 
5.33669923e-05 -3.36724834 -3.20759069 -3.04318484 -2.85587397 -2.62566416 
4.32876128e-05 -3.36724834 -3.20759069 -3.04318484 -2.85587397 -2.62566416 
3.51119173e-05 -3.36724834 -3.20759069 -3.04318484 -2.85587397 -2.62566416 
2.84803587e-05 -3.36724834 -3.20759069 -3.04318484 -2.85587397 -2.62566416 
2.31012970e-05 -3.36724834 -3.20759069 -3.04318484 -2.85587397 -2.62566416 
1.87381742e-05 -3.36724834 -3.20759069 -3.04318484 -2.85587397 -2.62566416 
1.51991108e-05 -3.36724834 -3.20759069 -3.04318484 -2.85587397 -2.62566416 
1.23284674e-05 -3.36724834 -3.20759069 -3.04318484 -2.85587397 -2.62566416 
1.00000000e-05 -3.36724834 -3.20759069 -3.04318484 -2.85587397 -2.62566416 
8.11130831e-06 -3.36724834 -3.20759069 -3.04318484 -2.85587397 -2.62566416 
6.57933225e-06 -3.36724834 -3.20759069 -3.04318484 -2.85587397 -2.62566416 
5.33669923e-06 -3.36724834 -3.20759069 -3.04318484 -2.85587397 -2.62566416 
4.32876128e-06 -3.36724834 -3.20759069 -3.04318484 -2.85587397 -2.62566416 
3.51119173e-06 -3.36724834 -3.20759069 -3.04318484 -2.85587397 -2.62566416 
2.84803587e-06 -3.36724834 -3.20759069 -3.04318484 -2.85587397 -2.62566416 
2.31012970e-06 -3.36724834 -3.20759069 -3.04318484 -2.85587397 -2.62566416 
1.87381742e-06 -3.36724834 -3.20759069 -3.04318484 -2.85587397 -2.62566416 
1.51991108e-06 -3.36724834 -3.20759069 -3.04318484 -2.85587397 -2.62566416 
1.23284674e-06 -3.36724834 -3.20759069 -3.04318484 -2.85587397 -2.62566416 
1.00000000e-06 -3.36724834 -3.20759069 -3.04318484 -2.85587397 -2.62566416 
8.11130831e-07 -3.36724834 -3.20759069 -3.04318484 -2.85587397 -2.62566416 
6.57933225e-07 -3.36724834 -3.20759069 -3.04318484 -2.85587397 -2.62566416 
5.33669923e-07 -3.36724834 -3.20759069 -3.04318484 -2.85587397 -2.62566416 
4.32876128e-07 -3.36724834 -3.20759069 -3.04318484 -2.85587397 -2.62566416 
3.51119173e-07 -3.36724834 -3.20759069 -3.04318484 -2.85587397 -2.62566416 
2.84803587e-07 -3.36724834 -3.20759069 -3.04318484 -2.85587397 -2.62566416 
2.31012970e-07 -3.36724834 -3.20759069 -3.04318484 -2.85587397 -2.62566416 
1.87381742e-07 -3.36724834 -3.20759069 -3.04318484 -2.85587397 -2.62566416 
1.51991108e-07 -3.36724834 -3.20759069 -3.04318484 -2.85587397 -2.62566416 
1.23284674e-07 -3.36724834 -3.20759069 -3.04318484 -2.85587397 -2.62566416 
1.00000000e-07 -3.36724834 -3.20759069 -3.04318484 -2.85587397 -2.62566416 
P (bar) | log_SO2: -2σ | log_SO2: -1σ | log_SO2: median | log_SO2: +1σ | log_SO2: +2σ 
1.00000000e+02 -5.95818786 -5.80696596 -5.54472752 -5.31948527 -5.14625723 
8.11130831e+01 -5.95818786 -5.80696596 -5.54472752 -5.31948527 -5.14625723 
6.57933225e+01 -5.95818786 -5.80696596 -5.54472752 -5.31948527 -5.14625723 
5.33669923e+01 -5.95818786 -5.80696596 -5.54472752 -5.31948527 -5.14625723 
4.32876128e+01 -5.95818786 -5.80696596 -5.54472752 -5.31948527 -5.14625723 
3.51119173e+01 -5.95818786 -5.80696596 -5.54472752 -5.31948527 -5.14625723 
2.84803587e+01 -5.95818786 -5.80696596 -5.54472752 -5.31948527 -5.14625723 
2.31012970e+01 -5.95818786 -5.80696596 -5.54472752 -5.31948527 -5.14625723 
1.87381742e+01 -5.95818786 -5.80696596 -5.54472752 -5.31948527 -5.14625723 
1.51991108e+01 -5.95818786 -5.80696596 -5.54472752 -5.31948527 -5.14625723 
1.23284674e+01 -5.95818786 -5.80696596 -5.54472752 -5.31948527 -5.14625723 
1.00000000e+01 -5.95818786 -5.80696596 -5.54472752 -5.31948527 -5.14625723 
8.11130831e+00 -5.95818786 -5.80696596 -5.54472752 -5.31948527 -5.14625723 
6.57933225e+00 -5.95818786 -5.80696596 -5.54472752 -5.31948527 -5.14625723 
5.33669923e+00 -5.95818786 -5.80696596 -5.54472752 -5.31948527 -5.14625723 
4.32876128e+00 -5.95818786 -5.80696596 -5.54472752 -5.31948527 -5.14625723 
3.51119173e+00 -5.95818786 -5.80696596 -5.54472752 -5.31948527 -5.14625723 
2.84803587e+00 -5.95818786 -5.80696596 -5.54472752 -5.31948527 -5.14625723 
2.31012970e+00 -5.95818786 -5.80696596 -5.54472752 -5.31948527 -5.14625723 
1.87381742e+00 -5.95818786 -5.80696596 -5.54472752 -5.31948527 -5.14625723 
1.51991108e+00 -5.95818786 -5.80696596 -5.54472752 -5.31948527 -5.14625723 
1.23284674e+00 -5.95818786 -5.80696596 -5.54472752 -5.31948527 -5.14625723 
1.00000000e+00 -5.95818786 -5.80696596 -5.54472752 -5.31948527 -5.14625723 
8.11130831e-01 -5.95818786 -5.80696596 -5.54472752 -5.31948527 -5.14625723 
6.57933225e-01 -5.95818786 -5.80696596 -5.54472752 -5.31948527 -5.14625723 
5.33669923e-01 -5.95818786 -5.80696596 -5.54472752 -5.31948527 -5.14625723 
4.32876128e-01 -5.95818786 -5.80696596 -5.54472752 -5.31948527 -5.14625723 
3.51119173e-01 -5.95818786 -5.80696596 -5.54472752 -5.31948527 -5.14625723 
2.84803587e-01 -5.95818786 -5.80696596 -5.54472752 -5.31948527 -5.14625723 
2.31012970e-01 -5.95818786 -5.80696596 -5.54472752 -5.31948527 -5.14625723 
1.87381742e-01 -5.95818786 -5.80696596 -5.54472752 -5.31948527 -5.14625723 
1.51991108e-01 -5.95818786 -5.80696596 -5.54472752 -5.31948527 -5.14625723 
1.23284674e-01 -5.95818786 -5.80696596 -5.54472752 -5.31948527 -5.14625723 
1.00000000e-01 -5.95818786 -5.80696596 -5.54472752 -5.31948527 -5.14625723 
8.11130831e-02 -5.95818786 -5.80696596 -5.54472752 -5.31948527 -5.14625723 
6.57933225e-02 -5.95818786 -5.80696596 -5.54472752 -5.31948527 -5.14625723 
5.33669923e-02 -5.95818786 -5.80696596 -5.54472752 -5.31948527 -5.14625723 
4.32876128e-02 -5.95818786 -5.80696596 -5.54472752 -5.31948527 -5.14625723 
3.51119173e-02 -5.95818786 -5.80696596 -5.54472752 -5.31948527 -5.14625723 
2.84803587e-02 -5.95818786 -5.80696596 -5.54472752 -5.31948527 -5.14625723 
2.31012970e-02 -5.95818786 -5.80696596 -5.54472752 -5.31948527 -5.14625723 
1.87381742e-02 -5.95818786 -5.80696596 -5.54472752 -5.31948527 -5.14625723 
1.51991108e-02 -5.95818786 -5.80696596 -5.54472752 -5.31948527 -5.14625723 
1.23284674e-02 -5.95818786 -5.80696596 -5.54472752 -5.31948527 -5.14625723 
1.00000000e-02 -5.95818786 -5.80696596 -5.54472752 -5.31948527 -5.14625723 
8.11130831e-03 -5.95818786 -5.80696596 -5.54472752 -5.31948527 -5.14625723 
6.57933225e-03 -5.95818786 -5.80696596 -5.54472752 -5.31948527 -5.14625723 
5.33669923e-03 -5.95818786 -5.80696596 -5.54472752 -5.31948527 -5.14625723 
4.32876128e-03 -5.95818786 -5.80696596 -5.54472752 -5.31948527 -5.14625723 
3.51119173e-03 -5.95818786 -5.80696596 -5.54472752 -5.31948527 -5.14625723 
2.84803587e-03 -5.95818786 -5.80696596 -5.54472752 -5.31948527 -5.14625723 
2.31012970e-03 -5.95818786 -5.80696596 -5.54472752 -5.31948527 -5.14625723 
1.87381742e-03 -5.95818786 -5.80696596 -5.54472752 -5.31948527 -5.14625723 
1.51991108e-03 -5.95818786 -5.80696596 -5.54472752 -5.31948527 -5.14625723 
1.23284674e-03 -5.95818786 -5.80696596 -5.54472752 -5.31948527 -5.14625723 
1.00000000e-03 -5.95818786 -5.80696596 -5.54472752 -5.31948527 -5.14625723 
8.11130831e-04 -5.95818786 -5.80696596 -5.54472752 -5.31948527 -5.14625723 
6.57933225e-04 -5.95818786 -5.80696596 -5.54472752 -5.31948527 -5.14625723 
5.33669923e-04 -5.95818786 -5.80696596 -5.54472752 -5.31948527 -5.14625723 
4.32876128e-04 -5.95818786 -5.80696596 -5.54472752 -5.31948527 -5.14625723 
3.51119173e-04 -5.95818786 -5.80696596 -5.54472752 -5.31948527 -5.14625723 
2.84803587e-04 -5.95818786 -5.80696596 -5.54472752 -5.31948527 -5.14625723 
2.31012970e-04 -5.95818786 -5.80696596 -5.54472752 -5.31948527 -5.14625723 
1.87381742e-04 -5.95818786 -5.80696596 -5.54472752 -5.31948527 -5.14625723 
1.51991108e-04 -5.95818786 -5.80696596 -5.54472752 -5.31948527 -5.14625723 
1.23284674e-04 -5.95818786 -5.80696596 -5.54472752 -5.31948527 -5.14625723 
1.00000000e-04 -5.95818786 -5.80696596 -5.54472752 -5.31948527 -5.14625723 
8.11130831e-05 -5.95818786 -5.80696596 -5.54472752 -5.31948527 -5.14625723 
6.57933225e-05 -5.95818786 -5.80696596 -5.54472752 -5.31948527 -5.14625723 
5.33669923e-05 -5.95818786 -5.80696596 -5.54472752 -5.31948527 -5.14625723 
4.32876128e-05 -5.95818786 -5.80696596 -5.54472752 -5.31948527 -5.14625723 
3.51119173e-05 -5.95818786 -5.80696596 -5.54472752 -5.31948527 -5.14625723 
2.84803587e-05 -5.95818786 -5.80696596 -5.54472752 -5.31948527 -5.14625723 
2.31012970e-05 -5.95818786 -5.80696596 -5.54472752 -5.31948527 -5.14625723 
1.87381742e-05 -5.95818786 -5.80696596 -5.54472752 -5.31948527 -5.14625723 
1.51991108e-05 -5.95818786 -5.80696596 -5.54472752 -5.31948527 -5.14625723 
1.23284674e-05 -5.95818786 -5.80696596 -5.54472752 -5.31948527 -5.14625723 
1.00000000e-05 -5.95818786 -5.80696596 -5.54472752 -5.31948527 -5.14625723 
8.11130831e-06 -5.95818786 -5.80696596 -5.54472752 -5.31948527 -5.14625723 
6.57933225e-06 -5.95818786 -5.80696596 -5.54472752 -5.31948527 -5.14625723 
5.33669923e-06 -5.95818786 -5.80696596 -5.54472752 -5.31948527 -5.14625723 
4.32876128e-06 -5.95818786 -5.80696596 -5.54472752 -5.31948527 -5.14625723 
3.51119173e-06 -5.95818786 -5.80696596 -5.54472752 -5.31948527 -5.14625723 
2.84803587e-06 -5.95818786 -5.80696596 -5.54472752 -5.31948527 -5.14625723 
2.31012970e-06 -5.95818786 -5.80696596 -5.54472752 -5.31948527 -5.14625723 
1.87381742e-06 -5.95818786 -5.80696596 -5.54472752 -5.31948527 -5.14625723 
1.51991108e-06 -5.95818786 -5.80696596 -5.54472752 -5.31948527 -5.14625723 
1.23284674e-06 -5.95818786 -5.80696596 -5.54472752 -5.31948527 -5.14625723 
1.00000000e-06 -5.95818786 -5.80696596 -5.54472752 -5.31948527 -5.14625723 
8.11130831e-07 -5.95818786 -5.80696596 -5.54472752 -5.31948527 -5.14625723 
6.57933225e-07 -5.95818786 -5.80696596 -5.54472752 -5.31948527 -5.14625723 
5.33669923e-07 -5.95818786 -5.80696596 -5.54472752 -5.31948527 -5.14625723 
4.32876128e-07 -5.95818786 -5.80696596 -5.54472752 -5.31948527 -5.14625723 
3.51119173e-07 -5.95818786 -5.80696596 -5.54472752 -5.31948527 -5.14625723 
2.84803587e-07 -5.95818786 -5.80696596 -5.54472752 -5.31948527 -5.14625723 
2.31012970e-07 -5.95818786 -5.80696596 -5.54472752 -5.31948527 -5.14625723 
1.87381742e-07 -5.95818786 -5.80696596 -5.54472752 -5.31948527 -5.14625723 
1.51991108e-07 -5.95818786 -5.80696596 -5.54472752 -5.31948527 -5.14625723 
1.23284674e-07 -5.95818786 -5.80696596 -5.54472752 -5.31948527 -5.14625723 
1.00000000e-07 -5.95818786 -5.80696596 -5.54472752 -5.31948527 -5.14625723 
P (bar) | log_CO: -2σ | log_CO: -1σ | log_CO: median | log_CO: +1σ | log_CO: +2σ 
1.00000000e+02 -5.87982571 -5.41906808 -4.31539361 -3.44683087 -3.06483354 
8.11130831e+01 -5.87982571 -5.41906808 -4.31539361 -3.44683087 -3.06483354 
6.57933225e+01 -5.87982571 -5.41906808 -4.31539361 -3.44683087 -3.06483354 
5.33669923e+01 -5.87982571 -5.41906808 -4.31539361 -3.44683087 -3.06483354 
4.32876128e+01 -5.87982571 -5.41906808 -4.31539361 -3.44683087 -3.06483354 
3.51119173e+01 -5.87982571 -5.41906808 -4.31539361 -3.44683087 -3.06483354 
2.84803587e+01 -5.87982571 -5.41906808 -4.31539361 -3.44683087 -3.06483354 
2.31012970e+01 -5.87982571 -5.41906808 -4.31539361 -3.44683087 -3.06483354 
1.87381742e+01 -5.87982571 -5.41906808 -4.31539361 -3.44683087 -3.06483354 
1.51991108e+01 -5.87982571 -5.41906808 -4.31539361 -3.44683087 -3.06483354 
1.23284674e+01 -5.87982571 -5.41906808 -4.31539361 -3.44683087 -3.06483354 
1.00000000e+01 -5.87982571 -5.41906808 -4.31539361 -3.44683087 -3.06483354 
8.11130831e+00 -5.87982571 -5.41906808 -4.31539361 -3.44683087 -3.06483354 
6.57933225e+00 -5.87982571 -5.41906808 -4.31539361 -3.44683087 -3.06483354 
5.33669923e+00 -5.87982571 -5.41906808 -4.31539361 -3.44683087 -3.06483354 
4.32876128e+00 -5.87982571 -5.41906808 -4.31539361 -3.44683087 -3.06483354 
3.51119173e+00 -5.87982571 -5.41906808 -4.31539361 -3.44683087 -3.06483354 
2.84803587e+00 -5.87982571 -5.41906808 -4.31539361 -3.44683087 -3.06483354 
2.31012970e+00 -5.87982571 -5.41906808 -4.31539361 -3.44683087 -3.06483354 
1.87381742e+00 -5.87982571 -5.41906808 -4.31539361 -3.44683087 -3.06483354 
1.51991108e+00 -5.87982571 -5.41906808 -4.31539361 -3.44683087 -3.06483354 
1.23284674e+00 -5.87982571 -5.41906808 -4.31539361 -3.44683087 -3.06483354 
1.00000000e+00 -5.87982571 -5.41906808 -4.31539361 -3.44683087 -3.06483354 
8.11130831e-01 -5.87982571 -5.41906808 -4.31539361 -3.44683087 -3.06483354 
6.57933225e-01 -5.87982571 -5.41906808 -4.31539361 -3.44683087 -3.06483354 
5.33669923e-01 -5.87982571 -5.41906808 -4.31539361 -3.44683087 -3.06483354 
4.32876128e-01 -5.87982571 -5.41906808 -4.31539361 -3.44683087 -3.06483354 
3.51119173e-01 -5.87982571 -5.41906808 -4.31539361 -3.44683087 -3.06483354 
2.84803587e-01 -5.87982571 -5.41906808 -4.31539361 -3.44683087 -3.06483354 
2.31012970e-01 -5.87982571 -5.41906808 -4.31539361 -3.44683087 -3.06483354 
1.87381742e-01 -5.87982571 -5.41906808 -4.31539361 -3.44683087 -3.06483354 
1.51991108e-01 -5.87982571 -5.41906808 -4.31539361 -3.44683087 -3.06483354 
1.23284674e-01 -5.87982571 -5.41906808 -4.31539361 -3.44683087 -3.06483354 
1.00000000e-01 -5.87982571 -5.41906808 -4.31539361 -3.44683087 -3.06483354 
8.11130831e-02 -5.87982571 -5.41906808 -4.31539361 -3.44683087 -3.06483354 
6.57933225e-02 -5.87982571 -5.41906808 -4.31539361 -3.44683087 -3.06483354 
5.33669923e-02 -5.87982571 -5.41906808 -4.31539361 -3.44683087 -3.06483354 
4.32876128e-02 -5.87982571 -5.41906808 -4.31539361 -3.44683087 -3.06483354 
3.51119173e-02 -5.87982571 -5.41906808 -4.31539361 -3.44683087 -3.06483354 
2.84803587e-02 -5.87982571 -5.41906808 -4.31539361 -3.44683087 -3.06483354 
2.31012970e-02 -5.87982571 -5.41906808 -4.31539361 -3.44683087 -3.06483354 
1.87381742e-02 -5.87982571 -5.41906808 -4.31539361 -3.44683087 -3.06483354 
1.51991108e-02 -5.87982571 -5.41906808 -4.31539361 -3.44683087 -3.06483354 
1.23284674e-02 -5.87982571 -5.41906808 -4.31539361 -3.44683087 -3.06483354 
1.00000000e-02 -5.87982571 -5.41906808 -4.31539361 -3.44683087 -3.06483354 
8.11130831e-03 -5.87982571 -5.41906808 -4.31539361 -3.44683087 -3.06483354 
6.57933225e-03 -5.87982571 -5.41906808 -4.31539361 -3.44683087 -3.06483354 
5.33669923e-03 -5.87982571 -5.41906808 -4.31539361 -3.44683087 -3.06483354 
4.32876128e-03 -5.87982571 -5.41906808 -4.31539361 -3.44683087 -3.06483354 
3.51119173e-03 -5.87982571 -5.41906808 -4.31539361 -3.44683087 -3.06483354 
2.84803587e-03 -5.87982571 -5.41906808 -4.31539361 -3.44683087 -3.06483354 
2.31012970e-03 -5.87982571 -5.41906808 -4.31539361 -3.44683087 -3.06483354 
1.87381742e-03 -5.87982571 -5.41906808 -4.31539361 -3.44683087 -3.06483354 
1.51991108e-03 -5.87982571 -5.41906808 -4.31539361 -3.44683087 -3.06483354 
1.23284674e-03 -5.87982571 -5.41906808 -4.31539361 -3.44683087 -3.06483354 
1.00000000e-03 -5.87982571 -5.41906808 -4.31539361 -3.44683087 -3.06483354 
8.11130831e-04 -5.87982571 -5.41906808 -4.31539361 -3.44683087 -3.06483354 
6.57933225e-04 -5.87982571 -5.41906808 -4.31539361 -3.44683087 -3.06483354 
5.33669923e-04 -5.87982571 -5.41906808 -4.31539361 -3.44683087 -3.06483354 
4.32876128e-04 -5.87982571 -5.41906808 -4.31539361 -3.44683087 -3.06483354 
3.51119173e-04 -5.87982571 -5.41906808 -4.31539361 -3.44683087 -3.06483354 
2.84803587e-04 -5.87982571 -5.41906808 -4.31539361 -3.44683087 -3.06483354 
2.31012970e-04 -5.87982571 -5.41906808 -4.31539361 -3.44683087 -3.06483354 
1.87381742e-04 -5.87982571 -5.41906808 -4.31539361 -3.44683087 -3.06483354 
1.51991108e-04 -5.87982571 -5.41906808 -4.31539361 -3.44683087 -3.06483354 
1.23284674e-04 -5.87982571 -5.41906808 -4.31539361 -3.44683087 -3.06483354 
1.00000000e-04 -5.87982571 -5.41906808 -4.31539361 -3.44683087 -3.06483354 
8.11130831e-05 -5.87982571 -5.41906808 -4.31539361 -3.44683087 -3.06483354 
6.57933225e-05 -5.87982571 -5.41906808 -4.31539361 -3.44683087 -3.06483354 
5.33669923e-05 -5.87982571 -5.41906808 -4.31539361 -3.44683087 -3.06483354 
4.32876128e-05 -5.87982571 -5.41906808 -4.31539361 -3.44683087 -3.06483354 
3.51119173e-05 -5.87982571 -5.41906808 -4.31539361 -3.44683087 -3.06483354 
2.84803587e-05 -5.87982571 -5.41906808 -4.31539361 -3.44683087 -3.06483354 
2.31012970e-05 -5.87982571 -5.41906808 -4.31539361 -3.44683087 -3.06483354 
1.87381742e-05 -5.87982571 -5.41906808 -4.31539361 -3.44683087 -3.06483354 
1.51991108e-05 -5.87982571 -5.41906808 -4.31539361 -3.44683087 -3.06483354 
1.23284674e-05 -5.87982571 -5.41906808 -4.31539361 -3.44683087 -3.06483354 
1.00000000e-05 -5.87982571 -5.41906808 -4.31539361 -3.44683087 -3.06483354 
8.11130831e-06 -5.87982571 -5.41906808 -4.31539361 -3.44683087 -3.06483354 
6.57933225e-06 -5.87982571 -5.41906808 -4.31539361 -3.44683087 -3.06483354 
5.33669923e-06 -5.87982571 -5.41906808 -4.31539361 -3.44683087 -3.06483354 
4.32876128e-06 -5.87982571 -5.41906808 -4.31539361 -3.44683087 -3.06483354 
3.51119173e-06 -5.87982571 -5.41906808 -4.31539361 -3.44683087 -3.06483354 
2.84803587e-06 -5.87982571 -5.41906808 -4.31539361 -3.44683087 -3.06483354 
2.31012970e-06 -5.87982571 -5.41906808 -4.31539361 -3.44683087 -3.06483354 
1.87381742e-06 -5.87982571 -5.41906808 -4.31539361 -3.44683087 -3.06483354 
1.51991108e-06 -5.87982571 -5.41906808 -4.31539361 -3.44683087 -3.06483354 
1.23284674e-06 -5.87982571 -5.41906808 -4.31539361 -3.44683087 -3.06483354 
1.00000000e-06 -5.87982571 -5.41906808 -4.31539361 -3.44683087 -3.06483354 
8.11130831e-07 -5.87982571 -5.41906808 -4.31539361 -3.44683087 -3.06483354 
6.57933225e-07 -5.87982571 -5.41906808 -4.31539361 -3.44683087 -3.06483354 
5.33669923e-07 -5.87982571 -5.41906808 -4.31539361 -3.44683087 -3.06483354 
4.32876128e-07 -5.87982571 -5.41906808 -4.31539361 -3.44683087 -3.06483354 
3.51119173e-07 -5.87982571 -5.41906808 -4.31539361 -3.44683087 -3.06483354 
2.84803587e-07 -5.87982571 -5.41906808 -4.31539361 -3.44683087 -3.06483354 
2.31012970e-07 -5.87982571 -5.41906808 -4.31539361 -3.44683087 -3.06483354 
1.87381742e-07 -5.87982571 -5.41906808 -4.31539361 -3.44683087 -3.06483354 
1.51991108e-07 -5.87982571 -5.41906808 -4.31539361 -3.44683087 -3.06483354 
1.23284674e-07 -5.87982571 -5.41906808 -4.31539361 -3.44683087 -3.06483354 
1.00000000e-07 -5.87982571 -5.41906808 -4.31539361 -3.44683087 -3.06483354 
P (bar) | log_H2S: -2σ | log_H2S: -1σ | log_H2S: median | log_H2S: +1σ | log_H2S: +2σ 
1.00000000e+02 -6.45206187 -6.01432424 -4.88515086 -3.89521382 -3.21020327 
8.11130831e+01 -6.45206187 -6.01432424 -4.88515086 -3.89521382 -3.21020327 
6.57933225e+01 -6.45206187 -6.01432424 -4.88515086 -3.89521382 -3.21020327 
5.33669923e+01 -6.45206187 -6.01432424 -4.88515086 -3.89521382 -3.21020327 
4.32876128e+01 -6.45206187 -6.01432424 -4.88515086 -3.89521382 -3.21020327 
3.51119173e+01 -6.45206187 -6.01432424 -4.88515086 -3.89521382 -3.21020327 
2.84803587e+01 -6.45206187 -6.01432424 -4.88515086 -3.89521382 -3.21020327 
2.31012970e+01 -6.45206187 -6.01432424 -4.88515086 -3.89521382 -3.21020327 
1.87381742e+01 -6.45206187 -6.01432424 -4.88515086 -3.89521382 -3.21020327 
1.51991108e+01 -6.45206187 -6.01432424 -4.88515086 -3.89521382 -3.21020327 
1.23284674e+01 -6.45206187 -6.01432424 -4.88515086 -3.89521382 -3.21020327 
1.00000000e+01 -6.45206187 -6.01432424 -4.88515086 -3.89521382 -3.21020327 
8.11130831e+00 -6.45206187 -6.01432424 -4.88515086 -3.89521382 -3.21020327 
6.57933225e+00 -6.45206187 -6.01432424 -4.88515086 -3.89521382 -3.21020327 
5.33669923e+00 -6.45206187 -6.01432424 -4.88515086 -3.89521382 -3.21020327 
4.32876128e+00 -6.45206187 -6.01432424 -4.88515086 -3.89521382 -3.21020327 
3.51119173e+00 -6.45206187 -6.01432424 -4.88515086 -3.89521382 -3.21020327 
2.84803587e+00 -6.45206187 -6.01432424 -4.88515086 -3.89521382 -3.21020327 
2.31012970e+00 -6.45206187 -6.01432424 -4.88515086 -3.89521382 -3.21020327 
1.87381742e+00 -6.45206187 -6.01432424 -4.88515086 -3.89521382 -3.21020327 
1.51991108e+00 -6.45206187 -6.01432424 -4.88515086 -3.89521382 -3.21020327 
1.23284674e+00 -6.45206187 -6.01432424 -4.88515086 -3.89521382 -3.21020327 
1.00000000e+00 -6.45206187 -6.01432424 -4.88515086 -3.89521382 -3.21020327 
8.11130831e-01 -6.45206187 -6.01432424 -4.88515086 -3.89521382 -3.21020327 
6.57933225e-01 -6.45206187 -6.01432424 -4.88515086 -3.89521382 -3.21020327 
5.33669923e-01 -6.45206187 -6.01432424 -4.88515086 -3.89521382 -3.21020327 
4.32876128e-01 -6.45206187 -6.01432424 -4.88515086 -3.89521382 -3.21020327 
3.51119173e-01 -6.45206187 -6.01432424 -4.88515086 -3.89521382 -3.21020327 
2.84803587e-01 -6.45206187 -6.01432424 -4.88515086 -3.89521382 -3.21020327 
2.31012970e-01 -6.45206187 -6.01432424 -4.88515086 -3.89521382 -3.21020327 
1.87381742e-01 -6.45206187 -6.01432424 -4.88515086 -3.89521382 -3.21020327 
1.51991108e-01 -6.45206187 -6.01432424 -4.88515086 -3.89521382 -3.21020327 
1.23284674e-01 -6.45206187 -6.01432424 -4.88515086 -3.89521382 -3.21020327 
1.00000000e-01 -6.45206187 -6.01432424 -4.88515086 -3.89521382 -3.21020327 
8.11130831e-02 -6.45206187 -6.01432424 -4.88515086 -3.89521382 -3.21020327 
6.57933225e-02 -6.45206187 -6.01432424 -4.88515086 -3.89521382 -3.21020327 
5.33669923e-02 -6.45206187 -6.01432424 -4.88515086 -3.89521382 -3.21020327 
4.32876128e-02 -6.45206187 -6.01432424 -4.88515086 -3.89521382 -3.21020327 
3.51119173e-02 -6.45206187 -6.01432424 -4.88515086 -3.89521382 -3.21020327 
2.84803587e-02 -6.45206187 -6.01432424 -4.88515086 -3.89521382 -3.21020327 
2.31012970e-02 -6.45206187 -6.01432424 -4.88515086 -3.89521382 -3.21020327 
1.87381742e-02 -6.45206187 -6.01432424 -4.88515086 -3.89521382 -3.21020327 
1.51991108e-02 -6.45206187 -6.01432424 -4.88515086 -3.89521382 -3.21020327 
1.23284674e-02 -6.45206187 -6.01432424 -4.88515086 -3.89521382 -3.21020327 
1.00000000e-02 -6.45206187 -6.01432424 -4.88515086 -3.89521382 -3.21020327 
8.11130831e-03 -6.45206187 -6.01432424 -4.88515086 -3.89521382 -3.21020327 
6.57933225e-03 -6.45206187 -6.01432424 -4.88515086 -3.89521382 -3.21020327 
5.33669923e-03 -6.45206187 -6.01432424 -4.88515086 -3.89521382 -3.21020327 
4.32876128e-03 -6.45206187 -6.01432424 -4.88515086 -3.89521382 -3.21020327 
3.51119173e-03 -6.45206187 -6.01432424 -4.88515086 -3.89521382 -3.21020327 
2.84803587e-03 -6.45206187 -6.01432424 -4.88515086 -3.89521382 -3.21020327 
2.31012970e-03 -6.45206187 -6.01432424 -4.88515086 -3.89521382 -3.21020327 
1.87381742e-03 -6.45206187 -6.01432424 -4.88515086 -3.89521382 -3.21020327 
1.51991108e-03 -6.45206187 -6.01432424 -4.88515086 -3.89521382 -3.21020327 
1.23284674e-03 -6.45206187 -6.01432424 -4.88515086 -3.89521382 -3.21020327 
1.00000000e-03 -6.45206187 -6.01432424 -4.88515086 -3.89521382 -3.21020327 
8.11130831e-04 -6.45206187 -6.01432424 -4.88515086 -3.89521382 -3.21020327 
6.57933225e-04 -6.45206187 -6.01432424 -4.88515086 -3.89521382 -3.21020327 
5.33669923e-04 -6.45206187 -6.01432424 -4.88515086 -3.89521382 -3.21020327 
4.32876128e-04 -6.45206187 -6.01432424 -4.88515086 -3.89521382 -3.21020327 
3.51119173e-04 -6.45206187 -6.01432424 -4.88515086 -3.89521382 -3.21020327 
2.84803587e-04 -6.45206187 -6.01432424 -4.88515086 -3.89521382 -3.21020327 
2.31012970e-04 -6.45206187 -6.01432424 -4.88515086 -3.89521382 -3.21020327 
1.87381742e-04 -6.45206187 -6.01432424 -4.88515086 -3.89521382 -3.21020327 
1.51991108e-04 -6.45206187 -6.01432424 -4.88515086 -3.89521382 -3.21020327 
1.23284674e-04 -6.45206187 -6.01432424 -4.88515086 -3.89521382 -3.21020327 
1.00000000e-04 -6.45206187 -6.01432424 -4.88515086 -3.89521382 -3.21020327 
8.11130831e-05 -6.45206187 -6.01432424 -4.88515086 -3.89521382 -3.21020327 
6.57933225e-05 -6.45206187 -6.01432424 -4.88515086 -3.89521382 -3.21020327 
5.33669923e-05 -6.45206187 -6.01432424 -4.88515086 -3.89521382 -3.21020327 
4.32876128e-05 -6.45206187 -6.01432424 -4.88515086 -3.89521382 -3.21020327 
3.51119173e-05 -6.45206187 -6.01432424 -4.88515086 -3.89521382 -3.21020327 
2.84803587e-05 -6.45206187 -6.01432424 -4.88515086 -3.89521382 -3.21020327 
2.31012970e-05 -6.45206187 -6.01432424 -4.88515086 -3.89521382 -3.21020327 
1.87381742e-05 -6.45206187 -6.01432424 -4.88515086 -3.89521382 -3.21020327 
1.51991108e-05 -6.45206187 -6.01432424 -4.88515086 -3.89521382 -3.21020327 
1.23284674e-05 -6.45206187 -6.01432424 -4.88515086 -3.89521382 -3.21020327 
1.00000000e-05 -6.45206187 -6.01432424 -4.88515086 -3.89521382 -3.21020327 
8.11130831e-06 -6.45206187 -6.01432424 -4.88515086 -3.89521382 -3.21020327 
6.57933225e-06 -6.45206187 -6.01432424 -4.88515086 -3.89521382 -3.21020327 
5.33669923e-06 -6.45206187 -6.01432424 -4.88515086 -3.89521382 -3.21020327 
4.32876128e-06 -6.45206187 -6.01432424 -4.88515086 -3.89521382 -3.21020327 
3.51119173e-06 -6.45206187 -6.01432424 -4.88515086 -3.89521382 -3.21020327 
2.84803587e-06 -6.45206187 -6.01432424 -4.88515086 -3.89521382 -3.21020327 
2.31012970e-06 -6.45206187 -6.01432424 -4.88515086 -3.89521382 -3.21020327 
1.87381742e-06 -6.45206187 -6.01432424 -4.88515086 -3.89521382 -3.21020327 
1.51991108e-06 -6.45206187 -6.01432424 -4.88515086 -3.89521382 -3.21020327 
1.23284674e-06 -6.45206187 -6.01432424 -4.88515086 -3.89521382 -3.21020327 
1.00000000e-06 -6.45206187 -6.01432424 -4.88515086 -3.89521382 -3.21020327 
8.11130831e-07 -6.45206187 -6.01432424 -4.88515086 -3.89521382 -3.21020327 
6.57933225e-07 -6.45206187 -6.01432424 -4.88515086 -3.89521382 -3.21020327 
5.33669923e-07 -6.45206187 -6.01432424 -4.88515086 -3.89521382 -3.21020327 
4.32876128e-07 -6.45206187 -6.01432424 -4.88515086 -3.89521382 -3.21020327 
3.51119173e-07 -6.45206187 -6.01432424 -4.88515086 -3.89521382 -3.21020327 
2.84803587e-07 -6.45206187 -6.01432424 -4.88515086 -3.89521382 -3.21020327 
2.31012970e-07 -6.45206187 -6.01432424 -4.88515086 -3.89521382 -3.21020327 
1.87381742e-07 -6.45206187 -6.01432424 -4.88515086 -3.89521382 -3.21020327 
1.51991108e-07 -6.45206187 -6.01432424 -4.88515086 -3.89521382 -3.21020327 
1.23284674e-07 -6.45206187 -6.01432424 -4.88515086 -3.89521382 -3.21020327 
1.00000000e-07 -6.45206187 -6.01432424 -4.88515086 -3.89521382 -3.21020327 
P (bar) | log_NH3: -2σ | log_NH3: -1σ | log_NH3: median | log_NH3: +1σ | log_NH3: +2σ 
1.00000000e+02 -4.51158285 -4.21713603 -3.96784556 -3.76935613 -3.58703893 
8.11130831e+01 -4.51158285 -4.21713603 -3.96784556 -3.76935613 -3.58703893 
6.57933225e+01 -4.51158285 -4.21713603 -3.96784556 -3.76935613 -3.58703893 
5.33669923e+01 -4.51158285 -4.21713603 -3.96784556 -3.76935613 -3.58703893 
4.32876128e+01 -4.51158285 -4.21713603 -3.96784556 -3.76935613 -3.58703893 
3.51119173e+01 -4.51158285 -4.21713603 -3.96784556 -3.76935613 -3.58703893 
2.84803587e+01 -4.51158285 -4.21713603 -3.96784556 -3.76935613 -3.58703893 
2.31012970e+01 -4.51158285 -4.21713603 -3.96784556 -3.76935613 -3.58703893 
1.87381742e+01 -4.51158285 -4.21713603 -3.96784556 -3.76935613 -3.58703893 
1.51991108e+01 -4.51158285 -4.21713603 -3.96784556 -3.76935613 -3.58703893 
1.23284674e+01 -4.51158285 -4.21713603 -3.96784556 -3.76935613 -3.58703893 
1.00000000e+01 -4.51158285 -4.21713603 -3.96784556 -3.76935613 -3.58703893 
8.11130831e+00 -4.51158285 -4.21713603 -3.96784556 -3.76935613 -3.58703893 
6.57933225e+00 -4.51158285 -4.21713603 -3.96784556 -3.76935613 -3.58703893 
5.33669923e+00 -4.51158285 -4.21713603 -3.96784556 -3.76935613 -3.58703893 
4.32876128e+00 -4.51158285 -4.21713603 -3.96784556 -3.76935613 -3.58703893 
3.51119173e+00 -4.51158285 -4.21713603 -3.96784556 -3.76935613 -3.58703893 
2.84803587e+00 -4.51158285 -4.21713603 -3.96784556 -3.76935613 -3.58703893 
2.31012970e+00 -4.51158285 -4.21713603 -3.96784556 -3.76935613 -3.58703893 
1.87381742e+00 -4.51158285 -4.21713603 -3.96784556 -3.76935613 -3.58703893 
1.51991108e+00 -4.51158285 -4.21713603 -3.96784556 -3.76935613 -3.58703893 
1.23284674e+00 -4.51158285 -4.21713603 -3.96784556 -3.76935613 -3.58703893 
1.00000000e+00 -4.51158285 -4.21713603 -3.96784556 -3.76935613 -3.58703893 
8.11130831e-01 -4.51158285 -4.21713603 -3.96784556 -3.76935613 -3.58703893 
6.57933225e-01 -4.51158285 -4.21713603 -3.96784556 -3.76935613 -3.58703893 
5.33669923e-01 -4.51158285 -4.21713603 -3.96784556 -3.76935613 -3.58703893 
4.32876128e-01 -4.51158285 -4.21713603 -3.96784556 -3.76935613 -3.58703893 
3.51119173e-01 -4.51158285 -4.21713603 -3.96784556 -3.76935613 -3.58703893 
2.84803587e-01 -4.51158285 -4.21713603 -3.96784556 -3.76935613 -3.58703893 
2.31012970e-01 -4.51158285 -4.21713603 -3.96784556 -3.76935613 -3.58703893 
1.87381742e-01 -4.51158285 -4.21713603 -3.96784556 -3.76935613 -3.58703893 
1.51991108e-01 -4.51158285 -4.21713603 -3.96784556 -3.76935613 -3.58703893 
1.23284674e-01 -4.51158285 -4.21713603 -3.96784556 -3.76935613 -3.58703893 
1.00000000e-01 -4.51158285 -4.21713603 -3.96784556 -3.76935613 -3.58703893 
8.11130831e-02 -4.51158285 -4.21713603 -3.96784556 -3.76935613 -3.58703893 
6.57933225e-02 -4.51158285 -4.21713603 -3.96784556 -3.76935613 -3.58703893 
5.33669923e-02 -4.51158285 -4.21713603 -3.96784556 -3.76935613 -3.58703893 
4.32876128e-02 -4.51158285 -4.21713603 -3.96784556 -3.76935613 -3.58703893 
3.51119173e-02 -4.51158285 -4.21713603 -3.96784556 -3.76935613 -3.58703893 
2.84803587e-02 -4.51158285 -4.21713603 -3.96784556 -3.76935613 -3.58703893 
2.31012970e-02 -4.51158285 -4.21713603 -3.96784556 -3.76935613 -3.58703893 
1.87381742e-02 -4.51158285 -4.21713603 -3.96784556 -3.76935613 -3.58703893 
1.51991108e-02 -4.51158285 -4.21713603 -3.96784556 -3.76935613 -3.58703893 
1.23284674e-02 -4.51158285 -4.21713603 -3.96784556 -3.76935613 -3.58703893 
1.00000000e-02 -4.51158285 -4.21713603 -3.96784556 -3.76935613 -3.58703893 
8.11130831e-03 -4.51158285 -4.21713603 -3.96784556 -3.76935613 -3.58703893 
6.57933225e-03 -4.51158285 -4.21713603 -3.96784556 -3.76935613 -3.58703893 
5.33669923e-03 -4.51158285 -4.21713603 -3.96784556 -3.76935613 -3.58703893 
4.32876128e-03 -4.51158285 -4.21713603 -3.96784556 -3.76935613 -3.58703893 
3.51119173e-03 -4.51158285 -4.21713603 -3.96784556 -3.76935613 -3.58703893 
2.84803587e-03 -4.51158285 -4.21713603 -3.96784556 -3.76935613 -3.58703893 
2.31012970e-03 -4.51158285 -4.21713603 -3.96784556 -3.76935613 -3.58703893 
1.87381742e-03 -4.51158285 -4.21713603 -3.96784556 -3.76935613 -3.58703893 
1.51991108e-03 -4.51158285 -4.21713603 -3.96784556 -3.76935613 -3.58703893 
1.23284674e-03 -4.51158285 -4.21713603 -3.96784556 -3.76935613 -3.58703893 
1.00000000e-03 -4.51158285 -4.21713603 -3.96784556 -3.76935613 -3.58703893 
8.11130831e-04 -4.51158285 -4.21713603 -3.96784556 -3.76935613 -3.58703893 
6.57933225e-04 -4.51158285 -4.21713603 -3.96784556 -3.76935613 -3.58703893 
5.33669923e-04 -4.51158285 -4.21713603 -3.96784556 -3.76935613 -3.58703893 
4.32876128e-04 -4.51158285 -4.21713603 -3.96784556 -3.76935613 -3.58703893 
3.51119173e-04 -4.51158285 -4.21713603 -3.96784556 -3.76935613 -3.58703893 
2.84803587e-04 -4.51158285 -4.21713603 -3.96784556 -3.76935613 -3.58703893 
2.31012970e-04 -4.51158285 -4.21713603 -3.96784556 -3.76935613 -3.58703893 
1.87381742e-04 -4.51158285 -4.21713603 -3.96784556 -3.76935613 -3.58703893 
1.51991108e-04 -4.51158285 -4.21713603 -3.96784556 -3.76935613 -3.58703893 
1.23284674e-04 -4.51158285 -4.21713603 -3.96784556 -3.76935613 -3.58703893 
1.00000000e-04 -4.51158285 -4.21713603 -3.96784556 -3.76935613 -3.58703893 
8.11130831e-05 -4.51158285 -4.21713603 -3.96784556 -3.76935613 -3.58703893 
6.57933225e-05 -4.51158285 -4.21713603 -3.96784556 -3.76935613 -3.58703893 
5.33669923e-05 -4.51158285 -4.21713603 -3.96784556 -3.76935613 -3.58703893 
4.32876128e-05 -4.51158285 -4.21713603 -3.96784556 -3.76935613 -3.58703893 
3.51119173e-05 -4.51158285 -4.21713603 -3.96784556 -3.76935613 -3.58703893 
2.84803587e-05 -4.51158285 -4.21713603 -3.96784556 -3.76935613 -3.58703893 
2.31012970e-05 -4.51158285 -4.21713603 -3.96784556 -3.76935613 -3.58703893 
1.87381742e-05 -4.51158285 -4.21713603 -3.96784556 -3.76935613 -3.58703893 
1.51991108e-05 -4.51158285 -4.21713603 -3.96784556 -3.76935613 -3.58703893 
1.23284674e-05 -4.51158285 -4.21713603 -3.96784556 -3.76935613 -3.58703893 
1.00000000e-05 -4.51158285 -4.21713603 -3.96784556 -3.76935613 -3.58703893 
8.11130831e-06 -4.51158285 -4.21713603 -3.96784556 -3.76935613 -3.58703893 
6.57933225e-06 -4.51158285 -4.21713603 -3.96784556 -3.76935613 -3.58703893 
5.33669923e-06 -4.51158285 -4.21713603 -3.96784556 -3.76935613 -3.58703893 
4.32876128e-06 -4.51158285 -4.21713603 -3.96784556 -3.76935613 -3.58703893 
3.51119173e-06 -4.51158285 -4.21713603 -3.96784556 -3.76935613 -3.58703893 
2.84803587e-06 -4.51158285 -4.21713603 -3.96784556 -3.76935613 -3.58703893 
2.31012970e-06 -4.51158285 -4.21713603 -3.96784556 -3.76935613 -3.58703893 
1.87381742e-06 -4.51158285 -4.21713603 -3.96784556 -3.76935613 -3.58703893 
1.51991108e-06 -4.51158285 -4.21713603 -3.96784556 -3.76935613 -3.58703893 
1.23284674e-06 -4.51158285 -4.21713603 -3.96784556 -3.76935613 -3.58703893 
1.00000000e-06 -4.51158285 -4.21713603 -3.96784556 -3.76935613 -3.58703893 
8.11130831e-07 -4.51158285 -4.21713603 -3.96784556 -3.76935613 -3.58703893 
6.57933225e-07 -4.51158285 -4.21713603 -3.96784556 -3.76935613 -3.58703893 
5.33669923e-07 -4.51158285 -4.21713603 -3.96784556 -3.76935613 -3.58703893 
4.32876128e-07 -4.51158285 -4.21713603 -3.96784556 -3.76935613 -3.58703893 
3.51119173e-07 -4.51158285 -4.21713603 -3.96784556 -3.76935613 -3.58703893 
2.84803587e-07 -4.51158285 -4.21713603 -3.96784556 -3.76935613 -3.58703893 
2.31012970e-07 -4.51158285 -4.21713603 -3.96784556 -3.76935613 -3.58703893 
1.87381742e-07 -4.51158285 -4.21713603 -3.96784556 -3.76935613 -3.58703893 
1.51991108e-07 -4.51158285 -4.21713603 -3.96784556 -3.76935613 -3.58703893 
1.23284674e-07 -4.51158285 -4.21713603 -3.96784556 -3.76935613 -3.58703893 
1.00000000e-07 -4.51158285 -4.21713603 -3.96784556 -3.76935613 -3.58703893 
P (bar) | log_CH4: -2σ | log_CH4: -1σ | log_CH4: median | log_CH4: +1σ | log_CH4: +2σ 
1.00000000e+02 -5.56411048 -5.31728496 -5.12170808 -4.95760071 -4.79434030 
8.11130831e+01 -5.56411048 -5.31728496 -5.12170808 -4.95760071 -4.79434030 
6.57933225e+01 -5.56411048 -5.31728496 -5.12170808 -4.95760071 -4.79434030 
5.33669923e+01 -5.56411048 -5.31728496 -5.12170808 -4.95760071 -4.79434030 
4.32876128e+01 -5.56411048 -5.31728496 -5.12170808 -4.95760071 -4.79434030 
3.51119173e+01 -5.56411048 -5.31728496 -5.12170808 -4.95760071 -4.79434030 
2.84803587e+01 -5.56411048 -5.31728496 -5.12170808 -4.95760071 -4.79434030 
2.31012970e+01 -5.56411048 -5.31728496 -5.12170808 -4.95760071 -4.79434030 
1.87381742e+01 -5.56411048 -5.31728496 -5.12170808 -4.95760071 -4.79434030 
1.51991108e+01 -5.56411048 -5.31728496 -5.12170808 -4.95760071 -4.79434030 
1.23284674e+01 -5.56411048 -5.31728496 -5.12170808 -4.95760071 -4.79434030 
1.00000000e+01 -5.56411048 -5.31728496 -5.12170808 -4.95760071 -4.79434030 
8.11130831e+00 -5.56411048 -5.31728496 -5.12170808 -4.95760071 -4.79434030 
6.57933225e+00 -5.56411048 -5.31728496 -5.12170808 -4.95760071 -4.79434030 
5.33669923e+00 -5.56411048 -5.31728496 -5.12170808 -4.95760071 -4.79434030 
4.32876128e+00 -5.56411048 -5.31728496 -5.12170808 -4.95760071 -4.79434030 
3.51119173e+00 -5.56411048 -5.31728496 -5.12170808 -4.95760071 -4.79434030 
2.84803587e+00 -5.56411048 -5.31728496 -5.12170808 -4.95760071 -4.79434030 
2.31012970e+00 -5.56411048 -5.31728496 -5.12170808 -4.95760071 -4.79434030 
1.87381742e+00 -5.56411048 -5.31728496 -5.12170808 -4.95760071 -4.79434030 
1.51991108e+00 -5.56411048 -5.31728496 -5.12170808 -4.95760071 -4.79434030 
1.23284674e+00 -5.56411048 -5.31728496 -5.12170808 -4.95760071 -4.79434030 
1.00000000e+00 -5.56411048 -5.31728496 -5.12170808 -4.95760071 -4.79434030 
8.11130831e-01 -5.56411048 -5.31728496 -5.12170808 -4.95760071 -4.79434030 
6.57933225e-01 -5.56411048 -5.31728496 -5.12170808 -4.95760071 -4.79434030 
5.33669923e-01 -5.56411048 -5.31728496 -5.12170808 -4.95760071 -4.79434030 
4.32876128e-01 -5.56411048 -5.31728496 -5.12170808 -4.95760071 -4.79434030 
3.51119173e-01 -5.56411048 -5.31728496 -5.12170808 -4.95760071 -4.79434030 
2.84803587e-01 -5.56411048 -5.31728496 -5.12170808 -4.95760071 -4.79434030 
2.31012970e-01 -5.56411048 -5.31728496 -5.12170808 -4.95760071 -4.79434030 
1.87381742e-01 -5.56411048 -5.31728496 -5.12170808 -4.95760071 -4.79434030 
1.51991108e-01 -5.56411048 -5.31728496 -5.12170808 -4.95760071 -4.79434030 
1.23284674e-01 -5.56411048 -5.31728496 -5.12170808 -4.95760071 -4.79434030 
1.00000000e-01 -5.56411048 -5.31728496 -5.12170808 -4.95760071 -4.79434030 
8.11130831e-02 -5.56411048 -5.31728496 -5.12170808 -4.95760071 -4.79434030 
6.57933225e-02 -5.56411048 -5.31728496 -5.12170808 -4.95760071 -4.79434030 
5.33669923e-02 -5.56411048 -5.31728496 -5.12170808 -4.95760071 -4.79434030 
4.32876128e-02 -5.56411048 -5.31728496 -5.12170808 -4.95760071 -4.79434030 
3.51119173e-02 -5.56411048 -5.31728496 -5.12170808 -4.95760071 -4.79434030 
2.84803587e-02 -5.56411048 -5.31728496 -5.12170808 -4.95760071 -4.79434030 
2.31012970e-02 -5.56411048 -5.31728496 -5.12170808 -4.95760071 -4.79434030 
1.87381742e-02 -5.56411048 -5.31728496 -5.12170808 -4.95760071 -4.79434030 
1.51991108e-02 -5.56411048 -5.31728496 -5.12170808 -4.95760071 -4.79434030 
1.23284674e-02 -5.56411048 -5.31728496 -5.12170808 -4.95760071 -4.79434030 
1.00000000e-02 -5.56411048 -5.31728496 -5.12170808 -4.95760071 -4.79434030 
8.11130831e-03 -5.56411048 -5.31728496 -5.12170808 -4.95760071 -4.79434030 
6.57933225e-03 -5.56411048 -5.31728496 -5.12170808 -4.95760071 -4.79434030 
5.33669923e-03 -5.56411048 -5.31728496 -5.12170808 -4.95760071 -4.79434030 
4.32876128e-03 -5.56411048 -5.31728496 -5.12170808 -4.95760071 -4.79434030 
3.51119173e-03 -5.56411048 -5.31728496 -5.12170808 -4.95760071 -4.79434030 
2.84803587e-03 -5.56411048 -5.31728496 -5.12170808 -4.95760071 -4.79434030 
2.31012970e-03 -5.56411048 -5.31728496 -5.12170808 -4.95760071 -4.79434030 
1.87381742e-03 -5.56411048 -5.31728496 -5.12170808 -4.95760071 -4.79434030 
1.51991108e-03 -5.56411048 -5.31728496 -5.12170808 -4.95760071 -4.79434030 
1.23284674e-03 -5.56411048 -5.31728496 -5.12170808 -4.95760071 -4.79434030 
1.00000000e-03 -5.56411048 -5.31728496 -5.12170808 -4.95760071 -4.79434030 
8.11130831e-04 -5.56411048 -5.31728496 -5.12170808 -4.95760071 -4.79434030 
6.57933225e-04 -5.56411048 -5.31728496 -5.12170808 -4.95760071 -4.79434030 
5.33669923e-04 -5.56411048 -5.31728496 -5.12170808 -4.95760071 -4.79434030 
4.32876128e-04 -5.56411048 -5.31728496 -5.12170808 -4.95760071 -4.79434030 
3.51119173e-04 -5.56411048 -5.31728496 -5.12170808 -4.95760071 -4.79434030 
2.84803587e-04 -5.56411048 -5.31728496 -5.12170808 -4.95760071 -4.79434030 
2.31012970e-04 -5.56411048 -5.31728496 -5.12170808 -4.95760071 -4.79434030 
1.87381742e-04 -5.56411048 -5.31728496 -5.12170808 -4.95760071 -4.79434030 
1.51991108e-04 -5.56411048 -5.31728496 -5.12170808 -4.95760071 -4.79434030 
1.23284674e-04 -5.56411048 -5.31728496 -5.12170808 -4.95760071 -4.79434030 
1.00000000e-04 -5.56411048 -5.31728496 -5.12170808 -4.95760071 -4.79434030 
8.11130831e-05 -5.56411048 -5.31728496 -5.12170808 -4.95760071 -4.79434030 
6.57933225e-05 -5.56411048 -5.31728496 -5.12170808 -4.95760071 -4.79434030 
5.33669923e-05 -5.56411048 -5.31728496 -5.12170808 -4.95760071 -4.79434030 
4.32876128e-05 -5.56411048 -5.31728496 -5.12170808 -4.95760071 -4.79434030 
3.51119173e-05 -5.56411048 -5.31728496 -5.12170808 -4.95760071 -4.79434030 
2.84803587e-05 -5.56411048 -5.31728496 -5.12170808 -4.95760071 -4.79434030 
2.31012970e-05 -5.56411048 -5.31728496 -5.12170808 -4.95760071 -4.79434030 
1.87381742e-05 -5.56411048 -5.31728496 -5.12170808 -4.95760071 -4.79434030 
1.51991108e-05 -5.56411048 -5.31728496 -5.12170808 -4.95760071 -4.79434030 
1.23284674e-05 -5.56411048 -5.31728496 -5.12170808 -4.95760071 -4.79434030 
1.00000000e-05 -5.56411048 -5.31728496 -5.12170808 -4.95760071 -4.79434030 
8.11130831e-06 -5.56411048 -5.31728496 -5.12170808 -4.95760071 -4.79434030 
6.57933225e-06 -5.56411048 -5.31728496 -5.12170808 -4.95760071 -4.79434030 
5.33669923e-06 -5.56411048 -5.31728496 -5.12170808 -4.95760071 -4.79434030 
4.32876128e-06 -5.56411048 -5.31728496 -5.12170808 -4.95760071 -4.79434030 
3.51119173e-06 -5.56411048 -5.31728496 -5.12170808 -4.95760071 -4.79434030 
2.84803587e-06 -5.56411048 -5.31728496 -5.12170808 -4.95760071 -4.79434030 
2.31012970e-06 -5.56411048 -5.31728496 -5.12170808 -4.95760071 -4.79434030 
1.87381742e-06 -5.56411048 -5.31728496 -5.12170808 -4.95760071 -4.79434030 
1.51991108e-06 -5.56411048 -5.31728496 -5.12170808 -4.95760071 -4.79434030 
1.23284674e-06 -5.56411048 -5.31728496 -5.12170808 -4.95760071 -4.79434030 
1.00000000e-06 -5.56411048 -5.31728496 -5.12170808 -4.95760071 -4.79434030 
8.11130831e-07 -5.56411048 -5.31728496 -5.12170808 -4.95760071 -4.79434030 
6.57933225e-07 -5.56411048 -5.31728496 -5.12170808 -4.95760071 -4.79434030 
5.33669923e-07 -5.56411048 -5.31728496 -5.12170808 -4.95760071 -4.79434030 
4.32876128e-07 -5.56411048 -5.31728496 -5.12170808 -4.95760071 -4.79434030 
3.51119173e-07 -5.56411048 -5.31728496 -5.12170808 -4.95760071 -4.79434030 
2.84803587e-07 -5.56411048 -5.31728496 -5.12170808 -4.95760071 -4.79434030 
2.31012970e-07 -5.56411048 -5.31728496 -5.12170808 -4.95760071 -4.79434030 
1.87381742e-07 -5.56411048 -5.31728496 -5.12170808 -4.95760071 -4.79434030 
1.51991108e-07 -5.56411048 -5.31728496 -5.12170808 -4.95760071 -4.79434030 
1.23284674e-07 -5.56411048 -5.31728496 -5.12170808 -4.95760071 -4.79434030 
1.00000000e-07 -5.56411048 -5.31728496 -5.12170808 -4.95760071 -4.79434030 
