Chemical species: H2 He H2O CO2 SO2
P (bar) | log_H2: -2σ | log_H2: -1σ | log_H2: median | log_H2: +1σ | log_H2: +2σ 
1.00000000e+02 -0.09102068 -0.08092376 -0.07259438 -0.06931619 -0.06834285 
8.11130831e+01 -0.09102068 -0.08092376 -0.07259438 -0.06931619 -0.06834285 
6.57933225e+01 -0.09102068 -0.08092376 -0.07259438 -0.06931619 -0.06834285 
5.33669923e+01 -0.09102068 -0.08092376 -0.07259438 -0.06931619 -0.06834285 
4.32876128e+01 -0.09102068 -0.08092376 -0.07259438 -0.06931619 -0.06834285 
3.51119173e+01 -0.09102068 -0.08092376 -0.07259438 -0.06931619 -0.06834285 
2.84803587e+01 -0.09102068 -0.08092376 -0.07259438 -0.06931619 -0.06834285 
2.31012970e+01 -0.09102068 -0.08092376 -0.07259438 -0.06931619 -0.06834285 
1.87381742e+01 -0.09102068 -0.08092376 -0.07259438 -0.06931619 -0.06834285 
1.51991108e+01 -0.09102068 -0.08092376 -0.07259438 -0.06931619 -0.06834285 
1.23284674e+01 -0.09102068 -0.08092376 -0.07259438 -0.06931619 -0.06834285 
1.00000000e+01 -0.09102068 -0.08092376 -0.07259438 -0.06931619 -0.06834285 
8.11130831e+00 -0.09102068 -0.08092376 -0.07259438 -0.06931619 -0.06834285 
6.57933225e+00 -0.09102068 -0.08092376 -0.07259438 -0.06931619 -0.06834285 
5.33669923e+00 -0.09102068 -0.08092376 -0.07259438 -0.06931619 -0.06834285 
4.32876128e+00 -0.09102068 -0.08092376 -0.07259438 -0.06931619 -0.06834285 
3.51119173e+00 -0.09102068 -0.08092376 -0.07259438 -0.06931619 -0.06834285 
2.84803587e+00 -0.09102068 -0.08092376 -0.07259438 -0.06931619 -0.06834285 
2.31012970e+00 -0.09102068 -0.08092376 -0.07259438 -0.06931619 -0.06834285 
1.87381742e+00 -0.09102068 -0.08092376 -0.07259438 -0.06931619 -0.06834285 
1.51991108e+00 -0.09102068 -0.08092376 -0.07259438 -0.06931619 -0.06834285 
1.23284674e+00 -0.09102068 -0.08092376 -0.07259438 -0.06931619 -0.06834285 
1.00000000e+00 -0.09102068 -0.08092376 -0.07259438 -0.06931619 -0.06834285 
8.11130831e-01 -0.09102068 -0.08092376 -0.07259438 -0.06931619 -0.06834285 
6.57933225e-01 -0.09102068 -0.08092376 -0.07259438 -0.06931619 -0.06834285 
5.33669923e-01 -0.09102068 -0.08092376 -0.07259438 -0.06931619 -0.06834285 
4.32876128e-01 -0.09102068 -0.08092376 -0.07259438 -0.06931619 -0.06834285 
3.51119173e-01 -0.09102068 -0.08092376 -0.07259438 -0.06931619 -0.06834285 
2.84803587e-01 -0.09102068 -0.08092376 -0.07259438 -0.06931619 -0.06834285 
2.31012970e-01 -0.09102068 -0.08092376 -0.07259438 -0.06931619 -0.06834285 
1.87381742e-01 -0.09102068 -0.08092376 -0.07259438 -0.06931619 -0.06834285 
1.51991108e-01 -0.09102068 -0.08092376 -0.07259438 -0.06931619 -0.06834285 
1.23284674e-01 -0.09102068 -0.08092376 -0.07259438 -0.06931619 -0.06834285 
1.00000000e-01 -0.09102068 -0.08092376 -0.07259438 -0.06931619 -0.06834285 
8.11130831e-02 -0.09102068 -0.08092376 -0.07259438 -0.06931619 -0.06834285 
6.57933225e-02 -0.09102068 -0.08092376 -0.07259438 -0.06931619 -0.06834285 
5.33669923e-02 -0.09102068 -0.08092376 -0.07259438 -0.06931619 -0.06834285 
4.32876128e-02 -0.09102068 -0.08092376 -0.07259438 -0.06931619 -0.06834285 
3.51119173e-02 -0.09102068 -0.08092376 -0.07259438 -0.06931619 -0.06834285 
2.84803587e-02 -0.09102068 -0.08092376 -0.07259438 -0.06931619 -0.06834285 
2.31012970e-02 -0.09102068 -0.08092376 -0.07259438 -0.06931619 -0.06834285 
1.87381742e-02 -0.09102068 -0.08092376 -0.07259438 -0.06931619 -0.06834285 
1.51991108e-02 -0.09102068 -0.08092376 -0.07259438 -0.06931619 -0.06834285 
1.23284674e-02 -0.09102068 -0.08092376 -0.07259438 -0.06931619 -0.06834285 
1.00000000e-02 -0.09102068 -0.08092376 -0.07259438 -0.06931619 -0.06834285 
8.11130831e-03 -0.09102068 -0.08092376 -0.07259438 -0.06931619 -0.06834285 
6.57933225e-03 -0.09102068 -0.08092376 -0.07259438 -0.06931619 -0.06834285 
5.33669923e-03 -0.09102068 -0.08092376 -0.07259438 -0.06931619 -0.06834285 
4.32876128e-03 -0.09102068 -0.08092376 -0.07259438 -0.06931619 -0.06834285 
3.51119173e-03 -0.09102068 -0.08092376 -0.07259438 -0.06931619 -0.06834285 
2.84803587e-03 -0.09102068 -0.08092376 -0.07259438 -0.06931619 -0.06834285 
2.31012970e-03 -0.09102068 -0.08092376 -0.07259438 -0.06931619 -0.06834285 
1.87381742e-03 -0.09102068 -0.08092376 -0.07259438 -0.06931619 -0.06834285 
1.51991108e-03 -0.09102068 -0.08092376 -0.07259438 -0.06931619 -0.06834285 
1.23284674e-03 -0.09102068 -0.08092376 -0.07259438 -0.06931619 -0.06834285 
1.00000000e-03 -0.09102068 -0.08092376 -0.07259438 -0.06931619 -0.06834285 
8.11130831e-04 -0.09102068 -0.08092376 -0.07259438 -0.06931619 -0.06834285 
6.57933225e-04 -0.09102068 -0.08092376 -0.07259438 -0.06931619 -0.06834285 
5.33669923e-04 -0.09102068 -0.08092376 -0.07259438 -0.06931619 -0.06834285 
4.32876128e-04 -0.09102068 -0.08092376 -0.07259438 -0.06931619 -0.06834285 
3.51119173e-04 -0.09102068 -0.08092376 -0.07259438 -0.06931619 -0.06834285 
2.84803587e-04 -0.09102068 -0.08092376 -0.07259438 -0.06931619 -0.06834285 
2.31012970e-04 -0.09102068 -0.08092376 -0.07259438 -0.06931619 -0.06834285 
1.87381742e-04 -0.09102068 -0.08092376 -0.07259438 -0.06931619 -0.06834285 
1.51991108e-04 -0.09102068 -0.08092376 -0.07259438 -0.06931619 -0.06834285 
1.23284674e-04 -0.09102068 -0.08092376 -0.07259438 -0.06931619 -0.06834285 
1.00000000e-04 -0.09102068 -0.08092376 -0.07259438 -0.06931619 -0.06834285 
8.11130831e-05 -0.09102068 -0.08092376 -0.07259438 -0.06931619 -0.06834285 
6.57933225e-05 -0.09102068 -0.08092376 -0.07259438 -0.06931619 -0.06834285 
5.33669923e-05 -0.09102068 -0.08092376 -0.07259438 -0.06931619 -0.06834285 
4.32876128e-05 -0.09102068 -0.08092376 -0.07259438 -0.06931619 -0.06834285 
3.51119173e-05 -0.09102068 -0.08092376 -0.07259438 -0.06931619 -0.06834285 
2.84803587e-05 -0.09102068 -0.08092376 -0.07259438 -0.06931619 -0.06834285 
2.31012970e-05 -0.09102068 -0.08092376 -0.07259438 -0.06931619 -0.06834285 
1.87381742e-05 -0.09102068 -0.08092376 -0.07259438 -0.06931619 -0.06834285 
1.51991108e-05 -0.09102068 -0.08092376 -0.07259438 -0.06931619 -0.06834285 
1.23284674e-05 -0.09102068 -0.08092376 -0.07259438 -0.06931619 -0.06834285 
1.00000000e-05 -0.09102068 -0.08092376 -0.07259438 -0.06931619 -0.06834285 
8.11130831e-06 -0.09102068 -0.08092376 -0.07259438 -0.06931619 -0.06834285 
6.57933225e-06 -0.09102068 -0.08092376 -0.07259438 -0.06931619 -0.06834285 
5.33669923e-06 -0.09102068 -0.08092376 -0.07259438 -0.06931619 -0.06834285 
4.32876128e-06 -0.09102068 -0.08092376 -0.07259438 -0.06931619 -0.06834285 
3.51119173e-06 -0.09102068 -0.08092376 -0.07259438 -0.06931619 -0.06834285 
2.84803587e-06 -0.09102068 -0.08092376 -0.07259438 -0.06931619 -0.06834285 
2.31012970e-06 -0.09102068 -0.08092376 -0.07259438 -0.06931619 -0.06834285 
1.87381742e-06 -0.09102068 -0.08092376 -0.07259438 -0.06931619 -0.06834285 
1.51991108e-06 -0.09102068 -0.08092376 -0.07259438 -0.06931619 -0.06834285 
1.23284674e-06 -0.09102068 -0.08092376 -0.07259438 -0.06931619 -0.06834285 
1.00000000e-06 -0.09102068 -0.08092376 -0.07259438 -0.06931619 -0.06834285 
8.11130831e-07 -0.09102068 -0.08092376 -0.07259438 -0.06931619 -0.06834285 
6.57933225e-07 -0.09102068 -0.08092376 -0.07259438 -0.06931619 -0.06834285 
5.33669923e-07 -0.09102068 -0.08092376 -0.07259438 -0.06931619 -0.06834285 
4.32876128e-07 -0.09102068 -0.08092376 -0.07259438 -0.06931619 -0.06834285 
3.51119173e-07 -0.09102068 -0.08092376 -0.07259438 -0.06931619 -0.06834285 
2.84803587e-07 -0.09102068 -0.08092376 -0.07259438 -0.06931619 -0.06834285 
2.31012970e-07 -0.09102068 -0.08092376 -0.07259438 -0.06931619 -0.06834285 
1.87381742e-07 -0.09102068 -0.08092376 -0.07259438 -0.06931619 -0.06834285 
1.51991108e-07 -0.09102068 -0.08092376 -0.07259438 -0.06931619 -0.06834285 
1.23284674e-07 -0.09102068 -0.08092376 -0.07259438 -0.06931619 -0.06834285 
1.00000000e-07 -0.09102068 -0.08092376 -0.07259438 -0.06931619 -0.06834285 
P (bar) | log_He: -2σ | log_He: -1σ | log_He: median | log_He: +1σ | log_He: +2σ 
1.00000000e+02 -0.86057176 -0.85047484 -0.84214546 -0.83886727 -0.83789393 
8.11130831e+01 -0.86057176 -0.85047484 -0.84214546 -0.83886727 -0.83789393 
6.57933225e+01 -0.86057176 -0.85047484 -0.84214546 -0.83886727 -0.83789393 
5.33669923e+01 -0.86057176 -0.85047484 -0.84214546 -0.83886727 -0.83789393 
4.32876128e+01 -0.86057176 -0.85047484 -0.84214546 -0.83886727 -0.83789393 
3.51119173e+01 -0.86057176 -0.85047484 -0.84214546 -0.83886727 -0.83789393 
2.84803587e+01 -0.86057176 -0.85047484 -0.84214546 -0.83886727 -0.83789393 
2.31012970e+01 -0.86057176 -0.85047484 -0.84214546 -0.83886727 -0.83789393 
1.87381742e+01 -0.86057176 -0.85047484 -0.84214546 -0.83886727 -0.83789393 
1.51991108e+01 -0.86057176 -0.85047484 -0.84214546 -0.83886727 -0.83789393 
1.23284674e+01 -0.86057176 -0.85047484 -0.84214546 -0.83886727 -0.83789393 
1.00000000e+01 -0.86057176 -0.85047484 -0.84214546 -0.83886727 -0.83789393 
8.11130831e+00 -0.86057176 -0.85047484 -0.84214546 -0.83886727 -0.83789393 
6.57933225e+00 -0.86057176 -0.85047484 -0.84214546 -0.83886727 -0.83789393 
5.33669923e+00 -0.86057176 -0.85047484 -0.84214546 -0.83886727 -0.83789393 
4.32876128e+00 -0.86057176 -0.85047484 -0.84214546 -0.83886727 -0.83789393 
3.51119173e+00 -0.86057176 -0.85047484 -0.84214546 -0.83886727 -0.83789393 
2.84803587e+00 -0.86057176 -0.85047484 -0.84214546 -0.83886727 -0.83789393 
2.31012970e+00 -0.86057176 -0.85047484 -0.84214546 -0.83886727 -0.83789393 
1.87381742e+00 -0.86057176 -0.85047484 -0.84214546 -0.83886727 -0.83789393 
1.51991108e+00 -0.86057176 -0.85047484 -0.84214546 -0.83886727 -0.83789393 
1.23284674e+00 -0.86057176 -0.85047484 -0.84214546 -0.83886727 -0.83789393 
1.00000000e+00 -0.86057176 -0.85047484 -0.84214546 -0.83886727 -0.83789393 
8.11130831e-01 -0.86057176 -0.85047484 -0.84214546 -0.83886727 -0.83789393 
6.57933225e-01 -0.86057176 -0.85047484 -0.84214546 -0.83886727 -0.83789393 
5.33669923e-01 -0.86057176 -0.85047484 -0.84214546 -0.83886727 -0.83789393 
4.32876128e-01 -0.86057176 -0.85047484 -0.84214546 -0.83886727 -0.83789393 
3.51119173e-01 -0.86057176 -0.85047484 -0.84214546 -0.83886727 -0.83789393 
2.84803587e-01 -0.86057176 -0.85047484 -0.84214546 -0.83886727 -0.83789393 
2.31012970e-01 -0.86057176 -0.85047484 -0.84214546 -0.83886727 -0.83789393 
1.87381742e-01 -0.86057176 -0.85047484 -0.84214546 -0.83886727 -0.83789393 
1.51991108e-01 -0.86057176 -0.85047484 -0.84214546 -0.83886727 -0.83789393 
1.23284674e-01 -0.86057176 -0.85047484 -0.84214546 -0.83886727 -0.83789393 
1.00000000e-01 -0.86057176 -0.85047484 -0.84214546 -0.83886727 -0.83789393 
8.11130831e-02 -0.86057176 -0.85047484 -0.84214546 -0.83886727 -0.83789393 
6.57933225e-02 -0.86057176 -0.85047484 -0.84214546 -0.83886727 -0.83789393 
5.33669923e-02 -0.86057176 -0.85047484 -0.84214546 -0.83886727 -0.83789393 
4.32876128e-02 -0.86057176 -0.85047484 -0.84214546 -0.83886727 -0.83789393 
3.51119173e-02 -0.86057176 -0.85047484 -0.84214546 -0.83886727 -0.83789393 
2.84803587e-02 -0.86057176 -0.85047484 -0.84214546 -0.83886727 -0.83789393 
2.31012970e-02 -0.86057176 -0.85047484 -0.84214546 -0.83886727 -0.83789393 
1.87381742e-02 -0.86057176 -0.85047484 -0.84214546 -0.83886727 -0.83789393 
1.51991108e-02 -0.86057176 -0.85047484 -0.84214546 -0.83886727 -0.83789393 
1.23284674e-02 -0.86057176 -0.85047484 -0.84214546 -0.83886727 -0.83789393 
1.00000000e-02 -0.86057176 -0.85047484 -0.84214546 -0.83886727 -0.83789393 
8.11130831e-03 -0.86057176 -0.85047484 -0.84214546 -0.83886727 -0.83789393 
6.57933225e-03 -0.86057176 -0.85047484 -0.84214546 -0.83886727 -0.83789393 
5.33669923e-03 -0.86057176 -0.85047484 -0.84214546 -0.83886727 -0.83789393 
4.32876128e-03 -0.86057176 -0.85047484 -0.84214546 -0.83886727 -0.83789393 
3.51119173e-03 -0.86057176 -0.85047484 -0.84214546 -0.83886727 -0.83789393 
2.84803587e-03 -0.86057176 -0.85047484 -0.84214546 -0.83886727 -0.83789393 
2.31012970e-03 -0.86057176 -0.85047484 -0.84214546 -0.83886727 -0.83789393 
1.87381742e-03 -0.86057176 -0.85047484 -0.84214546 -0.83886727 -0.83789393 
1.51991108e-03 -0.86057176 -0.85047484 -0.84214546 -0.83886727 -0.83789393 
1.23284674e-03 -0.86057176 -0.85047484 -0.84214546 -0.83886727 -0.83789393 
1.00000000e-03 -0.86057176 -0.85047484 -0.84214546 -0.83886727 -0.83789393 
8.11130831e-04 -0.86057176 -0.85047484 -0.84214546 -0.83886727 -0.83789393 
6.57933225e-04 -0.86057176 -0.85047484 -0.84214546 -0.83886727 -0.83789393 
5.33669923e-04 -0.86057176 -0.85047484 -0.84214546 -0.83886727 -0.83789393 
4.32876128e-04 -0.86057176 -0.85047484 -0.84214546 -0.83886727 -0.83789393 
3.51119173e-04 -0.86057176 -0.85047484 -0.84214546 -0.83886727 -0.83789393 
2.84803587e-04 -0.86057176 -0.85047484 -0.84214546 -0.83886727 -0.83789393 
2.31012970e-04 -0.86057176 -0.85047484 -0.84214546 -0.83886727 -0.83789393 
1.87381742e-04 -0.86057176 -0.85047484 -0.84214546 -0.83886727 -0.83789393 
1.51991108e-04 -0.86057176 -0.85047484 -0.84214546 -0.83886727 -0.83789393 
1.23284674e-04 -0.86057176 -0.85047484 -0.84214546 -0.83886727 -0.83789393 
1.00000000e-04 -0.86057176 -0.85047484 -0.84214546 -0.83886727 -0.83789393 
8.11130831e-05 -0.86057176 -0.85047484 -0.84214546 -0.83886727 -0.83789393 
6.57933225e-05 -0.86057176 -0.85047484 -0.84214546 -0.83886727 -0.83789393 
5.33669923e-05 -0.86057176 -0.85047484 -0.84214546 -0.83886727 -0.83789393 
4.32876128e-05 -0.86057176 -0.85047484 -0.84214546 -0.83886727 -0.83789393 
3.51119173e-05 -0.86057176 -0.85047484 -0.84214546 -0.83886727 -0.83789393 
2.84803587e-05 -0.86057176 -0.85047484 -0.84214546 -0.83886727 -0.83789393 
2.31012970e-05 -0.86057176 -0.85047484 -0.84214546 -0.83886727 -0.83789393 
1.87381742e-05 -0.86057176 -0.85047484 -0.84214546 -0.83886727 -0.83789393 
1.51991108e-05 -0.86057176 -0.85047484 -0.84214546 -0.83886727 -0.83789393 
1.23284674e-05 -0.86057176 -0.85047484 -0.84214546 -0.83886727 -0.83789393 
1.00000000e-05 -0.86057176 -0.85047484 -0.84214546 -0.83886727 -0.83789393 
8.11130831e-06 -0.86057176 -0.85047484 -0.84214546 -0.83886727 -0.83789393 
6.57933225e-06 -0.86057176 -0.85047484 -0.84214546 -0.83886727 -0.83789393 
5.33669923e-06 -0.86057176 -0.85047484 -0.84214546 -0.83886727 -0.83789393 
4.32876128e-06 -0.86057176 -0.85047484 -0.84214546 -0.83886727 -0.83789393 
3.51119173e-06 -0.86057176 -0.85047484 -0.84214546 -0.83886727 -0.83789393 
2.84803587e-06 -0.86057176 -0.85047484 -0.84214546 -0.83886727 -0.83789393 
2.31012970e-06 -0.86057176 -0.85047484 -0.84214546 -0.83886727 -0.83789393 
1.87381742e-06 -0.86057176 -0.85047484 -0.84214546 -0.83886727 -0.83789393 
1.51991108e-06 -0.86057176 -0.85047484 -0.84214546 -0.83886727 -0.83789393 
1.23284674e-06 -0.86057176 -0.85047484 -0.84214546 -0.83886727 -0.83789393 
1.00000000e-06 -0.86057176 -0.85047484 -0.84214546 -0.83886727 -0.83789393 
8.11130831e-07 -0.86057176 -0.85047484 -0.84214546 -0.83886727 -0.83789393 
6.57933225e-07 -0.86057176 -0.85047484 -0.84214546 -0.83886727 -0.83789393 
5.33669923e-07 -0.86057176 -0.85047484 -0.84214546 -0.83886727 -0.83789393 
4.32876128e-07 -0.86057176 -0.85047484 -0.84214546 -0.83886727 -0.83789393 
3.51119173e-07 -0.86057176 -0.85047484 -0.84214546 -0.83886727 -0.83789393 
2.84803587e-07 -0.86057176 -0.85047484 -0.84214546 -0.83886727 -0.83789393 
2.31012970e-07 -0.86057176 -0.85047484 -0.84214546 -0.83886727 -0.83789393 
1.87381742e-07 -0.86057176 -0.85047484 -0.84214546 -0.83886727 -0.83789393 
1.51991108e-07 -0.86057176 -0.85047484 -0.84214546 -0.83886727 -0.83789393 
1.23284674e-07 -0.86057176 -0.85047484 -0.84214546 -0.83886727 -0.83789393 
1.00000000e-07 -0.86057176 -0.85047484 -0.84214546 -0.83886727 -0.83789393 
P (bar) | log_H2O: -2σ | log_H2O: -1σ | log_H2O: median | log_H2O: +1σ | log_H2O: +2σ 
1.00000000e+02 -3.50820486 -2.62906236 -2.02111693 -1.55825276 -1.29300674 
8.11130831e+01 -3.50820486 -2.62906236 -2.02111693 -1.55825276 -1.29300674 
6.57933225e+01 -3.50820486 -2.62906236 -2.02111693 -1.55825276 -1.29300674 
5.33669923e+01 -3.50820486 -2.62906236 -2.02111693 -1.55825276 -1.29300674 
4.32876128e+01 -3.50820486 -2.62906236 -2.02111693 -1.55825276 -1.29300674 
3.51119173e+01 -3.50820486 -2.62906236 -2.02111693 -1.55825276 -1.29300674 
2.84803587e+01 -3.50820486 -2.62906236 -2.02111693 -1.55825276 -1.29300674 
2.31012970e+01 -3.50820486 -2.62906236 -2.02111693 -1.55825276 -1.29300674 
1.87381742e+01 -3.50820486 -2.62906236 -2.02111693 -1.55825276 -1.29300674 
1.51991108e+01 -3.50820486 -2.62906236 -2.02111693 -1.55825276 -1.29300674 
1.23284674e+01 -3.50820486 -2.62906236 -2.02111693 -1.55825276 -1.29300674 
1.00000000e+01 -3.50820486 -2.62906236 -2.02111693 -1.55825276 -1.29300674 
8.11130831e+00 -3.50820486 -2.62906236 -2.02111693 -1.55825276 -1.29300674 
6.57933225e+00 -3.50820486 -2.62906236 -2.02111693 -1.55825276 -1.29300674 
5.33669923e+00 -3.50820486 -2.62906236 -2.02111693 -1.55825276 -1.29300674 
4.32876128e+00 -3.50820486 -2.62906236 -2.02111693 -1.55825276 -1.29300674 
3.51119173e+00 -3.50820486 -2.62906236 -2.02111693 -1.55825276 -1.29300674 
2.84803587e+00 -3.50820486 -2.62906236 -2.02111693 -1.55825276 -1.29300674 
2.31012970e+00 -3.50820486 -2.62906236 -2.02111693 -1.55825276 -1.29300674 
1.87381742e+00 -3.50820486 -2.62906236 -2.02111693 -1.55825276 -1.29300674 
1.51991108e+00 -3.50820486 -2.62906236 -2.02111693 -1.55825276 -1.29300674 
1.23284674e+00 -3.50820486 -2.62906236 -2.02111693 -1.55825276 -1.29300674 
1.00000000e+00 -3.50820486 -2.62906236 -2.02111693 -1.55825276 -1.29300674 
8.11130831e-01 -3.50820486 -2.62906236 -2.02111693 -1.55825276 -1.29300674 
6.57933225e-01 -3.50820486 -2.62906236 -2.02111693 -1.55825276 -1.29300674 
5.33669923e-01 -3.50820486 -2.62906236 -2.02111693 -1.55825276 -1.29300674 
4.32876128e-01 -3.50820486 -2.62906236 -2.02111693 -1.55825276 -1.29300674 
3.51119173e-01 -3.50820486 -2.62906236 -2.02111693 -1.55825276 -1.29300674 
2.84803587e-01 -3.50820486 -2.62906236 -2.02111693 -1.55825276 -1.29300674 
2.31012970e-01 -3.50820486 -2.62906236 -2.02111693 -1.55825276 -1.29300674 
1.87381742e-01 -3.50820486 -2.62906236 -2.02111693 -1.55825276 -1.29300674 
1.51991108e-01 -3.50820486 -2.62906236 -2.02111693 -1.55825276 -1.29300674 
1.23284674e-01 -3.50820486 -2.62906236 -2.02111693 -1.55825276 -1.29300674 
1.00000000e-01 -3.50820486 -2.62906236 -2.02111693 -1.55825276 -1.29300674 
8.11130831e-02 -3.50820486 -2.62906236 -2.02111693 -1.55825276 -1.29300674 
6.57933225e-02 -3.50820486 -2.62906236 -2.02111693 -1.55825276 -1.29300674 
5.33669923e-02 -3.50820486 -2.62906236 -2.02111693 -1.55825276 -1.29300674 
4.32876128e-02 -3.50820486 -2.62906236 -2.02111693 -1.55825276 -1.29300674 
3.51119173e-02 -3.50820486 -2.62906236 -2.02111693 -1.55825276 -1.29300674 
2.84803587e-02 -3.50820486 -2.62906236 -2.02111693 -1.55825276 -1.29300674 
2.31012970e-02 -3.50820486 -2.62906236 -2.02111693 -1.55825276 -1.29300674 
1.87381742e-02 -3.50820486 -2.62906236 -2.02111693 -1.55825276 -1.29300674 
1.51991108e-02 -3.50820486 -2.62906236 -2.02111693 -1.55825276 -1.29300674 
1.23284674e-02 -3.50820486 -2.62906236 -2.02111693 -1.55825276 -1.29300674 
1.00000000e-02 -3.50820486 -2.62906236 -2.02111693 -1.55825276 -1.29300674 
8.11130831e-03 -3.50820486 -2.62906236 -2.02111693 -1.55825276 -1.29300674 
6.57933225e-03 -3.50820486 -2.62906236 -2.02111693 -1.55825276 -1.29300674 
5.33669923e-03 -3.50820486 -2.62906236 -2.02111693 -1.55825276 -1.29300674 
4.32876128e-03 -3.50820486 -2.62906236 -2.02111693 -1.55825276 -1.29300674 
3.51119173e-03 -3.50820486 -2.62906236 -2.02111693 -1.55825276 -1.29300674 
2.84803587e-03 -3.50820486 -2.62906236 -2.02111693 -1.55825276 -1.29300674 
2.31012970e-03 -3.50820486 -2.62906236 -2.02111693 -1.55825276 -1.29300674 
1.87381742e-03 -3.50820486 -2.62906236 -2.02111693 -1.55825276 -1.29300674 
1.51991108e-03 -3.50820486 -2.62906236 -2.02111693 -1.55825276 -1.29300674 
1.23284674e-03 -3.50820486 -2.62906236 -2.02111693 -1.55825276 -1.29300674 
1.00000000e-03 -3.50820486 -2.62906236 -2.02111693 -1.55825276 -1.29300674 
8.11130831e-04 -3.50820486 -2.62906236 -2.02111693 -1.55825276 -1.29300674 
6.57933225e-04 -3.50820486 -2.62906236 -2.02111693 -1.55825276 -1.29300674 
5.33669923e-04 -3.50820486 -2.62906236 -2.02111693 -1.55825276 -1.29300674 
4.32876128e-04 -3.50820486 -2.62906236 -2.02111693 -1.55825276 -1.29300674 
3.51119173e-04 -3.50820486 -2.62906236 -2.02111693 -1.55825276 -1.29300674 
2.84803587e-04 -3.50820486 -2.62906236 -2.02111693 -1.55825276 -1.29300674 
2.31012970e-04 -3.50820486 -2.62906236 -2.02111693 -1.55825276 -1.29300674 
1.87381742e-04 -3.50820486 -2.62906236 -2.02111693 -1.55825276 -1.29300674 
1.51991108e-04 -3.50820486 -2.62906236 -2.02111693 -1.55825276 -1.29300674 
1.23284674e-04 -3.50820486 -2.62906236 -2.02111693 -1.55825276 -1.29300674 
1.00000000e-04 -3.50820486 -2.62906236 -2.02111693 -1.55825276 -1.29300674 
8.11130831e-05 -3.50820486 -2.62906236 -2.02111693 -1.55825276 -1.29300674 
6.57933225e-05 -3.50820486 -2.62906236 -2.02111693 -1.55825276 -1.29300674 
5.33669923e-05 -3.50820486 -2.62906236 -2.02111693 -1.55825276 -1.29300674 
4.32876128e-05 -3.50820486 -2.62906236 -2.02111693 -1.55825276 -1.29300674 
3.51119173e-05 -3.50820486 -2.62906236 -2.02111693 -1.55825276 -1.29300674 
2.84803587e-05 -3.50820486 -2.62906236 -2.02111693 -1.55825276 -1.29300674 
2.31012970e-05 -3.50820486 -2.62906236 -2.02111693 -1.55825276 -1.29300674 
1.87381742e-05 -3.50820486 -2.62906236 -2.02111693 -1.55825276 -1.29300674 
1.51991108e-05 -3.50820486 -2.62906236 -2.02111693 -1.55825276 -1.29300674 
1.23284674e-05 -3.50820486 -2.62906236 -2.02111693 -1.55825276 -1.29300674 
1.00000000e-05 -3.50820486 -2.62906236 -2.02111693 -1.55825276 -1.29300674 
8.11130831e-06 -3.50820486 -2.62906236 -2.02111693 -1.55825276 -1.29300674 
6.57933225e-06 -3.50820486 -2.62906236 -2.02111693 -1.55825276 -1.29300674 
5.33669923e-06 -3.50820486 -2.62906236 -2.02111693 -1.55825276 -1.29300674 
4.32876128e-06 -3.50820486 -2.62906236 -2.02111693 -1.55825276 -1.29300674 
3.51119173e-06 -3.50820486 -2.62906236 -2.02111693 -1.55825276 -1.29300674 
2.84803587e-06 -3.50820486 -2.62906236 -2.02111693 -1.55825276 -1.29300674 
2.31012970e-06 -3.50820486 -2.62906236 -2.02111693 -1.55825276 -1.29300674 
1.87381742e-06 -3.50820486 -2.62906236 -2.02111693 -1.55825276 -1.29300674 
1.51991108e-06 -3.50820486 -2.62906236 -2.02111693 -1.55825276 -1.29300674 
1.23284674e-06 -3.50820486 -2.62906236 -2.02111693 -1.55825276 -1.29300674 
1.00000000e-06 -3.50820486 -2.62906236 -2.02111693 -1.55825276 -1.29300674 
8.11130831e-07 -3.50820486 -2.62906236 -2.02111693 -1.55825276 -1.29300674 
6.57933225e-07 -3.50820486 -2.62906236 -2.02111693 -1.55825276 -1.29300674 
5.33669923e-07 -3.50820486 -2.62906236 -2.02111693 -1.55825276 -1.29300674 
4.32876128e-07 -3.50820486 -2.62906236 -2.02111693 -1.55825276 -1.29300674 
3.51119173e-07 -3.50820486 -2.62906236 -2.02111693 -1.55825276 -1.29300674 
2.84803587e-07 -3.50820486 -2.62906236 -2.02111693 -1.55825276 -1.29300674 
2.31012970e-07 -3.50820486 -2.62906236 -2.02111693 -1.55825276 -1.29300674 
1.87381742e-07 -3.50820486 -2.62906236 -2.02111693 -1.55825276 -1.29300674 
1.51991108e-07 -3.50820486 -2.62906236 -2.02111693 -1.55825276 -1.29300674 
1.23284674e-07 -3.50820486 -2.62906236 -2.02111693 -1.55825276 -1.29300674 
1.00000000e-07 -3.50820486 -2.62906236 -2.02111693 -1.55825276 -1.29300674 
P (bar) | log_CO2: -2σ | log_CO2: -1σ | log_CO2: median | log_CO2: +1σ | log_CO2: +2σ 
1.00000000e+02 -10.87526318 -8.00234083 -5.31626394 -3.43319160 -2.27542709 
8.11130831e+01 -10.87526318 -8.00234083 -5.31626394 -3.43319160 -2.27542709 
6.57933225e+01 -10.87526318 -8.00234083 -5.31626394 -3.43319160 -2.27542709 
5.33669923e+01 -10.87526318 -8.00234083 -5.31626394 -3.43319160 -2.27542709 
4.32876128e+01 -10.87526318 -8.00234083 -5.31626394 -3.43319160 -2.27542709 
3.51119173e+01 -10.87526318 -8.00234083 -5.31626394 -3.43319160 -2.27542709 
2.84803587e+01 -10.87526318 -8.00234083 -5.31626394 -3.43319160 -2.27542709 
2.31012970e+01 -10.87526318 -8.00234083 -5.31626394 -3.43319160 -2.27542709 
1.87381742e+01 -10.87526318 -8.00234083 -5.31626394 -3.43319160 -2.27542709 
1.51991108e+01 -10.87526318 -8.00234083 -5.31626394 -3.43319160 -2.27542709 
1.23284674e+01 -10.87526318 -8.00234083 -5.31626394 -3.43319160 -2.27542709 
1.00000000e+01 -10.87526318 -8.00234083 -5.31626394 -3.43319160 -2.27542709 
8.11130831e+00 -10.87526318 -8.00234083 -5.31626394 -3.43319160 -2.27542709 
6.57933225e+00 -10.87526318 -8.00234083 -5.31626394 -3.43319160 -2.27542709 
5.33669923e+00 -10.87526318 -8.00234083 -5.31626394 -3.43319160 -2.27542709 
4.32876128e+00 -10.87526318 -8.00234083 -5.31626394 -3.43319160 -2.27542709 
3.51119173e+00 -10.87526318 -8.00234083 -5.31626394 -3.43319160 -2.27542709 
2.84803587e+00 -10.87526318 -8.00234083 -5.31626394 -3.43319160 -2.27542709 
2.31012970e+00 -10.87526318 -8.00234083 -5.31626394 -3.43319160 -2.27542709 
1.87381742e+00 -10.87526318 -8.00234083 -5.31626394 -3.43319160 -2.27542709 
1.51991108e+00 -10.87526318 -8.00234083 -5.31626394 -3.43319160 -2.27542709 
1.23284674e+00 -10.87526318 -8.00234083 -5.31626394 -3.43319160 -2.27542709 
1.00000000e+00 -10.87526318 -8.00234083 -5.31626394 -3.43319160 -2.27542709 
8.11130831e-01 -10.87526318 -8.00234083 -5.31626394 -3.43319160 -2.27542709 
6.57933225e-01 -10.87526318 -8.00234083 -5.31626394 -3.43319160 -2.27542709 
5.33669923e-01 -10.87526318 -8.00234083 -5.31626394 -3.43319160 -2.27542709 
4.32876128e-01 -10.87526318 -8.00234083 -5.31626394 -3.43319160 -2.27542709 
3.51119173e-01 -10.87526318 -8.00234083 -5.31626394 -3.43319160 -2.27542709 
2.84803587e-01 -10.87526318 -8.00234083 -5.31626394 -3.43319160 -2.27542709 
2.31012970e-01 -10.87526318 -8.00234083 -5.31626394 -3.43319160 -2.27542709 
1.87381742e-01 -10.87526318 -8.00234083 -5.31626394 -3.43319160 -2.27542709 
1.51991108e-01 -10.87526318 -8.00234083 -5.31626394 -3.43319160 -2.27542709 
1.23284674e-01 -10.87526318 -8.00234083 -5.31626394 -3.43319160 -2.27542709 
1.00000000e-01 -10.87526318 -8.00234083 -5.31626394 -3.43319160 -2.27542709 
8.11130831e-02 -10.87526318 -8.00234083 -5.31626394 -3.43319160 -2.27542709 
6.57933225e-02 -10.87526318 -8.00234083 -5.31626394 -3.43319160 -2.27542709 
5.33669923e-02 -10.87526318 -8.00234083 -5.31626394 -3.43319160 -2.27542709 
4.32876128e-02 -10.87526318 -8.00234083 -5.31626394 -3.43319160 -2.27542709 
3.51119173e-02 -10.87526318 -8.00234083 -5.31626394 -3.43319160 -2.27542709 
2.84803587e-02 -10.87526318 -8.00234083 -5.31626394 -3.43319160 -2.27542709 
2.31012970e-02 -10.87526318 -8.00234083 -5.31626394 -3.43319160 -2.27542709 
1.87381742e-02 -10.87526318 -8.00234083 -5.31626394 -3.43319160 -2.27542709 
1.51991108e-02 -10.87526318 -8.00234083 -5.31626394 -3.43319160 -2.27542709 
1.23284674e-02 -10.87526318 -8.00234083 -5.31626394 -3.43319160 -2.27542709 
1.00000000e-02 -10.87526318 -8.00234083 -5.31626394 -3.43319160 -2.27542709 
8.11130831e-03 -10.87526318 -8.00234083 -5.31626394 -3.43319160 -2.27542709 
6.57933225e-03 -10.87526318 -8.00234083 -5.31626394 -3.43319160 -2.27542709 
5.33669923e-03 -10.87526318 -8.00234083 -5.31626394 -3.43319160 -2.27542709 
4.32876128e-03 -10.87526318 -8.00234083 -5.31626394 -3.43319160 -2.27542709 
3.51119173e-03 -10.87526318 -8.00234083 -5.31626394 -3.43319160 -2.27542709 
2.84803587e-03 -10.87526318 -8.00234083 -5.31626394 -3.43319160 -2.27542709 
2.31012970e-03 -10.87526318 -8.00234083 -5.31626394 -3.43319160 -2.27542709 
1.87381742e-03 -10.87526318 -8.00234083 -5.31626394 -3.43319160 -2.27542709 
1.51991108e-03 -10.87526318 -8.00234083 -5.31626394 -3.43319160 -2.27542709 
1.23284674e-03 -10.87526318 -8.00234083 -5.31626394 -3.43319160 -2.27542709 
1.00000000e-03 -10.87526318 -8.00234083 -5.31626394 -3.43319160 -2.27542709 
8.11130831e-04 -10.87526318 -8.00234083 -5.31626394 -3.43319160 -2.27542709 
6.57933225e-04 -10.87526318 -8.00234083 -5.31626394 -3.43319160 -2.27542709 
5.33669923e-04 -10.87526318 -8.00234083 -5.31626394 -3.43319160 -2.27542709 
4.32876128e-04 -10.87526318 -8.00234083 -5.31626394 -3.43319160 -2.27542709 
3.51119173e-04 -10.87526318 -8.00234083 -5.31626394 -3.43319160 -2.27542709 
2.84803587e-04 -10.87526318 -8.00234083 -5.31626394 -3.43319160 -2.27542709 
2.31012970e-04 -10.87526318 -8.00234083 -5.31626394 -3.43319160 -2.27542709 
1.87381742e-04 -10.87526318 -8.00234083 -5.31626394 -3.43319160 -2.27542709 
1.51991108e-04 -10.87526318 -8.00234083 -5.31626394 -3.43319160 -2.27542709 
1.23284674e-04 -10.87526318 -8.00234083 -5.31626394 -3.43319160 -2.27542709 
1.00000000e-04 -10.87526318 -8.00234083 -5.31626394 -3.43319160 -2.27542709 
8.11130831e-05 -10.87526318 -8.00234083 -5.31626394 -3.43319160 -2.27542709 
6.57933225e-05 -10.87526318 -8.00234083 -5.31626394 -3.43319160 -2.27542709 
5.33669923e-05 -10.87526318 -8.00234083 -5.31626394 -3.43319160 -2.27542709 
4.32876128e-05 -10.87526318 -8.00234083 -5.31626394 -3.43319160 -2.27542709 
3.51119173e-05 -10.87526318 -8.00234083 -5.31626394 -3.43319160 -2.27542709 
2.84803587e-05 -10.87526318 -8.00234083 -5.31626394 -3.43319160 -2.27542709 
2.31012970e-05 -10.87526318 -8.00234083 -5.31626394 -3.43319160 -2.27542709 
1.87381742e-05 -10.87526318 -8.00234083 -5.31626394 -3.43319160 -2.27542709 
1.51991108e-05 -10.87526318 -8.00234083 -5.31626394 -3.43319160 -2.27542709 
1.23284674e-05 -10.87526318 -8.00234083 -5.31626394 -3.43319160 -2.27542709 
1.00000000e-05 -10.87526318 -8.00234083 -5.31626394 -3.43319160 -2.27542709 
8.11130831e-06 -10.87526318 -8.00234083 -5.31626394 -3.43319160 -2.27542709 
6.57933225e-06 -10.87526318 -8.00234083 -5.31626394 -3.43319160 -2.27542709 
5.33669923e-06 -10.87526318 -8.00234083 -5.31626394 -3.43319160 -2.27542709 
4.32876128e-06 -10.87526318 -8.00234083 -5.31626394 -3.43319160 -2.27542709 
3.51119173e-06 -10.87526318 -8.00234083 -5.31626394 -3.43319160 -2.27542709 
2.84803587e-06 -10.87526318 -8.00234083 -5.31626394 -3.43319160 -2.27542709 
2.31012970e-06 -10.87526318 -8.00234083 -5.31626394 -3.43319160 -2.27542709 
1.87381742e-06 -10.87526318 -8.00234083 -5.31626394 -3.43319160 -2.27542709 
1.51991108e-06 -10.87526318 -8.00234083 -5.31626394 -3.43319160 -2.27542709 
1.23284674e-06 -10.87526318 -8.00234083 -5.31626394 -3.43319160 -2.27542709 
1.00000000e-06 -10.87526318 -8.00234083 -5.31626394 -3.43319160 -2.27542709 
8.11130831e-07 -10.87526318 -8.00234083 -5.31626394 -3.43319160 -2.27542709 
6.57933225e-07 -10.87526318 -8.00234083 -5.31626394 -3.43319160 -2.27542709 
5.33669923e-07 -10.87526318 -8.00234083 -5.31626394 -3.43319160 -2.27542709 
4.32876128e-07 -10.87526318 -8.00234083 -5.31626394 -3.43319160 -2.27542709 
3.51119173e-07 -10.87526318 -8.00234083 -5.31626394 -3.43319160 -2.27542709 
2.84803587e-07 -10.87526318 -8.00234083 -5.31626394 -3.43319160 -2.27542709 
2.31012970e-07 -10.87526318 -8.00234083 -5.31626394 -3.43319160 -2.27542709 
1.87381742e-07 -10.87526318 -8.00234083 -5.31626394 -3.43319160 -2.27542709 
1.51991108e-07 -10.87526318 -8.00234083 -5.31626394 -3.43319160 -2.27542709 
1.23284674e-07 -10.87526318 -8.00234083 -5.31626394 -3.43319160 -2.27542709 
1.00000000e-07 -10.87526318 -8.00234083 -5.31626394 -3.43319160 -2.27542709 
P (bar) | log_SO2: -2σ | log_SO2: -1σ | log_SO2: median | log_SO2: +1σ | log_SO2: +2σ 
1.00000000e+02 -5.87973002 -5.52643904 -5.20758347 -4.95357190 -4.74240594 
8.11130831e+01 -5.87973002 -5.52643904 -5.20758347 -4.95357190 -4.74240594 
6.57933225e+01 -5.87973002 -5.52643904 -5.20758347 -4.95357190 -4.74240594 
5.33669923e+01 -5.87973002 -5.52643904 -5.20758347 -4.95357190 -4.74240594 
4.32876128e+01 -5.87973002 -5.52643904 -5.20758347 -4.95357190 -4.74240594 
3.51119173e+01 -5.87973002 -5.52643904 -5.20758347 -4.95357190 -4.74240594 
2.84803587e+01 -5.87973002 -5.52643904 -5.20758347 -4.95357190 -4.74240594 
2.31012970e+01 -5.87973002 -5.52643904 -5.20758347 -4.95357190 -4.74240594 
1.87381742e+01 -5.87973002 -5.52643904 -5.20758347 -4.95357190 -4.74240594 
1.51991108e+01 -5.87973002 -5.52643904 -5.20758347 -4.95357190 -4.74240594 
1.23284674e+01 -5.87973002 -5.52643904 -5.20758347 -4.95357190 -4.74240594 
1.00000000e+01 -5.87973002 -5.52643904 -5.20758347 -4.95357190 -4.74240594 
8.11130831e+00 -5.87973002 -5.52643904 -5.20758347 -4.95357190 -4.74240594 
6.57933225e+00 -5.87973002 -5.52643904 -5.20758347 -4.95357190 -4.74240594 
5.33669923e+00 -5.87973002 -5.52643904 -5.20758347 -4.95357190 -4.74240594 
4.32876128e+00 -5.87973002 -5.52643904 -5.20758347 -4.95357190 -4.74240594 
3.51119173e+00 -5.87973002 -5.52643904 -5.20758347 -4.95357190 -4.74240594 
2.84803587e+00 -5.87973002 -5.52643904 -5.20758347 -4.95357190 -4.74240594 
2.31012970e+00 -5.87973002 -5.52643904 -5.20758347 -4.95357190 -4.74240594 
1.87381742e+00 -5.87973002 -5.52643904 -5.20758347 -4.95357190 -4.74240594 
1.51991108e+00 -5.87973002 -5.52643904 -5.20758347 -4.95357190 -4.74240594 
1.23284674e+00 -5.87973002 -5.52643904 -5.20758347 -4.95357190 -4.74240594 
1.00000000e+00 -5.87973002 -5.52643904 -5.20758347 -4.95357190 -4.74240594 
8.11130831e-01 -5.87973002 -5.52643904 -5.20758347 -4.95357190 -4.74240594 
6.57933225e-01 -5.87973002 -5.52643904 -5.20758347 -4.95357190 -4.74240594 
5.33669923e-01 -5.87973002 -5.52643904 -5.20758347 -4.95357190 -4.74240594 
4.32876128e-01 -5.87973002 -5.52643904 -5.20758347 -4.95357190 -4.74240594 
3.51119173e-01 -5.87973002 -5.52643904 -5.20758347 -4.95357190 -4.74240594 
2.84803587e-01 -5.87973002 -5.52643904 -5.20758347 -4.95357190 -4.74240594 
2.31012970e-01 -5.87973002 -5.52643904 -5.20758347 -4.95357190 -4.74240594 
1.87381742e-01 -5.87973002 -5.52643904 -5.20758347 -4.95357190 -4.74240594 
1.51991108e-01 -5.87973002 -5.52643904 -5.20758347 -4.95357190 -4.74240594 
1.23284674e-01 -5.87973002 -5.52643904 -5.20758347 -4.95357190 -4.74240594 
1.00000000e-01 -5.87973002 -5.52643904 -5.20758347 -4.95357190 -4.74240594 
8.11130831e-02 -5.87973002 -5.52643904 -5.20758347 -4.95357190 -4.74240594 
6.57933225e-02 -5.87973002 -5.52643904 -5.20758347 -4.95357190 -4.74240594 
5.33669923e-02 -5.87973002 -5.52643904 -5.20758347 -4.95357190 -4.74240594 
4.32876128e-02 -5.87973002 -5.52643904 -5.20758347 -4.95357190 -4.74240594 
3.51119173e-02 -5.87973002 -5.52643904 -5.20758347 -4.95357190 -4.74240594 
2.84803587e-02 -5.87973002 -5.52643904 -5.20758347 -4.95357190 -4.74240594 
2.31012970e-02 -5.87973002 -5.52643904 -5.20758347 -4.95357190 -4.74240594 
1.87381742e-02 -5.87973002 -5.52643904 -5.20758347 -4.95357190 -4.74240594 
1.51991108e-02 -5.87973002 -5.52643904 -5.20758347 -4.95357190 -4.74240594 
1.23284674e-02 -5.87973002 -5.52643904 -5.20758347 -4.95357190 -4.74240594 
1.00000000e-02 -5.87973002 -5.52643904 -5.20758347 -4.95357190 -4.74240594 
8.11130831e-03 -5.87973002 -5.52643904 -5.20758347 -4.95357190 -4.74240594 
6.57933225e-03 -5.87973002 -5.52643904 -5.20758347 -4.95357190 -4.74240594 
5.33669923e-03 -5.87973002 -5.52643904 -5.20758347 -4.95357190 -4.74240594 
4.32876128e-03 -5.87973002 -5.52643904 -5.20758347 -4.95357190 -4.74240594 
3.51119173e-03 -5.87973002 -5.52643904 -5.20758347 -4.95357190 -4.74240594 
2.84803587e-03 -5.87973002 -5.52643904 -5.20758347 -4.95357190 -4.74240594 
2.31012970e-03 -5.87973002 -5.52643904 -5.20758347 -4.95357190 -4.74240594 
1.87381742e-03 -5.87973002 -5.52643904 -5.20758347 -4.95357190 -4.74240594 
1.51991108e-03 -5.87973002 -5.52643904 -5.20758347 -4.95357190 -4.74240594 
1.23284674e-03 -5.87973002 -5.52643904 -5.20758347 -4.95357190 -4.74240594 
1.00000000e-03 -5.87973002 -5.52643904 -5.20758347 -4.95357190 -4.74240594 
8.11130831e-04 -5.87973002 -5.52643904 -5.20758347 -4.95357190 -4.74240594 
6.57933225e-04 -5.87973002 -5.52643904 -5.20758347 -4.95357190 -4.74240594 
5.33669923e-04 -5.87973002 -5.52643904 -5.20758347 -4.95357190 -4.74240594 
4.32876128e-04 -5.87973002 -5.52643904 -5.20758347 -4.95357190 -4.74240594 
3.51119173e-04 -5.87973002 -5.52643904 -5.20758347 -4.95357190 -4.74240594 
2.84803587e-04 -5.87973002 -5.52643904 -5.20758347 -4.95357190 -4.74240594 
2.31012970e-04 -5.87973002 -5.52643904 -5.20758347 -4.95357190 -4.74240594 
1.87381742e-04 -5.87973002 -5.52643904 -5.20758347 -4.95357190 -4.74240594 
1.51991108e-04 -5.87973002 -5.52643904 -5.20758347 -4.95357190 -4.74240594 
1.23284674e-04 -5.87973002 -5.52643904 -5.20758347 -4.95357190 -4.74240594 
1.00000000e-04 -5.87973002 -5.52643904 -5.20758347 -4.95357190 -4.74240594 
8.11130831e-05 -5.87973002 -5.52643904 -5.20758347 -4.95357190 -4.74240594 
6.57933225e-05 -5.87973002 -5.52643904 -5.20758347 -4.95357190 -4.74240594 
5.33669923e-05 -5.87973002 -5.52643904 -5.20758347 -4.95357190 -4.74240594 
4.32876128e-05 -5.87973002 -5.52643904 -5.20758347 -4.95357190 -4.74240594 
3.51119173e-05 -5.87973002 -5.52643904 -5.20758347 -4.95357190 -4.74240594 
2.84803587e-05 -5.87973002 -5.52643904 -5.20758347 -4.95357190 -4.74240594 
2.31012970e-05 -5.87973002 -5.52643904 -5.20758347 -4.95357190 -4.74240594 
1.87381742e-05 -5.87973002 -5.52643904 -5.20758347 -4.95357190 -4.74240594 
1.51991108e-05 -5.87973002 -5.52643904 -5.20758347 -4.95357190 -4.74240594 
1.23284674e-05 -5.87973002 -5.52643904 -5.20758347 -4.95357190 -4.74240594 
1.00000000e-05 -5.87973002 -5.52643904 -5.20758347 -4.95357190 -4.74240594 
8.11130831e-06 -5.87973002 -5.52643904 -5.20758347 -4.95357190 -4.74240594 
6.57933225e-06 -5.87973002 -5.52643904 -5.20758347 -4.95357190 -4.74240594 
5.33669923e-06 -5.87973002 -5.52643904 -5.20758347 -4.95357190 -4.74240594 
4.32876128e-06 -5.87973002 -5.52643904 -5.20758347 -4.95357190 -4.74240594 
3.51119173e-06 -5.87973002 -5.52643904 -5.20758347 -4.95357190 -4.74240594 
2.84803587e-06 -5.87973002 -5.52643904 -5.20758347 -4.95357190 -4.74240594 
2.31012970e-06 -5.87973002 -5.52643904 -5.20758347 -4.95357190 -4.74240594 
1.87381742e-06 -5.87973002 -5.52643904 -5.20758347 -4.95357190 -4.74240594 
1.51991108e-06 -5.87973002 -5.52643904 -5.20758347 -4.95357190 -4.74240594 
1.23284674e-06 -5.87973002 -5.52643904 -5.20758347 -4.95357190 -4.74240594 
1.00000000e-06 -5.87973002 -5.52643904 -5.20758347 -4.95357190 -4.74240594 
8.11130831e-07 -5.87973002 -5.52643904 -5.20758347 -4.95357190 -4.74240594 
6.57933225e-07 -5.87973002 -5.52643904 -5.20758347 -4.95357190 -4.74240594 
5.33669923e-07 -5.87973002 -5.52643904 -5.20758347 -4.95357190 -4.74240594 
4.32876128e-07 -5.87973002 -5.52643904 -5.20758347 -4.95357190 -4.74240594 
3.51119173e-07 -5.87973002 -5.52643904 -5.20758347 -4.95357190 -4.74240594 
2.84803587e-07 -5.87973002 -5.52643904 -5.20758347 -4.95357190 -4.74240594 
2.31012970e-07 -5.87973002 -5.52643904 -5.20758347 -4.95357190 -4.74240594 
1.87381742e-07 -5.87973002 -5.52643904 -5.20758347 -4.95357190 -4.74240594 
1.51991108e-07 -5.87973002 -5.52643904 -5.20758347 -4.95357190 -4.74240594 
1.23284674e-07 -5.87973002 -5.52643904 -5.20758347 -4.95357190 -4.74240594 
1.00000000e-07 -5.87973002 -5.52643904 -5.20758347 -4.95357190 -4.74240594 
