Chemical species: H2 He H2O CO2 SO2 K CO Na CH4 H2S
P (bar) | log_H2: -2σ | log_H2: -1σ | log_H2: median | log_H2: +1σ | log_H2: +2σ 
1.00000000e+02 -0.09582223 -0.09221323 -0.08823359 -0.08466522 -0.08122286 
8.11130831e+01 -0.09582223 -0.09221323 -0.08823359 -0.08466522 -0.08122286 
6.57933225e+01 -0.09582223 -0.09221323 -0.08823359 -0.08466522 -0.08122286 
5.33669923e+01 -0.09582223 -0.09221323 -0.08823359 -0.08466522 -0.08122286 
4.32876128e+01 -0.09582223 -0.09221323 -0.08823359 -0.08466522 -0.08122286 
3.51119173e+01 -0.09582223 -0.09221323 -0.08823359 -0.08466522 -0.08122286 
2.84803587e+01 -0.09582223 -0.09221323 -0.08823359 -0.08466522 -0.08122286 
2.31012970e+01 -0.09582223 -0.09221323 -0.08823359 -0.08466522 -0.08122286 
1.87381742e+01 -0.09582223 -0.09221323 -0.08823359 -0.08466522 -0.08122286 
1.51991108e+01 -0.09582223 -0.09221323 -0.08823359 -0.08466522 -0.08122286 
1.23284674e+01 -0.09582223 -0.09221323 -0.08823359 -0.08466522 -0.08122286 
1.00000000e+01 -0.09582223 -0.09221323 -0.08823359 -0.08466522 -0.08122286 
8.11130831e+00 -0.09582223 -0.09221323 -0.08823359 -0.08466522 -0.08122286 
6.57933225e+00 -0.09582223 -0.09221323 -0.08823359 -0.08466522 -0.08122286 
5.33669923e+00 -0.09582223 -0.09221323 -0.08823359 -0.08466522 -0.08122286 
4.32876128e+00 -0.09582223 -0.09221323 -0.08823359 -0.08466522 -0.08122286 
3.51119173e+00 -0.09582223 -0.09221323 -0.08823359 -0.08466522 -0.08122286 
2.84803587e+00 -0.09582223 -0.09221323 -0.08823359 -0.08466522 -0.08122286 
2.31012970e+00 -0.09582223 -0.09221323 -0.08823359 -0.08466522 -0.08122286 
1.87381742e+00 -0.09582223 -0.09221323 -0.08823359 -0.08466522 -0.08122286 
1.51991108e+00 -0.09582223 -0.09221323 -0.08823359 -0.08466522 -0.08122286 
1.23284674e+00 -0.09582223 -0.09221323 -0.08823359 -0.08466522 -0.08122286 
1.00000000e+00 -0.09582223 -0.09221323 -0.08823359 -0.08466522 -0.08122286 
8.11130831e-01 -0.09582223 -0.09221323 -0.08823359 -0.08466522 -0.08122286 
6.57933225e-01 -0.09582223 -0.09221323 -0.08823359 -0.08466522 -0.08122286 
5.33669923e-01 -0.09582223 -0.09221323 -0.08823359 -0.08466522 -0.08122286 
4.32876128e-01 -0.09582223 -0.09221323 -0.08823359 -0.08466522 -0.08122286 
3.51119173e-01 -0.09582223 -0.09221323 -0.08823359 -0.08466522 -0.08122286 
2.84803587e-01 -0.09582223 -0.09221323 -0.08823359 -0.08466522 -0.08122286 
2.31012970e-01 -0.09582223 -0.09221323 -0.08823359 -0.08466522 -0.08122286 
1.87381742e-01 -0.09582223 -0.09221323 -0.08823359 -0.08466522 -0.08122286 
1.51991108e-01 -0.09582223 -0.09221323 -0.08823359 -0.08466522 -0.08122286 
1.23284674e-01 -0.09582223 -0.09221323 -0.08823359 -0.08466522 -0.08122286 
1.00000000e-01 -0.09582223 -0.09221323 -0.08823359 -0.08466522 -0.08122286 
8.11130831e-02 -0.09582223 -0.09221323 -0.08823359 -0.08466522 -0.08122286 
6.57933225e-02 -0.09582223 -0.09221323 -0.08823359 -0.08466522 -0.08122286 
5.33669923e-02 -0.09582223 -0.09221323 -0.08823359 -0.08466522 -0.08122286 
4.32876128e-02 -0.09582223 -0.09221323 -0.08823359 -0.08466522 -0.08122286 
3.51119173e-02 -0.09582223 -0.09221323 -0.08823359 -0.08466522 -0.08122286 
2.84803587e-02 -0.09582223 -0.09221323 -0.08823359 -0.08466522 -0.08122286 
2.31012970e-02 -0.09582223 -0.09221323 -0.08823359 -0.08466522 -0.08122286 
1.87381742e-02 -0.09582223 -0.09221323 -0.08823359 -0.08466522 -0.08122286 
1.51991108e-02 -0.09582223 -0.09221323 -0.08823359 -0.08466522 -0.08122286 
1.23284674e-02 -0.09582223 -0.09221323 -0.08823359 -0.08466522 -0.08122286 
1.00000000e-02 -0.09582223 -0.09221323 -0.08823359 -0.08466522 -0.08122286 
8.11130831e-03 -0.09582223 -0.09221323 -0.08823359 -0.08466522 -0.08122286 
6.57933225e-03 -0.09582223 -0.09221323 -0.08823359 -0.08466522 -0.08122286 
5.33669923e-03 -0.09582223 -0.09221323 -0.08823359 -0.08466522 -0.08122286 
4.32876128e-03 -0.09582223 -0.09221323 -0.08823359 -0.08466522 -0.08122286 
3.51119173e-03 -0.09582223 -0.09221323 -0.08823359 -0.08466522 -0.08122286 
2.84803587e-03 -0.09582223 -0.09221323 -0.08823359 -0.08466522 -0.08122286 
2.31012970e-03 -0.09582223 -0.09221323 -0.08823359 -0.08466522 -0.08122286 
1.87381742e-03 -0.09582223 -0.09221323 -0.08823359 -0.08466522 -0.08122286 
1.51991108e-03 -0.09582223 -0.09221323 -0.08823359 -0.08466522 -0.08122286 
1.23284674e-03 -0.09582223 -0.09221323 -0.08823359 -0.08466522 -0.08122286 
1.00000000e-03 -0.09582223 -0.09221323 -0.08823359 -0.08466522 -0.08122286 
8.11130831e-04 -0.09582223 -0.09221323 -0.08823359 -0.08466522 -0.08122286 
6.57933225e-04 -0.09582223 -0.09221323 -0.08823359 -0.08466522 -0.08122286 
5.33669923e-04 -0.09582223 -0.09221323 -0.08823359 -0.08466522 -0.08122286 
4.32876128e-04 -0.09582223 -0.09221323 -0.08823359 -0.08466522 -0.08122286 
3.51119173e-04 -0.09582223 -0.09221323 -0.08823359 -0.08466522 -0.08122286 
2.84803587e-04 -0.09582223 -0.09221323 -0.08823359 -0.08466522 -0.08122286 
2.31012970e-04 -0.09582223 -0.09221323 -0.08823359 -0.08466522 -0.08122286 
1.87381742e-04 -0.09582223 -0.09221323 -0.08823359 -0.08466522 -0.08122286 
1.51991108e-04 -0.09582223 -0.09221323 -0.08823359 -0.08466522 -0.08122286 
1.23284674e-04 -0.09582223 -0.09221323 -0.08823359 -0.08466522 -0.08122286 
1.00000000e-04 -0.09582223 -0.09221323 -0.08823359 -0.08466522 -0.08122286 
8.11130831e-05 -0.09582223 -0.09221323 -0.08823359 -0.08466522 -0.08122286 
6.57933225e-05 -0.09582223 -0.09221323 -0.08823359 -0.08466522 -0.08122286 
5.33669923e-05 -0.09582223 -0.09221323 -0.08823359 -0.08466522 -0.08122286 
4.32876128e-05 -0.09582223 -0.09221323 -0.08823359 -0.08466522 -0.08122286 
3.51119173e-05 -0.09582223 -0.09221323 -0.08823359 -0.08466522 -0.08122286 
2.84803587e-05 -0.09582223 -0.09221323 -0.08823359 -0.08466522 -0.08122286 
2.31012970e-05 -0.09582223 -0.09221323 -0.08823359 -0.08466522 -0.08122286 
1.87381742e-05 -0.09582223 -0.09221323 -0.08823359 -0.08466522 -0.08122286 
1.51991108e-05 -0.09582223 -0.09221323 -0.08823359 -0.08466522 -0.08122286 
1.23284674e-05 -0.09582223 -0.09221323 -0.08823359 -0.08466522 -0.08122286 
1.00000000e-05 -0.09582223 -0.09221323 -0.08823359 -0.08466522 -0.08122286 
8.11130831e-06 -0.09582223 -0.09221323 -0.08823359 -0.08466522 -0.08122286 
6.57933225e-06 -0.09582223 -0.09221323 -0.08823359 -0.08466522 -0.08122286 
5.33669923e-06 -0.09582223 -0.09221323 -0.08823359 -0.08466522 -0.08122286 
4.32876128e-06 -0.09582223 -0.09221323 -0.08823359 -0.08466522 -0.08122286 
3.51119173e-06 -0.09582223 -0.09221323 -0.08823359 -0.08466522 -0.08122286 
2.84803587e-06 -0.09582223 -0.09221323 -0.08823359 -0.08466522 -0.08122286 
2.31012970e-06 -0.09582223 -0.09221323 -0.08823359 -0.08466522 -0.08122286 
1.87381742e-06 -0.09582223 -0.09221323 -0.08823359 -0.08466522 -0.08122286 
1.51991108e-06 -0.09582223 -0.09221323 -0.08823359 -0.08466522 -0.08122286 
1.23284674e-06 -0.09582223 -0.09221323 -0.08823359 -0.08466522 -0.08122286 
1.00000000e-06 -0.09582223 -0.09221323 -0.08823359 -0.08466522 -0.08122286 
8.11130831e-07 -0.09582223 -0.09221323 -0.08823359 -0.08466522 -0.08122286 
6.57933225e-07 -0.09582223 -0.09221323 -0.08823359 -0.08466522 -0.08122286 
5.33669923e-07 -0.09582223 -0.09221323 -0.08823359 -0.08466522 -0.08122286 
4.32876128e-07 -0.09582223 -0.09221323 -0.08823359 -0.08466522 -0.08122286 
3.51119173e-07 -0.09582223 -0.09221323 -0.08823359 -0.08466522 -0.08122286 
2.84803587e-07 -0.09582223 -0.09221323 -0.08823359 -0.08466522 -0.08122286 
2.31012970e-07 -0.09582223 -0.09221323 -0.08823359 -0.08466522 -0.08122286 
1.87381742e-07 -0.09582223 -0.09221323 -0.08823359 -0.08466522 -0.08122286 
1.51991108e-07 -0.09582223 -0.09221323 -0.08823359 -0.08466522 -0.08122286 
1.23284674e-07 -0.09582223 -0.09221323 -0.08823359 -0.08466522 -0.08122286 
1.00000000e-07 -0.09582223 -0.09221323 -0.08823359 -0.08466522 -0.08122286 
P (bar) | log_He: -2σ | log_He: -1σ | log_He: median | log_He: +1σ | log_He: +2σ 
1.00000000e+02 -0.86537331 -0.86176431 -0.85778467 -0.85421630 -0.85077394 
8.11130831e+01 -0.86537331 -0.86176431 -0.85778467 -0.85421630 -0.85077394 
6.57933225e+01 -0.86537331 -0.86176431 -0.85778467 -0.85421630 -0.85077394 
5.33669923e+01 -0.86537331 -0.86176431 -0.85778467 -0.85421630 -0.85077394 
4.32876128e+01 -0.86537331 -0.86176431 -0.85778467 -0.85421630 -0.85077394 
3.51119173e+01 -0.86537331 -0.86176431 -0.85778467 -0.85421630 -0.85077394 
2.84803587e+01 -0.86537331 -0.86176431 -0.85778467 -0.85421630 -0.85077394 
2.31012970e+01 -0.86537331 -0.86176431 -0.85778467 -0.85421630 -0.85077394 
1.87381742e+01 -0.86537331 -0.86176431 -0.85778467 -0.85421630 -0.85077394 
1.51991108e+01 -0.86537331 -0.86176431 -0.85778467 -0.85421630 -0.85077394 
1.23284674e+01 -0.86537331 -0.86176431 -0.85778467 -0.85421630 -0.85077394 
1.00000000e+01 -0.86537331 -0.86176431 -0.85778467 -0.85421630 -0.85077394 
8.11130831e+00 -0.86537331 -0.86176431 -0.85778467 -0.85421630 -0.85077394 
6.57933225e+00 -0.86537331 -0.86176431 -0.85778467 -0.85421630 -0.85077394 
5.33669923e+00 -0.86537331 -0.86176431 -0.85778467 -0.85421630 -0.85077394 
4.32876128e+00 -0.86537331 -0.86176431 -0.85778467 -0.85421630 -0.85077394 
3.51119173e+00 -0.86537331 -0.86176431 -0.85778467 -0.85421630 -0.85077394 
2.84803587e+00 -0.86537331 -0.86176431 -0.85778467 -0.85421630 -0.85077394 
2.31012970e+00 -0.86537331 -0.86176431 -0.85778467 -0.85421630 -0.85077394 
1.87381742e+00 -0.86537331 -0.86176431 -0.85778467 -0.85421630 -0.85077394 
1.51991108e+00 -0.86537331 -0.86176431 -0.85778467 -0.85421630 -0.85077394 
1.23284674e+00 -0.86537331 -0.86176431 -0.85778467 -0.85421630 -0.85077394 
1.00000000e+00 -0.86537331 -0.86176431 -0.85778467 -0.85421630 -0.85077394 
8.11130831e-01 -0.86537331 -0.86176431 -0.85778467 -0.85421630 -0.85077394 
6.57933225e-01 -0.86537331 -0.86176431 -0.85778467 -0.85421630 -0.85077394 
5.33669923e-01 -0.86537331 -0.86176431 -0.85778467 -0.85421630 -0.85077394 
4.32876128e-01 -0.86537331 -0.86176431 -0.85778467 -0.85421630 -0.85077394 
3.51119173e-01 -0.86537331 -0.86176431 -0.85778467 -0.85421630 -0.85077394 
2.84803587e-01 -0.86537331 -0.86176431 -0.85778467 -0.85421630 -0.85077394 
2.31012970e-01 -0.86537331 -0.86176431 -0.85778467 -0.85421630 -0.85077394 
1.87381742e-01 -0.86537331 -0.86176431 -0.85778467 -0.85421630 -0.85077394 
1.51991108e-01 -0.86537331 -0.86176431 -0.85778467 -0.85421630 -0.85077394 
1.23284674e-01 -0.86537331 -0.86176431 -0.85778467 -0.85421630 -0.85077394 
1.00000000e-01 -0.86537331 -0.86176431 -0.85778467 -0.85421630 -0.85077394 
8.11130831e-02 -0.86537331 -0.86176431 -0.85778467 -0.85421630 -0.85077394 
6.57933225e-02 -0.86537331 -0.86176431 -0.85778467 -0.85421630 -0.85077394 
5.33669923e-02 -0.86537331 -0.86176431 -0.85778467 -0.85421630 -0.85077394 
4.32876128e-02 -0.86537331 -0.86176431 -0.85778467 -0.85421630 -0.85077394 
3.51119173e-02 -0.86537331 -0.86176431 -0.85778467 -0.85421630 -0.85077394 
2.84803587e-02 -0.86537331 -0.86176431 -0.85778467 -0.85421630 -0.85077394 
2.31012970e-02 -0.86537331 -0.86176431 -0.85778467 -0.85421630 -0.85077394 
1.87381742e-02 -0.86537331 -0.86176431 -0.85778467 -0.85421630 -0.85077394 
1.51991108e-02 -0.86537331 -0.86176431 -0.85778467 -0.85421630 -0.85077394 
1.23284674e-02 -0.86537331 -0.86176431 -0.85778467 -0.85421630 -0.85077394 
1.00000000e-02 -0.86537331 -0.86176431 -0.85778467 -0.85421630 -0.85077394 
8.11130831e-03 -0.86537331 -0.86176431 -0.85778467 -0.85421630 -0.85077394 
6.57933225e-03 -0.86537331 -0.86176431 -0.85778467 -0.85421630 -0.85077394 
5.33669923e-03 -0.86537331 -0.86176431 -0.85778467 -0.85421630 -0.85077394 
4.32876128e-03 -0.86537331 -0.86176431 -0.85778467 -0.85421630 -0.85077394 
3.51119173e-03 -0.86537331 -0.86176431 -0.85778467 -0.85421630 -0.85077394 
2.84803587e-03 -0.86537331 -0.86176431 -0.85778467 -0.85421630 -0.85077394 
2.31012970e-03 -0.86537331 -0.86176431 -0.85778467 -0.85421630 -0.85077394 
1.87381742e-03 -0.86537331 -0.86176431 -0.85778467 -0.85421630 -0.85077394 
1.51991108e-03 -0.86537331 -0.86176431 -0.85778467 -0.85421630 -0.85077394 
1.23284674e-03 -0.86537331 -0.86176431 -0.85778467 -0.85421630 -0.85077394 
1.00000000e-03 -0.86537331 -0.86176431 -0.85778467 -0.85421630 -0.85077394 
8.11130831e-04 -0.86537331 -0.86176431 -0.85778467 -0.85421630 -0.85077394 
6.57933225e-04 -0.86537331 -0.86176431 -0.85778467 -0.85421630 -0.85077394 
5.33669923e-04 -0.86537331 -0.86176431 -0.85778467 -0.85421630 -0.85077394 
4.32876128e-04 -0.86537331 -0.86176431 -0.85778467 -0.85421630 -0.85077394 
3.51119173e-04 -0.86537331 -0.86176431 -0.85778467 -0.85421630 -0.85077394 
2.84803587e-04 -0.86537331 -0.86176431 -0.85778467 -0.85421630 -0.85077394 
2.31012970e-04 -0.86537331 -0.86176431 -0.85778467 -0.85421630 -0.85077394 
1.87381742e-04 -0.86537331 -0.86176431 -0.85778467 -0.85421630 -0.85077394 
1.51991108e-04 -0.86537331 -0.86176431 -0.85778467 -0.85421630 -0.85077394 
1.23284674e-04 -0.86537331 -0.86176431 -0.85778467 -0.85421630 -0.85077394 
1.00000000e-04 -0.86537331 -0.86176431 -0.85778467 -0.85421630 -0.85077394 
8.11130831e-05 -0.86537331 -0.86176431 -0.85778467 -0.85421630 -0.85077394 
6.57933225e-05 -0.86537331 -0.86176431 -0.85778467 -0.85421630 -0.85077394 
5.33669923e-05 -0.86537331 -0.86176431 -0.85778467 -0.85421630 -0.85077394 
4.32876128e-05 -0.86537331 -0.86176431 -0.85778467 -0.85421630 -0.85077394 
3.51119173e-05 -0.86537331 -0.86176431 -0.85778467 -0.85421630 -0.85077394 
2.84803587e-05 -0.86537331 -0.86176431 -0.85778467 -0.85421630 -0.85077394 
2.31012970e-05 -0.86537331 -0.86176431 -0.85778467 -0.85421630 -0.85077394 
1.87381742e-05 -0.86537331 -0.86176431 -0.85778467 -0.85421630 -0.85077394 
1.51991108e-05 -0.86537331 -0.86176431 -0.85778467 -0.85421630 -0.85077394 
1.23284674e-05 -0.86537331 -0.86176431 -0.85778467 -0.85421630 -0.85077394 
1.00000000e-05 -0.86537331 -0.86176431 -0.85778467 -0.85421630 -0.85077394 
8.11130831e-06 -0.86537331 -0.86176431 -0.85778467 -0.85421630 -0.85077394 
6.57933225e-06 -0.86537331 -0.86176431 -0.85778467 -0.85421630 -0.85077394 
5.33669923e-06 -0.86537331 -0.86176431 -0.85778467 -0.85421630 -0.85077394 
4.32876128e-06 -0.86537331 -0.86176431 -0.85778467 -0.85421630 -0.85077394 
3.51119173e-06 -0.86537331 -0.86176431 -0.85778467 -0.85421630 -0.85077394 
2.84803587e-06 -0.86537331 -0.86176431 -0.85778467 -0.85421630 -0.85077394 
2.31012970e-06 -0.86537331 -0.86176431 -0.85778467 -0.85421630 -0.85077394 
1.87381742e-06 -0.86537331 -0.86176431 -0.85778467 -0.85421630 -0.85077394 
1.51991108e-06 -0.86537331 -0.86176431 -0.85778467 -0.85421630 -0.85077394 
1.23284674e-06 -0.86537331 -0.86176431 -0.85778467 -0.85421630 -0.85077394 
1.00000000e-06 -0.86537331 -0.86176431 -0.85778467 -0.85421630 -0.85077394 
8.11130831e-07 -0.86537331 -0.86176431 -0.85778467 -0.85421630 -0.85077394 
6.57933225e-07 -0.86537331 -0.86176431 -0.85778467 -0.85421630 -0.85077394 
5.33669923e-07 -0.86537331 -0.86176431 -0.85778467 -0.85421630 -0.85077394 
4.32876128e-07 -0.86537331 -0.86176431 -0.85778467 -0.85421630 -0.85077394 
3.51119173e-07 -0.86537331 -0.86176431 -0.85778467 -0.85421630 -0.85077394 
2.84803587e-07 -0.86537331 -0.86176431 -0.85778467 -0.85421630 -0.85077394 
2.31012970e-07 -0.86537331 -0.86176431 -0.85778467 -0.85421630 -0.85077394 
1.87381742e-07 -0.86537331 -0.86176431 -0.85778467 -0.85421630 -0.85077394 
1.51991108e-07 -0.86537331 -0.86176431 -0.85778467 -0.85421630 -0.85077394 
1.23284674e-07 -0.86537331 -0.86176431 -0.85778467 -0.85421630 -0.85077394 
1.00000000e-07 -0.86537331 -0.86176431 -0.85778467 -0.85421630 -0.85077394 
P (bar) | log_H2O: -2σ | log_H2O: -1σ | log_H2O: median | log_H2O: +1σ | log_H2O: +2σ 
1.00000000e+02 -1.72786328 -1.58107211 -1.47235245 -1.37526912 -1.29885289 
8.11130831e+01 -1.72786328 -1.58107211 -1.47235245 -1.37526912 -1.29885289 
6.57933225e+01 -1.72786328 -1.58107211 -1.47235245 -1.37526912 -1.29885289 
5.33669923e+01 -1.72786328 -1.58107211 -1.47235245 -1.37526912 -1.29885289 
4.32876128e+01 -1.72786328 -1.58107211 -1.47235245 -1.37526912 -1.29885289 
3.51119173e+01 -1.72786328 -1.58107211 -1.47235245 -1.37526912 -1.29885289 
2.84803587e+01 -1.72786328 -1.58107211 -1.47235245 -1.37526912 -1.29885289 
2.31012970e+01 -1.72786328 -1.58107211 -1.47235245 -1.37526912 -1.29885289 
1.87381742e+01 -1.72786328 -1.58107211 -1.47235245 -1.37526912 -1.29885289 
1.51991108e+01 -1.72786328 -1.58107211 -1.47235245 -1.37526912 -1.29885289 
1.23284674e+01 -1.72786328 -1.58107211 -1.47235245 -1.37526912 -1.29885289 
1.00000000e+01 -1.72786328 -1.58107211 -1.47235245 -1.37526912 -1.29885289 
8.11130831e+00 -1.72786328 -1.58107211 -1.47235245 -1.37526912 -1.29885289 
6.57933225e+00 -1.72786328 -1.58107211 -1.47235245 -1.37526912 -1.29885289 
5.33669923e+00 -1.72786328 -1.58107211 -1.47235245 -1.37526912 -1.29885289 
4.32876128e+00 -1.72786328 -1.58107211 -1.47235245 -1.37526912 -1.29885289 
3.51119173e+00 -1.72786328 -1.58107211 -1.47235245 -1.37526912 -1.29885289 
2.84803587e+00 -1.72786328 -1.58107211 -1.47235245 -1.37526912 -1.29885289 
2.31012970e+00 -1.72786328 -1.58107211 -1.47235245 -1.37526912 -1.29885289 
1.87381742e+00 -1.72786328 -1.58107211 -1.47235245 -1.37526912 -1.29885289 
1.51991108e+00 -1.72786328 -1.58107211 -1.47235245 -1.37526912 -1.29885289 
1.23284674e+00 -1.72786328 -1.58107211 -1.47235245 -1.37526912 -1.29885289 
1.00000000e+00 -1.72786328 -1.58107211 -1.47235245 -1.37526912 -1.29885289 
8.11130831e-01 -1.72786328 -1.58107211 -1.47235245 -1.37526912 -1.29885289 
6.57933225e-01 -1.72786328 -1.58107211 -1.47235245 -1.37526912 -1.29885289 
5.33669923e-01 -1.72786328 -1.58107211 -1.47235245 -1.37526912 -1.29885289 
4.32876128e-01 -1.72786328 -1.58107211 -1.47235245 -1.37526912 -1.29885289 
3.51119173e-01 -1.72786328 -1.58107211 -1.47235245 -1.37526912 -1.29885289 
2.84803587e-01 -1.72786328 -1.58107211 -1.47235245 -1.37526912 -1.29885289 
2.31012970e-01 -1.72786328 -1.58107211 -1.47235245 -1.37526912 -1.29885289 
1.87381742e-01 -1.72786328 -1.58107211 -1.47235245 -1.37526912 -1.29885289 
1.51991108e-01 -1.72786328 -1.58107211 -1.47235245 -1.37526912 -1.29885289 
1.23284674e-01 -1.72786328 -1.58107211 -1.47235245 -1.37526912 -1.29885289 
1.00000000e-01 -1.72786328 -1.58107211 -1.47235245 -1.37526912 -1.29885289 
8.11130831e-02 -1.72786328 -1.58107211 -1.47235245 -1.37526912 -1.29885289 
6.57933225e-02 -1.72786328 -1.58107211 -1.47235245 -1.37526912 -1.29885289 
5.33669923e-02 -1.72786328 -1.58107211 -1.47235245 -1.37526912 -1.29885289 
4.32876128e-02 -1.72786328 -1.58107211 -1.47235245 -1.37526912 -1.29885289 
3.51119173e-02 -1.72786328 -1.58107211 -1.47235245 -1.37526912 -1.29885289 
2.84803587e-02 -1.72786328 -1.58107211 -1.47235245 -1.37526912 -1.29885289 
2.31012970e-02 -1.72786328 -1.58107211 -1.47235245 -1.37526912 -1.29885289 
1.87381742e-02 -1.72786328 -1.58107211 -1.47235245 -1.37526912 -1.29885289 
1.51991108e-02 -1.72786328 -1.58107211 -1.47235245 -1.37526912 -1.29885289 
1.23284674e-02 -1.72786328 -1.58107211 -1.47235245 -1.37526912 -1.29885289 
1.00000000e-02 -1.72786328 -1.58107211 -1.47235245 -1.37526912 -1.29885289 
8.11130831e-03 -1.72786328 -1.58107211 -1.47235245 -1.37526912 -1.29885289 
6.57933225e-03 -1.72786328 -1.58107211 -1.47235245 -1.37526912 -1.29885289 
5.33669923e-03 -1.72786328 -1.58107211 -1.47235245 -1.37526912 -1.29885289 
4.32876128e-03 -1.72786328 -1.58107211 -1.47235245 -1.37526912 -1.29885289 
3.51119173e-03 -1.72786328 -1.58107211 -1.47235245 -1.37526912 -1.29885289 
2.84803587e-03 -1.72786328 -1.58107211 -1.47235245 -1.37526912 -1.29885289 
2.31012970e-03 -1.72786328 -1.58107211 -1.47235245 -1.37526912 -1.29885289 
1.87381742e-03 -1.72786328 -1.58107211 -1.47235245 -1.37526912 -1.29885289 
1.51991108e-03 -1.72786328 -1.58107211 -1.47235245 -1.37526912 -1.29885289 
1.23284674e-03 -1.72786328 -1.58107211 -1.47235245 -1.37526912 -1.29885289 
1.00000000e-03 -1.72786328 -1.58107211 -1.47235245 -1.37526912 -1.29885289 
8.11130831e-04 -1.72786328 -1.58107211 -1.47235245 -1.37526912 -1.29885289 
6.57933225e-04 -1.72786328 -1.58107211 -1.47235245 -1.37526912 -1.29885289 
5.33669923e-04 -1.72786328 -1.58107211 -1.47235245 -1.37526912 -1.29885289 
4.32876128e-04 -1.72786328 -1.58107211 -1.47235245 -1.37526912 -1.29885289 
3.51119173e-04 -1.72786328 -1.58107211 -1.47235245 -1.37526912 -1.29885289 
2.84803587e-04 -1.72786328 -1.58107211 -1.47235245 -1.37526912 -1.29885289 
2.31012970e-04 -1.72786328 -1.58107211 -1.47235245 -1.37526912 -1.29885289 
1.87381742e-04 -1.72786328 -1.58107211 -1.47235245 -1.37526912 -1.29885289 
1.51991108e-04 -1.72786328 -1.58107211 -1.47235245 -1.37526912 -1.29885289 
1.23284674e-04 -1.72786328 -1.58107211 -1.47235245 -1.37526912 -1.29885289 
1.00000000e-04 -1.72786328 -1.58107211 -1.47235245 -1.37526912 -1.29885289 
8.11130831e-05 -1.72786328 -1.58107211 -1.47235245 -1.37526912 -1.29885289 
6.57933225e-05 -1.72786328 -1.58107211 -1.47235245 -1.37526912 -1.29885289 
5.33669923e-05 -1.72786328 -1.58107211 -1.47235245 -1.37526912 -1.29885289 
4.32876128e-05 -1.72786328 -1.58107211 -1.47235245 -1.37526912 -1.29885289 
3.51119173e-05 -1.72786328 -1.58107211 -1.47235245 -1.37526912 -1.29885289 
2.84803587e-05 -1.72786328 -1.58107211 -1.47235245 -1.37526912 -1.29885289 
2.31012970e-05 -1.72786328 -1.58107211 -1.47235245 -1.37526912 -1.29885289 
1.87381742e-05 -1.72786328 -1.58107211 -1.47235245 -1.37526912 -1.29885289 
1.51991108e-05 -1.72786328 -1.58107211 -1.47235245 -1.37526912 -1.29885289 
1.23284674e-05 -1.72786328 -1.58107211 -1.47235245 -1.37526912 -1.29885289 
1.00000000e-05 -1.72786328 -1.58107211 -1.47235245 -1.37526912 -1.29885289 
8.11130831e-06 -1.72786328 -1.58107211 -1.47235245 -1.37526912 -1.29885289 
6.57933225e-06 -1.72786328 -1.58107211 -1.47235245 -1.37526912 -1.29885289 
5.33669923e-06 -1.72786328 -1.58107211 -1.47235245 -1.37526912 -1.29885289 
4.32876128e-06 -1.72786328 -1.58107211 -1.47235245 -1.37526912 -1.29885289 
3.51119173e-06 -1.72786328 -1.58107211 -1.47235245 -1.37526912 -1.29885289 
2.84803587e-06 -1.72786328 -1.58107211 -1.47235245 -1.37526912 -1.29885289 
2.31012970e-06 -1.72786328 -1.58107211 -1.47235245 -1.37526912 -1.29885289 
1.87381742e-06 -1.72786328 -1.58107211 -1.47235245 -1.37526912 -1.29885289 
1.51991108e-06 -1.72786328 -1.58107211 -1.47235245 -1.37526912 -1.29885289 
1.23284674e-06 -1.72786328 -1.58107211 -1.47235245 -1.37526912 -1.29885289 
1.00000000e-06 -1.72786328 -1.58107211 -1.47235245 -1.37526912 -1.29885289 
8.11130831e-07 -1.72786328 -1.58107211 -1.47235245 -1.37526912 -1.29885289 
6.57933225e-07 -1.72786328 -1.58107211 -1.47235245 -1.37526912 -1.29885289 
5.33669923e-07 -1.72786328 -1.58107211 -1.47235245 -1.37526912 -1.29885289 
4.32876128e-07 -1.72786328 -1.58107211 -1.47235245 -1.37526912 -1.29885289 
3.51119173e-07 -1.72786328 -1.58107211 -1.47235245 -1.37526912 -1.29885289 
2.84803587e-07 -1.72786328 -1.58107211 -1.47235245 -1.37526912 -1.29885289 
2.31012970e-07 -1.72786328 -1.58107211 -1.47235245 -1.37526912 -1.29885289 
1.87381742e-07 -1.72786328 -1.58107211 -1.47235245 -1.37526912 -1.29885289 
1.51991108e-07 -1.72786328 -1.58107211 -1.47235245 -1.37526912 -1.29885289 
1.23284674e-07 -1.72786328 -1.58107211 -1.47235245 -1.37526912 -1.29885289 
1.00000000e-07 -1.72786328 -1.58107211 -1.47235245 -1.37526912 -1.29885289 
P (bar) | log_CO2: -2σ | log_CO2: -1σ | log_CO2: median | log_CO2: +1σ | log_CO2: +2σ 
1.00000000e+02 -3.20872786 -3.04009084 -2.88762140 -2.73917262 -2.59366465 
8.11130831e+01 -3.20872786 -3.04009084 -2.88762140 -2.73917262 -2.59366465 
6.57933225e+01 -3.20872786 -3.04009084 -2.88762140 -2.73917262 -2.59366465 
5.33669923e+01 -3.20872786 -3.04009084 -2.88762140 -2.73917262 -2.59366465 
4.32876128e+01 -3.20872786 -3.04009084 -2.88762140 -2.73917262 -2.59366465 
3.51119173e+01 -3.20872786 -3.04009084 -2.88762140 -2.73917262 -2.59366465 
2.84803587e+01 -3.20872786 -3.04009084 -2.88762140 -2.73917262 -2.59366465 
2.31012970e+01 -3.20872786 -3.04009084 -2.88762140 -2.73917262 -2.59366465 
1.87381742e+01 -3.20872786 -3.04009084 -2.88762140 -2.73917262 -2.59366465 
1.51991108e+01 -3.20872786 -3.04009084 -2.88762140 -2.73917262 -2.59366465 
1.23284674e+01 -3.20872786 -3.04009084 -2.88762140 -2.73917262 -2.59366465 
1.00000000e+01 -3.20872786 -3.04009084 -2.88762140 -2.73917262 -2.59366465 
8.11130831e+00 -3.20872786 -3.04009084 -2.88762140 -2.73917262 -2.59366465 
6.57933225e+00 -3.20872786 -3.04009084 -2.88762140 -2.73917262 -2.59366465 
5.33669923e+00 -3.20872786 -3.04009084 -2.88762140 -2.73917262 -2.59366465 
4.32876128e+00 -3.20872786 -3.04009084 -2.88762140 -2.73917262 -2.59366465 
3.51119173e+00 -3.20872786 -3.04009084 -2.88762140 -2.73917262 -2.59366465 
2.84803587e+00 -3.20872786 -3.04009084 -2.88762140 -2.73917262 -2.59366465 
2.31012970e+00 -3.20872786 -3.04009084 -2.88762140 -2.73917262 -2.59366465 
1.87381742e+00 -3.20872786 -3.04009084 -2.88762140 -2.73917262 -2.59366465 
1.51991108e+00 -3.20872786 -3.04009084 -2.88762140 -2.73917262 -2.59366465 
1.23284674e+00 -3.20872786 -3.04009084 -2.88762140 -2.73917262 -2.59366465 
1.00000000e+00 -3.20872786 -3.04009084 -2.88762140 -2.73917262 -2.59366465 
8.11130831e-01 -3.20872786 -3.04009084 -2.88762140 -2.73917262 -2.59366465 
6.57933225e-01 -3.20872786 -3.04009084 -2.88762140 -2.73917262 -2.59366465 
5.33669923e-01 -3.20872786 -3.04009084 -2.88762140 -2.73917262 -2.59366465 
4.32876128e-01 -3.20872786 -3.04009084 -2.88762140 -2.73917262 -2.59366465 
3.51119173e-01 -3.20872786 -3.04009084 -2.88762140 -2.73917262 -2.59366465 
2.84803587e-01 -3.20872786 -3.04009084 -2.88762140 -2.73917262 -2.59366465 
2.31012970e-01 -3.20872786 -3.04009084 -2.88762140 -2.73917262 -2.59366465 
1.87381742e-01 -3.20872786 -3.04009084 -2.88762140 -2.73917262 -2.59366465 
1.51991108e-01 -3.20872786 -3.04009084 -2.88762140 -2.73917262 -2.59366465 
1.23284674e-01 -3.20872786 -3.04009084 -2.88762140 -2.73917262 -2.59366465 
1.00000000e-01 -3.20872786 -3.04009084 -2.88762140 -2.73917262 -2.59366465 
8.11130831e-02 -3.20872786 -3.04009084 -2.88762140 -2.73917262 -2.59366465 
6.57933225e-02 -3.20872786 -3.04009084 -2.88762140 -2.73917262 -2.59366465 
5.33669923e-02 -3.20872786 -3.04009084 -2.88762140 -2.73917262 -2.59366465 
4.32876128e-02 -3.20872786 -3.04009084 -2.88762140 -2.73917262 -2.59366465 
3.51119173e-02 -3.20872786 -3.04009084 -2.88762140 -2.73917262 -2.59366465 
2.84803587e-02 -3.20872786 -3.04009084 -2.88762140 -2.73917262 -2.59366465 
2.31012970e-02 -3.20872786 -3.04009084 -2.88762140 -2.73917262 -2.59366465 
1.87381742e-02 -3.20872786 -3.04009084 -2.88762140 -2.73917262 -2.59366465 
1.51991108e-02 -3.20872786 -3.04009084 -2.88762140 -2.73917262 -2.59366465 
1.23284674e-02 -3.20872786 -3.04009084 -2.88762140 -2.73917262 -2.59366465 
1.00000000e-02 -3.20872786 -3.04009084 -2.88762140 -2.73917262 -2.59366465 
8.11130831e-03 -3.20872786 -3.04009084 -2.88762140 -2.73917262 -2.59366465 
6.57933225e-03 -3.20872786 -3.04009084 -2.88762140 -2.73917262 -2.59366465 
5.33669923e-03 -3.20872786 -3.04009084 -2.88762140 -2.73917262 -2.59366465 
4.32876128e-03 -3.20872786 -3.04009084 -2.88762140 -2.73917262 -2.59366465 
3.51119173e-03 -3.20872786 -3.04009084 -2.88762140 -2.73917262 -2.59366465 
2.84803587e-03 -3.20872786 -3.04009084 -2.88762140 -2.73917262 -2.59366465 
2.31012970e-03 -3.20872786 -3.04009084 -2.88762140 -2.73917262 -2.59366465 
1.87381742e-03 -3.20872786 -3.04009084 -2.88762140 -2.73917262 -2.59366465 
1.51991108e-03 -3.20872786 -3.04009084 -2.88762140 -2.73917262 -2.59366465 
1.23284674e-03 -3.20872786 -3.04009084 -2.88762140 -2.73917262 -2.59366465 
1.00000000e-03 -3.20872786 -3.04009084 -2.88762140 -2.73917262 -2.59366465 
8.11130831e-04 -3.20872786 -3.04009084 -2.88762140 -2.73917262 -2.59366465 
6.57933225e-04 -3.20872786 -3.04009084 -2.88762140 -2.73917262 -2.59366465 
5.33669923e-04 -3.20872786 -3.04009084 -2.88762140 -2.73917262 -2.59366465 
4.32876128e-04 -3.20872786 -3.04009084 -2.88762140 -2.73917262 -2.59366465 
3.51119173e-04 -3.20872786 -3.04009084 -2.88762140 -2.73917262 -2.59366465 
2.84803587e-04 -3.20872786 -3.04009084 -2.88762140 -2.73917262 -2.59366465 
2.31012970e-04 -3.20872786 -3.04009084 -2.88762140 -2.73917262 -2.59366465 
1.87381742e-04 -3.20872786 -3.04009084 -2.88762140 -2.73917262 -2.59366465 
1.51991108e-04 -3.20872786 -3.04009084 -2.88762140 -2.73917262 -2.59366465 
1.23284674e-04 -3.20872786 -3.04009084 -2.88762140 -2.73917262 -2.59366465 
1.00000000e-04 -3.20872786 -3.04009084 -2.88762140 -2.73917262 -2.59366465 
8.11130831e-05 -3.20872786 -3.04009084 -2.88762140 -2.73917262 -2.59366465 
6.57933225e-05 -3.20872786 -3.04009084 -2.88762140 -2.73917262 -2.59366465 
5.33669923e-05 -3.20872786 -3.04009084 -2.88762140 -2.73917262 -2.59366465 
4.32876128e-05 -3.20872786 -3.04009084 -2.88762140 -2.73917262 -2.59366465 
3.51119173e-05 -3.20872786 -3.04009084 -2.88762140 -2.73917262 -2.59366465 
2.84803587e-05 -3.20872786 -3.04009084 -2.88762140 -2.73917262 -2.59366465 
2.31012970e-05 -3.20872786 -3.04009084 -2.88762140 -2.73917262 -2.59366465 
1.87381742e-05 -3.20872786 -3.04009084 -2.88762140 -2.73917262 -2.59366465 
1.51991108e-05 -3.20872786 -3.04009084 -2.88762140 -2.73917262 -2.59366465 
1.23284674e-05 -3.20872786 -3.04009084 -2.88762140 -2.73917262 -2.59366465 
1.00000000e-05 -3.20872786 -3.04009084 -2.88762140 -2.73917262 -2.59366465 
8.11130831e-06 -3.20872786 -3.04009084 -2.88762140 -2.73917262 -2.59366465 
6.57933225e-06 -3.20872786 -3.04009084 -2.88762140 -2.73917262 -2.59366465 
5.33669923e-06 -3.20872786 -3.04009084 -2.88762140 -2.73917262 -2.59366465 
4.32876128e-06 -3.20872786 -3.04009084 -2.88762140 -2.73917262 -2.59366465 
3.51119173e-06 -3.20872786 -3.04009084 -2.88762140 -2.73917262 -2.59366465 
2.84803587e-06 -3.20872786 -3.04009084 -2.88762140 -2.73917262 -2.59366465 
2.31012970e-06 -3.20872786 -3.04009084 -2.88762140 -2.73917262 -2.59366465 
1.87381742e-06 -3.20872786 -3.04009084 -2.88762140 -2.73917262 -2.59366465 
1.51991108e-06 -3.20872786 -3.04009084 -2.88762140 -2.73917262 -2.59366465 
1.23284674e-06 -3.20872786 -3.04009084 -2.88762140 -2.73917262 -2.59366465 
1.00000000e-06 -3.20872786 -3.04009084 -2.88762140 -2.73917262 -2.59366465 
8.11130831e-07 -3.20872786 -3.04009084 -2.88762140 -2.73917262 -2.59366465 
6.57933225e-07 -3.20872786 -3.04009084 -2.88762140 -2.73917262 -2.59366465 
5.33669923e-07 -3.20872786 -3.04009084 -2.88762140 -2.73917262 -2.59366465 
4.32876128e-07 -3.20872786 -3.04009084 -2.88762140 -2.73917262 -2.59366465 
3.51119173e-07 -3.20872786 -3.04009084 -2.88762140 -2.73917262 -2.59366465 
2.84803587e-07 -3.20872786 -3.04009084 -2.88762140 -2.73917262 -2.59366465 
2.31012970e-07 -3.20872786 -3.04009084 -2.88762140 -2.73917262 -2.59366465 
1.87381742e-07 -3.20872786 -3.04009084 -2.88762140 -2.73917262 -2.59366465 
1.51991108e-07 -3.20872786 -3.04009084 -2.88762140 -2.73917262 -2.59366465 
1.23284674e-07 -3.20872786 -3.04009084 -2.88762140 -2.73917262 -2.59366465 
1.00000000e-07 -3.20872786 -3.04009084 -2.88762140 -2.73917262 -2.59366465 
P (bar) | log_SO2: -2σ | log_SO2: -1σ | log_SO2: median | log_SO2: +1σ | log_SO2: +2σ 
1.00000000e+02 -7.96712673 -7.58010178 -6.65496119 -6.04943370 -5.66401332 
8.11130831e+01 -7.96712673 -7.58010178 -6.65496119 -6.04943370 -5.66401332 
6.57933225e+01 -7.96712673 -7.58010178 -6.65496119 -6.04943370 -5.66401332 
5.33669923e+01 -7.96712673 -7.58010178 -6.65496119 -6.04943370 -5.66401332 
4.32876128e+01 -7.96712673 -7.58010178 -6.65496119 -6.04943370 -5.66401332 
3.51119173e+01 -7.96712673 -7.58010178 -6.65496119 -6.04943370 -5.66401332 
2.84803587e+01 -7.96712673 -7.58010178 -6.65496119 -6.04943370 -5.66401332 
2.31012970e+01 -7.96712673 -7.58010178 -6.65496119 -6.04943370 -5.66401332 
1.87381742e+01 -7.96712673 -7.58010178 -6.65496119 -6.04943370 -5.66401332 
1.51991108e+01 -7.96712673 -7.58010178 -6.65496119 -6.04943370 -5.66401332 
1.23284674e+01 -7.96712673 -7.58010178 -6.65496119 -6.04943370 -5.66401332 
1.00000000e+01 -7.96712673 -7.58010178 -6.65496119 -6.04943370 -5.66401332 
8.11130831e+00 -7.96712673 -7.58010178 -6.65496119 -6.04943370 -5.66401332 
6.57933225e+00 -7.96712673 -7.58010178 -6.65496119 -6.04943370 -5.66401332 
5.33669923e+00 -7.96712673 -7.58010178 -6.65496119 -6.04943370 -5.66401332 
4.32876128e+00 -7.96712673 -7.58010178 -6.65496119 -6.04943370 -5.66401332 
3.51119173e+00 -7.96712673 -7.58010178 -6.65496119 -6.04943370 -5.66401332 
2.84803587e+00 -7.96712673 -7.58010178 -6.65496119 -6.04943370 -5.66401332 
2.31012970e+00 -7.96712673 -7.58010178 -6.65496119 -6.04943370 -5.66401332 
1.87381742e+00 -7.96712673 -7.58010178 -6.65496119 -6.04943370 -5.66401332 
1.51991108e+00 -7.96712673 -7.58010178 -6.65496119 -6.04943370 -5.66401332 
1.23284674e+00 -7.96712673 -7.58010178 -6.65496119 -6.04943370 -5.66401332 
1.00000000e+00 -7.96712673 -7.58010178 -6.65496119 -6.04943370 -5.66401332 
8.11130831e-01 -7.96712673 -7.58010178 -6.65496119 -6.04943370 -5.66401332 
6.57933225e-01 -7.96712673 -7.58010178 -6.65496119 -6.04943370 -5.66401332 
5.33669923e-01 -7.96712673 -7.58010178 -6.65496119 -6.04943370 -5.66401332 
4.32876128e-01 -7.96712673 -7.58010178 -6.65496119 -6.04943370 -5.66401332 
3.51119173e-01 -7.96712673 -7.58010178 -6.65496119 -6.04943370 -5.66401332 
2.84803587e-01 -7.96712673 -7.58010178 -6.65496119 -6.04943370 -5.66401332 
2.31012970e-01 -7.96712673 -7.58010178 -6.65496119 -6.04943370 -5.66401332 
1.87381742e-01 -7.96712673 -7.58010178 -6.65496119 -6.04943370 -5.66401332 
1.51991108e-01 -7.96712673 -7.58010178 -6.65496119 -6.04943370 -5.66401332 
1.23284674e-01 -7.96712673 -7.58010178 -6.65496119 -6.04943370 -5.66401332 
1.00000000e-01 -7.96712673 -7.58010178 -6.65496119 -6.04943370 -5.66401332 
8.11130831e-02 -7.96712673 -7.58010178 -6.65496119 -6.04943370 -5.66401332 
6.57933225e-02 -7.96712673 -7.58010178 -6.65496119 -6.04943370 -5.66401332 
5.33669923e-02 -7.96712673 -7.58010178 -6.65496119 -6.04943370 -5.66401332 
4.32876128e-02 -7.96712673 -7.58010178 -6.65496119 -6.04943370 -5.66401332 
3.51119173e-02 -7.96712673 -7.58010178 -6.65496119 -6.04943370 -5.66401332 
2.84803587e-02 -7.96712673 -7.58010178 -6.65496119 -6.04943370 -5.66401332 
2.31012970e-02 -7.96712673 -7.58010178 -6.65496119 -6.04943370 -5.66401332 
1.87381742e-02 -7.96712673 -7.58010178 -6.65496119 -6.04943370 -5.66401332 
1.51991108e-02 -7.96712673 -7.58010178 -6.65496119 -6.04943370 -5.66401332 
1.23284674e-02 -7.96712673 -7.58010178 -6.65496119 -6.04943370 -5.66401332 
1.00000000e-02 -7.96712673 -7.58010178 -6.65496119 -6.04943370 -5.66401332 
8.11130831e-03 -7.96712673 -7.58010178 -6.65496119 -6.04943370 -5.66401332 
6.57933225e-03 -7.96712673 -7.58010178 -6.65496119 -6.04943370 -5.66401332 
5.33669923e-03 -7.96712673 -7.58010178 -6.65496119 -6.04943370 -5.66401332 
4.32876128e-03 -7.96712673 -7.58010178 -6.65496119 -6.04943370 -5.66401332 
3.51119173e-03 -7.96712673 -7.58010178 -6.65496119 -6.04943370 -5.66401332 
2.84803587e-03 -7.96712673 -7.58010178 -6.65496119 -6.04943370 -5.66401332 
2.31012970e-03 -7.96712673 -7.58010178 -6.65496119 -6.04943370 -5.66401332 
1.87381742e-03 -7.96712673 -7.58010178 -6.65496119 -6.04943370 -5.66401332 
1.51991108e-03 -7.96712673 -7.58010178 -6.65496119 -6.04943370 -5.66401332 
1.23284674e-03 -7.96712673 -7.58010178 -6.65496119 -6.04943370 -5.66401332 
1.00000000e-03 -7.96712673 -7.58010178 -6.65496119 -6.04943370 -5.66401332 
8.11130831e-04 -7.96712673 -7.58010178 -6.65496119 -6.04943370 -5.66401332 
6.57933225e-04 -7.96712673 -7.58010178 -6.65496119 -6.04943370 -5.66401332 
5.33669923e-04 -7.96712673 -7.58010178 -6.65496119 -6.04943370 -5.66401332 
4.32876128e-04 -7.96712673 -7.58010178 -6.65496119 -6.04943370 -5.66401332 
3.51119173e-04 -7.96712673 -7.58010178 -6.65496119 -6.04943370 -5.66401332 
2.84803587e-04 -7.96712673 -7.58010178 -6.65496119 -6.04943370 -5.66401332 
2.31012970e-04 -7.96712673 -7.58010178 -6.65496119 -6.04943370 -5.66401332 
1.87381742e-04 -7.96712673 -7.58010178 -6.65496119 -6.04943370 -5.66401332 
1.51991108e-04 -7.96712673 -7.58010178 -6.65496119 -6.04943370 -5.66401332 
1.23284674e-04 -7.96712673 -7.58010178 -6.65496119 -6.04943370 -5.66401332 
1.00000000e-04 -7.96712673 -7.58010178 -6.65496119 -6.04943370 -5.66401332 
8.11130831e-05 -7.96712673 -7.58010178 -6.65496119 -6.04943370 -5.66401332 
6.57933225e-05 -7.96712673 -7.58010178 -6.65496119 -6.04943370 -5.66401332 
5.33669923e-05 -7.96712673 -7.58010178 -6.65496119 -6.04943370 -5.66401332 
4.32876128e-05 -7.96712673 -7.58010178 -6.65496119 -6.04943370 -5.66401332 
3.51119173e-05 -7.96712673 -7.58010178 -6.65496119 -6.04943370 -5.66401332 
2.84803587e-05 -7.96712673 -7.58010178 -6.65496119 -6.04943370 -5.66401332 
2.31012970e-05 -7.96712673 -7.58010178 -6.65496119 -6.04943370 -5.66401332 
1.87381742e-05 -7.96712673 -7.58010178 -6.65496119 -6.04943370 -5.66401332 
1.51991108e-05 -7.96712673 -7.58010178 -6.65496119 -6.04943370 -5.66401332 
1.23284674e-05 -7.96712673 -7.58010178 -6.65496119 -6.04943370 -5.66401332 
1.00000000e-05 -7.96712673 -7.58010178 -6.65496119 -6.04943370 -5.66401332 
8.11130831e-06 -7.96712673 -7.58010178 -6.65496119 -6.04943370 -5.66401332 
6.57933225e-06 -7.96712673 -7.58010178 -6.65496119 -6.04943370 -5.66401332 
5.33669923e-06 -7.96712673 -7.58010178 -6.65496119 -6.04943370 -5.66401332 
4.32876128e-06 -7.96712673 -7.58010178 -6.65496119 -6.04943370 -5.66401332 
3.51119173e-06 -7.96712673 -7.58010178 -6.65496119 -6.04943370 -5.66401332 
2.84803587e-06 -7.96712673 -7.58010178 -6.65496119 -6.04943370 -5.66401332 
2.31012970e-06 -7.96712673 -7.58010178 -6.65496119 -6.04943370 -5.66401332 
1.87381742e-06 -7.96712673 -7.58010178 -6.65496119 -6.04943370 -5.66401332 
1.51991108e-06 -7.96712673 -7.58010178 -6.65496119 -6.04943370 -5.66401332 
1.23284674e-06 -7.96712673 -7.58010178 -6.65496119 -6.04943370 -5.66401332 
1.00000000e-06 -7.96712673 -7.58010178 -6.65496119 -6.04943370 -5.66401332 
8.11130831e-07 -7.96712673 -7.58010178 -6.65496119 -6.04943370 -5.66401332 
6.57933225e-07 -7.96712673 -7.58010178 -6.65496119 -6.04943370 -5.66401332 
5.33669923e-07 -7.96712673 -7.58010178 -6.65496119 -6.04943370 -5.66401332 
4.32876128e-07 -7.96712673 -7.58010178 -6.65496119 -6.04943370 -5.66401332 
3.51119173e-07 -7.96712673 -7.58010178 -6.65496119 -6.04943370 -5.66401332 
2.84803587e-07 -7.96712673 -7.58010178 -6.65496119 -6.04943370 -5.66401332 
2.31012970e-07 -7.96712673 -7.58010178 -6.65496119 -6.04943370 -5.66401332 
1.87381742e-07 -7.96712673 -7.58010178 -6.65496119 -6.04943370 -5.66401332 
1.51991108e-07 -7.96712673 -7.58010178 -6.65496119 -6.04943370 -5.66401332 
1.23284674e-07 -7.96712673 -7.58010178 -6.65496119 -6.04943370 -5.66401332 
1.00000000e-07 -7.96712673 -7.58010178 -6.65496119 -6.04943370 -5.66401332 
P (bar) | log_K: -2σ | log_K: -1σ | log_K: median | log_K: +1σ | log_K: +2σ 
1.00000000e+02 -6.71668356 -6.50580381 -6.29789231 -6.13660524 -6.03165317 
8.11130831e+01 -6.71668356 -6.50580381 -6.29789231 -6.13660524 -6.03165317 
6.57933225e+01 -6.71668356 -6.50580381 -6.29789231 -6.13660524 -6.03165317 
5.33669923e+01 -6.71668356 -6.50580381 -6.29789231 -6.13660524 -6.03165317 
4.32876128e+01 -6.71668356 -6.50580381 -6.29789231 -6.13660524 -6.03165317 
3.51119173e+01 -6.71668356 -6.50580381 -6.29789231 -6.13660524 -6.03165317 
2.84803587e+01 -6.71668356 -6.50580381 -6.29789231 -6.13660524 -6.03165317 
2.31012970e+01 -6.71668356 -6.50580381 -6.29789231 -6.13660524 -6.03165317 
1.87381742e+01 -6.71668356 -6.50580381 -6.29789231 -6.13660524 -6.03165317 
1.51991108e+01 -6.71668356 -6.50580381 -6.29789231 -6.13660524 -6.03165317 
1.23284674e+01 -6.71668356 -6.50580381 -6.29789231 -6.13660524 -6.03165317 
1.00000000e+01 -6.71668356 -6.50580381 -6.29789231 -6.13660524 -6.03165317 
8.11130831e+00 -6.71668356 -6.50580381 -6.29789231 -6.13660524 -6.03165317 
6.57933225e+00 -6.71668356 -6.50580381 -6.29789231 -6.13660524 -6.03165317 
5.33669923e+00 -6.71668356 -6.50580381 -6.29789231 -6.13660524 -6.03165317 
4.32876128e+00 -6.71668356 -6.50580381 -6.29789231 -6.13660524 -6.03165317 
3.51119173e+00 -6.71668356 -6.50580381 -6.29789231 -6.13660524 -6.03165317 
2.84803587e+00 -6.71668356 -6.50580381 -6.29789231 -6.13660524 -6.03165317 
2.31012970e+00 -6.71668356 -6.50580381 -6.29789231 -6.13660524 -6.03165317 
1.87381742e+00 -6.71668356 -6.50580381 -6.29789231 -6.13660524 -6.03165317 
1.51991108e+00 -6.71668356 -6.50580381 -6.29789231 -6.13660524 -6.03165317 
1.23284674e+00 -6.71668356 -6.50580381 -6.29789231 -6.13660524 -6.03165317 
1.00000000e+00 -6.71668356 -6.50580381 -6.29789231 -6.13660524 -6.03165317 
8.11130831e-01 -6.71668356 -6.50580381 -6.29789231 -6.13660524 -6.03165317 
6.57933225e-01 -6.71668356 -6.50580381 -6.29789231 -6.13660524 -6.03165317 
5.33669923e-01 -6.71668356 -6.50580381 -6.29789231 -6.13660524 -6.03165317 
4.32876128e-01 -6.71668356 -6.50580381 -6.29789231 -6.13660524 -6.03165317 
3.51119173e-01 -6.71668356 -6.50580381 -6.29789231 -6.13660524 -6.03165317 
2.84803587e-01 -6.71668356 -6.50580381 -6.29789231 -6.13660524 -6.03165317 
2.31012970e-01 -6.71668356 -6.50580381 -6.29789231 -6.13660524 -6.03165317 
1.87381742e-01 -6.71668356 -6.50580381 -6.29789231 -6.13660524 -6.03165317 
1.51991108e-01 -6.71668356 -6.50580381 -6.29789231 -6.13660524 -6.03165317 
1.23284674e-01 -6.71668356 -6.50580381 -6.29789231 -6.13660524 -6.03165317 
1.00000000e-01 -6.71668356 -6.50580381 -6.29789231 -6.13660524 -6.03165317 
8.11130831e-02 -6.71668356 -6.50580381 -6.29789231 -6.13660524 -6.03165317 
6.57933225e-02 -6.71668356 -6.50580381 -6.29789231 -6.13660524 -6.03165317 
5.33669923e-02 -6.71668356 -6.50580381 -6.29789231 -6.13660524 -6.03165317 
4.32876128e-02 -6.71668356 -6.50580381 -6.29789231 -6.13660524 -6.03165317 
3.51119173e-02 -6.71668356 -6.50580381 -6.29789231 -6.13660524 -6.03165317 
2.84803587e-02 -6.71668356 -6.50580381 -6.29789231 -6.13660524 -6.03165317 
2.31012970e-02 -6.71668356 -6.50580381 -6.29789231 -6.13660524 -6.03165317 
1.87381742e-02 -6.71668356 -6.50580381 -6.29789231 -6.13660524 -6.03165317 
1.51991108e-02 -6.71668356 -6.50580381 -6.29789231 -6.13660524 -6.03165317 
1.23284674e-02 -6.71668356 -6.50580381 -6.29789231 -6.13660524 -6.03165317 
1.00000000e-02 -6.71668356 -6.50580381 -6.29789231 -6.13660524 -6.03165317 
8.11130831e-03 -6.71668356 -6.50580381 -6.29789231 -6.13660524 -6.03165317 
6.57933225e-03 -6.71668356 -6.50580381 -6.29789231 -6.13660524 -6.03165317 
5.33669923e-03 -6.71668356 -6.50580381 -6.29789231 -6.13660524 -6.03165317 
4.32876128e-03 -6.71668356 -6.50580381 -6.29789231 -6.13660524 -6.03165317 
3.51119173e-03 -6.71668356 -6.50580381 -6.29789231 -6.13660524 -6.03165317 
2.84803587e-03 -6.71668356 -6.50580381 -6.29789231 -6.13660524 -6.03165317 
2.31012970e-03 -6.71668356 -6.50580381 -6.29789231 -6.13660524 -6.03165317 
1.87381742e-03 -6.71668356 -6.50580381 -6.29789231 -6.13660524 -6.03165317 
1.51991108e-03 -6.71668356 -6.50580381 -6.29789231 -6.13660524 -6.03165317 
1.23284674e-03 -6.71668356 -6.50580381 -6.29789231 -6.13660524 -6.03165317 
1.00000000e-03 -6.71668356 -6.50580381 -6.29789231 -6.13660524 -6.03165317 
8.11130831e-04 -6.71668356 -6.50580381 -6.29789231 -6.13660524 -6.03165317 
6.57933225e-04 -6.71668356 -6.50580381 -6.29789231 -6.13660524 -6.03165317 
5.33669923e-04 -6.71668356 -6.50580381 -6.29789231 -6.13660524 -6.03165317 
4.32876128e-04 -6.71668356 -6.50580381 -6.29789231 -6.13660524 -6.03165317 
3.51119173e-04 -6.71668356 -6.50580381 -6.29789231 -6.13660524 -6.03165317 
2.84803587e-04 -6.71668356 -6.50580381 -6.29789231 -6.13660524 -6.03165317 
2.31012970e-04 -6.71668356 -6.50580381 -6.29789231 -6.13660524 -6.03165317 
1.87381742e-04 -6.71668356 -6.50580381 -6.29789231 -6.13660524 -6.03165317 
1.51991108e-04 -6.71668356 -6.50580381 -6.29789231 -6.13660524 -6.03165317 
1.23284674e-04 -6.71668356 -6.50580381 -6.29789231 -6.13660524 -6.03165317 
1.00000000e-04 -6.71668356 -6.50580381 -6.29789231 -6.13660524 -6.03165317 
8.11130831e-05 -6.71668356 -6.50580381 -6.29789231 -6.13660524 -6.03165317 
6.57933225e-05 -6.71668356 -6.50580381 -6.29789231 -6.13660524 -6.03165317 
5.33669923e-05 -6.71668356 -6.50580381 -6.29789231 -6.13660524 -6.03165317 
4.32876128e-05 -6.71668356 -6.50580381 -6.29789231 -6.13660524 -6.03165317 
3.51119173e-05 -6.71668356 -6.50580381 -6.29789231 -6.13660524 -6.03165317 
2.84803587e-05 -6.71668356 -6.50580381 -6.29789231 -6.13660524 -6.03165317 
2.31012970e-05 -6.71668356 -6.50580381 -6.29789231 -6.13660524 -6.03165317 
1.87381742e-05 -6.71668356 -6.50580381 -6.29789231 -6.13660524 -6.03165317 
1.51991108e-05 -6.71668356 -6.50580381 -6.29789231 -6.13660524 -6.03165317 
1.23284674e-05 -6.71668356 -6.50580381 -6.29789231 -6.13660524 -6.03165317 
1.00000000e-05 -6.71668356 -6.50580381 -6.29789231 -6.13660524 -6.03165317 
8.11130831e-06 -6.71668356 -6.50580381 -6.29789231 -6.13660524 -6.03165317 
6.57933225e-06 -6.71668356 -6.50580381 -6.29789231 -6.13660524 -6.03165317 
5.33669923e-06 -6.71668356 -6.50580381 -6.29789231 -6.13660524 -6.03165317 
4.32876128e-06 -6.71668356 -6.50580381 -6.29789231 -6.13660524 -6.03165317 
3.51119173e-06 -6.71668356 -6.50580381 -6.29789231 -6.13660524 -6.03165317 
2.84803587e-06 -6.71668356 -6.50580381 -6.29789231 -6.13660524 -6.03165317 
2.31012970e-06 -6.71668356 -6.50580381 -6.29789231 -6.13660524 -6.03165317 
1.87381742e-06 -6.71668356 -6.50580381 -6.29789231 -6.13660524 -6.03165317 
1.51991108e-06 -6.71668356 -6.50580381 -6.29789231 -6.13660524 -6.03165317 
1.23284674e-06 -6.71668356 -6.50580381 -6.29789231 -6.13660524 -6.03165317 
1.00000000e-06 -6.71668356 -6.50580381 -6.29789231 -6.13660524 -6.03165317 
8.11130831e-07 -6.71668356 -6.50580381 -6.29789231 -6.13660524 -6.03165317 
6.57933225e-07 -6.71668356 -6.50580381 -6.29789231 -6.13660524 -6.03165317 
5.33669923e-07 -6.71668356 -6.50580381 -6.29789231 -6.13660524 -6.03165317 
4.32876128e-07 -6.71668356 -6.50580381 -6.29789231 -6.13660524 -6.03165317 
3.51119173e-07 -6.71668356 -6.50580381 -6.29789231 -6.13660524 -6.03165317 
2.84803587e-07 -6.71668356 -6.50580381 -6.29789231 -6.13660524 -6.03165317 
2.31012970e-07 -6.71668356 -6.50580381 -6.29789231 -6.13660524 -6.03165317 
1.87381742e-07 -6.71668356 -6.50580381 -6.29789231 -6.13660524 -6.03165317 
1.51991108e-07 -6.71668356 -6.50580381 -6.29789231 -6.13660524 -6.03165317 
1.23284674e-07 -6.71668356 -6.50580381 -6.29789231 -6.13660524 -6.03165317 
1.00000000e-07 -6.71668356 -6.50580381 -6.29789231 -6.13660524 -6.03165317 
P (bar) | log_CO: -2σ | log_CO: -1σ | log_CO: median | log_CO: +1σ | log_CO: +2σ 
1.00000000e+02 -2.87364456 -2.37732859 -2.03265985 -1.81848679 -1.67615006 
8.11130831e+01 -2.87364456 -2.37732859 -2.03265985 -1.81848679 -1.67615006 
6.57933225e+01 -2.87364456 -2.37732859 -2.03265985 -1.81848679 -1.67615006 
5.33669923e+01 -2.87364456 -2.37732859 -2.03265985 -1.81848679 -1.67615006 
4.32876128e+01 -2.87364456 -2.37732859 -2.03265985 -1.81848679 -1.67615006 
3.51119173e+01 -2.87364456 -2.37732859 -2.03265985 -1.81848679 -1.67615006 
2.84803587e+01 -2.87364456 -2.37732859 -2.03265985 -1.81848679 -1.67615006 
2.31012970e+01 -2.87364456 -2.37732859 -2.03265985 -1.81848679 -1.67615006 
1.87381742e+01 -2.87364456 -2.37732859 -2.03265985 -1.81848679 -1.67615006 
1.51991108e+01 -2.87364456 -2.37732859 -2.03265985 -1.81848679 -1.67615006 
1.23284674e+01 -2.87364456 -2.37732859 -2.03265985 -1.81848679 -1.67615006 
1.00000000e+01 -2.87364456 -2.37732859 -2.03265985 -1.81848679 -1.67615006 
8.11130831e+00 -2.87364456 -2.37732859 -2.03265985 -1.81848679 -1.67615006 
6.57933225e+00 -2.87364456 -2.37732859 -2.03265985 -1.81848679 -1.67615006 
5.33669923e+00 -2.87364456 -2.37732859 -2.03265985 -1.81848679 -1.67615006 
4.32876128e+00 -2.87364456 -2.37732859 -2.03265985 -1.81848679 -1.67615006 
3.51119173e+00 -2.87364456 -2.37732859 -2.03265985 -1.81848679 -1.67615006 
2.84803587e+00 -2.87364456 -2.37732859 -2.03265985 -1.81848679 -1.67615006 
2.31012970e+00 -2.87364456 -2.37732859 -2.03265985 -1.81848679 -1.67615006 
1.87381742e+00 -2.87364456 -2.37732859 -2.03265985 -1.81848679 -1.67615006 
1.51991108e+00 -2.87364456 -2.37732859 -2.03265985 -1.81848679 -1.67615006 
1.23284674e+00 -2.87364456 -2.37732859 -2.03265985 -1.81848679 -1.67615006 
1.00000000e+00 -2.87364456 -2.37732859 -2.03265985 -1.81848679 -1.67615006 
8.11130831e-01 -2.87364456 -2.37732859 -2.03265985 -1.81848679 -1.67615006 
6.57933225e-01 -2.87364456 -2.37732859 -2.03265985 -1.81848679 -1.67615006 
5.33669923e-01 -2.87364456 -2.37732859 -2.03265985 -1.81848679 -1.67615006 
4.32876128e-01 -2.87364456 -2.37732859 -2.03265985 -1.81848679 -1.67615006 
3.51119173e-01 -2.87364456 -2.37732859 -2.03265985 -1.81848679 -1.67615006 
2.84803587e-01 -2.87364456 -2.37732859 -2.03265985 -1.81848679 -1.67615006 
2.31012970e-01 -2.87364456 -2.37732859 -2.03265985 -1.81848679 -1.67615006 
1.87381742e-01 -2.87364456 -2.37732859 -2.03265985 -1.81848679 -1.67615006 
1.51991108e-01 -2.87364456 -2.37732859 -2.03265985 -1.81848679 -1.67615006 
1.23284674e-01 -2.87364456 -2.37732859 -2.03265985 -1.81848679 -1.67615006 
1.00000000e-01 -2.87364456 -2.37732859 -2.03265985 -1.81848679 -1.67615006 
8.11130831e-02 -2.87364456 -2.37732859 -2.03265985 -1.81848679 -1.67615006 
6.57933225e-02 -2.87364456 -2.37732859 -2.03265985 -1.81848679 -1.67615006 
5.33669923e-02 -2.87364456 -2.37732859 -2.03265985 -1.81848679 -1.67615006 
4.32876128e-02 -2.87364456 -2.37732859 -2.03265985 -1.81848679 -1.67615006 
3.51119173e-02 -2.87364456 -2.37732859 -2.03265985 -1.81848679 -1.67615006 
2.84803587e-02 -2.87364456 -2.37732859 -2.03265985 -1.81848679 -1.67615006 
2.31012970e-02 -2.87364456 -2.37732859 -2.03265985 -1.81848679 -1.67615006 
1.87381742e-02 -2.87364456 -2.37732859 -2.03265985 -1.81848679 -1.67615006 
1.51991108e-02 -2.87364456 -2.37732859 -2.03265985 -1.81848679 -1.67615006 
1.23284674e-02 -2.87364456 -2.37732859 -2.03265985 -1.81848679 -1.67615006 
1.00000000e-02 -2.87364456 -2.37732859 -2.03265985 -1.81848679 -1.67615006 
8.11130831e-03 -2.87364456 -2.37732859 -2.03265985 -1.81848679 -1.67615006 
6.57933225e-03 -2.87364456 -2.37732859 -2.03265985 -1.81848679 -1.67615006 
5.33669923e-03 -2.87364456 -2.37732859 -2.03265985 -1.81848679 -1.67615006 
4.32876128e-03 -2.87364456 -2.37732859 -2.03265985 -1.81848679 -1.67615006 
3.51119173e-03 -2.87364456 -2.37732859 -2.03265985 -1.81848679 -1.67615006 
2.84803587e-03 -2.87364456 -2.37732859 -2.03265985 -1.81848679 -1.67615006 
2.31012970e-03 -2.87364456 -2.37732859 -2.03265985 -1.81848679 -1.67615006 
1.87381742e-03 -2.87364456 -2.37732859 -2.03265985 -1.81848679 -1.67615006 
1.51991108e-03 -2.87364456 -2.37732859 -2.03265985 -1.81848679 -1.67615006 
1.23284674e-03 -2.87364456 -2.37732859 -2.03265985 -1.81848679 -1.67615006 
1.00000000e-03 -2.87364456 -2.37732859 -2.03265985 -1.81848679 -1.67615006 
8.11130831e-04 -2.87364456 -2.37732859 -2.03265985 -1.81848679 -1.67615006 
6.57933225e-04 -2.87364456 -2.37732859 -2.03265985 -1.81848679 -1.67615006 
5.33669923e-04 -2.87364456 -2.37732859 -2.03265985 -1.81848679 -1.67615006 
4.32876128e-04 -2.87364456 -2.37732859 -2.03265985 -1.81848679 -1.67615006 
3.51119173e-04 -2.87364456 -2.37732859 -2.03265985 -1.81848679 -1.67615006 
2.84803587e-04 -2.87364456 -2.37732859 -2.03265985 -1.81848679 -1.67615006 
2.31012970e-04 -2.87364456 -2.37732859 -2.03265985 -1.81848679 -1.67615006 
1.87381742e-04 -2.87364456 -2.37732859 -2.03265985 -1.81848679 -1.67615006 
1.51991108e-04 -2.87364456 -2.37732859 -2.03265985 -1.81848679 -1.67615006 
1.23284674e-04 -2.87364456 -2.37732859 -2.03265985 -1.81848679 -1.67615006 
1.00000000e-04 -2.87364456 -2.37732859 -2.03265985 -1.81848679 -1.67615006 
8.11130831e-05 -2.87364456 -2.37732859 -2.03265985 -1.81848679 -1.67615006 
6.57933225e-05 -2.87364456 -2.37732859 -2.03265985 -1.81848679 -1.67615006 
5.33669923e-05 -2.87364456 -2.37732859 -2.03265985 -1.81848679 -1.67615006 
4.32876128e-05 -2.87364456 -2.37732859 -2.03265985 -1.81848679 -1.67615006 
3.51119173e-05 -2.87364456 -2.37732859 -2.03265985 -1.81848679 -1.67615006 
2.84803587e-05 -2.87364456 -2.37732859 -2.03265985 -1.81848679 -1.67615006 
2.31012970e-05 -2.87364456 -2.37732859 -2.03265985 -1.81848679 -1.67615006 
1.87381742e-05 -2.87364456 -2.37732859 -2.03265985 -1.81848679 -1.67615006 
1.51991108e-05 -2.87364456 -2.37732859 -2.03265985 -1.81848679 -1.67615006 
1.23284674e-05 -2.87364456 -2.37732859 -2.03265985 -1.81848679 -1.67615006 
1.00000000e-05 -2.87364456 -2.37732859 -2.03265985 -1.81848679 -1.67615006 
8.11130831e-06 -2.87364456 -2.37732859 -2.03265985 -1.81848679 -1.67615006 
6.57933225e-06 -2.87364456 -2.37732859 -2.03265985 -1.81848679 -1.67615006 
5.33669923e-06 -2.87364456 -2.37732859 -2.03265985 -1.81848679 -1.67615006 
4.32876128e-06 -2.87364456 -2.37732859 -2.03265985 -1.81848679 -1.67615006 
3.51119173e-06 -2.87364456 -2.37732859 -2.03265985 -1.81848679 -1.67615006 
2.84803587e-06 -2.87364456 -2.37732859 -2.03265985 -1.81848679 -1.67615006 
2.31012970e-06 -2.87364456 -2.37732859 -2.03265985 -1.81848679 -1.67615006 
1.87381742e-06 -2.87364456 -2.37732859 -2.03265985 -1.81848679 -1.67615006 
1.51991108e-06 -2.87364456 -2.37732859 -2.03265985 -1.81848679 -1.67615006 
1.23284674e-06 -2.87364456 -2.37732859 -2.03265985 -1.81848679 -1.67615006 
1.00000000e-06 -2.87364456 -2.37732859 -2.03265985 -1.81848679 -1.67615006 
8.11130831e-07 -2.87364456 -2.37732859 -2.03265985 -1.81848679 -1.67615006 
6.57933225e-07 -2.87364456 -2.37732859 -2.03265985 -1.81848679 -1.67615006 
5.33669923e-07 -2.87364456 -2.37732859 -2.03265985 -1.81848679 -1.67615006 
4.32876128e-07 -2.87364456 -2.37732859 -2.03265985 -1.81848679 -1.67615006 
3.51119173e-07 -2.87364456 -2.37732859 -2.03265985 -1.81848679 -1.67615006 
2.84803587e-07 -2.87364456 -2.37732859 -2.03265985 -1.81848679 -1.67615006 
2.31012970e-07 -2.87364456 -2.37732859 -2.03265985 -1.81848679 -1.67615006 
1.87381742e-07 -2.87364456 -2.37732859 -2.03265985 -1.81848679 -1.67615006 
1.51991108e-07 -2.87364456 -2.37732859 -2.03265985 -1.81848679 -1.67615006 
1.23284674e-07 -2.87364456 -2.37732859 -2.03265985 -1.81848679 -1.67615006 
1.00000000e-07 -2.87364456 -2.37732859 -2.03265985 -1.81848679 -1.67615006 
P (bar) | log_Na: -2σ | log_Na: -1σ | log_Na: median | log_Na: +1σ | log_Na: +2σ 
1.00000000e+02 -4.60877920 -4.44443116 -4.27437576 -4.13000621 -4.03510349 
8.11130831e+01 -4.60877920 -4.44443116 -4.27437576 -4.13000621 -4.03510349 
6.57933225e+01 -4.60877920 -4.44443116 -4.27437576 -4.13000621 -4.03510349 
5.33669923e+01 -4.60877920 -4.44443116 -4.27437576 -4.13000621 -4.03510349 
4.32876128e+01 -4.60877920 -4.44443116 -4.27437576 -4.13000621 -4.03510349 
3.51119173e+01 -4.60877920 -4.44443116 -4.27437576 -4.13000621 -4.03510349 
2.84803587e+01 -4.60877920 -4.44443116 -4.27437576 -4.13000621 -4.03510349 
2.31012970e+01 -4.60877920 -4.44443116 -4.27437576 -4.13000621 -4.03510349 
1.87381742e+01 -4.60877920 -4.44443116 -4.27437576 -4.13000621 -4.03510349 
1.51991108e+01 -4.60877920 -4.44443116 -4.27437576 -4.13000621 -4.03510349 
1.23284674e+01 -4.60877920 -4.44443116 -4.27437576 -4.13000621 -4.03510349 
1.00000000e+01 -4.60877920 -4.44443116 -4.27437576 -4.13000621 -4.03510349 
8.11130831e+00 -4.60877920 -4.44443116 -4.27437576 -4.13000621 -4.03510349 
6.57933225e+00 -4.60877920 -4.44443116 -4.27437576 -4.13000621 -4.03510349 
5.33669923e+00 -4.60877920 -4.44443116 -4.27437576 -4.13000621 -4.03510349 
4.32876128e+00 -4.60877920 -4.44443116 -4.27437576 -4.13000621 -4.03510349 
3.51119173e+00 -4.60877920 -4.44443116 -4.27437576 -4.13000621 -4.03510349 
2.84803587e+00 -4.60877920 -4.44443116 -4.27437576 -4.13000621 -4.03510349 
2.31012970e+00 -4.60877920 -4.44443116 -4.27437576 -4.13000621 -4.03510349 
1.87381742e+00 -4.60877920 -4.44443116 -4.27437576 -4.13000621 -4.03510349 
1.51991108e+00 -4.60877920 -4.44443116 -4.27437576 -4.13000621 -4.03510349 
1.23284674e+00 -4.60877920 -4.44443116 -4.27437576 -4.13000621 -4.03510349 
1.00000000e+00 -4.60877920 -4.44443116 -4.27437576 -4.13000621 -4.03510349 
8.11130831e-01 -4.60877920 -4.44443116 -4.27437576 -4.13000621 -4.03510349 
6.57933225e-01 -4.60877920 -4.44443116 -4.27437576 -4.13000621 -4.03510349 
5.33669923e-01 -4.60877920 -4.44443116 -4.27437576 -4.13000621 -4.03510349 
4.32876128e-01 -4.60877920 -4.44443116 -4.27437576 -4.13000621 -4.03510349 
3.51119173e-01 -4.60877920 -4.44443116 -4.27437576 -4.13000621 -4.03510349 
2.84803587e-01 -4.60877920 -4.44443116 -4.27437576 -4.13000621 -4.03510349 
2.31012970e-01 -4.60877920 -4.44443116 -4.27437576 -4.13000621 -4.03510349 
1.87381742e-01 -4.60877920 -4.44443116 -4.27437576 -4.13000621 -4.03510349 
1.51991108e-01 -4.60877920 -4.44443116 -4.27437576 -4.13000621 -4.03510349 
1.23284674e-01 -4.60877920 -4.44443116 -4.27437576 -4.13000621 -4.03510349 
1.00000000e-01 -4.60877920 -4.44443116 -4.27437576 -4.13000621 -4.03510349 
8.11130831e-02 -4.60877920 -4.44443116 -4.27437576 -4.13000621 -4.03510349 
6.57933225e-02 -4.60877920 -4.44443116 -4.27437576 -4.13000621 -4.03510349 
5.33669923e-02 -4.60877920 -4.44443116 -4.27437576 -4.13000621 -4.03510349 
4.32876128e-02 -4.60877920 -4.44443116 -4.27437576 -4.13000621 -4.03510349 
3.51119173e-02 -4.60877920 -4.44443116 -4.27437576 -4.13000621 -4.03510349 
2.84803587e-02 -4.60877920 -4.44443116 -4.27437576 -4.13000621 -4.03510349 
2.31012970e-02 -4.60877920 -4.44443116 -4.27437576 -4.13000621 -4.03510349 
1.87381742e-02 -4.60877920 -4.44443116 -4.27437576 -4.13000621 -4.03510349 
1.51991108e-02 -4.60877920 -4.44443116 -4.27437576 -4.13000621 -4.03510349 
1.23284674e-02 -4.60877920 -4.44443116 -4.27437576 -4.13000621 -4.03510349 
1.00000000e-02 -4.60877920 -4.44443116 -4.27437576 -4.13000621 -4.03510349 
8.11130831e-03 -4.60877920 -4.44443116 -4.27437576 -4.13000621 -4.03510349 
6.57933225e-03 -4.60877920 -4.44443116 -4.27437576 -4.13000621 -4.03510349 
5.33669923e-03 -4.60877920 -4.44443116 -4.27437576 -4.13000621 -4.03510349 
4.32876128e-03 -4.60877920 -4.44443116 -4.27437576 -4.13000621 -4.03510349 
3.51119173e-03 -4.60877920 -4.44443116 -4.27437576 -4.13000621 -4.03510349 
2.84803587e-03 -4.60877920 -4.44443116 -4.27437576 -4.13000621 -4.03510349 
2.31012970e-03 -4.60877920 -4.44443116 -4.27437576 -4.13000621 -4.03510349 
1.87381742e-03 -4.60877920 -4.44443116 -4.27437576 -4.13000621 -4.03510349 
1.51991108e-03 -4.60877920 -4.44443116 -4.27437576 -4.13000621 -4.03510349 
1.23284674e-03 -4.60877920 -4.44443116 -4.27437576 -4.13000621 -4.03510349 
1.00000000e-03 -4.60877920 -4.44443116 -4.27437576 -4.13000621 -4.03510349 
8.11130831e-04 -4.60877920 -4.44443116 -4.27437576 -4.13000621 -4.03510349 
6.57933225e-04 -4.60877920 -4.44443116 -4.27437576 -4.13000621 -4.03510349 
5.33669923e-04 -4.60877920 -4.44443116 -4.27437576 -4.13000621 -4.03510349 
4.32876128e-04 -4.60877920 -4.44443116 -4.27437576 -4.13000621 -4.03510349 
3.51119173e-04 -4.60877920 -4.44443116 -4.27437576 -4.13000621 -4.03510349 
2.84803587e-04 -4.60877920 -4.44443116 -4.27437576 -4.13000621 -4.03510349 
2.31012970e-04 -4.60877920 -4.44443116 -4.27437576 -4.13000621 -4.03510349 
1.87381742e-04 -4.60877920 -4.44443116 -4.27437576 -4.13000621 -4.03510349 
1.51991108e-04 -4.60877920 -4.44443116 -4.27437576 -4.13000621 -4.03510349 
1.23284674e-04 -4.60877920 -4.44443116 -4.27437576 -4.13000621 -4.03510349 
1.00000000e-04 -4.60877920 -4.44443116 -4.27437576 -4.13000621 -4.03510349 
8.11130831e-05 -4.60877920 -4.44443116 -4.27437576 -4.13000621 -4.03510349 
6.57933225e-05 -4.60877920 -4.44443116 -4.27437576 -4.13000621 -4.03510349 
5.33669923e-05 -4.60877920 -4.44443116 -4.27437576 -4.13000621 -4.03510349 
4.32876128e-05 -4.60877920 -4.44443116 -4.27437576 -4.13000621 -4.03510349 
3.51119173e-05 -4.60877920 -4.44443116 -4.27437576 -4.13000621 -4.03510349 
2.84803587e-05 -4.60877920 -4.44443116 -4.27437576 -4.13000621 -4.03510349 
2.31012970e-05 -4.60877920 -4.44443116 -4.27437576 -4.13000621 -4.03510349 
1.87381742e-05 -4.60877920 -4.44443116 -4.27437576 -4.13000621 -4.03510349 
1.51991108e-05 -4.60877920 -4.44443116 -4.27437576 -4.13000621 -4.03510349 
1.23284674e-05 -4.60877920 -4.44443116 -4.27437576 -4.13000621 -4.03510349 
1.00000000e-05 -4.60877920 -4.44443116 -4.27437576 -4.13000621 -4.03510349 
8.11130831e-06 -4.60877920 -4.44443116 -4.27437576 -4.13000621 -4.03510349 
6.57933225e-06 -4.60877920 -4.44443116 -4.27437576 -4.13000621 -4.03510349 
5.33669923e-06 -4.60877920 -4.44443116 -4.27437576 -4.13000621 -4.03510349 
4.32876128e-06 -4.60877920 -4.44443116 -4.27437576 -4.13000621 -4.03510349 
3.51119173e-06 -4.60877920 -4.44443116 -4.27437576 -4.13000621 -4.03510349 
2.84803587e-06 -4.60877920 -4.44443116 -4.27437576 -4.13000621 -4.03510349 
2.31012970e-06 -4.60877920 -4.44443116 -4.27437576 -4.13000621 -4.03510349 
1.87381742e-06 -4.60877920 -4.44443116 -4.27437576 -4.13000621 -4.03510349 
1.51991108e-06 -4.60877920 -4.44443116 -4.27437576 -4.13000621 -4.03510349 
1.23284674e-06 -4.60877920 -4.44443116 -4.27437576 -4.13000621 -4.03510349 
1.00000000e-06 -4.60877920 -4.44443116 -4.27437576 -4.13000621 -4.03510349 
8.11130831e-07 -4.60877920 -4.44443116 -4.27437576 -4.13000621 -4.03510349 
6.57933225e-07 -4.60877920 -4.44443116 -4.27437576 -4.13000621 -4.03510349 
5.33669923e-07 -4.60877920 -4.44443116 -4.27437576 -4.13000621 -4.03510349 
4.32876128e-07 -4.60877920 -4.44443116 -4.27437576 -4.13000621 -4.03510349 
3.51119173e-07 -4.60877920 -4.44443116 -4.27437576 -4.13000621 -4.03510349 
2.84803587e-07 -4.60877920 -4.44443116 -4.27437576 -4.13000621 -4.03510349 
2.31012970e-07 -4.60877920 -4.44443116 -4.27437576 -4.13000621 -4.03510349 
1.87381742e-07 -4.60877920 -4.44443116 -4.27437576 -4.13000621 -4.03510349 
1.51991108e-07 -4.60877920 -4.44443116 -4.27437576 -4.13000621 -4.03510349 
1.23284674e-07 -4.60877920 -4.44443116 -4.27437576 -4.13000621 -4.03510349 
1.00000000e-07 -4.60877920 -4.44443116 -4.27437576 -4.13000621 -4.03510349 
P (bar) | log_CH4: -2σ | log_CH4: -1σ | log_CH4: median | log_CH4: +1σ | log_CH4: +2σ 
1.00000000e+02 -8.93394497 -8.61545864 -7.87233426 -6.99304546 -6.37039422 
8.11130831e+01 -8.93394497 -8.61545864 -7.87233426 -6.99304546 -6.37039422 
6.57933225e+01 -8.93394497 -8.61545864 -7.87233426 -6.99304546 -6.37039422 
5.33669923e+01 -8.93394497 -8.61545864 -7.87233426 -6.99304546 -6.37039422 
4.32876128e+01 -8.93394497 -8.61545864 -7.87233426 -6.99304546 -6.37039422 
3.51119173e+01 -8.93394497 -8.61545864 -7.87233426 -6.99304546 -6.37039422 
2.84803587e+01 -8.93394497 -8.61545864 -7.87233426 -6.99304546 -6.37039422 
2.31012970e+01 -8.93394497 -8.61545864 -7.87233426 -6.99304546 -6.37039422 
1.87381742e+01 -8.93394497 -8.61545864 -7.87233426 -6.99304546 -6.37039422 
1.51991108e+01 -8.93394497 -8.61545864 -7.87233426 -6.99304546 -6.37039422 
1.23284674e+01 -8.93394497 -8.61545864 -7.87233426 -6.99304546 -6.37039422 
1.00000000e+01 -8.93394497 -8.61545864 -7.87233426 -6.99304546 -6.37039422 
8.11130831e+00 -8.93394497 -8.61545864 -7.87233426 -6.99304546 -6.37039422 
6.57933225e+00 -8.93394497 -8.61545864 -7.87233426 -6.99304546 -6.37039422 
5.33669923e+00 -8.93394497 -8.61545864 -7.87233426 -6.99304546 -6.37039422 
4.32876128e+00 -8.93394497 -8.61545864 -7.87233426 -6.99304546 -6.37039422 
3.51119173e+00 -8.93394497 -8.61545864 -7.87233426 -6.99304546 -6.37039422 
2.84803587e+00 -8.93394497 -8.61545864 -7.87233426 -6.99304546 -6.37039422 
2.31012970e+00 -8.93394497 -8.61545864 -7.87233426 -6.99304546 -6.37039422 
1.87381742e+00 -8.93394497 -8.61545864 -7.87233426 -6.99304546 -6.37039422 
1.51991108e+00 -8.93394497 -8.61545864 -7.87233426 -6.99304546 -6.37039422 
1.23284674e+00 -8.93394497 -8.61545864 -7.87233426 -6.99304546 -6.37039422 
1.00000000e+00 -8.93394497 -8.61545864 -7.87233426 -6.99304546 -6.37039422 
8.11130831e-01 -8.93394497 -8.61545864 -7.87233426 -6.99304546 -6.37039422 
6.57933225e-01 -8.93394497 -8.61545864 -7.87233426 -6.99304546 -6.37039422 
5.33669923e-01 -8.93394497 -8.61545864 -7.87233426 -6.99304546 -6.37039422 
4.32876128e-01 -8.93394497 -8.61545864 -7.87233426 -6.99304546 -6.37039422 
3.51119173e-01 -8.93394497 -8.61545864 -7.87233426 -6.99304546 -6.37039422 
2.84803587e-01 -8.93394497 -8.61545864 -7.87233426 -6.99304546 -6.37039422 
2.31012970e-01 -8.93394497 -8.61545864 -7.87233426 -6.99304546 -6.37039422 
1.87381742e-01 -8.93394497 -8.61545864 -7.87233426 -6.99304546 -6.37039422 
1.51991108e-01 -8.93394497 -8.61545864 -7.87233426 -6.99304546 -6.37039422 
1.23284674e-01 -8.93394497 -8.61545864 -7.87233426 -6.99304546 -6.37039422 
1.00000000e-01 -8.93394497 -8.61545864 -7.87233426 -6.99304546 -6.37039422 
8.11130831e-02 -8.93394497 -8.61545864 -7.87233426 -6.99304546 -6.37039422 
6.57933225e-02 -8.93394497 -8.61545864 -7.87233426 -6.99304546 -6.37039422 
5.33669923e-02 -8.93394497 -8.61545864 -7.87233426 -6.99304546 -6.37039422 
4.32876128e-02 -8.93394497 -8.61545864 -7.87233426 -6.99304546 -6.37039422 
3.51119173e-02 -8.93394497 -8.61545864 -7.87233426 -6.99304546 -6.37039422 
2.84803587e-02 -8.93394497 -8.61545864 -7.87233426 -6.99304546 -6.37039422 
2.31012970e-02 -8.93394497 -8.61545864 -7.87233426 -6.99304546 -6.37039422 
1.87381742e-02 -8.93394497 -8.61545864 -7.87233426 -6.99304546 -6.37039422 
1.51991108e-02 -8.93394497 -8.61545864 -7.87233426 -6.99304546 -6.37039422 
1.23284674e-02 -8.93394497 -8.61545864 -7.87233426 -6.99304546 -6.37039422 
1.00000000e-02 -8.93394497 -8.61545864 -7.87233426 -6.99304546 -6.37039422 
8.11130831e-03 -8.93394497 -8.61545864 -7.87233426 -6.99304546 -6.37039422 
6.57933225e-03 -8.93394497 -8.61545864 -7.87233426 -6.99304546 -6.37039422 
5.33669923e-03 -8.93394497 -8.61545864 -7.87233426 -6.99304546 -6.37039422 
4.32876128e-03 -8.93394497 -8.61545864 -7.87233426 -6.99304546 -6.37039422 
3.51119173e-03 -8.93394497 -8.61545864 -7.87233426 -6.99304546 -6.37039422 
2.84803587e-03 -8.93394497 -8.61545864 -7.87233426 -6.99304546 -6.37039422 
2.31012970e-03 -8.93394497 -8.61545864 -7.87233426 -6.99304546 -6.37039422 
1.87381742e-03 -8.93394497 -8.61545864 -7.87233426 -6.99304546 -6.37039422 
1.51991108e-03 -8.93394497 -8.61545864 -7.87233426 -6.99304546 -6.37039422 
1.23284674e-03 -8.93394497 -8.61545864 -7.87233426 -6.99304546 -6.37039422 
1.00000000e-03 -8.93394497 -8.61545864 -7.87233426 -6.99304546 -6.37039422 
8.11130831e-04 -8.93394497 -8.61545864 -7.87233426 -6.99304546 -6.37039422 
6.57933225e-04 -8.93394497 -8.61545864 -7.87233426 -6.99304546 -6.37039422 
5.33669923e-04 -8.93394497 -8.61545864 -7.87233426 -6.99304546 -6.37039422 
4.32876128e-04 -8.93394497 -8.61545864 -7.87233426 -6.99304546 -6.37039422 
3.51119173e-04 -8.93394497 -8.61545864 -7.87233426 -6.99304546 -6.37039422 
2.84803587e-04 -8.93394497 -8.61545864 -7.87233426 -6.99304546 -6.37039422 
2.31012970e-04 -8.93394497 -8.61545864 -7.87233426 -6.99304546 -6.37039422 
1.87381742e-04 -8.93394497 -8.61545864 -7.87233426 -6.99304546 -6.37039422 
1.51991108e-04 -8.93394497 -8.61545864 -7.87233426 -6.99304546 -6.37039422 
1.23284674e-04 -8.93394497 -8.61545864 -7.87233426 -6.99304546 -6.37039422 
1.00000000e-04 -8.93394497 -8.61545864 -7.87233426 -6.99304546 -6.37039422 
8.11130831e-05 -8.93394497 -8.61545864 -7.87233426 -6.99304546 -6.37039422 
6.57933225e-05 -8.93394497 -8.61545864 -7.87233426 -6.99304546 -6.37039422 
5.33669923e-05 -8.93394497 -8.61545864 -7.87233426 -6.99304546 -6.37039422 
4.32876128e-05 -8.93394497 -8.61545864 -7.87233426 -6.99304546 -6.37039422 
3.51119173e-05 -8.93394497 -8.61545864 -7.87233426 -6.99304546 -6.37039422 
2.84803587e-05 -8.93394497 -8.61545864 -7.87233426 -6.99304546 -6.37039422 
2.31012970e-05 -8.93394497 -8.61545864 -7.87233426 -6.99304546 -6.37039422 
1.87381742e-05 -8.93394497 -8.61545864 -7.87233426 -6.99304546 -6.37039422 
1.51991108e-05 -8.93394497 -8.61545864 -7.87233426 -6.99304546 -6.37039422 
1.23284674e-05 -8.93394497 -8.61545864 -7.87233426 -6.99304546 -6.37039422 
1.00000000e-05 -8.93394497 -8.61545864 -7.87233426 -6.99304546 -6.37039422 
8.11130831e-06 -8.93394497 -8.61545864 -7.87233426 -6.99304546 -6.37039422 
6.57933225e-06 -8.93394497 -8.61545864 -7.87233426 -6.99304546 -6.37039422 
5.33669923e-06 -8.93394497 -8.61545864 -7.87233426 -6.99304546 -6.37039422 
4.32876128e-06 -8.93394497 -8.61545864 -7.87233426 -6.99304546 -6.37039422 
3.51119173e-06 -8.93394497 -8.61545864 -7.87233426 -6.99304546 -6.37039422 
2.84803587e-06 -8.93394497 -8.61545864 -7.87233426 -6.99304546 -6.37039422 
2.31012970e-06 -8.93394497 -8.61545864 -7.87233426 -6.99304546 -6.37039422 
1.87381742e-06 -8.93394497 -8.61545864 -7.87233426 -6.99304546 -6.37039422 
1.51991108e-06 -8.93394497 -8.61545864 -7.87233426 -6.99304546 -6.37039422 
1.23284674e-06 -8.93394497 -8.61545864 -7.87233426 -6.99304546 -6.37039422 
1.00000000e-06 -8.93394497 -8.61545864 -7.87233426 -6.99304546 -6.37039422 
8.11130831e-07 -8.93394497 -8.61545864 -7.87233426 -6.99304546 -6.37039422 
6.57933225e-07 -8.93394497 -8.61545864 -7.87233426 -6.99304546 -6.37039422 
5.33669923e-07 -8.93394497 -8.61545864 -7.87233426 -6.99304546 -6.37039422 
4.32876128e-07 -8.93394497 -8.61545864 -7.87233426 -6.99304546 -6.37039422 
3.51119173e-07 -8.93394497 -8.61545864 -7.87233426 -6.99304546 -6.37039422 
2.84803587e-07 -8.93394497 -8.61545864 -7.87233426 -6.99304546 -6.37039422 
2.31012970e-07 -8.93394497 -8.61545864 -7.87233426 -6.99304546 -6.37039422 
1.87381742e-07 -8.93394497 -8.61545864 -7.87233426 -6.99304546 -6.37039422 
1.51991108e-07 -8.93394497 -8.61545864 -7.87233426 -6.99304546 -6.37039422 
1.23284674e-07 -8.93394497 -8.61545864 -7.87233426 -6.99304546 -6.37039422 
1.00000000e-07 -8.93394497 -8.61545864 -7.87233426 -6.99304546 -6.37039422 
P (bar) | log_H2S: -2σ | log_H2S: -1σ | log_H2S: median | log_H2S: +1σ | log_H2S: +2σ 
1.00000000e+02 -6.94727900 -6.62996417 -5.94779035 -5.19886450 -4.49612504 
8.11130831e+01 -6.94727900 -6.62996417 -5.94779035 -5.19886450 -4.49612504 
6.57933225e+01 -6.94727900 -6.62996417 -5.94779035 -5.19886450 -4.49612504 
5.33669923e+01 -6.94727900 -6.62996417 -5.94779035 -5.19886450 -4.49612504 
4.32876128e+01 -6.94727900 -6.62996417 -5.94779035 -5.19886450 -4.49612504 
3.51119173e+01 -6.94727900 -6.62996417 -5.94779035 -5.19886450 -4.49612504 
2.84803587e+01 -6.94727900 -6.62996417 -5.94779035 -5.19886450 -4.49612504 
2.31012970e+01 -6.94727900 -6.62996417 -5.94779035 -5.19886450 -4.49612504 
1.87381742e+01 -6.94727900 -6.62996417 -5.94779035 -5.19886450 -4.49612504 
1.51991108e+01 -6.94727900 -6.62996417 -5.94779035 -5.19886450 -4.49612504 
1.23284674e+01 -6.94727900 -6.62996417 -5.94779035 -5.19886450 -4.49612504 
1.00000000e+01 -6.94727900 -6.62996417 -5.94779035 -5.19886450 -4.49612504 
8.11130831e+00 -6.94727900 -6.62996417 -5.94779035 -5.19886450 -4.49612504 
6.57933225e+00 -6.94727900 -6.62996417 -5.94779035 -5.19886450 -4.49612504 
5.33669923e+00 -6.94727900 -6.62996417 -5.94779035 -5.19886450 -4.49612504 
4.32876128e+00 -6.94727900 -6.62996417 -5.94779035 -5.19886450 -4.49612504 
3.51119173e+00 -6.94727900 -6.62996417 -5.94779035 -5.19886450 -4.49612504 
2.84803587e+00 -6.94727900 -6.62996417 -5.94779035 -5.19886450 -4.49612504 
2.31012970e+00 -6.94727900 -6.62996417 -5.94779035 -5.19886450 -4.49612504 
1.87381742e+00 -6.94727900 -6.62996417 -5.94779035 -5.19886450 -4.49612504 
1.51991108e+00 -6.94727900 -6.62996417 -5.94779035 -5.19886450 -4.49612504 
1.23284674e+00 -6.94727900 -6.62996417 -5.94779035 -5.19886450 -4.49612504 
1.00000000e+00 -6.94727900 -6.62996417 -5.94779035 -5.19886450 -4.49612504 
8.11130831e-01 -6.94727900 -6.62996417 -5.94779035 -5.19886450 -4.49612504 
6.57933225e-01 -6.94727900 -6.62996417 -5.94779035 -5.19886450 -4.49612504 
5.33669923e-01 -6.94727900 -6.62996417 -5.94779035 -5.19886450 -4.49612504 
4.32876128e-01 -6.94727900 -6.62996417 -5.94779035 -5.19886450 -4.49612504 
3.51119173e-01 -6.94727900 -6.62996417 -5.94779035 -5.19886450 -4.49612504 
2.84803587e-01 -6.94727900 -6.62996417 -5.94779035 -5.19886450 -4.49612504 
2.31012970e-01 -6.94727900 -6.62996417 -5.94779035 -5.19886450 -4.49612504 
1.87381742e-01 -6.94727900 -6.62996417 -5.94779035 -5.19886450 -4.49612504 
1.51991108e-01 -6.94727900 -6.62996417 -5.94779035 -5.19886450 -4.49612504 
1.23284674e-01 -6.94727900 -6.62996417 -5.94779035 -5.19886450 -4.49612504 
1.00000000e-01 -6.94727900 -6.62996417 -5.94779035 -5.19886450 -4.49612504 
8.11130831e-02 -6.94727900 -6.62996417 -5.94779035 -5.19886450 -4.49612504 
6.57933225e-02 -6.94727900 -6.62996417 -5.94779035 -5.19886450 -4.49612504 
5.33669923e-02 -6.94727900 -6.62996417 -5.94779035 -5.19886450 -4.49612504 
4.32876128e-02 -6.94727900 -6.62996417 -5.94779035 -5.19886450 -4.49612504 
3.51119173e-02 -6.94727900 -6.62996417 -5.94779035 -5.19886450 -4.49612504 
2.84803587e-02 -6.94727900 -6.62996417 -5.94779035 -5.19886450 -4.49612504 
2.31012970e-02 -6.94727900 -6.62996417 -5.94779035 -5.19886450 -4.49612504 
1.87381742e-02 -6.94727900 -6.62996417 -5.94779035 -5.19886450 -4.49612504 
1.51991108e-02 -6.94727900 -6.62996417 -5.94779035 -5.19886450 -4.49612504 
1.23284674e-02 -6.94727900 -6.62996417 -5.94779035 -5.19886450 -4.49612504 
1.00000000e-02 -6.94727900 -6.62996417 -5.94779035 -5.19886450 -4.49612504 
8.11130831e-03 -6.94727900 -6.62996417 -5.94779035 -5.19886450 -4.49612504 
6.57933225e-03 -6.94727900 -6.62996417 -5.94779035 -5.19886450 -4.49612504 
5.33669923e-03 -6.94727900 -6.62996417 -5.94779035 -5.19886450 -4.49612504 
4.32876128e-03 -6.94727900 -6.62996417 -5.94779035 -5.19886450 -4.49612504 
3.51119173e-03 -6.94727900 -6.62996417 -5.94779035 -5.19886450 -4.49612504 
2.84803587e-03 -6.94727900 -6.62996417 -5.94779035 -5.19886450 -4.49612504 
2.31012970e-03 -6.94727900 -6.62996417 -5.94779035 -5.19886450 -4.49612504 
1.87381742e-03 -6.94727900 -6.62996417 -5.94779035 -5.19886450 -4.49612504 
1.51991108e-03 -6.94727900 -6.62996417 -5.94779035 -5.19886450 -4.49612504 
1.23284674e-03 -6.94727900 -6.62996417 -5.94779035 -5.19886450 -4.49612504 
1.00000000e-03 -6.94727900 -6.62996417 -5.94779035 -5.19886450 -4.49612504 
8.11130831e-04 -6.94727900 -6.62996417 -5.94779035 -5.19886450 -4.49612504 
6.57933225e-04 -6.94727900 -6.62996417 -5.94779035 -5.19886450 -4.49612504 
5.33669923e-04 -6.94727900 -6.62996417 -5.94779035 -5.19886450 -4.49612504 
4.32876128e-04 -6.94727900 -6.62996417 -5.94779035 -5.19886450 -4.49612504 
3.51119173e-04 -6.94727900 -6.62996417 -5.94779035 -5.19886450 -4.49612504 
2.84803587e-04 -6.94727900 -6.62996417 -5.94779035 -5.19886450 -4.49612504 
2.31012970e-04 -6.94727900 -6.62996417 -5.94779035 -5.19886450 -4.49612504 
1.87381742e-04 -6.94727900 -6.62996417 -5.94779035 -5.19886450 -4.49612504 
1.51991108e-04 -6.94727900 -6.62996417 -5.94779035 -5.19886450 -4.49612504 
1.23284674e-04 -6.94727900 -6.62996417 -5.94779035 -5.19886450 -4.49612504 
1.00000000e-04 -6.94727900 -6.62996417 -5.94779035 -5.19886450 -4.49612504 
8.11130831e-05 -6.94727900 -6.62996417 -5.94779035 -5.19886450 -4.49612504 
6.57933225e-05 -6.94727900 -6.62996417 -5.94779035 -5.19886450 -4.49612504 
5.33669923e-05 -6.94727900 -6.62996417 -5.94779035 -5.19886450 -4.49612504 
4.32876128e-05 -6.94727900 -6.62996417 -5.94779035 -5.19886450 -4.49612504 
3.51119173e-05 -6.94727900 -6.62996417 -5.94779035 -5.19886450 -4.49612504 
2.84803587e-05 -6.94727900 -6.62996417 -5.94779035 -5.19886450 -4.49612504 
2.31012970e-05 -6.94727900 -6.62996417 -5.94779035 -5.19886450 -4.49612504 
1.87381742e-05 -6.94727900 -6.62996417 -5.94779035 -5.19886450 -4.49612504 
1.51991108e-05 -6.94727900 -6.62996417 -5.94779035 -5.19886450 -4.49612504 
1.23284674e-05 -6.94727900 -6.62996417 -5.94779035 -5.19886450 -4.49612504 
1.00000000e-05 -6.94727900 -6.62996417 -5.94779035 -5.19886450 -4.49612504 
8.11130831e-06 -6.94727900 -6.62996417 -5.94779035 -5.19886450 -4.49612504 
6.57933225e-06 -6.94727900 -6.62996417 -5.94779035 -5.19886450 -4.49612504 
5.33669923e-06 -6.94727900 -6.62996417 -5.94779035 -5.19886450 -4.49612504 
4.32876128e-06 -6.94727900 -6.62996417 -5.94779035 -5.19886450 -4.49612504 
3.51119173e-06 -6.94727900 -6.62996417 -5.94779035 -5.19886450 -4.49612504 
2.84803587e-06 -6.94727900 -6.62996417 -5.94779035 -5.19886450 -4.49612504 
2.31012970e-06 -6.94727900 -6.62996417 -5.94779035 -5.19886450 -4.49612504 
1.87381742e-06 -6.94727900 -6.62996417 -5.94779035 -5.19886450 -4.49612504 
1.51991108e-06 -6.94727900 -6.62996417 -5.94779035 -5.19886450 -4.49612504 
1.23284674e-06 -6.94727900 -6.62996417 -5.94779035 -5.19886450 -4.49612504 
1.00000000e-06 -6.94727900 -6.62996417 -5.94779035 -5.19886450 -4.49612504 
8.11130831e-07 -6.94727900 -6.62996417 -5.94779035 -5.19886450 -4.49612504 
6.57933225e-07 -6.94727900 -6.62996417 -5.94779035 -5.19886450 -4.49612504 
5.33669923e-07 -6.94727900 -6.62996417 -5.94779035 -5.19886450 -4.49612504 
4.32876128e-07 -6.94727900 -6.62996417 -5.94779035 -5.19886450 -4.49612504 
3.51119173e-07 -6.94727900 -6.62996417 -5.94779035 -5.19886450 -4.49612504 
2.84803587e-07 -6.94727900 -6.62996417 -5.94779035 -5.19886450 -4.49612504 
2.31012970e-07 -6.94727900 -6.62996417 -5.94779035 -5.19886450 -4.49612504 
1.87381742e-07 -6.94727900 -6.62996417 -5.94779035 -5.19886450 -4.49612504 
1.51991108e-07 -6.94727900 -6.62996417 -5.94779035 -5.19886450 -4.49612504 
1.23284674e-07 -6.94727900 -6.62996417 -5.94779035 -5.19886450 -4.49612504 
1.00000000e-07 -6.94727900 -6.62996417 -5.94779035 -5.19886450 -4.49612504 
