Chemical species: H2 He H2O CO2 SO2 CO NH3 CH4
P (bar) | log_H2: -2σ | log_H2: -1σ | log_H2: median | log_H2: +1σ | log_H2: +2σ 
1.00000000e+02 -0.15437823 -0.14399259 -0.13536937 -0.12745672 -0.12032096 
8.11130831e+01 -0.15437823 -0.14399259 -0.13536937 -0.12745672 -0.12032096 
6.57933225e+01 -0.15437823 -0.14399259 -0.13536937 -0.12745672 -0.12032096 
5.33669923e+01 -0.15437823 -0.14399259 -0.13536937 -0.12745672 -0.12032096 
4.32876128e+01 -0.15437823 -0.14399259 -0.13536937 -0.12745672 -0.12032096 
3.51119173e+01 -0.15437823 -0.14399259 -0.13536937 -0.12745672 -0.12032096 
2.84803587e+01 -0.15437823 -0.14399259 -0.13536937 -0.12745672 -0.12032096 
2.31012970e+01 -0.15437823 -0.14399259 -0.13536937 -0.12745672 -0.12032096 
1.87381742e+01 -0.15437823 -0.14399259 -0.13536937 -0.12745672 -0.12032096 
1.51991108e+01 -0.15437823 -0.14399259 -0.13536937 -0.12745672 -0.12032096 
1.23284674e+01 -0.15437823 -0.14399259 -0.13536937 -0.12745672 -0.12032096 
1.00000000e+01 -0.15437823 -0.14399259 -0.13536937 -0.12745672 -0.12032096 
8.11130831e+00 -0.15437823 -0.14399259 -0.13536937 -0.12745672 -0.12032096 
6.57933225e+00 -0.15437823 -0.14399259 -0.13536937 -0.12745672 -0.12032096 
5.33669923e+00 -0.15437823 -0.14399259 -0.13536937 -0.12745672 -0.12032096 
4.32876128e+00 -0.15437823 -0.14399259 -0.13536937 -0.12745672 -0.12032096 
3.51119173e+00 -0.15437823 -0.14399259 -0.13536937 -0.12745672 -0.12032096 
2.84803587e+00 -0.15437823 -0.14399259 -0.13536937 -0.12745672 -0.12032096 
2.31012970e+00 -0.15437823 -0.14399259 -0.13536937 -0.12745672 -0.12032096 
1.87381742e+00 -0.15437823 -0.14399259 -0.13536937 -0.12745672 -0.12032096 
1.51991108e+00 -0.15437823 -0.14399259 -0.13536937 -0.12745672 -0.12032096 
1.23284674e+00 -0.15437823 -0.14399259 -0.13536937 -0.12745672 -0.12032096 
1.00000000e+00 -0.15437823 -0.14399259 -0.13536937 -0.12745672 -0.12032096 
8.11130831e-01 -0.15437823 -0.14399259 -0.13536937 -0.12745672 -0.12032096 
6.57933225e-01 -0.15437823 -0.14399259 -0.13536937 -0.12745672 -0.12032096 
5.33669923e-01 -0.15437823 -0.14399259 -0.13536937 -0.12745672 -0.12032096 
4.32876128e-01 -0.15437823 -0.14399259 -0.13536937 -0.12745672 -0.12032096 
3.51119173e-01 -0.15437823 -0.14399259 -0.13536937 -0.12745672 -0.12032096 
2.84803587e-01 -0.15437823 -0.14399259 -0.13536937 -0.12745672 -0.12032096 
2.31012970e-01 -0.15437823 -0.14399259 -0.13536937 -0.12745672 -0.12032096 
1.87381742e-01 -0.15437823 -0.14399259 -0.13536937 -0.12745672 -0.12032096 
1.51991108e-01 -0.15437823 -0.14399259 -0.13536937 -0.12745672 -0.12032096 
1.23284674e-01 -0.15437823 -0.14399259 -0.13536937 -0.12745672 -0.12032096 
1.00000000e-01 -0.15437823 -0.14399259 -0.13536937 -0.12745672 -0.12032096 
8.11130831e-02 -0.15437823 -0.14399259 -0.13536937 -0.12745672 -0.12032096 
6.57933225e-02 -0.15437823 -0.14399259 -0.13536937 -0.12745672 -0.12032096 
5.33669923e-02 -0.15437823 -0.14399259 -0.13536937 -0.12745672 -0.12032096 
4.32876128e-02 -0.15437823 -0.14399259 -0.13536937 -0.12745672 -0.12032096 
3.51119173e-02 -0.15437823 -0.14399259 -0.13536937 -0.12745672 -0.12032096 
2.84803587e-02 -0.15437823 -0.14399259 -0.13536937 -0.12745672 -0.12032096 
2.31012970e-02 -0.15437823 -0.14399259 -0.13536937 -0.12745672 -0.12032096 
1.87381742e-02 -0.15437823 -0.14399259 -0.13536937 -0.12745672 -0.12032096 
1.51991108e-02 -0.15437823 -0.14399259 -0.13536937 -0.12745672 -0.12032096 
1.23284674e-02 -0.15437823 -0.14399259 -0.13536937 -0.12745672 -0.12032096 
1.00000000e-02 -0.15437823 -0.14399259 -0.13536937 -0.12745672 -0.12032096 
8.11130831e-03 -0.15437823 -0.14399259 -0.13536937 -0.12745672 -0.12032096 
6.57933225e-03 -0.15437823 -0.14399259 -0.13536937 -0.12745672 -0.12032096 
5.33669923e-03 -0.15437823 -0.14399259 -0.13536937 -0.12745672 -0.12032096 
4.32876128e-03 -0.15437823 -0.14399259 -0.13536937 -0.12745672 -0.12032096 
3.51119173e-03 -0.15437823 -0.14399259 -0.13536937 -0.12745672 -0.12032096 
2.84803587e-03 -0.15437823 -0.14399259 -0.13536937 -0.12745672 -0.12032096 
2.31012970e-03 -0.15437823 -0.14399259 -0.13536937 -0.12745672 -0.12032096 
1.87381742e-03 -0.15437823 -0.14399259 -0.13536937 -0.12745672 -0.12032096 
1.51991108e-03 -0.15437823 -0.14399259 -0.13536937 -0.12745672 -0.12032096 
1.23284674e-03 -0.15437823 -0.14399259 -0.13536937 -0.12745672 -0.12032096 
1.00000000e-03 -0.15437823 -0.14399259 -0.13536937 -0.12745672 -0.12032096 
8.11130831e-04 -0.15437823 -0.14399259 -0.13536937 -0.12745672 -0.12032096 
6.57933225e-04 -0.15437823 -0.14399259 -0.13536937 -0.12745672 -0.12032096 
5.33669923e-04 -0.15437823 -0.14399259 -0.13536937 -0.12745672 -0.12032096 
4.32876128e-04 -0.15437823 -0.14399259 -0.13536937 -0.12745672 -0.12032096 
3.51119173e-04 -0.15437823 -0.14399259 -0.13536937 -0.12745672 -0.12032096 
2.84803587e-04 -0.15437823 -0.14399259 -0.13536937 -0.12745672 -0.12032096 
2.31012970e-04 -0.15437823 -0.14399259 -0.13536937 -0.12745672 -0.12032096 
1.87381742e-04 -0.15437823 -0.14399259 -0.13536937 -0.12745672 -0.12032096 
1.51991108e-04 -0.15437823 -0.14399259 -0.13536937 -0.12745672 -0.12032096 
1.23284674e-04 -0.15437823 -0.14399259 -0.13536937 -0.12745672 -0.12032096 
1.00000000e-04 -0.15437823 -0.14399259 -0.13536937 -0.12745672 -0.12032096 
8.11130831e-05 -0.15437823 -0.14399259 -0.13536937 -0.12745672 -0.12032096 
6.57933225e-05 -0.15437823 -0.14399259 -0.13536937 -0.12745672 -0.12032096 
5.33669923e-05 -0.15437823 -0.14399259 -0.13536937 -0.12745672 -0.12032096 
4.32876128e-05 -0.15437823 -0.14399259 -0.13536937 -0.12745672 -0.12032096 
3.51119173e-05 -0.15437823 -0.14399259 -0.13536937 -0.12745672 -0.12032096 
2.84803587e-05 -0.15437823 -0.14399259 -0.13536937 -0.12745672 -0.12032096 
2.31012970e-05 -0.15437823 -0.14399259 -0.13536937 -0.12745672 -0.12032096 
1.87381742e-05 -0.15437823 -0.14399259 -0.13536937 -0.12745672 -0.12032096 
1.51991108e-05 -0.15437823 -0.14399259 -0.13536937 -0.12745672 -0.12032096 
1.23284674e-05 -0.15437823 -0.14399259 -0.13536937 -0.12745672 -0.12032096 
1.00000000e-05 -0.15437823 -0.14399259 -0.13536937 -0.12745672 -0.12032096 
8.11130831e-06 -0.15437823 -0.14399259 -0.13536937 -0.12745672 -0.12032096 
6.57933225e-06 -0.15437823 -0.14399259 -0.13536937 -0.12745672 -0.12032096 
5.33669923e-06 -0.15437823 -0.14399259 -0.13536937 -0.12745672 -0.12032096 
4.32876128e-06 -0.15437823 -0.14399259 -0.13536937 -0.12745672 -0.12032096 
3.51119173e-06 -0.15437823 -0.14399259 -0.13536937 -0.12745672 -0.12032096 
2.84803587e-06 -0.15437823 -0.14399259 -0.13536937 -0.12745672 -0.12032096 
2.31012970e-06 -0.15437823 -0.14399259 -0.13536937 -0.12745672 -0.12032096 
1.87381742e-06 -0.15437823 -0.14399259 -0.13536937 -0.12745672 -0.12032096 
1.51991108e-06 -0.15437823 -0.14399259 -0.13536937 -0.12745672 -0.12032096 
1.23284674e-06 -0.15437823 -0.14399259 -0.13536937 -0.12745672 -0.12032096 
1.00000000e-06 -0.15437823 -0.14399259 -0.13536937 -0.12745672 -0.12032096 
8.11130831e-07 -0.15437823 -0.14399259 -0.13536937 -0.12745672 -0.12032096 
6.57933225e-07 -0.15437823 -0.14399259 -0.13536937 -0.12745672 -0.12032096 
5.33669923e-07 -0.15437823 -0.14399259 -0.13536937 -0.12745672 -0.12032096 
4.32876128e-07 -0.15437823 -0.14399259 -0.13536937 -0.12745672 -0.12032096 
3.51119173e-07 -0.15437823 -0.14399259 -0.13536937 -0.12745672 -0.12032096 
2.84803587e-07 -0.15437823 -0.14399259 -0.13536937 -0.12745672 -0.12032096 
2.31012970e-07 -0.15437823 -0.14399259 -0.13536937 -0.12745672 -0.12032096 
1.87381742e-07 -0.15437823 -0.14399259 -0.13536937 -0.12745672 -0.12032096 
1.51991108e-07 -0.15437823 -0.14399259 -0.13536937 -0.12745672 -0.12032096 
1.23284674e-07 -0.15437823 -0.14399259 -0.13536937 -0.12745672 -0.12032096 
1.00000000e-07 -0.15437823 -0.14399259 -0.13536937 -0.12745672 -0.12032096 
P (bar) | log_He: -2σ | log_He: -1σ | log_He: median | log_He: +1σ | log_He: +2σ 
1.00000000e+02 -0.92392930 -0.91354367 -0.90492045 -0.89700780 -0.88987204 
8.11130831e+01 -0.92392930 -0.91354367 -0.90492045 -0.89700780 -0.88987204 
6.57933225e+01 -0.92392930 -0.91354367 -0.90492045 -0.89700780 -0.88987204 
5.33669923e+01 -0.92392930 -0.91354367 -0.90492045 -0.89700780 -0.88987204 
4.32876128e+01 -0.92392930 -0.91354367 -0.90492045 -0.89700780 -0.88987204 
3.51119173e+01 -0.92392930 -0.91354367 -0.90492045 -0.89700780 -0.88987204 
2.84803587e+01 -0.92392930 -0.91354367 -0.90492045 -0.89700780 -0.88987204 
2.31012970e+01 -0.92392930 -0.91354367 -0.90492045 -0.89700780 -0.88987204 
1.87381742e+01 -0.92392930 -0.91354367 -0.90492045 -0.89700780 -0.88987204 
1.51991108e+01 -0.92392930 -0.91354367 -0.90492045 -0.89700780 -0.88987204 
1.23284674e+01 -0.92392930 -0.91354367 -0.90492045 -0.89700780 -0.88987204 
1.00000000e+01 -0.92392930 -0.91354367 -0.90492045 -0.89700780 -0.88987204 
8.11130831e+00 -0.92392930 -0.91354367 -0.90492045 -0.89700780 -0.88987204 
6.57933225e+00 -0.92392930 -0.91354367 -0.90492045 -0.89700780 -0.88987204 
5.33669923e+00 -0.92392930 -0.91354367 -0.90492045 -0.89700780 -0.88987204 
4.32876128e+00 -0.92392930 -0.91354367 -0.90492045 -0.89700780 -0.88987204 
3.51119173e+00 -0.92392930 -0.91354367 -0.90492045 -0.89700780 -0.88987204 
2.84803587e+00 -0.92392930 -0.91354367 -0.90492045 -0.89700780 -0.88987204 
2.31012970e+00 -0.92392930 -0.91354367 -0.90492045 -0.89700780 -0.88987204 
1.87381742e+00 -0.92392930 -0.91354367 -0.90492045 -0.89700780 -0.88987204 
1.51991108e+00 -0.92392930 -0.91354367 -0.90492045 -0.89700780 -0.88987204 
1.23284674e+00 -0.92392930 -0.91354367 -0.90492045 -0.89700780 -0.88987204 
1.00000000e+00 -0.92392930 -0.91354367 -0.90492045 -0.89700780 -0.88987204 
8.11130831e-01 -0.92392930 -0.91354367 -0.90492045 -0.89700780 -0.88987204 
6.57933225e-01 -0.92392930 -0.91354367 -0.90492045 -0.89700780 -0.88987204 
5.33669923e-01 -0.92392930 -0.91354367 -0.90492045 -0.89700780 -0.88987204 
4.32876128e-01 -0.92392930 -0.91354367 -0.90492045 -0.89700780 -0.88987204 
3.51119173e-01 -0.92392930 -0.91354367 -0.90492045 -0.89700780 -0.88987204 
2.84803587e-01 -0.92392930 -0.91354367 -0.90492045 -0.89700780 -0.88987204 
2.31012970e-01 -0.92392930 -0.91354367 -0.90492045 -0.89700780 -0.88987204 
1.87381742e-01 -0.92392930 -0.91354367 -0.90492045 -0.89700780 -0.88987204 
1.51991108e-01 -0.92392930 -0.91354367 -0.90492045 -0.89700780 -0.88987204 
1.23284674e-01 -0.92392930 -0.91354367 -0.90492045 -0.89700780 -0.88987204 
1.00000000e-01 -0.92392930 -0.91354367 -0.90492045 -0.89700780 -0.88987204 
8.11130831e-02 -0.92392930 -0.91354367 -0.90492045 -0.89700780 -0.88987204 
6.57933225e-02 -0.92392930 -0.91354367 -0.90492045 -0.89700780 -0.88987204 
5.33669923e-02 -0.92392930 -0.91354367 -0.90492045 -0.89700780 -0.88987204 
4.32876128e-02 -0.92392930 -0.91354367 -0.90492045 -0.89700780 -0.88987204 
3.51119173e-02 -0.92392930 -0.91354367 -0.90492045 -0.89700780 -0.88987204 
2.84803587e-02 -0.92392930 -0.91354367 -0.90492045 -0.89700780 -0.88987204 
2.31012970e-02 -0.92392930 -0.91354367 -0.90492045 -0.89700780 -0.88987204 
1.87381742e-02 -0.92392930 -0.91354367 -0.90492045 -0.89700780 -0.88987204 
1.51991108e-02 -0.92392930 -0.91354367 -0.90492045 -0.89700780 -0.88987204 
1.23284674e-02 -0.92392930 -0.91354367 -0.90492045 -0.89700780 -0.88987204 
1.00000000e-02 -0.92392930 -0.91354367 -0.90492045 -0.89700780 -0.88987204 
8.11130831e-03 -0.92392930 -0.91354367 -0.90492045 -0.89700780 -0.88987204 
6.57933225e-03 -0.92392930 -0.91354367 -0.90492045 -0.89700780 -0.88987204 
5.33669923e-03 -0.92392930 -0.91354367 -0.90492045 -0.89700780 -0.88987204 
4.32876128e-03 -0.92392930 -0.91354367 -0.90492045 -0.89700780 -0.88987204 
3.51119173e-03 -0.92392930 -0.91354367 -0.90492045 -0.89700780 -0.88987204 
2.84803587e-03 -0.92392930 -0.91354367 -0.90492045 -0.89700780 -0.88987204 
2.31012970e-03 -0.92392930 -0.91354367 -0.90492045 -0.89700780 -0.88987204 
1.87381742e-03 -0.92392930 -0.91354367 -0.90492045 -0.89700780 -0.88987204 
1.51991108e-03 -0.92392930 -0.91354367 -0.90492045 -0.89700780 -0.88987204 
1.23284674e-03 -0.92392930 -0.91354367 -0.90492045 -0.89700780 -0.88987204 
1.00000000e-03 -0.92392930 -0.91354367 -0.90492045 -0.89700780 -0.88987204 
8.11130831e-04 -0.92392930 -0.91354367 -0.90492045 -0.89700780 -0.88987204 
6.57933225e-04 -0.92392930 -0.91354367 -0.90492045 -0.89700780 -0.88987204 
5.33669923e-04 -0.92392930 -0.91354367 -0.90492045 -0.89700780 -0.88987204 
4.32876128e-04 -0.92392930 -0.91354367 -0.90492045 -0.89700780 -0.88987204 
3.51119173e-04 -0.92392930 -0.91354367 -0.90492045 -0.89700780 -0.88987204 
2.84803587e-04 -0.92392930 -0.91354367 -0.90492045 -0.89700780 -0.88987204 
2.31012970e-04 -0.92392930 -0.91354367 -0.90492045 -0.89700780 -0.88987204 
1.87381742e-04 -0.92392930 -0.91354367 -0.90492045 -0.89700780 -0.88987204 
1.51991108e-04 -0.92392930 -0.91354367 -0.90492045 -0.89700780 -0.88987204 
1.23284674e-04 -0.92392930 -0.91354367 -0.90492045 -0.89700780 -0.88987204 
1.00000000e-04 -0.92392930 -0.91354367 -0.90492045 -0.89700780 -0.88987204 
8.11130831e-05 -0.92392930 -0.91354367 -0.90492045 -0.89700780 -0.88987204 
6.57933225e-05 -0.92392930 -0.91354367 -0.90492045 -0.89700780 -0.88987204 
5.33669923e-05 -0.92392930 -0.91354367 -0.90492045 -0.89700780 -0.88987204 
4.32876128e-05 -0.92392930 -0.91354367 -0.90492045 -0.89700780 -0.88987204 
3.51119173e-05 -0.92392930 -0.91354367 -0.90492045 -0.89700780 -0.88987204 
2.84803587e-05 -0.92392930 -0.91354367 -0.90492045 -0.89700780 -0.88987204 
2.31012970e-05 -0.92392930 -0.91354367 -0.90492045 -0.89700780 -0.88987204 
1.87381742e-05 -0.92392930 -0.91354367 -0.90492045 -0.89700780 -0.88987204 
1.51991108e-05 -0.92392930 -0.91354367 -0.90492045 -0.89700780 -0.88987204 
1.23284674e-05 -0.92392930 -0.91354367 -0.90492045 -0.89700780 -0.88987204 
1.00000000e-05 -0.92392930 -0.91354367 -0.90492045 -0.89700780 -0.88987204 
8.11130831e-06 -0.92392930 -0.91354367 -0.90492045 -0.89700780 -0.88987204 
6.57933225e-06 -0.92392930 -0.91354367 -0.90492045 -0.89700780 -0.88987204 
5.33669923e-06 -0.92392930 -0.91354367 -0.90492045 -0.89700780 -0.88987204 
4.32876128e-06 -0.92392930 -0.91354367 -0.90492045 -0.89700780 -0.88987204 
3.51119173e-06 -0.92392930 -0.91354367 -0.90492045 -0.89700780 -0.88987204 
2.84803587e-06 -0.92392930 -0.91354367 -0.90492045 -0.89700780 -0.88987204 
2.31012970e-06 -0.92392930 -0.91354367 -0.90492045 -0.89700780 -0.88987204 
1.87381742e-06 -0.92392930 -0.91354367 -0.90492045 -0.89700780 -0.88987204 
1.51991108e-06 -0.92392930 -0.91354367 -0.90492045 -0.89700780 -0.88987204 
1.23284674e-06 -0.92392930 -0.91354367 -0.90492045 -0.89700780 -0.88987204 
1.00000000e-06 -0.92392930 -0.91354367 -0.90492045 -0.89700780 -0.88987204 
8.11130831e-07 -0.92392930 -0.91354367 -0.90492045 -0.89700780 -0.88987204 
6.57933225e-07 -0.92392930 -0.91354367 -0.90492045 -0.89700780 -0.88987204 
5.33669923e-07 -0.92392930 -0.91354367 -0.90492045 -0.89700780 -0.88987204 
4.32876128e-07 -0.92392930 -0.91354367 -0.90492045 -0.89700780 -0.88987204 
3.51119173e-07 -0.92392930 -0.91354367 -0.90492045 -0.89700780 -0.88987204 
2.84803587e-07 -0.92392930 -0.91354367 -0.90492045 -0.89700780 -0.88987204 
2.31012970e-07 -0.92392930 -0.91354367 -0.90492045 -0.89700780 -0.88987204 
1.87381742e-07 -0.92392930 -0.91354367 -0.90492045 -0.89700780 -0.88987204 
1.51991108e-07 -0.92392930 -0.91354367 -0.90492045 -0.89700780 -0.88987204 
1.23284674e-07 -0.92392930 -0.91354367 -0.90492045 -0.89700780 -0.88987204 
1.00000000e-07 -0.92392930 -0.91354367 -0.90492045 -0.89700780 -0.88987204 
P (bar) | log_H2O: -2σ | log_H2O: -1σ | log_H2O: median | log_H2O: +1σ | log_H2O: +2σ 
1.00000000e+02 -0.94870364 -0.89557989 -0.84541258 -0.79672989 -0.74834318 
8.11130831e+01 -0.94870364 -0.89557989 -0.84541258 -0.79672989 -0.74834318 
6.57933225e+01 -0.94870364 -0.89557989 -0.84541258 -0.79672989 -0.74834318 
5.33669923e+01 -0.94870364 -0.89557989 -0.84541258 -0.79672989 -0.74834318 
4.32876128e+01 -0.94870364 -0.89557989 -0.84541258 -0.79672989 -0.74834318 
3.51119173e+01 -0.94870364 -0.89557989 -0.84541258 -0.79672989 -0.74834318 
2.84803587e+01 -0.94870364 -0.89557989 -0.84541258 -0.79672989 -0.74834318 
2.31012970e+01 -0.94870364 -0.89557989 -0.84541258 -0.79672989 -0.74834318 
1.87381742e+01 -0.94870364 -0.89557989 -0.84541258 -0.79672989 -0.74834318 
1.51991108e+01 -0.94870364 -0.89557989 -0.84541258 -0.79672989 -0.74834318 
1.23284674e+01 -0.94870364 -0.89557989 -0.84541258 -0.79672989 -0.74834318 
1.00000000e+01 -0.94870364 -0.89557989 -0.84541258 -0.79672989 -0.74834318 
8.11130831e+00 -0.94870364 -0.89557989 -0.84541258 -0.79672989 -0.74834318 
6.57933225e+00 -0.94870364 -0.89557989 -0.84541258 -0.79672989 -0.74834318 
5.33669923e+00 -0.94870364 -0.89557989 -0.84541258 -0.79672989 -0.74834318 
4.32876128e+00 -0.94870364 -0.89557989 -0.84541258 -0.79672989 -0.74834318 
3.51119173e+00 -0.94870364 -0.89557989 -0.84541258 -0.79672989 -0.74834318 
2.84803587e+00 -0.94870364 -0.89557989 -0.84541258 -0.79672989 -0.74834318 
2.31012970e+00 -0.94870364 -0.89557989 -0.84541258 -0.79672989 -0.74834318 
1.87381742e+00 -0.94870364 -0.89557989 -0.84541258 -0.79672989 -0.74834318 
1.51991108e+00 -0.94870364 -0.89557989 -0.84541258 -0.79672989 -0.74834318 
1.23284674e+00 -0.94870364 -0.89557989 -0.84541258 -0.79672989 -0.74834318 
1.00000000e+00 -0.94870364 -0.89557989 -0.84541258 -0.79672989 -0.74834318 
8.11130831e-01 -0.94870364 -0.89557989 -0.84541258 -0.79672989 -0.74834318 
6.57933225e-01 -0.94870364 -0.89557989 -0.84541258 -0.79672989 -0.74834318 
5.33669923e-01 -0.94870364 -0.89557989 -0.84541258 -0.79672989 -0.74834318 
4.32876128e-01 -0.94870364 -0.89557989 -0.84541258 -0.79672989 -0.74834318 
3.51119173e-01 -0.94870364 -0.89557989 -0.84541258 -0.79672989 -0.74834318 
2.84803587e-01 -0.94870364 -0.89557989 -0.84541258 -0.79672989 -0.74834318 
2.31012970e-01 -0.94870364 -0.89557989 -0.84541258 -0.79672989 -0.74834318 
1.87381742e-01 -0.94870364 -0.89557989 -0.84541258 -0.79672989 -0.74834318 
1.51991108e-01 -0.94870364 -0.89557989 -0.84541258 -0.79672989 -0.74834318 
1.23284674e-01 -0.94870364 -0.89557989 -0.84541258 -0.79672989 -0.74834318 
1.00000000e-01 -0.94870364 -0.89557989 -0.84541258 -0.79672989 -0.74834318 
8.11130831e-02 -0.94870364 -0.89557989 -0.84541258 -0.79672989 -0.74834318 
6.57933225e-02 -0.94870364 -0.89557989 -0.84541258 -0.79672989 -0.74834318 
5.33669923e-02 -0.94870364 -0.89557989 -0.84541258 -0.79672989 -0.74834318 
4.32876128e-02 -0.94870364 -0.89557989 -0.84541258 -0.79672989 -0.74834318 
3.51119173e-02 -0.94870364 -0.89557989 -0.84541258 -0.79672989 -0.74834318 
2.84803587e-02 -0.94870364 -0.89557989 -0.84541258 -0.79672989 -0.74834318 
2.31012970e-02 -0.94870364 -0.89557989 -0.84541258 -0.79672989 -0.74834318 
1.87381742e-02 -0.94870364 -0.89557989 -0.84541258 -0.79672989 -0.74834318 
1.51991108e-02 -0.94870364 -0.89557989 -0.84541258 -0.79672989 -0.74834318 
1.23284674e-02 -0.94870364 -0.89557989 -0.84541258 -0.79672989 -0.74834318 
1.00000000e-02 -0.94870364 -0.89557989 -0.84541258 -0.79672989 -0.74834318 
8.11130831e-03 -0.94870364 -0.89557989 -0.84541258 -0.79672989 -0.74834318 
6.57933225e-03 -0.94870364 -0.89557989 -0.84541258 -0.79672989 -0.74834318 
5.33669923e-03 -0.94870364 -0.89557989 -0.84541258 -0.79672989 -0.74834318 
4.32876128e-03 -0.94870364 -0.89557989 -0.84541258 -0.79672989 -0.74834318 
3.51119173e-03 -0.94870364 -0.89557989 -0.84541258 -0.79672989 -0.74834318 
2.84803587e-03 -0.94870364 -0.89557989 -0.84541258 -0.79672989 -0.74834318 
2.31012970e-03 -0.94870364 -0.89557989 -0.84541258 -0.79672989 -0.74834318 
1.87381742e-03 -0.94870364 -0.89557989 -0.84541258 -0.79672989 -0.74834318 
1.51991108e-03 -0.94870364 -0.89557989 -0.84541258 -0.79672989 -0.74834318 
1.23284674e-03 -0.94870364 -0.89557989 -0.84541258 -0.79672989 -0.74834318 
1.00000000e-03 -0.94870364 -0.89557989 -0.84541258 -0.79672989 -0.74834318 
8.11130831e-04 -0.94870364 -0.89557989 -0.84541258 -0.79672989 -0.74834318 
6.57933225e-04 -0.94870364 -0.89557989 -0.84541258 -0.79672989 -0.74834318 
5.33669923e-04 -0.94870364 -0.89557989 -0.84541258 -0.79672989 -0.74834318 
4.32876128e-04 -0.94870364 -0.89557989 -0.84541258 -0.79672989 -0.74834318 
3.51119173e-04 -0.94870364 -0.89557989 -0.84541258 -0.79672989 -0.74834318 
2.84803587e-04 -0.94870364 -0.89557989 -0.84541258 -0.79672989 -0.74834318 
2.31012970e-04 -0.94870364 -0.89557989 -0.84541258 -0.79672989 -0.74834318 
1.87381742e-04 -0.94870364 -0.89557989 -0.84541258 -0.79672989 -0.74834318 
1.51991108e-04 -0.94870364 -0.89557989 -0.84541258 -0.79672989 -0.74834318 
1.23284674e-04 -0.94870364 -0.89557989 -0.84541258 -0.79672989 -0.74834318 
1.00000000e-04 -0.94870364 -0.89557989 -0.84541258 -0.79672989 -0.74834318 
8.11130831e-05 -0.94870364 -0.89557989 -0.84541258 -0.79672989 -0.74834318 
6.57933225e-05 -0.94870364 -0.89557989 -0.84541258 -0.79672989 -0.74834318 
5.33669923e-05 -0.94870364 -0.89557989 -0.84541258 -0.79672989 -0.74834318 
4.32876128e-05 -0.94870364 -0.89557989 -0.84541258 -0.79672989 -0.74834318 
3.51119173e-05 -0.94870364 -0.89557989 -0.84541258 -0.79672989 -0.74834318 
2.84803587e-05 -0.94870364 -0.89557989 -0.84541258 -0.79672989 -0.74834318 
2.31012970e-05 -0.94870364 -0.89557989 -0.84541258 -0.79672989 -0.74834318 
1.87381742e-05 -0.94870364 -0.89557989 -0.84541258 -0.79672989 -0.74834318 
1.51991108e-05 -0.94870364 -0.89557989 -0.84541258 -0.79672989 -0.74834318 
1.23284674e-05 -0.94870364 -0.89557989 -0.84541258 -0.79672989 -0.74834318 
1.00000000e-05 -0.94870364 -0.89557989 -0.84541258 -0.79672989 -0.74834318 
8.11130831e-06 -0.94870364 -0.89557989 -0.84541258 -0.79672989 -0.74834318 
6.57933225e-06 -0.94870364 -0.89557989 -0.84541258 -0.79672989 -0.74834318 
5.33669923e-06 -0.94870364 -0.89557989 -0.84541258 -0.79672989 -0.74834318 
4.32876128e-06 -0.94870364 -0.89557989 -0.84541258 -0.79672989 -0.74834318 
3.51119173e-06 -0.94870364 -0.89557989 -0.84541258 -0.79672989 -0.74834318 
2.84803587e-06 -0.94870364 -0.89557989 -0.84541258 -0.79672989 -0.74834318 
2.31012970e-06 -0.94870364 -0.89557989 -0.84541258 -0.79672989 -0.74834318 
1.87381742e-06 -0.94870364 -0.89557989 -0.84541258 -0.79672989 -0.74834318 
1.51991108e-06 -0.94870364 -0.89557989 -0.84541258 -0.79672989 -0.74834318 
1.23284674e-06 -0.94870364 -0.89557989 -0.84541258 -0.79672989 -0.74834318 
1.00000000e-06 -0.94870364 -0.89557989 -0.84541258 -0.79672989 -0.74834318 
8.11130831e-07 -0.94870364 -0.89557989 -0.84541258 -0.79672989 -0.74834318 
6.57933225e-07 -0.94870364 -0.89557989 -0.84541258 -0.79672989 -0.74834318 
5.33669923e-07 -0.94870364 -0.89557989 -0.84541258 -0.79672989 -0.74834318 
4.32876128e-07 -0.94870364 -0.89557989 -0.84541258 -0.79672989 -0.74834318 
3.51119173e-07 -0.94870364 -0.89557989 -0.84541258 -0.79672989 -0.74834318 
2.84803587e-07 -0.94870364 -0.89557989 -0.84541258 -0.79672989 -0.74834318 
2.31012970e-07 -0.94870364 -0.89557989 -0.84541258 -0.79672989 -0.74834318 
1.87381742e-07 -0.94870364 -0.89557989 -0.84541258 -0.79672989 -0.74834318 
1.51991108e-07 -0.94870364 -0.89557989 -0.84541258 -0.79672989 -0.74834318 
1.23284674e-07 -0.94870364 -0.89557989 -0.84541258 -0.79672989 -0.74834318 
1.00000000e-07 -0.94870364 -0.89557989 -0.84541258 -0.79672989 -0.74834318 
P (bar) | log_CO2: -2σ | log_CO2: -1σ | log_CO2: median | log_CO2: +1σ | log_CO2: +2σ 
1.00000000e+02 -3.65614566 -3.56852453 -3.47910516 -3.39075909 -3.30069901 
8.11130831e+01 -3.65614566 -3.56852453 -3.47910516 -3.39075909 -3.30069901 
6.57933225e+01 -3.65614566 -3.56852453 -3.47910516 -3.39075909 -3.30069901 
5.33669923e+01 -3.65614566 -3.56852453 -3.47910516 -3.39075909 -3.30069901 
4.32876128e+01 -3.65614566 -3.56852453 -3.47910516 -3.39075909 -3.30069901 
3.51119173e+01 -3.65614566 -3.56852453 -3.47910516 -3.39075909 -3.30069901 
2.84803587e+01 -3.65614566 -3.56852453 -3.47910516 -3.39075909 -3.30069901 
2.31012970e+01 -3.65614566 -3.56852453 -3.47910516 -3.39075909 -3.30069901 
1.87381742e+01 -3.65614566 -3.56852453 -3.47910516 -3.39075909 -3.30069901 
1.51991108e+01 -3.65614566 -3.56852453 -3.47910516 -3.39075909 -3.30069901 
1.23284674e+01 -3.65614566 -3.56852453 -3.47910516 -3.39075909 -3.30069901 
1.00000000e+01 -3.65614566 -3.56852453 -3.47910516 -3.39075909 -3.30069901 
8.11130831e+00 -3.65614566 -3.56852453 -3.47910516 -3.39075909 -3.30069901 
6.57933225e+00 -3.65614566 -3.56852453 -3.47910516 -3.39075909 -3.30069901 
5.33669923e+00 -3.65614566 -3.56852453 -3.47910516 -3.39075909 -3.30069901 
4.32876128e+00 -3.65614566 -3.56852453 -3.47910516 -3.39075909 -3.30069901 
3.51119173e+00 -3.65614566 -3.56852453 -3.47910516 -3.39075909 -3.30069901 
2.84803587e+00 -3.65614566 -3.56852453 -3.47910516 -3.39075909 -3.30069901 
2.31012970e+00 -3.65614566 -3.56852453 -3.47910516 -3.39075909 -3.30069901 
1.87381742e+00 -3.65614566 -3.56852453 -3.47910516 -3.39075909 -3.30069901 
1.51991108e+00 -3.65614566 -3.56852453 -3.47910516 -3.39075909 -3.30069901 
1.23284674e+00 -3.65614566 -3.56852453 -3.47910516 -3.39075909 -3.30069901 
1.00000000e+00 -3.65614566 -3.56852453 -3.47910516 -3.39075909 -3.30069901 
8.11130831e-01 -3.65614566 -3.56852453 -3.47910516 -3.39075909 -3.30069901 
6.57933225e-01 -3.65614566 -3.56852453 -3.47910516 -3.39075909 -3.30069901 
5.33669923e-01 -3.65614566 -3.56852453 -3.47910516 -3.39075909 -3.30069901 
4.32876128e-01 -3.65614566 -3.56852453 -3.47910516 -3.39075909 -3.30069901 
3.51119173e-01 -3.65614566 -3.56852453 -3.47910516 -3.39075909 -3.30069901 
2.84803587e-01 -3.65614566 -3.56852453 -3.47910516 -3.39075909 -3.30069901 
2.31012970e-01 -3.65614566 -3.56852453 -3.47910516 -3.39075909 -3.30069901 
1.87381742e-01 -3.65614566 -3.56852453 -3.47910516 -3.39075909 -3.30069901 
1.51991108e-01 -3.65614566 -3.56852453 -3.47910516 -3.39075909 -3.30069901 
1.23284674e-01 -3.65614566 -3.56852453 -3.47910516 -3.39075909 -3.30069901 
1.00000000e-01 -3.65614566 -3.56852453 -3.47910516 -3.39075909 -3.30069901 
8.11130831e-02 -3.65614566 -3.56852453 -3.47910516 -3.39075909 -3.30069901 
6.57933225e-02 -3.65614566 -3.56852453 -3.47910516 -3.39075909 -3.30069901 
5.33669923e-02 -3.65614566 -3.56852453 -3.47910516 -3.39075909 -3.30069901 
4.32876128e-02 -3.65614566 -3.56852453 -3.47910516 -3.39075909 -3.30069901 
3.51119173e-02 -3.65614566 -3.56852453 -3.47910516 -3.39075909 -3.30069901 
2.84803587e-02 -3.65614566 -3.56852453 -3.47910516 -3.39075909 -3.30069901 
2.31012970e-02 -3.65614566 -3.56852453 -3.47910516 -3.39075909 -3.30069901 
1.87381742e-02 -3.65614566 -3.56852453 -3.47910516 -3.39075909 -3.30069901 
1.51991108e-02 -3.65614566 -3.56852453 -3.47910516 -3.39075909 -3.30069901 
1.23284674e-02 -3.65614566 -3.56852453 -3.47910516 -3.39075909 -3.30069901 
1.00000000e-02 -3.65614566 -3.56852453 -3.47910516 -3.39075909 -3.30069901 
8.11130831e-03 -3.65614566 -3.56852453 -3.47910516 -3.39075909 -3.30069901 
6.57933225e-03 -3.65614566 -3.56852453 -3.47910516 -3.39075909 -3.30069901 
5.33669923e-03 -3.65614566 -3.56852453 -3.47910516 -3.39075909 -3.30069901 
4.32876128e-03 -3.65614566 -3.56852453 -3.47910516 -3.39075909 -3.30069901 
3.51119173e-03 -3.65614566 -3.56852453 -3.47910516 -3.39075909 -3.30069901 
2.84803587e-03 -3.65614566 -3.56852453 -3.47910516 -3.39075909 -3.30069901 
2.31012970e-03 -3.65614566 -3.56852453 -3.47910516 -3.39075909 -3.30069901 
1.87381742e-03 -3.65614566 -3.56852453 -3.47910516 -3.39075909 -3.30069901 
1.51991108e-03 -3.65614566 -3.56852453 -3.47910516 -3.39075909 -3.30069901 
1.23284674e-03 -3.65614566 -3.56852453 -3.47910516 -3.39075909 -3.30069901 
1.00000000e-03 -3.65614566 -3.56852453 -3.47910516 -3.39075909 -3.30069901 
8.11130831e-04 -3.65614566 -3.56852453 -3.47910516 -3.39075909 -3.30069901 
6.57933225e-04 -3.65614566 -3.56852453 -3.47910516 -3.39075909 -3.30069901 
5.33669923e-04 -3.65614566 -3.56852453 -3.47910516 -3.39075909 -3.30069901 
4.32876128e-04 -3.65614566 -3.56852453 -3.47910516 -3.39075909 -3.30069901 
3.51119173e-04 -3.65614566 -3.56852453 -3.47910516 -3.39075909 -3.30069901 
2.84803587e-04 -3.65614566 -3.56852453 -3.47910516 -3.39075909 -3.30069901 
2.31012970e-04 -3.65614566 -3.56852453 -3.47910516 -3.39075909 -3.30069901 
1.87381742e-04 -3.65614566 -3.56852453 -3.47910516 -3.39075909 -3.30069901 
1.51991108e-04 -3.65614566 -3.56852453 -3.47910516 -3.39075909 -3.30069901 
1.23284674e-04 -3.65614566 -3.56852453 -3.47910516 -3.39075909 -3.30069901 
1.00000000e-04 -3.65614566 -3.56852453 -3.47910516 -3.39075909 -3.30069901 
8.11130831e-05 -3.65614566 -3.56852453 -3.47910516 -3.39075909 -3.30069901 
6.57933225e-05 -3.65614566 -3.56852453 -3.47910516 -3.39075909 -3.30069901 
5.33669923e-05 -3.65614566 -3.56852453 -3.47910516 -3.39075909 -3.30069901 
4.32876128e-05 -3.65614566 -3.56852453 -3.47910516 -3.39075909 -3.30069901 
3.51119173e-05 -3.65614566 -3.56852453 -3.47910516 -3.39075909 -3.30069901 
2.84803587e-05 -3.65614566 -3.56852453 -3.47910516 -3.39075909 -3.30069901 
2.31012970e-05 -3.65614566 -3.56852453 -3.47910516 -3.39075909 -3.30069901 
1.87381742e-05 -3.65614566 -3.56852453 -3.47910516 -3.39075909 -3.30069901 
1.51991108e-05 -3.65614566 -3.56852453 -3.47910516 -3.39075909 -3.30069901 
1.23284674e-05 -3.65614566 -3.56852453 -3.47910516 -3.39075909 -3.30069901 
1.00000000e-05 -3.65614566 -3.56852453 -3.47910516 -3.39075909 -3.30069901 
8.11130831e-06 -3.65614566 -3.56852453 -3.47910516 -3.39075909 -3.30069901 
6.57933225e-06 -3.65614566 -3.56852453 -3.47910516 -3.39075909 -3.30069901 
5.33669923e-06 -3.65614566 -3.56852453 -3.47910516 -3.39075909 -3.30069901 
4.32876128e-06 -3.65614566 -3.56852453 -3.47910516 -3.39075909 -3.30069901 
3.51119173e-06 -3.65614566 -3.56852453 -3.47910516 -3.39075909 -3.30069901 
2.84803587e-06 -3.65614566 -3.56852453 -3.47910516 -3.39075909 -3.30069901 
2.31012970e-06 -3.65614566 -3.56852453 -3.47910516 -3.39075909 -3.30069901 
1.87381742e-06 -3.65614566 -3.56852453 -3.47910516 -3.39075909 -3.30069901 
1.51991108e-06 -3.65614566 -3.56852453 -3.47910516 -3.39075909 -3.30069901 
1.23284674e-06 -3.65614566 -3.56852453 -3.47910516 -3.39075909 -3.30069901 
1.00000000e-06 -3.65614566 -3.56852453 -3.47910516 -3.39075909 -3.30069901 
8.11130831e-07 -3.65614566 -3.56852453 -3.47910516 -3.39075909 -3.30069901 
6.57933225e-07 -3.65614566 -3.56852453 -3.47910516 -3.39075909 -3.30069901 
5.33669923e-07 -3.65614566 -3.56852453 -3.47910516 -3.39075909 -3.30069901 
4.32876128e-07 -3.65614566 -3.56852453 -3.47910516 -3.39075909 -3.30069901 
3.51119173e-07 -3.65614566 -3.56852453 -3.47910516 -3.39075909 -3.30069901 
2.84803587e-07 -3.65614566 -3.56852453 -3.47910516 -3.39075909 -3.30069901 
2.31012970e-07 -3.65614566 -3.56852453 -3.47910516 -3.39075909 -3.30069901 
1.87381742e-07 -3.65614566 -3.56852453 -3.47910516 -3.39075909 -3.30069901 
1.51991108e-07 -3.65614566 -3.56852453 -3.47910516 -3.39075909 -3.30069901 
1.23284674e-07 -3.65614566 -3.56852453 -3.47910516 -3.39075909 -3.30069901 
1.00000000e-07 -3.65614566 -3.56852453 -3.47910516 -3.39075909 -3.30069901 
P (bar) | log_SO2: -2σ | log_SO2: -1σ | log_SO2: median | log_SO2: +1σ | log_SO2: +2σ 
1.00000000e+02 -4.52537712 -4.44701975 -4.36357760 -4.27477498 -4.17649040 
8.11130831e+01 -4.52537712 -4.44701975 -4.36357760 -4.27477498 -4.17649040 
6.57933225e+01 -4.52537712 -4.44701975 -4.36357760 -4.27477498 -4.17649040 
5.33669923e+01 -4.52537712 -4.44701975 -4.36357760 -4.27477498 -4.17649040 
4.32876128e+01 -4.52537712 -4.44701975 -4.36357760 -4.27477498 -4.17649040 
3.51119173e+01 -4.52537712 -4.44701975 -4.36357760 -4.27477498 -4.17649040 
2.84803587e+01 -4.52537712 -4.44701975 -4.36357760 -4.27477498 -4.17649040 
2.31012970e+01 -4.52537712 -4.44701975 -4.36357760 -4.27477498 -4.17649040 
1.87381742e+01 -4.52537712 -4.44701975 -4.36357760 -4.27477498 -4.17649040 
1.51991108e+01 -4.52537712 -4.44701975 -4.36357760 -4.27477498 -4.17649040 
1.23284674e+01 -4.52537712 -4.44701975 -4.36357760 -4.27477498 -4.17649040 
1.00000000e+01 -4.52537712 -4.44701975 -4.36357760 -4.27477498 -4.17649040 
8.11130831e+00 -4.52537712 -4.44701975 -4.36357760 -4.27477498 -4.17649040 
6.57933225e+00 -4.52537712 -4.44701975 -4.36357760 -4.27477498 -4.17649040 
5.33669923e+00 -4.52537712 -4.44701975 -4.36357760 -4.27477498 -4.17649040 
4.32876128e+00 -4.52537712 -4.44701975 -4.36357760 -4.27477498 -4.17649040 
3.51119173e+00 -4.52537712 -4.44701975 -4.36357760 -4.27477498 -4.17649040 
2.84803587e+00 -4.52537712 -4.44701975 -4.36357760 -4.27477498 -4.17649040 
2.31012970e+00 -4.52537712 -4.44701975 -4.36357760 -4.27477498 -4.17649040 
1.87381742e+00 -4.52537712 -4.44701975 -4.36357760 -4.27477498 -4.17649040 
1.51991108e+00 -4.52537712 -4.44701975 -4.36357760 -4.27477498 -4.17649040 
1.23284674e+00 -4.52537712 -4.44701975 -4.36357760 -4.27477498 -4.17649040 
1.00000000e+00 -4.52537712 -4.44701975 -4.36357760 -4.27477498 -4.17649040 
8.11130831e-01 -4.52537712 -4.44701975 -4.36357760 -4.27477498 -4.17649040 
6.57933225e-01 -4.52537712 -4.44701975 -4.36357760 -4.27477498 -4.17649040 
5.33669923e-01 -4.52537712 -4.44701975 -4.36357760 -4.27477498 -4.17649040 
4.32876128e-01 -4.52537712 -4.44701975 -4.36357760 -4.27477498 -4.17649040 
3.51119173e-01 -4.52537712 -4.44701975 -4.36357760 -4.27477498 -4.17649040 
2.84803587e-01 -4.52537712 -4.44701975 -4.36357760 -4.27477498 -4.17649040 
2.31012970e-01 -4.52537712 -4.44701975 -4.36357760 -4.27477498 -4.17649040 
1.87381742e-01 -4.52537712 -4.44701975 -4.36357760 -4.27477498 -4.17649040 
1.51991108e-01 -4.52537712 -4.44701975 -4.36357760 -4.27477498 -4.17649040 
1.23284674e-01 -4.52537712 -4.44701975 -4.36357760 -4.27477498 -4.17649040 
1.00000000e-01 -4.52537712 -4.44701975 -4.36357760 -4.27477498 -4.17649040 
8.11130831e-02 -4.52537712 -4.44701975 -4.36357760 -4.27477498 -4.17649040 
6.57933225e-02 -4.52537712 -4.44701975 -4.36357760 -4.27477498 -4.17649040 
5.33669923e-02 -4.52537712 -4.44701975 -4.36357760 -4.27477498 -4.17649040 
4.32876128e-02 -4.52537712 -4.44701975 -4.36357760 -4.27477498 -4.17649040 
3.51119173e-02 -4.52537712 -4.44701975 -4.36357760 -4.27477498 -4.17649040 
2.84803587e-02 -4.52537712 -4.44701975 -4.36357760 -4.27477498 -4.17649040 
2.31012970e-02 -4.52537712 -4.44701975 -4.36357760 -4.27477498 -4.17649040 
1.87381742e-02 -4.52537712 -4.44701975 -4.36357760 -4.27477498 -4.17649040 
1.51991108e-02 -4.52537712 -4.44701975 -4.36357760 -4.27477498 -4.17649040 
1.23284674e-02 -4.52537712 -4.44701975 -4.36357760 -4.27477498 -4.17649040 
1.00000000e-02 -4.52537712 -4.44701975 -4.36357760 -4.27477498 -4.17649040 
8.11130831e-03 -4.52537712 -4.44701975 -4.36357760 -4.27477498 -4.17649040 
6.57933225e-03 -4.52537712 -4.44701975 -4.36357760 -4.27477498 -4.17649040 
5.33669923e-03 -4.52537712 -4.44701975 -4.36357760 -4.27477498 -4.17649040 
4.32876128e-03 -4.52537712 -4.44701975 -4.36357760 -4.27477498 -4.17649040 
3.51119173e-03 -4.52537712 -4.44701975 -4.36357760 -4.27477498 -4.17649040 
2.84803587e-03 -4.52537712 -4.44701975 -4.36357760 -4.27477498 -4.17649040 
2.31012970e-03 -4.52537712 -4.44701975 -4.36357760 -4.27477498 -4.17649040 
1.87381742e-03 -4.52537712 -4.44701975 -4.36357760 -4.27477498 -4.17649040 
1.51991108e-03 -4.52537712 -4.44701975 -4.36357760 -4.27477498 -4.17649040 
1.23284674e-03 -4.52537712 -4.44701975 -4.36357760 -4.27477498 -4.17649040 
1.00000000e-03 -4.52537712 -4.44701975 -4.36357760 -4.27477498 -4.17649040 
8.11130831e-04 -4.52537712 -4.44701975 -4.36357760 -4.27477498 -4.17649040 
6.57933225e-04 -4.52537712 -4.44701975 -4.36357760 -4.27477498 -4.17649040 
5.33669923e-04 -4.52537712 -4.44701975 -4.36357760 -4.27477498 -4.17649040 
4.32876128e-04 -4.52537712 -4.44701975 -4.36357760 -4.27477498 -4.17649040 
3.51119173e-04 -4.52537712 -4.44701975 -4.36357760 -4.27477498 -4.17649040 
2.84803587e-04 -4.52537712 -4.44701975 -4.36357760 -4.27477498 -4.17649040 
2.31012970e-04 -4.52537712 -4.44701975 -4.36357760 -4.27477498 -4.17649040 
1.87381742e-04 -4.52537712 -4.44701975 -4.36357760 -4.27477498 -4.17649040 
1.51991108e-04 -4.52537712 -4.44701975 -4.36357760 -4.27477498 -4.17649040 
1.23284674e-04 -4.52537712 -4.44701975 -4.36357760 -4.27477498 -4.17649040 
1.00000000e-04 -4.52537712 -4.44701975 -4.36357760 -4.27477498 -4.17649040 
8.11130831e-05 -4.52537712 -4.44701975 -4.36357760 -4.27477498 -4.17649040 
6.57933225e-05 -4.52537712 -4.44701975 -4.36357760 -4.27477498 -4.17649040 
5.33669923e-05 -4.52537712 -4.44701975 -4.36357760 -4.27477498 -4.17649040 
4.32876128e-05 -4.52537712 -4.44701975 -4.36357760 -4.27477498 -4.17649040 
3.51119173e-05 -4.52537712 -4.44701975 -4.36357760 -4.27477498 -4.17649040 
2.84803587e-05 -4.52537712 -4.44701975 -4.36357760 -4.27477498 -4.17649040 
2.31012970e-05 -4.52537712 -4.44701975 -4.36357760 -4.27477498 -4.17649040 
1.87381742e-05 -4.52537712 -4.44701975 -4.36357760 -4.27477498 -4.17649040 
1.51991108e-05 -4.52537712 -4.44701975 -4.36357760 -4.27477498 -4.17649040 
1.23284674e-05 -4.52537712 -4.44701975 -4.36357760 -4.27477498 -4.17649040 
1.00000000e-05 -4.52537712 -4.44701975 -4.36357760 -4.27477498 -4.17649040 
8.11130831e-06 -4.52537712 -4.44701975 -4.36357760 -4.27477498 -4.17649040 
6.57933225e-06 -4.52537712 -4.44701975 -4.36357760 -4.27477498 -4.17649040 
5.33669923e-06 -4.52537712 -4.44701975 -4.36357760 -4.27477498 -4.17649040 
4.32876128e-06 -4.52537712 -4.44701975 -4.36357760 -4.27477498 -4.17649040 
3.51119173e-06 -4.52537712 -4.44701975 -4.36357760 -4.27477498 -4.17649040 
2.84803587e-06 -4.52537712 -4.44701975 -4.36357760 -4.27477498 -4.17649040 
2.31012970e-06 -4.52537712 -4.44701975 -4.36357760 -4.27477498 -4.17649040 
1.87381742e-06 -4.52537712 -4.44701975 -4.36357760 -4.27477498 -4.17649040 
1.51991108e-06 -4.52537712 -4.44701975 -4.36357760 -4.27477498 -4.17649040 
1.23284674e-06 -4.52537712 -4.44701975 -4.36357760 -4.27477498 -4.17649040 
1.00000000e-06 -4.52537712 -4.44701975 -4.36357760 -4.27477498 -4.17649040 
8.11130831e-07 -4.52537712 -4.44701975 -4.36357760 -4.27477498 -4.17649040 
6.57933225e-07 -4.52537712 -4.44701975 -4.36357760 -4.27477498 -4.17649040 
5.33669923e-07 -4.52537712 -4.44701975 -4.36357760 -4.27477498 -4.17649040 
4.32876128e-07 -4.52537712 -4.44701975 -4.36357760 -4.27477498 -4.17649040 
3.51119173e-07 -4.52537712 -4.44701975 -4.36357760 -4.27477498 -4.17649040 
2.84803587e-07 -4.52537712 -4.44701975 -4.36357760 -4.27477498 -4.17649040 
2.31012970e-07 -4.52537712 -4.44701975 -4.36357760 -4.27477498 -4.17649040 
1.87381742e-07 -4.52537712 -4.44701975 -4.36357760 -4.27477498 -4.17649040 
1.51991108e-07 -4.52537712 -4.44701975 -4.36357760 -4.27477498 -4.17649040 
1.23284674e-07 -4.52537712 -4.44701975 -4.36357760 -4.27477498 -4.17649040 
1.00000000e-07 -4.52537712 -4.44701975 -4.36357760 -4.27477498 -4.17649040 
P (bar) | log_CO: -2σ | log_CO: -1σ | log_CO: median | log_CO: +1σ | log_CO: +2σ 
1.00000000e+02 -6.96097532 -6.73819658 -6.11634367 -5.16894804 -4.30665826 
8.11130831e+01 -6.96097532 -6.73819658 -6.11634367 -5.16894804 -4.30665826 
6.57933225e+01 -6.96097532 -6.73819658 -6.11634367 -5.16894804 -4.30665826 
5.33669923e+01 -6.96097532 -6.73819658 -6.11634367 -5.16894804 -4.30665826 
4.32876128e+01 -6.96097532 -6.73819658 -6.11634367 -5.16894804 -4.30665826 
3.51119173e+01 -6.96097532 -6.73819658 -6.11634367 -5.16894804 -4.30665826 
2.84803587e+01 -6.96097532 -6.73819658 -6.11634367 -5.16894804 -4.30665826 
2.31012970e+01 -6.96097532 -6.73819658 -6.11634367 -5.16894804 -4.30665826 
1.87381742e+01 -6.96097532 -6.73819658 -6.11634367 -5.16894804 -4.30665826 
1.51991108e+01 -6.96097532 -6.73819658 -6.11634367 -5.16894804 -4.30665826 
1.23284674e+01 -6.96097532 -6.73819658 -6.11634367 -5.16894804 -4.30665826 
1.00000000e+01 -6.96097532 -6.73819658 -6.11634367 -5.16894804 -4.30665826 
8.11130831e+00 -6.96097532 -6.73819658 -6.11634367 -5.16894804 -4.30665826 
6.57933225e+00 -6.96097532 -6.73819658 -6.11634367 -5.16894804 -4.30665826 
5.33669923e+00 -6.96097532 -6.73819658 -6.11634367 -5.16894804 -4.30665826 
4.32876128e+00 -6.96097532 -6.73819658 -6.11634367 -5.16894804 -4.30665826 
3.51119173e+00 -6.96097532 -6.73819658 -6.11634367 -5.16894804 -4.30665826 
2.84803587e+00 -6.96097532 -6.73819658 -6.11634367 -5.16894804 -4.30665826 
2.31012970e+00 -6.96097532 -6.73819658 -6.11634367 -5.16894804 -4.30665826 
1.87381742e+00 -6.96097532 -6.73819658 -6.11634367 -5.16894804 -4.30665826 
1.51991108e+00 -6.96097532 -6.73819658 -6.11634367 -5.16894804 -4.30665826 
1.23284674e+00 -6.96097532 -6.73819658 -6.11634367 -5.16894804 -4.30665826 
1.00000000e+00 -6.96097532 -6.73819658 -6.11634367 -5.16894804 -4.30665826 
8.11130831e-01 -6.96097532 -6.73819658 -6.11634367 -5.16894804 -4.30665826 
6.57933225e-01 -6.96097532 -6.73819658 -6.11634367 -5.16894804 -4.30665826 
5.33669923e-01 -6.96097532 -6.73819658 -6.11634367 -5.16894804 -4.30665826 
4.32876128e-01 -6.96097532 -6.73819658 -6.11634367 -5.16894804 -4.30665826 
3.51119173e-01 -6.96097532 -6.73819658 -6.11634367 -5.16894804 -4.30665826 
2.84803587e-01 -6.96097532 -6.73819658 -6.11634367 -5.16894804 -4.30665826 
2.31012970e-01 -6.96097532 -6.73819658 -6.11634367 -5.16894804 -4.30665826 
1.87381742e-01 -6.96097532 -6.73819658 -6.11634367 -5.16894804 -4.30665826 
1.51991108e-01 -6.96097532 -6.73819658 -6.11634367 -5.16894804 -4.30665826 
1.23284674e-01 -6.96097532 -6.73819658 -6.11634367 -5.16894804 -4.30665826 
1.00000000e-01 -6.96097532 -6.73819658 -6.11634367 -5.16894804 -4.30665826 
8.11130831e-02 -6.96097532 -6.73819658 -6.11634367 -5.16894804 -4.30665826 
6.57933225e-02 -6.96097532 -6.73819658 -6.11634367 -5.16894804 -4.30665826 
5.33669923e-02 -6.96097532 -6.73819658 -6.11634367 -5.16894804 -4.30665826 
4.32876128e-02 -6.96097532 -6.73819658 -6.11634367 -5.16894804 -4.30665826 
3.51119173e-02 -6.96097532 -6.73819658 -6.11634367 -5.16894804 -4.30665826 
2.84803587e-02 -6.96097532 -6.73819658 -6.11634367 -5.16894804 -4.30665826 
2.31012970e-02 -6.96097532 -6.73819658 -6.11634367 -5.16894804 -4.30665826 
1.87381742e-02 -6.96097532 -6.73819658 -6.11634367 -5.16894804 -4.30665826 
1.51991108e-02 -6.96097532 -6.73819658 -6.11634367 -5.16894804 -4.30665826 
1.23284674e-02 -6.96097532 -6.73819658 -6.11634367 -5.16894804 -4.30665826 
1.00000000e-02 -6.96097532 -6.73819658 -6.11634367 -5.16894804 -4.30665826 
8.11130831e-03 -6.96097532 -6.73819658 -6.11634367 -5.16894804 -4.30665826 
6.57933225e-03 -6.96097532 -6.73819658 -6.11634367 -5.16894804 -4.30665826 
5.33669923e-03 -6.96097532 -6.73819658 -6.11634367 -5.16894804 -4.30665826 
4.32876128e-03 -6.96097532 -6.73819658 -6.11634367 -5.16894804 -4.30665826 
3.51119173e-03 -6.96097532 -6.73819658 -6.11634367 -5.16894804 -4.30665826 
2.84803587e-03 -6.96097532 -6.73819658 -6.11634367 -5.16894804 -4.30665826 
2.31012970e-03 -6.96097532 -6.73819658 -6.11634367 -5.16894804 -4.30665826 
1.87381742e-03 -6.96097532 -6.73819658 -6.11634367 -5.16894804 -4.30665826 
1.51991108e-03 -6.96097532 -6.73819658 -6.11634367 -5.16894804 -4.30665826 
1.23284674e-03 -6.96097532 -6.73819658 -6.11634367 -5.16894804 -4.30665826 
1.00000000e-03 -6.96097532 -6.73819658 -6.11634367 -5.16894804 -4.30665826 
8.11130831e-04 -6.96097532 -6.73819658 -6.11634367 -5.16894804 -4.30665826 
6.57933225e-04 -6.96097532 -6.73819658 -6.11634367 -5.16894804 -4.30665826 
5.33669923e-04 -6.96097532 -6.73819658 -6.11634367 -5.16894804 -4.30665826 
4.32876128e-04 -6.96097532 -6.73819658 -6.11634367 -5.16894804 -4.30665826 
3.51119173e-04 -6.96097532 -6.73819658 -6.11634367 -5.16894804 -4.30665826 
2.84803587e-04 -6.96097532 -6.73819658 -6.11634367 -5.16894804 -4.30665826 
2.31012970e-04 -6.96097532 -6.73819658 -6.11634367 -5.16894804 -4.30665826 
1.87381742e-04 -6.96097532 -6.73819658 -6.11634367 -5.16894804 -4.30665826 
1.51991108e-04 -6.96097532 -6.73819658 -6.11634367 -5.16894804 -4.30665826 
1.23284674e-04 -6.96097532 -6.73819658 -6.11634367 -5.16894804 -4.30665826 
1.00000000e-04 -6.96097532 -6.73819658 -6.11634367 -5.16894804 -4.30665826 
8.11130831e-05 -6.96097532 -6.73819658 -6.11634367 -5.16894804 -4.30665826 
6.57933225e-05 -6.96097532 -6.73819658 -6.11634367 -5.16894804 -4.30665826 
5.33669923e-05 -6.96097532 -6.73819658 -6.11634367 -5.16894804 -4.30665826 
4.32876128e-05 -6.96097532 -6.73819658 -6.11634367 -5.16894804 -4.30665826 
3.51119173e-05 -6.96097532 -6.73819658 -6.11634367 -5.16894804 -4.30665826 
2.84803587e-05 -6.96097532 -6.73819658 -6.11634367 -5.16894804 -4.30665826 
2.31012970e-05 -6.96097532 -6.73819658 -6.11634367 -5.16894804 -4.30665826 
1.87381742e-05 -6.96097532 -6.73819658 -6.11634367 -5.16894804 -4.30665826 
1.51991108e-05 -6.96097532 -6.73819658 -6.11634367 -5.16894804 -4.30665826 
1.23284674e-05 -6.96097532 -6.73819658 -6.11634367 -5.16894804 -4.30665826 
1.00000000e-05 -6.96097532 -6.73819658 -6.11634367 -5.16894804 -4.30665826 
8.11130831e-06 -6.96097532 -6.73819658 -6.11634367 -5.16894804 -4.30665826 
6.57933225e-06 -6.96097532 -6.73819658 -6.11634367 -5.16894804 -4.30665826 
5.33669923e-06 -6.96097532 -6.73819658 -6.11634367 -5.16894804 -4.30665826 
4.32876128e-06 -6.96097532 -6.73819658 -6.11634367 -5.16894804 -4.30665826 
3.51119173e-06 -6.96097532 -6.73819658 -6.11634367 -5.16894804 -4.30665826 
2.84803587e-06 -6.96097532 -6.73819658 -6.11634367 -5.16894804 -4.30665826 
2.31012970e-06 -6.96097532 -6.73819658 -6.11634367 -5.16894804 -4.30665826 
1.87381742e-06 -6.96097532 -6.73819658 -6.11634367 -5.16894804 -4.30665826 
1.51991108e-06 -6.96097532 -6.73819658 -6.11634367 -5.16894804 -4.30665826 
1.23284674e-06 -6.96097532 -6.73819658 -6.11634367 -5.16894804 -4.30665826 
1.00000000e-06 -6.96097532 -6.73819658 -6.11634367 -5.16894804 -4.30665826 
8.11130831e-07 -6.96097532 -6.73819658 -6.11634367 -5.16894804 -4.30665826 
6.57933225e-07 -6.96097532 -6.73819658 -6.11634367 -5.16894804 -4.30665826 
5.33669923e-07 -6.96097532 -6.73819658 -6.11634367 -5.16894804 -4.30665826 
4.32876128e-07 -6.96097532 -6.73819658 -6.11634367 -5.16894804 -4.30665826 
3.51119173e-07 -6.96097532 -6.73819658 -6.11634367 -5.16894804 -4.30665826 
2.84803587e-07 -6.96097532 -6.73819658 -6.11634367 -5.16894804 -4.30665826 
2.31012970e-07 -6.96097532 -6.73819658 -6.11634367 -5.16894804 -4.30665826 
1.87381742e-07 -6.96097532 -6.73819658 -6.11634367 -5.16894804 -4.30665826 
1.51991108e-07 -6.96097532 -6.73819658 -6.11634367 -5.16894804 -4.30665826 
1.23284674e-07 -6.96097532 -6.73819658 -6.11634367 -5.16894804 -4.30665826 
1.00000000e-07 -6.96097532 -6.73819658 -6.11634367 -5.16894804 -4.30665826 
P (bar) | log_NH3: -2σ | log_NH3: -1σ | log_NH3: median | log_NH3: +1σ | log_NH3: +2σ 
1.00000000e+02 -8.92810664 -8.55501030 -7.66625326 -6.57892880 -5.80281040 
8.11130831e+01 -8.92810664 -8.55501030 -7.66625326 -6.57892880 -5.80281040 
6.57933225e+01 -8.92810664 -8.55501030 -7.66625326 -6.57892880 -5.80281040 
5.33669923e+01 -8.92810664 -8.55501030 -7.66625326 -6.57892880 -5.80281040 
4.32876128e+01 -8.92810664 -8.55501030 -7.66625326 -6.57892880 -5.80281040 
3.51119173e+01 -8.92810664 -8.55501030 -7.66625326 -6.57892880 -5.80281040 
2.84803587e+01 -8.92810664 -8.55501030 -7.66625326 -6.57892880 -5.80281040 
2.31012970e+01 -8.92810664 -8.55501030 -7.66625326 -6.57892880 -5.80281040 
1.87381742e+01 -8.92810664 -8.55501030 -7.66625326 -6.57892880 -5.80281040 
1.51991108e+01 -8.92810664 -8.55501030 -7.66625326 -6.57892880 -5.80281040 
1.23284674e+01 -8.92810664 -8.55501030 -7.66625326 -6.57892880 -5.80281040 
1.00000000e+01 -8.92810664 -8.55501030 -7.66625326 -6.57892880 -5.80281040 
8.11130831e+00 -8.92810664 -8.55501030 -7.66625326 -6.57892880 -5.80281040 
6.57933225e+00 -8.92810664 -8.55501030 -7.66625326 -6.57892880 -5.80281040 
5.33669923e+00 -8.92810664 -8.55501030 -7.66625326 -6.57892880 -5.80281040 
4.32876128e+00 -8.92810664 -8.55501030 -7.66625326 -6.57892880 -5.80281040 
3.51119173e+00 -8.92810664 -8.55501030 -7.66625326 -6.57892880 -5.80281040 
2.84803587e+00 -8.92810664 -8.55501030 -7.66625326 -6.57892880 -5.80281040 
2.31012970e+00 -8.92810664 -8.55501030 -7.66625326 -6.57892880 -5.80281040 
1.87381742e+00 -8.92810664 -8.55501030 -7.66625326 -6.57892880 -5.80281040 
1.51991108e+00 -8.92810664 -8.55501030 -7.66625326 -6.57892880 -5.80281040 
1.23284674e+00 -8.92810664 -8.55501030 -7.66625326 -6.57892880 -5.80281040 
1.00000000e+00 -8.92810664 -8.55501030 -7.66625326 -6.57892880 -5.80281040 
8.11130831e-01 -8.92810664 -8.55501030 -7.66625326 -6.57892880 -5.80281040 
6.57933225e-01 -8.92810664 -8.55501030 -7.66625326 -6.57892880 -5.80281040 
5.33669923e-01 -8.92810664 -8.55501030 -7.66625326 -6.57892880 -5.80281040 
4.32876128e-01 -8.92810664 -8.55501030 -7.66625326 -6.57892880 -5.80281040 
3.51119173e-01 -8.92810664 -8.55501030 -7.66625326 -6.57892880 -5.80281040 
2.84803587e-01 -8.92810664 -8.55501030 -7.66625326 -6.57892880 -5.80281040 
2.31012970e-01 -8.92810664 -8.55501030 -7.66625326 -6.57892880 -5.80281040 
1.87381742e-01 -8.92810664 -8.55501030 -7.66625326 -6.57892880 -5.80281040 
1.51991108e-01 -8.92810664 -8.55501030 -7.66625326 -6.57892880 -5.80281040 
1.23284674e-01 -8.92810664 -8.55501030 -7.66625326 -6.57892880 -5.80281040 
1.00000000e-01 -8.92810664 -8.55501030 -7.66625326 -6.57892880 -5.80281040 
8.11130831e-02 -8.92810664 -8.55501030 -7.66625326 -6.57892880 -5.80281040 
6.57933225e-02 -8.92810664 -8.55501030 -7.66625326 -6.57892880 -5.80281040 
5.33669923e-02 -8.92810664 -8.55501030 -7.66625326 -6.57892880 -5.80281040 
4.32876128e-02 -8.92810664 -8.55501030 -7.66625326 -6.57892880 -5.80281040 
3.51119173e-02 -8.92810664 -8.55501030 -7.66625326 -6.57892880 -5.80281040 
2.84803587e-02 -8.92810664 -8.55501030 -7.66625326 -6.57892880 -5.80281040 
2.31012970e-02 -8.92810664 -8.55501030 -7.66625326 -6.57892880 -5.80281040 
1.87381742e-02 -8.92810664 -8.55501030 -7.66625326 -6.57892880 -5.80281040 
1.51991108e-02 -8.92810664 -8.55501030 -7.66625326 -6.57892880 -5.80281040 
1.23284674e-02 -8.92810664 -8.55501030 -7.66625326 -6.57892880 -5.80281040 
1.00000000e-02 -8.92810664 -8.55501030 -7.66625326 -6.57892880 -5.80281040 
8.11130831e-03 -8.92810664 -8.55501030 -7.66625326 -6.57892880 -5.80281040 
6.57933225e-03 -8.92810664 -8.55501030 -7.66625326 -6.57892880 -5.80281040 
5.33669923e-03 -8.92810664 -8.55501030 -7.66625326 -6.57892880 -5.80281040 
4.32876128e-03 -8.92810664 -8.55501030 -7.66625326 -6.57892880 -5.80281040 
3.51119173e-03 -8.92810664 -8.55501030 -7.66625326 -6.57892880 -5.80281040 
2.84803587e-03 -8.92810664 -8.55501030 -7.66625326 -6.57892880 -5.80281040 
2.31012970e-03 -8.92810664 -8.55501030 -7.66625326 -6.57892880 -5.80281040 
1.87381742e-03 -8.92810664 -8.55501030 -7.66625326 -6.57892880 -5.80281040 
1.51991108e-03 -8.92810664 -8.55501030 -7.66625326 -6.57892880 -5.80281040 
1.23284674e-03 -8.92810664 -8.55501030 -7.66625326 -6.57892880 -5.80281040 
1.00000000e-03 -8.92810664 -8.55501030 -7.66625326 -6.57892880 -5.80281040 
8.11130831e-04 -8.92810664 -8.55501030 -7.66625326 -6.57892880 -5.80281040 
6.57933225e-04 -8.92810664 -8.55501030 -7.66625326 -6.57892880 -5.80281040 
5.33669923e-04 -8.92810664 -8.55501030 -7.66625326 -6.57892880 -5.80281040 
4.32876128e-04 -8.92810664 -8.55501030 -7.66625326 -6.57892880 -5.80281040 
3.51119173e-04 -8.92810664 -8.55501030 -7.66625326 -6.57892880 -5.80281040 
2.84803587e-04 -8.92810664 -8.55501030 -7.66625326 -6.57892880 -5.80281040 
2.31012970e-04 -8.92810664 -8.55501030 -7.66625326 -6.57892880 -5.80281040 
1.87381742e-04 -8.92810664 -8.55501030 -7.66625326 -6.57892880 -5.80281040 
1.51991108e-04 -8.92810664 -8.55501030 -7.66625326 -6.57892880 -5.80281040 
1.23284674e-04 -8.92810664 -8.55501030 -7.66625326 -6.57892880 -5.80281040 
1.00000000e-04 -8.92810664 -8.55501030 -7.66625326 -6.57892880 -5.80281040 
8.11130831e-05 -8.92810664 -8.55501030 -7.66625326 -6.57892880 -5.80281040 
6.57933225e-05 -8.92810664 -8.55501030 -7.66625326 -6.57892880 -5.80281040 
5.33669923e-05 -8.92810664 -8.55501030 -7.66625326 -6.57892880 -5.80281040 
4.32876128e-05 -8.92810664 -8.55501030 -7.66625326 -6.57892880 -5.80281040 
3.51119173e-05 -8.92810664 -8.55501030 -7.66625326 -6.57892880 -5.80281040 
2.84803587e-05 -8.92810664 -8.55501030 -7.66625326 -6.57892880 -5.80281040 
2.31012970e-05 -8.92810664 -8.55501030 -7.66625326 -6.57892880 -5.80281040 
1.87381742e-05 -8.92810664 -8.55501030 -7.66625326 -6.57892880 -5.80281040 
1.51991108e-05 -8.92810664 -8.55501030 -7.66625326 -6.57892880 -5.80281040 
1.23284674e-05 -8.92810664 -8.55501030 -7.66625326 -6.57892880 -5.80281040 
1.00000000e-05 -8.92810664 -8.55501030 -7.66625326 -6.57892880 -5.80281040 
8.11130831e-06 -8.92810664 -8.55501030 -7.66625326 -6.57892880 -5.80281040 
6.57933225e-06 -8.92810664 -8.55501030 -7.66625326 -6.57892880 -5.80281040 
5.33669923e-06 -8.92810664 -8.55501030 -7.66625326 -6.57892880 -5.80281040 
4.32876128e-06 -8.92810664 -8.55501030 -7.66625326 -6.57892880 -5.80281040 
3.51119173e-06 -8.92810664 -8.55501030 -7.66625326 -6.57892880 -5.80281040 
2.84803587e-06 -8.92810664 -8.55501030 -7.66625326 -6.57892880 -5.80281040 
2.31012970e-06 -8.92810664 -8.55501030 -7.66625326 -6.57892880 -5.80281040 
1.87381742e-06 -8.92810664 -8.55501030 -7.66625326 -6.57892880 -5.80281040 
1.51991108e-06 -8.92810664 -8.55501030 -7.66625326 -6.57892880 -5.80281040 
1.23284674e-06 -8.92810664 -8.55501030 -7.66625326 -6.57892880 -5.80281040 
1.00000000e-06 -8.92810664 -8.55501030 -7.66625326 -6.57892880 -5.80281040 
8.11130831e-07 -8.92810664 -8.55501030 -7.66625326 -6.57892880 -5.80281040 
6.57933225e-07 -8.92810664 -8.55501030 -7.66625326 -6.57892880 -5.80281040 
5.33669923e-07 -8.92810664 -8.55501030 -7.66625326 -6.57892880 -5.80281040 
4.32876128e-07 -8.92810664 -8.55501030 -7.66625326 -6.57892880 -5.80281040 
3.51119173e-07 -8.92810664 -8.55501030 -7.66625326 -6.57892880 -5.80281040 
2.84803587e-07 -8.92810664 -8.55501030 -7.66625326 -6.57892880 -5.80281040 
2.31012970e-07 -8.92810664 -8.55501030 -7.66625326 -6.57892880 -5.80281040 
1.87381742e-07 -8.92810664 -8.55501030 -7.66625326 -6.57892880 -5.80281040 
1.51991108e-07 -8.92810664 -8.55501030 -7.66625326 -6.57892880 -5.80281040 
1.23284674e-07 -8.92810664 -8.55501030 -7.66625326 -6.57892880 -5.80281040 
1.00000000e-07 -8.92810664 -8.55501030 -7.66625326 -6.57892880 -5.80281040 
P (bar) | log_CH4: -2σ | log_CH4: -1σ | log_CH4: median | log_CH4: +1σ | log_CH4: +2σ 
1.00000000e+02 -5.32370499 -5.14415573 -5.00157210 -4.86947597 -4.74515316 
8.11130831e+01 -5.32370499 -5.14415573 -5.00157210 -4.86947597 -4.74515316 
6.57933225e+01 -5.32370499 -5.14415573 -5.00157210 -4.86947597 -4.74515316 
5.33669923e+01 -5.32370499 -5.14415573 -5.00157210 -4.86947597 -4.74515316 
4.32876128e+01 -5.32370499 -5.14415573 -5.00157210 -4.86947597 -4.74515316 
3.51119173e+01 -5.32370499 -5.14415573 -5.00157210 -4.86947597 -4.74515316 
2.84803587e+01 -5.32370499 -5.14415573 -5.00157210 -4.86947597 -4.74515316 
2.31012970e+01 -5.32370499 -5.14415573 -5.00157210 -4.86947597 -4.74515316 
1.87381742e+01 -5.32370499 -5.14415573 -5.00157210 -4.86947597 -4.74515316 
1.51991108e+01 -5.32370499 -5.14415573 -5.00157210 -4.86947597 -4.74515316 
1.23284674e+01 -5.32370499 -5.14415573 -5.00157210 -4.86947597 -4.74515316 
1.00000000e+01 -5.32370499 -5.14415573 -5.00157210 -4.86947597 -4.74515316 
8.11130831e+00 -5.32370499 -5.14415573 -5.00157210 -4.86947597 -4.74515316 
6.57933225e+00 -5.32370499 -5.14415573 -5.00157210 -4.86947597 -4.74515316 
5.33669923e+00 -5.32370499 -5.14415573 -5.00157210 -4.86947597 -4.74515316 
4.32876128e+00 -5.32370499 -5.14415573 -5.00157210 -4.86947597 -4.74515316 
3.51119173e+00 -5.32370499 -5.14415573 -5.00157210 -4.86947597 -4.74515316 
2.84803587e+00 -5.32370499 -5.14415573 -5.00157210 -4.86947597 -4.74515316 
2.31012970e+00 -5.32370499 -5.14415573 -5.00157210 -4.86947597 -4.74515316 
1.87381742e+00 -5.32370499 -5.14415573 -5.00157210 -4.86947597 -4.74515316 
1.51991108e+00 -5.32370499 -5.14415573 -5.00157210 -4.86947597 -4.74515316 
1.23284674e+00 -5.32370499 -5.14415573 -5.00157210 -4.86947597 -4.74515316 
1.00000000e+00 -5.32370499 -5.14415573 -5.00157210 -4.86947597 -4.74515316 
8.11130831e-01 -5.32370499 -5.14415573 -5.00157210 -4.86947597 -4.74515316 
6.57933225e-01 -5.32370499 -5.14415573 -5.00157210 -4.86947597 -4.74515316 
5.33669923e-01 -5.32370499 -5.14415573 -5.00157210 -4.86947597 -4.74515316 
4.32876128e-01 -5.32370499 -5.14415573 -5.00157210 -4.86947597 -4.74515316 
3.51119173e-01 -5.32370499 -5.14415573 -5.00157210 -4.86947597 -4.74515316 
2.84803587e-01 -5.32370499 -5.14415573 -5.00157210 -4.86947597 -4.74515316 
2.31012970e-01 -5.32370499 -5.14415573 -5.00157210 -4.86947597 -4.74515316 
1.87381742e-01 -5.32370499 -5.14415573 -5.00157210 -4.86947597 -4.74515316 
1.51991108e-01 -5.32370499 -5.14415573 -5.00157210 -4.86947597 -4.74515316 
1.23284674e-01 -5.32370499 -5.14415573 -5.00157210 -4.86947597 -4.74515316 
1.00000000e-01 -5.32370499 -5.14415573 -5.00157210 -4.86947597 -4.74515316 
8.11130831e-02 -5.32370499 -5.14415573 -5.00157210 -4.86947597 -4.74515316 
6.57933225e-02 -5.32370499 -5.14415573 -5.00157210 -4.86947597 -4.74515316 
5.33669923e-02 -5.32370499 -5.14415573 -5.00157210 -4.86947597 -4.74515316 
4.32876128e-02 -5.32370499 -5.14415573 -5.00157210 -4.86947597 -4.74515316 
3.51119173e-02 -5.32370499 -5.14415573 -5.00157210 -4.86947597 -4.74515316 
2.84803587e-02 -5.32370499 -5.14415573 -5.00157210 -4.86947597 -4.74515316 
2.31012970e-02 -5.32370499 -5.14415573 -5.00157210 -4.86947597 -4.74515316 
1.87381742e-02 -5.32370499 -5.14415573 -5.00157210 -4.86947597 -4.74515316 
1.51991108e-02 -5.32370499 -5.14415573 -5.00157210 -4.86947597 -4.74515316 
1.23284674e-02 -5.32370499 -5.14415573 -5.00157210 -4.86947597 -4.74515316 
1.00000000e-02 -5.32370499 -5.14415573 -5.00157210 -4.86947597 -4.74515316 
8.11130831e-03 -5.32370499 -5.14415573 -5.00157210 -4.86947597 -4.74515316 
6.57933225e-03 -5.32370499 -5.14415573 -5.00157210 -4.86947597 -4.74515316 
5.33669923e-03 -5.32370499 -5.14415573 -5.00157210 -4.86947597 -4.74515316 
4.32876128e-03 -5.32370499 -5.14415573 -5.00157210 -4.86947597 -4.74515316 
3.51119173e-03 -5.32370499 -5.14415573 -5.00157210 -4.86947597 -4.74515316 
2.84803587e-03 -5.32370499 -5.14415573 -5.00157210 -4.86947597 -4.74515316 
2.31012970e-03 -5.32370499 -5.14415573 -5.00157210 -4.86947597 -4.74515316 
1.87381742e-03 -5.32370499 -5.14415573 -5.00157210 -4.86947597 -4.74515316 
1.51991108e-03 -5.32370499 -5.14415573 -5.00157210 -4.86947597 -4.74515316 
1.23284674e-03 -5.32370499 -5.14415573 -5.00157210 -4.86947597 -4.74515316 
1.00000000e-03 -5.32370499 -5.14415573 -5.00157210 -4.86947597 -4.74515316 
8.11130831e-04 -5.32370499 -5.14415573 -5.00157210 -4.86947597 -4.74515316 
6.57933225e-04 -5.32370499 -5.14415573 -5.00157210 -4.86947597 -4.74515316 
5.33669923e-04 -5.32370499 -5.14415573 -5.00157210 -4.86947597 -4.74515316 
4.32876128e-04 -5.32370499 -5.14415573 -5.00157210 -4.86947597 -4.74515316 
3.51119173e-04 -5.32370499 -5.14415573 -5.00157210 -4.86947597 -4.74515316 
2.84803587e-04 -5.32370499 -5.14415573 -5.00157210 -4.86947597 -4.74515316 
2.31012970e-04 -5.32370499 -5.14415573 -5.00157210 -4.86947597 -4.74515316 
1.87381742e-04 -5.32370499 -5.14415573 -5.00157210 -4.86947597 -4.74515316 
1.51991108e-04 -5.32370499 -5.14415573 -5.00157210 -4.86947597 -4.74515316 
1.23284674e-04 -5.32370499 -5.14415573 -5.00157210 -4.86947597 -4.74515316 
1.00000000e-04 -5.32370499 -5.14415573 -5.00157210 -4.86947597 -4.74515316 
8.11130831e-05 -5.32370499 -5.14415573 -5.00157210 -4.86947597 -4.74515316 
6.57933225e-05 -5.32370499 -5.14415573 -5.00157210 -4.86947597 -4.74515316 
5.33669923e-05 -5.32370499 -5.14415573 -5.00157210 -4.86947597 -4.74515316 
4.32876128e-05 -5.32370499 -5.14415573 -5.00157210 -4.86947597 -4.74515316 
3.51119173e-05 -5.32370499 -5.14415573 -5.00157210 -4.86947597 -4.74515316 
2.84803587e-05 -5.32370499 -5.14415573 -5.00157210 -4.86947597 -4.74515316 
2.31012970e-05 -5.32370499 -5.14415573 -5.00157210 -4.86947597 -4.74515316 
1.87381742e-05 -5.32370499 -5.14415573 -5.00157210 -4.86947597 -4.74515316 
1.51991108e-05 -5.32370499 -5.14415573 -5.00157210 -4.86947597 -4.74515316 
1.23284674e-05 -5.32370499 -5.14415573 -5.00157210 -4.86947597 -4.74515316 
1.00000000e-05 -5.32370499 -5.14415573 -5.00157210 -4.86947597 -4.74515316 
8.11130831e-06 -5.32370499 -5.14415573 -5.00157210 -4.86947597 -4.74515316 
6.57933225e-06 -5.32370499 -5.14415573 -5.00157210 -4.86947597 -4.74515316 
5.33669923e-06 -5.32370499 -5.14415573 -5.00157210 -4.86947597 -4.74515316 
4.32876128e-06 -5.32370499 -5.14415573 -5.00157210 -4.86947597 -4.74515316 
3.51119173e-06 -5.32370499 -5.14415573 -5.00157210 -4.86947597 -4.74515316 
2.84803587e-06 -5.32370499 -5.14415573 -5.00157210 -4.86947597 -4.74515316 
2.31012970e-06 -5.32370499 -5.14415573 -5.00157210 -4.86947597 -4.74515316 
1.87381742e-06 -5.32370499 -5.14415573 -5.00157210 -4.86947597 -4.74515316 
1.51991108e-06 -5.32370499 -5.14415573 -5.00157210 -4.86947597 -4.74515316 
1.23284674e-06 -5.32370499 -5.14415573 -5.00157210 -4.86947597 -4.74515316 
1.00000000e-06 -5.32370499 -5.14415573 -5.00157210 -4.86947597 -4.74515316 
8.11130831e-07 -5.32370499 -5.14415573 -5.00157210 -4.86947597 -4.74515316 
6.57933225e-07 -5.32370499 -5.14415573 -5.00157210 -4.86947597 -4.74515316 
5.33669923e-07 -5.32370499 -5.14415573 -5.00157210 -4.86947597 -4.74515316 
4.32876128e-07 -5.32370499 -5.14415573 -5.00157210 -4.86947597 -4.74515316 
3.51119173e-07 -5.32370499 -5.14415573 -5.00157210 -4.86947597 -4.74515316 
2.84803587e-07 -5.32370499 -5.14415573 -5.00157210 -4.86947597 -4.74515316 
2.31012970e-07 -5.32370499 -5.14415573 -5.00157210 -4.86947597 -4.74515316 
1.87381742e-07 -5.32370499 -5.14415573 -5.00157210 -4.86947597 -4.74515316 
1.51991108e-07 -5.32370499 -5.14415573 -5.00157210 -4.86947597 -4.74515316 
1.23284674e-07 -5.32370499 -5.14415573 -5.00157210 -4.86947597 -4.74515316 
1.00000000e-07 -5.32370499 -5.14415573 -5.00157210 -4.86947597 -4.74515316 
