Chemical species: H2 He H2O CO2 SO2 CO H2S NH3
P (bar) | log_H2: -2σ | log_H2: -1σ | log_H2: median | log_H2: +1σ | log_H2: +2σ 
1.00000000e+02 -0.11532762 -0.11479341 -0.11373412 -0.11178126 -0.10846438 
8.11130831e+01 -0.11532762 -0.11479341 -0.11373412 -0.11178126 -0.10846438 
6.57933225e+01 -0.11532762 -0.11479341 -0.11373412 -0.11178126 -0.10846438 
5.33669923e+01 -0.11532762 -0.11479341 -0.11373412 -0.11178126 -0.10846438 
4.32876128e+01 -0.11532762 -0.11479341 -0.11373412 -0.11178126 -0.10846438 
3.51119173e+01 -0.11532762 -0.11479341 -0.11373412 -0.11178126 -0.10846438 
2.84803587e+01 -0.11532762 -0.11479341 -0.11373412 -0.11178126 -0.10846438 
2.31012970e+01 -0.11532762 -0.11479341 -0.11373412 -0.11178126 -0.10846438 
1.87381742e+01 -0.11532762 -0.11479341 -0.11373412 -0.11178126 -0.10846438 
1.51991108e+01 -0.11532762 -0.11479341 -0.11373412 -0.11178126 -0.10846438 
1.23284674e+01 -0.11532762 -0.11479341 -0.11373412 -0.11178126 -0.10846438 
1.00000000e+01 -0.11532762 -0.11479341 -0.11373412 -0.11178126 -0.10846438 
8.11130831e+00 -0.11532762 -0.11479341 -0.11373412 -0.11178126 -0.10846438 
6.57933225e+00 -0.11532762 -0.11479341 -0.11373412 -0.11178126 -0.10846438 
5.33669923e+00 -0.11532762 -0.11479341 -0.11373412 -0.11178126 -0.10846438 
4.32876128e+00 -0.11532762 -0.11479341 -0.11373412 -0.11178126 -0.10846438 
3.51119173e+00 -0.11532762 -0.11479341 -0.11373412 -0.11178126 -0.10846438 
2.84803587e+00 -0.11532762 -0.11479341 -0.11373412 -0.11178126 -0.10846438 
2.31012970e+00 -0.11532762 -0.11479341 -0.11373412 -0.11178126 -0.10846438 
1.87381742e+00 -0.11532762 -0.11479341 -0.11373412 -0.11178126 -0.10846438 
1.51991108e+00 -0.11532762 -0.11479341 -0.11373412 -0.11178126 -0.10846438 
1.23284674e+00 -0.11532762 -0.11479341 -0.11373412 -0.11178126 -0.10846438 
1.00000000e+00 -0.11532762 -0.11479341 -0.11373412 -0.11178126 -0.10846438 
8.11130831e-01 -0.11532762 -0.11479341 -0.11373412 -0.11178126 -0.10846438 
6.57933225e-01 -0.11532762 -0.11479341 -0.11373412 -0.11178126 -0.10846438 
5.33669923e-01 -0.11532762 -0.11479341 -0.11373412 -0.11178126 -0.10846438 
4.32876128e-01 -0.11532762 -0.11479341 -0.11373412 -0.11178126 -0.10846438 
3.51119173e-01 -0.11532762 -0.11479341 -0.11373412 -0.11178126 -0.10846438 
2.84803587e-01 -0.11532762 -0.11479341 -0.11373412 -0.11178126 -0.10846438 
2.31012970e-01 -0.11532762 -0.11479341 -0.11373412 -0.11178126 -0.10846438 
1.87381742e-01 -0.11532762 -0.11479341 -0.11373412 -0.11178126 -0.10846438 
1.51991108e-01 -0.11532762 -0.11479341 -0.11373412 -0.11178126 -0.10846438 
1.23284674e-01 -0.11532762 -0.11479341 -0.11373412 -0.11178126 -0.10846438 
1.00000000e-01 -0.11532762 -0.11479341 -0.11373412 -0.11178126 -0.10846438 
8.11130831e-02 -0.11532762 -0.11479341 -0.11373412 -0.11178126 -0.10846438 
6.57933225e-02 -0.11532762 -0.11479341 -0.11373412 -0.11178126 -0.10846438 
5.33669923e-02 -0.11532762 -0.11479341 -0.11373412 -0.11178126 -0.10846438 
4.32876128e-02 -0.11532762 -0.11479341 -0.11373412 -0.11178126 -0.10846438 
3.51119173e-02 -0.11532762 -0.11479341 -0.11373412 -0.11178126 -0.10846438 
2.84803587e-02 -0.11532762 -0.11479341 -0.11373412 -0.11178126 -0.10846438 
2.31012970e-02 -0.11532762 -0.11479341 -0.11373412 -0.11178126 -0.10846438 
1.87381742e-02 -0.11532762 -0.11479341 -0.11373412 -0.11178126 -0.10846438 
1.51991108e-02 -0.11532762 -0.11479341 -0.11373412 -0.11178126 -0.10846438 
1.23284674e-02 -0.11532762 -0.11479341 -0.11373412 -0.11178126 -0.10846438 
1.00000000e-02 -0.11532762 -0.11479341 -0.11373412 -0.11178126 -0.10846438 
8.11130831e-03 -0.11532762 -0.11479341 -0.11373412 -0.11178126 -0.10846438 
6.57933225e-03 -0.11532762 -0.11479341 -0.11373412 -0.11178126 -0.10846438 
5.33669923e-03 -0.11532762 -0.11479341 -0.11373412 -0.11178126 -0.10846438 
4.32876128e-03 -0.11532762 -0.11479341 -0.11373412 -0.11178126 -0.10846438 
3.51119173e-03 -0.11532762 -0.11479341 -0.11373412 -0.11178126 -0.10846438 
2.84803587e-03 -0.11532762 -0.11479341 -0.11373412 -0.11178126 -0.10846438 
2.31012970e-03 -0.11532762 -0.11479341 -0.11373412 -0.11178126 -0.10846438 
1.87381742e-03 -0.11532762 -0.11479341 -0.11373412 -0.11178126 -0.10846438 
1.51991108e-03 -0.11532762 -0.11479341 -0.11373412 -0.11178126 -0.10846438 
1.23284674e-03 -0.11532762 -0.11479341 -0.11373412 -0.11178126 -0.10846438 
1.00000000e-03 -0.11532762 -0.11479341 -0.11373412 -0.11178126 -0.10846438 
8.11130831e-04 -0.11532762 -0.11479341 -0.11373412 -0.11178126 -0.10846438 
6.57933225e-04 -0.11532762 -0.11479341 -0.11373412 -0.11178126 -0.10846438 
5.33669923e-04 -0.11532762 -0.11479341 -0.11373412 -0.11178126 -0.10846438 
4.32876128e-04 -0.11532762 -0.11479341 -0.11373412 -0.11178126 -0.10846438 
3.51119173e-04 -0.11532762 -0.11479341 -0.11373412 -0.11178126 -0.10846438 
2.84803587e-04 -0.11532762 -0.11479341 -0.11373412 -0.11178126 -0.10846438 
2.31012970e-04 -0.11532762 -0.11479341 -0.11373412 -0.11178126 -0.10846438 
1.87381742e-04 -0.11532762 -0.11479341 -0.11373412 -0.11178126 -0.10846438 
1.51991108e-04 -0.11532762 -0.11479341 -0.11373412 -0.11178126 -0.10846438 
1.23284674e-04 -0.11532762 -0.11479341 -0.11373412 -0.11178126 -0.10846438 
1.00000000e-04 -0.11532762 -0.11479341 -0.11373412 -0.11178126 -0.10846438 
8.11130831e-05 -0.11532762 -0.11479341 -0.11373412 -0.11178126 -0.10846438 
6.57933225e-05 -0.11532762 -0.11479341 -0.11373412 -0.11178126 -0.10846438 
5.33669923e-05 -0.11532762 -0.11479341 -0.11373412 -0.11178126 -0.10846438 
4.32876128e-05 -0.11532762 -0.11479341 -0.11373412 -0.11178126 -0.10846438 
3.51119173e-05 -0.11532762 -0.11479341 -0.11373412 -0.11178126 -0.10846438 
2.84803587e-05 -0.11532762 -0.11479341 -0.11373412 -0.11178126 -0.10846438 
2.31012970e-05 -0.11532762 -0.11479341 -0.11373412 -0.11178126 -0.10846438 
1.87381742e-05 -0.11532762 -0.11479341 -0.11373412 -0.11178126 -0.10846438 
1.51991108e-05 -0.11532762 -0.11479341 -0.11373412 -0.11178126 -0.10846438 
1.23284674e-05 -0.11532762 -0.11479341 -0.11373412 -0.11178126 -0.10846438 
1.00000000e-05 -0.11532762 -0.11479341 -0.11373412 -0.11178126 -0.10846438 
8.11130831e-06 -0.11532762 -0.11479341 -0.11373412 -0.11178126 -0.10846438 
6.57933225e-06 -0.11532762 -0.11479341 -0.11373412 -0.11178126 -0.10846438 
5.33669923e-06 -0.11532762 -0.11479341 -0.11373412 -0.11178126 -0.10846438 
4.32876128e-06 -0.11532762 -0.11479341 -0.11373412 -0.11178126 -0.10846438 
3.51119173e-06 -0.11532762 -0.11479341 -0.11373412 -0.11178126 -0.10846438 
2.84803587e-06 -0.11532762 -0.11479341 -0.11373412 -0.11178126 -0.10846438 
2.31012970e-06 -0.11532762 -0.11479341 -0.11373412 -0.11178126 -0.10846438 
1.87381742e-06 -0.11532762 -0.11479341 -0.11373412 -0.11178126 -0.10846438 
1.51991108e-06 -0.11532762 -0.11479341 -0.11373412 -0.11178126 -0.10846438 
1.23284674e-06 -0.11532762 -0.11479341 -0.11373412 -0.11178126 -0.10846438 
1.00000000e-06 -0.11532762 -0.11479341 -0.11373412 -0.11178126 -0.10846438 
8.11130831e-07 -0.11532762 -0.11479341 -0.11373412 -0.11178126 -0.10846438 
6.57933225e-07 -0.11532762 -0.11479341 -0.11373412 -0.11178126 -0.10846438 
5.33669923e-07 -0.11532762 -0.11479341 -0.11373412 -0.11178126 -0.10846438 
4.32876128e-07 -0.11532762 -0.11479341 -0.11373412 -0.11178126 -0.10846438 
3.51119173e-07 -0.11532762 -0.11479341 -0.11373412 -0.11178126 -0.10846438 
2.84803587e-07 -0.11532762 -0.11479341 -0.11373412 -0.11178126 -0.10846438 
2.31012970e-07 -0.11532762 -0.11479341 -0.11373412 -0.11178126 -0.10846438 
1.87381742e-07 -0.11532762 -0.11479341 -0.11373412 -0.11178126 -0.10846438 
1.51991108e-07 -0.11532762 -0.11479341 -0.11373412 -0.11178126 -0.10846438 
1.23284674e-07 -0.11532762 -0.11479341 -0.11373412 -0.11178126 -0.10846438 
1.00000000e-07 -0.11532762 -0.11479341 -0.11373412 -0.11178126 -0.10846438 
P (bar) | log_He: -2σ | log_He: -1σ | log_He: median | log_He: +1σ | log_He: +2σ 
1.00000000e+02 -0.88487870 -0.88434449 -0.88328520 -0.88133234 -0.87801546 
8.11130831e+01 -0.88487870 -0.88434449 -0.88328520 -0.88133234 -0.87801546 
6.57933225e+01 -0.88487870 -0.88434449 -0.88328520 -0.88133234 -0.87801546 
5.33669923e+01 -0.88487870 -0.88434449 -0.88328520 -0.88133234 -0.87801546 
4.32876128e+01 -0.88487870 -0.88434449 -0.88328520 -0.88133234 -0.87801546 
3.51119173e+01 -0.88487870 -0.88434449 -0.88328520 -0.88133234 -0.87801546 
2.84803587e+01 -0.88487870 -0.88434449 -0.88328520 -0.88133234 -0.87801546 
2.31012970e+01 -0.88487870 -0.88434449 -0.88328520 -0.88133234 -0.87801546 
1.87381742e+01 -0.88487870 -0.88434449 -0.88328520 -0.88133234 -0.87801546 
1.51991108e+01 -0.88487870 -0.88434449 -0.88328520 -0.88133234 -0.87801546 
1.23284674e+01 -0.88487870 -0.88434449 -0.88328520 -0.88133234 -0.87801546 
1.00000000e+01 -0.88487870 -0.88434449 -0.88328520 -0.88133234 -0.87801546 
8.11130831e+00 -0.88487870 -0.88434449 -0.88328520 -0.88133234 -0.87801546 
6.57933225e+00 -0.88487870 -0.88434449 -0.88328520 -0.88133234 -0.87801546 
5.33669923e+00 -0.88487870 -0.88434449 -0.88328520 -0.88133234 -0.87801546 
4.32876128e+00 -0.88487870 -0.88434449 -0.88328520 -0.88133234 -0.87801546 
3.51119173e+00 -0.88487870 -0.88434449 -0.88328520 -0.88133234 -0.87801546 
2.84803587e+00 -0.88487870 -0.88434449 -0.88328520 -0.88133234 -0.87801546 
2.31012970e+00 -0.88487870 -0.88434449 -0.88328520 -0.88133234 -0.87801546 
1.87381742e+00 -0.88487870 -0.88434449 -0.88328520 -0.88133234 -0.87801546 
1.51991108e+00 -0.88487870 -0.88434449 -0.88328520 -0.88133234 -0.87801546 
1.23284674e+00 -0.88487870 -0.88434449 -0.88328520 -0.88133234 -0.87801546 
1.00000000e+00 -0.88487870 -0.88434449 -0.88328520 -0.88133234 -0.87801546 
8.11130831e-01 -0.88487870 -0.88434449 -0.88328520 -0.88133234 -0.87801546 
6.57933225e-01 -0.88487870 -0.88434449 -0.88328520 -0.88133234 -0.87801546 
5.33669923e-01 -0.88487870 -0.88434449 -0.88328520 -0.88133234 -0.87801546 
4.32876128e-01 -0.88487870 -0.88434449 -0.88328520 -0.88133234 -0.87801546 
3.51119173e-01 -0.88487870 -0.88434449 -0.88328520 -0.88133234 -0.87801546 
2.84803587e-01 -0.88487870 -0.88434449 -0.88328520 -0.88133234 -0.87801546 
2.31012970e-01 -0.88487870 -0.88434449 -0.88328520 -0.88133234 -0.87801546 
1.87381742e-01 -0.88487870 -0.88434449 -0.88328520 -0.88133234 -0.87801546 
1.51991108e-01 -0.88487870 -0.88434449 -0.88328520 -0.88133234 -0.87801546 
1.23284674e-01 -0.88487870 -0.88434449 -0.88328520 -0.88133234 -0.87801546 
1.00000000e-01 -0.88487870 -0.88434449 -0.88328520 -0.88133234 -0.87801546 
8.11130831e-02 -0.88487870 -0.88434449 -0.88328520 -0.88133234 -0.87801546 
6.57933225e-02 -0.88487870 -0.88434449 -0.88328520 -0.88133234 -0.87801546 
5.33669923e-02 -0.88487870 -0.88434449 -0.88328520 -0.88133234 -0.87801546 
4.32876128e-02 -0.88487870 -0.88434449 -0.88328520 -0.88133234 -0.87801546 
3.51119173e-02 -0.88487870 -0.88434449 -0.88328520 -0.88133234 -0.87801546 
2.84803587e-02 -0.88487870 -0.88434449 -0.88328520 -0.88133234 -0.87801546 
2.31012970e-02 -0.88487870 -0.88434449 -0.88328520 -0.88133234 -0.87801546 
1.87381742e-02 -0.88487870 -0.88434449 -0.88328520 -0.88133234 -0.87801546 
1.51991108e-02 -0.88487870 -0.88434449 -0.88328520 -0.88133234 -0.87801546 
1.23284674e-02 -0.88487870 -0.88434449 -0.88328520 -0.88133234 -0.87801546 
1.00000000e-02 -0.88487870 -0.88434449 -0.88328520 -0.88133234 -0.87801546 
8.11130831e-03 -0.88487870 -0.88434449 -0.88328520 -0.88133234 -0.87801546 
6.57933225e-03 -0.88487870 -0.88434449 -0.88328520 -0.88133234 -0.87801546 
5.33669923e-03 -0.88487870 -0.88434449 -0.88328520 -0.88133234 -0.87801546 
4.32876128e-03 -0.88487870 -0.88434449 -0.88328520 -0.88133234 -0.87801546 
3.51119173e-03 -0.88487870 -0.88434449 -0.88328520 -0.88133234 -0.87801546 
2.84803587e-03 -0.88487870 -0.88434449 -0.88328520 -0.88133234 -0.87801546 
2.31012970e-03 -0.88487870 -0.88434449 -0.88328520 -0.88133234 -0.87801546 
1.87381742e-03 -0.88487870 -0.88434449 -0.88328520 -0.88133234 -0.87801546 
1.51991108e-03 -0.88487870 -0.88434449 -0.88328520 -0.88133234 -0.87801546 
1.23284674e-03 -0.88487870 -0.88434449 -0.88328520 -0.88133234 -0.87801546 
1.00000000e-03 -0.88487870 -0.88434449 -0.88328520 -0.88133234 -0.87801546 
8.11130831e-04 -0.88487870 -0.88434449 -0.88328520 -0.88133234 -0.87801546 
6.57933225e-04 -0.88487870 -0.88434449 -0.88328520 -0.88133234 -0.87801546 
5.33669923e-04 -0.88487870 -0.88434449 -0.88328520 -0.88133234 -0.87801546 
4.32876128e-04 -0.88487870 -0.88434449 -0.88328520 -0.88133234 -0.87801546 
3.51119173e-04 -0.88487870 -0.88434449 -0.88328520 -0.88133234 -0.87801546 
2.84803587e-04 -0.88487870 -0.88434449 -0.88328520 -0.88133234 -0.87801546 
2.31012970e-04 -0.88487870 -0.88434449 -0.88328520 -0.88133234 -0.87801546 
1.87381742e-04 -0.88487870 -0.88434449 -0.88328520 -0.88133234 -0.87801546 
1.51991108e-04 -0.88487870 -0.88434449 -0.88328520 -0.88133234 -0.87801546 
1.23284674e-04 -0.88487870 -0.88434449 -0.88328520 -0.88133234 -0.87801546 
1.00000000e-04 -0.88487870 -0.88434449 -0.88328520 -0.88133234 -0.87801546 
8.11130831e-05 -0.88487870 -0.88434449 -0.88328520 -0.88133234 -0.87801546 
6.57933225e-05 -0.88487870 -0.88434449 -0.88328520 -0.88133234 -0.87801546 
5.33669923e-05 -0.88487870 -0.88434449 -0.88328520 -0.88133234 -0.87801546 
4.32876128e-05 -0.88487870 -0.88434449 -0.88328520 -0.88133234 -0.87801546 
3.51119173e-05 -0.88487870 -0.88434449 -0.88328520 -0.88133234 -0.87801546 
2.84803587e-05 -0.88487870 -0.88434449 -0.88328520 -0.88133234 -0.87801546 
2.31012970e-05 -0.88487870 -0.88434449 -0.88328520 -0.88133234 -0.87801546 
1.87381742e-05 -0.88487870 -0.88434449 -0.88328520 -0.88133234 -0.87801546 
1.51991108e-05 -0.88487870 -0.88434449 -0.88328520 -0.88133234 -0.87801546 
1.23284674e-05 -0.88487870 -0.88434449 -0.88328520 -0.88133234 -0.87801546 
1.00000000e-05 -0.88487870 -0.88434449 -0.88328520 -0.88133234 -0.87801546 
8.11130831e-06 -0.88487870 -0.88434449 -0.88328520 -0.88133234 -0.87801546 
6.57933225e-06 -0.88487870 -0.88434449 -0.88328520 -0.88133234 -0.87801546 
5.33669923e-06 -0.88487870 -0.88434449 -0.88328520 -0.88133234 -0.87801546 
4.32876128e-06 -0.88487870 -0.88434449 -0.88328520 -0.88133234 -0.87801546 
3.51119173e-06 -0.88487870 -0.88434449 -0.88328520 -0.88133234 -0.87801546 
2.84803587e-06 -0.88487870 -0.88434449 -0.88328520 -0.88133234 -0.87801546 
2.31012970e-06 -0.88487870 -0.88434449 -0.88328520 -0.88133234 -0.87801546 
1.87381742e-06 -0.88487870 -0.88434449 -0.88328520 -0.88133234 -0.87801546 
1.51991108e-06 -0.88487870 -0.88434449 -0.88328520 -0.88133234 -0.87801546 
1.23284674e-06 -0.88487870 -0.88434449 -0.88328520 -0.88133234 -0.87801546 
1.00000000e-06 -0.88487870 -0.88434449 -0.88328520 -0.88133234 -0.87801546 
8.11130831e-07 -0.88487870 -0.88434449 -0.88328520 -0.88133234 -0.87801546 
6.57933225e-07 -0.88487870 -0.88434449 -0.88328520 -0.88133234 -0.87801546 
5.33669923e-07 -0.88487870 -0.88434449 -0.88328520 -0.88133234 -0.87801546 
4.32876128e-07 -0.88487870 -0.88434449 -0.88328520 -0.88133234 -0.87801546 
3.51119173e-07 -0.88487870 -0.88434449 -0.88328520 -0.88133234 -0.87801546 
2.84803587e-07 -0.88487870 -0.88434449 -0.88328520 -0.88133234 -0.87801546 
2.31012970e-07 -0.88487870 -0.88434449 -0.88328520 -0.88133234 -0.87801546 
1.87381742e-07 -0.88487870 -0.88434449 -0.88328520 -0.88133234 -0.87801546 
1.51991108e-07 -0.88487870 -0.88434449 -0.88328520 -0.88133234 -0.87801546 
1.23284674e-07 -0.88487870 -0.88434449 -0.88328520 -0.88133234 -0.87801546 
1.00000000e-07 -0.88487870 -0.88434449 -0.88328520 -0.88133234 -0.87801546 
P (bar) | log_H2O: -2σ | log_H2O: -1σ | log_H2O: median | log_H2O: +1σ | log_H2O: +2σ 
1.00000000e+02 -1.06319511 -1.03107120 -1.01205573 -1.00315753 -1.00045837 
8.11130831e+01 -1.06319511 -1.03107120 -1.01205573 -1.00315753 -1.00045837 
6.57933225e+01 -1.06319511 -1.03107120 -1.01205573 -1.00315753 -1.00045837 
5.33669923e+01 -1.06319511 -1.03107120 -1.01205573 -1.00315753 -1.00045837 
4.32876128e+01 -1.06319511 -1.03107120 -1.01205573 -1.00315753 -1.00045837 
3.51119173e+01 -1.06319511 -1.03107120 -1.01205573 -1.00315753 -1.00045837 
2.84803587e+01 -1.06319511 -1.03107120 -1.01205573 -1.00315753 -1.00045837 
2.31012970e+01 -1.06319511 -1.03107120 -1.01205573 -1.00315753 -1.00045837 
1.87381742e+01 -1.06319511 -1.03107120 -1.01205573 -1.00315753 -1.00045837 
1.51991108e+01 -1.06319511 -1.03107120 -1.01205573 -1.00315753 -1.00045837 
1.23284674e+01 -1.06319511 -1.03107120 -1.01205573 -1.00315753 -1.00045837 
1.00000000e+01 -1.06319511 -1.03107120 -1.01205573 -1.00315753 -1.00045837 
8.11130831e+00 -1.06319511 -1.03107120 -1.01205573 -1.00315753 -1.00045837 
6.57933225e+00 -1.06319511 -1.03107120 -1.01205573 -1.00315753 -1.00045837 
5.33669923e+00 -1.06319511 -1.03107120 -1.01205573 -1.00315753 -1.00045837 
4.32876128e+00 -1.06319511 -1.03107120 -1.01205573 -1.00315753 -1.00045837 
3.51119173e+00 -1.06319511 -1.03107120 -1.01205573 -1.00315753 -1.00045837 
2.84803587e+00 -1.06319511 -1.03107120 -1.01205573 -1.00315753 -1.00045837 
2.31012970e+00 -1.06319511 -1.03107120 -1.01205573 -1.00315753 -1.00045837 
1.87381742e+00 -1.06319511 -1.03107120 -1.01205573 -1.00315753 -1.00045837 
1.51991108e+00 -1.06319511 -1.03107120 -1.01205573 -1.00315753 -1.00045837 
1.23284674e+00 -1.06319511 -1.03107120 -1.01205573 -1.00315753 -1.00045837 
1.00000000e+00 -1.06319511 -1.03107120 -1.01205573 -1.00315753 -1.00045837 
8.11130831e-01 -1.06319511 -1.03107120 -1.01205573 -1.00315753 -1.00045837 
6.57933225e-01 -1.06319511 -1.03107120 -1.01205573 -1.00315753 -1.00045837 
5.33669923e-01 -1.06319511 -1.03107120 -1.01205573 -1.00315753 -1.00045837 
4.32876128e-01 -1.06319511 -1.03107120 -1.01205573 -1.00315753 -1.00045837 
3.51119173e-01 -1.06319511 -1.03107120 -1.01205573 -1.00315753 -1.00045837 
2.84803587e-01 -1.06319511 -1.03107120 -1.01205573 -1.00315753 -1.00045837 
2.31012970e-01 -1.06319511 -1.03107120 -1.01205573 -1.00315753 -1.00045837 
1.87381742e-01 -1.06319511 -1.03107120 -1.01205573 -1.00315753 -1.00045837 
1.51991108e-01 -1.06319511 -1.03107120 -1.01205573 -1.00315753 -1.00045837 
1.23284674e-01 -1.06319511 -1.03107120 -1.01205573 -1.00315753 -1.00045837 
1.00000000e-01 -1.06319511 -1.03107120 -1.01205573 -1.00315753 -1.00045837 
8.11130831e-02 -1.06319511 -1.03107120 -1.01205573 -1.00315753 -1.00045837 
6.57933225e-02 -1.06319511 -1.03107120 -1.01205573 -1.00315753 -1.00045837 
5.33669923e-02 -1.06319511 -1.03107120 -1.01205573 -1.00315753 -1.00045837 
4.32876128e-02 -1.06319511 -1.03107120 -1.01205573 -1.00315753 -1.00045837 
3.51119173e-02 -1.06319511 -1.03107120 -1.01205573 -1.00315753 -1.00045837 
2.84803587e-02 -1.06319511 -1.03107120 -1.01205573 -1.00315753 -1.00045837 
2.31012970e-02 -1.06319511 -1.03107120 -1.01205573 -1.00315753 -1.00045837 
1.87381742e-02 -1.06319511 -1.03107120 -1.01205573 -1.00315753 -1.00045837 
1.51991108e-02 -1.06319511 -1.03107120 -1.01205573 -1.00315753 -1.00045837 
1.23284674e-02 -1.06319511 -1.03107120 -1.01205573 -1.00315753 -1.00045837 
1.00000000e-02 -1.06319511 -1.03107120 -1.01205573 -1.00315753 -1.00045837 
8.11130831e-03 -1.06319511 -1.03107120 -1.01205573 -1.00315753 -1.00045837 
6.57933225e-03 -1.06319511 -1.03107120 -1.01205573 -1.00315753 -1.00045837 
5.33669923e-03 -1.06319511 -1.03107120 -1.01205573 -1.00315753 -1.00045837 
4.32876128e-03 -1.06319511 -1.03107120 -1.01205573 -1.00315753 -1.00045837 
3.51119173e-03 -1.06319511 -1.03107120 -1.01205573 -1.00315753 -1.00045837 
2.84803587e-03 -1.06319511 -1.03107120 -1.01205573 -1.00315753 -1.00045837 
2.31012970e-03 -1.06319511 -1.03107120 -1.01205573 -1.00315753 -1.00045837 
1.87381742e-03 -1.06319511 -1.03107120 -1.01205573 -1.00315753 -1.00045837 
1.51991108e-03 -1.06319511 -1.03107120 -1.01205573 -1.00315753 -1.00045837 
1.23284674e-03 -1.06319511 -1.03107120 -1.01205573 -1.00315753 -1.00045837 
1.00000000e-03 -1.06319511 -1.03107120 -1.01205573 -1.00315753 -1.00045837 
8.11130831e-04 -1.06319511 -1.03107120 -1.01205573 -1.00315753 -1.00045837 
6.57933225e-04 -1.06319511 -1.03107120 -1.01205573 -1.00315753 -1.00045837 
5.33669923e-04 -1.06319511 -1.03107120 -1.01205573 -1.00315753 -1.00045837 
4.32876128e-04 -1.06319511 -1.03107120 -1.01205573 -1.00315753 -1.00045837 
3.51119173e-04 -1.06319511 -1.03107120 -1.01205573 -1.00315753 -1.00045837 
2.84803587e-04 -1.06319511 -1.03107120 -1.01205573 -1.00315753 -1.00045837 
2.31012970e-04 -1.06319511 -1.03107120 -1.01205573 -1.00315753 -1.00045837 
1.87381742e-04 -1.06319511 -1.03107120 -1.01205573 -1.00315753 -1.00045837 
1.51991108e-04 -1.06319511 -1.03107120 -1.01205573 -1.00315753 -1.00045837 
1.23284674e-04 -1.06319511 -1.03107120 -1.01205573 -1.00315753 -1.00045837 
1.00000000e-04 -1.06319511 -1.03107120 -1.01205573 -1.00315753 -1.00045837 
8.11130831e-05 -1.06319511 -1.03107120 -1.01205573 -1.00315753 -1.00045837 
6.57933225e-05 -1.06319511 -1.03107120 -1.01205573 -1.00315753 -1.00045837 
5.33669923e-05 -1.06319511 -1.03107120 -1.01205573 -1.00315753 -1.00045837 
4.32876128e-05 -1.06319511 -1.03107120 -1.01205573 -1.00315753 -1.00045837 
3.51119173e-05 -1.06319511 -1.03107120 -1.01205573 -1.00315753 -1.00045837 
2.84803587e-05 -1.06319511 -1.03107120 -1.01205573 -1.00315753 -1.00045837 
2.31012970e-05 -1.06319511 -1.03107120 -1.01205573 -1.00315753 -1.00045837 
1.87381742e-05 -1.06319511 -1.03107120 -1.01205573 -1.00315753 -1.00045837 
1.51991108e-05 -1.06319511 -1.03107120 -1.01205573 -1.00315753 -1.00045837 
1.23284674e-05 -1.06319511 -1.03107120 -1.01205573 -1.00315753 -1.00045837 
1.00000000e-05 -1.06319511 -1.03107120 -1.01205573 -1.00315753 -1.00045837 
8.11130831e-06 -1.06319511 -1.03107120 -1.01205573 -1.00315753 -1.00045837 
6.57933225e-06 -1.06319511 -1.03107120 -1.01205573 -1.00315753 -1.00045837 
5.33669923e-06 -1.06319511 -1.03107120 -1.01205573 -1.00315753 -1.00045837 
4.32876128e-06 -1.06319511 -1.03107120 -1.01205573 -1.00315753 -1.00045837 
3.51119173e-06 -1.06319511 -1.03107120 -1.01205573 -1.00315753 -1.00045837 
2.84803587e-06 -1.06319511 -1.03107120 -1.01205573 -1.00315753 -1.00045837 
2.31012970e-06 -1.06319511 -1.03107120 -1.01205573 -1.00315753 -1.00045837 
1.87381742e-06 -1.06319511 -1.03107120 -1.01205573 -1.00315753 -1.00045837 
1.51991108e-06 -1.06319511 -1.03107120 -1.01205573 -1.00315753 -1.00045837 
1.23284674e-06 -1.06319511 -1.03107120 -1.01205573 -1.00315753 -1.00045837 
1.00000000e-06 -1.06319511 -1.03107120 -1.01205573 -1.00315753 -1.00045837 
8.11130831e-07 -1.06319511 -1.03107120 -1.01205573 -1.00315753 -1.00045837 
6.57933225e-07 -1.06319511 -1.03107120 -1.01205573 -1.00315753 -1.00045837 
5.33669923e-07 -1.06319511 -1.03107120 -1.01205573 -1.00315753 -1.00045837 
4.32876128e-07 -1.06319511 -1.03107120 -1.01205573 -1.00315753 -1.00045837 
3.51119173e-07 -1.06319511 -1.03107120 -1.01205573 -1.00315753 -1.00045837 
2.84803587e-07 -1.06319511 -1.03107120 -1.01205573 -1.00315753 -1.00045837 
2.31012970e-07 -1.06319511 -1.03107120 -1.01205573 -1.00315753 -1.00045837 
1.87381742e-07 -1.06319511 -1.03107120 -1.01205573 -1.00315753 -1.00045837 
1.51991108e-07 -1.06319511 -1.03107120 -1.01205573 -1.00315753 -1.00045837 
1.23284674e-07 -1.06319511 -1.03107120 -1.01205573 -1.00315753 -1.00045837 
1.00000000e-07 -1.06319511 -1.03107120 -1.01205573 -1.00315753 -1.00045837 
P (bar) | log_CO2: -2σ | log_CO2: -1σ | log_CO2: median | log_CO2: +1σ | log_CO2: +2σ 
1.00000000e+02 -3.87329878 -3.79996722 -3.73173581 -3.66108336 -3.59064689 
8.11130831e+01 -3.87329878 -3.79996722 -3.73173581 -3.66108336 -3.59064689 
6.57933225e+01 -3.87329878 -3.79996722 -3.73173581 -3.66108336 -3.59064689 
5.33669923e+01 -3.87329878 -3.79996722 -3.73173581 -3.66108336 -3.59064689 
4.32876128e+01 -3.87329878 -3.79996722 -3.73173581 -3.66108336 -3.59064689 
3.51119173e+01 -3.87329878 -3.79996722 -3.73173581 -3.66108336 -3.59064689 
2.84803587e+01 -3.87329878 -3.79996722 -3.73173581 -3.66108336 -3.59064689 
2.31012970e+01 -3.87329878 -3.79996722 -3.73173581 -3.66108336 -3.59064689 
1.87381742e+01 -3.87329878 -3.79996722 -3.73173581 -3.66108336 -3.59064689 
1.51991108e+01 -3.87329878 -3.79996722 -3.73173581 -3.66108336 -3.59064689 
1.23284674e+01 -3.87329878 -3.79996722 -3.73173581 -3.66108336 -3.59064689 
1.00000000e+01 -3.87329878 -3.79996722 -3.73173581 -3.66108336 -3.59064689 
8.11130831e+00 -3.87329878 -3.79996722 -3.73173581 -3.66108336 -3.59064689 
6.57933225e+00 -3.87329878 -3.79996722 -3.73173581 -3.66108336 -3.59064689 
5.33669923e+00 -3.87329878 -3.79996722 -3.73173581 -3.66108336 -3.59064689 
4.32876128e+00 -3.87329878 -3.79996722 -3.73173581 -3.66108336 -3.59064689 
3.51119173e+00 -3.87329878 -3.79996722 -3.73173581 -3.66108336 -3.59064689 
2.84803587e+00 -3.87329878 -3.79996722 -3.73173581 -3.66108336 -3.59064689 
2.31012970e+00 -3.87329878 -3.79996722 -3.73173581 -3.66108336 -3.59064689 
1.87381742e+00 -3.87329878 -3.79996722 -3.73173581 -3.66108336 -3.59064689 
1.51991108e+00 -3.87329878 -3.79996722 -3.73173581 -3.66108336 -3.59064689 
1.23284674e+00 -3.87329878 -3.79996722 -3.73173581 -3.66108336 -3.59064689 
1.00000000e+00 -3.87329878 -3.79996722 -3.73173581 -3.66108336 -3.59064689 
8.11130831e-01 -3.87329878 -3.79996722 -3.73173581 -3.66108336 -3.59064689 
6.57933225e-01 -3.87329878 -3.79996722 -3.73173581 -3.66108336 -3.59064689 
5.33669923e-01 -3.87329878 -3.79996722 -3.73173581 -3.66108336 -3.59064689 
4.32876128e-01 -3.87329878 -3.79996722 -3.73173581 -3.66108336 -3.59064689 
3.51119173e-01 -3.87329878 -3.79996722 -3.73173581 -3.66108336 -3.59064689 
2.84803587e-01 -3.87329878 -3.79996722 -3.73173581 -3.66108336 -3.59064689 
2.31012970e-01 -3.87329878 -3.79996722 -3.73173581 -3.66108336 -3.59064689 
1.87381742e-01 -3.87329878 -3.79996722 -3.73173581 -3.66108336 -3.59064689 
1.51991108e-01 -3.87329878 -3.79996722 -3.73173581 -3.66108336 -3.59064689 
1.23284674e-01 -3.87329878 -3.79996722 -3.73173581 -3.66108336 -3.59064689 
1.00000000e-01 -3.87329878 -3.79996722 -3.73173581 -3.66108336 -3.59064689 
8.11130831e-02 -3.87329878 -3.79996722 -3.73173581 -3.66108336 -3.59064689 
6.57933225e-02 -3.87329878 -3.79996722 -3.73173581 -3.66108336 -3.59064689 
5.33669923e-02 -3.87329878 -3.79996722 -3.73173581 -3.66108336 -3.59064689 
4.32876128e-02 -3.87329878 -3.79996722 -3.73173581 -3.66108336 -3.59064689 
3.51119173e-02 -3.87329878 -3.79996722 -3.73173581 -3.66108336 -3.59064689 
2.84803587e-02 -3.87329878 -3.79996722 -3.73173581 -3.66108336 -3.59064689 
2.31012970e-02 -3.87329878 -3.79996722 -3.73173581 -3.66108336 -3.59064689 
1.87381742e-02 -3.87329878 -3.79996722 -3.73173581 -3.66108336 -3.59064689 
1.51991108e-02 -3.87329878 -3.79996722 -3.73173581 -3.66108336 -3.59064689 
1.23284674e-02 -3.87329878 -3.79996722 -3.73173581 -3.66108336 -3.59064689 
1.00000000e-02 -3.87329878 -3.79996722 -3.73173581 -3.66108336 -3.59064689 
8.11130831e-03 -3.87329878 -3.79996722 -3.73173581 -3.66108336 -3.59064689 
6.57933225e-03 -3.87329878 -3.79996722 -3.73173581 -3.66108336 -3.59064689 
5.33669923e-03 -3.87329878 -3.79996722 -3.73173581 -3.66108336 -3.59064689 
4.32876128e-03 -3.87329878 -3.79996722 -3.73173581 -3.66108336 -3.59064689 
3.51119173e-03 -3.87329878 -3.79996722 -3.73173581 -3.66108336 -3.59064689 
2.84803587e-03 -3.87329878 -3.79996722 -3.73173581 -3.66108336 -3.59064689 
2.31012970e-03 -3.87329878 -3.79996722 -3.73173581 -3.66108336 -3.59064689 
1.87381742e-03 -3.87329878 -3.79996722 -3.73173581 -3.66108336 -3.59064689 
1.51991108e-03 -3.87329878 -3.79996722 -3.73173581 -3.66108336 -3.59064689 
1.23284674e-03 -3.87329878 -3.79996722 -3.73173581 -3.66108336 -3.59064689 
1.00000000e-03 -3.87329878 -3.79996722 -3.73173581 -3.66108336 -3.59064689 
8.11130831e-04 -3.87329878 -3.79996722 -3.73173581 -3.66108336 -3.59064689 
6.57933225e-04 -3.87329878 -3.79996722 -3.73173581 -3.66108336 -3.59064689 
5.33669923e-04 -3.87329878 -3.79996722 -3.73173581 -3.66108336 -3.59064689 
4.32876128e-04 -3.87329878 -3.79996722 -3.73173581 -3.66108336 -3.59064689 
3.51119173e-04 -3.87329878 -3.79996722 -3.73173581 -3.66108336 -3.59064689 
2.84803587e-04 -3.87329878 -3.79996722 -3.73173581 -3.66108336 -3.59064689 
2.31012970e-04 -3.87329878 -3.79996722 -3.73173581 -3.66108336 -3.59064689 
1.87381742e-04 -3.87329878 -3.79996722 -3.73173581 -3.66108336 -3.59064689 
1.51991108e-04 -3.87329878 -3.79996722 -3.73173581 -3.66108336 -3.59064689 
1.23284674e-04 -3.87329878 -3.79996722 -3.73173581 -3.66108336 -3.59064689 
1.00000000e-04 -3.87329878 -3.79996722 -3.73173581 -3.66108336 -3.59064689 
8.11130831e-05 -3.87329878 -3.79996722 -3.73173581 -3.66108336 -3.59064689 
6.57933225e-05 -3.87329878 -3.79996722 -3.73173581 -3.66108336 -3.59064689 
5.33669923e-05 -3.87329878 -3.79996722 -3.73173581 -3.66108336 -3.59064689 
4.32876128e-05 -3.87329878 -3.79996722 -3.73173581 -3.66108336 -3.59064689 
3.51119173e-05 -3.87329878 -3.79996722 -3.73173581 -3.66108336 -3.59064689 
2.84803587e-05 -3.87329878 -3.79996722 -3.73173581 -3.66108336 -3.59064689 
2.31012970e-05 -3.87329878 -3.79996722 -3.73173581 -3.66108336 -3.59064689 
1.87381742e-05 -3.87329878 -3.79996722 -3.73173581 -3.66108336 -3.59064689 
1.51991108e-05 -3.87329878 -3.79996722 -3.73173581 -3.66108336 -3.59064689 
1.23284674e-05 -3.87329878 -3.79996722 -3.73173581 -3.66108336 -3.59064689 
1.00000000e-05 -3.87329878 -3.79996722 -3.73173581 -3.66108336 -3.59064689 
8.11130831e-06 -3.87329878 -3.79996722 -3.73173581 -3.66108336 -3.59064689 
6.57933225e-06 -3.87329878 -3.79996722 -3.73173581 -3.66108336 -3.59064689 
5.33669923e-06 -3.87329878 -3.79996722 -3.73173581 -3.66108336 -3.59064689 
4.32876128e-06 -3.87329878 -3.79996722 -3.73173581 -3.66108336 -3.59064689 
3.51119173e-06 -3.87329878 -3.79996722 -3.73173581 -3.66108336 -3.59064689 
2.84803587e-06 -3.87329878 -3.79996722 -3.73173581 -3.66108336 -3.59064689 
2.31012970e-06 -3.87329878 -3.79996722 -3.73173581 -3.66108336 -3.59064689 
1.87381742e-06 -3.87329878 -3.79996722 -3.73173581 -3.66108336 -3.59064689 
1.51991108e-06 -3.87329878 -3.79996722 -3.73173581 -3.66108336 -3.59064689 
1.23284674e-06 -3.87329878 -3.79996722 -3.73173581 -3.66108336 -3.59064689 
1.00000000e-06 -3.87329878 -3.79996722 -3.73173581 -3.66108336 -3.59064689 
8.11130831e-07 -3.87329878 -3.79996722 -3.73173581 -3.66108336 -3.59064689 
6.57933225e-07 -3.87329878 -3.79996722 -3.73173581 -3.66108336 -3.59064689 
5.33669923e-07 -3.87329878 -3.79996722 -3.73173581 -3.66108336 -3.59064689 
4.32876128e-07 -3.87329878 -3.79996722 -3.73173581 -3.66108336 -3.59064689 
3.51119173e-07 -3.87329878 -3.79996722 -3.73173581 -3.66108336 -3.59064689 
2.84803587e-07 -3.87329878 -3.79996722 -3.73173581 -3.66108336 -3.59064689 
2.31012970e-07 -3.87329878 -3.79996722 -3.73173581 -3.66108336 -3.59064689 
1.87381742e-07 -3.87329878 -3.79996722 -3.73173581 -3.66108336 -3.59064689 
1.51991108e-07 -3.87329878 -3.79996722 -3.73173581 -3.66108336 -3.59064689 
1.23284674e-07 -3.87329878 -3.79996722 -3.73173581 -3.66108336 -3.59064689 
1.00000000e-07 -3.87329878 -3.79996722 -3.73173581 -3.66108336 -3.59064689 
P (bar) | log_SO2: -2σ | log_SO2: -1σ | log_SO2: median | log_SO2: +1σ | log_SO2: +2σ 
1.00000000e+02 -4.50408846 -4.39368239 -4.25973737 -4.16691621 -4.09341544 
8.11130831e+01 -4.50408846 -4.39368239 -4.25973737 -4.16691621 -4.09341544 
6.57933225e+01 -4.50408846 -4.39368239 -4.25973737 -4.16691621 -4.09341544 
5.33669923e+01 -4.50408846 -4.39368239 -4.25973737 -4.16691621 -4.09341544 
4.32876128e+01 -4.50408846 -4.39368239 -4.25973737 -4.16691621 -4.09341544 
3.51119173e+01 -4.50408846 -4.39368239 -4.25973737 -4.16691621 -4.09341544 
2.84803587e+01 -4.50408846 -4.39368239 -4.25973737 -4.16691621 -4.09341544 
2.31012970e+01 -4.50408846 -4.39368239 -4.25973737 -4.16691621 -4.09341544 
1.87381742e+01 -4.50408846 -4.39368239 -4.25973737 -4.16691621 -4.09341544 
1.51991108e+01 -4.50408846 -4.39368239 -4.25973737 -4.16691621 -4.09341544 
1.23284674e+01 -4.50408846 -4.39368239 -4.25973737 -4.16691621 -4.09341544 
1.00000000e+01 -4.50408846 -4.39368239 -4.25973737 -4.16691621 -4.09341544 
8.11130831e+00 -4.50408846 -4.39368239 -4.25973737 -4.16691621 -4.09341544 
6.57933225e+00 -4.50408846 -4.39368239 -4.25973737 -4.16691621 -4.09341544 
5.33669923e+00 -4.50408846 -4.39368239 -4.25973737 -4.16691621 -4.09341544 
4.32876128e+00 -4.50408846 -4.39368239 -4.25973737 -4.16691621 -4.09341544 
3.51119173e+00 -4.50408846 -4.39368239 -4.25973737 -4.16691621 -4.09341544 
2.84803587e+00 -4.50408846 -4.39368239 -4.25973737 -4.16691621 -4.09341544 
2.31012970e+00 -4.50408846 -4.39368239 -4.25973737 -4.16691621 -4.09341544 
1.87381742e+00 -4.50408846 -4.39368239 -4.25973737 -4.16691621 -4.09341544 
1.51991108e+00 -4.50408846 -4.39368239 -4.25973737 -4.16691621 -4.09341544 
1.23284674e+00 -4.50408846 -4.39368239 -4.25973737 -4.16691621 -4.09341544 
1.00000000e+00 -4.50408846 -4.39368239 -4.25973737 -4.16691621 -4.09341544 
8.11130831e-01 -4.50408846 -4.39368239 -4.25973737 -4.16691621 -4.09341544 
6.57933225e-01 -4.50408846 -4.39368239 -4.25973737 -4.16691621 -4.09341544 
5.33669923e-01 -4.50408846 -4.39368239 -4.25973737 -4.16691621 -4.09341544 
4.32876128e-01 -4.50408846 -4.39368239 -4.25973737 -4.16691621 -4.09341544 
3.51119173e-01 -4.50408846 -4.39368239 -4.25973737 -4.16691621 -4.09341544 
2.84803587e-01 -4.50408846 -4.39368239 -4.25973737 -4.16691621 -4.09341544 
2.31012970e-01 -4.50408846 -4.39368239 -4.25973737 -4.16691621 -4.09341544 
1.87381742e-01 -4.50408846 -4.39368239 -4.25973737 -4.16691621 -4.09341544 
1.51991108e-01 -4.50408846 -4.39368239 -4.25973737 -4.16691621 -4.09341544 
1.23284674e-01 -4.50408846 -4.39368239 -4.25973737 -4.16691621 -4.09341544 
1.00000000e-01 -4.50408846 -4.39368239 -4.25973737 -4.16691621 -4.09341544 
8.11130831e-02 -4.50408846 -4.39368239 -4.25973737 -4.16691621 -4.09341544 
6.57933225e-02 -4.50408846 -4.39368239 -4.25973737 -4.16691621 -4.09341544 
5.33669923e-02 -4.50408846 -4.39368239 -4.25973737 -4.16691621 -4.09341544 
4.32876128e-02 -4.50408846 -4.39368239 -4.25973737 -4.16691621 -4.09341544 
3.51119173e-02 -4.50408846 -4.39368239 -4.25973737 -4.16691621 -4.09341544 
2.84803587e-02 -4.50408846 -4.39368239 -4.25973737 -4.16691621 -4.09341544 
2.31012970e-02 -4.50408846 -4.39368239 -4.25973737 -4.16691621 -4.09341544 
1.87381742e-02 -4.50408846 -4.39368239 -4.25973737 -4.16691621 -4.09341544 
1.51991108e-02 -4.50408846 -4.39368239 -4.25973737 -4.16691621 -4.09341544 
1.23284674e-02 -4.50408846 -4.39368239 -4.25973737 -4.16691621 -4.09341544 
1.00000000e-02 -4.50408846 -4.39368239 -4.25973737 -4.16691621 -4.09341544 
8.11130831e-03 -4.50408846 -4.39368239 -4.25973737 -4.16691621 -4.09341544 
6.57933225e-03 -4.50408846 -4.39368239 -4.25973737 -4.16691621 -4.09341544 
5.33669923e-03 -4.50408846 -4.39368239 -4.25973737 -4.16691621 -4.09341544 
4.32876128e-03 -4.50408846 -4.39368239 -4.25973737 -4.16691621 -4.09341544 
3.51119173e-03 -4.50408846 -4.39368239 -4.25973737 -4.16691621 -4.09341544 
2.84803587e-03 -4.50408846 -4.39368239 -4.25973737 -4.16691621 -4.09341544 
2.31012970e-03 -4.50408846 -4.39368239 -4.25973737 -4.16691621 -4.09341544 
1.87381742e-03 -4.50408846 -4.39368239 -4.25973737 -4.16691621 -4.09341544 
1.51991108e-03 -4.50408846 -4.39368239 -4.25973737 -4.16691621 -4.09341544 
1.23284674e-03 -4.50408846 -4.39368239 -4.25973737 -4.16691621 -4.09341544 
1.00000000e-03 -4.50408846 -4.39368239 -4.25973737 -4.16691621 -4.09341544 
8.11130831e-04 -4.50408846 -4.39368239 -4.25973737 -4.16691621 -4.09341544 
6.57933225e-04 -4.50408846 -4.39368239 -4.25973737 -4.16691621 -4.09341544 
5.33669923e-04 -4.50408846 -4.39368239 -4.25973737 -4.16691621 -4.09341544 
4.32876128e-04 -4.50408846 -4.39368239 -4.25973737 -4.16691621 -4.09341544 
3.51119173e-04 -4.50408846 -4.39368239 -4.25973737 -4.16691621 -4.09341544 
2.84803587e-04 -4.50408846 -4.39368239 -4.25973737 -4.16691621 -4.09341544 
2.31012970e-04 -4.50408846 -4.39368239 -4.25973737 -4.16691621 -4.09341544 
1.87381742e-04 -4.50408846 -4.39368239 -4.25973737 -4.16691621 -4.09341544 
1.51991108e-04 -4.50408846 -4.39368239 -4.25973737 -4.16691621 -4.09341544 
1.23284674e-04 -4.50408846 -4.39368239 -4.25973737 -4.16691621 -4.09341544 
1.00000000e-04 -4.50408846 -4.39368239 -4.25973737 -4.16691621 -4.09341544 
8.11130831e-05 -4.50408846 -4.39368239 -4.25973737 -4.16691621 -4.09341544 
6.57933225e-05 -4.50408846 -4.39368239 -4.25973737 -4.16691621 -4.09341544 
5.33669923e-05 -4.50408846 -4.39368239 -4.25973737 -4.16691621 -4.09341544 
4.32876128e-05 -4.50408846 -4.39368239 -4.25973737 -4.16691621 -4.09341544 
3.51119173e-05 -4.50408846 -4.39368239 -4.25973737 -4.16691621 -4.09341544 
2.84803587e-05 -4.50408846 -4.39368239 -4.25973737 -4.16691621 -4.09341544 
2.31012970e-05 -4.50408846 -4.39368239 -4.25973737 -4.16691621 -4.09341544 
1.87381742e-05 -4.50408846 -4.39368239 -4.25973737 -4.16691621 -4.09341544 
1.51991108e-05 -4.50408846 -4.39368239 -4.25973737 -4.16691621 -4.09341544 
1.23284674e-05 -4.50408846 -4.39368239 -4.25973737 -4.16691621 -4.09341544 
1.00000000e-05 -4.50408846 -4.39368239 -4.25973737 -4.16691621 -4.09341544 
8.11130831e-06 -4.50408846 -4.39368239 -4.25973737 -4.16691621 -4.09341544 
6.57933225e-06 -4.50408846 -4.39368239 -4.25973737 -4.16691621 -4.09341544 
5.33669923e-06 -4.50408846 -4.39368239 -4.25973737 -4.16691621 -4.09341544 
4.32876128e-06 -4.50408846 -4.39368239 -4.25973737 -4.16691621 -4.09341544 
3.51119173e-06 -4.50408846 -4.39368239 -4.25973737 -4.16691621 -4.09341544 
2.84803587e-06 -4.50408846 -4.39368239 -4.25973737 -4.16691621 -4.09341544 
2.31012970e-06 -4.50408846 -4.39368239 -4.25973737 -4.16691621 -4.09341544 
1.87381742e-06 -4.50408846 -4.39368239 -4.25973737 -4.16691621 -4.09341544 
1.51991108e-06 -4.50408846 -4.39368239 -4.25973737 -4.16691621 -4.09341544 
1.23284674e-06 -4.50408846 -4.39368239 -4.25973737 -4.16691621 -4.09341544 
1.00000000e-06 -4.50408846 -4.39368239 -4.25973737 -4.16691621 -4.09341544 
8.11130831e-07 -4.50408846 -4.39368239 -4.25973737 -4.16691621 -4.09341544 
6.57933225e-07 -4.50408846 -4.39368239 -4.25973737 -4.16691621 -4.09341544 
5.33669923e-07 -4.50408846 -4.39368239 -4.25973737 -4.16691621 -4.09341544 
4.32876128e-07 -4.50408846 -4.39368239 -4.25973737 -4.16691621 -4.09341544 
3.51119173e-07 -4.50408846 -4.39368239 -4.25973737 -4.16691621 -4.09341544 
2.84803587e-07 -4.50408846 -4.39368239 -4.25973737 -4.16691621 -4.09341544 
2.31012970e-07 -4.50408846 -4.39368239 -4.25973737 -4.16691621 -4.09341544 
1.87381742e-07 -4.50408846 -4.39368239 -4.25973737 -4.16691621 -4.09341544 
1.51991108e-07 -4.50408846 -4.39368239 -4.25973737 -4.16691621 -4.09341544 
1.23284674e-07 -4.50408846 -4.39368239 -4.25973737 -4.16691621 -4.09341544 
1.00000000e-07 -4.50408846 -4.39368239 -4.25973737 -4.16691621 -4.09341544 
P (bar) | log_CO: -2σ | log_CO: -1σ | log_CO: median | log_CO: +1σ | log_CO: +2σ 
1.00000000e+02 -3.99203528 -3.95110455 -3.83006316 -3.63480326 -3.34159002 
8.11130831e+01 -3.99203528 -3.95110455 -3.83006316 -3.63480326 -3.34159002 
6.57933225e+01 -3.99203528 -3.95110455 -3.83006316 -3.63480326 -3.34159002 
5.33669923e+01 -3.99203528 -3.95110455 -3.83006316 -3.63480326 -3.34159002 
4.32876128e+01 -3.99203528 -3.95110455 -3.83006316 -3.63480326 -3.34159002 
3.51119173e+01 -3.99203528 -3.95110455 -3.83006316 -3.63480326 -3.34159002 
2.84803587e+01 -3.99203528 -3.95110455 -3.83006316 -3.63480326 -3.34159002 
2.31012970e+01 -3.99203528 -3.95110455 -3.83006316 -3.63480326 -3.34159002 
1.87381742e+01 -3.99203528 -3.95110455 -3.83006316 -3.63480326 -3.34159002 
1.51991108e+01 -3.99203528 -3.95110455 -3.83006316 -3.63480326 -3.34159002 
1.23284674e+01 -3.99203528 -3.95110455 -3.83006316 -3.63480326 -3.34159002 
1.00000000e+01 -3.99203528 -3.95110455 -3.83006316 -3.63480326 -3.34159002 
8.11130831e+00 -3.99203528 -3.95110455 -3.83006316 -3.63480326 -3.34159002 
6.57933225e+00 -3.99203528 -3.95110455 -3.83006316 -3.63480326 -3.34159002 
5.33669923e+00 -3.99203528 -3.95110455 -3.83006316 -3.63480326 -3.34159002 
4.32876128e+00 -3.99203528 -3.95110455 -3.83006316 -3.63480326 -3.34159002 
3.51119173e+00 -3.99203528 -3.95110455 -3.83006316 -3.63480326 -3.34159002 
2.84803587e+00 -3.99203528 -3.95110455 -3.83006316 -3.63480326 -3.34159002 
2.31012970e+00 -3.99203528 -3.95110455 -3.83006316 -3.63480326 -3.34159002 
1.87381742e+00 -3.99203528 -3.95110455 -3.83006316 -3.63480326 -3.34159002 
1.51991108e+00 -3.99203528 -3.95110455 -3.83006316 -3.63480326 -3.34159002 
1.23284674e+00 -3.99203528 -3.95110455 -3.83006316 -3.63480326 -3.34159002 
1.00000000e+00 -3.99203528 -3.95110455 -3.83006316 -3.63480326 -3.34159002 
8.11130831e-01 -3.99203528 -3.95110455 -3.83006316 -3.63480326 -3.34159002 
6.57933225e-01 -3.99203528 -3.95110455 -3.83006316 -3.63480326 -3.34159002 
5.33669923e-01 -3.99203528 -3.95110455 -3.83006316 -3.63480326 -3.34159002 
4.32876128e-01 -3.99203528 -3.95110455 -3.83006316 -3.63480326 -3.34159002 
3.51119173e-01 -3.99203528 -3.95110455 -3.83006316 -3.63480326 -3.34159002 
2.84803587e-01 -3.99203528 -3.95110455 -3.83006316 -3.63480326 -3.34159002 
2.31012970e-01 -3.99203528 -3.95110455 -3.83006316 -3.63480326 -3.34159002 
1.87381742e-01 -3.99203528 -3.95110455 -3.83006316 -3.63480326 -3.34159002 
1.51991108e-01 -3.99203528 -3.95110455 -3.83006316 -3.63480326 -3.34159002 
1.23284674e-01 -3.99203528 -3.95110455 -3.83006316 -3.63480326 -3.34159002 
1.00000000e-01 -3.99203528 -3.95110455 -3.83006316 -3.63480326 -3.34159002 
8.11130831e-02 -3.99203528 -3.95110455 -3.83006316 -3.63480326 -3.34159002 
6.57933225e-02 -3.99203528 -3.95110455 -3.83006316 -3.63480326 -3.34159002 
5.33669923e-02 -3.99203528 -3.95110455 -3.83006316 -3.63480326 -3.34159002 
4.32876128e-02 -3.99203528 -3.95110455 -3.83006316 -3.63480326 -3.34159002 
3.51119173e-02 -3.99203528 -3.95110455 -3.83006316 -3.63480326 -3.34159002 
2.84803587e-02 -3.99203528 -3.95110455 -3.83006316 -3.63480326 -3.34159002 
2.31012970e-02 -3.99203528 -3.95110455 -3.83006316 -3.63480326 -3.34159002 
1.87381742e-02 -3.99203528 -3.95110455 -3.83006316 -3.63480326 -3.34159002 
1.51991108e-02 -3.99203528 -3.95110455 -3.83006316 -3.63480326 -3.34159002 
1.23284674e-02 -3.99203528 -3.95110455 -3.83006316 -3.63480326 -3.34159002 
1.00000000e-02 -3.99203528 -3.95110455 -3.83006316 -3.63480326 -3.34159002 
8.11130831e-03 -3.99203528 -3.95110455 -3.83006316 -3.63480326 -3.34159002 
6.57933225e-03 -3.99203528 -3.95110455 -3.83006316 -3.63480326 -3.34159002 
5.33669923e-03 -3.99203528 -3.95110455 -3.83006316 -3.63480326 -3.34159002 
4.32876128e-03 -3.99203528 -3.95110455 -3.83006316 -3.63480326 -3.34159002 
3.51119173e-03 -3.99203528 -3.95110455 -3.83006316 -3.63480326 -3.34159002 
2.84803587e-03 -3.99203528 -3.95110455 -3.83006316 -3.63480326 -3.34159002 
2.31012970e-03 -3.99203528 -3.95110455 -3.83006316 -3.63480326 -3.34159002 
1.87381742e-03 -3.99203528 -3.95110455 -3.83006316 -3.63480326 -3.34159002 
1.51991108e-03 -3.99203528 -3.95110455 -3.83006316 -3.63480326 -3.34159002 
1.23284674e-03 -3.99203528 -3.95110455 -3.83006316 -3.63480326 -3.34159002 
1.00000000e-03 -3.99203528 -3.95110455 -3.83006316 -3.63480326 -3.34159002 
8.11130831e-04 -3.99203528 -3.95110455 -3.83006316 -3.63480326 -3.34159002 
6.57933225e-04 -3.99203528 -3.95110455 -3.83006316 -3.63480326 -3.34159002 
5.33669923e-04 -3.99203528 -3.95110455 -3.83006316 -3.63480326 -3.34159002 
4.32876128e-04 -3.99203528 -3.95110455 -3.83006316 -3.63480326 -3.34159002 
3.51119173e-04 -3.99203528 -3.95110455 -3.83006316 -3.63480326 -3.34159002 
2.84803587e-04 -3.99203528 -3.95110455 -3.83006316 -3.63480326 -3.34159002 
2.31012970e-04 -3.99203528 -3.95110455 -3.83006316 -3.63480326 -3.34159002 
1.87381742e-04 -3.99203528 -3.95110455 -3.83006316 -3.63480326 -3.34159002 
1.51991108e-04 -3.99203528 -3.95110455 -3.83006316 -3.63480326 -3.34159002 
1.23284674e-04 -3.99203528 -3.95110455 -3.83006316 -3.63480326 -3.34159002 
1.00000000e-04 -3.99203528 -3.95110455 -3.83006316 -3.63480326 -3.34159002 
8.11130831e-05 -3.99203528 -3.95110455 -3.83006316 -3.63480326 -3.34159002 
6.57933225e-05 -3.99203528 -3.95110455 -3.83006316 -3.63480326 -3.34159002 
5.33669923e-05 -3.99203528 -3.95110455 -3.83006316 -3.63480326 -3.34159002 
4.32876128e-05 -3.99203528 -3.95110455 -3.83006316 -3.63480326 -3.34159002 
3.51119173e-05 -3.99203528 -3.95110455 -3.83006316 -3.63480326 -3.34159002 
2.84803587e-05 -3.99203528 -3.95110455 -3.83006316 -3.63480326 -3.34159002 
2.31012970e-05 -3.99203528 -3.95110455 -3.83006316 -3.63480326 -3.34159002 
1.87381742e-05 -3.99203528 -3.95110455 -3.83006316 -3.63480326 -3.34159002 
1.51991108e-05 -3.99203528 -3.95110455 -3.83006316 -3.63480326 -3.34159002 
1.23284674e-05 -3.99203528 -3.95110455 -3.83006316 -3.63480326 -3.34159002 
1.00000000e-05 -3.99203528 -3.95110455 -3.83006316 -3.63480326 -3.34159002 
8.11130831e-06 -3.99203528 -3.95110455 -3.83006316 -3.63480326 -3.34159002 
6.57933225e-06 -3.99203528 -3.95110455 -3.83006316 -3.63480326 -3.34159002 
5.33669923e-06 -3.99203528 -3.95110455 -3.83006316 -3.63480326 -3.34159002 
4.32876128e-06 -3.99203528 -3.95110455 -3.83006316 -3.63480326 -3.34159002 
3.51119173e-06 -3.99203528 -3.95110455 -3.83006316 -3.63480326 -3.34159002 
2.84803587e-06 -3.99203528 -3.95110455 -3.83006316 -3.63480326 -3.34159002 
2.31012970e-06 -3.99203528 -3.95110455 -3.83006316 -3.63480326 -3.34159002 
1.87381742e-06 -3.99203528 -3.95110455 -3.83006316 -3.63480326 -3.34159002 
1.51991108e-06 -3.99203528 -3.95110455 -3.83006316 -3.63480326 -3.34159002 
1.23284674e-06 -3.99203528 -3.95110455 -3.83006316 -3.63480326 -3.34159002 
1.00000000e-06 -3.99203528 -3.95110455 -3.83006316 -3.63480326 -3.34159002 
8.11130831e-07 -3.99203528 -3.95110455 -3.83006316 -3.63480326 -3.34159002 
6.57933225e-07 -3.99203528 -3.95110455 -3.83006316 -3.63480326 -3.34159002 
5.33669923e-07 -3.99203528 -3.95110455 -3.83006316 -3.63480326 -3.34159002 
4.32876128e-07 -3.99203528 -3.95110455 -3.83006316 -3.63480326 -3.34159002 
3.51119173e-07 -3.99203528 -3.95110455 -3.83006316 -3.63480326 -3.34159002 
2.84803587e-07 -3.99203528 -3.95110455 -3.83006316 -3.63480326 -3.34159002 
2.31012970e-07 -3.99203528 -3.95110455 -3.83006316 -3.63480326 -3.34159002 
1.87381742e-07 -3.99203528 -3.95110455 -3.83006316 -3.63480326 -3.34159002 
1.51991108e-07 -3.99203528 -3.95110455 -3.83006316 -3.63480326 -3.34159002 
1.23284674e-07 -3.99203528 -3.95110455 -3.83006316 -3.63480326 -3.34159002 
1.00000000e-07 -3.99203528 -3.95110455 -3.83006316 -3.63480326 -3.34159002 
P (bar) | log_H2S: -2σ | log_H2S: -1σ | log_H2S: median | log_H2S: +1σ | log_H2S: +2σ 
1.00000000e+02 -3.31496514 -2.94345316 -2.68980992 -2.56273033 -2.51307860 
8.11130831e+01 -3.31496514 -2.94345316 -2.68980992 -2.56273033 -2.51307860 
6.57933225e+01 -3.31496514 -2.94345316 -2.68980992 -2.56273033 -2.51307860 
5.33669923e+01 -3.31496514 -2.94345316 -2.68980992 -2.56273033 -2.51307860 
4.32876128e+01 -3.31496514 -2.94345316 -2.68980992 -2.56273033 -2.51307860 
3.51119173e+01 -3.31496514 -2.94345316 -2.68980992 -2.56273033 -2.51307860 
2.84803587e+01 -3.31496514 -2.94345316 -2.68980992 -2.56273033 -2.51307860 
2.31012970e+01 -3.31496514 -2.94345316 -2.68980992 -2.56273033 -2.51307860 
1.87381742e+01 -3.31496514 -2.94345316 -2.68980992 -2.56273033 -2.51307860 
1.51991108e+01 -3.31496514 -2.94345316 -2.68980992 -2.56273033 -2.51307860 
1.23284674e+01 -3.31496514 -2.94345316 -2.68980992 -2.56273033 -2.51307860 
1.00000000e+01 -3.31496514 -2.94345316 -2.68980992 -2.56273033 -2.51307860 
8.11130831e+00 -3.31496514 -2.94345316 -2.68980992 -2.56273033 -2.51307860 
6.57933225e+00 -3.31496514 -2.94345316 -2.68980992 -2.56273033 -2.51307860 
5.33669923e+00 -3.31496514 -2.94345316 -2.68980992 -2.56273033 -2.51307860 
4.32876128e+00 -3.31496514 -2.94345316 -2.68980992 -2.56273033 -2.51307860 
3.51119173e+00 -3.31496514 -2.94345316 -2.68980992 -2.56273033 -2.51307860 
2.84803587e+00 -3.31496514 -2.94345316 -2.68980992 -2.56273033 -2.51307860 
2.31012970e+00 -3.31496514 -2.94345316 -2.68980992 -2.56273033 -2.51307860 
1.87381742e+00 -3.31496514 -2.94345316 -2.68980992 -2.56273033 -2.51307860 
1.51991108e+00 -3.31496514 -2.94345316 -2.68980992 -2.56273033 -2.51307860 
1.23284674e+00 -3.31496514 -2.94345316 -2.68980992 -2.56273033 -2.51307860 
1.00000000e+00 -3.31496514 -2.94345316 -2.68980992 -2.56273033 -2.51307860 
8.11130831e-01 -3.31496514 -2.94345316 -2.68980992 -2.56273033 -2.51307860 
6.57933225e-01 -3.31496514 -2.94345316 -2.68980992 -2.56273033 -2.51307860 
5.33669923e-01 -3.31496514 -2.94345316 -2.68980992 -2.56273033 -2.51307860 
4.32876128e-01 -3.31496514 -2.94345316 -2.68980992 -2.56273033 -2.51307860 
3.51119173e-01 -3.31496514 -2.94345316 -2.68980992 -2.56273033 -2.51307860 
2.84803587e-01 -3.31496514 -2.94345316 -2.68980992 -2.56273033 -2.51307860 
2.31012970e-01 -3.31496514 -2.94345316 -2.68980992 -2.56273033 -2.51307860 
1.87381742e-01 -3.31496514 -2.94345316 -2.68980992 -2.56273033 -2.51307860 
1.51991108e-01 -3.31496514 -2.94345316 -2.68980992 -2.56273033 -2.51307860 
1.23284674e-01 -3.31496514 -2.94345316 -2.68980992 -2.56273033 -2.51307860 
1.00000000e-01 -3.31496514 -2.94345316 -2.68980992 -2.56273033 -2.51307860 
8.11130831e-02 -3.31496514 -2.94345316 -2.68980992 -2.56273033 -2.51307860 
6.57933225e-02 -3.31496514 -2.94345316 -2.68980992 -2.56273033 -2.51307860 
5.33669923e-02 -3.31496514 -2.94345316 -2.68980992 -2.56273033 -2.51307860 
4.32876128e-02 -3.31496514 -2.94345316 -2.68980992 -2.56273033 -2.51307860 
3.51119173e-02 -3.31496514 -2.94345316 -2.68980992 -2.56273033 -2.51307860 
2.84803587e-02 -3.31496514 -2.94345316 -2.68980992 -2.56273033 -2.51307860 
2.31012970e-02 -3.31496514 -2.94345316 -2.68980992 -2.56273033 -2.51307860 
1.87381742e-02 -3.31496514 -2.94345316 -2.68980992 -2.56273033 -2.51307860 
1.51991108e-02 -3.31496514 -2.94345316 -2.68980992 -2.56273033 -2.51307860 
1.23284674e-02 -3.31496514 -2.94345316 -2.68980992 -2.56273033 -2.51307860 
1.00000000e-02 -3.31496514 -2.94345316 -2.68980992 -2.56273033 -2.51307860 
8.11130831e-03 -3.31496514 -2.94345316 -2.68980992 -2.56273033 -2.51307860 
6.57933225e-03 -3.31496514 -2.94345316 -2.68980992 -2.56273033 -2.51307860 
5.33669923e-03 -3.31496514 -2.94345316 -2.68980992 -2.56273033 -2.51307860 
4.32876128e-03 -3.31496514 -2.94345316 -2.68980992 -2.56273033 -2.51307860 
3.51119173e-03 -3.31496514 -2.94345316 -2.68980992 -2.56273033 -2.51307860 
2.84803587e-03 -3.31496514 -2.94345316 -2.68980992 -2.56273033 -2.51307860 
2.31012970e-03 -3.31496514 -2.94345316 -2.68980992 -2.56273033 -2.51307860 
1.87381742e-03 -3.31496514 -2.94345316 -2.68980992 -2.56273033 -2.51307860 
1.51991108e-03 -3.31496514 -2.94345316 -2.68980992 -2.56273033 -2.51307860 
1.23284674e-03 -3.31496514 -2.94345316 -2.68980992 -2.56273033 -2.51307860 
1.00000000e-03 -3.31496514 -2.94345316 -2.68980992 -2.56273033 -2.51307860 
8.11130831e-04 -3.31496514 -2.94345316 -2.68980992 -2.56273033 -2.51307860 
6.57933225e-04 -3.31496514 -2.94345316 -2.68980992 -2.56273033 -2.51307860 
5.33669923e-04 -3.31496514 -2.94345316 -2.68980992 -2.56273033 -2.51307860 
4.32876128e-04 -3.31496514 -2.94345316 -2.68980992 -2.56273033 -2.51307860 
3.51119173e-04 -3.31496514 -2.94345316 -2.68980992 -2.56273033 -2.51307860 
2.84803587e-04 -3.31496514 -2.94345316 -2.68980992 -2.56273033 -2.51307860 
2.31012970e-04 -3.31496514 -2.94345316 -2.68980992 -2.56273033 -2.51307860 
1.87381742e-04 -3.31496514 -2.94345316 -2.68980992 -2.56273033 -2.51307860 
1.51991108e-04 -3.31496514 -2.94345316 -2.68980992 -2.56273033 -2.51307860 
1.23284674e-04 -3.31496514 -2.94345316 -2.68980992 -2.56273033 -2.51307860 
1.00000000e-04 -3.31496514 -2.94345316 -2.68980992 -2.56273033 -2.51307860 
8.11130831e-05 -3.31496514 -2.94345316 -2.68980992 -2.56273033 -2.51307860 
6.57933225e-05 -3.31496514 -2.94345316 -2.68980992 -2.56273033 -2.51307860 
5.33669923e-05 -3.31496514 -2.94345316 -2.68980992 -2.56273033 -2.51307860 
4.32876128e-05 -3.31496514 -2.94345316 -2.68980992 -2.56273033 -2.51307860 
3.51119173e-05 -3.31496514 -2.94345316 -2.68980992 -2.56273033 -2.51307860 
2.84803587e-05 -3.31496514 -2.94345316 -2.68980992 -2.56273033 -2.51307860 
2.31012970e-05 -3.31496514 -2.94345316 -2.68980992 -2.56273033 -2.51307860 
1.87381742e-05 -3.31496514 -2.94345316 -2.68980992 -2.56273033 -2.51307860 
1.51991108e-05 -3.31496514 -2.94345316 -2.68980992 -2.56273033 -2.51307860 
1.23284674e-05 -3.31496514 -2.94345316 -2.68980992 -2.56273033 -2.51307860 
1.00000000e-05 -3.31496514 -2.94345316 -2.68980992 -2.56273033 -2.51307860 
8.11130831e-06 -3.31496514 -2.94345316 -2.68980992 -2.56273033 -2.51307860 
6.57933225e-06 -3.31496514 -2.94345316 -2.68980992 -2.56273033 -2.51307860 
5.33669923e-06 -3.31496514 -2.94345316 -2.68980992 -2.56273033 -2.51307860 
4.32876128e-06 -3.31496514 -2.94345316 -2.68980992 -2.56273033 -2.51307860 
3.51119173e-06 -3.31496514 -2.94345316 -2.68980992 -2.56273033 -2.51307860 
2.84803587e-06 -3.31496514 -2.94345316 -2.68980992 -2.56273033 -2.51307860 
2.31012970e-06 -3.31496514 -2.94345316 -2.68980992 -2.56273033 -2.51307860 
1.87381742e-06 -3.31496514 -2.94345316 -2.68980992 -2.56273033 -2.51307860 
1.51991108e-06 -3.31496514 -2.94345316 -2.68980992 -2.56273033 -2.51307860 
1.23284674e-06 -3.31496514 -2.94345316 -2.68980992 -2.56273033 -2.51307860 
1.00000000e-06 -3.31496514 -2.94345316 -2.68980992 -2.56273033 -2.51307860 
8.11130831e-07 -3.31496514 -2.94345316 -2.68980992 -2.56273033 -2.51307860 
6.57933225e-07 -3.31496514 -2.94345316 -2.68980992 -2.56273033 -2.51307860 
5.33669923e-07 -3.31496514 -2.94345316 -2.68980992 -2.56273033 -2.51307860 
4.32876128e-07 -3.31496514 -2.94345316 -2.68980992 -2.56273033 -2.51307860 
3.51119173e-07 -3.31496514 -2.94345316 -2.68980992 -2.56273033 -2.51307860 
2.84803587e-07 -3.31496514 -2.94345316 -2.68980992 -2.56273033 -2.51307860 
2.31012970e-07 -3.31496514 -2.94345316 -2.68980992 -2.56273033 -2.51307860 
1.87381742e-07 -3.31496514 -2.94345316 -2.68980992 -2.56273033 -2.51307860 
1.51991108e-07 -3.31496514 -2.94345316 -2.68980992 -2.56273033 -2.51307860 
1.23284674e-07 -3.31496514 -2.94345316 -2.68980992 -2.56273033 -2.51307860 
1.00000000e-07 -3.31496514 -2.94345316 -2.68980992 -2.56273033 -2.51307860 
P (bar) | log_NH3: -2σ | log_NH3: -1σ | log_NH3: median | log_NH3: +1σ | log_NH3: +2σ 
1.00000000e+02 -7.92101250 -7.60607572 -6.86296303 -6.05033331 -5.51403293 
8.11130831e+01 -7.92101250 -7.60607572 -6.86296303 -6.05033331 -5.51403293 
6.57933225e+01 -7.92101250 -7.60607572 -6.86296303 -6.05033331 -5.51403293 
5.33669923e+01 -7.92101250 -7.60607572 -6.86296303 -6.05033331 -5.51403293 
4.32876128e+01 -7.92101250 -7.60607572 -6.86296303 -6.05033331 -5.51403293 
3.51119173e+01 -7.92101250 -7.60607572 -6.86296303 -6.05033331 -5.51403293 
2.84803587e+01 -7.92101250 -7.60607572 -6.86296303 -6.05033331 -5.51403293 
2.31012970e+01 -7.92101250 -7.60607572 -6.86296303 -6.05033331 -5.51403293 
1.87381742e+01 -7.92101250 -7.60607572 -6.86296303 -6.05033331 -5.51403293 
1.51991108e+01 -7.92101250 -7.60607572 -6.86296303 -6.05033331 -5.51403293 
1.23284674e+01 -7.92101250 -7.60607572 -6.86296303 -6.05033331 -5.51403293 
1.00000000e+01 -7.92101250 -7.60607572 -6.86296303 -6.05033331 -5.51403293 
8.11130831e+00 -7.92101250 -7.60607572 -6.86296303 -6.05033331 -5.51403293 
6.57933225e+00 -7.92101250 -7.60607572 -6.86296303 -6.05033331 -5.51403293 
5.33669923e+00 -7.92101250 -7.60607572 -6.86296303 -6.05033331 -5.51403293 
4.32876128e+00 -7.92101250 -7.60607572 -6.86296303 -6.05033331 -5.51403293 
3.51119173e+00 -7.92101250 -7.60607572 -6.86296303 -6.05033331 -5.51403293 
2.84803587e+00 -7.92101250 -7.60607572 -6.86296303 -6.05033331 -5.51403293 
2.31012970e+00 -7.92101250 -7.60607572 -6.86296303 -6.05033331 -5.51403293 
1.87381742e+00 -7.92101250 -7.60607572 -6.86296303 -6.05033331 -5.51403293 
1.51991108e+00 -7.92101250 -7.60607572 -6.86296303 -6.05033331 -5.51403293 
1.23284674e+00 -7.92101250 -7.60607572 -6.86296303 -6.05033331 -5.51403293 
1.00000000e+00 -7.92101250 -7.60607572 -6.86296303 -6.05033331 -5.51403293 
8.11130831e-01 -7.92101250 -7.60607572 -6.86296303 -6.05033331 -5.51403293 
6.57933225e-01 -7.92101250 -7.60607572 -6.86296303 -6.05033331 -5.51403293 
5.33669923e-01 -7.92101250 -7.60607572 -6.86296303 -6.05033331 -5.51403293 
4.32876128e-01 -7.92101250 -7.60607572 -6.86296303 -6.05033331 -5.51403293 
3.51119173e-01 -7.92101250 -7.60607572 -6.86296303 -6.05033331 -5.51403293 
2.84803587e-01 -7.92101250 -7.60607572 -6.86296303 -6.05033331 -5.51403293 
2.31012970e-01 -7.92101250 -7.60607572 -6.86296303 -6.05033331 -5.51403293 
1.87381742e-01 -7.92101250 -7.60607572 -6.86296303 -6.05033331 -5.51403293 
1.51991108e-01 -7.92101250 -7.60607572 -6.86296303 -6.05033331 -5.51403293 
1.23284674e-01 -7.92101250 -7.60607572 -6.86296303 -6.05033331 -5.51403293 
1.00000000e-01 -7.92101250 -7.60607572 -6.86296303 -6.05033331 -5.51403293 
8.11130831e-02 -7.92101250 -7.60607572 -6.86296303 -6.05033331 -5.51403293 
6.57933225e-02 -7.92101250 -7.60607572 -6.86296303 -6.05033331 -5.51403293 
5.33669923e-02 -7.92101250 -7.60607572 -6.86296303 -6.05033331 -5.51403293 
4.32876128e-02 -7.92101250 -7.60607572 -6.86296303 -6.05033331 -5.51403293 
3.51119173e-02 -7.92101250 -7.60607572 -6.86296303 -6.05033331 -5.51403293 
2.84803587e-02 -7.92101250 -7.60607572 -6.86296303 -6.05033331 -5.51403293 
2.31012970e-02 -7.92101250 -7.60607572 -6.86296303 -6.05033331 -5.51403293 
1.87381742e-02 -7.92101250 -7.60607572 -6.86296303 -6.05033331 -5.51403293 
1.51991108e-02 -7.92101250 -7.60607572 -6.86296303 -6.05033331 -5.51403293 
1.23284674e-02 -7.92101250 -7.60607572 -6.86296303 -6.05033331 -5.51403293 
1.00000000e-02 -7.92101250 -7.60607572 -6.86296303 -6.05033331 -5.51403293 
8.11130831e-03 -7.92101250 -7.60607572 -6.86296303 -6.05033331 -5.51403293 
6.57933225e-03 -7.92101250 -7.60607572 -6.86296303 -6.05033331 -5.51403293 
5.33669923e-03 -7.92101250 -7.60607572 -6.86296303 -6.05033331 -5.51403293 
4.32876128e-03 -7.92101250 -7.60607572 -6.86296303 -6.05033331 -5.51403293 
3.51119173e-03 -7.92101250 -7.60607572 -6.86296303 -6.05033331 -5.51403293 
2.84803587e-03 -7.92101250 -7.60607572 -6.86296303 -6.05033331 -5.51403293 
2.31012970e-03 -7.92101250 -7.60607572 -6.86296303 -6.05033331 -5.51403293 
1.87381742e-03 -7.92101250 -7.60607572 -6.86296303 -6.05033331 -5.51403293 
1.51991108e-03 -7.92101250 -7.60607572 -6.86296303 -6.05033331 -5.51403293 
1.23284674e-03 -7.92101250 -7.60607572 -6.86296303 -6.05033331 -5.51403293 
1.00000000e-03 -7.92101250 -7.60607572 -6.86296303 -6.05033331 -5.51403293 
8.11130831e-04 -7.92101250 -7.60607572 -6.86296303 -6.05033331 -5.51403293 
6.57933225e-04 -7.92101250 -7.60607572 -6.86296303 -6.05033331 -5.51403293 
5.33669923e-04 -7.92101250 -7.60607572 -6.86296303 -6.05033331 -5.51403293 
4.32876128e-04 -7.92101250 -7.60607572 -6.86296303 -6.05033331 -5.51403293 
3.51119173e-04 -7.92101250 -7.60607572 -6.86296303 -6.05033331 -5.51403293 
2.84803587e-04 -7.92101250 -7.60607572 -6.86296303 -6.05033331 -5.51403293 
2.31012970e-04 -7.92101250 -7.60607572 -6.86296303 -6.05033331 -5.51403293 
1.87381742e-04 -7.92101250 -7.60607572 -6.86296303 -6.05033331 -5.51403293 
1.51991108e-04 -7.92101250 -7.60607572 -6.86296303 -6.05033331 -5.51403293 
1.23284674e-04 -7.92101250 -7.60607572 -6.86296303 -6.05033331 -5.51403293 
1.00000000e-04 -7.92101250 -7.60607572 -6.86296303 -6.05033331 -5.51403293 
8.11130831e-05 -7.92101250 -7.60607572 -6.86296303 -6.05033331 -5.51403293 
6.57933225e-05 -7.92101250 -7.60607572 -6.86296303 -6.05033331 -5.51403293 
5.33669923e-05 -7.92101250 -7.60607572 -6.86296303 -6.05033331 -5.51403293 
4.32876128e-05 -7.92101250 -7.60607572 -6.86296303 -6.05033331 -5.51403293 
3.51119173e-05 -7.92101250 -7.60607572 -6.86296303 -6.05033331 -5.51403293 
2.84803587e-05 -7.92101250 -7.60607572 -6.86296303 -6.05033331 -5.51403293 
2.31012970e-05 -7.92101250 -7.60607572 -6.86296303 -6.05033331 -5.51403293 
1.87381742e-05 -7.92101250 -7.60607572 -6.86296303 -6.05033331 -5.51403293 
1.51991108e-05 -7.92101250 -7.60607572 -6.86296303 -6.05033331 -5.51403293 
1.23284674e-05 -7.92101250 -7.60607572 -6.86296303 -6.05033331 -5.51403293 
1.00000000e-05 -7.92101250 -7.60607572 -6.86296303 -6.05033331 -5.51403293 
8.11130831e-06 -7.92101250 -7.60607572 -6.86296303 -6.05033331 -5.51403293 
6.57933225e-06 -7.92101250 -7.60607572 -6.86296303 -6.05033331 -5.51403293 
5.33669923e-06 -7.92101250 -7.60607572 -6.86296303 -6.05033331 -5.51403293 
4.32876128e-06 -7.92101250 -7.60607572 -6.86296303 -6.05033331 -5.51403293 
3.51119173e-06 -7.92101250 -7.60607572 -6.86296303 -6.05033331 -5.51403293 
2.84803587e-06 -7.92101250 -7.60607572 -6.86296303 -6.05033331 -5.51403293 
2.31012970e-06 -7.92101250 -7.60607572 -6.86296303 -6.05033331 -5.51403293 
1.87381742e-06 -7.92101250 -7.60607572 -6.86296303 -6.05033331 -5.51403293 
1.51991108e-06 -7.92101250 -7.60607572 -6.86296303 -6.05033331 -5.51403293 
1.23284674e-06 -7.92101250 -7.60607572 -6.86296303 -6.05033331 -5.51403293 
1.00000000e-06 -7.92101250 -7.60607572 -6.86296303 -6.05033331 -5.51403293 
8.11130831e-07 -7.92101250 -7.60607572 -6.86296303 -6.05033331 -5.51403293 
6.57933225e-07 -7.92101250 -7.60607572 -6.86296303 -6.05033331 -5.51403293 
5.33669923e-07 -7.92101250 -7.60607572 -6.86296303 -6.05033331 -5.51403293 
4.32876128e-07 -7.92101250 -7.60607572 -6.86296303 -6.05033331 -5.51403293 
3.51119173e-07 -7.92101250 -7.60607572 -6.86296303 -6.05033331 -5.51403293 
2.84803587e-07 -7.92101250 -7.60607572 -6.86296303 -6.05033331 -5.51403293 
2.31012970e-07 -7.92101250 -7.60607572 -6.86296303 -6.05033331 -5.51403293 
1.87381742e-07 -7.92101250 -7.60607572 -6.86296303 -6.05033331 -5.51403293 
1.51991108e-07 -7.92101250 -7.60607572 -6.86296303 -6.05033331 -5.51403293 
1.23284674e-07 -7.92101250 -7.60607572 -6.86296303 -6.05033331 -5.51403293 
1.00000000e-07 -7.92101250 -7.60607572 -6.86296303 -6.05033331 -5.51403293 
