Chemical species: H2 He H2O CO2 SO2 CO H2S NH3 CH4
P (bar) | log_H2: -2σ | log_H2: -1σ | log_H2: median | log_H2: +1σ | log_H2: +2σ 
1.00000000e+02 -0.22157268 -0.21283608 -0.20341515 -0.19482663 -0.18735501 
8.11130831e+01 -0.22157268 -0.21283608 -0.20341515 -0.19482663 -0.18735501 
6.57933225e+01 -0.22157268 -0.21283608 -0.20341515 -0.19482663 -0.18735501 
5.33669923e+01 -0.22157268 -0.21283608 -0.20341515 -0.19482663 -0.18735501 
4.32876128e+01 -0.22157268 -0.21283608 -0.20341515 -0.19482663 -0.18735501 
3.51119173e+01 -0.22157268 -0.21283608 -0.20341515 -0.19482663 -0.18735501 
2.84803587e+01 -0.22157268 -0.21283608 -0.20341515 -0.19482663 -0.18735501 
2.31012970e+01 -0.22157268 -0.21283608 -0.20341515 -0.19482663 -0.18735501 
1.87381742e+01 -0.22157268 -0.21283608 -0.20341515 -0.19482663 -0.18735501 
1.51991108e+01 -0.22157268 -0.21283608 -0.20341515 -0.19482663 -0.18735501 
1.23284674e+01 -0.22157268 -0.21283608 -0.20341515 -0.19482663 -0.18735501 
1.00000000e+01 -0.22157268 -0.21283608 -0.20341515 -0.19482663 -0.18735501 
8.11130831e+00 -0.22157268 -0.21283608 -0.20341515 -0.19482663 -0.18735501 
6.57933225e+00 -0.22157268 -0.21283608 -0.20341515 -0.19482663 -0.18735501 
5.33669923e+00 -0.22157268 -0.21283608 -0.20341515 -0.19482663 -0.18735501 
4.32876128e+00 -0.22157268 -0.21283608 -0.20341515 -0.19482663 -0.18735501 
3.51119173e+00 -0.22157268 -0.21283608 -0.20341515 -0.19482663 -0.18735501 
2.84803587e+00 -0.22157268 -0.21283608 -0.20341515 -0.19482663 -0.18735501 
2.31012970e+00 -0.22157268 -0.21283608 -0.20341515 -0.19482663 -0.18735501 
1.87381742e+00 -0.22157268 -0.21283608 -0.20341515 -0.19482663 -0.18735501 
1.51991108e+00 -0.22157268 -0.21283608 -0.20341515 -0.19482663 -0.18735501 
1.23284674e+00 -0.22157268 -0.21283608 -0.20341515 -0.19482663 -0.18735501 
1.00000000e+00 -0.22157268 -0.21283608 -0.20341515 -0.19482663 -0.18735501 
8.11130831e-01 -0.22157268 -0.21283608 -0.20341515 -0.19482663 -0.18735501 
6.57933225e-01 -0.22157268 -0.21283608 -0.20341515 -0.19482663 -0.18735501 
5.33669923e-01 -0.22157268 -0.21283608 -0.20341515 -0.19482663 -0.18735501 
4.32876128e-01 -0.22157268 -0.21283608 -0.20341515 -0.19482663 -0.18735501 
3.51119173e-01 -0.22157268 -0.21283608 -0.20341515 -0.19482663 -0.18735501 
2.84803587e-01 -0.22157268 -0.21283608 -0.20341515 -0.19482663 -0.18735501 
2.31012970e-01 -0.22157268 -0.21283608 -0.20341515 -0.19482663 -0.18735501 
1.87381742e-01 -0.22157268 -0.21283608 -0.20341515 -0.19482663 -0.18735501 
1.51991108e-01 -0.22157268 -0.21283608 -0.20341515 -0.19482663 -0.18735501 
1.23284674e-01 -0.22157268 -0.21283608 -0.20341515 -0.19482663 -0.18735501 
1.00000000e-01 -0.22157268 -0.21283608 -0.20341515 -0.19482663 -0.18735501 
8.11130831e-02 -0.22157268 -0.21283608 -0.20341515 -0.19482663 -0.18735501 
6.57933225e-02 -0.22157268 -0.21283608 -0.20341515 -0.19482663 -0.18735501 
5.33669923e-02 -0.22157268 -0.21283608 -0.20341515 -0.19482663 -0.18735501 
4.32876128e-02 -0.22157268 -0.21283608 -0.20341515 -0.19482663 -0.18735501 
3.51119173e-02 -0.22157268 -0.21283608 -0.20341515 -0.19482663 -0.18735501 
2.84803587e-02 -0.22157268 -0.21283608 -0.20341515 -0.19482663 -0.18735501 
2.31012970e-02 -0.22157268 -0.21283608 -0.20341515 -0.19482663 -0.18735501 
1.87381742e-02 -0.22157268 -0.21283608 -0.20341515 -0.19482663 -0.18735501 
1.51991108e-02 -0.22157268 -0.21283608 -0.20341515 -0.19482663 -0.18735501 
1.23284674e-02 -0.22157268 -0.21283608 -0.20341515 -0.19482663 -0.18735501 
1.00000000e-02 -0.22157268 -0.21283608 -0.20341515 -0.19482663 -0.18735501 
8.11130831e-03 -0.22157268 -0.21283608 -0.20341515 -0.19482663 -0.18735501 
6.57933225e-03 -0.22157268 -0.21283608 -0.20341515 -0.19482663 -0.18735501 
5.33669923e-03 -0.22157268 -0.21283608 -0.20341515 -0.19482663 -0.18735501 
4.32876128e-03 -0.22157268 -0.21283608 -0.20341515 -0.19482663 -0.18735501 
3.51119173e-03 -0.22157268 -0.21283608 -0.20341515 -0.19482663 -0.18735501 
2.84803587e-03 -0.22157268 -0.21283608 -0.20341515 -0.19482663 -0.18735501 
2.31012970e-03 -0.22157268 -0.21283608 -0.20341515 -0.19482663 -0.18735501 
1.87381742e-03 -0.22157268 -0.21283608 -0.20341515 -0.19482663 -0.18735501 
1.51991108e-03 -0.22157268 -0.21283608 -0.20341515 -0.19482663 -0.18735501 
1.23284674e-03 -0.22157268 -0.21283608 -0.20341515 -0.19482663 -0.18735501 
1.00000000e-03 -0.22157268 -0.21283608 -0.20341515 -0.19482663 -0.18735501 
8.11130831e-04 -0.22157268 -0.21283608 -0.20341515 -0.19482663 -0.18735501 
6.57933225e-04 -0.22157268 -0.21283608 -0.20341515 -0.19482663 -0.18735501 
5.33669923e-04 -0.22157268 -0.21283608 -0.20341515 -0.19482663 -0.18735501 
4.32876128e-04 -0.22157268 -0.21283608 -0.20341515 -0.19482663 -0.18735501 
3.51119173e-04 -0.22157268 -0.21283608 -0.20341515 -0.19482663 -0.18735501 
2.84803587e-04 -0.22157268 -0.21283608 -0.20341515 -0.19482663 -0.18735501 
2.31012970e-04 -0.22157268 -0.21283608 -0.20341515 -0.19482663 -0.18735501 
1.87381742e-04 -0.22157268 -0.21283608 -0.20341515 -0.19482663 -0.18735501 
1.51991108e-04 -0.22157268 -0.21283608 -0.20341515 -0.19482663 -0.18735501 
1.23284674e-04 -0.22157268 -0.21283608 -0.20341515 -0.19482663 -0.18735501 
1.00000000e-04 -0.22157268 -0.21283608 -0.20341515 -0.19482663 -0.18735501 
8.11130831e-05 -0.22157268 -0.21283608 -0.20341515 -0.19482663 -0.18735501 
6.57933225e-05 -0.22157268 -0.21283608 -0.20341515 -0.19482663 -0.18735501 
5.33669923e-05 -0.22157268 -0.21283608 -0.20341515 -0.19482663 -0.18735501 
4.32876128e-05 -0.22157268 -0.21283608 -0.20341515 -0.19482663 -0.18735501 
3.51119173e-05 -0.22157268 -0.21283608 -0.20341515 -0.19482663 -0.18735501 
2.84803587e-05 -0.22157268 -0.21283608 -0.20341515 -0.19482663 -0.18735501 
2.31012970e-05 -0.22157268 -0.21283608 -0.20341515 -0.19482663 -0.18735501 
1.87381742e-05 -0.22157268 -0.21283608 -0.20341515 -0.19482663 -0.18735501 
1.51991108e-05 -0.22157268 -0.21283608 -0.20341515 -0.19482663 -0.18735501 
1.23284674e-05 -0.22157268 -0.21283608 -0.20341515 -0.19482663 -0.18735501 
1.00000000e-05 -0.22157268 -0.21283608 -0.20341515 -0.19482663 -0.18735501 
8.11130831e-06 -0.22157268 -0.21283608 -0.20341515 -0.19482663 -0.18735501 
6.57933225e-06 -0.22157268 -0.21283608 -0.20341515 -0.19482663 -0.18735501 
5.33669923e-06 -0.22157268 -0.21283608 -0.20341515 -0.19482663 -0.18735501 
4.32876128e-06 -0.22157268 -0.21283608 -0.20341515 -0.19482663 -0.18735501 
3.51119173e-06 -0.22157268 -0.21283608 -0.20341515 -0.19482663 -0.18735501 
2.84803587e-06 -0.22157268 -0.21283608 -0.20341515 -0.19482663 -0.18735501 
2.31012970e-06 -0.22157268 -0.21283608 -0.20341515 -0.19482663 -0.18735501 
1.87381742e-06 -0.22157268 -0.21283608 -0.20341515 -0.19482663 -0.18735501 
1.51991108e-06 -0.22157268 -0.21283608 -0.20341515 -0.19482663 -0.18735501 
1.23284674e-06 -0.22157268 -0.21283608 -0.20341515 -0.19482663 -0.18735501 
1.00000000e-06 -0.22157268 -0.21283608 -0.20341515 -0.19482663 -0.18735501 
8.11130831e-07 -0.22157268 -0.21283608 -0.20341515 -0.19482663 -0.18735501 
6.57933225e-07 -0.22157268 -0.21283608 -0.20341515 -0.19482663 -0.18735501 
5.33669923e-07 -0.22157268 -0.21283608 -0.20341515 -0.19482663 -0.18735501 
4.32876128e-07 -0.22157268 -0.21283608 -0.20341515 -0.19482663 -0.18735501 
3.51119173e-07 -0.22157268 -0.21283608 -0.20341515 -0.19482663 -0.18735501 
2.84803587e-07 -0.22157268 -0.21283608 -0.20341515 -0.19482663 -0.18735501 
2.31012970e-07 -0.22157268 -0.21283608 -0.20341515 -0.19482663 -0.18735501 
1.87381742e-07 -0.22157268 -0.21283608 -0.20341515 -0.19482663 -0.18735501 
1.51991108e-07 -0.22157268 -0.21283608 -0.20341515 -0.19482663 -0.18735501 
1.23284674e-07 -0.22157268 -0.21283608 -0.20341515 -0.19482663 -0.18735501 
1.00000000e-07 -0.22157268 -0.21283608 -0.20341515 -0.19482663 -0.18735501 
P (bar) | log_He: -2σ | log_He: -1σ | log_He: median | log_He: +1σ | log_He: +2σ 
1.00000000e+02 -0.99112376 -0.98238716 -0.97296623 -0.96437771 -0.95690609 
8.11130831e+01 -0.99112376 -0.98238716 -0.97296623 -0.96437771 -0.95690609 
6.57933225e+01 -0.99112376 -0.98238716 -0.97296623 -0.96437771 -0.95690609 
5.33669923e+01 -0.99112376 -0.98238716 -0.97296623 -0.96437771 -0.95690609 
4.32876128e+01 -0.99112376 -0.98238716 -0.97296623 -0.96437771 -0.95690609 
3.51119173e+01 -0.99112376 -0.98238716 -0.97296623 -0.96437771 -0.95690609 
2.84803587e+01 -0.99112376 -0.98238716 -0.97296623 -0.96437771 -0.95690609 
2.31012970e+01 -0.99112376 -0.98238716 -0.97296623 -0.96437771 -0.95690609 
1.87381742e+01 -0.99112376 -0.98238716 -0.97296623 -0.96437771 -0.95690609 
1.51991108e+01 -0.99112376 -0.98238716 -0.97296623 -0.96437771 -0.95690609 
1.23284674e+01 -0.99112376 -0.98238716 -0.97296623 -0.96437771 -0.95690609 
1.00000000e+01 -0.99112376 -0.98238716 -0.97296623 -0.96437771 -0.95690609 
8.11130831e+00 -0.99112376 -0.98238716 -0.97296623 -0.96437771 -0.95690609 
6.57933225e+00 -0.99112376 -0.98238716 -0.97296623 -0.96437771 -0.95690609 
5.33669923e+00 -0.99112376 -0.98238716 -0.97296623 -0.96437771 -0.95690609 
4.32876128e+00 -0.99112376 -0.98238716 -0.97296623 -0.96437771 -0.95690609 
3.51119173e+00 -0.99112376 -0.98238716 -0.97296623 -0.96437771 -0.95690609 
2.84803587e+00 -0.99112376 -0.98238716 -0.97296623 -0.96437771 -0.95690609 
2.31012970e+00 -0.99112376 -0.98238716 -0.97296623 -0.96437771 -0.95690609 
1.87381742e+00 -0.99112376 -0.98238716 -0.97296623 -0.96437771 -0.95690609 
1.51991108e+00 -0.99112376 -0.98238716 -0.97296623 -0.96437771 -0.95690609 
1.23284674e+00 -0.99112376 -0.98238716 -0.97296623 -0.96437771 -0.95690609 
1.00000000e+00 -0.99112376 -0.98238716 -0.97296623 -0.96437771 -0.95690609 
8.11130831e-01 -0.99112376 -0.98238716 -0.97296623 -0.96437771 -0.95690609 
6.57933225e-01 -0.99112376 -0.98238716 -0.97296623 -0.96437771 -0.95690609 
5.33669923e-01 -0.99112376 -0.98238716 -0.97296623 -0.96437771 -0.95690609 
4.32876128e-01 -0.99112376 -0.98238716 -0.97296623 -0.96437771 -0.95690609 
3.51119173e-01 -0.99112376 -0.98238716 -0.97296623 -0.96437771 -0.95690609 
2.84803587e-01 -0.99112376 -0.98238716 -0.97296623 -0.96437771 -0.95690609 
2.31012970e-01 -0.99112376 -0.98238716 -0.97296623 -0.96437771 -0.95690609 
1.87381742e-01 -0.99112376 -0.98238716 -0.97296623 -0.96437771 -0.95690609 
1.51991108e-01 -0.99112376 -0.98238716 -0.97296623 -0.96437771 -0.95690609 
1.23284674e-01 -0.99112376 -0.98238716 -0.97296623 -0.96437771 -0.95690609 
1.00000000e-01 -0.99112376 -0.98238716 -0.97296623 -0.96437771 -0.95690609 
8.11130831e-02 -0.99112376 -0.98238716 -0.97296623 -0.96437771 -0.95690609 
6.57933225e-02 -0.99112376 -0.98238716 -0.97296623 -0.96437771 -0.95690609 
5.33669923e-02 -0.99112376 -0.98238716 -0.97296623 -0.96437771 -0.95690609 
4.32876128e-02 -0.99112376 -0.98238716 -0.97296623 -0.96437771 -0.95690609 
3.51119173e-02 -0.99112376 -0.98238716 -0.97296623 -0.96437771 -0.95690609 
2.84803587e-02 -0.99112376 -0.98238716 -0.97296623 -0.96437771 -0.95690609 
2.31012970e-02 -0.99112376 -0.98238716 -0.97296623 -0.96437771 -0.95690609 
1.87381742e-02 -0.99112376 -0.98238716 -0.97296623 -0.96437771 -0.95690609 
1.51991108e-02 -0.99112376 -0.98238716 -0.97296623 -0.96437771 -0.95690609 
1.23284674e-02 -0.99112376 -0.98238716 -0.97296623 -0.96437771 -0.95690609 
1.00000000e-02 -0.99112376 -0.98238716 -0.97296623 -0.96437771 -0.95690609 
8.11130831e-03 -0.99112376 -0.98238716 -0.97296623 -0.96437771 -0.95690609 
6.57933225e-03 -0.99112376 -0.98238716 -0.97296623 -0.96437771 -0.95690609 
5.33669923e-03 -0.99112376 -0.98238716 -0.97296623 -0.96437771 -0.95690609 
4.32876128e-03 -0.99112376 -0.98238716 -0.97296623 -0.96437771 -0.95690609 
3.51119173e-03 -0.99112376 -0.98238716 -0.97296623 -0.96437771 -0.95690609 
2.84803587e-03 -0.99112376 -0.98238716 -0.97296623 -0.96437771 -0.95690609 
2.31012970e-03 -0.99112376 -0.98238716 -0.97296623 -0.96437771 -0.95690609 
1.87381742e-03 -0.99112376 -0.98238716 -0.97296623 -0.96437771 -0.95690609 
1.51991108e-03 -0.99112376 -0.98238716 -0.97296623 -0.96437771 -0.95690609 
1.23284674e-03 -0.99112376 -0.98238716 -0.97296623 -0.96437771 -0.95690609 
1.00000000e-03 -0.99112376 -0.98238716 -0.97296623 -0.96437771 -0.95690609 
8.11130831e-04 -0.99112376 -0.98238716 -0.97296623 -0.96437771 -0.95690609 
6.57933225e-04 -0.99112376 -0.98238716 -0.97296623 -0.96437771 -0.95690609 
5.33669923e-04 -0.99112376 -0.98238716 -0.97296623 -0.96437771 -0.95690609 
4.32876128e-04 -0.99112376 -0.98238716 -0.97296623 -0.96437771 -0.95690609 
3.51119173e-04 -0.99112376 -0.98238716 -0.97296623 -0.96437771 -0.95690609 
2.84803587e-04 -0.99112376 -0.98238716 -0.97296623 -0.96437771 -0.95690609 
2.31012970e-04 -0.99112376 -0.98238716 -0.97296623 -0.96437771 -0.95690609 
1.87381742e-04 -0.99112376 -0.98238716 -0.97296623 -0.96437771 -0.95690609 
1.51991108e-04 -0.99112376 -0.98238716 -0.97296623 -0.96437771 -0.95690609 
1.23284674e-04 -0.99112376 -0.98238716 -0.97296623 -0.96437771 -0.95690609 
1.00000000e-04 -0.99112376 -0.98238716 -0.97296623 -0.96437771 -0.95690609 
8.11130831e-05 -0.99112376 -0.98238716 -0.97296623 -0.96437771 -0.95690609 
6.57933225e-05 -0.99112376 -0.98238716 -0.97296623 -0.96437771 -0.95690609 
5.33669923e-05 -0.99112376 -0.98238716 -0.97296623 -0.96437771 -0.95690609 
4.32876128e-05 -0.99112376 -0.98238716 -0.97296623 -0.96437771 -0.95690609 
3.51119173e-05 -0.99112376 -0.98238716 -0.97296623 -0.96437771 -0.95690609 
2.84803587e-05 -0.99112376 -0.98238716 -0.97296623 -0.96437771 -0.95690609 
2.31012970e-05 -0.99112376 -0.98238716 -0.97296623 -0.96437771 -0.95690609 
1.87381742e-05 -0.99112376 -0.98238716 -0.97296623 -0.96437771 -0.95690609 
1.51991108e-05 -0.99112376 -0.98238716 -0.97296623 -0.96437771 -0.95690609 
1.23284674e-05 -0.99112376 -0.98238716 -0.97296623 -0.96437771 -0.95690609 
1.00000000e-05 -0.99112376 -0.98238716 -0.97296623 -0.96437771 -0.95690609 
8.11130831e-06 -0.99112376 -0.98238716 -0.97296623 -0.96437771 -0.95690609 
6.57933225e-06 -0.99112376 -0.98238716 -0.97296623 -0.96437771 -0.95690609 
5.33669923e-06 -0.99112376 -0.98238716 -0.97296623 -0.96437771 -0.95690609 
4.32876128e-06 -0.99112376 -0.98238716 -0.97296623 -0.96437771 -0.95690609 
3.51119173e-06 -0.99112376 -0.98238716 -0.97296623 -0.96437771 -0.95690609 
2.84803587e-06 -0.99112376 -0.98238716 -0.97296623 -0.96437771 -0.95690609 
2.31012970e-06 -0.99112376 -0.98238716 -0.97296623 -0.96437771 -0.95690609 
1.87381742e-06 -0.99112376 -0.98238716 -0.97296623 -0.96437771 -0.95690609 
1.51991108e-06 -0.99112376 -0.98238716 -0.97296623 -0.96437771 -0.95690609 
1.23284674e-06 -0.99112376 -0.98238716 -0.97296623 -0.96437771 -0.95690609 
1.00000000e-06 -0.99112376 -0.98238716 -0.97296623 -0.96437771 -0.95690609 
8.11130831e-07 -0.99112376 -0.98238716 -0.97296623 -0.96437771 -0.95690609 
6.57933225e-07 -0.99112376 -0.98238716 -0.97296623 -0.96437771 -0.95690609 
5.33669923e-07 -0.99112376 -0.98238716 -0.97296623 -0.96437771 -0.95690609 
4.32876128e-07 -0.99112376 -0.98238716 -0.97296623 -0.96437771 -0.95690609 
3.51119173e-07 -0.99112376 -0.98238716 -0.97296623 -0.96437771 -0.95690609 
2.84803587e-07 -0.99112376 -0.98238716 -0.97296623 -0.96437771 -0.95690609 
2.31012970e-07 -0.99112376 -0.98238716 -0.97296623 -0.96437771 -0.95690609 
1.87381742e-07 -0.99112376 -0.98238716 -0.97296623 -0.96437771 -0.95690609 
1.51991108e-07 -0.99112376 -0.98238716 -0.97296623 -0.96437771 -0.95690609 
1.23284674e-07 -0.99112376 -0.98238716 -0.97296623 -0.96437771 -0.95690609 
1.00000000e-07 -0.99112376 -0.98238716 -0.97296623 -0.96437771 -0.95690609 
P (bar) | log_H2O: -2σ | log_H2O: -1σ | log_H2O: median | log_H2O: +1σ | log_H2O: +2σ 
1.00000000e+02 -0.66593860 -0.63527761 -0.60969351 -0.58092980 -0.55658679 
8.11130831e+01 -0.66593860 -0.63527761 -0.60969351 -0.58092980 -0.55658679 
6.57933225e+01 -0.66593860 -0.63527761 -0.60969351 -0.58092980 -0.55658679 
5.33669923e+01 -0.66593860 -0.63527761 -0.60969351 -0.58092980 -0.55658679 
4.32876128e+01 -0.66593860 -0.63527761 -0.60969351 -0.58092980 -0.55658679 
3.51119173e+01 -0.66593860 -0.63527761 -0.60969351 -0.58092980 -0.55658679 
2.84803587e+01 -0.66593860 -0.63527761 -0.60969351 -0.58092980 -0.55658679 
2.31012970e+01 -0.66593860 -0.63527761 -0.60969351 -0.58092980 -0.55658679 
1.87381742e+01 -0.66593860 -0.63527761 -0.60969351 -0.58092980 -0.55658679 
1.51991108e+01 -0.66593860 -0.63527761 -0.60969351 -0.58092980 -0.55658679 
1.23284674e+01 -0.66593860 -0.63527761 -0.60969351 -0.58092980 -0.55658679 
1.00000000e+01 -0.66593860 -0.63527761 -0.60969351 -0.58092980 -0.55658679 
8.11130831e+00 -0.66593860 -0.63527761 -0.60969351 -0.58092980 -0.55658679 
6.57933225e+00 -0.66593860 -0.63527761 -0.60969351 -0.58092980 -0.55658679 
5.33669923e+00 -0.66593860 -0.63527761 -0.60969351 -0.58092980 -0.55658679 
4.32876128e+00 -0.66593860 -0.63527761 -0.60969351 -0.58092980 -0.55658679 
3.51119173e+00 -0.66593860 -0.63527761 -0.60969351 -0.58092980 -0.55658679 
2.84803587e+00 -0.66593860 -0.63527761 -0.60969351 -0.58092980 -0.55658679 
2.31012970e+00 -0.66593860 -0.63527761 -0.60969351 -0.58092980 -0.55658679 
1.87381742e+00 -0.66593860 -0.63527761 -0.60969351 -0.58092980 -0.55658679 
1.51991108e+00 -0.66593860 -0.63527761 -0.60969351 -0.58092980 -0.55658679 
1.23284674e+00 -0.66593860 -0.63527761 -0.60969351 -0.58092980 -0.55658679 
1.00000000e+00 -0.66593860 -0.63527761 -0.60969351 -0.58092980 -0.55658679 
8.11130831e-01 -0.66593860 -0.63527761 -0.60969351 -0.58092980 -0.55658679 
6.57933225e-01 -0.66593860 -0.63527761 -0.60969351 -0.58092980 -0.55658679 
5.33669923e-01 -0.66593860 -0.63527761 -0.60969351 -0.58092980 -0.55658679 
4.32876128e-01 -0.66593860 -0.63527761 -0.60969351 -0.58092980 -0.55658679 
3.51119173e-01 -0.66593860 -0.63527761 -0.60969351 -0.58092980 -0.55658679 
2.84803587e-01 -0.66593860 -0.63527761 -0.60969351 -0.58092980 -0.55658679 
2.31012970e-01 -0.66593860 -0.63527761 -0.60969351 -0.58092980 -0.55658679 
1.87381742e-01 -0.66593860 -0.63527761 -0.60969351 -0.58092980 -0.55658679 
1.51991108e-01 -0.66593860 -0.63527761 -0.60969351 -0.58092980 -0.55658679 
1.23284674e-01 -0.66593860 -0.63527761 -0.60969351 -0.58092980 -0.55658679 
1.00000000e-01 -0.66593860 -0.63527761 -0.60969351 -0.58092980 -0.55658679 
8.11130831e-02 -0.66593860 -0.63527761 -0.60969351 -0.58092980 -0.55658679 
6.57933225e-02 -0.66593860 -0.63527761 -0.60969351 -0.58092980 -0.55658679 
5.33669923e-02 -0.66593860 -0.63527761 -0.60969351 -0.58092980 -0.55658679 
4.32876128e-02 -0.66593860 -0.63527761 -0.60969351 -0.58092980 -0.55658679 
3.51119173e-02 -0.66593860 -0.63527761 -0.60969351 -0.58092980 -0.55658679 
2.84803587e-02 -0.66593860 -0.63527761 -0.60969351 -0.58092980 -0.55658679 
2.31012970e-02 -0.66593860 -0.63527761 -0.60969351 -0.58092980 -0.55658679 
1.87381742e-02 -0.66593860 -0.63527761 -0.60969351 -0.58092980 -0.55658679 
1.51991108e-02 -0.66593860 -0.63527761 -0.60969351 -0.58092980 -0.55658679 
1.23284674e-02 -0.66593860 -0.63527761 -0.60969351 -0.58092980 -0.55658679 
1.00000000e-02 -0.66593860 -0.63527761 -0.60969351 -0.58092980 -0.55658679 
8.11130831e-03 -0.66593860 -0.63527761 -0.60969351 -0.58092980 -0.55658679 
6.57933225e-03 -0.66593860 -0.63527761 -0.60969351 -0.58092980 -0.55658679 
5.33669923e-03 -0.66593860 -0.63527761 -0.60969351 -0.58092980 -0.55658679 
4.32876128e-03 -0.66593860 -0.63527761 -0.60969351 -0.58092980 -0.55658679 
3.51119173e-03 -0.66593860 -0.63527761 -0.60969351 -0.58092980 -0.55658679 
2.84803587e-03 -0.66593860 -0.63527761 -0.60969351 -0.58092980 -0.55658679 
2.31012970e-03 -0.66593860 -0.63527761 -0.60969351 -0.58092980 -0.55658679 
1.87381742e-03 -0.66593860 -0.63527761 -0.60969351 -0.58092980 -0.55658679 
1.51991108e-03 -0.66593860 -0.63527761 -0.60969351 -0.58092980 -0.55658679 
1.23284674e-03 -0.66593860 -0.63527761 -0.60969351 -0.58092980 -0.55658679 
1.00000000e-03 -0.66593860 -0.63527761 -0.60969351 -0.58092980 -0.55658679 
8.11130831e-04 -0.66593860 -0.63527761 -0.60969351 -0.58092980 -0.55658679 
6.57933225e-04 -0.66593860 -0.63527761 -0.60969351 -0.58092980 -0.55658679 
5.33669923e-04 -0.66593860 -0.63527761 -0.60969351 -0.58092980 -0.55658679 
4.32876128e-04 -0.66593860 -0.63527761 -0.60969351 -0.58092980 -0.55658679 
3.51119173e-04 -0.66593860 -0.63527761 -0.60969351 -0.58092980 -0.55658679 
2.84803587e-04 -0.66593860 -0.63527761 -0.60969351 -0.58092980 -0.55658679 
2.31012970e-04 -0.66593860 -0.63527761 -0.60969351 -0.58092980 -0.55658679 
1.87381742e-04 -0.66593860 -0.63527761 -0.60969351 -0.58092980 -0.55658679 
1.51991108e-04 -0.66593860 -0.63527761 -0.60969351 -0.58092980 -0.55658679 
1.23284674e-04 -0.66593860 -0.63527761 -0.60969351 -0.58092980 -0.55658679 
1.00000000e-04 -0.66593860 -0.63527761 -0.60969351 -0.58092980 -0.55658679 
8.11130831e-05 -0.66593860 -0.63527761 -0.60969351 -0.58092980 -0.55658679 
6.57933225e-05 -0.66593860 -0.63527761 -0.60969351 -0.58092980 -0.55658679 
5.33669923e-05 -0.66593860 -0.63527761 -0.60969351 -0.58092980 -0.55658679 
4.32876128e-05 -0.66593860 -0.63527761 -0.60969351 -0.58092980 -0.55658679 
3.51119173e-05 -0.66593860 -0.63527761 -0.60969351 -0.58092980 -0.55658679 
2.84803587e-05 -0.66593860 -0.63527761 -0.60969351 -0.58092980 -0.55658679 
2.31012970e-05 -0.66593860 -0.63527761 -0.60969351 -0.58092980 -0.55658679 
1.87381742e-05 -0.66593860 -0.63527761 -0.60969351 -0.58092980 -0.55658679 
1.51991108e-05 -0.66593860 -0.63527761 -0.60969351 -0.58092980 -0.55658679 
1.23284674e-05 -0.66593860 -0.63527761 -0.60969351 -0.58092980 -0.55658679 
1.00000000e-05 -0.66593860 -0.63527761 -0.60969351 -0.58092980 -0.55658679 
8.11130831e-06 -0.66593860 -0.63527761 -0.60969351 -0.58092980 -0.55658679 
6.57933225e-06 -0.66593860 -0.63527761 -0.60969351 -0.58092980 -0.55658679 
5.33669923e-06 -0.66593860 -0.63527761 -0.60969351 -0.58092980 -0.55658679 
4.32876128e-06 -0.66593860 -0.63527761 -0.60969351 -0.58092980 -0.55658679 
3.51119173e-06 -0.66593860 -0.63527761 -0.60969351 -0.58092980 -0.55658679 
2.84803587e-06 -0.66593860 -0.63527761 -0.60969351 -0.58092980 -0.55658679 
2.31012970e-06 -0.66593860 -0.63527761 -0.60969351 -0.58092980 -0.55658679 
1.87381742e-06 -0.66593860 -0.63527761 -0.60969351 -0.58092980 -0.55658679 
1.51991108e-06 -0.66593860 -0.63527761 -0.60969351 -0.58092980 -0.55658679 
1.23284674e-06 -0.66593860 -0.63527761 -0.60969351 -0.58092980 -0.55658679 
1.00000000e-06 -0.66593860 -0.63527761 -0.60969351 -0.58092980 -0.55658679 
8.11130831e-07 -0.66593860 -0.63527761 -0.60969351 -0.58092980 -0.55658679 
6.57933225e-07 -0.66593860 -0.63527761 -0.60969351 -0.58092980 -0.55658679 
5.33669923e-07 -0.66593860 -0.63527761 -0.60969351 -0.58092980 -0.55658679 
4.32876128e-07 -0.66593860 -0.63527761 -0.60969351 -0.58092980 -0.55658679 
3.51119173e-07 -0.66593860 -0.63527761 -0.60969351 -0.58092980 -0.55658679 
2.84803587e-07 -0.66593860 -0.63527761 -0.60969351 -0.58092980 -0.55658679 
2.31012970e-07 -0.66593860 -0.63527761 -0.60969351 -0.58092980 -0.55658679 
1.87381742e-07 -0.66593860 -0.63527761 -0.60969351 -0.58092980 -0.55658679 
1.51991108e-07 -0.66593860 -0.63527761 -0.60969351 -0.58092980 -0.55658679 
1.23284674e-07 -0.66593860 -0.63527761 -0.60969351 -0.58092980 -0.55658679 
1.00000000e-07 -0.66593860 -0.63527761 -0.60969351 -0.58092980 -0.55658679 
P (bar) | log_CO2: -2σ | log_CO2: -1σ | log_CO2: median | log_CO2: +1σ | log_CO2: +2σ 
1.00000000e+02 -3.54150950 -3.44904750 -3.36459010 -3.27296222 -3.18736362 
8.11130831e+01 -3.54150950 -3.44904750 -3.36459010 -3.27296222 -3.18736362 
6.57933225e+01 -3.54150950 -3.44904750 -3.36459010 -3.27296222 -3.18736362 
5.33669923e+01 -3.54150950 -3.44904750 -3.36459010 -3.27296222 -3.18736362 
4.32876128e+01 -3.54150950 -3.44904750 -3.36459010 -3.27296222 -3.18736362 
3.51119173e+01 -3.54150950 -3.44904750 -3.36459010 -3.27296222 -3.18736362 
2.84803587e+01 -3.54150950 -3.44904750 -3.36459010 -3.27296222 -3.18736362 
2.31012970e+01 -3.54150950 -3.44904750 -3.36459010 -3.27296222 -3.18736362 
1.87381742e+01 -3.54150950 -3.44904750 -3.36459010 -3.27296222 -3.18736362 
1.51991108e+01 -3.54150950 -3.44904750 -3.36459010 -3.27296222 -3.18736362 
1.23284674e+01 -3.54150950 -3.44904750 -3.36459010 -3.27296222 -3.18736362 
1.00000000e+01 -3.54150950 -3.44904750 -3.36459010 -3.27296222 -3.18736362 
8.11130831e+00 -3.54150950 -3.44904750 -3.36459010 -3.27296222 -3.18736362 
6.57933225e+00 -3.54150950 -3.44904750 -3.36459010 -3.27296222 -3.18736362 
5.33669923e+00 -3.54150950 -3.44904750 -3.36459010 -3.27296222 -3.18736362 
4.32876128e+00 -3.54150950 -3.44904750 -3.36459010 -3.27296222 -3.18736362 
3.51119173e+00 -3.54150950 -3.44904750 -3.36459010 -3.27296222 -3.18736362 
2.84803587e+00 -3.54150950 -3.44904750 -3.36459010 -3.27296222 -3.18736362 
2.31012970e+00 -3.54150950 -3.44904750 -3.36459010 -3.27296222 -3.18736362 
1.87381742e+00 -3.54150950 -3.44904750 -3.36459010 -3.27296222 -3.18736362 
1.51991108e+00 -3.54150950 -3.44904750 -3.36459010 -3.27296222 -3.18736362 
1.23284674e+00 -3.54150950 -3.44904750 -3.36459010 -3.27296222 -3.18736362 
1.00000000e+00 -3.54150950 -3.44904750 -3.36459010 -3.27296222 -3.18736362 
8.11130831e-01 -3.54150950 -3.44904750 -3.36459010 -3.27296222 -3.18736362 
6.57933225e-01 -3.54150950 -3.44904750 -3.36459010 -3.27296222 -3.18736362 
5.33669923e-01 -3.54150950 -3.44904750 -3.36459010 -3.27296222 -3.18736362 
4.32876128e-01 -3.54150950 -3.44904750 -3.36459010 -3.27296222 -3.18736362 
3.51119173e-01 -3.54150950 -3.44904750 -3.36459010 -3.27296222 -3.18736362 
2.84803587e-01 -3.54150950 -3.44904750 -3.36459010 -3.27296222 -3.18736362 
2.31012970e-01 -3.54150950 -3.44904750 -3.36459010 -3.27296222 -3.18736362 
1.87381742e-01 -3.54150950 -3.44904750 -3.36459010 -3.27296222 -3.18736362 
1.51991108e-01 -3.54150950 -3.44904750 -3.36459010 -3.27296222 -3.18736362 
1.23284674e-01 -3.54150950 -3.44904750 -3.36459010 -3.27296222 -3.18736362 
1.00000000e-01 -3.54150950 -3.44904750 -3.36459010 -3.27296222 -3.18736362 
8.11130831e-02 -3.54150950 -3.44904750 -3.36459010 -3.27296222 -3.18736362 
6.57933225e-02 -3.54150950 -3.44904750 -3.36459010 -3.27296222 -3.18736362 
5.33669923e-02 -3.54150950 -3.44904750 -3.36459010 -3.27296222 -3.18736362 
4.32876128e-02 -3.54150950 -3.44904750 -3.36459010 -3.27296222 -3.18736362 
3.51119173e-02 -3.54150950 -3.44904750 -3.36459010 -3.27296222 -3.18736362 
2.84803587e-02 -3.54150950 -3.44904750 -3.36459010 -3.27296222 -3.18736362 
2.31012970e-02 -3.54150950 -3.44904750 -3.36459010 -3.27296222 -3.18736362 
1.87381742e-02 -3.54150950 -3.44904750 -3.36459010 -3.27296222 -3.18736362 
1.51991108e-02 -3.54150950 -3.44904750 -3.36459010 -3.27296222 -3.18736362 
1.23284674e-02 -3.54150950 -3.44904750 -3.36459010 -3.27296222 -3.18736362 
1.00000000e-02 -3.54150950 -3.44904750 -3.36459010 -3.27296222 -3.18736362 
8.11130831e-03 -3.54150950 -3.44904750 -3.36459010 -3.27296222 -3.18736362 
6.57933225e-03 -3.54150950 -3.44904750 -3.36459010 -3.27296222 -3.18736362 
5.33669923e-03 -3.54150950 -3.44904750 -3.36459010 -3.27296222 -3.18736362 
4.32876128e-03 -3.54150950 -3.44904750 -3.36459010 -3.27296222 -3.18736362 
3.51119173e-03 -3.54150950 -3.44904750 -3.36459010 -3.27296222 -3.18736362 
2.84803587e-03 -3.54150950 -3.44904750 -3.36459010 -3.27296222 -3.18736362 
2.31012970e-03 -3.54150950 -3.44904750 -3.36459010 -3.27296222 -3.18736362 
1.87381742e-03 -3.54150950 -3.44904750 -3.36459010 -3.27296222 -3.18736362 
1.51991108e-03 -3.54150950 -3.44904750 -3.36459010 -3.27296222 -3.18736362 
1.23284674e-03 -3.54150950 -3.44904750 -3.36459010 -3.27296222 -3.18736362 
1.00000000e-03 -3.54150950 -3.44904750 -3.36459010 -3.27296222 -3.18736362 
8.11130831e-04 -3.54150950 -3.44904750 -3.36459010 -3.27296222 -3.18736362 
6.57933225e-04 -3.54150950 -3.44904750 -3.36459010 -3.27296222 -3.18736362 
5.33669923e-04 -3.54150950 -3.44904750 -3.36459010 -3.27296222 -3.18736362 
4.32876128e-04 -3.54150950 -3.44904750 -3.36459010 -3.27296222 -3.18736362 
3.51119173e-04 -3.54150950 -3.44904750 -3.36459010 -3.27296222 -3.18736362 
2.84803587e-04 -3.54150950 -3.44904750 -3.36459010 -3.27296222 -3.18736362 
2.31012970e-04 -3.54150950 -3.44904750 -3.36459010 -3.27296222 -3.18736362 
1.87381742e-04 -3.54150950 -3.44904750 -3.36459010 -3.27296222 -3.18736362 
1.51991108e-04 -3.54150950 -3.44904750 -3.36459010 -3.27296222 -3.18736362 
1.23284674e-04 -3.54150950 -3.44904750 -3.36459010 -3.27296222 -3.18736362 
1.00000000e-04 -3.54150950 -3.44904750 -3.36459010 -3.27296222 -3.18736362 
8.11130831e-05 -3.54150950 -3.44904750 -3.36459010 -3.27296222 -3.18736362 
6.57933225e-05 -3.54150950 -3.44904750 -3.36459010 -3.27296222 -3.18736362 
5.33669923e-05 -3.54150950 -3.44904750 -3.36459010 -3.27296222 -3.18736362 
4.32876128e-05 -3.54150950 -3.44904750 -3.36459010 -3.27296222 -3.18736362 
3.51119173e-05 -3.54150950 -3.44904750 -3.36459010 -3.27296222 -3.18736362 
2.84803587e-05 -3.54150950 -3.44904750 -3.36459010 -3.27296222 -3.18736362 
2.31012970e-05 -3.54150950 -3.44904750 -3.36459010 -3.27296222 -3.18736362 
1.87381742e-05 -3.54150950 -3.44904750 -3.36459010 -3.27296222 -3.18736362 
1.51991108e-05 -3.54150950 -3.44904750 -3.36459010 -3.27296222 -3.18736362 
1.23284674e-05 -3.54150950 -3.44904750 -3.36459010 -3.27296222 -3.18736362 
1.00000000e-05 -3.54150950 -3.44904750 -3.36459010 -3.27296222 -3.18736362 
8.11130831e-06 -3.54150950 -3.44904750 -3.36459010 -3.27296222 -3.18736362 
6.57933225e-06 -3.54150950 -3.44904750 -3.36459010 -3.27296222 -3.18736362 
5.33669923e-06 -3.54150950 -3.44904750 -3.36459010 -3.27296222 -3.18736362 
4.32876128e-06 -3.54150950 -3.44904750 -3.36459010 -3.27296222 -3.18736362 
3.51119173e-06 -3.54150950 -3.44904750 -3.36459010 -3.27296222 -3.18736362 
2.84803587e-06 -3.54150950 -3.44904750 -3.36459010 -3.27296222 -3.18736362 
2.31012970e-06 -3.54150950 -3.44904750 -3.36459010 -3.27296222 -3.18736362 
1.87381742e-06 -3.54150950 -3.44904750 -3.36459010 -3.27296222 -3.18736362 
1.51991108e-06 -3.54150950 -3.44904750 -3.36459010 -3.27296222 -3.18736362 
1.23284674e-06 -3.54150950 -3.44904750 -3.36459010 -3.27296222 -3.18736362 
1.00000000e-06 -3.54150950 -3.44904750 -3.36459010 -3.27296222 -3.18736362 
8.11130831e-07 -3.54150950 -3.44904750 -3.36459010 -3.27296222 -3.18736362 
6.57933225e-07 -3.54150950 -3.44904750 -3.36459010 -3.27296222 -3.18736362 
5.33669923e-07 -3.54150950 -3.44904750 -3.36459010 -3.27296222 -3.18736362 
4.32876128e-07 -3.54150950 -3.44904750 -3.36459010 -3.27296222 -3.18736362 
3.51119173e-07 -3.54150950 -3.44904750 -3.36459010 -3.27296222 -3.18736362 
2.84803587e-07 -3.54150950 -3.44904750 -3.36459010 -3.27296222 -3.18736362 
2.31012970e-07 -3.54150950 -3.44904750 -3.36459010 -3.27296222 -3.18736362 
1.87381742e-07 -3.54150950 -3.44904750 -3.36459010 -3.27296222 -3.18736362 
1.51991108e-07 -3.54150950 -3.44904750 -3.36459010 -3.27296222 -3.18736362 
1.23284674e-07 -3.54150950 -3.44904750 -3.36459010 -3.27296222 -3.18736362 
1.00000000e-07 -3.54150950 -3.44904750 -3.36459010 -3.27296222 -3.18736362 
P (bar) | log_SO2: -2σ | log_SO2: -1σ | log_SO2: median | log_SO2: +1σ | log_SO2: +2σ 
1.00000000e+02 -4.18383335 -4.08205567 -3.96720663 -3.85988433 -3.76710561 
8.11130831e+01 -4.18383335 -4.08205567 -3.96720663 -3.85988433 -3.76710561 
6.57933225e+01 -4.18383335 -4.08205567 -3.96720663 -3.85988433 -3.76710561 
5.33669923e+01 -4.18383335 -4.08205567 -3.96720663 -3.85988433 -3.76710561 
4.32876128e+01 -4.18383335 -4.08205567 -3.96720663 -3.85988433 -3.76710561 
3.51119173e+01 -4.18383335 -4.08205567 -3.96720663 -3.85988433 -3.76710561 
2.84803587e+01 -4.18383335 -4.08205567 -3.96720663 -3.85988433 -3.76710561 
2.31012970e+01 -4.18383335 -4.08205567 -3.96720663 -3.85988433 -3.76710561 
1.87381742e+01 -4.18383335 -4.08205567 -3.96720663 -3.85988433 -3.76710561 
1.51991108e+01 -4.18383335 -4.08205567 -3.96720663 -3.85988433 -3.76710561 
1.23284674e+01 -4.18383335 -4.08205567 -3.96720663 -3.85988433 -3.76710561 
1.00000000e+01 -4.18383335 -4.08205567 -3.96720663 -3.85988433 -3.76710561 
8.11130831e+00 -4.18383335 -4.08205567 -3.96720663 -3.85988433 -3.76710561 
6.57933225e+00 -4.18383335 -4.08205567 -3.96720663 -3.85988433 -3.76710561 
5.33669923e+00 -4.18383335 -4.08205567 -3.96720663 -3.85988433 -3.76710561 
4.32876128e+00 -4.18383335 -4.08205567 -3.96720663 -3.85988433 -3.76710561 
3.51119173e+00 -4.18383335 -4.08205567 -3.96720663 -3.85988433 -3.76710561 
2.84803587e+00 -4.18383335 -4.08205567 -3.96720663 -3.85988433 -3.76710561 
2.31012970e+00 -4.18383335 -4.08205567 -3.96720663 -3.85988433 -3.76710561 
1.87381742e+00 -4.18383335 -4.08205567 -3.96720663 -3.85988433 -3.76710561 
1.51991108e+00 -4.18383335 -4.08205567 -3.96720663 -3.85988433 -3.76710561 
1.23284674e+00 -4.18383335 -4.08205567 -3.96720663 -3.85988433 -3.76710561 
1.00000000e+00 -4.18383335 -4.08205567 -3.96720663 -3.85988433 -3.76710561 
8.11130831e-01 -4.18383335 -4.08205567 -3.96720663 -3.85988433 -3.76710561 
6.57933225e-01 -4.18383335 -4.08205567 -3.96720663 -3.85988433 -3.76710561 
5.33669923e-01 -4.18383335 -4.08205567 -3.96720663 -3.85988433 -3.76710561 
4.32876128e-01 -4.18383335 -4.08205567 -3.96720663 -3.85988433 -3.76710561 
3.51119173e-01 -4.18383335 -4.08205567 -3.96720663 -3.85988433 -3.76710561 
2.84803587e-01 -4.18383335 -4.08205567 -3.96720663 -3.85988433 -3.76710561 
2.31012970e-01 -4.18383335 -4.08205567 -3.96720663 -3.85988433 -3.76710561 
1.87381742e-01 -4.18383335 -4.08205567 -3.96720663 -3.85988433 -3.76710561 
1.51991108e-01 -4.18383335 -4.08205567 -3.96720663 -3.85988433 -3.76710561 
1.23284674e-01 -4.18383335 -4.08205567 -3.96720663 -3.85988433 -3.76710561 
1.00000000e-01 -4.18383335 -4.08205567 -3.96720663 -3.85988433 -3.76710561 
8.11130831e-02 -4.18383335 -4.08205567 -3.96720663 -3.85988433 -3.76710561 
6.57933225e-02 -4.18383335 -4.08205567 -3.96720663 -3.85988433 -3.76710561 
5.33669923e-02 -4.18383335 -4.08205567 -3.96720663 -3.85988433 -3.76710561 
4.32876128e-02 -4.18383335 -4.08205567 -3.96720663 -3.85988433 -3.76710561 
3.51119173e-02 -4.18383335 -4.08205567 -3.96720663 -3.85988433 -3.76710561 
2.84803587e-02 -4.18383335 -4.08205567 -3.96720663 -3.85988433 -3.76710561 
2.31012970e-02 -4.18383335 -4.08205567 -3.96720663 -3.85988433 -3.76710561 
1.87381742e-02 -4.18383335 -4.08205567 -3.96720663 -3.85988433 -3.76710561 
1.51991108e-02 -4.18383335 -4.08205567 -3.96720663 -3.85988433 -3.76710561 
1.23284674e-02 -4.18383335 -4.08205567 -3.96720663 -3.85988433 -3.76710561 
1.00000000e-02 -4.18383335 -4.08205567 -3.96720663 -3.85988433 -3.76710561 
8.11130831e-03 -4.18383335 -4.08205567 -3.96720663 -3.85988433 -3.76710561 
6.57933225e-03 -4.18383335 -4.08205567 -3.96720663 -3.85988433 -3.76710561 
5.33669923e-03 -4.18383335 -4.08205567 -3.96720663 -3.85988433 -3.76710561 
4.32876128e-03 -4.18383335 -4.08205567 -3.96720663 -3.85988433 -3.76710561 
3.51119173e-03 -4.18383335 -4.08205567 -3.96720663 -3.85988433 -3.76710561 
2.84803587e-03 -4.18383335 -4.08205567 -3.96720663 -3.85988433 -3.76710561 
2.31012970e-03 -4.18383335 -4.08205567 -3.96720663 -3.85988433 -3.76710561 
1.87381742e-03 -4.18383335 -4.08205567 -3.96720663 -3.85988433 -3.76710561 
1.51991108e-03 -4.18383335 -4.08205567 -3.96720663 -3.85988433 -3.76710561 
1.23284674e-03 -4.18383335 -4.08205567 -3.96720663 -3.85988433 -3.76710561 
1.00000000e-03 -4.18383335 -4.08205567 -3.96720663 -3.85988433 -3.76710561 
8.11130831e-04 -4.18383335 -4.08205567 -3.96720663 -3.85988433 -3.76710561 
6.57933225e-04 -4.18383335 -4.08205567 -3.96720663 -3.85988433 -3.76710561 
5.33669923e-04 -4.18383335 -4.08205567 -3.96720663 -3.85988433 -3.76710561 
4.32876128e-04 -4.18383335 -4.08205567 -3.96720663 -3.85988433 -3.76710561 
3.51119173e-04 -4.18383335 -4.08205567 -3.96720663 -3.85988433 -3.76710561 
2.84803587e-04 -4.18383335 -4.08205567 -3.96720663 -3.85988433 -3.76710561 
2.31012970e-04 -4.18383335 -4.08205567 -3.96720663 -3.85988433 -3.76710561 
1.87381742e-04 -4.18383335 -4.08205567 -3.96720663 -3.85988433 -3.76710561 
1.51991108e-04 -4.18383335 -4.08205567 -3.96720663 -3.85988433 -3.76710561 
1.23284674e-04 -4.18383335 -4.08205567 -3.96720663 -3.85988433 -3.76710561 
1.00000000e-04 -4.18383335 -4.08205567 -3.96720663 -3.85988433 -3.76710561 
8.11130831e-05 -4.18383335 -4.08205567 -3.96720663 -3.85988433 -3.76710561 
6.57933225e-05 -4.18383335 -4.08205567 -3.96720663 -3.85988433 -3.76710561 
5.33669923e-05 -4.18383335 -4.08205567 -3.96720663 -3.85988433 -3.76710561 
4.32876128e-05 -4.18383335 -4.08205567 -3.96720663 -3.85988433 -3.76710561 
3.51119173e-05 -4.18383335 -4.08205567 -3.96720663 -3.85988433 -3.76710561 
2.84803587e-05 -4.18383335 -4.08205567 -3.96720663 -3.85988433 -3.76710561 
2.31012970e-05 -4.18383335 -4.08205567 -3.96720663 -3.85988433 -3.76710561 
1.87381742e-05 -4.18383335 -4.08205567 -3.96720663 -3.85988433 -3.76710561 
1.51991108e-05 -4.18383335 -4.08205567 -3.96720663 -3.85988433 -3.76710561 
1.23284674e-05 -4.18383335 -4.08205567 -3.96720663 -3.85988433 -3.76710561 
1.00000000e-05 -4.18383335 -4.08205567 -3.96720663 -3.85988433 -3.76710561 
8.11130831e-06 -4.18383335 -4.08205567 -3.96720663 -3.85988433 -3.76710561 
6.57933225e-06 -4.18383335 -4.08205567 -3.96720663 -3.85988433 -3.76710561 
5.33669923e-06 -4.18383335 -4.08205567 -3.96720663 -3.85988433 -3.76710561 
4.32876128e-06 -4.18383335 -4.08205567 -3.96720663 -3.85988433 -3.76710561 
3.51119173e-06 -4.18383335 -4.08205567 -3.96720663 -3.85988433 -3.76710561 
2.84803587e-06 -4.18383335 -4.08205567 -3.96720663 -3.85988433 -3.76710561 
2.31012970e-06 -4.18383335 -4.08205567 -3.96720663 -3.85988433 -3.76710561 
1.87381742e-06 -4.18383335 -4.08205567 -3.96720663 -3.85988433 -3.76710561 
1.51991108e-06 -4.18383335 -4.08205567 -3.96720663 -3.85988433 -3.76710561 
1.23284674e-06 -4.18383335 -4.08205567 -3.96720663 -3.85988433 -3.76710561 
1.00000000e-06 -4.18383335 -4.08205567 -3.96720663 -3.85988433 -3.76710561 
8.11130831e-07 -4.18383335 -4.08205567 -3.96720663 -3.85988433 -3.76710561 
6.57933225e-07 -4.18383335 -4.08205567 -3.96720663 -3.85988433 -3.76710561 
5.33669923e-07 -4.18383335 -4.08205567 -3.96720663 -3.85988433 -3.76710561 
4.32876128e-07 -4.18383335 -4.08205567 -3.96720663 -3.85988433 -3.76710561 
3.51119173e-07 -4.18383335 -4.08205567 -3.96720663 -3.85988433 -3.76710561 
2.84803587e-07 -4.18383335 -4.08205567 -3.96720663 -3.85988433 -3.76710561 
2.31012970e-07 -4.18383335 -4.08205567 -3.96720663 -3.85988433 -3.76710561 
1.87381742e-07 -4.18383335 -4.08205567 -3.96720663 -3.85988433 -3.76710561 
1.51991108e-07 -4.18383335 -4.08205567 -3.96720663 -3.85988433 -3.76710561 
1.23284674e-07 -4.18383335 -4.08205567 -3.96720663 -3.85988433 -3.76710561 
1.00000000e-07 -4.18383335 -4.08205567 -3.96720663 -3.85988433 -3.76710561 
P (bar) | log_CO: -2σ | log_CO: -1σ | log_CO: median | log_CO: +1σ | log_CO: +2σ 
1.00000000e+02 -5.93693111 -4.17696410 -3.15014219 -2.69471732 -2.53573226 
8.11130831e+01 -5.93693111 -4.17696410 -3.15014219 -2.69471732 -2.53573226 
6.57933225e+01 -5.93693111 -4.17696410 -3.15014219 -2.69471732 -2.53573226 
5.33669923e+01 -5.93693111 -4.17696410 -3.15014219 -2.69471732 -2.53573226 
4.32876128e+01 -5.93693111 -4.17696410 -3.15014219 -2.69471732 -2.53573226 
3.51119173e+01 -5.93693111 -4.17696410 -3.15014219 -2.69471732 -2.53573226 
2.84803587e+01 -5.93693111 -4.17696410 -3.15014219 -2.69471732 -2.53573226 
2.31012970e+01 -5.93693111 -4.17696410 -3.15014219 -2.69471732 -2.53573226 
1.87381742e+01 -5.93693111 -4.17696410 -3.15014219 -2.69471732 -2.53573226 
1.51991108e+01 -5.93693111 -4.17696410 -3.15014219 -2.69471732 -2.53573226 
1.23284674e+01 -5.93693111 -4.17696410 -3.15014219 -2.69471732 -2.53573226 
1.00000000e+01 -5.93693111 -4.17696410 -3.15014219 -2.69471732 -2.53573226 
8.11130831e+00 -5.93693111 -4.17696410 -3.15014219 -2.69471732 -2.53573226 
6.57933225e+00 -5.93693111 -4.17696410 -3.15014219 -2.69471732 -2.53573226 
5.33669923e+00 -5.93693111 -4.17696410 -3.15014219 -2.69471732 -2.53573226 
4.32876128e+00 -5.93693111 -4.17696410 -3.15014219 -2.69471732 -2.53573226 
3.51119173e+00 -5.93693111 -4.17696410 -3.15014219 -2.69471732 -2.53573226 
2.84803587e+00 -5.93693111 -4.17696410 -3.15014219 -2.69471732 -2.53573226 
2.31012970e+00 -5.93693111 -4.17696410 -3.15014219 -2.69471732 -2.53573226 
1.87381742e+00 -5.93693111 -4.17696410 -3.15014219 -2.69471732 -2.53573226 
1.51991108e+00 -5.93693111 -4.17696410 -3.15014219 -2.69471732 -2.53573226 
1.23284674e+00 -5.93693111 -4.17696410 -3.15014219 -2.69471732 -2.53573226 
1.00000000e+00 -5.93693111 -4.17696410 -3.15014219 -2.69471732 -2.53573226 
8.11130831e-01 -5.93693111 -4.17696410 -3.15014219 -2.69471732 -2.53573226 
6.57933225e-01 -5.93693111 -4.17696410 -3.15014219 -2.69471732 -2.53573226 
5.33669923e-01 -5.93693111 -4.17696410 -3.15014219 -2.69471732 -2.53573226 
4.32876128e-01 -5.93693111 -4.17696410 -3.15014219 -2.69471732 -2.53573226 
3.51119173e-01 -5.93693111 -4.17696410 -3.15014219 -2.69471732 -2.53573226 
2.84803587e-01 -5.93693111 -4.17696410 -3.15014219 -2.69471732 -2.53573226 
2.31012970e-01 -5.93693111 -4.17696410 -3.15014219 -2.69471732 -2.53573226 
1.87381742e-01 -5.93693111 -4.17696410 -3.15014219 -2.69471732 -2.53573226 
1.51991108e-01 -5.93693111 -4.17696410 -3.15014219 -2.69471732 -2.53573226 
1.23284674e-01 -5.93693111 -4.17696410 -3.15014219 -2.69471732 -2.53573226 
1.00000000e-01 -5.93693111 -4.17696410 -3.15014219 -2.69471732 -2.53573226 
8.11130831e-02 -5.93693111 -4.17696410 -3.15014219 -2.69471732 -2.53573226 
6.57933225e-02 -5.93693111 -4.17696410 -3.15014219 -2.69471732 -2.53573226 
5.33669923e-02 -5.93693111 -4.17696410 -3.15014219 -2.69471732 -2.53573226 
4.32876128e-02 -5.93693111 -4.17696410 -3.15014219 -2.69471732 -2.53573226 
3.51119173e-02 -5.93693111 -4.17696410 -3.15014219 -2.69471732 -2.53573226 
2.84803587e-02 -5.93693111 -4.17696410 -3.15014219 -2.69471732 -2.53573226 
2.31012970e-02 -5.93693111 -4.17696410 -3.15014219 -2.69471732 -2.53573226 
1.87381742e-02 -5.93693111 -4.17696410 -3.15014219 -2.69471732 -2.53573226 
1.51991108e-02 -5.93693111 -4.17696410 -3.15014219 -2.69471732 -2.53573226 
1.23284674e-02 -5.93693111 -4.17696410 -3.15014219 -2.69471732 -2.53573226 
1.00000000e-02 -5.93693111 -4.17696410 -3.15014219 -2.69471732 -2.53573226 
8.11130831e-03 -5.93693111 -4.17696410 -3.15014219 -2.69471732 -2.53573226 
6.57933225e-03 -5.93693111 -4.17696410 -3.15014219 -2.69471732 -2.53573226 
5.33669923e-03 -5.93693111 -4.17696410 -3.15014219 -2.69471732 -2.53573226 
4.32876128e-03 -5.93693111 -4.17696410 -3.15014219 -2.69471732 -2.53573226 
3.51119173e-03 -5.93693111 -4.17696410 -3.15014219 -2.69471732 -2.53573226 
2.84803587e-03 -5.93693111 -4.17696410 -3.15014219 -2.69471732 -2.53573226 
2.31012970e-03 -5.93693111 -4.17696410 -3.15014219 -2.69471732 -2.53573226 
1.87381742e-03 -5.93693111 -4.17696410 -3.15014219 -2.69471732 -2.53573226 
1.51991108e-03 -5.93693111 -4.17696410 -3.15014219 -2.69471732 -2.53573226 
1.23284674e-03 -5.93693111 -4.17696410 -3.15014219 -2.69471732 -2.53573226 
1.00000000e-03 -5.93693111 -4.17696410 -3.15014219 -2.69471732 -2.53573226 
8.11130831e-04 -5.93693111 -4.17696410 -3.15014219 -2.69471732 -2.53573226 
6.57933225e-04 -5.93693111 -4.17696410 -3.15014219 -2.69471732 -2.53573226 
5.33669923e-04 -5.93693111 -4.17696410 -3.15014219 -2.69471732 -2.53573226 
4.32876128e-04 -5.93693111 -4.17696410 -3.15014219 -2.69471732 -2.53573226 
3.51119173e-04 -5.93693111 -4.17696410 -3.15014219 -2.69471732 -2.53573226 
2.84803587e-04 -5.93693111 -4.17696410 -3.15014219 -2.69471732 -2.53573226 
2.31012970e-04 -5.93693111 -4.17696410 -3.15014219 -2.69471732 -2.53573226 
1.87381742e-04 -5.93693111 -4.17696410 -3.15014219 -2.69471732 -2.53573226 
1.51991108e-04 -5.93693111 -4.17696410 -3.15014219 -2.69471732 -2.53573226 
1.23284674e-04 -5.93693111 -4.17696410 -3.15014219 -2.69471732 -2.53573226 
1.00000000e-04 -5.93693111 -4.17696410 -3.15014219 -2.69471732 -2.53573226 
8.11130831e-05 -5.93693111 -4.17696410 -3.15014219 -2.69471732 -2.53573226 
6.57933225e-05 -5.93693111 -4.17696410 -3.15014219 -2.69471732 -2.53573226 
5.33669923e-05 -5.93693111 -4.17696410 -3.15014219 -2.69471732 -2.53573226 
4.32876128e-05 -5.93693111 -4.17696410 -3.15014219 -2.69471732 -2.53573226 
3.51119173e-05 -5.93693111 -4.17696410 -3.15014219 -2.69471732 -2.53573226 
2.84803587e-05 -5.93693111 -4.17696410 -3.15014219 -2.69471732 -2.53573226 
2.31012970e-05 -5.93693111 -4.17696410 -3.15014219 -2.69471732 -2.53573226 
1.87381742e-05 -5.93693111 -4.17696410 -3.15014219 -2.69471732 -2.53573226 
1.51991108e-05 -5.93693111 -4.17696410 -3.15014219 -2.69471732 -2.53573226 
1.23284674e-05 -5.93693111 -4.17696410 -3.15014219 -2.69471732 -2.53573226 
1.00000000e-05 -5.93693111 -4.17696410 -3.15014219 -2.69471732 -2.53573226 
8.11130831e-06 -5.93693111 -4.17696410 -3.15014219 -2.69471732 -2.53573226 
6.57933225e-06 -5.93693111 -4.17696410 -3.15014219 -2.69471732 -2.53573226 
5.33669923e-06 -5.93693111 -4.17696410 -3.15014219 -2.69471732 -2.53573226 
4.32876128e-06 -5.93693111 -4.17696410 -3.15014219 -2.69471732 -2.53573226 
3.51119173e-06 -5.93693111 -4.17696410 -3.15014219 -2.69471732 -2.53573226 
2.84803587e-06 -5.93693111 -4.17696410 -3.15014219 -2.69471732 -2.53573226 
2.31012970e-06 -5.93693111 -4.17696410 -3.15014219 -2.69471732 -2.53573226 
1.87381742e-06 -5.93693111 -4.17696410 -3.15014219 -2.69471732 -2.53573226 
1.51991108e-06 -5.93693111 -4.17696410 -3.15014219 -2.69471732 -2.53573226 
1.23284674e-06 -5.93693111 -4.17696410 -3.15014219 -2.69471732 -2.53573226 
1.00000000e-06 -5.93693111 -4.17696410 -3.15014219 -2.69471732 -2.53573226 
8.11130831e-07 -5.93693111 -4.17696410 -3.15014219 -2.69471732 -2.53573226 
6.57933225e-07 -5.93693111 -4.17696410 -3.15014219 -2.69471732 -2.53573226 
5.33669923e-07 -5.93693111 -4.17696410 -3.15014219 -2.69471732 -2.53573226 
4.32876128e-07 -5.93693111 -4.17696410 -3.15014219 -2.69471732 -2.53573226 
3.51119173e-07 -5.93693111 -4.17696410 -3.15014219 -2.69471732 -2.53573226 
2.84803587e-07 -5.93693111 -4.17696410 -3.15014219 -2.69471732 -2.53573226 
2.31012970e-07 -5.93693111 -4.17696410 -3.15014219 -2.69471732 -2.53573226 
1.87381742e-07 -5.93693111 -4.17696410 -3.15014219 -2.69471732 -2.53573226 
1.51991108e-07 -5.93693111 -4.17696410 -3.15014219 -2.69471732 -2.53573226 
1.23284674e-07 -5.93693111 -4.17696410 -3.15014219 -2.69471732 -2.53573226 
1.00000000e-07 -5.93693111 -4.17696410 -3.15014219 -2.69471732 -2.53573226 
P (bar) | log_H2S: -2σ | log_H2S: -1σ | log_H2S: median | log_H2S: +1σ | log_H2S: +2σ 
1.00000000e+02 -1.87313424 -1.78978114 -1.70861815 -1.63061080 -1.54574702 
8.11130831e+01 -1.87313424 -1.78978114 -1.70861815 -1.63061080 -1.54574702 
6.57933225e+01 -1.87313424 -1.78978114 -1.70861815 -1.63061080 -1.54574702 
5.33669923e+01 -1.87313424 -1.78978114 -1.70861815 -1.63061080 -1.54574702 
4.32876128e+01 -1.87313424 -1.78978114 -1.70861815 -1.63061080 -1.54574702 
3.51119173e+01 -1.87313424 -1.78978114 -1.70861815 -1.63061080 -1.54574702 
2.84803587e+01 -1.87313424 -1.78978114 -1.70861815 -1.63061080 -1.54574702 
2.31012970e+01 -1.87313424 -1.78978114 -1.70861815 -1.63061080 -1.54574702 
1.87381742e+01 -1.87313424 -1.78978114 -1.70861815 -1.63061080 -1.54574702 
1.51991108e+01 -1.87313424 -1.78978114 -1.70861815 -1.63061080 -1.54574702 
1.23284674e+01 -1.87313424 -1.78978114 -1.70861815 -1.63061080 -1.54574702 
1.00000000e+01 -1.87313424 -1.78978114 -1.70861815 -1.63061080 -1.54574702 
8.11130831e+00 -1.87313424 -1.78978114 -1.70861815 -1.63061080 -1.54574702 
6.57933225e+00 -1.87313424 -1.78978114 -1.70861815 -1.63061080 -1.54574702 
5.33669923e+00 -1.87313424 -1.78978114 -1.70861815 -1.63061080 -1.54574702 
4.32876128e+00 -1.87313424 -1.78978114 -1.70861815 -1.63061080 -1.54574702 
3.51119173e+00 -1.87313424 -1.78978114 -1.70861815 -1.63061080 -1.54574702 
2.84803587e+00 -1.87313424 -1.78978114 -1.70861815 -1.63061080 -1.54574702 
2.31012970e+00 -1.87313424 -1.78978114 -1.70861815 -1.63061080 -1.54574702 
1.87381742e+00 -1.87313424 -1.78978114 -1.70861815 -1.63061080 -1.54574702 
1.51991108e+00 -1.87313424 -1.78978114 -1.70861815 -1.63061080 -1.54574702 
1.23284674e+00 -1.87313424 -1.78978114 -1.70861815 -1.63061080 -1.54574702 
1.00000000e+00 -1.87313424 -1.78978114 -1.70861815 -1.63061080 -1.54574702 
8.11130831e-01 -1.87313424 -1.78978114 -1.70861815 -1.63061080 -1.54574702 
6.57933225e-01 -1.87313424 -1.78978114 -1.70861815 -1.63061080 -1.54574702 
5.33669923e-01 -1.87313424 -1.78978114 -1.70861815 -1.63061080 -1.54574702 
4.32876128e-01 -1.87313424 -1.78978114 -1.70861815 -1.63061080 -1.54574702 
3.51119173e-01 -1.87313424 -1.78978114 -1.70861815 -1.63061080 -1.54574702 
2.84803587e-01 -1.87313424 -1.78978114 -1.70861815 -1.63061080 -1.54574702 
2.31012970e-01 -1.87313424 -1.78978114 -1.70861815 -1.63061080 -1.54574702 
1.87381742e-01 -1.87313424 -1.78978114 -1.70861815 -1.63061080 -1.54574702 
1.51991108e-01 -1.87313424 -1.78978114 -1.70861815 -1.63061080 -1.54574702 
1.23284674e-01 -1.87313424 -1.78978114 -1.70861815 -1.63061080 -1.54574702 
1.00000000e-01 -1.87313424 -1.78978114 -1.70861815 -1.63061080 -1.54574702 
8.11130831e-02 -1.87313424 -1.78978114 -1.70861815 -1.63061080 -1.54574702 
6.57933225e-02 -1.87313424 -1.78978114 -1.70861815 -1.63061080 -1.54574702 
5.33669923e-02 -1.87313424 -1.78978114 -1.70861815 -1.63061080 -1.54574702 
4.32876128e-02 -1.87313424 -1.78978114 -1.70861815 -1.63061080 -1.54574702 
3.51119173e-02 -1.87313424 -1.78978114 -1.70861815 -1.63061080 -1.54574702 
2.84803587e-02 -1.87313424 -1.78978114 -1.70861815 -1.63061080 -1.54574702 
2.31012970e-02 -1.87313424 -1.78978114 -1.70861815 -1.63061080 -1.54574702 
1.87381742e-02 -1.87313424 -1.78978114 -1.70861815 -1.63061080 -1.54574702 
1.51991108e-02 -1.87313424 -1.78978114 -1.70861815 -1.63061080 -1.54574702 
1.23284674e-02 -1.87313424 -1.78978114 -1.70861815 -1.63061080 -1.54574702 
1.00000000e-02 -1.87313424 -1.78978114 -1.70861815 -1.63061080 -1.54574702 
8.11130831e-03 -1.87313424 -1.78978114 -1.70861815 -1.63061080 -1.54574702 
6.57933225e-03 -1.87313424 -1.78978114 -1.70861815 -1.63061080 -1.54574702 
5.33669923e-03 -1.87313424 -1.78978114 -1.70861815 -1.63061080 -1.54574702 
4.32876128e-03 -1.87313424 -1.78978114 -1.70861815 -1.63061080 -1.54574702 
3.51119173e-03 -1.87313424 -1.78978114 -1.70861815 -1.63061080 -1.54574702 
2.84803587e-03 -1.87313424 -1.78978114 -1.70861815 -1.63061080 -1.54574702 
2.31012970e-03 -1.87313424 -1.78978114 -1.70861815 -1.63061080 -1.54574702 
1.87381742e-03 -1.87313424 -1.78978114 -1.70861815 -1.63061080 -1.54574702 
1.51991108e-03 -1.87313424 -1.78978114 -1.70861815 -1.63061080 -1.54574702 
1.23284674e-03 -1.87313424 -1.78978114 -1.70861815 -1.63061080 -1.54574702 
1.00000000e-03 -1.87313424 -1.78978114 -1.70861815 -1.63061080 -1.54574702 
8.11130831e-04 -1.87313424 -1.78978114 -1.70861815 -1.63061080 -1.54574702 
6.57933225e-04 -1.87313424 -1.78978114 -1.70861815 -1.63061080 -1.54574702 
5.33669923e-04 -1.87313424 -1.78978114 -1.70861815 -1.63061080 -1.54574702 
4.32876128e-04 -1.87313424 -1.78978114 -1.70861815 -1.63061080 -1.54574702 
3.51119173e-04 -1.87313424 -1.78978114 -1.70861815 -1.63061080 -1.54574702 
2.84803587e-04 -1.87313424 -1.78978114 -1.70861815 -1.63061080 -1.54574702 
2.31012970e-04 -1.87313424 -1.78978114 -1.70861815 -1.63061080 -1.54574702 
1.87381742e-04 -1.87313424 -1.78978114 -1.70861815 -1.63061080 -1.54574702 
1.51991108e-04 -1.87313424 -1.78978114 -1.70861815 -1.63061080 -1.54574702 
1.23284674e-04 -1.87313424 -1.78978114 -1.70861815 -1.63061080 -1.54574702 
1.00000000e-04 -1.87313424 -1.78978114 -1.70861815 -1.63061080 -1.54574702 
8.11130831e-05 -1.87313424 -1.78978114 -1.70861815 -1.63061080 -1.54574702 
6.57933225e-05 -1.87313424 -1.78978114 -1.70861815 -1.63061080 -1.54574702 
5.33669923e-05 -1.87313424 -1.78978114 -1.70861815 -1.63061080 -1.54574702 
4.32876128e-05 -1.87313424 -1.78978114 -1.70861815 -1.63061080 -1.54574702 
3.51119173e-05 -1.87313424 -1.78978114 -1.70861815 -1.63061080 -1.54574702 
2.84803587e-05 -1.87313424 -1.78978114 -1.70861815 -1.63061080 -1.54574702 
2.31012970e-05 -1.87313424 -1.78978114 -1.70861815 -1.63061080 -1.54574702 
1.87381742e-05 -1.87313424 -1.78978114 -1.70861815 -1.63061080 -1.54574702 
1.51991108e-05 -1.87313424 -1.78978114 -1.70861815 -1.63061080 -1.54574702 
1.23284674e-05 -1.87313424 -1.78978114 -1.70861815 -1.63061080 -1.54574702 
1.00000000e-05 -1.87313424 -1.78978114 -1.70861815 -1.63061080 -1.54574702 
8.11130831e-06 -1.87313424 -1.78978114 -1.70861815 -1.63061080 -1.54574702 
6.57933225e-06 -1.87313424 -1.78978114 -1.70861815 -1.63061080 -1.54574702 
5.33669923e-06 -1.87313424 -1.78978114 -1.70861815 -1.63061080 -1.54574702 
4.32876128e-06 -1.87313424 -1.78978114 -1.70861815 -1.63061080 -1.54574702 
3.51119173e-06 -1.87313424 -1.78978114 -1.70861815 -1.63061080 -1.54574702 
2.84803587e-06 -1.87313424 -1.78978114 -1.70861815 -1.63061080 -1.54574702 
2.31012970e-06 -1.87313424 -1.78978114 -1.70861815 -1.63061080 -1.54574702 
1.87381742e-06 -1.87313424 -1.78978114 -1.70861815 -1.63061080 -1.54574702 
1.51991108e-06 -1.87313424 -1.78978114 -1.70861815 -1.63061080 -1.54574702 
1.23284674e-06 -1.87313424 -1.78978114 -1.70861815 -1.63061080 -1.54574702 
1.00000000e-06 -1.87313424 -1.78978114 -1.70861815 -1.63061080 -1.54574702 
8.11130831e-07 -1.87313424 -1.78978114 -1.70861815 -1.63061080 -1.54574702 
6.57933225e-07 -1.87313424 -1.78978114 -1.70861815 -1.63061080 -1.54574702 
5.33669923e-07 -1.87313424 -1.78978114 -1.70861815 -1.63061080 -1.54574702 
4.32876128e-07 -1.87313424 -1.78978114 -1.70861815 -1.63061080 -1.54574702 
3.51119173e-07 -1.87313424 -1.78978114 -1.70861815 -1.63061080 -1.54574702 
2.84803587e-07 -1.87313424 -1.78978114 -1.70861815 -1.63061080 -1.54574702 
2.31012970e-07 -1.87313424 -1.78978114 -1.70861815 -1.63061080 -1.54574702 
1.87381742e-07 -1.87313424 -1.78978114 -1.70861815 -1.63061080 -1.54574702 
1.51991108e-07 -1.87313424 -1.78978114 -1.70861815 -1.63061080 -1.54574702 
1.23284674e-07 -1.87313424 -1.78978114 -1.70861815 -1.63061080 -1.54574702 
1.00000000e-07 -1.87313424 -1.78978114 -1.70861815 -1.63061080 -1.54574702 
P (bar) | log_NH3: -2σ | log_NH3: -1σ | log_NH3: median | log_NH3: +1σ | log_NH3: +2σ 
1.00000000e+02 -8.77974076 -7.78237980 -6.05198952 -5.15568978 -4.67705701 
8.11130831e+01 -8.77974076 -7.78237980 -6.05198952 -5.15568978 -4.67705701 
6.57933225e+01 -8.77974076 -7.78237980 -6.05198952 -5.15568978 -4.67705701 
5.33669923e+01 -8.77974076 -7.78237980 -6.05198952 -5.15568978 -4.67705701 
4.32876128e+01 -8.77974076 -7.78237980 -6.05198952 -5.15568978 -4.67705701 
3.51119173e+01 -8.77974076 -7.78237980 -6.05198952 -5.15568978 -4.67705701 
2.84803587e+01 -8.77974076 -7.78237980 -6.05198952 -5.15568978 -4.67705701 
2.31012970e+01 -8.77974076 -7.78237980 -6.05198952 -5.15568978 -4.67705701 
1.87381742e+01 -8.77974076 -7.78237980 -6.05198952 -5.15568978 -4.67705701 
1.51991108e+01 -8.77974076 -7.78237980 -6.05198952 -5.15568978 -4.67705701 
1.23284674e+01 -8.77974076 -7.78237980 -6.05198952 -5.15568978 -4.67705701 
1.00000000e+01 -8.77974076 -7.78237980 -6.05198952 -5.15568978 -4.67705701 
8.11130831e+00 -8.77974076 -7.78237980 -6.05198952 -5.15568978 -4.67705701 
6.57933225e+00 -8.77974076 -7.78237980 -6.05198952 -5.15568978 -4.67705701 
5.33669923e+00 -8.77974076 -7.78237980 -6.05198952 -5.15568978 -4.67705701 
4.32876128e+00 -8.77974076 -7.78237980 -6.05198952 -5.15568978 -4.67705701 
3.51119173e+00 -8.77974076 -7.78237980 -6.05198952 -5.15568978 -4.67705701 
2.84803587e+00 -8.77974076 -7.78237980 -6.05198952 -5.15568978 -4.67705701 
2.31012970e+00 -8.77974076 -7.78237980 -6.05198952 -5.15568978 -4.67705701 
1.87381742e+00 -8.77974076 -7.78237980 -6.05198952 -5.15568978 -4.67705701 
1.51991108e+00 -8.77974076 -7.78237980 -6.05198952 -5.15568978 -4.67705701 
1.23284674e+00 -8.77974076 -7.78237980 -6.05198952 -5.15568978 -4.67705701 
1.00000000e+00 -8.77974076 -7.78237980 -6.05198952 -5.15568978 -4.67705701 
8.11130831e-01 -8.77974076 -7.78237980 -6.05198952 -5.15568978 -4.67705701 
6.57933225e-01 -8.77974076 -7.78237980 -6.05198952 -5.15568978 -4.67705701 
5.33669923e-01 -8.77974076 -7.78237980 -6.05198952 -5.15568978 -4.67705701 
4.32876128e-01 -8.77974076 -7.78237980 -6.05198952 -5.15568978 -4.67705701 
3.51119173e-01 -8.77974076 -7.78237980 -6.05198952 -5.15568978 -4.67705701 
2.84803587e-01 -8.77974076 -7.78237980 -6.05198952 -5.15568978 -4.67705701 
2.31012970e-01 -8.77974076 -7.78237980 -6.05198952 -5.15568978 -4.67705701 
1.87381742e-01 -8.77974076 -7.78237980 -6.05198952 -5.15568978 -4.67705701 
1.51991108e-01 -8.77974076 -7.78237980 -6.05198952 -5.15568978 -4.67705701 
1.23284674e-01 -8.77974076 -7.78237980 -6.05198952 -5.15568978 -4.67705701 
1.00000000e-01 -8.77974076 -7.78237980 -6.05198952 -5.15568978 -4.67705701 
8.11130831e-02 -8.77974076 -7.78237980 -6.05198952 -5.15568978 -4.67705701 
6.57933225e-02 -8.77974076 -7.78237980 -6.05198952 -5.15568978 -4.67705701 
5.33669923e-02 -8.77974076 -7.78237980 -6.05198952 -5.15568978 -4.67705701 
4.32876128e-02 -8.77974076 -7.78237980 -6.05198952 -5.15568978 -4.67705701 
3.51119173e-02 -8.77974076 -7.78237980 -6.05198952 -5.15568978 -4.67705701 
2.84803587e-02 -8.77974076 -7.78237980 -6.05198952 -5.15568978 -4.67705701 
2.31012970e-02 -8.77974076 -7.78237980 -6.05198952 -5.15568978 -4.67705701 
1.87381742e-02 -8.77974076 -7.78237980 -6.05198952 -5.15568978 -4.67705701 
1.51991108e-02 -8.77974076 -7.78237980 -6.05198952 -5.15568978 -4.67705701 
1.23284674e-02 -8.77974076 -7.78237980 -6.05198952 -5.15568978 -4.67705701 
1.00000000e-02 -8.77974076 -7.78237980 -6.05198952 -5.15568978 -4.67705701 
8.11130831e-03 -8.77974076 -7.78237980 -6.05198952 -5.15568978 -4.67705701 
6.57933225e-03 -8.77974076 -7.78237980 -6.05198952 -5.15568978 -4.67705701 
5.33669923e-03 -8.77974076 -7.78237980 -6.05198952 -5.15568978 -4.67705701 
4.32876128e-03 -8.77974076 -7.78237980 -6.05198952 -5.15568978 -4.67705701 
3.51119173e-03 -8.77974076 -7.78237980 -6.05198952 -5.15568978 -4.67705701 
2.84803587e-03 -8.77974076 -7.78237980 -6.05198952 -5.15568978 -4.67705701 
2.31012970e-03 -8.77974076 -7.78237980 -6.05198952 -5.15568978 -4.67705701 
1.87381742e-03 -8.77974076 -7.78237980 -6.05198952 -5.15568978 -4.67705701 
1.51991108e-03 -8.77974076 -7.78237980 -6.05198952 -5.15568978 -4.67705701 
1.23284674e-03 -8.77974076 -7.78237980 -6.05198952 -5.15568978 -4.67705701 
1.00000000e-03 -8.77974076 -7.78237980 -6.05198952 -5.15568978 -4.67705701 
8.11130831e-04 -8.77974076 -7.78237980 -6.05198952 -5.15568978 -4.67705701 
6.57933225e-04 -8.77974076 -7.78237980 -6.05198952 -5.15568978 -4.67705701 
5.33669923e-04 -8.77974076 -7.78237980 -6.05198952 -5.15568978 -4.67705701 
4.32876128e-04 -8.77974076 -7.78237980 -6.05198952 -5.15568978 -4.67705701 
3.51119173e-04 -8.77974076 -7.78237980 -6.05198952 -5.15568978 -4.67705701 
2.84803587e-04 -8.77974076 -7.78237980 -6.05198952 -5.15568978 -4.67705701 
2.31012970e-04 -8.77974076 -7.78237980 -6.05198952 -5.15568978 -4.67705701 
1.87381742e-04 -8.77974076 -7.78237980 -6.05198952 -5.15568978 -4.67705701 
1.51991108e-04 -8.77974076 -7.78237980 -6.05198952 -5.15568978 -4.67705701 
1.23284674e-04 -8.77974076 -7.78237980 -6.05198952 -5.15568978 -4.67705701 
1.00000000e-04 -8.77974076 -7.78237980 -6.05198952 -5.15568978 -4.67705701 
8.11130831e-05 -8.77974076 -7.78237980 -6.05198952 -5.15568978 -4.67705701 
6.57933225e-05 -8.77974076 -7.78237980 -6.05198952 -5.15568978 -4.67705701 
5.33669923e-05 -8.77974076 -7.78237980 -6.05198952 -5.15568978 -4.67705701 
4.32876128e-05 -8.77974076 -7.78237980 -6.05198952 -5.15568978 -4.67705701 
3.51119173e-05 -8.77974076 -7.78237980 -6.05198952 -5.15568978 -4.67705701 
2.84803587e-05 -8.77974076 -7.78237980 -6.05198952 -5.15568978 -4.67705701 
2.31012970e-05 -8.77974076 -7.78237980 -6.05198952 -5.15568978 -4.67705701 
1.87381742e-05 -8.77974076 -7.78237980 -6.05198952 -5.15568978 -4.67705701 
1.51991108e-05 -8.77974076 -7.78237980 -6.05198952 -5.15568978 -4.67705701 
1.23284674e-05 -8.77974076 -7.78237980 -6.05198952 -5.15568978 -4.67705701 
1.00000000e-05 -8.77974076 -7.78237980 -6.05198952 -5.15568978 -4.67705701 
8.11130831e-06 -8.77974076 -7.78237980 -6.05198952 -5.15568978 -4.67705701 
6.57933225e-06 -8.77974076 -7.78237980 -6.05198952 -5.15568978 -4.67705701 
5.33669923e-06 -8.77974076 -7.78237980 -6.05198952 -5.15568978 -4.67705701 
4.32876128e-06 -8.77974076 -7.78237980 -6.05198952 -5.15568978 -4.67705701 
3.51119173e-06 -8.77974076 -7.78237980 -6.05198952 -5.15568978 -4.67705701 
2.84803587e-06 -8.77974076 -7.78237980 -6.05198952 -5.15568978 -4.67705701 
2.31012970e-06 -8.77974076 -7.78237980 -6.05198952 -5.15568978 -4.67705701 
1.87381742e-06 -8.77974076 -7.78237980 -6.05198952 -5.15568978 -4.67705701 
1.51991108e-06 -8.77974076 -7.78237980 -6.05198952 -5.15568978 -4.67705701 
1.23284674e-06 -8.77974076 -7.78237980 -6.05198952 -5.15568978 -4.67705701 
1.00000000e-06 -8.77974076 -7.78237980 -6.05198952 -5.15568978 -4.67705701 
8.11130831e-07 -8.77974076 -7.78237980 -6.05198952 -5.15568978 -4.67705701 
6.57933225e-07 -8.77974076 -7.78237980 -6.05198952 -5.15568978 -4.67705701 
5.33669923e-07 -8.77974076 -7.78237980 -6.05198952 -5.15568978 -4.67705701 
4.32876128e-07 -8.77974076 -7.78237980 -6.05198952 -5.15568978 -4.67705701 
3.51119173e-07 -8.77974076 -7.78237980 -6.05198952 -5.15568978 -4.67705701 
2.84803587e-07 -8.77974076 -7.78237980 -6.05198952 -5.15568978 -4.67705701 
2.31012970e-07 -8.77974076 -7.78237980 -6.05198952 -5.15568978 -4.67705701 
1.87381742e-07 -8.77974076 -7.78237980 -6.05198952 -5.15568978 -4.67705701 
1.51991108e-07 -8.77974076 -7.78237980 -6.05198952 -5.15568978 -4.67705701 
1.23284674e-07 -8.77974076 -7.78237980 -6.05198952 -5.15568978 -4.67705701 
1.00000000e-07 -8.77974076 -7.78237980 -6.05198952 -5.15568978 -4.67705701 
P (bar) | log_CH4: -2σ | log_CH4: -1σ | log_CH4: median | log_CH4: +1σ | log_CH4: +2σ 
1.00000000e+02 -4.61965777 -4.49972918 -4.40333446 -4.31014024 -4.22191795 
8.11130831e+01 -4.61965777 -4.49972918 -4.40333446 -4.31014024 -4.22191795 
6.57933225e+01 -4.61965777 -4.49972918 -4.40333446 -4.31014024 -4.22191795 
5.33669923e+01 -4.61965777 -4.49972918 -4.40333446 -4.31014024 -4.22191795 
4.32876128e+01 -4.61965777 -4.49972918 -4.40333446 -4.31014024 -4.22191795 
3.51119173e+01 -4.61965777 -4.49972918 -4.40333446 -4.31014024 -4.22191795 
2.84803587e+01 -4.61965777 -4.49972918 -4.40333446 -4.31014024 -4.22191795 
2.31012970e+01 -4.61965777 -4.49972918 -4.40333446 -4.31014024 -4.22191795 
1.87381742e+01 -4.61965777 -4.49972918 -4.40333446 -4.31014024 -4.22191795 
1.51991108e+01 -4.61965777 -4.49972918 -4.40333446 -4.31014024 -4.22191795 
1.23284674e+01 -4.61965777 -4.49972918 -4.40333446 -4.31014024 -4.22191795 
1.00000000e+01 -4.61965777 -4.49972918 -4.40333446 -4.31014024 -4.22191795 
8.11130831e+00 -4.61965777 -4.49972918 -4.40333446 -4.31014024 -4.22191795 
6.57933225e+00 -4.61965777 -4.49972918 -4.40333446 -4.31014024 -4.22191795 
5.33669923e+00 -4.61965777 -4.49972918 -4.40333446 -4.31014024 -4.22191795 
4.32876128e+00 -4.61965777 -4.49972918 -4.40333446 -4.31014024 -4.22191795 
3.51119173e+00 -4.61965777 -4.49972918 -4.40333446 -4.31014024 -4.22191795 
2.84803587e+00 -4.61965777 -4.49972918 -4.40333446 -4.31014024 -4.22191795 
2.31012970e+00 -4.61965777 -4.49972918 -4.40333446 -4.31014024 -4.22191795 
1.87381742e+00 -4.61965777 -4.49972918 -4.40333446 -4.31014024 -4.22191795 
1.51991108e+00 -4.61965777 -4.49972918 -4.40333446 -4.31014024 -4.22191795 
1.23284674e+00 -4.61965777 -4.49972918 -4.40333446 -4.31014024 -4.22191795 
1.00000000e+00 -4.61965777 -4.49972918 -4.40333446 -4.31014024 -4.22191795 
8.11130831e-01 -4.61965777 -4.49972918 -4.40333446 -4.31014024 -4.22191795 
6.57933225e-01 -4.61965777 -4.49972918 -4.40333446 -4.31014024 -4.22191795 
5.33669923e-01 -4.61965777 -4.49972918 -4.40333446 -4.31014024 -4.22191795 
4.32876128e-01 -4.61965777 -4.49972918 -4.40333446 -4.31014024 -4.22191795 
3.51119173e-01 -4.61965777 -4.49972918 -4.40333446 -4.31014024 -4.22191795 
2.84803587e-01 -4.61965777 -4.49972918 -4.40333446 -4.31014024 -4.22191795 
2.31012970e-01 -4.61965777 -4.49972918 -4.40333446 -4.31014024 -4.22191795 
1.87381742e-01 -4.61965777 -4.49972918 -4.40333446 -4.31014024 -4.22191795 
1.51991108e-01 -4.61965777 -4.49972918 -4.40333446 -4.31014024 -4.22191795 
1.23284674e-01 -4.61965777 -4.49972918 -4.40333446 -4.31014024 -4.22191795 
1.00000000e-01 -4.61965777 -4.49972918 -4.40333446 -4.31014024 -4.22191795 
8.11130831e-02 -4.61965777 -4.49972918 -4.40333446 -4.31014024 -4.22191795 
6.57933225e-02 -4.61965777 -4.49972918 -4.40333446 -4.31014024 -4.22191795 
5.33669923e-02 -4.61965777 -4.49972918 -4.40333446 -4.31014024 -4.22191795 
4.32876128e-02 -4.61965777 -4.49972918 -4.40333446 -4.31014024 -4.22191795 
3.51119173e-02 -4.61965777 -4.49972918 -4.40333446 -4.31014024 -4.22191795 
2.84803587e-02 -4.61965777 -4.49972918 -4.40333446 -4.31014024 -4.22191795 
2.31012970e-02 -4.61965777 -4.49972918 -4.40333446 -4.31014024 -4.22191795 
1.87381742e-02 -4.61965777 -4.49972918 -4.40333446 -4.31014024 -4.22191795 
1.51991108e-02 -4.61965777 -4.49972918 -4.40333446 -4.31014024 -4.22191795 
1.23284674e-02 -4.61965777 -4.49972918 -4.40333446 -4.31014024 -4.22191795 
1.00000000e-02 -4.61965777 -4.49972918 -4.40333446 -4.31014024 -4.22191795 
8.11130831e-03 -4.61965777 -4.49972918 -4.40333446 -4.31014024 -4.22191795 
6.57933225e-03 -4.61965777 -4.49972918 -4.40333446 -4.31014024 -4.22191795 
5.33669923e-03 -4.61965777 -4.49972918 -4.40333446 -4.31014024 -4.22191795 
4.32876128e-03 -4.61965777 -4.49972918 -4.40333446 -4.31014024 -4.22191795 
3.51119173e-03 -4.61965777 -4.49972918 -4.40333446 -4.31014024 -4.22191795 
2.84803587e-03 -4.61965777 -4.49972918 -4.40333446 -4.31014024 -4.22191795 
2.31012970e-03 -4.61965777 -4.49972918 -4.40333446 -4.31014024 -4.22191795 
1.87381742e-03 -4.61965777 -4.49972918 -4.40333446 -4.31014024 -4.22191795 
1.51991108e-03 -4.61965777 -4.49972918 -4.40333446 -4.31014024 -4.22191795 
1.23284674e-03 -4.61965777 -4.49972918 -4.40333446 -4.31014024 -4.22191795 
1.00000000e-03 -4.61965777 -4.49972918 -4.40333446 -4.31014024 -4.22191795 
8.11130831e-04 -4.61965777 -4.49972918 -4.40333446 -4.31014024 -4.22191795 
6.57933225e-04 -4.61965777 -4.49972918 -4.40333446 -4.31014024 -4.22191795 
5.33669923e-04 -4.61965777 -4.49972918 -4.40333446 -4.31014024 -4.22191795 
4.32876128e-04 -4.61965777 -4.49972918 -4.40333446 -4.31014024 -4.22191795 
3.51119173e-04 -4.61965777 -4.49972918 -4.40333446 -4.31014024 -4.22191795 
2.84803587e-04 -4.61965777 -4.49972918 -4.40333446 -4.31014024 -4.22191795 
2.31012970e-04 -4.61965777 -4.49972918 -4.40333446 -4.31014024 -4.22191795 
1.87381742e-04 -4.61965777 -4.49972918 -4.40333446 -4.31014024 -4.22191795 
1.51991108e-04 -4.61965777 -4.49972918 -4.40333446 -4.31014024 -4.22191795 
1.23284674e-04 -4.61965777 -4.49972918 -4.40333446 -4.31014024 -4.22191795 
1.00000000e-04 -4.61965777 -4.49972918 -4.40333446 -4.31014024 -4.22191795 
8.11130831e-05 -4.61965777 -4.49972918 -4.40333446 -4.31014024 -4.22191795 
6.57933225e-05 -4.61965777 -4.49972918 -4.40333446 -4.31014024 -4.22191795 
5.33669923e-05 -4.61965777 -4.49972918 -4.40333446 -4.31014024 -4.22191795 
4.32876128e-05 -4.61965777 -4.49972918 -4.40333446 -4.31014024 -4.22191795 
3.51119173e-05 -4.61965777 -4.49972918 -4.40333446 -4.31014024 -4.22191795 
2.84803587e-05 -4.61965777 -4.49972918 -4.40333446 -4.31014024 -4.22191795 
2.31012970e-05 -4.61965777 -4.49972918 -4.40333446 -4.31014024 -4.22191795 
1.87381742e-05 -4.61965777 -4.49972918 -4.40333446 -4.31014024 -4.22191795 
1.51991108e-05 -4.61965777 -4.49972918 -4.40333446 -4.31014024 -4.22191795 
1.23284674e-05 -4.61965777 -4.49972918 -4.40333446 -4.31014024 -4.22191795 
1.00000000e-05 -4.61965777 -4.49972918 -4.40333446 -4.31014024 -4.22191795 
8.11130831e-06 -4.61965777 -4.49972918 -4.40333446 -4.31014024 -4.22191795 
6.57933225e-06 -4.61965777 -4.49972918 -4.40333446 -4.31014024 -4.22191795 
5.33669923e-06 -4.61965777 -4.49972918 -4.40333446 -4.31014024 -4.22191795 
4.32876128e-06 -4.61965777 -4.49972918 -4.40333446 -4.31014024 -4.22191795 
3.51119173e-06 -4.61965777 -4.49972918 -4.40333446 -4.31014024 -4.22191795 
2.84803587e-06 -4.61965777 -4.49972918 -4.40333446 -4.31014024 -4.22191795 
2.31012970e-06 -4.61965777 -4.49972918 -4.40333446 -4.31014024 -4.22191795 
1.87381742e-06 -4.61965777 -4.49972918 -4.40333446 -4.31014024 -4.22191795 
1.51991108e-06 -4.61965777 -4.49972918 -4.40333446 -4.31014024 -4.22191795 
1.23284674e-06 -4.61965777 -4.49972918 -4.40333446 -4.31014024 -4.22191795 
1.00000000e-06 -4.61965777 -4.49972918 -4.40333446 -4.31014024 -4.22191795 
8.11130831e-07 -4.61965777 -4.49972918 -4.40333446 -4.31014024 -4.22191795 
6.57933225e-07 -4.61965777 -4.49972918 -4.40333446 -4.31014024 -4.22191795 
5.33669923e-07 -4.61965777 -4.49972918 -4.40333446 -4.31014024 -4.22191795 
4.32876128e-07 -4.61965777 -4.49972918 -4.40333446 -4.31014024 -4.22191795 
3.51119173e-07 -4.61965777 -4.49972918 -4.40333446 -4.31014024 -4.22191795 
2.84803587e-07 -4.61965777 -4.49972918 -4.40333446 -4.31014024 -4.22191795 
2.31012970e-07 -4.61965777 -4.49972918 -4.40333446 -4.31014024 -4.22191795 
1.87381742e-07 -4.61965777 -4.49972918 -4.40333446 -4.31014024 -4.22191795 
1.51991108e-07 -4.61965777 -4.49972918 -4.40333446 -4.31014024 -4.22191795 
1.23284674e-07 -4.61965777 -4.49972918 -4.40333446 -4.31014024 -4.22191795 
1.00000000e-07 -4.61965777 -4.49972918 -4.40333446 -4.31014024 -4.22191795 
