Chemical species: H2 He H2O CO2 SO2 CO H2S CH4
P (bar) | log_H2: -2σ | log_H2: -1σ | log_H2: median | log_H2: +1σ | log_H2: +2σ 
1.00000000e+02 -0.17041939 -0.15938032 -0.14937270 -0.14021798 -0.13111867 
8.11130831e+01 -0.17041939 -0.15938032 -0.14937270 -0.14021798 -0.13111867 
6.57933225e+01 -0.17041939 -0.15938032 -0.14937270 -0.14021798 -0.13111867 
5.33669923e+01 -0.17041939 -0.15938032 -0.14937270 -0.14021798 -0.13111867 
4.32876128e+01 -0.17041939 -0.15938032 -0.14937270 -0.14021798 -0.13111867 
3.51119173e+01 -0.17041939 -0.15938032 -0.14937270 -0.14021798 -0.13111867 
2.84803587e+01 -0.17041939 -0.15938032 -0.14937270 -0.14021798 -0.13111867 
2.31012970e+01 -0.17041939 -0.15938032 -0.14937270 -0.14021798 -0.13111867 
1.87381742e+01 -0.17041939 -0.15938032 -0.14937270 -0.14021798 -0.13111867 
1.51991108e+01 -0.17041939 -0.15938032 -0.14937270 -0.14021798 -0.13111867 
1.23284674e+01 -0.17041939 -0.15938032 -0.14937270 -0.14021798 -0.13111867 
1.00000000e+01 -0.17041939 -0.15938032 -0.14937270 -0.14021798 -0.13111867 
8.11130831e+00 -0.17041939 -0.15938032 -0.14937270 -0.14021798 -0.13111867 
6.57933225e+00 -0.17041939 -0.15938032 -0.14937270 -0.14021798 -0.13111867 
5.33669923e+00 -0.17041939 -0.15938032 -0.14937270 -0.14021798 -0.13111867 
4.32876128e+00 -0.17041939 -0.15938032 -0.14937270 -0.14021798 -0.13111867 
3.51119173e+00 -0.17041939 -0.15938032 -0.14937270 -0.14021798 -0.13111867 
2.84803587e+00 -0.17041939 -0.15938032 -0.14937270 -0.14021798 -0.13111867 
2.31012970e+00 -0.17041939 -0.15938032 -0.14937270 -0.14021798 -0.13111867 
1.87381742e+00 -0.17041939 -0.15938032 -0.14937270 -0.14021798 -0.13111867 
1.51991108e+00 -0.17041939 -0.15938032 -0.14937270 -0.14021798 -0.13111867 
1.23284674e+00 -0.17041939 -0.15938032 -0.14937270 -0.14021798 -0.13111867 
1.00000000e+00 -0.17041939 -0.15938032 -0.14937270 -0.14021798 -0.13111867 
8.11130831e-01 -0.17041939 -0.15938032 -0.14937270 -0.14021798 -0.13111867 
6.57933225e-01 -0.17041939 -0.15938032 -0.14937270 -0.14021798 -0.13111867 
5.33669923e-01 -0.17041939 -0.15938032 -0.14937270 -0.14021798 -0.13111867 
4.32876128e-01 -0.17041939 -0.15938032 -0.14937270 -0.14021798 -0.13111867 
3.51119173e-01 -0.17041939 -0.15938032 -0.14937270 -0.14021798 -0.13111867 
2.84803587e-01 -0.17041939 -0.15938032 -0.14937270 -0.14021798 -0.13111867 
2.31012970e-01 -0.17041939 -0.15938032 -0.14937270 -0.14021798 -0.13111867 
1.87381742e-01 -0.17041939 -0.15938032 -0.14937270 -0.14021798 -0.13111867 
1.51991108e-01 -0.17041939 -0.15938032 -0.14937270 -0.14021798 -0.13111867 
1.23284674e-01 -0.17041939 -0.15938032 -0.14937270 -0.14021798 -0.13111867 
1.00000000e-01 -0.17041939 -0.15938032 -0.14937270 -0.14021798 -0.13111867 
8.11130831e-02 -0.17041939 -0.15938032 -0.14937270 -0.14021798 -0.13111867 
6.57933225e-02 -0.17041939 -0.15938032 -0.14937270 -0.14021798 -0.13111867 
5.33669923e-02 -0.17041939 -0.15938032 -0.14937270 -0.14021798 -0.13111867 
4.32876128e-02 -0.17041939 -0.15938032 -0.14937270 -0.14021798 -0.13111867 
3.51119173e-02 -0.17041939 -0.15938032 -0.14937270 -0.14021798 -0.13111867 
2.84803587e-02 -0.17041939 -0.15938032 -0.14937270 -0.14021798 -0.13111867 
2.31012970e-02 -0.17041939 -0.15938032 -0.14937270 -0.14021798 -0.13111867 
1.87381742e-02 -0.17041939 -0.15938032 -0.14937270 -0.14021798 -0.13111867 
1.51991108e-02 -0.17041939 -0.15938032 -0.14937270 -0.14021798 -0.13111867 
1.23284674e-02 -0.17041939 -0.15938032 -0.14937270 -0.14021798 -0.13111867 
1.00000000e-02 -0.17041939 -0.15938032 -0.14937270 -0.14021798 -0.13111867 
8.11130831e-03 -0.17041939 -0.15938032 -0.14937270 -0.14021798 -0.13111867 
6.57933225e-03 -0.17041939 -0.15938032 -0.14937270 -0.14021798 -0.13111867 
5.33669923e-03 -0.17041939 -0.15938032 -0.14937270 -0.14021798 -0.13111867 
4.32876128e-03 -0.17041939 -0.15938032 -0.14937270 -0.14021798 -0.13111867 
3.51119173e-03 -0.17041939 -0.15938032 -0.14937270 -0.14021798 -0.13111867 
2.84803587e-03 -0.17041939 -0.15938032 -0.14937270 -0.14021798 -0.13111867 
2.31012970e-03 -0.17041939 -0.15938032 -0.14937270 -0.14021798 -0.13111867 
1.87381742e-03 -0.17041939 -0.15938032 -0.14937270 -0.14021798 -0.13111867 
1.51991108e-03 -0.17041939 -0.15938032 -0.14937270 -0.14021798 -0.13111867 
1.23284674e-03 -0.17041939 -0.15938032 -0.14937270 -0.14021798 -0.13111867 
1.00000000e-03 -0.17041939 -0.15938032 -0.14937270 -0.14021798 -0.13111867 
8.11130831e-04 -0.17041939 -0.15938032 -0.14937270 -0.14021798 -0.13111867 
6.57933225e-04 -0.17041939 -0.15938032 -0.14937270 -0.14021798 -0.13111867 
5.33669923e-04 -0.17041939 -0.15938032 -0.14937270 -0.14021798 -0.13111867 
4.32876128e-04 -0.17041939 -0.15938032 -0.14937270 -0.14021798 -0.13111867 
3.51119173e-04 -0.17041939 -0.15938032 -0.14937270 -0.14021798 -0.13111867 
2.84803587e-04 -0.17041939 -0.15938032 -0.14937270 -0.14021798 -0.13111867 
2.31012970e-04 -0.17041939 -0.15938032 -0.14937270 -0.14021798 -0.13111867 
1.87381742e-04 -0.17041939 -0.15938032 -0.14937270 -0.14021798 -0.13111867 
1.51991108e-04 -0.17041939 -0.15938032 -0.14937270 -0.14021798 -0.13111867 
1.23284674e-04 -0.17041939 -0.15938032 -0.14937270 -0.14021798 -0.13111867 
1.00000000e-04 -0.17041939 -0.15938032 -0.14937270 -0.14021798 -0.13111867 
8.11130831e-05 -0.17041939 -0.15938032 -0.14937270 -0.14021798 -0.13111867 
6.57933225e-05 -0.17041939 -0.15938032 -0.14937270 -0.14021798 -0.13111867 
5.33669923e-05 -0.17041939 -0.15938032 -0.14937270 -0.14021798 -0.13111867 
4.32876128e-05 -0.17041939 -0.15938032 -0.14937270 -0.14021798 -0.13111867 
3.51119173e-05 -0.17041939 -0.15938032 -0.14937270 -0.14021798 -0.13111867 
2.84803587e-05 -0.17041939 -0.15938032 -0.14937270 -0.14021798 -0.13111867 
2.31012970e-05 -0.17041939 -0.15938032 -0.14937270 -0.14021798 -0.13111867 
1.87381742e-05 -0.17041939 -0.15938032 -0.14937270 -0.14021798 -0.13111867 
1.51991108e-05 -0.17041939 -0.15938032 -0.14937270 -0.14021798 -0.13111867 
1.23284674e-05 -0.17041939 -0.15938032 -0.14937270 -0.14021798 -0.13111867 
1.00000000e-05 -0.17041939 -0.15938032 -0.14937270 -0.14021798 -0.13111867 
8.11130831e-06 -0.17041939 -0.15938032 -0.14937270 -0.14021798 -0.13111867 
6.57933225e-06 -0.17041939 -0.15938032 -0.14937270 -0.14021798 -0.13111867 
5.33669923e-06 -0.17041939 -0.15938032 -0.14937270 -0.14021798 -0.13111867 
4.32876128e-06 -0.17041939 -0.15938032 -0.14937270 -0.14021798 -0.13111867 
3.51119173e-06 -0.17041939 -0.15938032 -0.14937270 -0.14021798 -0.13111867 
2.84803587e-06 -0.17041939 -0.15938032 -0.14937270 -0.14021798 -0.13111867 
2.31012970e-06 -0.17041939 -0.15938032 -0.14937270 -0.14021798 -0.13111867 
1.87381742e-06 -0.17041939 -0.15938032 -0.14937270 -0.14021798 -0.13111867 
1.51991108e-06 -0.17041939 -0.15938032 -0.14937270 -0.14021798 -0.13111867 
1.23284674e-06 -0.17041939 -0.15938032 -0.14937270 -0.14021798 -0.13111867 
1.00000000e-06 -0.17041939 -0.15938032 -0.14937270 -0.14021798 -0.13111867 
8.11130831e-07 -0.17041939 -0.15938032 -0.14937270 -0.14021798 -0.13111867 
6.57933225e-07 -0.17041939 -0.15938032 -0.14937270 -0.14021798 -0.13111867 
5.33669923e-07 -0.17041939 -0.15938032 -0.14937270 -0.14021798 -0.13111867 
4.32876128e-07 -0.17041939 -0.15938032 -0.14937270 -0.14021798 -0.13111867 
3.51119173e-07 -0.17041939 -0.15938032 -0.14937270 -0.14021798 -0.13111867 
2.84803587e-07 -0.17041939 -0.15938032 -0.14937270 -0.14021798 -0.13111867 
2.31012970e-07 -0.17041939 -0.15938032 -0.14937270 -0.14021798 -0.13111867 
1.87381742e-07 -0.17041939 -0.15938032 -0.14937270 -0.14021798 -0.13111867 
1.51991108e-07 -0.17041939 -0.15938032 -0.14937270 -0.14021798 -0.13111867 
1.23284674e-07 -0.17041939 -0.15938032 -0.14937270 -0.14021798 -0.13111867 
1.00000000e-07 -0.17041939 -0.15938032 -0.14937270 -0.14021798 -0.13111867 
P (bar) | log_He: -2σ | log_He: -1σ | log_He: median | log_He: +1σ | log_He: +2σ 
1.00000000e+02 -0.93997047 -0.92893140 -0.91892378 -0.90976906 -0.90066975 
8.11130831e+01 -0.93997047 -0.92893140 -0.91892378 -0.90976906 -0.90066975 
6.57933225e+01 -0.93997047 -0.92893140 -0.91892378 -0.90976906 -0.90066975 
5.33669923e+01 -0.93997047 -0.92893140 -0.91892378 -0.90976906 -0.90066975 
4.32876128e+01 -0.93997047 -0.92893140 -0.91892378 -0.90976906 -0.90066975 
3.51119173e+01 -0.93997047 -0.92893140 -0.91892378 -0.90976906 -0.90066975 
2.84803587e+01 -0.93997047 -0.92893140 -0.91892378 -0.90976906 -0.90066975 
2.31012970e+01 -0.93997047 -0.92893140 -0.91892378 -0.90976906 -0.90066975 
1.87381742e+01 -0.93997047 -0.92893140 -0.91892378 -0.90976906 -0.90066975 
1.51991108e+01 -0.93997047 -0.92893140 -0.91892378 -0.90976906 -0.90066975 
1.23284674e+01 -0.93997047 -0.92893140 -0.91892378 -0.90976906 -0.90066975 
1.00000000e+01 -0.93997047 -0.92893140 -0.91892378 -0.90976906 -0.90066975 
8.11130831e+00 -0.93997047 -0.92893140 -0.91892378 -0.90976906 -0.90066975 
6.57933225e+00 -0.93997047 -0.92893140 -0.91892378 -0.90976906 -0.90066975 
5.33669923e+00 -0.93997047 -0.92893140 -0.91892378 -0.90976906 -0.90066975 
4.32876128e+00 -0.93997047 -0.92893140 -0.91892378 -0.90976906 -0.90066975 
3.51119173e+00 -0.93997047 -0.92893140 -0.91892378 -0.90976906 -0.90066975 
2.84803587e+00 -0.93997047 -0.92893140 -0.91892378 -0.90976906 -0.90066975 
2.31012970e+00 -0.93997047 -0.92893140 -0.91892378 -0.90976906 -0.90066975 
1.87381742e+00 -0.93997047 -0.92893140 -0.91892378 -0.90976906 -0.90066975 
1.51991108e+00 -0.93997047 -0.92893140 -0.91892378 -0.90976906 -0.90066975 
1.23284674e+00 -0.93997047 -0.92893140 -0.91892378 -0.90976906 -0.90066975 
1.00000000e+00 -0.93997047 -0.92893140 -0.91892378 -0.90976906 -0.90066975 
8.11130831e-01 -0.93997047 -0.92893140 -0.91892378 -0.90976906 -0.90066975 
6.57933225e-01 -0.93997047 -0.92893140 -0.91892378 -0.90976906 -0.90066975 
5.33669923e-01 -0.93997047 -0.92893140 -0.91892378 -0.90976906 -0.90066975 
4.32876128e-01 -0.93997047 -0.92893140 -0.91892378 -0.90976906 -0.90066975 
3.51119173e-01 -0.93997047 -0.92893140 -0.91892378 -0.90976906 -0.90066975 
2.84803587e-01 -0.93997047 -0.92893140 -0.91892378 -0.90976906 -0.90066975 
2.31012970e-01 -0.93997047 -0.92893140 -0.91892378 -0.90976906 -0.90066975 
1.87381742e-01 -0.93997047 -0.92893140 -0.91892378 -0.90976906 -0.90066975 
1.51991108e-01 -0.93997047 -0.92893140 -0.91892378 -0.90976906 -0.90066975 
1.23284674e-01 -0.93997047 -0.92893140 -0.91892378 -0.90976906 -0.90066975 
1.00000000e-01 -0.93997047 -0.92893140 -0.91892378 -0.90976906 -0.90066975 
8.11130831e-02 -0.93997047 -0.92893140 -0.91892378 -0.90976906 -0.90066975 
6.57933225e-02 -0.93997047 -0.92893140 -0.91892378 -0.90976906 -0.90066975 
5.33669923e-02 -0.93997047 -0.92893140 -0.91892378 -0.90976906 -0.90066975 
4.32876128e-02 -0.93997047 -0.92893140 -0.91892378 -0.90976906 -0.90066975 
3.51119173e-02 -0.93997047 -0.92893140 -0.91892378 -0.90976906 -0.90066975 
2.84803587e-02 -0.93997047 -0.92893140 -0.91892378 -0.90976906 -0.90066975 
2.31012970e-02 -0.93997047 -0.92893140 -0.91892378 -0.90976906 -0.90066975 
1.87381742e-02 -0.93997047 -0.92893140 -0.91892378 -0.90976906 -0.90066975 
1.51991108e-02 -0.93997047 -0.92893140 -0.91892378 -0.90976906 -0.90066975 
1.23284674e-02 -0.93997047 -0.92893140 -0.91892378 -0.90976906 -0.90066975 
1.00000000e-02 -0.93997047 -0.92893140 -0.91892378 -0.90976906 -0.90066975 
8.11130831e-03 -0.93997047 -0.92893140 -0.91892378 -0.90976906 -0.90066975 
6.57933225e-03 -0.93997047 -0.92893140 -0.91892378 -0.90976906 -0.90066975 
5.33669923e-03 -0.93997047 -0.92893140 -0.91892378 -0.90976906 -0.90066975 
4.32876128e-03 -0.93997047 -0.92893140 -0.91892378 -0.90976906 -0.90066975 
3.51119173e-03 -0.93997047 -0.92893140 -0.91892378 -0.90976906 -0.90066975 
2.84803587e-03 -0.93997047 -0.92893140 -0.91892378 -0.90976906 -0.90066975 
2.31012970e-03 -0.93997047 -0.92893140 -0.91892378 -0.90976906 -0.90066975 
1.87381742e-03 -0.93997047 -0.92893140 -0.91892378 -0.90976906 -0.90066975 
1.51991108e-03 -0.93997047 -0.92893140 -0.91892378 -0.90976906 -0.90066975 
1.23284674e-03 -0.93997047 -0.92893140 -0.91892378 -0.90976906 -0.90066975 
1.00000000e-03 -0.93997047 -0.92893140 -0.91892378 -0.90976906 -0.90066975 
8.11130831e-04 -0.93997047 -0.92893140 -0.91892378 -0.90976906 -0.90066975 
6.57933225e-04 -0.93997047 -0.92893140 -0.91892378 -0.90976906 -0.90066975 
5.33669923e-04 -0.93997047 -0.92893140 -0.91892378 -0.90976906 -0.90066975 
4.32876128e-04 -0.93997047 -0.92893140 -0.91892378 -0.90976906 -0.90066975 
3.51119173e-04 -0.93997047 -0.92893140 -0.91892378 -0.90976906 -0.90066975 
2.84803587e-04 -0.93997047 -0.92893140 -0.91892378 -0.90976906 -0.90066975 
2.31012970e-04 -0.93997047 -0.92893140 -0.91892378 -0.90976906 -0.90066975 
1.87381742e-04 -0.93997047 -0.92893140 -0.91892378 -0.90976906 -0.90066975 
1.51991108e-04 -0.93997047 -0.92893140 -0.91892378 -0.90976906 -0.90066975 
1.23284674e-04 -0.93997047 -0.92893140 -0.91892378 -0.90976906 -0.90066975 
1.00000000e-04 -0.93997047 -0.92893140 -0.91892378 -0.90976906 -0.90066975 
8.11130831e-05 -0.93997047 -0.92893140 -0.91892378 -0.90976906 -0.90066975 
6.57933225e-05 -0.93997047 -0.92893140 -0.91892378 -0.90976906 -0.90066975 
5.33669923e-05 -0.93997047 -0.92893140 -0.91892378 -0.90976906 -0.90066975 
4.32876128e-05 -0.93997047 -0.92893140 -0.91892378 -0.90976906 -0.90066975 
3.51119173e-05 -0.93997047 -0.92893140 -0.91892378 -0.90976906 -0.90066975 
2.84803587e-05 -0.93997047 -0.92893140 -0.91892378 -0.90976906 -0.90066975 
2.31012970e-05 -0.93997047 -0.92893140 -0.91892378 -0.90976906 -0.90066975 
1.87381742e-05 -0.93997047 -0.92893140 -0.91892378 -0.90976906 -0.90066975 
1.51991108e-05 -0.93997047 -0.92893140 -0.91892378 -0.90976906 -0.90066975 
1.23284674e-05 -0.93997047 -0.92893140 -0.91892378 -0.90976906 -0.90066975 
1.00000000e-05 -0.93997047 -0.92893140 -0.91892378 -0.90976906 -0.90066975 
8.11130831e-06 -0.93997047 -0.92893140 -0.91892378 -0.90976906 -0.90066975 
6.57933225e-06 -0.93997047 -0.92893140 -0.91892378 -0.90976906 -0.90066975 
5.33669923e-06 -0.93997047 -0.92893140 -0.91892378 -0.90976906 -0.90066975 
4.32876128e-06 -0.93997047 -0.92893140 -0.91892378 -0.90976906 -0.90066975 
3.51119173e-06 -0.93997047 -0.92893140 -0.91892378 -0.90976906 -0.90066975 
2.84803587e-06 -0.93997047 -0.92893140 -0.91892378 -0.90976906 -0.90066975 
2.31012970e-06 -0.93997047 -0.92893140 -0.91892378 -0.90976906 -0.90066975 
1.87381742e-06 -0.93997047 -0.92893140 -0.91892378 -0.90976906 -0.90066975 
1.51991108e-06 -0.93997047 -0.92893140 -0.91892378 -0.90976906 -0.90066975 
1.23284674e-06 -0.93997047 -0.92893140 -0.91892378 -0.90976906 -0.90066975 
1.00000000e-06 -0.93997047 -0.92893140 -0.91892378 -0.90976906 -0.90066975 
8.11130831e-07 -0.93997047 -0.92893140 -0.91892378 -0.90976906 -0.90066975 
6.57933225e-07 -0.93997047 -0.92893140 -0.91892378 -0.90976906 -0.90066975 
5.33669923e-07 -0.93997047 -0.92893140 -0.91892378 -0.90976906 -0.90066975 
4.32876128e-07 -0.93997047 -0.92893140 -0.91892378 -0.90976906 -0.90066975 
3.51119173e-07 -0.93997047 -0.92893140 -0.91892378 -0.90976906 -0.90066975 
2.84803587e-07 -0.93997047 -0.92893140 -0.91892378 -0.90976906 -0.90066975 
2.31012970e-07 -0.93997047 -0.92893140 -0.91892378 -0.90976906 -0.90066975 
1.87381742e-07 -0.93997047 -0.92893140 -0.91892378 -0.90976906 -0.90066975 
1.51991108e-07 -0.93997047 -0.92893140 -0.91892378 -0.90976906 -0.90066975 
1.23284674e-07 -0.93997047 -0.92893140 -0.91892378 -0.90976906 -0.90066975 
1.00000000e-07 -0.93997047 -0.92893140 -0.91892378 -0.90976906 -0.90066975 
P (bar) | log_H2O: -2σ | log_H2O: -1σ | log_H2O: median | log_H2O: +1σ | log_H2O: +2σ 
1.00000000e+02 -0.88354649 -0.83135120 -0.78470045 -0.73918739 -0.69400154 
8.11130831e+01 -0.88354649 -0.83135120 -0.78470045 -0.73918739 -0.69400154 
6.57933225e+01 -0.88354649 -0.83135120 -0.78470045 -0.73918739 -0.69400154 
5.33669923e+01 -0.88354649 -0.83135120 -0.78470045 -0.73918739 -0.69400154 
4.32876128e+01 -0.88354649 -0.83135120 -0.78470045 -0.73918739 -0.69400154 
3.51119173e+01 -0.88354649 -0.83135120 -0.78470045 -0.73918739 -0.69400154 
2.84803587e+01 -0.88354649 -0.83135120 -0.78470045 -0.73918739 -0.69400154 
2.31012970e+01 -0.88354649 -0.83135120 -0.78470045 -0.73918739 -0.69400154 
1.87381742e+01 -0.88354649 -0.83135120 -0.78470045 -0.73918739 -0.69400154 
1.51991108e+01 -0.88354649 -0.83135120 -0.78470045 -0.73918739 -0.69400154 
1.23284674e+01 -0.88354649 -0.83135120 -0.78470045 -0.73918739 -0.69400154 
1.00000000e+01 -0.88354649 -0.83135120 -0.78470045 -0.73918739 -0.69400154 
8.11130831e+00 -0.88354649 -0.83135120 -0.78470045 -0.73918739 -0.69400154 
6.57933225e+00 -0.88354649 -0.83135120 -0.78470045 -0.73918739 -0.69400154 
5.33669923e+00 -0.88354649 -0.83135120 -0.78470045 -0.73918739 -0.69400154 
4.32876128e+00 -0.88354649 -0.83135120 -0.78470045 -0.73918739 -0.69400154 
3.51119173e+00 -0.88354649 -0.83135120 -0.78470045 -0.73918739 -0.69400154 
2.84803587e+00 -0.88354649 -0.83135120 -0.78470045 -0.73918739 -0.69400154 
2.31012970e+00 -0.88354649 -0.83135120 -0.78470045 -0.73918739 -0.69400154 
1.87381742e+00 -0.88354649 -0.83135120 -0.78470045 -0.73918739 -0.69400154 
1.51991108e+00 -0.88354649 -0.83135120 -0.78470045 -0.73918739 -0.69400154 
1.23284674e+00 -0.88354649 -0.83135120 -0.78470045 -0.73918739 -0.69400154 
1.00000000e+00 -0.88354649 -0.83135120 -0.78470045 -0.73918739 -0.69400154 
8.11130831e-01 -0.88354649 -0.83135120 -0.78470045 -0.73918739 -0.69400154 
6.57933225e-01 -0.88354649 -0.83135120 -0.78470045 -0.73918739 -0.69400154 
5.33669923e-01 -0.88354649 -0.83135120 -0.78470045 -0.73918739 -0.69400154 
4.32876128e-01 -0.88354649 -0.83135120 -0.78470045 -0.73918739 -0.69400154 
3.51119173e-01 -0.88354649 -0.83135120 -0.78470045 -0.73918739 -0.69400154 
2.84803587e-01 -0.88354649 -0.83135120 -0.78470045 -0.73918739 -0.69400154 
2.31012970e-01 -0.88354649 -0.83135120 -0.78470045 -0.73918739 -0.69400154 
1.87381742e-01 -0.88354649 -0.83135120 -0.78470045 -0.73918739 -0.69400154 
1.51991108e-01 -0.88354649 -0.83135120 -0.78470045 -0.73918739 -0.69400154 
1.23284674e-01 -0.88354649 -0.83135120 -0.78470045 -0.73918739 -0.69400154 
1.00000000e-01 -0.88354649 -0.83135120 -0.78470045 -0.73918739 -0.69400154 
8.11130831e-02 -0.88354649 -0.83135120 -0.78470045 -0.73918739 -0.69400154 
6.57933225e-02 -0.88354649 -0.83135120 -0.78470045 -0.73918739 -0.69400154 
5.33669923e-02 -0.88354649 -0.83135120 -0.78470045 -0.73918739 -0.69400154 
4.32876128e-02 -0.88354649 -0.83135120 -0.78470045 -0.73918739 -0.69400154 
3.51119173e-02 -0.88354649 -0.83135120 -0.78470045 -0.73918739 -0.69400154 
2.84803587e-02 -0.88354649 -0.83135120 -0.78470045 -0.73918739 -0.69400154 
2.31012970e-02 -0.88354649 -0.83135120 -0.78470045 -0.73918739 -0.69400154 
1.87381742e-02 -0.88354649 -0.83135120 -0.78470045 -0.73918739 -0.69400154 
1.51991108e-02 -0.88354649 -0.83135120 -0.78470045 -0.73918739 -0.69400154 
1.23284674e-02 -0.88354649 -0.83135120 -0.78470045 -0.73918739 -0.69400154 
1.00000000e-02 -0.88354649 -0.83135120 -0.78470045 -0.73918739 -0.69400154 
8.11130831e-03 -0.88354649 -0.83135120 -0.78470045 -0.73918739 -0.69400154 
6.57933225e-03 -0.88354649 -0.83135120 -0.78470045 -0.73918739 -0.69400154 
5.33669923e-03 -0.88354649 -0.83135120 -0.78470045 -0.73918739 -0.69400154 
4.32876128e-03 -0.88354649 -0.83135120 -0.78470045 -0.73918739 -0.69400154 
3.51119173e-03 -0.88354649 -0.83135120 -0.78470045 -0.73918739 -0.69400154 
2.84803587e-03 -0.88354649 -0.83135120 -0.78470045 -0.73918739 -0.69400154 
2.31012970e-03 -0.88354649 -0.83135120 -0.78470045 -0.73918739 -0.69400154 
1.87381742e-03 -0.88354649 -0.83135120 -0.78470045 -0.73918739 -0.69400154 
1.51991108e-03 -0.88354649 -0.83135120 -0.78470045 -0.73918739 -0.69400154 
1.23284674e-03 -0.88354649 -0.83135120 -0.78470045 -0.73918739 -0.69400154 
1.00000000e-03 -0.88354649 -0.83135120 -0.78470045 -0.73918739 -0.69400154 
8.11130831e-04 -0.88354649 -0.83135120 -0.78470045 -0.73918739 -0.69400154 
6.57933225e-04 -0.88354649 -0.83135120 -0.78470045 -0.73918739 -0.69400154 
5.33669923e-04 -0.88354649 -0.83135120 -0.78470045 -0.73918739 -0.69400154 
4.32876128e-04 -0.88354649 -0.83135120 -0.78470045 -0.73918739 -0.69400154 
3.51119173e-04 -0.88354649 -0.83135120 -0.78470045 -0.73918739 -0.69400154 
2.84803587e-04 -0.88354649 -0.83135120 -0.78470045 -0.73918739 -0.69400154 
2.31012970e-04 -0.88354649 -0.83135120 -0.78470045 -0.73918739 -0.69400154 
1.87381742e-04 -0.88354649 -0.83135120 -0.78470045 -0.73918739 -0.69400154 
1.51991108e-04 -0.88354649 -0.83135120 -0.78470045 -0.73918739 -0.69400154 
1.23284674e-04 -0.88354649 -0.83135120 -0.78470045 -0.73918739 -0.69400154 
1.00000000e-04 -0.88354649 -0.83135120 -0.78470045 -0.73918739 -0.69400154 
8.11130831e-05 -0.88354649 -0.83135120 -0.78470045 -0.73918739 -0.69400154 
6.57933225e-05 -0.88354649 -0.83135120 -0.78470045 -0.73918739 -0.69400154 
5.33669923e-05 -0.88354649 -0.83135120 -0.78470045 -0.73918739 -0.69400154 
4.32876128e-05 -0.88354649 -0.83135120 -0.78470045 -0.73918739 -0.69400154 
3.51119173e-05 -0.88354649 -0.83135120 -0.78470045 -0.73918739 -0.69400154 
2.84803587e-05 -0.88354649 -0.83135120 -0.78470045 -0.73918739 -0.69400154 
2.31012970e-05 -0.88354649 -0.83135120 -0.78470045 -0.73918739 -0.69400154 
1.87381742e-05 -0.88354649 -0.83135120 -0.78470045 -0.73918739 -0.69400154 
1.51991108e-05 -0.88354649 -0.83135120 -0.78470045 -0.73918739 -0.69400154 
1.23284674e-05 -0.88354649 -0.83135120 -0.78470045 -0.73918739 -0.69400154 
1.00000000e-05 -0.88354649 -0.83135120 -0.78470045 -0.73918739 -0.69400154 
8.11130831e-06 -0.88354649 -0.83135120 -0.78470045 -0.73918739 -0.69400154 
6.57933225e-06 -0.88354649 -0.83135120 -0.78470045 -0.73918739 -0.69400154 
5.33669923e-06 -0.88354649 -0.83135120 -0.78470045 -0.73918739 -0.69400154 
4.32876128e-06 -0.88354649 -0.83135120 -0.78470045 -0.73918739 -0.69400154 
3.51119173e-06 -0.88354649 -0.83135120 -0.78470045 -0.73918739 -0.69400154 
2.84803587e-06 -0.88354649 -0.83135120 -0.78470045 -0.73918739 -0.69400154 
2.31012970e-06 -0.88354649 -0.83135120 -0.78470045 -0.73918739 -0.69400154 
1.87381742e-06 -0.88354649 -0.83135120 -0.78470045 -0.73918739 -0.69400154 
1.51991108e-06 -0.88354649 -0.83135120 -0.78470045 -0.73918739 -0.69400154 
1.23284674e-06 -0.88354649 -0.83135120 -0.78470045 -0.73918739 -0.69400154 
1.00000000e-06 -0.88354649 -0.83135120 -0.78470045 -0.73918739 -0.69400154 
8.11130831e-07 -0.88354649 -0.83135120 -0.78470045 -0.73918739 -0.69400154 
6.57933225e-07 -0.88354649 -0.83135120 -0.78470045 -0.73918739 -0.69400154 
5.33669923e-07 -0.88354649 -0.83135120 -0.78470045 -0.73918739 -0.69400154 
4.32876128e-07 -0.88354649 -0.83135120 -0.78470045 -0.73918739 -0.69400154 
3.51119173e-07 -0.88354649 -0.83135120 -0.78470045 -0.73918739 -0.69400154 
2.84803587e-07 -0.88354649 -0.83135120 -0.78470045 -0.73918739 -0.69400154 
2.31012970e-07 -0.88354649 -0.83135120 -0.78470045 -0.73918739 -0.69400154 
1.87381742e-07 -0.88354649 -0.83135120 -0.78470045 -0.73918739 -0.69400154 
1.51991108e-07 -0.88354649 -0.83135120 -0.78470045 -0.73918739 -0.69400154 
1.23284674e-07 -0.88354649 -0.83135120 -0.78470045 -0.73918739 -0.69400154 
1.00000000e-07 -0.88354649 -0.83135120 -0.78470045 -0.73918739 -0.69400154 
P (bar) | log_CO2: -2σ | log_CO2: -1σ | log_CO2: median | log_CO2: +1σ | log_CO2: +2σ 
1.00000000e+02 -3.66862385 -3.59852643 -3.51298113 -3.42469638 -3.33206857 
8.11130831e+01 -3.66862385 -3.59852643 -3.51298113 -3.42469638 -3.33206857 
6.57933225e+01 -3.66862385 -3.59852643 -3.51298113 -3.42469638 -3.33206857 
5.33669923e+01 -3.66862385 -3.59852643 -3.51298113 -3.42469638 -3.33206857 
4.32876128e+01 -3.66862385 -3.59852643 -3.51298113 -3.42469638 -3.33206857 
3.51119173e+01 -3.66862385 -3.59852643 -3.51298113 -3.42469638 -3.33206857 
2.84803587e+01 -3.66862385 -3.59852643 -3.51298113 -3.42469638 -3.33206857 
2.31012970e+01 -3.66862385 -3.59852643 -3.51298113 -3.42469638 -3.33206857 
1.87381742e+01 -3.66862385 -3.59852643 -3.51298113 -3.42469638 -3.33206857 
1.51991108e+01 -3.66862385 -3.59852643 -3.51298113 -3.42469638 -3.33206857 
1.23284674e+01 -3.66862385 -3.59852643 -3.51298113 -3.42469638 -3.33206857 
1.00000000e+01 -3.66862385 -3.59852643 -3.51298113 -3.42469638 -3.33206857 
8.11130831e+00 -3.66862385 -3.59852643 -3.51298113 -3.42469638 -3.33206857 
6.57933225e+00 -3.66862385 -3.59852643 -3.51298113 -3.42469638 -3.33206857 
5.33669923e+00 -3.66862385 -3.59852643 -3.51298113 -3.42469638 -3.33206857 
4.32876128e+00 -3.66862385 -3.59852643 -3.51298113 -3.42469638 -3.33206857 
3.51119173e+00 -3.66862385 -3.59852643 -3.51298113 -3.42469638 -3.33206857 
2.84803587e+00 -3.66862385 -3.59852643 -3.51298113 -3.42469638 -3.33206857 
2.31012970e+00 -3.66862385 -3.59852643 -3.51298113 -3.42469638 -3.33206857 
1.87381742e+00 -3.66862385 -3.59852643 -3.51298113 -3.42469638 -3.33206857 
1.51991108e+00 -3.66862385 -3.59852643 -3.51298113 -3.42469638 -3.33206857 
1.23284674e+00 -3.66862385 -3.59852643 -3.51298113 -3.42469638 -3.33206857 
1.00000000e+00 -3.66862385 -3.59852643 -3.51298113 -3.42469638 -3.33206857 
8.11130831e-01 -3.66862385 -3.59852643 -3.51298113 -3.42469638 -3.33206857 
6.57933225e-01 -3.66862385 -3.59852643 -3.51298113 -3.42469638 -3.33206857 
5.33669923e-01 -3.66862385 -3.59852643 -3.51298113 -3.42469638 -3.33206857 
4.32876128e-01 -3.66862385 -3.59852643 -3.51298113 -3.42469638 -3.33206857 
3.51119173e-01 -3.66862385 -3.59852643 -3.51298113 -3.42469638 -3.33206857 
2.84803587e-01 -3.66862385 -3.59852643 -3.51298113 -3.42469638 -3.33206857 
2.31012970e-01 -3.66862385 -3.59852643 -3.51298113 -3.42469638 -3.33206857 
1.87381742e-01 -3.66862385 -3.59852643 -3.51298113 -3.42469638 -3.33206857 
1.51991108e-01 -3.66862385 -3.59852643 -3.51298113 -3.42469638 -3.33206857 
1.23284674e-01 -3.66862385 -3.59852643 -3.51298113 -3.42469638 -3.33206857 
1.00000000e-01 -3.66862385 -3.59852643 -3.51298113 -3.42469638 -3.33206857 
8.11130831e-02 -3.66862385 -3.59852643 -3.51298113 -3.42469638 -3.33206857 
6.57933225e-02 -3.66862385 -3.59852643 -3.51298113 -3.42469638 -3.33206857 
5.33669923e-02 -3.66862385 -3.59852643 -3.51298113 -3.42469638 -3.33206857 
4.32876128e-02 -3.66862385 -3.59852643 -3.51298113 -3.42469638 -3.33206857 
3.51119173e-02 -3.66862385 -3.59852643 -3.51298113 -3.42469638 -3.33206857 
2.84803587e-02 -3.66862385 -3.59852643 -3.51298113 -3.42469638 -3.33206857 
2.31012970e-02 -3.66862385 -3.59852643 -3.51298113 -3.42469638 -3.33206857 
1.87381742e-02 -3.66862385 -3.59852643 -3.51298113 -3.42469638 -3.33206857 
1.51991108e-02 -3.66862385 -3.59852643 -3.51298113 -3.42469638 -3.33206857 
1.23284674e-02 -3.66862385 -3.59852643 -3.51298113 -3.42469638 -3.33206857 
1.00000000e-02 -3.66862385 -3.59852643 -3.51298113 -3.42469638 -3.33206857 
8.11130831e-03 -3.66862385 -3.59852643 -3.51298113 -3.42469638 -3.33206857 
6.57933225e-03 -3.66862385 -3.59852643 -3.51298113 -3.42469638 -3.33206857 
5.33669923e-03 -3.66862385 -3.59852643 -3.51298113 -3.42469638 -3.33206857 
4.32876128e-03 -3.66862385 -3.59852643 -3.51298113 -3.42469638 -3.33206857 
3.51119173e-03 -3.66862385 -3.59852643 -3.51298113 -3.42469638 -3.33206857 
2.84803587e-03 -3.66862385 -3.59852643 -3.51298113 -3.42469638 -3.33206857 
2.31012970e-03 -3.66862385 -3.59852643 -3.51298113 -3.42469638 -3.33206857 
1.87381742e-03 -3.66862385 -3.59852643 -3.51298113 -3.42469638 -3.33206857 
1.51991108e-03 -3.66862385 -3.59852643 -3.51298113 -3.42469638 -3.33206857 
1.23284674e-03 -3.66862385 -3.59852643 -3.51298113 -3.42469638 -3.33206857 
1.00000000e-03 -3.66862385 -3.59852643 -3.51298113 -3.42469638 -3.33206857 
8.11130831e-04 -3.66862385 -3.59852643 -3.51298113 -3.42469638 -3.33206857 
6.57933225e-04 -3.66862385 -3.59852643 -3.51298113 -3.42469638 -3.33206857 
5.33669923e-04 -3.66862385 -3.59852643 -3.51298113 -3.42469638 -3.33206857 
4.32876128e-04 -3.66862385 -3.59852643 -3.51298113 -3.42469638 -3.33206857 
3.51119173e-04 -3.66862385 -3.59852643 -3.51298113 -3.42469638 -3.33206857 
2.84803587e-04 -3.66862385 -3.59852643 -3.51298113 -3.42469638 -3.33206857 
2.31012970e-04 -3.66862385 -3.59852643 -3.51298113 -3.42469638 -3.33206857 
1.87381742e-04 -3.66862385 -3.59852643 -3.51298113 -3.42469638 -3.33206857 
1.51991108e-04 -3.66862385 -3.59852643 -3.51298113 -3.42469638 -3.33206857 
1.23284674e-04 -3.66862385 -3.59852643 -3.51298113 -3.42469638 -3.33206857 
1.00000000e-04 -3.66862385 -3.59852643 -3.51298113 -3.42469638 -3.33206857 
8.11130831e-05 -3.66862385 -3.59852643 -3.51298113 -3.42469638 -3.33206857 
6.57933225e-05 -3.66862385 -3.59852643 -3.51298113 -3.42469638 -3.33206857 
5.33669923e-05 -3.66862385 -3.59852643 -3.51298113 -3.42469638 -3.33206857 
4.32876128e-05 -3.66862385 -3.59852643 -3.51298113 -3.42469638 -3.33206857 
3.51119173e-05 -3.66862385 -3.59852643 -3.51298113 -3.42469638 -3.33206857 
2.84803587e-05 -3.66862385 -3.59852643 -3.51298113 -3.42469638 -3.33206857 
2.31012970e-05 -3.66862385 -3.59852643 -3.51298113 -3.42469638 -3.33206857 
1.87381742e-05 -3.66862385 -3.59852643 -3.51298113 -3.42469638 -3.33206857 
1.51991108e-05 -3.66862385 -3.59852643 -3.51298113 -3.42469638 -3.33206857 
1.23284674e-05 -3.66862385 -3.59852643 -3.51298113 -3.42469638 -3.33206857 
1.00000000e-05 -3.66862385 -3.59852643 -3.51298113 -3.42469638 -3.33206857 
8.11130831e-06 -3.66862385 -3.59852643 -3.51298113 -3.42469638 -3.33206857 
6.57933225e-06 -3.66862385 -3.59852643 -3.51298113 -3.42469638 -3.33206857 
5.33669923e-06 -3.66862385 -3.59852643 -3.51298113 -3.42469638 -3.33206857 
4.32876128e-06 -3.66862385 -3.59852643 -3.51298113 -3.42469638 -3.33206857 
3.51119173e-06 -3.66862385 -3.59852643 -3.51298113 -3.42469638 -3.33206857 
2.84803587e-06 -3.66862385 -3.59852643 -3.51298113 -3.42469638 -3.33206857 
2.31012970e-06 -3.66862385 -3.59852643 -3.51298113 -3.42469638 -3.33206857 
1.87381742e-06 -3.66862385 -3.59852643 -3.51298113 -3.42469638 -3.33206857 
1.51991108e-06 -3.66862385 -3.59852643 -3.51298113 -3.42469638 -3.33206857 
1.23284674e-06 -3.66862385 -3.59852643 -3.51298113 -3.42469638 -3.33206857 
1.00000000e-06 -3.66862385 -3.59852643 -3.51298113 -3.42469638 -3.33206857 
8.11130831e-07 -3.66862385 -3.59852643 -3.51298113 -3.42469638 -3.33206857 
6.57933225e-07 -3.66862385 -3.59852643 -3.51298113 -3.42469638 -3.33206857 
5.33669923e-07 -3.66862385 -3.59852643 -3.51298113 -3.42469638 -3.33206857 
4.32876128e-07 -3.66862385 -3.59852643 -3.51298113 -3.42469638 -3.33206857 
3.51119173e-07 -3.66862385 -3.59852643 -3.51298113 -3.42469638 -3.33206857 
2.84803587e-07 -3.66862385 -3.59852643 -3.51298113 -3.42469638 -3.33206857 
2.31012970e-07 -3.66862385 -3.59852643 -3.51298113 -3.42469638 -3.33206857 
1.87381742e-07 -3.66862385 -3.59852643 -3.51298113 -3.42469638 -3.33206857 
1.51991108e-07 -3.66862385 -3.59852643 -3.51298113 -3.42469638 -3.33206857 
1.23284674e-07 -3.66862385 -3.59852643 -3.51298113 -3.42469638 -3.33206857 
1.00000000e-07 -3.66862385 -3.59852643 -3.51298113 -3.42469638 -3.33206857 
P (bar) | log_SO2: -2σ | log_SO2: -1σ | log_SO2: median | log_SO2: +1σ | log_SO2: +2σ 
1.00000000e+02 -4.33884528 -4.21254712 -4.12271073 -4.04022827 -3.93314648 
8.11130831e+01 -4.33884528 -4.21254712 -4.12271073 -4.04022827 -3.93314648 
6.57933225e+01 -4.33884528 -4.21254712 -4.12271073 -4.04022827 -3.93314648 
5.33669923e+01 -4.33884528 -4.21254712 -4.12271073 -4.04022827 -3.93314648 
4.32876128e+01 -4.33884528 -4.21254712 -4.12271073 -4.04022827 -3.93314648 
3.51119173e+01 -4.33884528 -4.21254712 -4.12271073 -4.04022827 -3.93314648 
2.84803587e+01 -4.33884528 -4.21254712 -4.12271073 -4.04022827 -3.93314648 
2.31012970e+01 -4.33884528 -4.21254712 -4.12271073 -4.04022827 -3.93314648 
1.87381742e+01 -4.33884528 -4.21254712 -4.12271073 -4.04022827 -3.93314648 
1.51991108e+01 -4.33884528 -4.21254712 -4.12271073 -4.04022827 -3.93314648 
1.23284674e+01 -4.33884528 -4.21254712 -4.12271073 -4.04022827 -3.93314648 
1.00000000e+01 -4.33884528 -4.21254712 -4.12271073 -4.04022827 -3.93314648 
8.11130831e+00 -4.33884528 -4.21254712 -4.12271073 -4.04022827 -3.93314648 
6.57933225e+00 -4.33884528 -4.21254712 -4.12271073 -4.04022827 -3.93314648 
5.33669923e+00 -4.33884528 -4.21254712 -4.12271073 -4.04022827 -3.93314648 
4.32876128e+00 -4.33884528 -4.21254712 -4.12271073 -4.04022827 -3.93314648 
3.51119173e+00 -4.33884528 -4.21254712 -4.12271073 -4.04022827 -3.93314648 
2.84803587e+00 -4.33884528 -4.21254712 -4.12271073 -4.04022827 -3.93314648 
2.31012970e+00 -4.33884528 -4.21254712 -4.12271073 -4.04022827 -3.93314648 
1.87381742e+00 -4.33884528 -4.21254712 -4.12271073 -4.04022827 -3.93314648 
1.51991108e+00 -4.33884528 -4.21254712 -4.12271073 -4.04022827 -3.93314648 
1.23284674e+00 -4.33884528 -4.21254712 -4.12271073 -4.04022827 -3.93314648 
1.00000000e+00 -4.33884528 -4.21254712 -4.12271073 -4.04022827 -3.93314648 
8.11130831e-01 -4.33884528 -4.21254712 -4.12271073 -4.04022827 -3.93314648 
6.57933225e-01 -4.33884528 -4.21254712 -4.12271073 -4.04022827 -3.93314648 
5.33669923e-01 -4.33884528 -4.21254712 -4.12271073 -4.04022827 -3.93314648 
4.32876128e-01 -4.33884528 -4.21254712 -4.12271073 -4.04022827 -3.93314648 
3.51119173e-01 -4.33884528 -4.21254712 -4.12271073 -4.04022827 -3.93314648 
2.84803587e-01 -4.33884528 -4.21254712 -4.12271073 -4.04022827 -3.93314648 
2.31012970e-01 -4.33884528 -4.21254712 -4.12271073 -4.04022827 -3.93314648 
1.87381742e-01 -4.33884528 -4.21254712 -4.12271073 -4.04022827 -3.93314648 
1.51991108e-01 -4.33884528 -4.21254712 -4.12271073 -4.04022827 -3.93314648 
1.23284674e-01 -4.33884528 -4.21254712 -4.12271073 -4.04022827 -3.93314648 
1.00000000e-01 -4.33884528 -4.21254712 -4.12271073 -4.04022827 -3.93314648 
8.11130831e-02 -4.33884528 -4.21254712 -4.12271073 -4.04022827 -3.93314648 
6.57933225e-02 -4.33884528 -4.21254712 -4.12271073 -4.04022827 -3.93314648 
5.33669923e-02 -4.33884528 -4.21254712 -4.12271073 -4.04022827 -3.93314648 
4.32876128e-02 -4.33884528 -4.21254712 -4.12271073 -4.04022827 -3.93314648 
3.51119173e-02 -4.33884528 -4.21254712 -4.12271073 -4.04022827 -3.93314648 
2.84803587e-02 -4.33884528 -4.21254712 -4.12271073 -4.04022827 -3.93314648 
2.31012970e-02 -4.33884528 -4.21254712 -4.12271073 -4.04022827 -3.93314648 
1.87381742e-02 -4.33884528 -4.21254712 -4.12271073 -4.04022827 -3.93314648 
1.51991108e-02 -4.33884528 -4.21254712 -4.12271073 -4.04022827 -3.93314648 
1.23284674e-02 -4.33884528 -4.21254712 -4.12271073 -4.04022827 -3.93314648 
1.00000000e-02 -4.33884528 -4.21254712 -4.12271073 -4.04022827 -3.93314648 
8.11130831e-03 -4.33884528 -4.21254712 -4.12271073 -4.04022827 -3.93314648 
6.57933225e-03 -4.33884528 -4.21254712 -4.12271073 -4.04022827 -3.93314648 
5.33669923e-03 -4.33884528 -4.21254712 -4.12271073 -4.04022827 -3.93314648 
4.32876128e-03 -4.33884528 -4.21254712 -4.12271073 -4.04022827 -3.93314648 
3.51119173e-03 -4.33884528 -4.21254712 -4.12271073 -4.04022827 -3.93314648 
2.84803587e-03 -4.33884528 -4.21254712 -4.12271073 -4.04022827 -3.93314648 
2.31012970e-03 -4.33884528 -4.21254712 -4.12271073 -4.04022827 -3.93314648 
1.87381742e-03 -4.33884528 -4.21254712 -4.12271073 -4.04022827 -3.93314648 
1.51991108e-03 -4.33884528 -4.21254712 -4.12271073 -4.04022827 -3.93314648 
1.23284674e-03 -4.33884528 -4.21254712 -4.12271073 -4.04022827 -3.93314648 
1.00000000e-03 -4.33884528 -4.21254712 -4.12271073 -4.04022827 -3.93314648 
8.11130831e-04 -4.33884528 -4.21254712 -4.12271073 -4.04022827 -3.93314648 
6.57933225e-04 -4.33884528 -4.21254712 -4.12271073 -4.04022827 -3.93314648 
5.33669923e-04 -4.33884528 -4.21254712 -4.12271073 -4.04022827 -3.93314648 
4.32876128e-04 -4.33884528 -4.21254712 -4.12271073 -4.04022827 -3.93314648 
3.51119173e-04 -4.33884528 -4.21254712 -4.12271073 -4.04022827 -3.93314648 
2.84803587e-04 -4.33884528 -4.21254712 -4.12271073 -4.04022827 -3.93314648 
2.31012970e-04 -4.33884528 -4.21254712 -4.12271073 -4.04022827 -3.93314648 
1.87381742e-04 -4.33884528 -4.21254712 -4.12271073 -4.04022827 -3.93314648 
1.51991108e-04 -4.33884528 -4.21254712 -4.12271073 -4.04022827 -3.93314648 
1.23284674e-04 -4.33884528 -4.21254712 -4.12271073 -4.04022827 -3.93314648 
1.00000000e-04 -4.33884528 -4.21254712 -4.12271073 -4.04022827 -3.93314648 
8.11130831e-05 -4.33884528 -4.21254712 -4.12271073 -4.04022827 -3.93314648 
6.57933225e-05 -4.33884528 -4.21254712 -4.12271073 -4.04022827 -3.93314648 
5.33669923e-05 -4.33884528 -4.21254712 -4.12271073 -4.04022827 -3.93314648 
4.32876128e-05 -4.33884528 -4.21254712 -4.12271073 -4.04022827 -3.93314648 
3.51119173e-05 -4.33884528 -4.21254712 -4.12271073 -4.04022827 -3.93314648 
2.84803587e-05 -4.33884528 -4.21254712 -4.12271073 -4.04022827 -3.93314648 
2.31012970e-05 -4.33884528 -4.21254712 -4.12271073 -4.04022827 -3.93314648 
1.87381742e-05 -4.33884528 -4.21254712 -4.12271073 -4.04022827 -3.93314648 
1.51991108e-05 -4.33884528 -4.21254712 -4.12271073 -4.04022827 -3.93314648 
1.23284674e-05 -4.33884528 -4.21254712 -4.12271073 -4.04022827 -3.93314648 
1.00000000e-05 -4.33884528 -4.21254712 -4.12271073 -4.04022827 -3.93314648 
8.11130831e-06 -4.33884528 -4.21254712 -4.12271073 -4.04022827 -3.93314648 
6.57933225e-06 -4.33884528 -4.21254712 -4.12271073 -4.04022827 -3.93314648 
5.33669923e-06 -4.33884528 -4.21254712 -4.12271073 -4.04022827 -3.93314648 
4.32876128e-06 -4.33884528 -4.21254712 -4.12271073 -4.04022827 -3.93314648 
3.51119173e-06 -4.33884528 -4.21254712 -4.12271073 -4.04022827 -3.93314648 
2.84803587e-06 -4.33884528 -4.21254712 -4.12271073 -4.04022827 -3.93314648 
2.31012970e-06 -4.33884528 -4.21254712 -4.12271073 -4.04022827 -3.93314648 
1.87381742e-06 -4.33884528 -4.21254712 -4.12271073 -4.04022827 -3.93314648 
1.51991108e-06 -4.33884528 -4.21254712 -4.12271073 -4.04022827 -3.93314648 
1.23284674e-06 -4.33884528 -4.21254712 -4.12271073 -4.04022827 -3.93314648 
1.00000000e-06 -4.33884528 -4.21254712 -4.12271073 -4.04022827 -3.93314648 
8.11130831e-07 -4.33884528 -4.21254712 -4.12271073 -4.04022827 -3.93314648 
6.57933225e-07 -4.33884528 -4.21254712 -4.12271073 -4.04022827 -3.93314648 
5.33669923e-07 -4.33884528 -4.21254712 -4.12271073 -4.04022827 -3.93314648 
4.32876128e-07 -4.33884528 -4.21254712 -4.12271073 -4.04022827 -3.93314648 
3.51119173e-07 -4.33884528 -4.21254712 -4.12271073 -4.04022827 -3.93314648 
2.84803587e-07 -4.33884528 -4.21254712 -4.12271073 -4.04022827 -3.93314648 
2.31012970e-07 -4.33884528 -4.21254712 -4.12271073 -4.04022827 -3.93314648 
1.87381742e-07 -4.33884528 -4.21254712 -4.12271073 -4.04022827 -3.93314648 
1.51991108e-07 -4.33884528 -4.21254712 -4.12271073 -4.04022827 -3.93314648 
1.23284674e-07 -4.33884528 -4.21254712 -4.12271073 -4.04022827 -3.93314648 
1.00000000e-07 -4.33884528 -4.21254712 -4.12271073 -4.04022827 -3.93314648 
P (bar) | log_CO: -2σ | log_CO: -1σ | log_CO: median | log_CO: +1σ | log_CO: +2σ 
1.00000000e+02 -6.92167212 -6.26974537 -5.01391590 -3.80456518 -3.09563760 
8.11130831e+01 -6.92167212 -6.26974537 -5.01391590 -3.80456518 -3.09563760 
6.57933225e+01 -6.92167212 -6.26974537 -5.01391590 -3.80456518 -3.09563760 
5.33669923e+01 -6.92167212 -6.26974537 -5.01391590 -3.80456518 -3.09563760 
4.32876128e+01 -6.92167212 -6.26974537 -5.01391590 -3.80456518 -3.09563760 
3.51119173e+01 -6.92167212 -6.26974537 -5.01391590 -3.80456518 -3.09563760 
2.84803587e+01 -6.92167212 -6.26974537 -5.01391590 -3.80456518 -3.09563760 
2.31012970e+01 -6.92167212 -6.26974537 -5.01391590 -3.80456518 -3.09563760 
1.87381742e+01 -6.92167212 -6.26974537 -5.01391590 -3.80456518 -3.09563760 
1.51991108e+01 -6.92167212 -6.26974537 -5.01391590 -3.80456518 -3.09563760 
1.23284674e+01 -6.92167212 -6.26974537 -5.01391590 -3.80456518 -3.09563760 
1.00000000e+01 -6.92167212 -6.26974537 -5.01391590 -3.80456518 -3.09563760 
8.11130831e+00 -6.92167212 -6.26974537 -5.01391590 -3.80456518 -3.09563760 
6.57933225e+00 -6.92167212 -6.26974537 -5.01391590 -3.80456518 -3.09563760 
5.33669923e+00 -6.92167212 -6.26974537 -5.01391590 -3.80456518 -3.09563760 
4.32876128e+00 -6.92167212 -6.26974537 -5.01391590 -3.80456518 -3.09563760 
3.51119173e+00 -6.92167212 -6.26974537 -5.01391590 -3.80456518 -3.09563760 
2.84803587e+00 -6.92167212 -6.26974537 -5.01391590 -3.80456518 -3.09563760 
2.31012970e+00 -6.92167212 -6.26974537 -5.01391590 -3.80456518 -3.09563760 
1.87381742e+00 -6.92167212 -6.26974537 -5.01391590 -3.80456518 -3.09563760 
1.51991108e+00 -6.92167212 -6.26974537 -5.01391590 -3.80456518 -3.09563760 
1.23284674e+00 -6.92167212 -6.26974537 -5.01391590 -3.80456518 -3.09563760 
1.00000000e+00 -6.92167212 -6.26974537 -5.01391590 -3.80456518 -3.09563760 
8.11130831e-01 -6.92167212 -6.26974537 -5.01391590 -3.80456518 -3.09563760 
6.57933225e-01 -6.92167212 -6.26974537 -5.01391590 -3.80456518 -3.09563760 
5.33669923e-01 -6.92167212 -6.26974537 -5.01391590 -3.80456518 -3.09563760 
4.32876128e-01 -6.92167212 -6.26974537 -5.01391590 -3.80456518 -3.09563760 
3.51119173e-01 -6.92167212 -6.26974537 -5.01391590 -3.80456518 -3.09563760 
2.84803587e-01 -6.92167212 -6.26974537 -5.01391590 -3.80456518 -3.09563760 
2.31012970e-01 -6.92167212 -6.26974537 -5.01391590 -3.80456518 -3.09563760 
1.87381742e-01 -6.92167212 -6.26974537 -5.01391590 -3.80456518 -3.09563760 
1.51991108e-01 -6.92167212 -6.26974537 -5.01391590 -3.80456518 -3.09563760 
1.23284674e-01 -6.92167212 -6.26974537 -5.01391590 -3.80456518 -3.09563760 
1.00000000e-01 -6.92167212 -6.26974537 -5.01391590 -3.80456518 -3.09563760 
8.11130831e-02 -6.92167212 -6.26974537 -5.01391590 -3.80456518 -3.09563760 
6.57933225e-02 -6.92167212 -6.26974537 -5.01391590 -3.80456518 -3.09563760 
5.33669923e-02 -6.92167212 -6.26974537 -5.01391590 -3.80456518 -3.09563760 
4.32876128e-02 -6.92167212 -6.26974537 -5.01391590 -3.80456518 -3.09563760 
3.51119173e-02 -6.92167212 -6.26974537 -5.01391590 -3.80456518 -3.09563760 
2.84803587e-02 -6.92167212 -6.26974537 -5.01391590 -3.80456518 -3.09563760 
2.31012970e-02 -6.92167212 -6.26974537 -5.01391590 -3.80456518 -3.09563760 
1.87381742e-02 -6.92167212 -6.26974537 -5.01391590 -3.80456518 -3.09563760 
1.51991108e-02 -6.92167212 -6.26974537 -5.01391590 -3.80456518 -3.09563760 
1.23284674e-02 -6.92167212 -6.26974537 -5.01391590 -3.80456518 -3.09563760 
1.00000000e-02 -6.92167212 -6.26974537 -5.01391590 -3.80456518 -3.09563760 
8.11130831e-03 -6.92167212 -6.26974537 -5.01391590 -3.80456518 -3.09563760 
6.57933225e-03 -6.92167212 -6.26974537 -5.01391590 -3.80456518 -3.09563760 
5.33669923e-03 -6.92167212 -6.26974537 -5.01391590 -3.80456518 -3.09563760 
4.32876128e-03 -6.92167212 -6.26974537 -5.01391590 -3.80456518 -3.09563760 
3.51119173e-03 -6.92167212 -6.26974537 -5.01391590 -3.80456518 -3.09563760 
2.84803587e-03 -6.92167212 -6.26974537 -5.01391590 -3.80456518 -3.09563760 
2.31012970e-03 -6.92167212 -6.26974537 -5.01391590 -3.80456518 -3.09563760 
1.87381742e-03 -6.92167212 -6.26974537 -5.01391590 -3.80456518 -3.09563760 
1.51991108e-03 -6.92167212 -6.26974537 -5.01391590 -3.80456518 -3.09563760 
1.23284674e-03 -6.92167212 -6.26974537 -5.01391590 -3.80456518 -3.09563760 
1.00000000e-03 -6.92167212 -6.26974537 -5.01391590 -3.80456518 -3.09563760 
8.11130831e-04 -6.92167212 -6.26974537 -5.01391590 -3.80456518 -3.09563760 
6.57933225e-04 -6.92167212 -6.26974537 -5.01391590 -3.80456518 -3.09563760 
5.33669923e-04 -6.92167212 -6.26974537 -5.01391590 -3.80456518 -3.09563760 
4.32876128e-04 -6.92167212 -6.26974537 -5.01391590 -3.80456518 -3.09563760 
3.51119173e-04 -6.92167212 -6.26974537 -5.01391590 -3.80456518 -3.09563760 
2.84803587e-04 -6.92167212 -6.26974537 -5.01391590 -3.80456518 -3.09563760 
2.31012970e-04 -6.92167212 -6.26974537 -5.01391590 -3.80456518 -3.09563760 
1.87381742e-04 -6.92167212 -6.26974537 -5.01391590 -3.80456518 -3.09563760 
1.51991108e-04 -6.92167212 -6.26974537 -5.01391590 -3.80456518 -3.09563760 
1.23284674e-04 -6.92167212 -6.26974537 -5.01391590 -3.80456518 -3.09563760 
1.00000000e-04 -6.92167212 -6.26974537 -5.01391590 -3.80456518 -3.09563760 
8.11130831e-05 -6.92167212 -6.26974537 -5.01391590 -3.80456518 -3.09563760 
6.57933225e-05 -6.92167212 -6.26974537 -5.01391590 -3.80456518 -3.09563760 
5.33669923e-05 -6.92167212 -6.26974537 -5.01391590 -3.80456518 -3.09563760 
4.32876128e-05 -6.92167212 -6.26974537 -5.01391590 -3.80456518 -3.09563760 
3.51119173e-05 -6.92167212 -6.26974537 -5.01391590 -3.80456518 -3.09563760 
2.84803587e-05 -6.92167212 -6.26974537 -5.01391590 -3.80456518 -3.09563760 
2.31012970e-05 -6.92167212 -6.26974537 -5.01391590 -3.80456518 -3.09563760 
1.87381742e-05 -6.92167212 -6.26974537 -5.01391590 -3.80456518 -3.09563760 
1.51991108e-05 -6.92167212 -6.26974537 -5.01391590 -3.80456518 -3.09563760 
1.23284674e-05 -6.92167212 -6.26974537 -5.01391590 -3.80456518 -3.09563760 
1.00000000e-05 -6.92167212 -6.26974537 -5.01391590 -3.80456518 -3.09563760 
8.11130831e-06 -6.92167212 -6.26974537 -5.01391590 -3.80456518 -3.09563760 
6.57933225e-06 -6.92167212 -6.26974537 -5.01391590 -3.80456518 -3.09563760 
5.33669923e-06 -6.92167212 -6.26974537 -5.01391590 -3.80456518 -3.09563760 
4.32876128e-06 -6.92167212 -6.26974537 -5.01391590 -3.80456518 -3.09563760 
3.51119173e-06 -6.92167212 -6.26974537 -5.01391590 -3.80456518 -3.09563760 
2.84803587e-06 -6.92167212 -6.26974537 -5.01391590 -3.80456518 -3.09563760 
2.31012970e-06 -6.92167212 -6.26974537 -5.01391590 -3.80456518 -3.09563760 
1.87381742e-06 -6.92167212 -6.26974537 -5.01391590 -3.80456518 -3.09563760 
1.51991108e-06 -6.92167212 -6.26974537 -5.01391590 -3.80456518 -3.09563760 
1.23284674e-06 -6.92167212 -6.26974537 -5.01391590 -3.80456518 -3.09563760 
1.00000000e-06 -6.92167212 -6.26974537 -5.01391590 -3.80456518 -3.09563760 
8.11130831e-07 -6.92167212 -6.26974537 -5.01391590 -3.80456518 -3.09563760 
6.57933225e-07 -6.92167212 -6.26974537 -5.01391590 -3.80456518 -3.09563760 
5.33669923e-07 -6.92167212 -6.26974537 -5.01391590 -3.80456518 -3.09563760 
4.32876128e-07 -6.92167212 -6.26974537 -5.01391590 -3.80456518 -3.09563760 
3.51119173e-07 -6.92167212 -6.26974537 -5.01391590 -3.80456518 -3.09563760 
2.84803587e-07 -6.92167212 -6.26974537 -5.01391590 -3.80456518 -3.09563760 
2.31012970e-07 -6.92167212 -6.26974537 -5.01391590 -3.80456518 -3.09563760 
1.87381742e-07 -6.92167212 -6.26974537 -5.01391590 -3.80456518 -3.09563760 
1.51991108e-07 -6.92167212 -6.26974537 -5.01391590 -3.80456518 -3.09563760 
1.23284674e-07 -6.92167212 -6.26974537 -5.01391590 -3.80456518 -3.09563760 
1.00000000e-07 -6.92167212 -6.26974537 -5.01391590 -3.80456518 -3.09563760 
P (bar) | log_H2S: -2σ | log_H2S: -1σ | log_H2S: median | log_H2S: +1σ | log_H2S: +2σ 
1.00000000e+02 -2.68324723 -2.43769841 -2.25502165 -2.09567036 -1.96814508 
8.11130831e+01 -2.68324723 -2.43769841 -2.25502165 -2.09567036 -1.96814508 
6.57933225e+01 -2.68324723 -2.43769841 -2.25502165 -2.09567036 -1.96814508 
5.33669923e+01 -2.68324723 -2.43769841 -2.25502165 -2.09567036 -1.96814508 
4.32876128e+01 -2.68324723 -2.43769841 -2.25502165 -2.09567036 -1.96814508 
3.51119173e+01 -2.68324723 -2.43769841 -2.25502165 -2.09567036 -1.96814508 
2.84803587e+01 -2.68324723 -2.43769841 -2.25502165 -2.09567036 -1.96814508 
2.31012970e+01 -2.68324723 -2.43769841 -2.25502165 -2.09567036 -1.96814508 
1.87381742e+01 -2.68324723 -2.43769841 -2.25502165 -2.09567036 -1.96814508 
1.51991108e+01 -2.68324723 -2.43769841 -2.25502165 -2.09567036 -1.96814508 
1.23284674e+01 -2.68324723 -2.43769841 -2.25502165 -2.09567036 -1.96814508 
1.00000000e+01 -2.68324723 -2.43769841 -2.25502165 -2.09567036 -1.96814508 
8.11130831e+00 -2.68324723 -2.43769841 -2.25502165 -2.09567036 -1.96814508 
6.57933225e+00 -2.68324723 -2.43769841 -2.25502165 -2.09567036 -1.96814508 
5.33669923e+00 -2.68324723 -2.43769841 -2.25502165 -2.09567036 -1.96814508 
4.32876128e+00 -2.68324723 -2.43769841 -2.25502165 -2.09567036 -1.96814508 
3.51119173e+00 -2.68324723 -2.43769841 -2.25502165 -2.09567036 -1.96814508 
2.84803587e+00 -2.68324723 -2.43769841 -2.25502165 -2.09567036 -1.96814508 
2.31012970e+00 -2.68324723 -2.43769841 -2.25502165 -2.09567036 -1.96814508 
1.87381742e+00 -2.68324723 -2.43769841 -2.25502165 -2.09567036 -1.96814508 
1.51991108e+00 -2.68324723 -2.43769841 -2.25502165 -2.09567036 -1.96814508 
1.23284674e+00 -2.68324723 -2.43769841 -2.25502165 -2.09567036 -1.96814508 
1.00000000e+00 -2.68324723 -2.43769841 -2.25502165 -2.09567036 -1.96814508 
8.11130831e-01 -2.68324723 -2.43769841 -2.25502165 -2.09567036 -1.96814508 
6.57933225e-01 -2.68324723 -2.43769841 -2.25502165 -2.09567036 -1.96814508 
5.33669923e-01 -2.68324723 -2.43769841 -2.25502165 -2.09567036 -1.96814508 
4.32876128e-01 -2.68324723 -2.43769841 -2.25502165 -2.09567036 -1.96814508 
3.51119173e-01 -2.68324723 -2.43769841 -2.25502165 -2.09567036 -1.96814508 
2.84803587e-01 -2.68324723 -2.43769841 -2.25502165 -2.09567036 -1.96814508 
2.31012970e-01 -2.68324723 -2.43769841 -2.25502165 -2.09567036 -1.96814508 
1.87381742e-01 -2.68324723 -2.43769841 -2.25502165 -2.09567036 -1.96814508 
1.51991108e-01 -2.68324723 -2.43769841 -2.25502165 -2.09567036 -1.96814508 
1.23284674e-01 -2.68324723 -2.43769841 -2.25502165 -2.09567036 -1.96814508 
1.00000000e-01 -2.68324723 -2.43769841 -2.25502165 -2.09567036 -1.96814508 
8.11130831e-02 -2.68324723 -2.43769841 -2.25502165 -2.09567036 -1.96814508 
6.57933225e-02 -2.68324723 -2.43769841 -2.25502165 -2.09567036 -1.96814508 
5.33669923e-02 -2.68324723 -2.43769841 -2.25502165 -2.09567036 -1.96814508 
4.32876128e-02 -2.68324723 -2.43769841 -2.25502165 -2.09567036 -1.96814508 
3.51119173e-02 -2.68324723 -2.43769841 -2.25502165 -2.09567036 -1.96814508 
2.84803587e-02 -2.68324723 -2.43769841 -2.25502165 -2.09567036 -1.96814508 
2.31012970e-02 -2.68324723 -2.43769841 -2.25502165 -2.09567036 -1.96814508 
1.87381742e-02 -2.68324723 -2.43769841 -2.25502165 -2.09567036 -1.96814508 
1.51991108e-02 -2.68324723 -2.43769841 -2.25502165 -2.09567036 -1.96814508 
1.23284674e-02 -2.68324723 -2.43769841 -2.25502165 -2.09567036 -1.96814508 
1.00000000e-02 -2.68324723 -2.43769841 -2.25502165 -2.09567036 -1.96814508 
8.11130831e-03 -2.68324723 -2.43769841 -2.25502165 -2.09567036 -1.96814508 
6.57933225e-03 -2.68324723 -2.43769841 -2.25502165 -2.09567036 -1.96814508 
5.33669923e-03 -2.68324723 -2.43769841 -2.25502165 -2.09567036 -1.96814508 
4.32876128e-03 -2.68324723 -2.43769841 -2.25502165 -2.09567036 -1.96814508 
3.51119173e-03 -2.68324723 -2.43769841 -2.25502165 -2.09567036 -1.96814508 
2.84803587e-03 -2.68324723 -2.43769841 -2.25502165 -2.09567036 -1.96814508 
2.31012970e-03 -2.68324723 -2.43769841 -2.25502165 -2.09567036 -1.96814508 
1.87381742e-03 -2.68324723 -2.43769841 -2.25502165 -2.09567036 -1.96814508 
1.51991108e-03 -2.68324723 -2.43769841 -2.25502165 -2.09567036 -1.96814508 
1.23284674e-03 -2.68324723 -2.43769841 -2.25502165 -2.09567036 -1.96814508 
1.00000000e-03 -2.68324723 -2.43769841 -2.25502165 -2.09567036 -1.96814508 
8.11130831e-04 -2.68324723 -2.43769841 -2.25502165 -2.09567036 -1.96814508 
6.57933225e-04 -2.68324723 -2.43769841 -2.25502165 -2.09567036 -1.96814508 
5.33669923e-04 -2.68324723 -2.43769841 -2.25502165 -2.09567036 -1.96814508 
4.32876128e-04 -2.68324723 -2.43769841 -2.25502165 -2.09567036 -1.96814508 
3.51119173e-04 -2.68324723 -2.43769841 -2.25502165 -2.09567036 -1.96814508 
2.84803587e-04 -2.68324723 -2.43769841 -2.25502165 -2.09567036 -1.96814508 
2.31012970e-04 -2.68324723 -2.43769841 -2.25502165 -2.09567036 -1.96814508 
1.87381742e-04 -2.68324723 -2.43769841 -2.25502165 -2.09567036 -1.96814508 
1.51991108e-04 -2.68324723 -2.43769841 -2.25502165 -2.09567036 -1.96814508 
1.23284674e-04 -2.68324723 -2.43769841 -2.25502165 -2.09567036 -1.96814508 
1.00000000e-04 -2.68324723 -2.43769841 -2.25502165 -2.09567036 -1.96814508 
8.11130831e-05 -2.68324723 -2.43769841 -2.25502165 -2.09567036 -1.96814508 
6.57933225e-05 -2.68324723 -2.43769841 -2.25502165 -2.09567036 -1.96814508 
5.33669923e-05 -2.68324723 -2.43769841 -2.25502165 -2.09567036 -1.96814508 
4.32876128e-05 -2.68324723 -2.43769841 -2.25502165 -2.09567036 -1.96814508 
3.51119173e-05 -2.68324723 -2.43769841 -2.25502165 -2.09567036 -1.96814508 
2.84803587e-05 -2.68324723 -2.43769841 -2.25502165 -2.09567036 -1.96814508 
2.31012970e-05 -2.68324723 -2.43769841 -2.25502165 -2.09567036 -1.96814508 
1.87381742e-05 -2.68324723 -2.43769841 -2.25502165 -2.09567036 -1.96814508 
1.51991108e-05 -2.68324723 -2.43769841 -2.25502165 -2.09567036 -1.96814508 
1.23284674e-05 -2.68324723 -2.43769841 -2.25502165 -2.09567036 -1.96814508 
1.00000000e-05 -2.68324723 -2.43769841 -2.25502165 -2.09567036 -1.96814508 
8.11130831e-06 -2.68324723 -2.43769841 -2.25502165 -2.09567036 -1.96814508 
6.57933225e-06 -2.68324723 -2.43769841 -2.25502165 -2.09567036 -1.96814508 
5.33669923e-06 -2.68324723 -2.43769841 -2.25502165 -2.09567036 -1.96814508 
4.32876128e-06 -2.68324723 -2.43769841 -2.25502165 -2.09567036 -1.96814508 
3.51119173e-06 -2.68324723 -2.43769841 -2.25502165 -2.09567036 -1.96814508 
2.84803587e-06 -2.68324723 -2.43769841 -2.25502165 -2.09567036 -1.96814508 
2.31012970e-06 -2.68324723 -2.43769841 -2.25502165 -2.09567036 -1.96814508 
1.87381742e-06 -2.68324723 -2.43769841 -2.25502165 -2.09567036 -1.96814508 
1.51991108e-06 -2.68324723 -2.43769841 -2.25502165 -2.09567036 -1.96814508 
1.23284674e-06 -2.68324723 -2.43769841 -2.25502165 -2.09567036 -1.96814508 
1.00000000e-06 -2.68324723 -2.43769841 -2.25502165 -2.09567036 -1.96814508 
8.11130831e-07 -2.68324723 -2.43769841 -2.25502165 -2.09567036 -1.96814508 
6.57933225e-07 -2.68324723 -2.43769841 -2.25502165 -2.09567036 -1.96814508 
5.33669923e-07 -2.68324723 -2.43769841 -2.25502165 -2.09567036 -1.96814508 
4.32876128e-07 -2.68324723 -2.43769841 -2.25502165 -2.09567036 -1.96814508 
3.51119173e-07 -2.68324723 -2.43769841 -2.25502165 -2.09567036 -1.96814508 
2.84803587e-07 -2.68324723 -2.43769841 -2.25502165 -2.09567036 -1.96814508 
2.31012970e-07 -2.68324723 -2.43769841 -2.25502165 -2.09567036 -1.96814508 
1.87381742e-07 -2.68324723 -2.43769841 -2.25502165 -2.09567036 -1.96814508 
1.51991108e-07 -2.68324723 -2.43769841 -2.25502165 -2.09567036 -1.96814508 
1.23284674e-07 -2.68324723 -2.43769841 -2.25502165 -2.09567036 -1.96814508 
1.00000000e-07 -2.68324723 -2.43769841 -2.25502165 -2.09567036 -1.96814508 
P (bar) | log_CH4: -2σ | log_CH4: -1σ | log_CH4: median | log_CH4: +1σ | log_CH4: +2σ 
1.00000000e+02 -4.93150921 -4.79162208 -4.64712169 -4.51905378 -4.40924901 
8.11130831e+01 -4.93150921 -4.79162208 -4.64712169 -4.51905378 -4.40924901 
6.57933225e+01 -4.93150921 -4.79162208 -4.64712169 -4.51905378 -4.40924901 
5.33669923e+01 -4.93150921 -4.79162208 -4.64712169 -4.51905378 -4.40924901 
4.32876128e+01 -4.93150921 -4.79162208 -4.64712169 -4.51905378 -4.40924901 
3.51119173e+01 -4.93150921 -4.79162208 -4.64712169 -4.51905378 -4.40924901 
2.84803587e+01 -4.93150921 -4.79162208 -4.64712169 -4.51905378 -4.40924901 
2.31012970e+01 -4.93150921 -4.79162208 -4.64712169 -4.51905378 -4.40924901 
1.87381742e+01 -4.93150921 -4.79162208 -4.64712169 -4.51905378 -4.40924901 
1.51991108e+01 -4.93150921 -4.79162208 -4.64712169 -4.51905378 -4.40924901 
1.23284674e+01 -4.93150921 -4.79162208 -4.64712169 -4.51905378 -4.40924901 
1.00000000e+01 -4.93150921 -4.79162208 -4.64712169 -4.51905378 -4.40924901 
8.11130831e+00 -4.93150921 -4.79162208 -4.64712169 -4.51905378 -4.40924901 
6.57933225e+00 -4.93150921 -4.79162208 -4.64712169 -4.51905378 -4.40924901 
5.33669923e+00 -4.93150921 -4.79162208 -4.64712169 -4.51905378 -4.40924901 
4.32876128e+00 -4.93150921 -4.79162208 -4.64712169 -4.51905378 -4.40924901 
3.51119173e+00 -4.93150921 -4.79162208 -4.64712169 -4.51905378 -4.40924901 
2.84803587e+00 -4.93150921 -4.79162208 -4.64712169 -4.51905378 -4.40924901 
2.31012970e+00 -4.93150921 -4.79162208 -4.64712169 -4.51905378 -4.40924901 
1.87381742e+00 -4.93150921 -4.79162208 -4.64712169 -4.51905378 -4.40924901 
1.51991108e+00 -4.93150921 -4.79162208 -4.64712169 -4.51905378 -4.40924901 
1.23284674e+00 -4.93150921 -4.79162208 -4.64712169 -4.51905378 -4.40924901 
1.00000000e+00 -4.93150921 -4.79162208 -4.64712169 -4.51905378 -4.40924901 
8.11130831e-01 -4.93150921 -4.79162208 -4.64712169 -4.51905378 -4.40924901 
6.57933225e-01 -4.93150921 -4.79162208 -4.64712169 -4.51905378 -4.40924901 
5.33669923e-01 -4.93150921 -4.79162208 -4.64712169 -4.51905378 -4.40924901 
4.32876128e-01 -4.93150921 -4.79162208 -4.64712169 -4.51905378 -4.40924901 
3.51119173e-01 -4.93150921 -4.79162208 -4.64712169 -4.51905378 -4.40924901 
2.84803587e-01 -4.93150921 -4.79162208 -4.64712169 -4.51905378 -4.40924901 
2.31012970e-01 -4.93150921 -4.79162208 -4.64712169 -4.51905378 -4.40924901 
1.87381742e-01 -4.93150921 -4.79162208 -4.64712169 -4.51905378 -4.40924901 
1.51991108e-01 -4.93150921 -4.79162208 -4.64712169 -4.51905378 -4.40924901 
1.23284674e-01 -4.93150921 -4.79162208 -4.64712169 -4.51905378 -4.40924901 
1.00000000e-01 -4.93150921 -4.79162208 -4.64712169 -4.51905378 -4.40924901 
8.11130831e-02 -4.93150921 -4.79162208 -4.64712169 -4.51905378 -4.40924901 
6.57933225e-02 -4.93150921 -4.79162208 -4.64712169 -4.51905378 -4.40924901 
5.33669923e-02 -4.93150921 -4.79162208 -4.64712169 -4.51905378 -4.40924901 
4.32876128e-02 -4.93150921 -4.79162208 -4.64712169 -4.51905378 -4.40924901 
3.51119173e-02 -4.93150921 -4.79162208 -4.64712169 -4.51905378 -4.40924901 
2.84803587e-02 -4.93150921 -4.79162208 -4.64712169 -4.51905378 -4.40924901 
2.31012970e-02 -4.93150921 -4.79162208 -4.64712169 -4.51905378 -4.40924901 
1.87381742e-02 -4.93150921 -4.79162208 -4.64712169 -4.51905378 -4.40924901 
1.51991108e-02 -4.93150921 -4.79162208 -4.64712169 -4.51905378 -4.40924901 
1.23284674e-02 -4.93150921 -4.79162208 -4.64712169 -4.51905378 -4.40924901 
1.00000000e-02 -4.93150921 -4.79162208 -4.64712169 -4.51905378 -4.40924901 
8.11130831e-03 -4.93150921 -4.79162208 -4.64712169 -4.51905378 -4.40924901 
6.57933225e-03 -4.93150921 -4.79162208 -4.64712169 -4.51905378 -4.40924901 
5.33669923e-03 -4.93150921 -4.79162208 -4.64712169 -4.51905378 -4.40924901 
4.32876128e-03 -4.93150921 -4.79162208 -4.64712169 -4.51905378 -4.40924901 
3.51119173e-03 -4.93150921 -4.79162208 -4.64712169 -4.51905378 -4.40924901 
2.84803587e-03 -4.93150921 -4.79162208 -4.64712169 -4.51905378 -4.40924901 
2.31012970e-03 -4.93150921 -4.79162208 -4.64712169 -4.51905378 -4.40924901 
1.87381742e-03 -4.93150921 -4.79162208 -4.64712169 -4.51905378 -4.40924901 
1.51991108e-03 -4.93150921 -4.79162208 -4.64712169 -4.51905378 -4.40924901 
1.23284674e-03 -4.93150921 -4.79162208 -4.64712169 -4.51905378 -4.40924901 
1.00000000e-03 -4.93150921 -4.79162208 -4.64712169 -4.51905378 -4.40924901 
8.11130831e-04 -4.93150921 -4.79162208 -4.64712169 -4.51905378 -4.40924901 
6.57933225e-04 -4.93150921 -4.79162208 -4.64712169 -4.51905378 -4.40924901 
5.33669923e-04 -4.93150921 -4.79162208 -4.64712169 -4.51905378 -4.40924901 
4.32876128e-04 -4.93150921 -4.79162208 -4.64712169 -4.51905378 -4.40924901 
3.51119173e-04 -4.93150921 -4.79162208 -4.64712169 -4.51905378 -4.40924901 
2.84803587e-04 -4.93150921 -4.79162208 -4.64712169 -4.51905378 -4.40924901 
2.31012970e-04 -4.93150921 -4.79162208 -4.64712169 -4.51905378 -4.40924901 
1.87381742e-04 -4.93150921 -4.79162208 -4.64712169 -4.51905378 -4.40924901 
1.51991108e-04 -4.93150921 -4.79162208 -4.64712169 -4.51905378 -4.40924901 
1.23284674e-04 -4.93150921 -4.79162208 -4.64712169 -4.51905378 -4.40924901 
1.00000000e-04 -4.93150921 -4.79162208 -4.64712169 -4.51905378 -4.40924901 
8.11130831e-05 -4.93150921 -4.79162208 -4.64712169 -4.51905378 -4.40924901 
6.57933225e-05 -4.93150921 -4.79162208 -4.64712169 -4.51905378 -4.40924901 
5.33669923e-05 -4.93150921 -4.79162208 -4.64712169 -4.51905378 -4.40924901 
4.32876128e-05 -4.93150921 -4.79162208 -4.64712169 -4.51905378 -4.40924901 
3.51119173e-05 -4.93150921 -4.79162208 -4.64712169 -4.51905378 -4.40924901 
2.84803587e-05 -4.93150921 -4.79162208 -4.64712169 -4.51905378 -4.40924901 
2.31012970e-05 -4.93150921 -4.79162208 -4.64712169 -4.51905378 -4.40924901 
1.87381742e-05 -4.93150921 -4.79162208 -4.64712169 -4.51905378 -4.40924901 
1.51991108e-05 -4.93150921 -4.79162208 -4.64712169 -4.51905378 -4.40924901 
1.23284674e-05 -4.93150921 -4.79162208 -4.64712169 -4.51905378 -4.40924901 
1.00000000e-05 -4.93150921 -4.79162208 -4.64712169 -4.51905378 -4.40924901 
8.11130831e-06 -4.93150921 -4.79162208 -4.64712169 -4.51905378 -4.40924901 
6.57933225e-06 -4.93150921 -4.79162208 -4.64712169 -4.51905378 -4.40924901 
5.33669923e-06 -4.93150921 -4.79162208 -4.64712169 -4.51905378 -4.40924901 
4.32876128e-06 -4.93150921 -4.79162208 -4.64712169 -4.51905378 -4.40924901 
3.51119173e-06 -4.93150921 -4.79162208 -4.64712169 -4.51905378 -4.40924901 
2.84803587e-06 -4.93150921 -4.79162208 -4.64712169 -4.51905378 -4.40924901 
2.31012970e-06 -4.93150921 -4.79162208 -4.64712169 -4.51905378 -4.40924901 
1.87381742e-06 -4.93150921 -4.79162208 -4.64712169 -4.51905378 -4.40924901 
1.51991108e-06 -4.93150921 -4.79162208 -4.64712169 -4.51905378 -4.40924901 
1.23284674e-06 -4.93150921 -4.79162208 -4.64712169 -4.51905378 -4.40924901 
1.00000000e-06 -4.93150921 -4.79162208 -4.64712169 -4.51905378 -4.40924901 
8.11130831e-07 -4.93150921 -4.79162208 -4.64712169 -4.51905378 -4.40924901 
6.57933225e-07 -4.93150921 -4.79162208 -4.64712169 -4.51905378 -4.40924901 
5.33669923e-07 -4.93150921 -4.79162208 -4.64712169 -4.51905378 -4.40924901 
4.32876128e-07 -4.93150921 -4.79162208 -4.64712169 -4.51905378 -4.40924901 
3.51119173e-07 -4.93150921 -4.79162208 -4.64712169 -4.51905378 -4.40924901 
2.84803587e-07 -4.93150921 -4.79162208 -4.64712169 -4.51905378 -4.40924901 
2.31012970e-07 -4.93150921 -4.79162208 -4.64712169 -4.51905378 -4.40924901 
1.87381742e-07 -4.93150921 -4.79162208 -4.64712169 -4.51905378 -4.40924901 
1.51991108e-07 -4.93150921 -4.79162208 -4.64712169 -4.51905378 -4.40924901 
1.23284674e-07 -4.93150921 -4.79162208 -4.64712169 -4.51905378 -4.40924901 
1.00000000e-07 -4.93150921 -4.79162208 -4.64712169 -4.51905378 -4.40924901 
