Chemical species: H2 He CO2 SO2 CO H2S NH3 CH4
P (bar) | log_H2: -2σ | log_H2: -1σ | log_H2: median | log_H2: +1σ | log_H2: +2σ 
1.00000000e+02 -0.07097547 -0.07028394 -0.06979867 -0.06942305 -0.06918106 
8.11130831e+01 -0.07097547 -0.07028394 -0.06979867 -0.06942305 -0.06918106 
6.57933225e+01 -0.07097547 -0.07028394 -0.06979867 -0.06942305 -0.06918106 
5.33669923e+01 -0.07097547 -0.07028394 -0.06979867 -0.06942305 -0.06918106 
4.32876128e+01 -0.07097547 -0.07028394 -0.06979867 -0.06942305 -0.06918106 
3.51119173e+01 -0.07097547 -0.07028394 -0.06979867 -0.06942305 -0.06918106 
2.84803587e+01 -0.07097547 -0.07028394 -0.06979867 -0.06942305 -0.06918106 
2.31012970e+01 -0.07097547 -0.07028394 -0.06979867 -0.06942305 -0.06918106 
1.87381742e+01 -0.07097547 -0.07028394 -0.06979867 -0.06942305 -0.06918106 
1.51991108e+01 -0.07097547 -0.07028394 -0.06979867 -0.06942305 -0.06918106 
1.23284674e+01 -0.07097547 -0.07028394 -0.06979867 -0.06942305 -0.06918106 
1.00000000e+01 -0.07097547 -0.07028394 -0.06979867 -0.06942305 -0.06918106 
8.11130831e+00 -0.07097547 -0.07028394 -0.06979867 -0.06942305 -0.06918106 
6.57933225e+00 -0.07097547 -0.07028394 -0.06979867 -0.06942305 -0.06918106 
5.33669923e+00 -0.07097547 -0.07028394 -0.06979867 -0.06942305 -0.06918106 
4.32876128e+00 -0.07097547 -0.07028394 -0.06979867 -0.06942305 -0.06918106 
3.51119173e+00 -0.07097547 -0.07028394 -0.06979867 -0.06942305 -0.06918106 
2.84803587e+00 -0.07097547 -0.07028394 -0.06979867 -0.06942305 -0.06918106 
2.31012970e+00 -0.07097547 -0.07028394 -0.06979867 -0.06942305 -0.06918106 
1.87381742e+00 -0.07097547 -0.07028394 -0.06979867 -0.06942305 -0.06918106 
1.51991108e+00 -0.07097547 -0.07028394 -0.06979867 -0.06942305 -0.06918106 
1.23284674e+00 -0.07097547 -0.07028394 -0.06979867 -0.06942305 -0.06918106 
1.00000000e+00 -0.07097547 -0.07028394 -0.06979867 -0.06942305 -0.06918106 
8.11130831e-01 -0.07097547 -0.07028394 -0.06979867 -0.06942305 -0.06918106 
6.57933225e-01 -0.07097547 -0.07028394 -0.06979867 -0.06942305 -0.06918106 
5.33669923e-01 -0.07097547 -0.07028394 -0.06979867 -0.06942305 -0.06918106 
4.32876128e-01 -0.07097547 -0.07028394 -0.06979867 -0.06942305 -0.06918106 
3.51119173e-01 -0.07097547 -0.07028394 -0.06979867 -0.06942305 -0.06918106 
2.84803587e-01 -0.07097547 -0.07028394 -0.06979867 -0.06942305 -0.06918106 
2.31012970e-01 -0.07097547 -0.07028394 -0.06979867 -0.06942305 -0.06918106 
1.87381742e-01 -0.07097547 -0.07028394 -0.06979867 -0.06942305 -0.06918106 
1.51991108e-01 -0.07097547 -0.07028394 -0.06979867 -0.06942305 -0.06918106 
1.23284674e-01 -0.07097547 -0.07028394 -0.06979867 -0.06942305 -0.06918106 
1.00000000e-01 -0.07097547 -0.07028394 -0.06979867 -0.06942305 -0.06918106 
8.11130831e-02 -0.07097547 -0.07028394 -0.06979867 -0.06942305 -0.06918106 
6.57933225e-02 -0.07097547 -0.07028394 -0.06979867 -0.06942305 -0.06918106 
5.33669923e-02 -0.07097547 -0.07028394 -0.06979867 -0.06942305 -0.06918106 
4.32876128e-02 -0.07097547 -0.07028394 -0.06979867 -0.06942305 -0.06918106 
3.51119173e-02 -0.07097547 -0.07028394 -0.06979867 -0.06942305 -0.06918106 
2.84803587e-02 -0.07097547 -0.07028394 -0.06979867 -0.06942305 -0.06918106 
2.31012970e-02 -0.07097547 -0.07028394 -0.06979867 -0.06942305 -0.06918106 
1.87381742e-02 -0.07097547 -0.07028394 -0.06979867 -0.06942305 -0.06918106 
1.51991108e-02 -0.07097547 -0.07028394 -0.06979867 -0.06942305 -0.06918106 
1.23284674e-02 -0.07097547 -0.07028394 -0.06979867 -0.06942305 -0.06918106 
1.00000000e-02 -0.07097547 -0.07028394 -0.06979867 -0.06942305 -0.06918106 
8.11130831e-03 -0.07097547 -0.07028394 -0.06979867 -0.06942305 -0.06918106 
6.57933225e-03 -0.07097547 -0.07028394 -0.06979867 -0.06942305 -0.06918106 
5.33669923e-03 -0.07097547 -0.07028394 -0.06979867 -0.06942305 -0.06918106 
4.32876128e-03 -0.07097547 -0.07028394 -0.06979867 -0.06942305 -0.06918106 
3.51119173e-03 -0.07097547 -0.07028394 -0.06979867 -0.06942305 -0.06918106 
2.84803587e-03 -0.07097547 -0.07028394 -0.06979867 -0.06942305 -0.06918106 
2.31012970e-03 -0.07097547 -0.07028394 -0.06979867 -0.06942305 -0.06918106 
1.87381742e-03 -0.07097547 -0.07028394 -0.06979867 -0.06942305 -0.06918106 
1.51991108e-03 -0.07097547 -0.07028394 -0.06979867 -0.06942305 -0.06918106 
1.23284674e-03 -0.07097547 -0.07028394 -0.06979867 -0.06942305 -0.06918106 
1.00000000e-03 -0.07097547 -0.07028394 -0.06979867 -0.06942305 -0.06918106 
8.11130831e-04 -0.07097547 -0.07028394 -0.06979867 -0.06942305 -0.06918106 
6.57933225e-04 -0.07097547 -0.07028394 -0.06979867 -0.06942305 -0.06918106 
5.33669923e-04 -0.07097547 -0.07028394 -0.06979867 -0.06942305 -0.06918106 
4.32876128e-04 -0.07097547 -0.07028394 -0.06979867 -0.06942305 -0.06918106 
3.51119173e-04 -0.07097547 -0.07028394 -0.06979867 -0.06942305 -0.06918106 
2.84803587e-04 -0.07097547 -0.07028394 -0.06979867 -0.06942305 -0.06918106 
2.31012970e-04 -0.07097547 -0.07028394 -0.06979867 -0.06942305 -0.06918106 
1.87381742e-04 -0.07097547 -0.07028394 -0.06979867 -0.06942305 -0.06918106 
1.51991108e-04 -0.07097547 -0.07028394 -0.06979867 -0.06942305 -0.06918106 
1.23284674e-04 -0.07097547 -0.07028394 -0.06979867 -0.06942305 -0.06918106 
1.00000000e-04 -0.07097547 -0.07028394 -0.06979867 -0.06942305 -0.06918106 
8.11130831e-05 -0.07097547 -0.07028394 -0.06979867 -0.06942305 -0.06918106 
6.57933225e-05 -0.07097547 -0.07028394 -0.06979867 -0.06942305 -0.06918106 
5.33669923e-05 -0.07097547 -0.07028394 -0.06979867 -0.06942305 -0.06918106 
4.32876128e-05 -0.07097547 -0.07028394 -0.06979867 -0.06942305 -0.06918106 
3.51119173e-05 -0.07097547 -0.07028394 -0.06979867 -0.06942305 -0.06918106 
2.84803587e-05 -0.07097547 -0.07028394 -0.06979867 -0.06942305 -0.06918106 
2.31012970e-05 -0.07097547 -0.07028394 -0.06979867 -0.06942305 -0.06918106 
1.87381742e-05 -0.07097547 -0.07028394 -0.06979867 -0.06942305 -0.06918106 
1.51991108e-05 -0.07097547 -0.07028394 -0.06979867 -0.06942305 -0.06918106 
1.23284674e-05 -0.07097547 -0.07028394 -0.06979867 -0.06942305 -0.06918106 
1.00000000e-05 -0.07097547 -0.07028394 -0.06979867 -0.06942305 -0.06918106 
8.11130831e-06 -0.07097547 -0.07028394 -0.06979867 -0.06942305 -0.06918106 
6.57933225e-06 -0.07097547 -0.07028394 -0.06979867 -0.06942305 -0.06918106 
5.33669923e-06 -0.07097547 -0.07028394 -0.06979867 -0.06942305 -0.06918106 
4.32876128e-06 -0.07097547 -0.07028394 -0.06979867 -0.06942305 -0.06918106 
3.51119173e-06 -0.07097547 -0.07028394 -0.06979867 -0.06942305 -0.06918106 
2.84803587e-06 -0.07097547 -0.07028394 -0.06979867 -0.06942305 -0.06918106 
2.31012970e-06 -0.07097547 -0.07028394 -0.06979867 -0.06942305 -0.06918106 
1.87381742e-06 -0.07097547 -0.07028394 -0.06979867 -0.06942305 -0.06918106 
1.51991108e-06 -0.07097547 -0.07028394 -0.06979867 -0.06942305 -0.06918106 
1.23284674e-06 -0.07097547 -0.07028394 -0.06979867 -0.06942305 -0.06918106 
1.00000000e-06 -0.07097547 -0.07028394 -0.06979867 -0.06942305 -0.06918106 
8.11130831e-07 -0.07097547 -0.07028394 -0.06979867 -0.06942305 -0.06918106 
6.57933225e-07 -0.07097547 -0.07028394 -0.06979867 -0.06942305 -0.06918106 
5.33669923e-07 -0.07097547 -0.07028394 -0.06979867 -0.06942305 -0.06918106 
4.32876128e-07 -0.07097547 -0.07028394 -0.06979867 -0.06942305 -0.06918106 
3.51119173e-07 -0.07097547 -0.07028394 -0.06979867 -0.06942305 -0.06918106 
2.84803587e-07 -0.07097547 -0.07028394 -0.06979867 -0.06942305 -0.06918106 
2.31012970e-07 -0.07097547 -0.07028394 -0.06979867 -0.06942305 -0.06918106 
1.87381742e-07 -0.07097547 -0.07028394 -0.06979867 -0.06942305 -0.06918106 
1.51991108e-07 -0.07097547 -0.07028394 -0.06979867 -0.06942305 -0.06918106 
1.23284674e-07 -0.07097547 -0.07028394 -0.06979867 -0.06942305 -0.06918106 
1.00000000e-07 -0.07097547 -0.07028394 -0.06979867 -0.06942305 -0.06918106 
P (bar) | log_He: -2σ | log_He: -1σ | log_He: median | log_He: +1σ | log_He: +2σ 
1.00000000e+02 -0.84052654 -0.83983502 -0.83934975 -0.83897413 -0.83873213 
8.11130831e+01 -0.84052654 -0.83983502 -0.83934975 -0.83897413 -0.83873213 
6.57933225e+01 -0.84052654 -0.83983502 -0.83934975 -0.83897413 -0.83873213 
5.33669923e+01 -0.84052654 -0.83983502 -0.83934975 -0.83897413 -0.83873213 
4.32876128e+01 -0.84052654 -0.83983502 -0.83934975 -0.83897413 -0.83873213 
3.51119173e+01 -0.84052654 -0.83983502 -0.83934975 -0.83897413 -0.83873213 
2.84803587e+01 -0.84052654 -0.83983502 -0.83934975 -0.83897413 -0.83873213 
2.31012970e+01 -0.84052654 -0.83983502 -0.83934975 -0.83897413 -0.83873213 
1.87381742e+01 -0.84052654 -0.83983502 -0.83934975 -0.83897413 -0.83873213 
1.51991108e+01 -0.84052654 -0.83983502 -0.83934975 -0.83897413 -0.83873213 
1.23284674e+01 -0.84052654 -0.83983502 -0.83934975 -0.83897413 -0.83873213 
1.00000000e+01 -0.84052654 -0.83983502 -0.83934975 -0.83897413 -0.83873213 
8.11130831e+00 -0.84052654 -0.83983502 -0.83934975 -0.83897413 -0.83873213 
6.57933225e+00 -0.84052654 -0.83983502 -0.83934975 -0.83897413 -0.83873213 
5.33669923e+00 -0.84052654 -0.83983502 -0.83934975 -0.83897413 -0.83873213 
4.32876128e+00 -0.84052654 -0.83983502 -0.83934975 -0.83897413 -0.83873213 
3.51119173e+00 -0.84052654 -0.83983502 -0.83934975 -0.83897413 -0.83873213 
2.84803587e+00 -0.84052654 -0.83983502 -0.83934975 -0.83897413 -0.83873213 
2.31012970e+00 -0.84052654 -0.83983502 -0.83934975 -0.83897413 -0.83873213 
1.87381742e+00 -0.84052654 -0.83983502 -0.83934975 -0.83897413 -0.83873213 
1.51991108e+00 -0.84052654 -0.83983502 -0.83934975 -0.83897413 -0.83873213 
1.23284674e+00 -0.84052654 -0.83983502 -0.83934975 -0.83897413 -0.83873213 
1.00000000e+00 -0.84052654 -0.83983502 -0.83934975 -0.83897413 -0.83873213 
8.11130831e-01 -0.84052654 -0.83983502 -0.83934975 -0.83897413 -0.83873213 
6.57933225e-01 -0.84052654 -0.83983502 -0.83934975 -0.83897413 -0.83873213 
5.33669923e-01 -0.84052654 -0.83983502 -0.83934975 -0.83897413 -0.83873213 
4.32876128e-01 -0.84052654 -0.83983502 -0.83934975 -0.83897413 -0.83873213 
3.51119173e-01 -0.84052654 -0.83983502 -0.83934975 -0.83897413 -0.83873213 
2.84803587e-01 -0.84052654 -0.83983502 -0.83934975 -0.83897413 -0.83873213 
2.31012970e-01 -0.84052654 -0.83983502 -0.83934975 -0.83897413 -0.83873213 
1.87381742e-01 -0.84052654 -0.83983502 -0.83934975 -0.83897413 -0.83873213 
1.51991108e-01 -0.84052654 -0.83983502 -0.83934975 -0.83897413 -0.83873213 
1.23284674e-01 -0.84052654 -0.83983502 -0.83934975 -0.83897413 -0.83873213 
1.00000000e-01 -0.84052654 -0.83983502 -0.83934975 -0.83897413 -0.83873213 
8.11130831e-02 -0.84052654 -0.83983502 -0.83934975 -0.83897413 -0.83873213 
6.57933225e-02 -0.84052654 -0.83983502 -0.83934975 -0.83897413 -0.83873213 
5.33669923e-02 -0.84052654 -0.83983502 -0.83934975 -0.83897413 -0.83873213 
4.32876128e-02 -0.84052654 -0.83983502 -0.83934975 -0.83897413 -0.83873213 
3.51119173e-02 -0.84052654 -0.83983502 -0.83934975 -0.83897413 -0.83873213 
2.84803587e-02 -0.84052654 -0.83983502 -0.83934975 -0.83897413 -0.83873213 
2.31012970e-02 -0.84052654 -0.83983502 -0.83934975 -0.83897413 -0.83873213 
1.87381742e-02 -0.84052654 -0.83983502 -0.83934975 -0.83897413 -0.83873213 
1.51991108e-02 -0.84052654 -0.83983502 -0.83934975 -0.83897413 -0.83873213 
1.23284674e-02 -0.84052654 -0.83983502 -0.83934975 -0.83897413 -0.83873213 
1.00000000e-02 -0.84052654 -0.83983502 -0.83934975 -0.83897413 -0.83873213 
8.11130831e-03 -0.84052654 -0.83983502 -0.83934975 -0.83897413 -0.83873213 
6.57933225e-03 -0.84052654 -0.83983502 -0.83934975 -0.83897413 -0.83873213 
5.33669923e-03 -0.84052654 -0.83983502 -0.83934975 -0.83897413 -0.83873213 
4.32876128e-03 -0.84052654 -0.83983502 -0.83934975 -0.83897413 -0.83873213 
3.51119173e-03 -0.84052654 -0.83983502 -0.83934975 -0.83897413 -0.83873213 
2.84803587e-03 -0.84052654 -0.83983502 -0.83934975 -0.83897413 -0.83873213 
2.31012970e-03 -0.84052654 -0.83983502 -0.83934975 -0.83897413 -0.83873213 
1.87381742e-03 -0.84052654 -0.83983502 -0.83934975 -0.83897413 -0.83873213 
1.51991108e-03 -0.84052654 -0.83983502 -0.83934975 -0.83897413 -0.83873213 
1.23284674e-03 -0.84052654 -0.83983502 -0.83934975 -0.83897413 -0.83873213 
1.00000000e-03 -0.84052654 -0.83983502 -0.83934975 -0.83897413 -0.83873213 
8.11130831e-04 -0.84052654 -0.83983502 -0.83934975 -0.83897413 -0.83873213 
6.57933225e-04 -0.84052654 -0.83983502 -0.83934975 -0.83897413 -0.83873213 
5.33669923e-04 -0.84052654 -0.83983502 -0.83934975 -0.83897413 -0.83873213 
4.32876128e-04 -0.84052654 -0.83983502 -0.83934975 -0.83897413 -0.83873213 
3.51119173e-04 -0.84052654 -0.83983502 -0.83934975 -0.83897413 -0.83873213 
2.84803587e-04 -0.84052654 -0.83983502 -0.83934975 -0.83897413 -0.83873213 
2.31012970e-04 -0.84052654 -0.83983502 -0.83934975 -0.83897413 -0.83873213 
1.87381742e-04 -0.84052654 -0.83983502 -0.83934975 -0.83897413 -0.83873213 
1.51991108e-04 -0.84052654 -0.83983502 -0.83934975 -0.83897413 -0.83873213 
1.23284674e-04 -0.84052654 -0.83983502 -0.83934975 -0.83897413 -0.83873213 
1.00000000e-04 -0.84052654 -0.83983502 -0.83934975 -0.83897413 -0.83873213 
8.11130831e-05 -0.84052654 -0.83983502 -0.83934975 -0.83897413 -0.83873213 
6.57933225e-05 -0.84052654 -0.83983502 -0.83934975 -0.83897413 -0.83873213 
5.33669923e-05 -0.84052654 -0.83983502 -0.83934975 -0.83897413 -0.83873213 
4.32876128e-05 -0.84052654 -0.83983502 -0.83934975 -0.83897413 -0.83873213 
3.51119173e-05 -0.84052654 -0.83983502 -0.83934975 -0.83897413 -0.83873213 
2.84803587e-05 -0.84052654 -0.83983502 -0.83934975 -0.83897413 -0.83873213 
2.31012970e-05 -0.84052654 -0.83983502 -0.83934975 -0.83897413 -0.83873213 
1.87381742e-05 -0.84052654 -0.83983502 -0.83934975 -0.83897413 -0.83873213 
1.51991108e-05 -0.84052654 -0.83983502 -0.83934975 -0.83897413 -0.83873213 
1.23284674e-05 -0.84052654 -0.83983502 -0.83934975 -0.83897413 -0.83873213 
1.00000000e-05 -0.84052654 -0.83983502 -0.83934975 -0.83897413 -0.83873213 
8.11130831e-06 -0.84052654 -0.83983502 -0.83934975 -0.83897413 -0.83873213 
6.57933225e-06 -0.84052654 -0.83983502 -0.83934975 -0.83897413 -0.83873213 
5.33669923e-06 -0.84052654 -0.83983502 -0.83934975 -0.83897413 -0.83873213 
4.32876128e-06 -0.84052654 -0.83983502 -0.83934975 -0.83897413 -0.83873213 
3.51119173e-06 -0.84052654 -0.83983502 -0.83934975 -0.83897413 -0.83873213 
2.84803587e-06 -0.84052654 -0.83983502 -0.83934975 -0.83897413 -0.83873213 
2.31012970e-06 -0.84052654 -0.83983502 -0.83934975 -0.83897413 -0.83873213 
1.87381742e-06 -0.84052654 -0.83983502 -0.83934975 -0.83897413 -0.83873213 
1.51991108e-06 -0.84052654 -0.83983502 -0.83934975 -0.83897413 -0.83873213 
1.23284674e-06 -0.84052654 -0.83983502 -0.83934975 -0.83897413 -0.83873213 
1.00000000e-06 -0.84052654 -0.83983502 -0.83934975 -0.83897413 -0.83873213 
8.11130831e-07 -0.84052654 -0.83983502 -0.83934975 -0.83897413 -0.83873213 
6.57933225e-07 -0.84052654 -0.83983502 -0.83934975 -0.83897413 -0.83873213 
5.33669923e-07 -0.84052654 -0.83983502 -0.83934975 -0.83897413 -0.83873213 
4.32876128e-07 -0.84052654 -0.83983502 -0.83934975 -0.83897413 -0.83873213 
3.51119173e-07 -0.84052654 -0.83983502 -0.83934975 -0.83897413 -0.83873213 
2.84803587e-07 -0.84052654 -0.83983502 -0.83934975 -0.83897413 -0.83873213 
2.31012970e-07 -0.84052654 -0.83983502 -0.83934975 -0.83897413 -0.83873213 
1.87381742e-07 -0.84052654 -0.83983502 -0.83934975 -0.83897413 -0.83873213 
1.51991108e-07 -0.84052654 -0.83983502 -0.83934975 -0.83897413 -0.83873213 
1.23284674e-07 -0.84052654 -0.83983502 -0.83934975 -0.83897413 -0.83873213 
1.00000000e-07 -0.84052654 -0.83983502 -0.83934975 -0.83897413 -0.83873213 
P (bar) | log_CO2: -2σ | log_CO2: -1σ | log_CO2: median | log_CO2: +1σ | log_CO2: +2σ 
1.00000000e+02 -3.51098854 -3.41246796 -3.30315656 -3.20879013 -3.11413524 
8.11130831e+01 -3.51098854 -3.41246796 -3.30315656 -3.20879013 -3.11413524 
6.57933225e+01 -3.51098854 -3.41246796 -3.30315656 -3.20879013 -3.11413524 
5.33669923e+01 -3.51098854 -3.41246796 -3.30315656 -3.20879013 -3.11413524 
4.32876128e+01 -3.51098854 -3.41246796 -3.30315656 -3.20879013 -3.11413524 
3.51119173e+01 -3.51098854 -3.41246796 -3.30315656 -3.20879013 -3.11413524 
2.84803587e+01 -3.51098854 -3.41246796 -3.30315656 -3.20879013 -3.11413524 
2.31012970e+01 -3.51098854 -3.41246796 -3.30315656 -3.20879013 -3.11413524 
1.87381742e+01 -3.51098854 -3.41246796 -3.30315656 -3.20879013 -3.11413524 
1.51991108e+01 -3.51098854 -3.41246796 -3.30315656 -3.20879013 -3.11413524 
1.23284674e+01 -3.51098854 -3.41246796 -3.30315656 -3.20879013 -3.11413524 
1.00000000e+01 -3.51098854 -3.41246796 -3.30315656 -3.20879013 -3.11413524 
8.11130831e+00 -3.51098854 -3.41246796 -3.30315656 -3.20879013 -3.11413524 
6.57933225e+00 -3.51098854 -3.41246796 -3.30315656 -3.20879013 -3.11413524 
5.33669923e+00 -3.51098854 -3.41246796 -3.30315656 -3.20879013 -3.11413524 
4.32876128e+00 -3.51098854 -3.41246796 -3.30315656 -3.20879013 -3.11413524 
3.51119173e+00 -3.51098854 -3.41246796 -3.30315656 -3.20879013 -3.11413524 
2.84803587e+00 -3.51098854 -3.41246796 -3.30315656 -3.20879013 -3.11413524 
2.31012970e+00 -3.51098854 -3.41246796 -3.30315656 -3.20879013 -3.11413524 
1.87381742e+00 -3.51098854 -3.41246796 -3.30315656 -3.20879013 -3.11413524 
1.51991108e+00 -3.51098854 -3.41246796 -3.30315656 -3.20879013 -3.11413524 
1.23284674e+00 -3.51098854 -3.41246796 -3.30315656 -3.20879013 -3.11413524 
1.00000000e+00 -3.51098854 -3.41246796 -3.30315656 -3.20879013 -3.11413524 
8.11130831e-01 -3.51098854 -3.41246796 -3.30315656 -3.20879013 -3.11413524 
6.57933225e-01 -3.51098854 -3.41246796 -3.30315656 -3.20879013 -3.11413524 
5.33669923e-01 -3.51098854 -3.41246796 -3.30315656 -3.20879013 -3.11413524 
4.32876128e-01 -3.51098854 -3.41246796 -3.30315656 -3.20879013 -3.11413524 
3.51119173e-01 -3.51098854 -3.41246796 -3.30315656 -3.20879013 -3.11413524 
2.84803587e-01 -3.51098854 -3.41246796 -3.30315656 -3.20879013 -3.11413524 
2.31012970e-01 -3.51098854 -3.41246796 -3.30315656 -3.20879013 -3.11413524 
1.87381742e-01 -3.51098854 -3.41246796 -3.30315656 -3.20879013 -3.11413524 
1.51991108e-01 -3.51098854 -3.41246796 -3.30315656 -3.20879013 -3.11413524 
1.23284674e-01 -3.51098854 -3.41246796 -3.30315656 -3.20879013 -3.11413524 
1.00000000e-01 -3.51098854 -3.41246796 -3.30315656 -3.20879013 -3.11413524 
8.11130831e-02 -3.51098854 -3.41246796 -3.30315656 -3.20879013 -3.11413524 
6.57933225e-02 -3.51098854 -3.41246796 -3.30315656 -3.20879013 -3.11413524 
5.33669923e-02 -3.51098854 -3.41246796 -3.30315656 -3.20879013 -3.11413524 
4.32876128e-02 -3.51098854 -3.41246796 -3.30315656 -3.20879013 -3.11413524 
3.51119173e-02 -3.51098854 -3.41246796 -3.30315656 -3.20879013 -3.11413524 
2.84803587e-02 -3.51098854 -3.41246796 -3.30315656 -3.20879013 -3.11413524 
2.31012970e-02 -3.51098854 -3.41246796 -3.30315656 -3.20879013 -3.11413524 
1.87381742e-02 -3.51098854 -3.41246796 -3.30315656 -3.20879013 -3.11413524 
1.51991108e-02 -3.51098854 -3.41246796 -3.30315656 -3.20879013 -3.11413524 
1.23284674e-02 -3.51098854 -3.41246796 -3.30315656 -3.20879013 -3.11413524 
1.00000000e-02 -3.51098854 -3.41246796 -3.30315656 -3.20879013 -3.11413524 
8.11130831e-03 -3.51098854 -3.41246796 -3.30315656 -3.20879013 -3.11413524 
6.57933225e-03 -3.51098854 -3.41246796 -3.30315656 -3.20879013 -3.11413524 
5.33669923e-03 -3.51098854 -3.41246796 -3.30315656 -3.20879013 -3.11413524 
4.32876128e-03 -3.51098854 -3.41246796 -3.30315656 -3.20879013 -3.11413524 
3.51119173e-03 -3.51098854 -3.41246796 -3.30315656 -3.20879013 -3.11413524 
2.84803587e-03 -3.51098854 -3.41246796 -3.30315656 -3.20879013 -3.11413524 
2.31012970e-03 -3.51098854 -3.41246796 -3.30315656 -3.20879013 -3.11413524 
1.87381742e-03 -3.51098854 -3.41246796 -3.30315656 -3.20879013 -3.11413524 
1.51991108e-03 -3.51098854 -3.41246796 -3.30315656 -3.20879013 -3.11413524 
1.23284674e-03 -3.51098854 -3.41246796 -3.30315656 -3.20879013 -3.11413524 
1.00000000e-03 -3.51098854 -3.41246796 -3.30315656 -3.20879013 -3.11413524 
8.11130831e-04 -3.51098854 -3.41246796 -3.30315656 -3.20879013 -3.11413524 
6.57933225e-04 -3.51098854 -3.41246796 -3.30315656 -3.20879013 -3.11413524 
5.33669923e-04 -3.51098854 -3.41246796 -3.30315656 -3.20879013 -3.11413524 
4.32876128e-04 -3.51098854 -3.41246796 -3.30315656 -3.20879013 -3.11413524 
3.51119173e-04 -3.51098854 -3.41246796 -3.30315656 -3.20879013 -3.11413524 
2.84803587e-04 -3.51098854 -3.41246796 -3.30315656 -3.20879013 -3.11413524 
2.31012970e-04 -3.51098854 -3.41246796 -3.30315656 -3.20879013 -3.11413524 
1.87381742e-04 -3.51098854 -3.41246796 -3.30315656 -3.20879013 -3.11413524 
1.51991108e-04 -3.51098854 -3.41246796 -3.30315656 -3.20879013 -3.11413524 
1.23284674e-04 -3.51098854 -3.41246796 -3.30315656 -3.20879013 -3.11413524 
1.00000000e-04 -3.51098854 -3.41246796 -3.30315656 -3.20879013 -3.11413524 
8.11130831e-05 -3.51098854 -3.41246796 -3.30315656 -3.20879013 -3.11413524 
6.57933225e-05 -3.51098854 -3.41246796 -3.30315656 -3.20879013 -3.11413524 
5.33669923e-05 -3.51098854 -3.41246796 -3.30315656 -3.20879013 -3.11413524 
4.32876128e-05 -3.51098854 -3.41246796 -3.30315656 -3.20879013 -3.11413524 
3.51119173e-05 -3.51098854 -3.41246796 -3.30315656 -3.20879013 -3.11413524 
2.84803587e-05 -3.51098854 -3.41246796 -3.30315656 -3.20879013 -3.11413524 
2.31012970e-05 -3.51098854 -3.41246796 -3.30315656 -3.20879013 -3.11413524 
1.87381742e-05 -3.51098854 -3.41246796 -3.30315656 -3.20879013 -3.11413524 
1.51991108e-05 -3.51098854 -3.41246796 -3.30315656 -3.20879013 -3.11413524 
1.23284674e-05 -3.51098854 -3.41246796 -3.30315656 -3.20879013 -3.11413524 
1.00000000e-05 -3.51098854 -3.41246796 -3.30315656 -3.20879013 -3.11413524 
8.11130831e-06 -3.51098854 -3.41246796 -3.30315656 -3.20879013 -3.11413524 
6.57933225e-06 -3.51098854 -3.41246796 -3.30315656 -3.20879013 -3.11413524 
5.33669923e-06 -3.51098854 -3.41246796 -3.30315656 -3.20879013 -3.11413524 
4.32876128e-06 -3.51098854 -3.41246796 -3.30315656 -3.20879013 -3.11413524 
3.51119173e-06 -3.51098854 -3.41246796 -3.30315656 -3.20879013 -3.11413524 
2.84803587e-06 -3.51098854 -3.41246796 -3.30315656 -3.20879013 -3.11413524 
2.31012970e-06 -3.51098854 -3.41246796 -3.30315656 -3.20879013 -3.11413524 
1.87381742e-06 -3.51098854 -3.41246796 -3.30315656 -3.20879013 -3.11413524 
1.51991108e-06 -3.51098854 -3.41246796 -3.30315656 -3.20879013 -3.11413524 
1.23284674e-06 -3.51098854 -3.41246796 -3.30315656 -3.20879013 -3.11413524 
1.00000000e-06 -3.51098854 -3.41246796 -3.30315656 -3.20879013 -3.11413524 
8.11130831e-07 -3.51098854 -3.41246796 -3.30315656 -3.20879013 -3.11413524 
6.57933225e-07 -3.51098854 -3.41246796 -3.30315656 -3.20879013 -3.11413524 
5.33669923e-07 -3.51098854 -3.41246796 -3.30315656 -3.20879013 -3.11413524 
4.32876128e-07 -3.51098854 -3.41246796 -3.30315656 -3.20879013 -3.11413524 
3.51119173e-07 -3.51098854 -3.41246796 -3.30315656 -3.20879013 -3.11413524 
2.84803587e-07 -3.51098854 -3.41246796 -3.30315656 -3.20879013 -3.11413524 
2.31012970e-07 -3.51098854 -3.41246796 -3.30315656 -3.20879013 -3.11413524 
1.87381742e-07 -3.51098854 -3.41246796 -3.30315656 -3.20879013 -3.11413524 
1.51991108e-07 -3.51098854 -3.41246796 -3.30315656 -3.20879013 -3.11413524 
1.23284674e-07 -3.51098854 -3.41246796 -3.30315656 -3.20879013 -3.11413524 
1.00000000e-07 -3.51098854 -3.41246796 -3.30315656 -3.20879013 -3.11413524 
P (bar) | log_SO2: -2σ | log_SO2: -1σ | log_SO2: median | log_SO2: +1σ | log_SO2: +2σ 
1.00000000e+02 -4.99968772 -4.99809803 -4.99266201 -4.98113040 -4.95608317 
8.11130831e+01 -4.99968772 -4.99809803 -4.99266201 -4.98113040 -4.95608317 
6.57933225e+01 -4.99968772 -4.99809803 -4.99266201 -4.98113040 -4.95608317 
5.33669923e+01 -4.99968772 -4.99809803 -4.99266201 -4.98113040 -4.95608317 
4.32876128e+01 -4.99968772 -4.99809803 -4.99266201 -4.98113040 -4.95608317 
3.51119173e+01 -4.99968772 -4.99809803 -4.99266201 -4.98113040 -4.95608317 
2.84803587e+01 -4.99968772 -4.99809803 -4.99266201 -4.98113040 -4.95608317 
2.31012970e+01 -4.99968772 -4.99809803 -4.99266201 -4.98113040 -4.95608317 
1.87381742e+01 -4.99968772 -4.99809803 -4.99266201 -4.98113040 -4.95608317 
1.51991108e+01 -4.99968772 -4.99809803 -4.99266201 -4.98113040 -4.95608317 
1.23284674e+01 -4.99968772 -4.99809803 -4.99266201 -4.98113040 -4.95608317 
1.00000000e+01 -4.99968772 -4.99809803 -4.99266201 -4.98113040 -4.95608317 
8.11130831e+00 -4.99968772 -4.99809803 -4.99266201 -4.98113040 -4.95608317 
6.57933225e+00 -4.99968772 -4.99809803 -4.99266201 -4.98113040 -4.95608317 
5.33669923e+00 -4.99968772 -4.99809803 -4.99266201 -4.98113040 -4.95608317 
4.32876128e+00 -4.99968772 -4.99809803 -4.99266201 -4.98113040 -4.95608317 
3.51119173e+00 -4.99968772 -4.99809803 -4.99266201 -4.98113040 -4.95608317 
2.84803587e+00 -4.99968772 -4.99809803 -4.99266201 -4.98113040 -4.95608317 
2.31012970e+00 -4.99968772 -4.99809803 -4.99266201 -4.98113040 -4.95608317 
1.87381742e+00 -4.99968772 -4.99809803 -4.99266201 -4.98113040 -4.95608317 
1.51991108e+00 -4.99968772 -4.99809803 -4.99266201 -4.98113040 -4.95608317 
1.23284674e+00 -4.99968772 -4.99809803 -4.99266201 -4.98113040 -4.95608317 
1.00000000e+00 -4.99968772 -4.99809803 -4.99266201 -4.98113040 -4.95608317 
8.11130831e-01 -4.99968772 -4.99809803 -4.99266201 -4.98113040 -4.95608317 
6.57933225e-01 -4.99968772 -4.99809803 -4.99266201 -4.98113040 -4.95608317 
5.33669923e-01 -4.99968772 -4.99809803 -4.99266201 -4.98113040 -4.95608317 
4.32876128e-01 -4.99968772 -4.99809803 -4.99266201 -4.98113040 -4.95608317 
3.51119173e-01 -4.99968772 -4.99809803 -4.99266201 -4.98113040 -4.95608317 
2.84803587e-01 -4.99968772 -4.99809803 -4.99266201 -4.98113040 -4.95608317 
2.31012970e-01 -4.99968772 -4.99809803 -4.99266201 -4.98113040 -4.95608317 
1.87381742e-01 -4.99968772 -4.99809803 -4.99266201 -4.98113040 -4.95608317 
1.51991108e-01 -4.99968772 -4.99809803 -4.99266201 -4.98113040 -4.95608317 
1.23284674e-01 -4.99968772 -4.99809803 -4.99266201 -4.98113040 -4.95608317 
1.00000000e-01 -4.99968772 -4.99809803 -4.99266201 -4.98113040 -4.95608317 
8.11130831e-02 -4.99968772 -4.99809803 -4.99266201 -4.98113040 -4.95608317 
6.57933225e-02 -4.99968772 -4.99809803 -4.99266201 -4.98113040 -4.95608317 
5.33669923e-02 -4.99968772 -4.99809803 -4.99266201 -4.98113040 -4.95608317 
4.32876128e-02 -4.99968772 -4.99809803 -4.99266201 -4.98113040 -4.95608317 
3.51119173e-02 -4.99968772 -4.99809803 -4.99266201 -4.98113040 -4.95608317 
2.84803587e-02 -4.99968772 -4.99809803 -4.99266201 -4.98113040 -4.95608317 
2.31012970e-02 -4.99968772 -4.99809803 -4.99266201 -4.98113040 -4.95608317 
1.87381742e-02 -4.99968772 -4.99809803 -4.99266201 -4.98113040 -4.95608317 
1.51991108e-02 -4.99968772 -4.99809803 -4.99266201 -4.98113040 -4.95608317 
1.23284674e-02 -4.99968772 -4.99809803 -4.99266201 -4.98113040 -4.95608317 
1.00000000e-02 -4.99968772 -4.99809803 -4.99266201 -4.98113040 -4.95608317 
8.11130831e-03 -4.99968772 -4.99809803 -4.99266201 -4.98113040 -4.95608317 
6.57933225e-03 -4.99968772 -4.99809803 -4.99266201 -4.98113040 -4.95608317 
5.33669923e-03 -4.99968772 -4.99809803 -4.99266201 -4.98113040 -4.95608317 
4.32876128e-03 -4.99968772 -4.99809803 -4.99266201 -4.98113040 -4.95608317 
3.51119173e-03 -4.99968772 -4.99809803 -4.99266201 -4.98113040 -4.95608317 
2.84803587e-03 -4.99968772 -4.99809803 -4.99266201 -4.98113040 -4.95608317 
2.31012970e-03 -4.99968772 -4.99809803 -4.99266201 -4.98113040 -4.95608317 
1.87381742e-03 -4.99968772 -4.99809803 -4.99266201 -4.98113040 -4.95608317 
1.51991108e-03 -4.99968772 -4.99809803 -4.99266201 -4.98113040 -4.95608317 
1.23284674e-03 -4.99968772 -4.99809803 -4.99266201 -4.98113040 -4.95608317 
1.00000000e-03 -4.99968772 -4.99809803 -4.99266201 -4.98113040 -4.95608317 
8.11130831e-04 -4.99968772 -4.99809803 -4.99266201 -4.98113040 -4.95608317 
6.57933225e-04 -4.99968772 -4.99809803 -4.99266201 -4.98113040 -4.95608317 
5.33669923e-04 -4.99968772 -4.99809803 -4.99266201 -4.98113040 -4.95608317 
4.32876128e-04 -4.99968772 -4.99809803 -4.99266201 -4.98113040 -4.95608317 
3.51119173e-04 -4.99968772 -4.99809803 -4.99266201 -4.98113040 -4.95608317 
2.84803587e-04 -4.99968772 -4.99809803 -4.99266201 -4.98113040 -4.95608317 
2.31012970e-04 -4.99968772 -4.99809803 -4.99266201 -4.98113040 -4.95608317 
1.87381742e-04 -4.99968772 -4.99809803 -4.99266201 -4.98113040 -4.95608317 
1.51991108e-04 -4.99968772 -4.99809803 -4.99266201 -4.98113040 -4.95608317 
1.23284674e-04 -4.99968772 -4.99809803 -4.99266201 -4.98113040 -4.95608317 
1.00000000e-04 -4.99968772 -4.99809803 -4.99266201 -4.98113040 -4.95608317 
8.11130831e-05 -4.99968772 -4.99809803 -4.99266201 -4.98113040 -4.95608317 
6.57933225e-05 -4.99968772 -4.99809803 -4.99266201 -4.98113040 -4.95608317 
5.33669923e-05 -4.99968772 -4.99809803 -4.99266201 -4.98113040 -4.95608317 
4.32876128e-05 -4.99968772 -4.99809803 -4.99266201 -4.98113040 -4.95608317 
3.51119173e-05 -4.99968772 -4.99809803 -4.99266201 -4.98113040 -4.95608317 
2.84803587e-05 -4.99968772 -4.99809803 -4.99266201 -4.98113040 -4.95608317 
2.31012970e-05 -4.99968772 -4.99809803 -4.99266201 -4.98113040 -4.95608317 
1.87381742e-05 -4.99968772 -4.99809803 -4.99266201 -4.98113040 -4.95608317 
1.51991108e-05 -4.99968772 -4.99809803 -4.99266201 -4.98113040 -4.95608317 
1.23284674e-05 -4.99968772 -4.99809803 -4.99266201 -4.98113040 -4.95608317 
1.00000000e-05 -4.99968772 -4.99809803 -4.99266201 -4.98113040 -4.95608317 
8.11130831e-06 -4.99968772 -4.99809803 -4.99266201 -4.98113040 -4.95608317 
6.57933225e-06 -4.99968772 -4.99809803 -4.99266201 -4.98113040 -4.95608317 
5.33669923e-06 -4.99968772 -4.99809803 -4.99266201 -4.98113040 -4.95608317 
4.32876128e-06 -4.99968772 -4.99809803 -4.99266201 -4.98113040 -4.95608317 
3.51119173e-06 -4.99968772 -4.99809803 -4.99266201 -4.98113040 -4.95608317 
2.84803587e-06 -4.99968772 -4.99809803 -4.99266201 -4.98113040 -4.95608317 
2.31012970e-06 -4.99968772 -4.99809803 -4.99266201 -4.98113040 -4.95608317 
1.87381742e-06 -4.99968772 -4.99809803 -4.99266201 -4.98113040 -4.95608317 
1.51991108e-06 -4.99968772 -4.99809803 -4.99266201 -4.98113040 -4.95608317 
1.23284674e-06 -4.99968772 -4.99809803 -4.99266201 -4.98113040 -4.95608317 
1.00000000e-06 -4.99968772 -4.99809803 -4.99266201 -4.98113040 -4.95608317 
8.11130831e-07 -4.99968772 -4.99809803 -4.99266201 -4.98113040 -4.95608317 
6.57933225e-07 -4.99968772 -4.99809803 -4.99266201 -4.98113040 -4.95608317 
5.33669923e-07 -4.99968772 -4.99809803 -4.99266201 -4.98113040 -4.95608317 
4.32876128e-07 -4.99968772 -4.99809803 -4.99266201 -4.98113040 -4.95608317 
3.51119173e-07 -4.99968772 -4.99809803 -4.99266201 -4.98113040 -4.95608317 
2.84803587e-07 -4.99968772 -4.99809803 -4.99266201 -4.98113040 -4.95608317 
2.31012970e-07 -4.99968772 -4.99809803 -4.99266201 -4.98113040 -4.95608317 
1.87381742e-07 -4.99968772 -4.99809803 -4.99266201 -4.98113040 -4.95608317 
1.51991108e-07 -4.99968772 -4.99809803 -4.99266201 -4.98113040 -4.95608317 
1.23284674e-07 -4.99968772 -4.99809803 -4.99266201 -4.98113040 -4.95608317 
1.00000000e-07 -4.99968772 -4.99809803 -4.99266201 -4.98113040 -4.95608317 
P (bar) | log_CO: -2σ | log_CO: -1σ | log_CO: median | log_CO: +1σ | log_CO: +2σ 
1.00000000e+02 -4.28839492 -3.67974355 -3.21103762 -2.79141430 -2.57389711 
8.11130831e+01 -4.28839492 -3.67974355 -3.21103762 -2.79141430 -2.57389711 
6.57933225e+01 -4.28839492 -3.67974355 -3.21103762 -2.79141430 -2.57389711 
5.33669923e+01 -4.28839492 -3.67974355 -3.21103762 -2.79141430 -2.57389711 
4.32876128e+01 -4.28839492 -3.67974355 -3.21103762 -2.79141430 -2.57389711 
3.51119173e+01 -4.28839492 -3.67974355 -3.21103762 -2.79141430 -2.57389711 
2.84803587e+01 -4.28839492 -3.67974355 -3.21103762 -2.79141430 -2.57389711 
2.31012970e+01 -4.28839492 -3.67974355 -3.21103762 -2.79141430 -2.57389711 
1.87381742e+01 -4.28839492 -3.67974355 -3.21103762 -2.79141430 -2.57389711 
1.51991108e+01 -4.28839492 -3.67974355 -3.21103762 -2.79141430 -2.57389711 
1.23284674e+01 -4.28839492 -3.67974355 -3.21103762 -2.79141430 -2.57389711 
1.00000000e+01 -4.28839492 -3.67974355 -3.21103762 -2.79141430 -2.57389711 
8.11130831e+00 -4.28839492 -3.67974355 -3.21103762 -2.79141430 -2.57389711 
6.57933225e+00 -4.28839492 -3.67974355 -3.21103762 -2.79141430 -2.57389711 
5.33669923e+00 -4.28839492 -3.67974355 -3.21103762 -2.79141430 -2.57389711 
4.32876128e+00 -4.28839492 -3.67974355 -3.21103762 -2.79141430 -2.57389711 
3.51119173e+00 -4.28839492 -3.67974355 -3.21103762 -2.79141430 -2.57389711 
2.84803587e+00 -4.28839492 -3.67974355 -3.21103762 -2.79141430 -2.57389711 
2.31012970e+00 -4.28839492 -3.67974355 -3.21103762 -2.79141430 -2.57389711 
1.87381742e+00 -4.28839492 -3.67974355 -3.21103762 -2.79141430 -2.57389711 
1.51991108e+00 -4.28839492 -3.67974355 -3.21103762 -2.79141430 -2.57389711 
1.23284674e+00 -4.28839492 -3.67974355 -3.21103762 -2.79141430 -2.57389711 
1.00000000e+00 -4.28839492 -3.67974355 -3.21103762 -2.79141430 -2.57389711 
8.11130831e-01 -4.28839492 -3.67974355 -3.21103762 -2.79141430 -2.57389711 
6.57933225e-01 -4.28839492 -3.67974355 -3.21103762 -2.79141430 -2.57389711 
5.33669923e-01 -4.28839492 -3.67974355 -3.21103762 -2.79141430 -2.57389711 
4.32876128e-01 -4.28839492 -3.67974355 -3.21103762 -2.79141430 -2.57389711 
3.51119173e-01 -4.28839492 -3.67974355 -3.21103762 -2.79141430 -2.57389711 
2.84803587e-01 -4.28839492 -3.67974355 -3.21103762 -2.79141430 -2.57389711 
2.31012970e-01 -4.28839492 -3.67974355 -3.21103762 -2.79141430 -2.57389711 
1.87381742e-01 -4.28839492 -3.67974355 -3.21103762 -2.79141430 -2.57389711 
1.51991108e-01 -4.28839492 -3.67974355 -3.21103762 -2.79141430 -2.57389711 
1.23284674e-01 -4.28839492 -3.67974355 -3.21103762 -2.79141430 -2.57389711 
1.00000000e-01 -4.28839492 -3.67974355 -3.21103762 -2.79141430 -2.57389711 
8.11130831e-02 -4.28839492 -3.67974355 -3.21103762 -2.79141430 -2.57389711 
6.57933225e-02 -4.28839492 -3.67974355 -3.21103762 -2.79141430 -2.57389711 
5.33669923e-02 -4.28839492 -3.67974355 -3.21103762 -2.79141430 -2.57389711 
4.32876128e-02 -4.28839492 -3.67974355 -3.21103762 -2.79141430 -2.57389711 
3.51119173e-02 -4.28839492 -3.67974355 -3.21103762 -2.79141430 -2.57389711 
2.84803587e-02 -4.28839492 -3.67974355 -3.21103762 -2.79141430 -2.57389711 
2.31012970e-02 -4.28839492 -3.67974355 -3.21103762 -2.79141430 -2.57389711 
1.87381742e-02 -4.28839492 -3.67974355 -3.21103762 -2.79141430 -2.57389711 
1.51991108e-02 -4.28839492 -3.67974355 -3.21103762 -2.79141430 -2.57389711 
1.23284674e-02 -4.28839492 -3.67974355 -3.21103762 -2.79141430 -2.57389711 
1.00000000e-02 -4.28839492 -3.67974355 -3.21103762 -2.79141430 -2.57389711 
8.11130831e-03 -4.28839492 -3.67974355 -3.21103762 -2.79141430 -2.57389711 
6.57933225e-03 -4.28839492 -3.67974355 -3.21103762 -2.79141430 -2.57389711 
5.33669923e-03 -4.28839492 -3.67974355 -3.21103762 -2.79141430 -2.57389711 
4.32876128e-03 -4.28839492 -3.67974355 -3.21103762 -2.79141430 -2.57389711 
3.51119173e-03 -4.28839492 -3.67974355 -3.21103762 -2.79141430 -2.57389711 
2.84803587e-03 -4.28839492 -3.67974355 -3.21103762 -2.79141430 -2.57389711 
2.31012970e-03 -4.28839492 -3.67974355 -3.21103762 -2.79141430 -2.57389711 
1.87381742e-03 -4.28839492 -3.67974355 -3.21103762 -2.79141430 -2.57389711 
1.51991108e-03 -4.28839492 -3.67974355 -3.21103762 -2.79141430 -2.57389711 
1.23284674e-03 -4.28839492 -3.67974355 -3.21103762 -2.79141430 -2.57389711 
1.00000000e-03 -4.28839492 -3.67974355 -3.21103762 -2.79141430 -2.57389711 
8.11130831e-04 -4.28839492 -3.67974355 -3.21103762 -2.79141430 -2.57389711 
6.57933225e-04 -4.28839492 -3.67974355 -3.21103762 -2.79141430 -2.57389711 
5.33669923e-04 -4.28839492 -3.67974355 -3.21103762 -2.79141430 -2.57389711 
4.32876128e-04 -4.28839492 -3.67974355 -3.21103762 -2.79141430 -2.57389711 
3.51119173e-04 -4.28839492 -3.67974355 -3.21103762 -2.79141430 -2.57389711 
2.84803587e-04 -4.28839492 -3.67974355 -3.21103762 -2.79141430 -2.57389711 
2.31012970e-04 -4.28839492 -3.67974355 -3.21103762 -2.79141430 -2.57389711 
1.87381742e-04 -4.28839492 -3.67974355 -3.21103762 -2.79141430 -2.57389711 
1.51991108e-04 -4.28839492 -3.67974355 -3.21103762 -2.79141430 -2.57389711 
1.23284674e-04 -4.28839492 -3.67974355 -3.21103762 -2.79141430 -2.57389711 
1.00000000e-04 -4.28839492 -3.67974355 -3.21103762 -2.79141430 -2.57389711 
8.11130831e-05 -4.28839492 -3.67974355 -3.21103762 -2.79141430 -2.57389711 
6.57933225e-05 -4.28839492 -3.67974355 -3.21103762 -2.79141430 -2.57389711 
5.33669923e-05 -4.28839492 -3.67974355 -3.21103762 -2.79141430 -2.57389711 
4.32876128e-05 -4.28839492 -3.67974355 -3.21103762 -2.79141430 -2.57389711 
3.51119173e-05 -4.28839492 -3.67974355 -3.21103762 -2.79141430 -2.57389711 
2.84803587e-05 -4.28839492 -3.67974355 -3.21103762 -2.79141430 -2.57389711 
2.31012970e-05 -4.28839492 -3.67974355 -3.21103762 -2.79141430 -2.57389711 
1.87381742e-05 -4.28839492 -3.67974355 -3.21103762 -2.79141430 -2.57389711 
1.51991108e-05 -4.28839492 -3.67974355 -3.21103762 -2.79141430 -2.57389711 
1.23284674e-05 -4.28839492 -3.67974355 -3.21103762 -2.79141430 -2.57389711 
1.00000000e-05 -4.28839492 -3.67974355 -3.21103762 -2.79141430 -2.57389711 
8.11130831e-06 -4.28839492 -3.67974355 -3.21103762 -2.79141430 -2.57389711 
6.57933225e-06 -4.28839492 -3.67974355 -3.21103762 -2.79141430 -2.57389711 
5.33669923e-06 -4.28839492 -3.67974355 -3.21103762 -2.79141430 -2.57389711 
4.32876128e-06 -4.28839492 -3.67974355 -3.21103762 -2.79141430 -2.57389711 
3.51119173e-06 -4.28839492 -3.67974355 -3.21103762 -2.79141430 -2.57389711 
2.84803587e-06 -4.28839492 -3.67974355 -3.21103762 -2.79141430 -2.57389711 
2.31012970e-06 -4.28839492 -3.67974355 -3.21103762 -2.79141430 -2.57389711 
1.87381742e-06 -4.28839492 -3.67974355 -3.21103762 -2.79141430 -2.57389711 
1.51991108e-06 -4.28839492 -3.67974355 -3.21103762 -2.79141430 -2.57389711 
1.23284674e-06 -4.28839492 -3.67974355 -3.21103762 -2.79141430 -2.57389711 
1.00000000e-06 -4.28839492 -3.67974355 -3.21103762 -2.79141430 -2.57389711 
8.11130831e-07 -4.28839492 -3.67974355 -3.21103762 -2.79141430 -2.57389711 
6.57933225e-07 -4.28839492 -3.67974355 -3.21103762 -2.79141430 -2.57389711 
5.33669923e-07 -4.28839492 -3.67974355 -3.21103762 -2.79141430 -2.57389711 
4.32876128e-07 -4.28839492 -3.67974355 -3.21103762 -2.79141430 -2.57389711 
3.51119173e-07 -4.28839492 -3.67974355 -3.21103762 -2.79141430 -2.57389711 
2.84803587e-07 -4.28839492 -3.67974355 -3.21103762 -2.79141430 -2.57389711 
2.31012970e-07 -4.28839492 -3.67974355 -3.21103762 -2.79141430 -2.57389711 
1.87381742e-07 -4.28839492 -3.67974355 -3.21103762 -2.79141430 -2.57389711 
1.51991108e-07 -4.28839492 -3.67974355 -3.21103762 -2.79141430 -2.57389711 
1.23284674e-07 -4.28839492 -3.67974355 -3.21103762 -2.79141430 -2.57389711 
1.00000000e-07 -4.28839492 -3.67974355 -3.21103762 -2.79141430 -2.57389711 
P (bar) | log_H2S: -2σ | log_H2S: -1σ | log_H2S: median | log_H2S: +1σ | log_H2S: +2σ 
1.00000000e+02 -2.84751585 -2.73393809 -2.62963506 -2.53381011 -2.43780507 
8.11130831e+01 -2.84751585 -2.73393809 -2.62963506 -2.53381011 -2.43780507 
6.57933225e+01 -2.84751585 -2.73393809 -2.62963506 -2.53381011 -2.43780507 
5.33669923e+01 -2.84751585 -2.73393809 -2.62963506 -2.53381011 -2.43780507 
4.32876128e+01 -2.84751585 -2.73393809 -2.62963506 -2.53381011 -2.43780507 
3.51119173e+01 -2.84751585 -2.73393809 -2.62963506 -2.53381011 -2.43780507 
2.84803587e+01 -2.84751585 -2.73393809 -2.62963506 -2.53381011 -2.43780507 
2.31012970e+01 -2.84751585 -2.73393809 -2.62963506 -2.53381011 -2.43780507 
1.87381742e+01 -2.84751585 -2.73393809 -2.62963506 -2.53381011 -2.43780507 
1.51991108e+01 -2.84751585 -2.73393809 -2.62963506 -2.53381011 -2.43780507 
1.23284674e+01 -2.84751585 -2.73393809 -2.62963506 -2.53381011 -2.43780507 
1.00000000e+01 -2.84751585 -2.73393809 -2.62963506 -2.53381011 -2.43780507 
8.11130831e+00 -2.84751585 -2.73393809 -2.62963506 -2.53381011 -2.43780507 
6.57933225e+00 -2.84751585 -2.73393809 -2.62963506 -2.53381011 -2.43780507 
5.33669923e+00 -2.84751585 -2.73393809 -2.62963506 -2.53381011 -2.43780507 
4.32876128e+00 -2.84751585 -2.73393809 -2.62963506 -2.53381011 -2.43780507 
3.51119173e+00 -2.84751585 -2.73393809 -2.62963506 -2.53381011 -2.43780507 
2.84803587e+00 -2.84751585 -2.73393809 -2.62963506 -2.53381011 -2.43780507 
2.31012970e+00 -2.84751585 -2.73393809 -2.62963506 -2.53381011 -2.43780507 
1.87381742e+00 -2.84751585 -2.73393809 -2.62963506 -2.53381011 -2.43780507 
1.51991108e+00 -2.84751585 -2.73393809 -2.62963506 -2.53381011 -2.43780507 
1.23284674e+00 -2.84751585 -2.73393809 -2.62963506 -2.53381011 -2.43780507 
1.00000000e+00 -2.84751585 -2.73393809 -2.62963506 -2.53381011 -2.43780507 
8.11130831e-01 -2.84751585 -2.73393809 -2.62963506 -2.53381011 -2.43780507 
6.57933225e-01 -2.84751585 -2.73393809 -2.62963506 -2.53381011 -2.43780507 
5.33669923e-01 -2.84751585 -2.73393809 -2.62963506 -2.53381011 -2.43780507 
4.32876128e-01 -2.84751585 -2.73393809 -2.62963506 -2.53381011 -2.43780507 
3.51119173e-01 -2.84751585 -2.73393809 -2.62963506 -2.53381011 -2.43780507 
2.84803587e-01 -2.84751585 -2.73393809 -2.62963506 -2.53381011 -2.43780507 
2.31012970e-01 -2.84751585 -2.73393809 -2.62963506 -2.53381011 -2.43780507 
1.87381742e-01 -2.84751585 -2.73393809 -2.62963506 -2.53381011 -2.43780507 
1.51991108e-01 -2.84751585 -2.73393809 -2.62963506 -2.53381011 -2.43780507 
1.23284674e-01 -2.84751585 -2.73393809 -2.62963506 -2.53381011 -2.43780507 
1.00000000e-01 -2.84751585 -2.73393809 -2.62963506 -2.53381011 -2.43780507 
8.11130831e-02 -2.84751585 -2.73393809 -2.62963506 -2.53381011 -2.43780507 
6.57933225e-02 -2.84751585 -2.73393809 -2.62963506 -2.53381011 -2.43780507 
5.33669923e-02 -2.84751585 -2.73393809 -2.62963506 -2.53381011 -2.43780507 
4.32876128e-02 -2.84751585 -2.73393809 -2.62963506 -2.53381011 -2.43780507 
3.51119173e-02 -2.84751585 -2.73393809 -2.62963506 -2.53381011 -2.43780507 
2.84803587e-02 -2.84751585 -2.73393809 -2.62963506 -2.53381011 -2.43780507 
2.31012970e-02 -2.84751585 -2.73393809 -2.62963506 -2.53381011 -2.43780507 
1.87381742e-02 -2.84751585 -2.73393809 -2.62963506 -2.53381011 -2.43780507 
1.51991108e-02 -2.84751585 -2.73393809 -2.62963506 -2.53381011 -2.43780507 
1.23284674e-02 -2.84751585 -2.73393809 -2.62963506 -2.53381011 -2.43780507 
1.00000000e-02 -2.84751585 -2.73393809 -2.62963506 -2.53381011 -2.43780507 
8.11130831e-03 -2.84751585 -2.73393809 -2.62963506 -2.53381011 -2.43780507 
6.57933225e-03 -2.84751585 -2.73393809 -2.62963506 -2.53381011 -2.43780507 
5.33669923e-03 -2.84751585 -2.73393809 -2.62963506 -2.53381011 -2.43780507 
4.32876128e-03 -2.84751585 -2.73393809 -2.62963506 -2.53381011 -2.43780507 
3.51119173e-03 -2.84751585 -2.73393809 -2.62963506 -2.53381011 -2.43780507 
2.84803587e-03 -2.84751585 -2.73393809 -2.62963506 -2.53381011 -2.43780507 
2.31012970e-03 -2.84751585 -2.73393809 -2.62963506 -2.53381011 -2.43780507 
1.87381742e-03 -2.84751585 -2.73393809 -2.62963506 -2.53381011 -2.43780507 
1.51991108e-03 -2.84751585 -2.73393809 -2.62963506 -2.53381011 -2.43780507 
1.23284674e-03 -2.84751585 -2.73393809 -2.62963506 -2.53381011 -2.43780507 
1.00000000e-03 -2.84751585 -2.73393809 -2.62963506 -2.53381011 -2.43780507 
8.11130831e-04 -2.84751585 -2.73393809 -2.62963506 -2.53381011 -2.43780507 
6.57933225e-04 -2.84751585 -2.73393809 -2.62963506 -2.53381011 -2.43780507 
5.33669923e-04 -2.84751585 -2.73393809 -2.62963506 -2.53381011 -2.43780507 
4.32876128e-04 -2.84751585 -2.73393809 -2.62963506 -2.53381011 -2.43780507 
3.51119173e-04 -2.84751585 -2.73393809 -2.62963506 -2.53381011 -2.43780507 
2.84803587e-04 -2.84751585 -2.73393809 -2.62963506 -2.53381011 -2.43780507 
2.31012970e-04 -2.84751585 -2.73393809 -2.62963506 -2.53381011 -2.43780507 
1.87381742e-04 -2.84751585 -2.73393809 -2.62963506 -2.53381011 -2.43780507 
1.51991108e-04 -2.84751585 -2.73393809 -2.62963506 -2.53381011 -2.43780507 
1.23284674e-04 -2.84751585 -2.73393809 -2.62963506 -2.53381011 -2.43780507 
1.00000000e-04 -2.84751585 -2.73393809 -2.62963506 -2.53381011 -2.43780507 
8.11130831e-05 -2.84751585 -2.73393809 -2.62963506 -2.53381011 -2.43780507 
6.57933225e-05 -2.84751585 -2.73393809 -2.62963506 -2.53381011 -2.43780507 
5.33669923e-05 -2.84751585 -2.73393809 -2.62963506 -2.53381011 -2.43780507 
4.32876128e-05 -2.84751585 -2.73393809 -2.62963506 -2.53381011 -2.43780507 
3.51119173e-05 -2.84751585 -2.73393809 -2.62963506 -2.53381011 -2.43780507 
2.84803587e-05 -2.84751585 -2.73393809 -2.62963506 -2.53381011 -2.43780507 
2.31012970e-05 -2.84751585 -2.73393809 -2.62963506 -2.53381011 -2.43780507 
1.87381742e-05 -2.84751585 -2.73393809 -2.62963506 -2.53381011 -2.43780507 
1.51991108e-05 -2.84751585 -2.73393809 -2.62963506 -2.53381011 -2.43780507 
1.23284674e-05 -2.84751585 -2.73393809 -2.62963506 -2.53381011 -2.43780507 
1.00000000e-05 -2.84751585 -2.73393809 -2.62963506 -2.53381011 -2.43780507 
8.11130831e-06 -2.84751585 -2.73393809 -2.62963506 -2.53381011 -2.43780507 
6.57933225e-06 -2.84751585 -2.73393809 -2.62963506 -2.53381011 -2.43780507 
5.33669923e-06 -2.84751585 -2.73393809 -2.62963506 -2.53381011 -2.43780507 
4.32876128e-06 -2.84751585 -2.73393809 -2.62963506 -2.53381011 -2.43780507 
3.51119173e-06 -2.84751585 -2.73393809 -2.62963506 -2.53381011 -2.43780507 
2.84803587e-06 -2.84751585 -2.73393809 -2.62963506 -2.53381011 -2.43780507 
2.31012970e-06 -2.84751585 -2.73393809 -2.62963506 -2.53381011 -2.43780507 
1.87381742e-06 -2.84751585 -2.73393809 -2.62963506 -2.53381011 -2.43780507 
1.51991108e-06 -2.84751585 -2.73393809 -2.62963506 -2.53381011 -2.43780507 
1.23284674e-06 -2.84751585 -2.73393809 -2.62963506 -2.53381011 -2.43780507 
1.00000000e-06 -2.84751585 -2.73393809 -2.62963506 -2.53381011 -2.43780507 
8.11130831e-07 -2.84751585 -2.73393809 -2.62963506 -2.53381011 -2.43780507 
6.57933225e-07 -2.84751585 -2.73393809 -2.62963506 -2.53381011 -2.43780507 
5.33669923e-07 -2.84751585 -2.73393809 -2.62963506 -2.53381011 -2.43780507 
4.32876128e-07 -2.84751585 -2.73393809 -2.62963506 -2.53381011 -2.43780507 
3.51119173e-07 -2.84751585 -2.73393809 -2.62963506 -2.53381011 -2.43780507 
2.84803587e-07 -2.84751585 -2.73393809 -2.62963506 -2.53381011 -2.43780507 
2.31012970e-07 -2.84751585 -2.73393809 -2.62963506 -2.53381011 -2.43780507 
1.87381742e-07 -2.84751585 -2.73393809 -2.62963506 -2.53381011 -2.43780507 
1.51991108e-07 -2.84751585 -2.73393809 -2.62963506 -2.53381011 -2.43780507 
1.23284674e-07 -2.84751585 -2.73393809 -2.62963506 -2.53381011 -2.43780507 
1.00000000e-07 -2.84751585 -2.73393809 -2.62963506 -2.53381011 -2.43780507 
P (bar) | log_NH3: -2σ | log_NH3: -1σ | log_NH3: median | log_NH3: +1σ | log_NH3: +2σ 
1.00000000e+02 -4.02820591 -4.01304322 -4.00514031 -4.00132154 -4.00020742 
8.11130831e+01 -4.02820591 -4.01304322 -4.00514031 -4.00132154 -4.00020742 
6.57933225e+01 -4.02820591 -4.01304322 -4.00514031 -4.00132154 -4.00020742 
5.33669923e+01 -4.02820591 -4.01304322 -4.00514031 -4.00132154 -4.00020742 
4.32876128e+01 -4.02820591 -4.01304322 -4.00514031 -4.00132154 -4.00020742 
3.51119173e+01 -4.02820591 -4.01304322 -4.00514031 -4.00132154 -4.00020742 
2.84803587e+01 -4.02820591 -4.01304322 -4.00514031 -4.00132154 -4.00020742 
2.31012970e+01 -4.02820591 -4.01304322 -4.00514031 -4.00132154 -4.00020742 
1.87381742e+01 -4.02820591 -4.01304322 -4.00514031 -4.00132154 -4.00020742 
1.51991108e+01 -4.02820591 -4.01304322 -4.00514031 -4.00132154 -4.00020742 
1.23284674e+01 -4.02820591 -4.01304322 -4.00514031 -4.00132154 -4.00020742 
1.00000000e+01 -4.02820591 -4.01304322 -4.00514031 -4.00132154 -4.00020742 
8.11130831e+00 -4.02820591 -4.01304322 -4.00514031 -4.00132154 -4.00020742 
6.57933225e+00 -4.02820591 -4.01304322 -4.00514031 -4.00132154 -4.00020742 
5.33669923e+00 -4.02820591 -4.01304322 -4.00514031 -4.00132154 -4.00020742 
4.32876128e+00 -4.02820591 -4.01304322 -4.00514031 -4.00132154 -4.00020742 
3.51119173e+00 -4.02820591 -4.01304322 -4.00514031 -4.00132154 -4.00020742 
2.84803587e+00 -4.02820591 -4.01304322 -4.00514031 -4.00132154 -4.00020742 
2.31012970e+00 -4.02820591 -4.01304322 -4.00514031 -4.00132154 -4.00020742 
1.87381742e+00 -4.02820591 -4.01304322 -4.00514031 -4.00132154 -4.00020742 
1.51991108e+00 -4.02820591 -4.01304322 -4.00514031 -4.00132154 -4.00020742 
1.23284674e+00 -4.02820591 -4.01304322 -4.00514031 -4.00132154 -4.00020742 
1.00000000e+00 -4.02820591 -4.01304322 -4.00514031 -4.00132154 -4.00020742 
8.11130831e-01 -4.02820591 -4.01304322 -4.00514031 -4.00132154 -4.00020742 
6.57933225e-01 -4.02820591 -4.01304322 -4.00514031 -4.00132154 -4.00020742 
5.33669923e-01 -4.02820591 -4.01304322 -4.00514031 -4.00132154 -4.00020742 
4.32876128e-01 -4.02820591 -4.01304322 -4.00514031 -4.00132154 -4.00020742 
3.51119173e-01 -4.02820591 -4.01304322 -4.00514031 -4.00132154 -4.00020742 
2.84803587e-01 -4.02820591 -4.01304322 -4.00514031 -4.00132154 -4.00020742 
2.31012970e-01 -4.02820591 -4.01304322 -4.00514031 -4.00132154 -4.00020742 
1.87381742e-01 -4.02820591 -4.01304322 -4.00514031 -4.00132154 -4.00020742 
1.51991108e-01 -4.02820591 -4.01304322 -4.00514031 -4.00132154 -4.00020742 
1.23284674e-01 -4.02820591 -4.01304322 -4.00514031 -4.00132154 -4.00020742 
1.00000000e-01 -4.02820591 -4.01304322 -4.00514031 -4.00132154 -4.00020742 
8.11130831e-02 -4.02820591 -4.01304322 -4.00514031 -4.00132154 -4.00020742 
6.57933225e-02 -4.02820591 -4.01304322 -4.00514031 -4.00132154 -4.00020742 
5.33669923e-02 -4.02820591 -4.01304322 -4.00514031 -4.00132154 -4.00020742 
4.32876128e-02 -4.02820591 -4.01304322 -4.00514031 -4.00132154 -4.00020742 
3.51119173e-02 -4.02820591 -4.01304322 -4.00514031 -4.00132154 -4.00020742 
2.84803587e-02 -4.02820591 -4.01304322 -4.00514031 -4.00132154 -4.00020742 
2.31012970e-02 -4.02820591 -4.01304322 -4.00514031 -4.00132154 -4.00020742 
1.87381742e-02 -4.02820591 -4.01304322 -4.00514031 -4.00132154 -4.00020742 
1.51991108e-02 -4.02820591 -4.01304322 -4.00514031 -4.00132154 -4.00020742 
1.23284674e-02 -4.02820591 -4.01304322 -4.00514031 -4.00132154 -4.00020742 
1.00000000e-02 -4.02820591 -4.01304322 -4.00514031 -4.00132154 -4.00020742 
8.11130831e-03 -4.02820591 -4.01304322 -4.00514031 -4.00132154 -4.00020742 
6.57933225e-03 -4.02820591 -4.01304322 -4.00514031 -4.00132154 -4.00020742 
5.33669923e-03 -4.02820591 -4.01304322 -4.00514031 -4.00132154 -4.00020742 
4.32876128e-03 -4.02820591 -4.01304322 -4.00514031 -4.00132154 -4.00020742 
3.51119173e-03 -4.02820591 -4.01304322 -4.00514031 -4.00132154 -4.00020742 
2.84803587e-03 -4.02820591 -4.01304322 -4.00514031 -4.00132154 -4.00020742 
2.31012970e-03 -4.02820591 -4.01304322 -4.00514031 -4.00132154 -4.00020742 
1.87381742e-03 -4.02820591 -4.01304322 -4.00514031 -4.00132154 -4.00020742 
1.51991108e-03 -4.02820591 -4.01304322 -4.00514031 -4.00132154 -4.00020742 
1.23284674e-03 -4.02820591 -4.01304322 -4.00514031 -4.00132154 -4.00020742 
1.00000000e-03 -4.02820591 -4.01304322 -4.00514031 -4.00132154 -4.00020742 
8.11130831e-04 -4.02820591 -4.01304322 -4.00514031 -4.00132154 -4.00020742 
6.57933225e-04 -4.02820591 -4.01304322 -4.00514031 -4.00132154 -4.00020742 
5.33669923e-04 -4.02820591 -4.01304322 -4.00514031 -4.00132154 -4.00020742 
4.32876128e-04 -4.02820591 -4.01304322 -4.00514031 -4.00132154 -4.00020742 
3.51119173e-04 -4.02820591 -4.01304322 -4.00514031 -4.00132154 -4.00020742 
2.84803587e-04 -4.02820591 -4.01304322 -4.00514031 -4.00132154 -4.00020742 
2.31012970e-04 -4.02820591 -4.01304322 -4.00514031 -4.00132154 -4.00020742 
1.87381742e-04 -4.02820591 -4.01304322 -4.00514031 -4.00132154 -4.00020742 
1.51991108e-04 -4.02820591 -4.01304322 -4.00514031 -4.00132154 -4.00020742 
1.23284674e-04 -4.02820591 -4.01304322 -4.00514031 -4.00132154 -4.00020742 
1.00000000e-04 -4.02820591 -4.01304322 -4.00514031 -4.00132154 -4.00020742 
8.11130831e-05 -4.02820591 -4.01304322 -4.00514031 -4.00132154 -4.00020742 
6.57933225e-05 -4.02820591 -4.01304322 -4.00514031 -4.00132154 -4.00020742 
5.33669923e-05 -4.02820591 -4.01304322 -4.00514031 -4.00132154 -4.00020742 
4.32876128e-05 -4.02820591 -4.01304322 -4.00514031 -4.00132154 -4.00020742 
3.51119173e-05 -4.02820591 -4.01304322 -4.00514031 -4.00132154 -4.00020742 
2.84803587e-05 -4.02820591 -4.01304322 -4.00514031 -4.00132154 -4.00020742 
2.31012970e-05 -4.02820591 -4.01304322 -4.00514031 -4.00132154 -4.00020742 
1.87381742e-05 -4.02820591 -4.01304322 -4.00514031 -4.00132154 -4.00020742 
1.51991108e-05 -4.02820591 -4.01304322 -4.00514031 -4.00132154 -4.00020742 
1.23284674e-05 -4.02820591 -4.01304322 -4.00514031 -4.00132154 -4.00020742 
1.00000000e-05 -4.02820591 -4.01304322 -4.00514031 -4.00132154 -4.00020742 
8.11130831e-06 -4.02820591 -4.01304322 -4.00514031 -4.00132154 -4.00020742 
6.57933225e-06 -4.02820591 -4.01304322 -4.00514031 -4.00132154 -4.00020742 
5.33669923e-06 -4.02820591 -4.01304322 -4.00514031 -4.00132154 -4.00020742 
4.32876128e-06 -4.02820591 -4.01304322 -4.00514031 -4.00132154 -4.00020742 
3.51119173e-06 -4.02820591 -4.01304322 -4.00514031 -4.00132154 -4.00020742 
2.84803587e-06 -4.02820591 -4.01304322 -4.00514031 -4.00132154 -4.00020742 
2.31012970e-06 -4.02820591 -4.01304322 -4.00514031 -4.00132154 -4.00020742 
1.87381742e-06 -4.02820591 -4.01304322 -4.00514031 -4.00132154 -4.00020742 
1.51991108e-06 -4.02820591 -4.01304322 -4.00514031 -4.00132154 -4.00020742 
1.23284674e-06 -4.02820591 -4.01304322 -4.00514031 -4.00132154 -4.00020742 
1.00000000e-06 -4.02820591 -4.01304322 -4.00514031 -4.00132154 -4.00020742 
8.11130831e-07 -4.02820591 -4.01304322 -4.00514031 -4.00132154 -4.00020742 
6.57933225e-07 -4.02820591 -4.01304322 -4.00514031 -4.00132154 -4.00020742 
5.33669923e-07 -4.02820591 -4.01304322 -4.00514031 -4.00132154 -4.00020742 
4.32876128e-07 -4.02820591 -4.01304322 -4.00514031 -4.00132154 -4.00020742 
3.51119173e-07 -4.02820591 -4.01304322 -4.00514031 -4.00132154 -4.00020742 
2.84803587e-07 -4.02820591 -4.01304322 -4.00514031 -4.00132154 -4.00020742 
2.31012970e-07 -4.02820591 -4.01304322 -4.00514031 -4.00132154 -4.00020742 
1.87381742e-07 -4.02820591 -4.01304322 -4.00514031 -4.00132154 -4.00020742 
1.51991108e-07 -4.02820591 -4.01304322 -4.00514031 -4.00132154 -4.00020742 
1.23284674e-07 -4.02820591 -4.01304322 -4.00514031 -4.00132154 -4.00020742 
1.00000000e-07 -4.02820591 -4.01304322 -4.00514031 -4.00132154 -4.00020742 
P (bar) | log_CH4: -2σ | log_CH4: -1σ | log_CH4: median | log_CH4: +1σ | log_CH4: +2σ 
1.00000000e+02 -5.26104716 -5.16809609 -5.07028314 -4.97434441 -4.89843925 
8.11130831e+01 -5.26104716 -5.16809609 -5.07028314 -4.97434441 -4.89843925 
6.57933225e+01 -5.26104716 -5.16809609 -5.07028314 -4.97434441 -4.89843925 
5.33669923e+01 -5.26104716 -5.16809609 -5.07028314 -4.97434441 -4.89843925 
4.32876128e+01 -5.26104716 -5.16809609 -5.07028314 -4.97434441 -4.89843925 
3.51119173e+01 -5.26104716 -5.16809609 -5.07028314 -4.97434441 -4.89843925 
2.84803587e+01 -5.26104716 -5.16809609 -5.07028314 -4.97434441 -4.89843925 
2.31012970e+01 -5.26104716 -5.16809609 -5.07028314 -4.97434441 -4.89843925 
1.87381742e+01 -5.26104716 -5.16809609 -5.07028314 -4.97434441 -4.89843925 
1.51991108e+01 -5.26104716 -5.16809609 -5.07028314 -4.97434441 -4.89843925 
1.23284674e+01 -5.26104716 -5.16809609 -5.07028314 -4.97434441 -4.89843925 
1.00000000e+01 -5.26104716 -5.16809609 -5.07028314 -4.97434441 -4.89843925 
8.11130831e+00 -5.26104716 -5.16809609 -5.07028314 -4.97434441 -4.89843925 
6.57933225e+00 -5.26104716 -5.16809609 -5.07028314 -4.97434441 -4.89843925 
5.33669923e+00 -5.26104716 -5.16809609 -5.07028314 -4.97434441 -4.89843925 
4.32876128e+00 -5.26104716 -5.16809609 -5.07028314 -4.97434441 -4.89843925 
3.51119173e+00 -5.26104716 -5.16809609 -5.07028314 -4.97434441 -4.89843925 
2.84803587e+00 -5.26104716 -5.16809609 -5.07028314 -4.97434441 -4.89843925 
2.31012970e+00 -5.26104716 -5.16809609 -5.07028314 -4.97434441 -4.89843925 
1.87381742e+00 -5.26104716 -5.16809609 -5.07028314 -4.97434441 -4.89843925 
1.51991108e+00 -5.26104716 -5.16809609 -5.07028314 -4.97434441 -4.89843925 
1.23284674e+00 -5.26104716 -5.16809609 -5.07028314 -4.97434441 -4.89843925 
1.00000000e+00 -5.26104716 -5.16809609 -5.07028314 -4.97434441 -4.89843925 
8.11130831e-01 -5.26104716 -5.16809609 -5.07028314 -4.97434441 -4.89843925 
6.57933225e-01 -5.26104716 -5.16809609 -5.07028314 -4.97434441 -4.89843925 
5.33669923e-01 -5.26104716 -5.16809609 -5.07028314 -4.97434441 -4.89843925 
4.32876128e-01 -5.26104716 -5.16809609 -5.07028314 -4.97434441 -4.89843925 
3.51119173e-01 -5.26104716 -5.16809609 -5.07028314 -4.97434441 -4.89843925 
2.84803587e-01 -5.26104716 -5.16809609 -5.07028314 -4.97434441 -4.89843925 
2.31012970e-01 -5.26104716 -5.16809609 -5.07028314 -4.97434441 -4.89843925 
1.87381742e-01 -5.26104716 -5.16809609 -5.07028314 -4.97434441 -4.89843925 
1.51991108e-01 -5.26104716 -5.16809609 -5.07028314 -4.97434441 -4.89843925 
1.23284674e-01 -5.26104716 -5.16809609 -5.07028314 -4.97434441 -4.89843925 
1.00000000e-01 -5.26104716 -5.16809609 -5.07028314 -4.97434441 -4.89843925 
8.11130831e-02 -5.26104716 -5.16809609 -5.07028314 -4.97434441 -4.89843925 
6.57933225e-02 -5.26104716 -5.16809609 -5.07028314 -4.97434441 -4.89843925 
5.33669923e-02 -5.26104716 -5.16809609 -5.07028314 -4.97434441 -4.89843925 
4.32876128e-02 -5.26104716 -5.16809609 -5.07028314 -4.97434441 -4.89843925 
3.51119173e-02 -5.26104716 -5.16809609 -5.07028314 -4.97434441 -4.89843925 
2.84803587e-02 -5.26104716 -5.16809609 -5.07028314 -4.97434441 -4.89843925 
2.31012970e-02 -5.26104716 -5.16809609 -5.07028314 -4.97434441 -4.89843925 
1.87381742e-02 -5.26104716 -5.16809609 -5.07028314 -4.97434441 -4.89843925 
1.51991108e-02 -5.26104716 -5.16809609 -5.07028314 -4.97434441 -4.89843925 
1.23284674e-02 -5.26104716 -5.16809609 -5.07028314 -4.97434441 -4.89843925 
1.00000000e-02 -5.26104716 -5.16809609 -5.07028314 -4.97434441 -4.89843925 
8.11130831e-03 -5.26104716 -5.16809609 -5.07028314 -4.97434441 -4.89843925 
6.57933225e-03 -5.26104716 -5.16809609 -5.07028314 -4.97434441 -4.89843925 
5.33669923e-03 -5.26104716 -5.16809609 -5.07028314 -4.97434441 -4.89843925 
4.32876128e-03 -5.26104716 -5.16809609 -5.07028314 -4.97434441 -4.89843925 
3.51119173e-03 -5.26104716 -5.16809609 -5.07028314 -4.97434441 -4.89843925 
2.84803587e-03 -5.26104716 -5.16809609 -5.07028314 -4.97434441 -4.89843925 
2.31012970e-03 -5.26104716 -5.16809609 -5.07028314 -4.97434441 -4.89843925 
1.87381742e-03 -5.26104716 -5.16809609 -5.07028314 -4.97434441 -4.89843925 
1.51991108e-03 -5.26104716 -5.16809609 -5.07028314 -4.97434441 -4.89843925 
1.23284674e-03 -5.26104716 -5.16809609 -5.07028314 -4.97434441 -4.89843925 
1.00000000e-03 -5.26104716 -5.16809609 -5.07028314 -4.97434441 -4.89843925 
8.11130831e-04 -5.26104716 -5.16809609 -5.07028314 -4.97434441 -4.89843925 
6.57933225e-04 -5.26104716 -5.16809609 -5.07028314 -4.97434441 -4.89843925 
5.33669923e-04 -5.26104716 -5.16809609 -5.07028314 -4.97434441 -4.89843925 
4.32876128e-04 -5.26104716 -5.16809609 -5.07028314 -4.97434441 -4.89843925 
3.51119173e-04 -5.26104716 -5.16809609 -5.07028314 -4.97434441 -4.89843925 
2.84803587e-04 -5.26104716 -5.16809609 -5.07028314 -4.97434441 -4.89843925 
2.31012970e-04 -5.26104716 -5.16809609 -5.07028314 -4.97434441 -4.89843925 
1.87381742e-04 -5.26104716 -5.16809609 -5.07028314 -4.97434441 -4.89843925 
1.51991108e-04 -5.26104716 -5.16809609 -5.07028314 -4.97434441 -4.89843925 
1.23284674e-04 -5.26104716 -5.16809609 -5.07028314 -4.97434441 -4.89843925 
1.00000000e-04 -5.26104716 -5.16809609 -5.07028314 -4.97434441 -4.89843925 
8.11130831e-05 -5.26104716 -5.16809609 -5.07028314 -4.97434441 -4.89843925 
6.57933225e-05 -5.26104716 -5.16809609 -5.07028314 -4.97434441 -4.89843925 
5.33669923e-05 -5.26104716 -5.16809609 -5.07028314 -4.97434441 -4.89843925 
4.32876128e-05 -5.26104716 -5.16809609 -5.07028314 -4.97434441 -4.89843925 
3.51119173e-05 -5.26104716 -5.16809609 -5.07028314 -4.97434441 -4.89843925 
2.84803587e-05 -5.26104716 -5.16809609 -5.07028314 -4.97434441 -4.89843925 
2.31012970e-05 -5.26104716 -5.16809609 -5.07028314 -4.97434441 -4.89843925 
1.87381742e-05 -5.26104716 -5.16809609 -5.07028314 -4.97434441 -4.89843925 
1.51991108e-05 -5.26104716 -5.16809609 -5.07028314 -4.97434441 -4.89843925 
1.23284674e-05 -5.26104716 -5.16809609 -5.07028314 -4.97434441 -4.89843925 
1.00000000e-05 -5.26104716 -5.16809609 -5.07028314 -4.97434441 -4.89843925 
8.11130831e-06 -5.26104716 -5.16809609 -5.07028314 -4.97434441 -4.89843925 
6.57933225e-06 -5.26104716 -5.16809609 -5.07028314 -4.97434441 -4.89843925 
5.33669923e-06 -5.26104716 -5.16809609 -5.07028314 -4.97434441 -4.89843925 
4.32876128e-06 -5.26104716 -5.16809609 -5.07028314 -4.97434441 -4.89843925 
3.51119173e-06 -5.26104716 -5.16809609 -5.07028314 -4.97434441 -4.89843925 
2.84803587e-06 -5.26104716 -5.16809609 -5.07028314 -4.97434441 -4.89843925 
2.31012970e-06 -5.26104716 -5.16809609 -5.07028314 -4.97434441 -4.89843925 
1.87381742e-06 -5.26104716 -5.16809609 -5.07028314 -4.97434441 -4.89843925 
1.51991108e-06 -5.26104716 -5.16809609 -5.07028314 -4.97434441 -4.89843925 
1.23284674e-06 -5.26104716 -5.16809609 -5.07028314 -4.97434441 -4.89843925 
1.00000000e-06 -5.26104716 -5.16809609 -5.07028314 -4.97434441 -4.89843925 
8.11130831e-07 -5.26104716 -5.16809609 -5.07028314 -4.97434441 -4.89843925 
6.57933225e-07 -5.26104716 -5.16809609 -5.07028314 -4.97434441 -4.89843925 
5.33669923e-07 -5.26104716 -5.16809609 -5.07028314 -4.97434441 -4.89843925 
4.32876128e-07 -5.26104716 -5.16809609 -5.07028314 -4.97434441 -4.89843925 
3.51119173e-07 -5.26104716 -5.16809609 -5.07028314 -4.97434441 -4.89843925 
2.84803587e-07 -5.26104716 -5.16809609 -5.07028314 -4.97434441 -4.89843925 
2.31012970e-07 -5.26104716 -5.16809609 -5.07028314 -4.97434441 -4.89843925 
1.87381742e-07 -5.26104716 -5.16809609 -5.07028314 -4.97434441 -4.89843925 
1.51991108e-07 -5.26104716 -5.16809609 -5.07028314 -4.97434441 -4.89843925 
1.23284674e-07 -5.26104716 -5.16809609 -5.07028314 -4.97434441 -4.89843925 
1.00000000e-07 -5.26104716 -5.16809609 -5.07028314 -4.97434441 -4.89843925 
