P (bar) | T: -2σ | T: -1σ  | T: median | T: +1σ | T: +2σ 
1.00000000e+02 3.33526257e+03 3.71663064e+03 3.88091687e+03 3.96655561e+03 3.99392321e+03 
8.11130831e+01 3.33525400e+03 3.71662089e+03 3.88090661e+03 3.96654507e+03 3.99391258e+03 
6.57933225e+01 3.33522391e+03 3.71658665e+03 3.88087055e+03 3.96650804e+03 3.99387525e+03 
5.33669923e+01 3.33513198e+03 3.71648203e+03 3.88076040e+03 3.96639490e+03 3.99376121e+03 
4.32876128e+01 3.33488105e+03 3.71619646e+03 3.88045971e+03 3.96608607e+03 3.99344991e+03 
3.51119173e+01 3.33426423e+03 3.71549452e+03 3.87972061e+03 3.96532695e+03 3.99268472e+03 
2.84803587e+01 3.33289406e+03 3.71393527e+03 3.87807881e+03 3.96364069e+03 3.99098497e+03 
2.31012970e+01 3.33013586e+03 3.71079643e+03 3.87477380e+03 3.96024618e+03 3.98756330e+03 
1.87381742e+01 3.32508918e+03 3.70505331e+03 3.86872663e+03 3.95403524e+03 3.98130269e+03 
1.51991108e+01 3.31666623e+03 3.69546797e+03 3.85863384e+03 3.94366912e+03 3.97085979e+03 
1.23284674e+01 3.30378593e+03 3.68081017e+03 3.84320005e+03 3.92781735e+03 3.95491361e+03 
1.00000000e+01 3.28563991e+03 3.66015996e+03 3.82145662e+03 3.90548506e+03 3.93244830e+03 
8.11130831e+00 3.26195566e+03 3.63317502e+03 3.79304308e+03 3.87630204e+03 3.90309145e+03 
6.57933225e+00 3.23309328e+03 3.60019767e+03 3.75831989e+03 3.84059387e+03 3.86721548e+03 
5.33669923e+00 3.19979139e+03 3.56214786e+03 3.71826817e+03 3.79939280e+03 3.82582118e+03 
4.32876128e+00 3.16312672e+03 3.52025583e+03 3.67417356e+03 3.75403131e+03 3.78024696e+03 
3.51119173e+00 3.12418273e+03 3.47575952e+03 3.62729393e+03 3.70584984e+03 3.73183953e+03 
2.84803587e+00 3.08385626e+03 3.42968363e+03 3.57877876e+03 3.65596777e+03 3.68171368e+03 
2.31012970e+00 3.04277946e+03 3.38275042e+03 3.52936089e+03 3.60520939e+03 3.63056255e+03 
1.87381742e+00 3.00133824e+03 3.33540084e+03 3.47947574e+03 3.55396552e+03 3.57885471e+03 
1.51991108e+00 2.95973864e+03 3.28787030e+03 3.42922841e+03 3.50250779e+03 3.52694926e+03 
1.23284674e+00 2.91807745e+03 3.24026939e+03 3.37890668e+03 3.45098541e+03 3.47496696e+03 
1.00000000e+00 2.87639483e+03 3.19264399e+03 3.32855906e+03 3.39955604e+03 3.42295791e+03 
8.11130831e-01 2.83470553e+03 3.14501097e+03 3.27827716e+03 3.34808875e+03 3.37094054e+03 
6.57933225e-01 2.79301438e+03 3.09737582e+03 3.22805313e+03 3.29661561e+03 3.31894074e+03 
5.33669923e-01 2.75108216e+03 3.04974067e+03 3.17778842e+03 3.24526425e+03 3.26707092e+03 
4.32876128e-01 2.70900899e+03 3.00210552e+03 3.12750694e+03 3.19383744e+03 3.21520111e+03 
3.51119173e-01 2.66693582e+03 2.95447037e+03 3.07725019e+03 3.14228490e+03 3.16340342e+03 
2.84803587e-01 2.62486265e+03 2.90683522e+03 3.02699345e+03 3.09083004e+03 3.11165582e+03 
2.31012970e-01 2.58278948e+03 2.85920007e+03 2.97675088e+03 3.03942206e+03 3.05978496e+03 
1.87381742e-01 2.54071631e+03 2.81156492e+03 2.92676014e+03 2.98797463e+03 3.00785207e+03 
1.51991108e-01 2.49864314e+03 2.76392977e+03 2.87676678e+03 2.93646562e+03 2.95597992e+03 
1.23284674e-01 2.45656997e+03 2.71629462e+03 2.82677866e+03 2.88486006e+03 2.90419133e+03 
1.00000000e-01 2.41449680e+03 2.66865947e+03 2.77665447e+03 2.83323346e+03 2.85247812e+03 
8.11130831e-02 2.37251688e+03 2.62102433e+03 2.72628109e+03 2.78165072e+03 2.80047507e+03 
6.57933225e-02 2.33065829e+03 2.57338918e+03 2.67593868e+03 2.73013126e+03 2.74863083e+03 
5.33669923e-02 2.28879970e+03 2.52575403e+03 2.62582511e+03 2.67859126e+03 2.69679356e+03 
4.32876128e-02 2.24694111e+03 2.47811888e+03 2.57551058e+03 2.62703096e+03 2.64495629e+03 
3.51119173e-02 2.20508252e+03 2.43048373e+03 2.52522111e+03 2.57551030e+03 2.59308797e+03 
2.84803587e-02 2.16322393e+03 2.38274857e+03 2.47501882e+03 2.52392635e+03 2.54104382e+03 
2.31012970e-02 2.12136535e+03 2.33494623e+03 2.42481654e+03 2.47230224e+03 2.48913383e+03 
1.87381742e-02 2.07950676e+03 2.28713790e+03 2.37452207e+03 2.42068162e+03 2.43727890e+03 
1.51991108e-02 2.03764817e+03 2.23930578e+03 2.32444775e+03 2.36918903e+03 2.38539653e+03 
1.23284674e-02 1.99578958e+03 2.19148707e+03 2.27420968e+03 2.31791676e+03 2.33349316e+03 
1.00000000e-02 1.95393099e+03 2.14360082e+03 2.22400739e+03 2.26664838e+03 2.28163693e+03 
8.11130831e-03 1.91207240e+03 2.09571457e+03 2.17368458e+03 2.21538000e+03 2.22978070e+03 
6.57933225e-03 1.87021381e+03 2.04782832e+03 2.12351751e+03 2.16400125e+03 2.17792446e+03 
5.33669923e-03 1.82835522e+03 1.99994207e+03 2.07333831e+03 2.11251418e+03 2.12606823e+03 
4.32876128e-03 1.78649663e+03 1.95205582e+03 2.02319824e+03 2.06097685e+03 2.07421200e+03 
3.51119173e-03 1.74463804e+03 1.90416957e+03 1.97319398e+03 2.00956950e+03 2.02235577e+03 
2.84803587e-03 1.70277945e+03 1.85631917e+03 1.92295358e+03 1.95813412e+03 1.97049954e+03 
2.31012970e-03 1.66092086e+03 1.80862684e+03 1.87271318e+03 1.90664351e+03 1.91864331e+03 
1.87381742e-03 1.61906227e+03 1.76065170e+03 1.82278837e+03 1.85510450e+03 1.86678708e+03 
1.51991108e-03 1.57720368e+03 1.71272247e+03 1.77247743e+03 1.80368322e+03 1.81493766e+03 
1.23284674e-03 1.53534509e+03 1.66490146e+03 1.72238112e+03 1.75219923e+03 1.76307462e+03 
1.00000000e-03 1.49348651e+03 1.61729701e+03 1.67222715e+03 1.70054620e+03 1.71121838e+03 
8.11130831e-04 1.45162792e+03 1.56974418e+03 1.62182959e+03 1.64912789e+03 1.65936215e+03 
6.57933225e-04 1.40976933e+03 1.52219134e+03 1.57147243e+03 1.59754178e+03 1.60744645e+03 
5.33669923e-04 1.36791074e+03 1.47463851e+03 1.52137542e+03 1.54602088e+03 1.55564969e+03 
4.32876128e-04 1.32605215e+03 1.42680524e+03 1.47097308e+03 1.49444482e+03 1.50379346e+03 
3.51119173e-04 1.28419356e+03 1.37882345e+03 1.42107859e+03 1.44290271e+03 1.45194907e+03 
2.84803587e-04 1.24238148e+03 1.33100867e+03 1.37077393e+03 1.39142105e+03 1.40019615e+03 
2.31012970e-04 1.20067986e+03 1.28342948e+03 1.32039861e+03 1.34001906e+03 1.34828415e+03 
1.87381742e-04 1.15897824e+03 1.23569117e+03 1.27009848e+03 1.28867352e+03 1.29645169e+03 
1.51991108e-04 1.11714787e+03 1.18799965e+03 1.22011390e+03 1.23739200e+03 1.24477619e+03 
1.23284674e-04 1.07509307e+03 1.14046633e+03 1.16976764e+03 1.18598605e+03 1.19340807e+03 
1.00000000e-04 1.03332388e+03 1.09276614e+03 1.11950844e+03 1.13459318e+03 1.14168343e+03 
8.11130831e-05 9.91721428e+02 1.04488473e+03 1.06926666e+03 1.08315587e+03 1.08985109e+03 
6.57933225e-05 9.49850704e+02 9.96744486e+02 1.01888700e+03 1.03176239e+03 1.03819433e+03 
5.33669923e-05 9.07598707e+02 9.49357585e+02 9.68922823e+02 9.80705951e+02 9.86733985e+02 
4.32876128e-05 8.65737097e+02 9.02105539e+02 9.19090670e+02 9.29653960e+02 9.35449395e+02 
3.51119173e-05 8.23953848e+02 8.54757968e+02 8.69829558e+02 8.79169527e+02 8.84614516e+02 
2.84803587e-05 7.83530258e+02 8.08229183e+02 8.21215388e+02 8.29631043e+02 8.35235826e+02 
2.31012970e-05 7.44902810e+02 7.63211093e+02 7.74337444e+02 7.81791944e+02 7.87101247e+02 
1.87381742e-05 7.07739504e+02 7.21365924e+02 7.30210106e+02 7.36832684e+02 7.42387004e+02 
1.51991108e-05 6.73012437e+02 6.83040511e+02 6.90239635e+02 6.96208384e+02 7.01787124e+02 
1.23284674e-05 6.42948200e+02 6.49522589e+02 6.55541738e+02 6.61249485e+02 6.66989545e+02 
1.00000000e-05 6.16828023e+02 6.22046765e+02 6.27342259e+02 6.32581225e+02 6.38363046e+02 
8.11130831e-06 5.96397271e+02 6.00614052e+02 6.05766251e+02 6.10996862e+02 6.16905438e+02 
6.57933225e-06 5.80966296e+02 5.85426131e+02 5.90667867e+02 5.95763706e+02 6.01995881e+02 
5.33669923e-06 5.71006281e+02 5.75420207e+02 5.80729550e+02 5.85727028e+02 5.91986078e+02 
4.32876128e-06 5.64957892e+02 5.69441695e+02 5.74822042e+02 5.79902513e+02 5.86202375e+02 
3.51119173e-06 5.61727160e+02 5.66169560e+02 5.71535055e+02 5.76689518e+02 5.82927236e+02 
2.84803587e-06 5.60078780e+02 5.64612193e+02 5.69964822e+02 5.75044379e+02 5.81272996e+02 
2.31012970e-06 5.59336716e+02 5.63885915e+02 5.69258196e+02 5.74319047e+02 5.80528295e+02 
1.87381742e-06 5.59034825e+02 5.63578329e+02 5.68962028e+02 5.74031111e+02 5.80225331e+02 
1.51991108e-06 5.58924232e+02 5.63465651e+02 5.68851592e+02 5.73921549e+02 5.80114345e+02 
1.23284674e-06 5.58888034e+02 5.63428770e+02 5.68821564e+02 5.73885689e+02 5.80078018e+02 
1.00000000e-06 5.58877726e+02 5.63418267e+02 5.68813013e+02 5.73875476e+02 5.80067673e+02 
8.11130831e-07 5.58875479e+02 5.63415978e+02 5.68811149e+02 5.73873251e+02 5.80065418e+02 
6.57933225e-07 5.58875479e+02 5.63415978e+02 5.68811149e+02 5.73873251e+02 5.80065418e+02 
5.33669923e-07 5.58875479e+02 5.63415978e+02 5.68811149e+02 5.73873251e+02 5.80065418e+02 
4.32876128e-07 5.58875479e+02 5.63415978e+02 5.68811149e+02 5.73873251e+02 5.80065418e+02 
3.51119173e-07 5.58875479e+02 5.63415978e+02 5.68811149e+02 5.73873251e+02 5.80065418e+02 
2.84803587e-07 5.58875479e+02 5.63415978e+02 5.68811149e+02 5.73873251e+02 5.80065418e+02 
2.31012970e-07 5.58875479e+02 5.63415978e+02 5.68811149e+02 5.73873251e+02 5.80065418e+02 
1.87381742e-07 5.58875479e+02 5.63415978e+02 5.68811149e+02 5.73873251e+02 5.80065418e+02 
1.51991108e-07 5.58875479e+02 5.63415978e+02 5.68811149e+02 5.73873251e+02 5.80065418e+02 
1.23284674e-07 5.58875479e+02 5.63415978e+02 5.68811149e+02 5.73873251e+02 5.80065418e+02 
1.00000000e-07 5.58875479e+02 5.63415978e+02 5.68811149e+02 5.73873251e+02 5.80065418e+02 
