Chemical species: H2 He H2O CO2 SO2 CO H2S NH3 CH4
P (bar) | log_H2: -2σ | log_H2: -1σ | log_H2: median | log_H2: +1σ | log_H2: +2σ 
1.00000000e+02 -0.06960931 -0.06946992 -0.06937147 -0.06928470 -0.06920122 
8.11130831e+01 -0.06958408 -0.06944814 -0.06934941 -0.06926171 -0.06917898 
6.57933225e+01 -0.06956189 -0.06942785 -0.06932633 -0.06923879 -0.06915722 
5.33669923e+01 -0.06953790 -0.06940735 -0.06930440 -0.06921541 -0.06913512 
4.32876128e+01 -0.06951834 -0.06938880 -0.06928464 -0.06919465 -0.06911429 
3.51119173e+01 -0.06949776 -0.06936875 -0.06926417 -0.06917431 -0.06909456 
2.84803587e+01 -0.06947375 -0.06934392 -0.06923587 -0.06914598 -0.06906902 
2.31012970e+01 -0.06944679 -0.06931266 -0.06920191 -0.06911044 -0.06903997 
1.87381742e+01 -0.06942620 -0.06928879 -0.06917072 -0.06907741 -0.06900999 
1.51991108e+01 -0.06940800 -0.06926662 -0.06914549 -0.06905097 -0.06898358 
1.23284674e+01 -0.06939031 -0.06925154 -0.06912631 -0.06902855 -0.06896401 
1.00000000e+01 -0.06938423 -0.06924008 -0.06911415 -0.06901606 -0.06895257 
8.11130831e+00 -0.06936862 -0.06921688 -0.06908335 -0.06898556 -0.06892264 
6.57933225e+00 -0.06935619 -0.06920343 -0.06906613 -0.06896572 -0.06890374 
5.33669923e+00 -0.06935092 -0.06919936 -0.06905938 -0.06895910 -0.06889638 
4.32876128e+00 -0.06935597 -0.06920074 -0.06906171 -0.06895936 -0.06889741 
3.51119173e+00 -0.06936296 -0.06920956 -0.06907028 -0.06896802 -0.06890567 
2.84803587e+00 -0.06936628 -0.06921102 -0.06907175 -0.06896803 -0.06890531 
2.31012970e+00 -0.06936430 -0.06920955 -0.06906808 -0.06896395 -0.06890106 
1.87381742e+00 -0.06936960 -0.06921374 -0.06907364 -0.06896803 -0.06890455 
1.51991108e+00 -0.06937783 -0.06922394 -0.06908398 -0.06897939 -0.06891574 
1.23284674e+00 -0.06938763 -0.06923702 -0.06910011 -0.06899476 -0.06893002 
1.00000000e+00 -0.06940221 -0.06925335 -0.06912090 -0.06901573 -0.06895073 
8.11130831e-01 -0.06940209 -0.06925400 -0.06912067 -0.06901471 -0.06894935 
6.57933225e-01 -0.06941277 -0.06926355 -0.06913017 -0.06902365 -0.06895823 
5.33669923e-01 -0.06942200 -0.06927491 -0.06914454 -0.06903865 -0.06897223 
4.32876128e-01 -0.06943634 -0.06929190 -0.06916441 -0.06906172 -0.06899015 
3.51119173e-01 -0.06944934 -0.06930947 -0.06918601 -0.06908484 -0.06901104 
2.84803587e-01 -0.06946299 -0.06932130 -0.06920120 -0.06910095 -0.06902952 
2.31012970e-01 -0.06946980 -0.06933196 -0.06921184 -0.06911128 -0.06903740 
1.87381742e-01 -0.06948439 -0.06934738 -0.06922994 -0.06913114 -0.06905489 
1.51991108e-01 -0.06949736 -0.06936481 -0.06925021 -0.06915283 -0.06907344 
1.23284674e-01 -0.06951745 -0.06938374 -0.06927276 -0.06917589 -0.06909531 
1.00000000e-01 -0.06953686 -0.06940489 -0.06929508 -0.06920183 -0.06911718 
8.11130831e-02 -0.06954940 -0.06941600 -0.06930655 -0.06921331 -0.06913061 
6.57933225e-02 -0.06956729 -0.06942900 -0.06932151 -0.06923052 -0.06914354 
5.33669923e-02 -0.06958137 -0.06944741 -0.06933971 -0.06924956 -0.06916289 
4.32876128e-02 -0.06959930 -0.06946417 -0.06935931 -0.06926940 -0.06918048 
3.51119173e-02 -0.06962195 -0.06947720 -0.06937669 -0.06928644 -0.06920203 
2.84803587e-02 -0.06963331 -0.06949261 -0.06939168 -0.06930126 -0.06921532 
2.31012970e-02 -0.06964344 -0.06950273 -0.06940305 -0.06931048 -0.06922737 
1.87381742e-02 -0.06965440 -0.06951536 -0.06941840 -0.06932330 -0.06923839 
1.51991108e-02 -0.06966374 -0.06952869 -0.06943090 -0.06933303 -0.06924726 
1.23284674e-02 -0.06967426 -0.06954290 -0.06944289 -0.06934529 -0.06925348 
1.00000000e-02 -0.06968478 -0.06955420 -0.06945333 -0.06935669 -0.06925914 
8.11130831e-03 -0.06968947 -0.06956166 -0.06946021 -0.06936483 -0.06926398 
6.57933225e-03 -0.06969476 -0.06956996 -0.06946895 -0.06937327 -0.06926878 
5.33669923e-03 -0.06970163 -0.06957948 -0.06947561 -0.06938028 -0.06927394 
4.32876128e-03 -0.06970764 -0.06958572 -0.06948242 -0.06938723 -0.06927703 
3.51119173e-03 -0.06971237 -0.06959239 -0.06948880 -0.06939345 -0.06927970 
2.84803587e-03 -0.06971575 -0.06959642 -0.06949399 -0.06939747 -0.06928376 
2.31012970e-03 -0.06972010 -0.06960148 -0.06949839 -0.06940220 -0.06928603 
1.87381742e-03 -0.06972332 -0.06960551 -0.06950317 -0.06940539 -0.06928834 
1.51991108e-03 -0.06972897 -0.06960990 -0.06950771 -0.06940921 -0.06928994 
1.23284674e-03 -0.06973260 -0.06961385 -0.06951103 -0.06941222 -0.06929216 
1.00000000e-03 -0.06973627 -0.06961837 -0.06951447 -0.06941616 -0.06929394 
8.11130831e-04 -0.06973815 -0.06962103 -0.06951665 -0.06941848 -0.06929614 
6.57933225e-04 -0.06974130 -0.06962399 -0.06951929 -0.06942069 -0.06929732 
5.33669923e-04 -0.06974352 -0.06962651 -0.06952169 -0.06942249 -0.06929833 
4.32876128e-04 -0.06974570 -0.06962874 -0.06952412 -0.06942415 -0.06929870 
3.51119173e-04 -0.06974797 -0.06963060 -0.06952577 -0.06942560 -0.06929921 
2.84803587e-04 -0.06975030 -0.06963187 -0.06952691 -0.06942661 -0.06929927 
2.31012970e-04 -0.06975124 -0.06963277 -0.06952741 -0.06942684 -0.06929917 
1.87381742e-04 -0.06975224 -0.06963257 -0.06952810 -0.06942746 -0.06929872 
1.51991108e-04 -0.06975213 -0.06963262 -0.06952809 -0.06942748 -0.06929706 
1.23284674e-04 -0.06975126 -0.06963087 -0.06952755 -0.06942703 -0.06929609 
1.00000000e-04 -0.06974916 -0.06962923 -0.06952602 -0.06942570 -0.06929411 
8.11130831e-05 -0.06974585 -0.06962625 -0.06952383 -0.06942339 -0.06929181 
6.57933225e-05 -0.06973828 -0.06962296 -0.06952061 -0.06942039 -0.06928855 
5.33669923e-05 -0.06973212 -0.06961702 -0.06951583 -0.06941560 -0.06928294 
4.32876128e-05 -0.06972194 -0.06961102 -0.06950973 -0.06940713 -0.06926534 
3.51119173e-05 -0.06966075 -0.06955669 -0.06947128 -0.06937657 -0.06922796 
2.84803587e-05 -0.06958936 -0.06949593 -0.06941783 -0.06932951 -0.06918693 
2.31012970e-05 -0.06947752 -0.06939472 -0.06932715 -0.06925188 -0.06909920 
1.87381742e-05 -0.06935276 -0.06927853 -0.06921489 -0.06914680 -0.06901482 
1.51991108e-05 -0.06927972 -0.06920561 -0.06913998 -0.06907254 -0.06897837 
1.23284674e-05 -0.06926725 -0.06919003 -0.06912368 -0.06905664 -0.06896869 
1.00000000e-05 -0.06926111 -0.06918267 -0.06911440 -0.06904716 -0.06896136 
8.11130831e-06 -0.06924968 -0.06917154 -0.06910489 -0.06904077 -0.06895377 
6.57933225e-06 -0.06915843 -0.06908644 -0.06903406 -0.06897965 -0.06889144 
5.33669923e-06 -0.06912662 -0.06905178 -0.06899558 -0.06893601 -0.06885870 
4.32876128e-06 -0.06912187 -0.06904596 -0.06898745 -0.06892662 -0.06885705 
3.51119173e-06 -0.06912766 -0.06905022 -0.06898921 -0.06892745 -0.06885536 
2.84803587e-06 -0.06913437 -0.06905576 -0.06899423 -0.06893205 -0.06885933 
2.31012970e-06 -0.06914006 -0.06906263 -0.06900065 -0.06893784 -0.06886420 
1.87381742e-06 -0.06914879 -0.06907094 -0.06900863 -0.06894570 -0.06887094 
1.51991108e-06 -0.06916060 -0.06908178 -0.06901909 -0.06895563 -0.06887964 
1.23284674e-06 -0.06917475 -0.06909518 -0.06903267 -0.06896764 -0.06889038 
1.00000000e-06 -0.06919175 -0.06911189 -0.06904802 -0.06898139 -0.06890322 
8.11130831e-07 -0.06919414 -0.06911448 -0.06905089 -0.06898496 -0.06890624 
6.57933225e-07 -0.06919790 -0.06911864 -0.06905483 -0.06898908 -0.06891022 
5.33669923e-07 -0.06920256 -0.06912377 -0.06905976 -0.06899439 -0.06891519 
4.32876128e-07 -0.06920813 -0.06912989 -0.06906599 -0.06900004 -0.06892119 
3.51119173e-07 -0.06921462 -0.06913739 -0.06907286 -0.06900705 -0.06892823 
2.84803587e-07 -0.06921848 -0.06914175 -0.06907705 -0.06901117 -0.06893259 
2.31012970e-07 -0.06921910 -0.06914206 -0.06907797 -0.06901217 -0.06893355 
1.87381742e-07 -0.06921981 -0.06914268 -0.06907900 -0.06901329 -0.06893464 
1.51991108e-07 -0.06922061 -0.06914348 -0.06908010 -0.06901454 -0.06893585 
1.23284674e-07 -0.06922149 -0.06914442 -0.06908106 -0.06901585 -0.06893719 
1.00000000e-07 -0.06922245 -0.06914551 -0.06908253 -0.06901770 -0.06893865 
P (bar) | log_He: -2σ | log_He: -1σ | log_He: median | log_He: +1σ | log_He: +2σ 
1.00000000e+02 -0.83916039 -0.83902100 -0.83892254 -0.83883577 -0.83875229 
8.11130831e+01 -0.83913515 -0.83899922 -0.83890049 -0.83881279 -0.83873006 
6.57933225e+01 -0.83911297 -0.83897893 -0.83887741 -0.83878987 -0.83870830 
5.33669923e+01 -0.83908897 -0.83895843 -0.83885548 -0.83876648 -0.83868619 
4.32876128e+01 -0.83906942 -0.83893988 -0.83883572 -0.83874573 -0.83866537 
3.51119173e+01 -0.83904884 -0.83891983 -0.83881525 -0.83872539 -0.83864564 
2.84803587e+01 -0.83902483 -0.83889500 -0.83878695 -0.83869706 -0.83862010 
2.31012970e+01 -0.83899786 -0.83886374 -0.83875298 -0.83866152 -0.83859105 
1.87381742e+01 -0.83897728 -0.83883987 -0.83872180 -0.83862849 -0.83856107 
1.51991108e+01 -0.83895908 -0.83881770 -0.83869657 -0.83860205 -0.83853466 
1.23284674e+01 -0.83894139 -0.83880261 -0.83867739 -0.83857963 -0.83851509 
1.00000000e+01 -0.83893531 -0.83879115 -0.83866522 -0.83856714 -0.83850364 
8.11130831e+00 -0.83891970 -0.83876796 -0.83863443 -0.83853664 -0.83847371 
6.57933225e+00 -0.83890726 -0.83875450 -0.83861721 -0.83851680 -0.83845482 
5.33669923e+00 -0.83890200 -0.83875044 -0.83861046 -0.83851017 -0.83844745 
4.32876128e+00 -0.83890704 -0.83875182 -0.83861279 -0.83851044 -0.83844849 
3.51119173e+00 -0.83891404 -0.83876064 -0.83862135 -0.83851909 -0.83845675 
2.84803587e+00 -0.83891735 -0.83876210 -0.83862283 -0.83851910 -0.83845639 
2.31012970e+00 -0.83891538 -0.83876063 -0.83861915 -0.83851503 -0.83845214 
1.87381742e+00 -0.83892068 -0.83876482 -0.83862472 -0.83851911 -0.83845563 
1.51991108e+00 -0.83892891 -0.83877502 -0.83863506 -0.83853047 -0.83846682 
1.23284674e+00 -0.83893871 -0.83878810 -0.83865118 -0.83854584 -0.83848110 
1.00000000e+00 -0.83895329 -0.83880442 -0.83867198 -0.83856681 -0.83850181 
8.11130831e-01 -0.83895317 -0.83880508 -0.83867174 -0.83856579 -0.83850043 
6.57933225e-01 -0.83896385 -0.83881462 -0.83868125 -0.83857472 -0.83850931 
5.33669923e-01 -0.83897307 -0.83882598 -0.83869562 -0.83858973 -0.83852331 
4.32876128e-01 -0.83898742 -0.83884298 -0.83871549 -0.83861280 -0.83854123 
3.51119173e-01 -0.83900042 -0.83886055 -0.83873709 -0.83863592 -0.83856212 
2.84803587e-01 -0.83901406 -0.83887237 -0.83875228 -0.83865203 -0.83858060 
2.31012970e-01 -0.83902087 -0.83888304 -0.83876292 -0.83866236 -0.83858848 
1.87381742e-01 -0.83903547 -0.83889846 -0.83878102 -0.83868222 -0.83860597 
1.51991108e-01 -0.83904844 -0.83891588 -0.83880129 -0.83870391 -0.83862452 
1.23284674e-01 -0.83906853 -0.83893482 -0.83882384 -0.83872697 -0.83864639 
1.00000000e-01 -0.83908794 -0.83895597 -0.83884616 -0.83875291 -0.83866826 
8.11130831e-02 -0.83910048 -0.83896708 -0.83885763 -0.83876439 -0.83868169 
6.57933225e-02 -0.83911837 -0.83898008 -0.83887259 -0.83878160 -0.83869461 
5.33669923e-02 -0.83913245 -0.83899848 -0.83889079 -0.83880064 -0.83871397 
4.32876128e-02 -0.83915038 -0.83901525 -0.83891039 -0.83882048 -0.83873156 
3.51119173e-02 -0.83917303 -0.83902828 -0.83892777 -0.83883752 -0.83875311 
2.84803587e-02 -0.83918439 -0.83904369 -0.83894276 -0.83885234 -0.83876640 
2.31012970e-02 -0.83919452 -0.83905381 -0.83895413 -0.83886156 -0.83877845 
1.87381742e-02 -0.83920548 -0.83906644 -0.83896948 -0.83887438 -0.83878947 
1.51991108e-02 -0.83921482 -0.83907976 -0.83898198 -0.83888411 -0.83879834 
1.23284674e-02 -0.83922534 -0.83909398 -0.83899397 -0.83889637 -0.83880455 
1.00000000e-02 -0.83923586 -0.83910528 -0.83900441 -0.83890777 -0.83881022 
8.11130831e-03 -0.83924055 -0.83911274 -0.83901129 -0.83891591 -0.83881506 
6.57933225e-03 -0.83924583 -0.83912104 -0.83902003 -0.83892435 -0.83881986 
5.33669923e-03 -0.83925271 -0.83913056 -0.83902669 -0.83893136 -0.83882502 
4.32876128e-03 -0.83925872 -0.83913680 -0.83903350 -0.83893831 -0.83882810 
3.51119173e-03 -0.83926345 -0.83914347 -0.83903988 -0.83894453 -0.83883078 
2.84803587e-03 -0.83926683 -0.83914750 -0.83904507 -0.83894855 -0.83883484 
2.31012970e-03 -0.83927118 -0.83915256 -0.83904947 -0.83895328 -0.83883711 
1.87381742e-03 -0.83927440 -0.83915659 -0.83905425 -0.83895647 -0.83883942 
1.51991108e-03 -0.83928005 -0.83916097 -0.83905878 -0.83896029 -0.83884102 
1.23284674e-03 -0.83928368 -0.83916493 -0.83906211 -0.83896329 -0.83884324 
1.00000000e-03 -0.83928735 -0.83916945 -0.83906555 -0.83896724 -0.83884501 
8.11130831e-04 -0.83928923 -0.83917210 -0.83906773 -0.83896955 -0.83884722 
6.57933225e-04 -0.83929238 -0.83917507 -0.83907037 -0.83897176 -0.83884840 
5.33669923e-04 -0.83929460 -0.83917759 -0.83907277 -0.83897357 -0.83884941 
4.32876128e-04 -0.83929678 -0.83917982 -0.83907520 -0.83897522 -0.83884978 
3.51119173e-04 -0.83929905 -0.83918168 -0.83907685 -0.83897668 -0.83885029 
2.84803587e-04 -0.83930138 -0.83918295 -0.83907798 -0.83897769 -0.83885035 
2.31012970e-04 -0.83930232 -0.83918385 -0.83907849 -0.83897792 -0.83885025 
1.87381742e-04 -0.83930331 -0.83918365 -0.83907918 -0.83897854 -0.83884980 
1.51991108e-04 -0.83930321 -0.83918370 -0.83907917 -0.83897856 -0.83884814 
1.23284674e-04 -0.83930233 -0.83918195 -0.83907863 -0.83897811 -0.83884716 
1.00000000e-04 -0.83930024 -0.83918031 -0.83907710 -0.83897677 -0.83884518 
8.11130831e-05 -0.83929693 -0.83917732 -0.83907490 -0.83897447 -0.83884289 
6.57933225e-05 -0.83928936 -0.83917404 -0.83907169 -0.83897147 -0.83883963 
5.33669923e-05 -0.83928320 -0.83916810 -0.83906690 -0.83896668 -0.83883402 
4.32876128e-05 -0.83927301 -0.83916209 -0.83906081 -0.83895820 -0.83881642 
3.51119173e-05 -0.83921183 -0.83910777 -0.83902236 -0.83892765 -0.83877904 
2.84803587e-05 -0.83914044 -0.83904701 -0.83896891 -0.83888059 -0.83873801 
2.31012970e-05 -0.83902860 -0.83894580 -0.83887822 -0.83880296 -0.83865027 
1.87381742e-05 -0.83890383 -0.83882961 -0.83876596 -0.83869788 -0.83856590 
1.51991108e-05 -0.83883080 -0.83875669 -0.83869106 -0.83862362 -0.83852944 
1.23284674e-05 -0.83881832 -0.83874111 -0.83867476 -0.83860772 -0.83851977 
1.00000000e-05 -0.83881218 -0.83873375 -0.83866548 -0.83859824 -0.83851244 
8.11130831e-06 -0.83880076 -0.83872262 -0.83865597 -0.83859185 -0.83850485 
6.57933225e-06 -0.83870951 -0.83863752 -0.83858514 -0.83853073 -0.83844252 
5.33669923e-06 -0.83867770 -0.83860286 -0.83854666 -0.83848708 -0.83840978 
4.32876128e-06 -0.83867295 -0.83859704 -0.83853853 -0.83847770 -0.83840813 
3.51119173e-06 -0.83867874 -0.83860130 -0.83854029 -0.83847853 -0.83840644 
2.84803587e-06 -0.83868545 -0.83860684 -0.83854531 -0.83848313 -0.83841041 
2.31012970e-06 -0.83869114 -0.83861371 -0.83855173 -0.83848892 -0.83841527 
1.87381742e-06 -0.83869987 -0.83862202 -0.83855971 -0.83849678 -0.83842202 
1.51991108e-06 -0.83871168 -0.83863286 -0.83857017 -0.83850671 -0.83843072 
1.23284674e-06 -0.83872583 -0.83864625 -0.83858375 -0.83851871 -0.83844146 
1.00000000e-06 -0.83874282 -0.83866297 -0.83859910 -0.83853246 -0.83845429 
8.11130831e-07 -0.83874522 -0.83866556 -0.83860197 -0.83853604 -0.83845732 
6.57933225e-07 -0.83874898 -0.83866972 -0.83860591 -0.83854016 -0.83846130 
5.33669923e-07 -0.83875364 -0.83867485 -0.83861084 -0.83854547 -0.83846627 
4.32876128e-07 -0.83875920 -0.83868097 -0.83861707 -0.83855112 -0.83847227 
3.51119173e-07 -0.83876569 -0.83868847 -0.83862394 -0.83855813 -0.83847931 
2.84803587e-07 -0.83876956 -0.83869283 -0.83862812 -0.83856225 -0.83848367 
2.31012970e-07 -0.83877018 -0.83869313 -0.83862905 -0.83856325 -0.83848463 
1.87381742e-07 -0.83877089 -0.83869376 -0.83863008 -0.83856437 -0.83848572 
1.51991108e-07 -0.83877168 -0.83869456 -0.83863118 -0.83856562 -0.83848693 
1.23284674e-07 -0.83877257 -0.83869550 -0.83863214 -0.83856693 -0.83848827 
1.00000000e-07 -0.83877353 -0.83869659 -0.83863361 -0.83856878 -0.83848972 
P (bar) | log_H2O: -2σ | log_H2O: -1σ | log_H2O: median | log_H2O: +1σ | log_H2O: +2σ 
1.00000000e+02 -2.77490315 -2.72655197 -2.68842911 -2.65154720 -2.60636165 
8.11130831e+01 -2.78432500 -2.73768984 -2.69801615 -2.65989059 -2.61302113 
6.57933225e+01 -2.79522937 -2.74867792 -2.70773397 -2.66755349 -2.62250616 
5.33669923e+01 -2.80498112 -2.75871107 -2.71675589 -2.67552809 -2.63074967 
4.32876128e+01 -2.81590321 -2.76963018 -2.72592836 -2.68202944 -2.63495961 
3.51119173e+01 -2.82543974 -2.78107507 -2.73518031 -2.69029882 -2.64093907 
2.84803587e+01 -2.84139292 -2.79747288 -2.74922600 -2.70131369 -2.64974384 
2.31012970e+01 -2.86282657 -2.81713144 -2.76660639 -2.71413597 -2.66018334 
1.87381742e+01 -2.88283959 -2.83643421 -2.78243787 -2.72657704 -2.66803417 
1.51991108e+01 -2.89705060 -2.85305509 -2.79678457 -2.73575005 -2.67725508 
1.23284674e+01 -2.91234117 -2.86563090 -2.80748100 -2.74286494 -2.68244550 
1.00000000e+01 -2.92156949 -2.87386362 -2.81455957 -2.74753517 -2.68387492 
8.11130831e+00 -2.94191677 -2.89504060 -2.83307205 -2.75880099 -2.69283737 
6.57933225e+00 -2.95547314 -2.90952202 -2.84430210 -2.76573316 -2.69657533 
5.33669923e+00 -2.96156756 -2.91503955 -2.84839895 -2.76819253 -2.69867356 
4.32876128e+00 -2.95995491 -2.91363523 -2.84705030 -2.76651184 -2.69603442 
3.51119173e+00 -2.95343272 -2.90673091 -2.84040137 -2.76216378 -2.69268815 
2.84803587e+00 -2.95287202 -2.90637190 -2.83970115 -2.76045999 -2.69114189 
2.31012970e+00 -2.95620058 -2.90994065 -2.84200270 -2.76205361 -2.69178745 
1.87381742e+00 -2.95333930 -2.90681556 -2.83850384 -2.75898317 -2.68909104 
1.51991108e+00 -2.94495379 -2.89775073 -2.83112093 -2.75295715 -2.68655386 
1.23284674e+00 -2.93311494 -2.88515034 -2.82058861 -2.74615678 -2.68167971 
1.00000000e+00 -2.91640805 -2.86979001 -2.80817835 -2.73864585 -2.67739710 
8.11130831e-01 -2.91836316 -2.87124612 -2.80804589 -2.73785096 -2.67632033 
6.57933225e-01 -2.91065528 -2.86439263 -2.80295778 -2.73376588 -2.67328240 
5.33669923e-01 -2.90189265 -2.85422309 -2.79338583 -2.72798119 -2.66944885 
4.32876128e-01 -2.88977792 -2.84138035 -2.78208274 -2.72019231 -2.65962259 
3.51119173e-01 -2.87340263 -2.82687228 -2.76938937 -2.71189685 -2.65370421 
2.84803587e-01 -2.86397096 -2.81687278 -2.76137100 -2.70650201 -2.65053978 
2.31012970e-01 -2.85875239 -2.81052318 -2.75498579 -2.70077938 -2.64680841 
1.87381742e-01 -2.84738297 -2.79987269 -2.74677824 -2.69434771 -2.64122763 
1.51991108e-01 -2.83547695 -2.78735321 -2.73629775 -2.68667292 -2.63445274 
1.23284674e-01 -2.81973710 -2.77392085 -2.72609542 -2.67817543 -2.63069447 
1.00000000e-01 -2.80671347 -2.76086434 -2.71498491 -2.66977436 -2.62388935 
8.11130831e-02 -2.80146069 -2.75419958 -2.70948970 -2.66627316 -2.62087548 
6.57933225e-02 -2.79395964 -2.74583681 -2.70295387 -2.66071583 -2.61768957 
5.33669923e-02 -2.78383313 -2.73682310 -2.69524107 -2.65446328 -2.60930009 
4.32876128e-02 -2.77689253 -2.72746269 -2.68613606 -2.64806208 -2.60035710 
3.51119173e-02 -2.76709235 -2.71900323 -2.67882914 -2.64169224 -2.59698984 
2.84803587e-02 -2.76177100 -2.71281677 -2.67298385 -2.63630128 -2.59082514 
2.31012970e-02 -2.75588526 -2.70740161 -2.66786315 -2.63182793 -2.58745154 
1.87381742e-02 -2.75114387 -2.70193987 -2.66280940 -2.62760607 -2.58359393 
1.51991108e-02 -2.74592474 -2.69741421 -2.65800078 -2.62369621 -2.58003959 
1.23284674e-02 -2.73986753 -2.69298471 -2.65376244 -2.61924048 -2.57621105 
1.00000000e-02 -2.73683407 -2.68905827 -2.64985888 -2.61576495 -2.57400165 
8.11130831e-03 -2.73401133 -2.68558933 -2.64707806 -2.61356339 -2.57212253 
6.57933225e-03 -2.73162526 -2.68267692 -2.64463049 -2.61130746 -2.57077218 
5.33669923e-03 -2.72829319 -2.67962971 -2.64243310 -2.60885456 -2.56906626 
4.32876128e-03 -2.72577148 -2.67764432 -2.64043689 -2.60716763 -2.56802739 
3.51119173e-03 -2.72329210 -2.67569554 -2.63840848 -2.60536113 -2.56696026 
2.84803587e-03 -2.72211065 -2.67481204 -2.63711476 -2.60423406 -2.56620633 
2.31012970e-03 -2.72184559 -2.67373907 -2.63639487 -2.60355997 -2.56560176 
1.87381742e-03 -2.72173192 -2.67350650 -2.63564158 -2.60270389 -2.56516556 
1.51991108e-03 -2.72164775 -2.67294196 -2.63501252 -2.60195239 -2.56476371 
1.23284674e-03 -2.72154980 -2.67236279 -2.63465627 -2.60151707 -2.56443373 
1.00000000e-03 -2.72105086 -2.67182301 -2.63429046 -2.60109046 -2.56413928 
8.11130831e-04 -2.72074512 -2.67152349 -2.63401431 -2.60080858 -2.56391270 
6.57933225e-04 -2.72051095 -2.67118826 -2.63376404 -2.60052952 -2.56370020 
5.33669923e-04 -2.72035895 -2.67093606 -2.63351961 -2.60027919 -2.56350114 
4.32876128e-04 -2.72018507 -2.67064864 -2.63330646 -2.60005019 -2.56332828 
3.51119173e-04 -2.72007589 -2.67043773 -2.63310060 -2.59984275 -2.56317598 
2.84803587e-04 -2.71994362 -2.67024718 -2.63295134 -2.59969226 -2.56307859 
2.31012970e-04 -2.71997081 -2.67011126 -2.63282292 -2.59956778 -2.56305203 
1.87381742e-04 -2.71996480 -2.67008075 -2.63283900 -2.59958518 -2.56316309 
1.51991108e-04 -2.72032536 -2.67012964 -2.63286625 -2.59966387 -2.56336644 
1.23284674e-04 -2.72051437 -2.67029089 -2.63339575 -2.60005515 -2.56379474 
1.00000000e-04 -2.72094721 -2.67079168 -2.63392499 -2.60064209 -2.56448993 
8.11130831e-05 -2.72166867 -2.67158972 -2.63484494 -2.60144541 -2.56518857 
6.57933225e-05 -2.72367092 -2.67291880 -2.63595810 -2.60257449 -2.56668671 
5.33669923e-05 -2.72805579 -2.67488153 -2.63769055 -2.60453185 -2.56918814 
4.32876128e-05 -2.73347310 -2.67843132 -2.63946285 -2.60688809 -2.57237964 
3.51119173e-05 -2.74933980 -2.69520351 -2.65666157 -2.62701780 -2.59586778 
2.84803587e-05 -2.77670174 -2.71742493 -2.68073848 -2.65278573 -2.62375055 
2.31012970e-05 -2.83114630 -2.76234972 -2.72471922 -2.69979415 -2.67002555 
1.87381742e-05 -2.88739196 -2.82592542 -2.78679805 -2.76072547 -2.73039001 
1.51991108e-05 -2.91302919 -2.86864748 -2.83050440 -2.79956827 -2.76360265 
1.23284674e-05 -2.91619630 -2.86913923 -2.83114331 -2.80020675 -2.76518888 
1.00000000e-05 -2.92717858 -2.87958803 -2.84118734 -2.81023975 -2.77461670 
8.11130831e-06 -2.93650032 -2.88761670 -2.84812367 -2.81600001 -2.77783978 
6.57933225e-06 -2.93703721 -2.88306236 -2.83834035 -2.79952235 -2.75991187 
5.33669923e-06 -2.92851818 -2.86855454 -2.82408196 -2.78513963 -2.74620244 
4.32876128e-06 -2.92086336 -2.86056661 -2.81635019 -2.77719788 -2.73820422 
3.51119173e-06 -2.91748783 -2.85698913 -2.81288043 -2.77353862 -2.73514518 
2.84803587e-06 -2.91663112 -2.85626340 -2.81226775 -2.77324954 -2.73481123 
2.31012970e-06 -2.91691451 -2.85705841 -2.81331521 -2.77492448 -2.73616645 
1.87381742e-06 -2.91814977 -2.85872964 -2.81524409 -2.77717408 -2.73842106 
1.51991108e-06 -2.91978163 -2.86077339 -2.81740288 -2.78001664 -2.74139578 
1.23284674e-06 -2.92156125 -2.86282481 -2.81993273 -2.78274761 -2.74395999 
1.00000000e-06 -2.92389833 -2.86482031 -2.82241258 -2.78563018 -2.74656204 
8.11130831e-07 -2.92732888 -2.86971692 -2.82741942 -2.79182153 -2.75151468 
6.57933225e-07 -2.93104017 -2.87439569 -2.83248401 -2.79786864 -2.75742729 
5.33669923e-07 -2.93486714 -2.87901231 -2.83787028 -2.80381696 -2.76432966 
4.32876128e-07 -2.93869410 -2.88373373 -2.84281671 -2.80981435 -2.77123203 
3.51119173e-07 -2.94252107 -2.88856670 -2.84837730 -2.81557559 -2.77813441 
2.84803587e-07 -2.94526818 -2.89252385 -2.85226619 -2.81989135 -2.78299856 
2.31012970e-07 -2.94693544 -2.89511073 -2.85484104 -2.82235437 -2.78557502 
1.87381742e-07 -2.94979741 -2.89768691 -2.85721005 -2.82488289 -2.78815148 
1.51991108e-07 -2.95026996 -2.90033288 -2.85960290 -2.82727818 -2.79072795 
1.23284674e-07 -2.95342581 -2.90300387 -2.86217996 -2.82953378 -2.79330441 
1.00000000e-07 -2.95683752 -2.90548710 -2.86425430 -2.83214546 -2.79588088 
P (bar) | log_CO2: -2σ | log_CO2: -1σ | log_CO2: median | log_CO2: +1σ | log_CO2: +2σ 
1.00000000e+02 -6.81470787 -6.74216101 -6.68090141 -6.61787585 -6.54570277 
8.11130831e+01 -6.81688020 -6.74780233 -6.68559768 -6.62272898 -6.54896636 
6.57933225e+01 -6.81828509 -6.75241772 -6.69069657 -6.62768201 -6.55287540 
5.33669923e+01 -6.82382641 -6.75733204 -6.69541300 -6.63192527 -6.55701885 
4.32876128e+01 -6.82958767 -6.76180854 -6.70029786 -6.63654968 -6.56003581 
3.51119173e+01 -6.83524950 -6.76711831 -6.70495924 -6.64078106 -6.56298896 
2.84803587e+01 -6.84184199 -6.77515735 -6.71215515 -6.64776823 -6.56725120 
2.31012970e+01 -6.85400514 -6.78621496 -6.72042450 -6.65589211 -6.57629339 
1.87381742e+01 -6.86168738 -6.79454919 -6.72907315 -6.66306732 -6.58205131 
1.51991108e+01 -6.86908335 -6.80221632 -6.73596861 -6.66876923 -6.58647086 
1.23284674e+01 -6.87354951 -6.80694386 -6.74003145 -6.67201217 -6.59233421 
1.00000000e+01 -6.87635077 -6.80990671 -6.74215136 -6.67317847 -6.59385940 
8.11130831e+00 -6.88767319 -6.81991313 -6.75050725 -6.67896850 -6.59726844 
6.57933225e+00 -6.89102281 -6.82409792 -6.75334984 -6.68025444 -6.59798869 
5.33669923e+00 -6.88891990 -6.82305366 -6.75185776 -6.67774508 -6.59654835 
4.32876128e+00 -6.88448031 -6.81875011 -6.74702322 -6.67349688 -6.59213224 
3.51119173e+00 -6.87901941 -6.81095968 -6.74013743 -6.66687878 -6.58505131 
2.84803587e+00 -6.87445231 -6.80706898 -6.73615890 -6.66262403 -6.58007008 
2.31012970e+00 -6.86993872 -6.80390150 -6.73251284 -6.65812694 -6.57701465 
1.87381742e+00 -6.86444674 -6.79821102 -6.72643897 -6.65234400 -6.57035966 
1.51991108e+00 -6.85731334 -6.78799187 -6.71747890 -6.64439086 -6.56295901 
1.23284674e+00 -6.84648105 -6.77711862 -6.70699110 -6.63521143 -6.55472077 
1.00000000e+00 -6.83217242 -6.76343454 -6.69530978 -6.62507148 -6.54536601 
8.11130831e-01 -6.82827797 -6.75902703 -6.68998520 -6.61944737 -6.54008927 
6.57933225e-01 -6.81877603 -6.75009660 -6.68171102 -6.61172704 -6.53187769 
5.33669923e-01 -6.80765823 -6.73934599 -6.67138174 -6.60225817 -6.52194022 
4.32876128e-01 -6.79399670 -6.72794496 -6.66015344 -6.59181634 -6.51144172 
3.51119173e-01 -6.78195628 -6.71499895 -6.64781194 -6.58126980 -6.50024836 
2.84803587e-01 -6.77186231 -6.70493718 -6.63765649 -6.57253960 -6.49171744 
2.31012970e-01 -6.76389793 -6.69558452 -6.62804757 -6.56229144 -6.48261549 
1.87381742e-01 -6.75252056 -6.68483019 -6.61699329 -6.55257816 -6.47277906 
1.51991108e-01 -6.74073190 -6.67227615 -6.60572467 -6.54117903 -6.46063309 
1.23284674e-01 -6.72591422 -6.65833501 -6.59449790 -6.52976535 -6.44932928 
1.00000000e-01 -6.71297505 -6.64587073 -6.58285641 -6.51769074 -6.43955040 
8.11130831e-02 -6.70262366 -6.63486141 -6.57278958 -6.50802781 -6.42987969 
6.57933225e-02 -6.69205842 -6.62348088 -6.56166410 -6.49678222 -6.42005501 
5.33669923e-02 -6.68171140 -6.61176096 -6.55061366 -6.48543335 -6.40915513 
4.32876128e-02 -6.66953945 -6.60016249 -6.53862766 -6.47362965 -6.39806292 
3.51119173e-02 -6.65732543 -6.58811613 -6.52684992 -6.46178039 -6.38680663 
2.84803587e-02 -6.64543348 -6.57622208 -6.51506477 -6.45004393 -6.37562125 
2.31012970e-02 -6.63326322 -6.56428532 -6.50306775 -6.43811958 -6.36374539 
1.87381742e-02 -6.62085690 -6.55182833 -6.49064108 -6.42575342 -6.35170324 
1.51991108e-02 -6.60795281 -6.53897536 -6.47795984 -6.41294310 -6.33883136 
1.23284674e-02 -6.59484459 -6.52584083 -6.46483789 -6.39978621 -6.32566621 
1.00000000e-02 -6.58120420 -6.51206897 -6.45119814 -6.38614169 -6.31195881 
8.11130831e-03 -6.56733831 -6.49794970 -6.43721611 -6.37185337 -6.29759983 
6.57933225e-03 -6.55261056 -6.48312360 -6.42218429 -6.35625315 -6.28259837 
5.33669923e-03 -6.53677105 -6.46776326 -6.40626883 -6.34039912 -6.26657413 
4.32876128e-03 -6.51864428 -6.45080977 -6.38988856 -6.32383963 -6.24913435 
3.51119173e-03 -6.50045459 -6.43352532 -6.37212816 -6.30633052 -6.23114057 
2.84803587e-03 -6.48048071 -6.41510711 -6.35359470 -6.28744018 -6.21124298 
2.31012970e-03 -6.46087147 -6.39541502 -6.33318807 -6.26742915 -6.19102773 
1.87381742e-03 -6.43989408 -6.37427902 -6.31186089 -6.24609077 -6.16796207 
1.51991108e-03 -6.41756119 -6.35162914 -6.28928497 -6.22273969 -6.14481113 
1.23284674e-03 -6.39332386 -6.32736008 -6.26486363 -6.19849907 -6.11869847 
1.00000000e-03 -6.36829654 -6.30201661 -6.23763213 -6.17144008 -6.09190682 
8.11130831e-04 -6.33991608 -6.27363652 -6.20878785 -6.14314519 -6.06144648 
6.57933225e-04 -6.31034634 -6.24311912 -6.17793095 -6.11203599 -6.03039494 
5.33669923e-04 -6.27736841 -6.20956422 -6.14464779 -6.07871761 -5.99512681 
4.32876128e-04 -6.24222556 -6.17484689 -6.10780657 -6.04222691 -5.95919340 
3.51119173e-04 -6.20263815 -6.13537266 -6.06915985 -6.00322305 -5.91885293 
2.84803587e-04 -6.16089737 -6.09485353 -6.02606436 -5.95975708 -5.87605999 
2.31012970e-04 -6.11471568 -6.04806803 -5.98010038 -5.91276516 -5.82975901 
1.87381742e-04 -6.06376740 -5.99930655 -5.92845149 -5.86184131 -5.77939913 
1.51991108e-04 -6.00989943 -5.94341030 -5.87447969 -5.80588792 -5.72467038 
1.23284674e-04 -5.94794525 -5.88372490 -5.81241678 -5.74578073 -5.66269079 
1.00000000e-04 -5.88345315 -5.81748865 -5.74742730 -5.67978011 -5.59506531 
8.11130831e-05 -5.80948099 -5.74443979 -5.67183046 -5.60457419 -5.52288033 
6.57933225e-05 -5.72889971 -5.66245212 -5.59209756 -5.52374407 -5.44288064 
5.33669923e-05 -5.63792972 -5.57261149 -5.49988505 -5.43039602 -5.35150760 
4.32876128e-05 -5.53860847 -5.47149711 -5.40240808 -5.33281633 -5.25426273 
3.51119173e-05 -5.43456686 -5.37068553 -5.30285153 -5.23621658 -5.15890458 
2.84803587e-05 -5.33068611 -5.26618971 -5.20318093 -5.13772603 -5.06387510 
2.31012970e-05 -5.23528705 -5.16781168 -5.10527200 -5.04090842 -4.96966366 
1.87381742e-05 -5.15227568 -5.08089944 -5.01763157 -4.95171310 -4.88207204 
1.51991108e-05 -5.05619254 -4.98994781 -4.92145776 -4.84982812 -4.77627311 
1.23284674e-05 -4.93072281 -4.85679579 -4.78310090 -4.70928214 -4.63829776 
1.00000000e-05 -4.81176506 -4.73140422 -4.65588889 -4.58145796 -4.50855628 
8.11130831e-06 -4.72958289 -4.64315984 -4.56965127 -4.49854912 -4.43688925 
6.57933225e-06 -4.82481070 -4.72531637 -4.65510226 -4.59092117 -4.52022653 
5.33669923e-06 -4.91302646 -4.81047472 -4.74311219 -4.68105851 -4.59880502 
4.32876128e-06 -4.93165870 -4.82788592 -4.76221643 -4.70058800 -4.62154818 
3.51119173e-06 -4.90650610 -4.80440510 -4.74125603 -4.68004081 -4.60036384 
2.84803587e-06 -4.86848913 -4.76367981 -4.70493886 -4.64559483 -4.57568012 
2.31012970e-06 -4.83090563 -4.72138920 -4.66189404 -4.60431656 -4.53466627 
1.87381742e-06 -4.78023722 -4.67777840 -4.61789376 -4.55724806 -4.48579663 
1.51991108e-06 -4.74334073 -4.63631405 -4.57168367 -4.50952621 -4.44189912 
1.23284674e-06 -4.69988364 -4.59676782 -4.52520203 -4.46022176 -4.39175129 
1.00000000e-06 -4.65468411 -4.55437994 -4.48070198 -4.41000156 -4.34452732 
8.11130831e-07 -4.63574656 -4.53388390 -4.46096712 -4.38921469 -4.32261696 
6.57933225e-07 -4.61797210 -4.51372583 -4.43886984 -4.36648124 -4.29849112 
5.33669923e-07 -4.59322678 -4.49343004 -4.41716805 -4.34273687 -4.27558309 
4.32876128e-07 -4.57763374 -4.47450469 -4.39519504 -4.32002662 -4.25305284 
3.51119173e-07 -4.55899977 -4.45506613 -4.37459091 -4.29601104 -4.22944228 
2.84803587e-07 -4.54904896 -4.44342440 -4.36149822 -4.28332171 -4.21528189 
2.31012970e-07 -4.54486874 -4.43898700 -4.35692030 -4.27851930 -4.21035182 
1.87381742e-07 -4.53954480 -4.43419584 -4.35229154 -4.27378018 -4.20542174 
1.51991108e-07 -4.53376650 -4.42974218 -4.34826153 -4.26877003 -4.20049167 
1.23284674e-07 -4.52798820 -4.42533285 -4.34376954 -4.26442020 -4.19556160 
1.00000000e-07 -4.52389436 -4.42072312 -4.33867486 -4.25973415 -4.19063152 
P (bar) | log_SO2: -2σ | log_SO2: -1σ | log_SO2: median | log_SO2: +1σ | log_SO2: +2σ 
1.00000000e+02 -10.29106866 -9.95962397 -9.83354111 -9.73984161 -9.63476444 
8.11130831e+01 -10.23202787 -9.91420817 -9.79137449 -9.69748446 -9.59249659 
6.57933225e+01 -10.17369991 -9.87663491 -9.74974841 -9.65506944 -9.55023368 
5.33669923e+01 -10.11259098 -9.83720507 -9.70785983 -9.61294298 -9.50771449 
4.32876128e+01 -10.04863337 -9.79347412 -9.66563044 -9.56961374 -9.46675651 
3.51119173e+01 -9.98633951 -9.74564552 -9.62384464 -9.52656795 -9.42531735 
2.84803587e+01 -9.93129400 -9.71400119 -9.59463868 -9.49678988 -9.39192057 
2.31012970e+01 -9.88446117 -9.69154362 -9.57331951 -9.47444458 -9.36881965 
1.87381742e+01 -9.84415305 -9.67143887 -9.55131791 -9.45105312 -9.34189236 
1.51991108e+01 -9.80990137 -9.64831651 -9.52741682 -9.42673903 -9.31350614 
1.23284674e+01 -9.77117330 -9.62320380 -9.49919965 -9.39729809 -9.27748940 
1.00000000e+01 -9.73778966 -9.59589908 -9.46909770 -9.36495306 -9.24187112 
8.11130831e+00 -9.72049407 -9.58988213 -9.46340371 -9.35735098 -9.23027736 
6.57933225e+00 -9.70272249 -9.57507231 -9.44874249 -9.34045331 -9.21641701 
5.33669923e+00 -9.68126567 -9.55361595 -9.42642097 -9.31705334 -9.18727746 
4.32876128e+00 -9.65404609 -9.52534712 -9.39792088 -9.28766908 -9.15636692 
3.51119173e+00 -9.61689444 -9.48878071 -9.36185239 -9.25256093 -9.12291644 
2.84803587e+00 -9.59414763 -9.46510929 -9.33767047 -9.22704049 -9.09453685 
2.31012970e+00 -9.57488000 -9.44401436 -9.31789550 -9.20752445 -9.07380086 
1.87381742e+00 -9.55062238 -9.41963457 -9.29349222 -9.18182270 -9.04673856 
1.51991108e+00 -9.51692380 -9.38837221 -9.26053672 -9.15126950 -9.02066841 
1.23284674e+00 -9.48085016 -9.35164686 -9.22482386 -9.11595105 -8.98897772 
1.00000000e+00 -9.44137415 -9.31128967 -9.18568756 -9.07878442 -8.95277769 
8.11130831e-01 -9.42543612 -9.29360023 -9.16753290 -9.05948052 -8.93586408 
6.57933225e-01 -9.39812540 -9.26687003 -9.14151348 -9.03486576 -8.90856163 
5.33669923e-01 -9.37184445 -9.23762125 -9.11217317 -9.00441848 -8.87732651 
4.32876128e-01 -9.34000682 -9.20330609 -9.07724260 -8.97050812 -8.84303497 
3.51119173e-01 -9.30819592 -9.16855054 -9.04046222 -8.93691983 -8.81347193 
2.84803587e-01 -9.27818011 -9.13595329 -9.01035722 -8.90940797 -8.78737533 
2.31012970e-01 -9.25523128 -9.11282009 -8.98855761 -8.88726763 -8.76502705 
1.87381742e-01 -9.23174484 -9.08361760 -8.96114814 -8.86038248 -8.74299993 
1.51991108e-01 -9.20958314 -9.05304545 -8.93409517 -8.83142356 -8.71669807 
1.23284674e-01 -9.18343861 -9.01961950 -8.90292867 -8.80313697 -8.68838881 
1.00000000e-01 -9.15668806 -8.98628573 -8.87092712 -8.76989461 -8.65901133 
8.11130831e-02 -9.14024978 -8.96443446 -8.84944958 -8.74915002 -8.64015853 
6.57933225e-02 -9.12226117 -8.94181014 -8.82560272 -8.72551815 -8.61930696 
5.33669923e-02 -9.10327447 -8.91756315 -8.80132448 -8.70220000 -8.59627374 
4.32876128e-02 -9.08199943 -8.89239832 -8.77457806 -8.67642611 -8.57107460 
3.51119173e-02 -9.06200529 -8.86487717 -8.74725708 -8.64924649 -8.54441621 
2.84803587e-02 -9.06238141 -8.84210452 -8.72449416 -8.62590630 -8.52116806 
2.31012970e-02 -9.05272706 -8.82633118 -8.70418463 -8.60580532 -8.50065857 
1.87381742e-02 -9.04683400 -8.80495999 -8.68406241 -8.58751617 -8.48166120 
1.51991108e-02 -9.04615102 -8.78993767 -8.66438569 -8.56719130 -8.46683364 
1.23284674e-02 -9.04559065 -8.76919637 -8.64193141 -8.54602218 -8.44385366 
1.00000000e-02 -9.04376506 -8.75029236 -8.61949289 -8.52428718 -8.42153362 
8.11130831e-03 -9.05203625 -8.73851579 -8.60978876 -8.51548352 -8.41244442 
6.57933225e-03 -9.07676144 -8.72734891 -8.60142863 -8.50684561 -8.40389345 
5.33669923e-03 -9.09966771 -8.71604990 -8.59393544 -8.49951631 -8.39679161 
4.32876128e-03 -9.12285026 -8.71518407 -8.58748413 -8.49563268 -8.38886815 
3.51119173e-03 -9.16919874 -8.71318375 -8.58401233 -8.48949515 -8.38575681 
2.84803587e-03 -9.22025306 -8.72282105 -8.59304094 -8.49773591 -8.39429871 
2.31012970e-03 -9.28185375 -8.74700979 -8.61539238 -8.51472493 -8.41066630 
1.87381742e-03 -9.35452670 -8.78199547 -8.64668287 -8.54431943 -8.44178724 
1.51991108e-03 -9.43660006 -8.82934622 -8.68476560 -8.57546452 -8.46878664 
1.23284674e-03 -9.53458837 -8.88501154 -8.73575241 -8.62704162 -8.52396565 
1.00000000e-03 -9.63915758 -8.96433257 -8.79828975 -8.68111174 -8.57654548 
8.11130831e-04 -9.77447309 -9.07023291 -8.89346154 -8.77845165 -8.67372829 
6.57933225e-04 -9.91869738 -9.19322154 -9.00108212 -8.87882997 -8.77014398 
5.33669923e-04 -10.08078316 -9.34181801 -9.13268008 -9.01127100 -8.90628145 
4.32876128e-04 -10.25999955 -9.50487969 -9.28726411 -9.15491191 -9.04252347 
3.51119173e-04 -10.44821788 -9.69009350 -9.46368074 -9.33743045 -9.22955114 
2.84803587e-04 -10.68357352 -9.90668448 -9.66856121 -9.53239073 -9.42026054 
2.31012970e-04 -10.91274862 -10.13509425 -9.90260667 -9.77067341 -9.66096076 
1.87381742e-04 -11.19485260 -10.40569018 -10.16412988 -10.02364503 -9.91420630 
1.51991108e-04 -11.48561675 -10.69653156 -10.45726910 -10.32244801 -10.21644375 
1.23284674e-04 -11.81203567 -11.03228028 -10.78932958 -10.64535154 -10.54159983 
1.00000000e-04 -12.18237246 -11.38278064 -11.15388748 -11.01640719 -10.91733802 
8.11130831e-05 -12.55700899 -11.80096852 -11.57175626 -11.42481581 -11.31746863 
6.57933225e-05 -13.03014225 -12.24094461 -12.02279116 -11.89143387 -11.78751601 
5.33669923e-05 -13.50153359 -12.77184428 -12.54740034 -12.40744498 -12.28960840 
4.32876128e-05 -14.10303468 -13.31953276 -13.11349985 -12.99028498 -12.87447752 
3.51119173e-05 -14.73362664 -14.03665412 -13.81220251 -13.67020121 -13.52771983 
2.84803587e-05 -15.47562428 -14.75989215 -14.56925707 -14.44779428 -14.31730163 
2.31012970e-05 -16.33266555 -15.68980765 -15.46148123 -15.32317168 -15.17604980 
1.87381742e-05 -17.14929329 -16.62655272 -16.44280375 -16.32118570 -16.15272781 
1.51991108e-05 -17.96747990 -17.53724108 -17.36126722 -17.23160425 -17.05507844 
1.23284674e-05 -18.72189597 -18.40068214 -18.24490985 -18.11329687 -17.93877308 
1.00000000e-05 -19.34144353 -19.11487100 -18.97065608 -18.84397652 -18.67233919 
8.11130831e-06 -19.82522792 -19.64330242 -19.50257862 -19.37303145 -19.22037752 
6.57933225e-06 -20.24062090 -20.06334311 -19.91380376 -19.76563109 -19.58195276 
5.33669923e-06 -20.49341623 -20.31781903 -20.17493887 -20.02513896 -19.83620499 
4.32876128e-06 -20.61933746 -20.44258815 -20.29713159 -20.14595298 -19.96370084 
3.51119173e-06 -20.64972315 -20.47057079 -20.32326210 -20.17168429 -19.98932599 
2.84803587e-06 -20.62399528 -20.44238602 -20.29405314 -20.14229956 -19.95696033 
2.31012970e-06 -20.56636353 -20.38487556 -20.23572935 -20.08248694 -19.89911160 
1.87381742e-06 -20.49313785 -20.31220970 -20.16201713 -20.00668385 -19.82343248 
1.51991108e-06 -20.41422206 -20.23296093 -20.08123565 -19.92458812 -19.73996663 
1.23284674e-06 -20.33241718 -20.15075782 -19.99750841 -19.83968494 -19.65386560 
1.00000000e-06 -20.25130295 -20.06712640 -19.91269296 -19.75448298 -19.56684221 
8.11130831e-07 -20.17938076 -19.99148660 -19.83674772 -19.67522967 -19.48315405 
6.57933225e-07 -20.10717575 -19.91639328 -19.76032620 -19.59544716 -19.40185913 
5.33669923e-07 -20.02916539 -19.84068801 -19.68336936 -19.51630755 -19.32111647 
4.32876128e-07 -19.94974652 -19.76456574 -19.60655232 -19.43883690 -19.23986710 
3.51119173e-07 -19.87721322 -19.69058033 -19.52931714 -19.35896794 -19.15705395 
2.84803587e-07 -19.79989772 -19.61193079 -19.44864618 -19.27497315 -19.07177542 
2.31012970e-07 -19.71780002 -19.52825482 -19.36420080 -19.18875032 -18.98493788 
1.87381742e-07 -19.63570233 -19.44538801 -19.27975541 -19.10305716 -18.89821341 
1.51991108e-07 -19.55360463 -19.36305720 -19.19531003 -19.01755859 -18.81148894 
1.23284674e-07 -19.47150693 -19.28000484 -19.11086464 -18.93214275 -18.72476446 
1.00000000e-07 -19.38940923 -19.19761705 -19.02641926 -18.84717074 -18.63803999 
P (bar) | log_CO: -2σ | log_CO: -1σ | log_CO: median | log_CO: +1σ | log_CO: +2σ 
1.00000000e+02 -3.25882167 -3.22118192 -3.18764689 -3.15339949 -3.11620299 
8.11130831e+01 -3.26072040 -3.22403373 -3.19081188 -3.15640889 -3.11957072 
6.57933225e+01 -3.26134953 -3.22734879 -3.19371646 -3.15958125 -3.12293677 
5.33669923e+01 -3.26184072 -3.23023004 -3.19682819 -3.16229260 -3.12569605 
4.32876128e+01 -3.26493282 -3.23315370 -3.20010136 -3.16523299 -3.12794683 
3.51119173e+01 -3.26860081 -3.23646287 -3.20346121 -3.16806831 -3.13085396 
2.84803587e+01 -3.27336530 -3.23986856 -3.20750038 -3.17177077 -3.13400432 
2.31012970e+01 -3.27899575 -3.24454470 -3.21240087 -3.17607792 -3.13816241 
1.87381742e+01 -3.28407905 -3.24886361 -3.21712072 -3.18014714 -3.14284445 
1.51991108e+01 -3.28770499 -3.25268248 -3.22131199 -3.18379444 -3.14630521 
1.23284674e+01 -3.29159215 -3.25641651 -3.22469488 -3.18693821 -3.14946562 
1.00000000e+01 -3.29456225 -3.25917817 -3.22712473 -3.18927992 -3.15148763 
8.11130831e+00 -3.29800659 -3.26351415 -3.23017572 -3.19260307 -3.15489532 
6.57933225e+00 -3.30098193 -3.26623990 -3.23292127 -3.19516317 -3.15747631 
5.33669923e+00 -3.30298325 -3.26806550 -3.23469745 -3.19661451 -3.15889533 
4.32876128e+00 -3.30350088 -3.26875242 -3.23522712 -3.19700639 -3.15947467 
3.51119173e+00 -3.30293561 -3.26852516 -3.23488520 -3.19661215 -3.15872708 
2.84803587e+00 -3.30288866 -3.26868777 -3.23501944 -3.19655842 -3.15876076 
2.31012970e+00 -3.30335294 -3.26921731 -3.23557569 -3.19702808 -3.15892198 
1.87381742e+00 -3.30302502 -3.26912558 -3.23548549 -3.19671759 -3.15867496 
1.51991108e+00 -3.30213224 -3.26828923 -3.23461649 -3.19583432 -3.15771395 
1.23284674e+00 -3.30050012 -3.26700142 -3.23310328 -3.19432647 -3.15636281 
1.00000000e+00 -3.29851234 -3.26474989 -3.23081365 -3.19228357 -3.15450427 
8.11130831e-01 -3.29810948 -3.26446521 -3.23046408 -3.19202751 -3.15428365 
6.57933225e-01 -3.29727191 -3.26333333 -3.22947424 -3.19103795 -3.15342331 
5.33669923e-01 -3.29549210 -3.26172472 -3.22776979 -3.18934017 -3.15199845 
4.32876128e-01 -3.29348743 -3.25907624 -3.22526728 -3.18724198 -3.14978016 
3.51119173e-01 -3.29059015 -3.25603010 -3.22258110 -3.18462519 -3.14664061 
2.84803587e-01 -3.28862889 -3.25380732 -3.22045921 -3.18267890 -3.14446910 
2.31012970e-01 -3.28698587 -3.25172309 -3.21905945 -3.18106764 -3.14290951 
1.87381742e-01 -3.28440896 -3.24922408 -3.21672699 -3.17859301 -3.14081970 
1.51991108e-01 -3.28195052 -3.24605488 -3.21375005 -3.17581595 -3.13785600 
1.23284674e-01 -3.27786361 -3.24240385 -3.21061194 -3.17265752 -3.13524092 
1.00000000e-01 -3.27479875 -3.23878153 -3.20690390 -3.16933495 -3.13168513 
8.11130831e-02 -3.27185635 -3.23717189 -3.20461587 -3.16749039 -3.13010076 
6.57933225e-02 -3.26907955 -3.23421644 -3.20166988 -3.16505546 -3.12753706 
5.33669923e-02 -3.26505881 -3.23125451 -3.19866012 -3.16247838 -3.12513501 
4.32876128e-02 -3.26123785 -3.22806740 -3.19500638 -3.15935370 -3.12212888 
3.51119173e-02 -3.25759912 -3.22449943 -3.19142032 -3.15577554 -3.11874656 
2.84803587e-02 -3.25719276 -3.22159194 -3.18826168 -3.15319087 -3.11680456 
2.31012970e-02 -3.25594366 -3.21922796 -3.18545664 -3.15097927 -3.11446552 
1.87381742e-02 -3.25503423 -3.21668295 -3.18302147 -3.14842432 -3.11173892 
1.51991108e-02 -3.25216151 -3.21393956 -3.18015055 -3.14626495 -3.10910110 
1.23284674e-02 -3.24905872 -3.21136477 -3.17755481 -3.14362955 -3.10570106 
1.00000000e-02 -3.24814643 -3.20943874 -3.17495514 -3.14119929 -3.10322787 
8.11130831e-03 -3.24778373 -3.20810483 -3.17348333 -3.13947544 -3.10131497 
6.57933225e-03 -3.24722733 -3.20649911 -3.17178757 -3.13788731 -3.10029630 
5.33669923e-03 -3.24679995 -3.20538974 -3.17008998 -3.13624689 -3.09933705 
4.32876128e-03 -3.24591183 -3.20435217 -3.16824762 -3.13479804 -3.09853251 
3.51119173e-03 -3.24494046 -3.20266266 -3.16688931 -3.13306588 -3.09775357 
2.84803587e-03 -3.24418551 -3.20155203 -3.16608842 -3.13198721 -3.09692042 
2.31012970e-03 -3.24341751 -3.20057391 -3.16542305 -3.13083848 -3.09582460 
1.87381742e-03 -3.24310577 -3.20006421 -3.16480687 -3.13017308 -3.09481947 
1.51991108e-03 -3.24223542 -3.19946097 -3.16412599 -3.12969378 -3.09444464 
1.23284674e-03 -3.24171386 -3.19899377 -3.16360284 -3.12936364 -3.09428111 
1.00000000e-03 -3.24143105 -3.19858392 -3.16327153 -3.12914121 -3.09416807 
8.11130831e-04 -3.24137025 -3.19833683 -3.16305857 -3.12898908 -3.09412221 
6.57933225e-04 -3.24135133 -3.19806331 -3.16295750 -3.12890480 -3.09408199 
5.33669923e-04 -3.24125568 -3.19796257 -3.16285918 -3.12883914 -3.09409229 
4.32876128e-04 -3.24114558 -3.19785519 -3.16283288 -3.12878676 -3.09410161 
3.51119173e-04 -3.24112974 -3.19784095 -3.16281888 -3.12877950 -3.09411790 
2.84803587e-04 -3.24111900 -3.19783160 -3.16285017 -3.12879312 -3.09415225 
2.31012970e-04 -3.24115855 -3.19787567 -3.16289260 -3.12883950 -3.09419659 
1.87381742e-04 -3.24120640 -3.19792612 -3.16296878 -3.12890266 -3.09427632 
1.51991108e-04 -3.24128916 -3.19801534 -3.16305658 -3.12899389 -3.09436699 
1.23284674e-04 -3.24139089 -3.19812110 -3.16318754 -3.12911339 -3.09450307 
1.00000000e-04 -3.24153137 -3.19827159 -3.16333585 -3.12926695 -3.09465592 
8.11130831e-05 -3.24171382 -3.19845631 -3.16355954 -3.12947517 -3.09488820 
6.57933225e-05 -3.24195729 -3.19871249 -3.16381668 -3.12974148 -3.09515311 
5.33669923e-05 -3.24230361 -3.19905387 -3.16422507 -3.13012505 -3.09557671 
4.32876128e-05 -3.24276720 -3.19954034 -3.16471318 -3.13063369 -3.09607885 
3.51119173e-05 -3.24337913 -3.20012411 -3.16536733 -3.13134296 -3.09674472 
2.84803587e-05 -3.24415176 -3.20091197 -3.16615318 -3.13218757 -3.09753780 
2.31012970e-05 -3.24523662 -3.20197206 -3.16727349 -3.13339717 -3.09864229 
1.87381742e-05 -3.24705233 -3.20331918 -3.16854867 -3.13464347 -3.09985385 
1.51991108e-05 -3.27225844 -3.21262014 -3.18150011 -3.14840735 -3.10720994 
1.23284674e-05 -3.29328043 -3.23908922 -3.20556233 -3.17203637 -3.13157313 
1.00000000e-05 -3.28527874 -3.23680105 -3.20280045 -3.16909039 -3.13163396 
8.11130831e-06 -3.31897859 -3.24955400 -3.21094392 -3.17751797 -3.13748760 
6.57933225e-06 -3.60656536 -3.50039462 -3.40854513 -3.29178697 -3.19658712 
5.33669923e-06 -3.75975846 -3.66562163 -3.57960640 -3.47306058 -3.36220348 
4.32876128e-06 -3.81342904 -3.72525535 -3.64522964 -3.54640382 -3.44205122 
3.51119173e-06 -3.80465113 -3.72243481 -3.64824653 -3.55712414 -3.46063906 
2.84803587e-06 -3.76830292 -3.68992329 -3.62102173 -3.53812445 -3.45318172 
2.31012970e-06 -3.71456536 -3.64735066 -3.58345095 -3.50701189 -3.43145062 
1.87381742e-06 -3.65989055 -3.59616773 -3.53906571 -3.47012095 -3.40041749 
1.51991108e-06 -3.59933817 -3.54305015 -3.49256730 -3.42925122 -3.36284531 
1.23284674e-06 -3.53811338 -3.48905140 -3.44296350 -3.38777414 -3.32700722 
1.00000000e-06 -3.48207699 -3.43810165 -3.39516268 -3.34600511 -3.29048222 
8.11130831e-07 -3.45150292 -3.40860195 -3.36787502 -3.32345587 -3.26987742 
6.57933225e-07 -3.42514516 -3.37820293 -3.34210279 -3.30011787 -3.24746660 
5.33669923e-07 -3.39605019 -3.34902291 -3.31507753 -3.27611508 -3.22494287 
4.32876128e-07 -3.36777842 -3.32108050 -3.28799586 -3.25219243 -3.20400990 
3.51119173e-07 -3.34105746 -3.29226861 -3.26157388 -3.22656745 -3.18203717 
2.84803587e-07 -3.32203757 -3.27521398 -3.24439027 -3.21082228 -3.16702466 
2.31012970e-07 -3.31404918 -3.26737917 -3.23707533 -3.20405426 -3.16110939 
1.87381742e-07 -3.30619333 -3.25980808 -3.23022432 -3.19704376 -3.15356807 
1.51991108e-07 -3.29833748 -3.25229737 -3.22288555 -3.19013972 -3.14786465 
1.23284674e-07 -3.28967654 -3.24540015 -3.21552288 -3.18298572 -3.14138338 
1.00000000e-07 -3.28210971 -3.23826640 -3.20825532 -3.17588757 -3.13554855 
P (bar) | log_H2S: -2σ | log_H2S: -1σ | log_H2S: median | log_H2S: +1σ | log_H2S: +2σ 
1.00000000e+02 -4.67508810 -4.63593820 -4.57183851 -4.47734653 -4.35365189 
8.11130831e+01 -4.73360259 -4.69263765 -4.62528186 -4.52210638 -4.38603309 
6.57933225e+01 -4.79260493 -4.74862625 -4.67720227 -4.56712000 -4.41630221 
5.33669923e+01 -4.85123224 -4.80524932 -4.73034260 -4.61189559 -4.45051242 
4.32876128e+01 -4.90877033 -4.86177024 -4.78249102 -4.65805846 -4.47787739 
3.51119173e+01 -4.96678306 -4.91790067 -4.83410615 -4.70492504 -4.50500724 
2.84803587e+01 -5.03541632 -4.98495945 -4.89595285 -4.75723122 -4.53898136 
2.31012970e+01 -5.11319245 -5.06125551 -4.96837572 -4.81932786 -4.57922902 
1.87381742e+01 -5.18763730 -5.13399965 -5.03784751 -4.87862546 -4.61818951 
1.51991108e+01 -5.25787561 -5.20189466 -5.10165767 -4.93465850 -4.65751011 
1.23284674e+01 -5.32070418 -5.26271666 -5.15849156 -4.98442955 -4.69199940 
1.00000000e+01 -5.37349672 -5.31379606 -5.20563426 -5.02603058 -4.72016323 
8.11130831e+00 -5.43985964 -5.37956442 -5.26713248 -5.08076913 -4.75926953 
6.57933225e+00 -5.49447189 -5.43280336 -5.31814437 -5.12426547 -4.79034867 
5.33669923e+00 -5.53643338 -5.47394191 -5.35665531 -5.15578189 -4.81376768 
4.32876128e+00 -5.56797358 -5.50514173 -5.38503109 -5.17940283 -4.82892774 
3.51119173e+00 -5.58954006 -5.52605170 -5.40409303 -5.19484716 -4.83805790 
2.84803587e+00 -5.61574861 -5.55194738 -5.42767300 -5.21553907 -4.85084042 
2.31012970e+00 -5.64622476 -5.58137028 -5.45546398 -5.23934668 -4.86679167 
1.87381742e+00 -5.66930414 -5.60444427 -5.47722774 -5.25650641 -4.87856482 
1.51991108e+00 -5.68560763 -5.61926104 -5.49059790 -5.26693777 -4.88390593 
1.23284674e+00 -5.69477576 -5.62839353 -5.49830930 -5.27176295 -4.88578393 
1.00000000e+00 -5.69761383 -5.63042503 -5.49931051 -5.27139111 -4.88194259 
8.11130831e-01 -5.71740426 -5.64971141 -5.51756631 -5.28596478 -4.89188749 
6.57933225e-01 -5.72899427 -5.66132556 -5.52902231 -5.29408059 -4.89686815 
5.33669923e-01 -5.73451382 -5.66610774 -5.53344923 -5.29657506 -4.89560699 
4.32876128e-01 -5.73131258 -5.66379113 -5.53094081 -5.29288369 -4.89100524 
3.51119173e-01 -5.72363710 -5.65533225 -5.52138256 -5.28373466 -4.87941772 
2.84803587e-01 -5.71797331 -5.65036161 -5.51654359 -5.27796437 -4.87349197 
2.31012970e-01 -5.71786474 -5.64956007 -5.51428121 -5.27590363 -4.86981012 
1.87381742e-01 -5.70822661 -5.64064881 -5.50570185 -5.26702146 -4.86120425 
1.51991108e-01 -5.69364897 -5.62552694 -5.48983564 -5.25278318 -4.84777194 
1.23284674e-01 -5.67038965 -5.60268197 -5.46884230 -5.23189050 -4.82737402 
1.00000000e-01 -5.64256614 -5.57462564 -5.44068129 -5.20599352 -4.80460930 
8.11130831e-02 -5.62478163 -5.55771606 -5.42555445 -5.19030367 -4.79058703 
6.57933225e-02 -5.60202553 -5.53412093 -5.40140904 -5.16975562 -4.77427173 
5.33669923e-02 -5.57061305 -5.50355838 -5.37187166 -5.14204321 -4.75076794 
4.32876128e-02 -5.53397181 -5.46646652 -5.33652954 -5.10954373 -4.72258258 
3.51119173e-02 -5.48929500 -5.42460660 -5.29453006 -5.07066553 -4.69034009 
2.84803587e-02 -5.44800131 -5.38277833 -5.25321915 -5.03361611 -4.65834515 
2.31012970e-02 -5.40714667 -5.34248709 -5.21470403 -5.00024928 -4.63529472 
1.87381742e-02 -5.36067806 -5.29572574 -5.17107394 -4.95733981 -4.60199130 
1.51991108e-02 -5.30732929 -5.24365554 -5.12093354 -4.91251414 -4.56941137 
1.23284674e-02 -5.24784136 -5.18392892 -5.06462398 -4.86023234 -4.52970826 
1.00000000e-02 -5.18148587 -5.11979884 -5.00163938 -4.80377091 -4.48737279 
8.11130831e-03 -5.12459965 -5.06243273 -4.94846942 -4.75610924 -4.45989972 
6.57933225e-03 -5.06334834 -5.00266531 -4.88977435 -4.70786666 -4.42711956 
5.33669923e-03 -4.99467040 -4.93420453 -4.82544382 -4.64826837 -4.39405532 
4.32876128e-03 -4.92257121 -4.86437500 -4.75680450 -4.59182919 -4.36604396 
3.51119173e-03 -4.84254871 -4.78456096 -4.68456730 -4.52850807 -4.34164564 
2.84803587e-03 -4.77050755 -4.71482235 -4.61694098 -4.47632223 -4.31092142 
2.31012970e-03 -4.69823259 -4.64306855 -4.55773028 -4.42490273 -4.28349233 
1.87381742e-03 -4.63061255 -4.58014716 -4.49419175 -4.38100767 -4.25928546 
1.51991108e-03 -4.55522687 -4.50578240 -4.43414619 -4.33357042 -4.23822583 
1.23284674e-03 -4.49036621 -4.44562276 -4.37413966 -4.29012548 -4.21602143 
1.00000000e-03 -4.41861125 -4.37689006 -4.31897964 -4.25153832 -4.18833683 
8.11130831e-04 -4.37705960 -4.33777644 -4.28190834 -4.22436960 -4.16969322 
6.57933225e-04 -4.32849104 -4.29095978 -4.24681289 -4.20135282 -4.14898615 
5.33669923e-04 -4.29846864 -4.26106226 -4.21786893 -4.17477806 -4.13453711 
4.32876128e-04 -4.26561544 -4.22980738 -4.19392389 -4.15801185 -4.11325410 
3.51119173e-04 -4.25077642 -4.21367429 -4.17696569 -4.14254788 -4.10172100 
2.84803587e-04 -4.24099919 -4.19976157 -4.16532433 -4.13232888 -4.09254351 
2.31012970e-04 -4.23914983 -4.19397096 -4.15922626 -4.12632145 -4.08972453 
1.87381742e-04 -4.23620132 -4.18945565 -4.15486124 -4.12275209 -4.08863650 
1.51991108e-04 -4.23915194 -4.18915627 -4.15466952 -4.12222796 -4.08899682 
1.23284674e-04 -4.24295995 -4.19075183 -4.15578827 -4.12445157 -4.09187834 
1.00000000e-04 -4.24820864 -4.19477371 -4.15964966 -4.12827976 -4.09555449 
8.11130831e-05 -4.25518281 -4.20085731 -4.16546492 -4.13431251 -4.10219966 
6.57933225e-05 -4.26313596 -4.20842974 -4.17319930 -4.14189595 -4.10969484 
5.33669923e-05 -4.27340074 -4.21784628 -4.18273890 -4.15211202 -4.12037103 
4.32876128e-05 -4.28745076 -4.23040298 -4.19413675 -4.16332474 -4.13184680 
3.51119173e-05 -4.30620571 -4.24809206 -4.21249876 -4.18391137 -4.15397132 
2.84803587e-05 -4.32859591 -4.27004043 -4.23549268 -4.20677096 -4.17762396 
2.31012970e-05 -4.37276363 -4.30593928 -4.27190834 -4.24546059 -4.21706567 
1.87381742e-05 -4.41350176 -4.35351898 -4.31970017 -4.29312096 -4.26417239 
1.51991108e-05 -4.44831306 -4.39550446 -4.36177339 -4.33486419 -4.30575470 
1.23284674e-05 -4.48181912 -4.43065772 -4.39833152 -4.37097605 -4.34160465 
1.00000000e-05 -4.51334311 -4.46456566 -4.43257930 -4.40437304 -4.37595059 
8.11130831e-06 -4.53705356 -4.49097623 -4.45814926 -4.42983385 -4.40071439 
6.57933225e-06 -4.55288924 -4.50777691 -4.47401391 -4.44496489 -4.41385322 
5.33669923e-06 -4.55966972 -4.51654303 -4.48293722 -4.45344334 -4.42226708 
4.32876128e-06 -4.56455431 -4.52195825 -4.48877187 -4.45901584 -4.42766191 
3.51119173e-06 -4.56804498 -4.52559142 -4.49243908 -4.46252989 -4.43102424 
2.84803587e-06 -4.57041290 -4.52792529 -4.49477818 -4.46495074 -4.43361227 
2.31012970e-06 -4.57208165 -4.52967100 -4.49657743 -4.46708639 -4.43604368 
1.87381742e-06 -4.57361428 -4.53120380 -4.49799152 -4.46878740 -4.43817429 
1.51991108e-06 -4.57507640 -4.53261364 -4.49941170 -4.47044726 -4.43990586 
1.23284674e-06 -4.57650681 -4.53392391 -4.50067465 -4.47201028 -4.44155508 
1.00000000e-06 -4.57792471 -4.53527634 -4.50214441 -4.47358337 -4.44318311 
8.11130831e-07 -4.58115459 -4.53789993 -4.50546126 -4.47703077 -4.44654541 
6.57933225e-07 -4.58438308 -4.54095522 -4.50867359 -4.48063287 -4.44990561 
5.33669923e-07 -4.58680066 -4.54385582 -4.51185969 -4.48432063 -4.45326581 
4.32876128e-07 -4.58907540 -4.54667037 -4.51500672 -4.48779975 -4.45662601 
3.51119173e-07 -4.59201128 -4.54928858 -4.51827072 -4.49139789 -4.45998621 
2.84803587e-07 -4.59459639 -4.55174566 -4.52073186 -4.49378707 -4.46243563 
2.31012970e-07 -4.59610615 -4.55318486 -4.52265151 -4.49536783 -4.46397427 
1.87381742e-07 -4.59783113 -4.55466121 -4.52425994 -4.49729784 -4.46551290 
1.51991108e-07 -4.59955612 -4.55625048 -4.52582817 -4.49879456 -4.46705154 
1.23284674e-07 -4.60088318 -4.55787679 -4.52758477 -4.50042937 -4.46859018 
1.00000000e-07 -4.60212735 -4.55996536 -4.52899151 -4.50209745 -4.47012881 
P (bar) | log_NH3: -2σ | log_NH3: -1σ | log_NH3: median | log_NH3: +1σ | log_NH3: +2σ 
1.00000000e+02 -5.42935130 -5.40657006 -5.36946691 -5.31201465 -5.22429821 
8.11130831e+01 -5.53603395 -5.51270970 -5.47365797 -5.41270834 -5.31867756 
6.57933225e+01 -5.64306240 -5.61866522 -5.57737229 -5.51412445 -5.41304987 
5.33669923e+01 -5.75013104 -5.72483503 -5.68087565 -5.61425788 -5.50740114 
4.32876128e+01 -5.85707117 -5.83104557 -5.78507804 -5.71461032 -5.60169627 
3.51119173e+01 -5.96314773 -5.93673234 -5.88917970 -5.81444595 -5.69585733 
2.84803587e+01 -6.07582303 -6.04793256 -5.99787478 -5.91800891 -5.79160219 
2.31012970e+01 -6.19374044 -6.16410188 -6.11063848 -6.02530431 -5.88988193 
1.87381742e+01 -6.30879088 -6.27806440 -6.22135467 -6.13096989 -5.98710120 
1.51991108e+01 -6.42054053 -6.38888786 -6.32978000 -6.23392520 -6.08265111 
1.23284674e+01 -6.52759125 -6.49468189 -6.43303867 -6.33342512 -6.17584027 
1.00000000e+01 -6.62863424 -6.59450462 -6.53158078 -6.42784854 -6.26602181 
8.11130831e+00 -6.73935646 -6.70512553 -6.63876221 -6.52875155 -6.35836953 
6.57933225e+00 -6.84203208 -6.80746986 -6.73830871 -6.62331711 -6.44671725 
5.33669923e+00 -6.93536030 -6.90019462 -6.82912523 -6.71172320 -6.53156416 
4.32876128e+00 -7.02126868 -6.98616432 -6.91415905 -6.79438824 -6.61261154 
3.51119173e+00 -7.10093267 -7.06507509 -6.99306150 -6.87316174 -6.69130542 
2.84803587e+00 -7.18460277 -7.14902420 -7.07573085 -6.95461852 -6.77103280 
2.31012970e+00 -7.27206025 -7.23515258 -7.16133027 -7.03814603 -6.85078706 
1.87381742e+00 -7.35292879 -7.31637544 -7.24091299 -7.11733445 -6.92900067 
1.51991108e+00 -7.42861283 -7.39133694 -7.31689278 -7.19274669 -7.00439322 
1.23284674e+00 -7.49951204 -7.46309732 -7.38765315 -7.26482764 -7.07901461 
1.00000000e+00 -7.56623604 -7.52961055 -7.45625729 -7.33469995 -7.15179912 
8.11130831e-01 -7.64750670 -7.61117024 -7.53564500 -7.41316122 -7.22847640 
6.57933225e-01 -7.72216739 -7.68520832 -7.61083608 -7.48803552 -7.30321781 
5.33669923e-01 -7.79191967 -7.75558161 -7.68067486 -7.55879714 -7.37538242 
4.32876128e-01 -7.85616737 -7.82032926 -7.74715402 -7.62727291 -7.44704096 
3.51119173e-01 -7.91754801 -7.88242986 -7.81045004 -7.69401464 -7.51645444 
2.84803587e-01 -7.98248934 -7.94739070 -7.87785175 -7.76252201 -7.58768515 
2.31012970e-01 -8.05226100 -8.01700555 -7.94632428 -7.83255967 -7.65876921 
1.87381742e-01 -8.11412810 -8.07977465 -8.01147937 -7.89919858 -7.72806286 
1.51991108e-01 -8.17480675 -8.14022392 -8.07219451 -7.96372107 -7.79629476 
1.23284674e-01 -8.22936597 -8.19602909 -8.13092127 -8.02582448 -7.86266496 
1.00000000e-01 -8.28432375 -8.25089465 -8.18718142 -8.08772355 -7.92898708 
8.11130831e-02 -8.34582359 -8.31408399 -8.25193790 -8.15299654 -7.99627299 
6.57933225e-02 -8.40590408 -8.37320836 -8.31246067 -8.21650762 -8.06245492 
5.33669923e-02 -8.45983790 -8.42885214 -8.37077308 -8.27781431 -8.12717159 
4.32876128e-02 -8.51394693 -8.48264413 -8.42595784 -8.33652633 -8.19066345 
3.51119173e-02 -8.56387408 -8.53420542 -8.48054287 -8.39528407 -8.25350534 
2.84803587e-02 -8.61909333 -8.58902794 -8.53684530 -8.45356299 -8.31594475 
2.31012970e-02 -8.67335012 -8.64527974 -8.59435226 -8.51366033 -8.37807351 
1.87381742e-02 -8.72718978 -8.69863215 -8.64908474 -8.57078766 -8.43891896 
1.51991108e-02 -8.77849354 -8.75142523 -8.70321973 -8.62789588 -8.49839454 
1.23284674e-02 -8.82949012 -8.80246706 -8.75603960 -8.68357140 -8.55702163 
1.00000000e-02 -8.87911600 -8.85338526 -8.80875660 -8.73904516 -8.61437565 
8.11130831e-03 -8.93247210 -8.90647569 -8.86314391 -8.79457843 -8.67103983 
6.57933225e-03 -8.98324917 -8.95845591 -8.91603329 -8.84887322 -8.72676080 
5.33669923e-03 -9.03333588 -9.00860574 -8.96757688 -8.90165287 -8.77991603 
4.32876128e-03 -9.08206617 -9.05847129 -9.01797957 -8.95291781 -8.83267449 
3.51119173e-03 -9.13032983 -9.10709841 -9.06730832 -9.00307825 -8.88263773 
2.84803587e-03 -9.17786087 -9.15488362 -9.11570543 -9.05195992 -8.93164091 
2.31012970e-03 -9.22467600 -9.20198890 -9.16257782 -9.09958856 -8.97864282 
1.87381742e-03 -9.26931552 -9.24672894 -9.20774367 -9.14446912 -9.02279856 
1.51991108e-03 -9.31266473 -9.29036023 -9.25046858 -9.18785683 -9.06644868 
1.23284674e-03 -9.35368496 -9.33029602 -9.29129291 -9.22818206 -9.10462568 
1.00000000e-03 -9.39313919 -9.36944114 -9.32897716 -9.26625989 -9.14274305 
8.11130831e-04 -9.42786189 -9.40420911 -9.36501614 -9.30105755 -9.17565012 
6.57933225e-04 -9.46165151 -9.43729980 -9.39663688 -9.33306280 -9.20651346 
5.33669923e-04 -9.48914172 -9.46512951 -9.42542402 -9.36082075 -9.23396225 
4.32876128e-04 -9.51573250 -9.49109367 -9.44893167 -9.38498875 -9.25587871 
3.51119173e-04 -9.53458057 -9.51016897 -9.46923026 -9.40445054 -9.27735467 
2.84803587e-04 -9.55172320 -9.52670232 -9.48304879 -9.41916485 -9.28820162 
2.31012970e-04 -9.55947837 -9.53455012 -9.49332156 -9.42808547 -9.29904551 
1.87381742e-04 -9.56631281 -9.53968470 -9.49522364 -9.43011671 -9.30019836 
1.51991108e-04 -9.56060993 -9.53532933 -9.49237540 -9.42773853 -9.29715642 
1.23284674e-04 -9.55235893 -9.52493073 -9.47913453 -9.41314154 -9.28778248 
1.00000000e-04 -9.52980782 -9.50361994 -9.45948643 -9.39565753 -9.26700144 
8.11130831e-05 -9.50278126 -9.47441567 -9.42745273 -9.36166894 -9.24587629 
6.57933225e-05 -9.45893060 -9.43162943 -9.38722487 -9.32621374 -9.20217369 
5.33669923e-05 -9.40821673 -9.37895736 -9.33029618 -9.26663422 -9.16166128 
4.32876128e-05 -9.33698171 -9.30915035 -9.26305036 -9.20574668 -9.09738791 
3.51119173e-05 -9.25594101 -9.22525226 -9.17543429 -9.11550144 -9.02503649 
2.84803587e-05 -9.15321007 -9.12307895 -9.07852308 -9.02508038 -8.94076393 
2.31012970e-05 -9.04480232 -9.00897867 -8.96009961 -8.90467796 -8.83471902 
1.87381742e-05 -8.91765656 -8.87926655 -8.83482774 -8.78695332 -8.73516070 
1.51991108e-05 -8.81015743 -8.76472277 -8.71580338 -8.66297534 -8.61254646 
1.23284674e-05 -8.68086342 -8.63022992 -8.58576303 -8.53997270 -8.49831376 
1.00000000e-05 -8.58896377 -8.53838298 -8.49671823 -8.45356930 -8.41370804 
8.11130831e-06 -8.54271983 -8.49000777 -8.45083684 -8.40544494 -8.36001552 
6.57933225e-06 -8.53562104 -8.47418997 -8.42327507 -8.36463022 -8.31939398 
5.33669923e-06 -8.54504328 -8.47880200 -8.42698036 -8.36748909 -8.32367744 
4.32876128e-06 -8.58553137 -8.51746296 -8.46487630 -8.40512353 -8.36100353 
3.51119173e-06 -8.64803649 -8.58024226 -8.52681215 -8.46722581 -8.42244456 
2.84803587e-06 -8.72582124 -8.65710095 -8.60310204 -8.54406331 -8.49929811 
2.31012970e-06 -8.81112903 -8.74178776 -8.68742559 -8.62828913 -8.58359578 
1.87381742e-06 -8.89975743 -8.83020158 -8.77565112 -8.71646497 -8.67180911 
1.51991108e-06 -8.98982898 -8.92018170 -8.86557251 -8.80636860 -8.76172424 
1.23284674e-06 -9.08046178 -9.01078313 -8.95615342 -8.89694525 -8.85230121 
1.00000000e-06 -9.17128990 -9.10160078 -9.04696385 -8.98775371 -8.94310851 
8.11130831e-07 -9.26217609 -9.19248178 -9.13783961 -9.07862809 -9.03398059 
6.57933225e-07 -9.35307923 -9.28338155 -9.22873529 -9.16952259 -9.12487267 
5.33669923e-07 -9.44398236 -9.37428131 -9.31963097 -9.26041708 -9.21576474 
4.32876128e-07 -9.53488550 -9.46518108 -9.41052665 -9.35131158 -9.30665682 
3.51119173e-07 -9.62578864 -9.55608085 -9.50142233 -9.44220608 -9.39754889 
2.84803587e-07 -9.71669404 -9.64698385 -9.59232211 -9.53310522 -9.48844641 
2.31012970e-07 -9.80760170 -9.73789007 -9.68322598 -9.62400903 -9.57934936 
1.87381742e-07 -9.89850937 -9.82879630 -9.77412985 -9.71491283 -9.67025231 
1.51991108e-07 -9.98941703 -9.91970253 -9.86503372 -9.80581663 -9.76115526 
1.23284674e-07 -10.08032469 -10.01060876 -9.95593759 -9.89672043 -9.85205821 
1.00000000e-07 -10.17123235 -10.10151499 -10.04684146 -9.98762423 -9.94296116 
P (bar) | log_CH4: -2σ | log_CH4: -1σ | log_CH4: median | log_CH4: +1σ | log_CH4: +2σ 
1.00000000e+02 -7.12493178 -7.08104131 -6.99784949 -6.83798861 -6.46856714 
8.11130831e+01 -7.32660042 -7.28217696 -7.19634823 -7.03306344 -6.65620748 
6.57933225e+01 -7.52814635 -7.48321211 -7.39470113 -7.22828507 -6.84382349 
5.33669923e+01 -7.72955899 -7.68395606 -7.59301806 -7.42331485 -7.03136853 
4.32876128e+01 -7.93076202 -7.88419089 -7.79074363 -7.61840774 -7.21872837 
3.51119173e+01 -8.13146769 -8.08409285 -7.98845316 -7.81303276 -7.40565564 
2.84803587e+01 -8.33748891 -8.28889310 -8.19198752 -8.01070580 -7.59401815 
2.31012970e+01 -8.54791166 -8.49810466 -8.39889189 -8.21146289 -7.78298500 
1.87381742e+01 -8.75428231 -8.70450599 -8.60292439 -8.40959236 -7.96899836 
1.51991108e+01 -8.95512033 -8.90500525 -8.80014379 -8.60176120 -8.15052303 
1.23284674e+01 -9.14829312 -9.09745483 -8.99092416 -8.78657725 -8.32590374 
1.00000000e+01 -9.33194106 -9.28046333 -9.17141327 -8.96250520 -8.49346764 
8.11130831e+00 -9.51940578 -9.46733755 -9.35509365 -9.14046281 -8.65938170 
6.57933225e+00 -9.69513980 -9.64259856 -9.52739237 -9.30762376 -8.81627888 
5.33669923e+00 -9.86008029 -9.80722574 -9.68890305 -9.46507538 -8.96468764 
4.32876128e+00 -10.01511784 -9.96169098 -9.84107670 -9.61331253 -9.10556977 
3.51119173e+00 -10.16171814 -10.10749869 -9.98467254 -9.75363995 -9.24078256 
2.84803587e+00 -10.30821227 -10.25326005 -10.12965737 -9.89412940 -9.37491276 
2.31012970e+00 -10.45589301 -10.40043427 -10.27491722 -10.03535644 -9.50809804 
1.87381742e+00 -10.59769006 -10.54225019 -10.41461931 -10.17064361 -9.63714926 
1.51991108e+00 -10.73348429 -10.67828025 -10.54859056 -10.30063937 -9.76234864 
1.23284674e+00 -10.86343217 -10.80771433 -10.67652542 -10.42563795 -9.88450426 
1.00000000e+00 -10.98731101 -10.93118069 -10.79925705 -10.54602231 -10.00345143 
8.11130831e-01 -11.12156494 -11.06500356 -10.93213833 -10.67522758 -10.12605395 
6.57933225e-01 -11.24962616 -11.19258697 -11.05816470 -10.79827159 -10.24449972 
5.33669923e-01 -11.37144919 -11.31453422 -11.17787669 -10.91594484 -10.35914714 
4.32876128e-01 -11.48622526 -11.42902262 -11.29123667 -11.02785004 -10.47060887 
3.51119173e-01 -11.59489636 -11.53741360 -11.39859145 -11.13556905 -10.57842231 
2.84803587e-01 -11.70485276 -11.64751540 -11.50850139 -11.24421754 -10.68637504 
2.31012970e-01 -11.81708212 -11.75941140 -11.61923661 -11.35407901 -10.79270703 
1.87381742e-01 -11.92067778 -11.86351825 -11.72321440 -11.45700822 -10.89517025 
1.51991108e-01 -12.01840107 -11.96080920 -11.82005000 -11.55552453 -10.99459585 
1.23284674e-01 -12.10772456 -12.05098579 -11.91111316 -11.64855438 -11.08966471 
1.00000000e-01 -12.19277687 -12.13570689 -11.99706136 -11.73768653 -11.18222471 
8.11130831e-02 -12.28573853 -12.22916602 -12.09116496 -11.83189727 -11.27474529 
6.57933225e-02 -12.37288653 -12.31524883 -12.17769696 -11.91999173 -11.36247808 
5.33669923e-02 -12.45031817 -12.39381158 -12.25847294 -12.00287115 -11.44711873 
4.32876128e-02 -12.52407930 -12.46665814 -12.33303735 -12.08070266 -11.52717362 
3.51119173e-02 -12.58994597 -12.53354208 -12.40363798 -12.15479126 -11.60355985 
2.84803587e-02 -12.65946977 -12.60238697 -12.47434983 -12.22766665 -11.67828703 
2.31012970e-02 -12.72604330 -12.66994367 -12.54381572 -12.29883906 -11.74760083 
1.87381742e-02 -12.78782379 -12.73114273 -12.60707385 -12.36464222 -11.81485072 
1.51991108e-02 -12.84287747 -12.78748599 -12.66531058 -12.42532852 -11.87424433 
1.23284674e-02 -12.89416566 -12.83868403 -12.71890470 -12.48198097 -11.93116031 
1.00000000e-02 -12.94040757 -12.88523979 -12.76756089 -12.53312919 -11.98072579 
8.11130831e-03 -12.98833219 -12.93331381 -12.81531641 -12.58287882 -12.02794814 
6.57933225e-03 -13.02918591 -12.97409735 -12.85736691 -12.62437844 -12.06443800 
5.33669923e-03 -13.06478179 -13.01040728 -12.89342711 -12.66221626 -12.09738468 
4.32876128e-03 -13.09377454 -13.03865413 -12.92394926 -12.69018516 -12.12351505 
3.51119173e-03 -13.11793267 -13.06341420 -12.94739941 -12.71594243 -12.13977308 
2.84803587e-03 -13.13521816 -13.07932205 -12.96544087 -12.72974449 -12.15689804 
2.31012970e-03 -13.14766019 -13.09196576 -12.97465995 -12.74073190 -12.15477524 
1.87381742e-03 -13.14808508 -13.09231506 -12.97709302 -12.73789174 -12.15213261 
1.51991108e-03 -13.14351834 -13.08760681 -12.96894480 -12.73075483 -12.13519830 
1.23284674e-03 -13.12536604 -13.06673523 -12.95105302 -12.70882772 -12.10852032 
1.00000000e-03 -13.10140903 -13.04260073 -12.91961457 -12.67887887 -12.07590799 
8.11130831e-04 -13.05844051 -12.99813273 -12.87964479 -12.63503961 -12.01995231 
6.57933225e-04 -13.01064200 -12.94871499 -12.82193126 -12.57733554 -11.96395375 
5.33669923e-04 -12.93729353 -12.87413163 -12.75413880 -12.50490759 -11.87886859 
4.32876128e-04 -12.86091145 -12.79394165 -12.66357996 -12.41226229 -11.78688074 
3.51119173e-04 -12.74889696 -12.68363784 -12.56111685 -12.30871938 -11.67627409 
2.84803587e-04 -12.63403437 -12.56404168 -12.43456961 -12.17561101 -11.53953996 
2.31012970e-04 -12.47571485 -12.40982910 -12.28557196 -12.02768085 -11.40343046 
1.87381742e-04 -12.31379526 -12.24281553 -12.10781083 -11.84592057 -11.21136241 
1.51991108e-04 -12.10153982 -12.03337476 -11.90694426 -11.64399204 -11.01682671 
1.23284674e-04 -11.87986334 -11.80311867 -11.66432117 -11.39660528 -10.77727097 
1.00000000e-04 -11.59670423 -11.52279826 -11.39537655 -11.13703026 -10.50766915 
8.11130831e-05 -11.29280961 -11.21467911 -11.07196543 -10.81011126 -10.21777289 
6.57933225e-05 -10.92040530 -10.84504215 -10.71523101 -10.46912342 -9.85418885 
5.33669923e-05 -10.51518926 -10.43264106 -10.28916205 -10.02956254 -9.49201288 
4.32876128e-05 -10.02812918 -9.94935955 -9.82055914 -9.59667260 -9.00144749 
3.51119173e-05 -9.48633374 -9.39353026 -9.24400394 -8.99757975 -8.49539905 
2.84803587e-05 -8.84458640 -8.75390528 -8.61798268 -8.40913354 -7.91277957 
2.31012970e-05 -8.15919127 -8.04037522 -7.88705597 -7.65330275 -7.24673420 
1.87381742e-05 -7.35863242 -7.23159426 -7.09396896 -6.90559694 -6.61102353 
1.51991108e-05 -6.64747339 -6.50414172 -6.35489937 -6.17503699 -5.93741635 
1.23284674e-05 -5.91458852 -5.76602571 -5.62752073 -5.46853130 -5.30892833 
1.00000000e-05 -5.31099497 -5.16337674 -5.02910977 -4.89307380 -4.76595872 
8.11130831e-06 -4.91055272 -4.75256913 -4.62513024 -4.49571988 -4.42813643 
6.57933225e-06 -4.66791094 -4.57131532 -4.49925786 -4.42642350 -4.36956124 
5.33669923e-06 -4.66330970 -4.57218016 -4.49677382 -4.41006778 -4.34550651 
4.32876128e-06 -4.71915384 -4.61607193 -4.52820391 -4.43344739 -4.35793817 
3.51119173e-06 -4.80391817 -4.69170270 -4.59318345 -4.48944737 -4.40468739 
2.84803587e-06 -4.91567581 -4.79505330 -4.68880393 -4.57616588 -4.48308009 
2.31012970e-06 -5.04862746 -4.92075140 -4.80490729 -4.68474805 -4.58361696 
1.87381742e-06 -5.18965941 -5.05267959 -4.93107580 -4.80105643 -4.69293059 
1.51991108e-06 -5.33456088 -5.18775656 -5.05805416 -4.92122653 -4.80642257 
1.23284674e-06 -5.48036760 -5.32468489 -5.18947457 -5.04351057 -4.92167726 
1.00000000e-06 -5.62826212 -5.46263111 -5.32137459 -5.16644121 -5.03759308 
8.11130831e-07 -5.78862343 -5.61660858 -5.47025107 -5.31150121 -5.17978069 
6.57933225e-07 -5.94904800 -5.77182026 -5.62014475 -5.45534240 -5.32203550 
5.33669923e-07 -6.10947257 -5.92689482 -5.76971062 -5.60025327 -5.46429031 
4.32876128e-07 -6.26989714 -6.08144661 -5.91849164 -5.74566519 -5.60654512 
3.51119173e-07 -6.43032171 -6.23682846 -6.06846198 -5.89116617 -5.74879994 
2.84803587e-07 -6.59829302 -6.40043603 -6.22957938 -6.04924551 -5.90451554 
2.31012970e-07 -6.77381108 -6.57370011 -6.40134215 -6.21997056 -6.07428639 
1.87381742e-07 -6.94932913 -6.74696419 -6.57331810 -6.39073604 -6.24405725 
1.51991108e-07 -7.12512405 -6.92022827 -6.74561626 -6.56205672 -6.41382811 
1.23284674e-07 -7.30093420 -7.09349234 -6.91739333 -6.73322648 -6.58359897 
1.00000000e-07 -7.47674435 -7.26690224 -7.08939726 -6.90433663 -6.75336982 
