Chemical species: H2 CO2
P (bar) | log_H2: -2σ | log_H2: -1σ | log_H2: median | log_H2: +1σ | log_H2: +2σ 
1.00000000e+01 -0.14475158 -0.05619582 -0.00227223 -0.00014082 -0.00005457 
8.30217568e+00 -0.14475158 -0.05619582 -0.00227223 -0.00014082 -0.00005457 
6.89261210e+00 -0.14475158 -0.05619582 -0.00227223 -0.00014082 -0.00005457 
5.72236766e+00 -0.14475158 -0.05619582 -0.00227223 -0.00014082 -0.00005457 
4.75081016e+00 -0.14475158 -0.05619582 -0.00227223 -0.00014082 -0.00005457 
3.94420606e+00 -0.14475158 -0.05619582 -0.00227223 -0.00014082 -0.00005457 
3.27454916e+00 -0.14475158 -0.05619582 -0.00227223 -0.00014082 -0.00005457 
2.71858824e+00 -0.14475158 -0.05619582 -0.00227223 -0.00014082 -0.00005457 
2.25701972e+00 -0.14475158 -0.05619582 -0.00227223 -0.00014082 -0.00005457 
1.87381742e+00 -0.14475158 -0.05619582 -0.00227223 -0.00014082 -0.00005457 
1.55567614e+00 -0.14475158 -0.05619582 -0.00227223 -0.00014082 -0.00005457 
1.29154967e+00 -0.14475158 -0.05619582 -0.00227223 -0.00014082 -0.00005457 
1.07226722e+00 -0.14475158 -0.05619582 -0.00227223 -0.00014082 -0.00005457 
8.90215085e-01 -0.14475158 -0.05619582 -0.00227223 -0.00014082 -0.00005457 
7.39072203e-01 -0.14475158 -0.05619582 -0.00227223 -0.00014082 -0.00005457 
6.13590727e-01 -0.14475158 -0.05619582 -0.00227223 -0.00014082 -0.00005457 
5.09413801e-01 -0.14475158 -0.05619582 -0.00227223 -0.00014082 -0.00005457 
4.22924287e-01 -0.14475158 -0.05619582 -0.00227223 -0.00014082 -0.00005457 
3.51119173e-01 -0.14475158 -0.05619582 -0.00227223 -0.00014082 -0.00005457 
2.91505306e-01 -0.14475158 -0.05619582 -0.00227223 -0.00014082 -0.00005457 
2.42012826e-01 -0.14475158 -0.05619582 -0.00227223 -0.00014082 -0.00005457 
2.00923300e-01 -0.14475158 -0.05619582 -0.00227223 -0.00014082 -0.00005457 
1.66810054e-01 -0.14475158 -0.05619582 -0.00227223 -0.00014082 -0.00005457 
1.38488637e-01 -0.14475158 -0.05619582 -0.00227223 -0.00014082 -0.00005457 
1.14975700e-01 -0.14475158 -0.05619582 -0.00227223 -0.00014082 -0.00005457 
9.54548457e-02 -0.14475158 -0.05619582 -0.00227223 -0.00014082 -0.00005457 
7.92482898e-02 -0.14475158 -0.05619582 -0.00227223 -0.00014082 -0.00005457 
6.57933225e-02 -0.14475158 -0.05619582 -0.00227223 -0.00014082 -0.00005457 
5.46227722e-02 -0.14475158 -0.05619582 -0.00227223 -0.00014082 -0.00005457 
4.53487851e-02 -0.14475158 -0.05619582 -0.00227223 -0.00014082 -0.00005457 
3.76493581e-02 -0.14475158 -0.05619582 -0.00227223 -0.00014082 -0.00005457 
3.12571585e-02 -0.14475158 -0.05619582 -0.00227223 -0.00014082 -0.00005457 
2.59502421e-02 -0.14475158 -0.05619582 -0.00227223 -0.00014082 -0.00005457 
2.15443469e-02 -0.14475158 -0.05619582 -0.00227223 -0.00014082 -0.00005457 
1.78864953e-02 -0.14475158 -0.05619582 -0.00227223 -0.00014082 -0.00005457 
1.48496826e-02 -0.14475158 -0.05619582 -0.00227223 -0.00014082 -0.00005457 
1.23284674e-02 -0.14475158 -0.05619582 -0.00227223 -0.00014082 -0.00005457 
1.02353102e-02 -0.14475158 -0.05619582 -0.00227223 -0.00014082 -0.00005457 
8.49753436e-03 -0.14475158 -0.05619582 -0.00227223 -0.00014082 -0.00005457 
7.05480231e-03 -0.14475158 -0.05619582 -0.00227223 -0.00014082 -0.00005457 
5.85702082e-03 -0.14475158 -0.05619582 -0.00227223 -0.00014082 -0.00005457 
4.86260158e-03 -0.14475158 -0.05619582 -0.00227223 -0.00014082 -0.00005457 
4.03701726e-03 -0.14475158 -0.05619582 -0.00227223 -0.00014082 -0.00005457 
3.35160265e-03 -0.14475158 -0.05619582 -0.00227223 -0.00014082 -0.00005457 
2.78255940e-03 -0.14475158 -0.05619582 -0.00227223 -0.00014082 -0.00005457 
2.31012970e-03 -0.14475158 -0.05619582 -0.00227223 -0.00014082 -0.00005457 
1.91791026e-03 -0.14475158 -0.05619582 -0.00227223 -0.00014082 -0.00005457 
1.59228279e-03 -0.14475158 -0.05619582 -0.00227223 -0.00014082 -0.00005457 
1.32194115e-03 -0.14475158 -0.05619582 -0.00227223 -0.00014082 -0.00005457 
1.09749877e-03 -0.14475158 -0.05619582 -0.00227223 -0.00014082 -0.00005457 
9.11162756e-04 -0.14475158 -0.05619582 -0.00227223 -0.00014082 -0.00005457 
7.56463328e-04 -0.14475158 -0.05619582 -0.00227223 -0.00014082 -0.00005457 
6.28029144e-04 -0.14475158 -0.05619582 -0.00227223 -0.00014082 -0.00005457 
5.21400829e-04 -0.14475158 -0.05619582 -0.00227223 -0.00014082 -0.00005457 
4.32876128e-04 -0.14475158 -0.05619582 -0.00227223 -0.00014082 -0.00005457 
3.59381366e-04 -0.14475158 -0.05619582 -0.00227223 -0.00014082 -0.00005457 
2.98364724e-04 -0.14475158 -0.05619582 -0.00227223 -0.00014082 -0.00005457 
2.47707636e-04 -0.14475158 -0.05619582 -0.00227223 -0.00014082 -0.00005457 
2.05651231e-04 -0.14475158 -0.05619582 -0.00227223 -0.00014082 -0.00005457 
1.70735265e-04 -0.14475158 -0.05619582 -0.00227223 -0.00014082 -0.00005457 
1.41747416e-04 -0.14475158 -0.05619582 -0.00227223 -0.00014082 -0.00005457 
1.17681195e-04 -0.14475158 -0.05619582 -0.00227223 -0.00014082 -0.00005457 
9.77009957e-05 -0.14475158 -0.05619582 -0.00227223 -0.00014082 -0.00005457 
8.11130831e-05 -0.14475158 -0.05619582 -0.00227223 -0.00014082 -0.00005457 
6.73415066e-05 -0.14475158 -0.05619582 -0.00227223 -0.00014082 -0.00005457 
5.59081018e-05 -0.14475158 -0.05619582 -0.00227223 -0.00014082 -0.00005457 
4.64158883e-05 -0.14475158 -0.05619582 -0.00227223 -0.00014082 -0.00005457 
3.85352859e-05 -0.14475158 -0.05619582 -0.00227223 -0.00014082 -0.00005457 
3.19926714e-05 -0.14475158 -0.05619582 -0.00227223 -0.00014082 -0.00005457 
2.65608778e-05 -0.14475158 -0.05619582 -0.00227223 -0.00014082 -0.00005457 
2.20513074e-05 -0.14475158 -0.05619582 -0.00227223 -0.00014082 -0.00005457 
1.83073828e-05 -0.14475158 -0.05619582 -0.00227223 -0.00014082 -0.00005457 
1.51991108e-05 -0.14475158 -0.05619582 -0.00227223 -0.00014082 -0.00005457 
1.26185688e-05 -0.14475158 -0.05619582 -0.00227223 -0.00014082 -0.00005457 
1.04761575e-05 -0.14475158 -0.05619582 -0.00227223 -0.00014082 -0.00005457 
8.69749003e-06 -0.14475158 -0.05619582 -0.00227223 -0.00014082 -0.00005457 
7.22080902e-06 -0.14475158 -0.05619582 -0.00227223 -0.00014082 -0.00005457 
5.99484250e-06 -0.14475158 -0.05619582 -0.00227223 -0.00014082 -0.00005457 
4.97702356e-06 -0.14475158 -0.05619582 -0.00227223 -0.00014082 -0.00005457 
4.13201240e-06 -0.14475158 -0.05619582 -0.00227223 -0.00014082 -0.00005457 
3.43046929e-06 -0.14475158 -0.05619582 -0.00227223 -0.00014082 -0.00005457 
2.84803587e-06 -0.14475158 -0.05619582 -0.00227223 -0.00014082 -0.00005457 
2.36448941e-06 -0.14475158 -0.05619582 -0.00227223 -0.00014082 -0.00005457 
1.96304065e-06 -0.14475158 -0.05619582 -0.00227223 -0.00014082 -0.00005457 
1.62975083e-06 -0.14475158 -0.05619582 -0.00227223 -0.00014082 -0.00005457 
1.35304777e-06 -0.14475158 -0.05619582 -0.00227223 -0.00014082 -0.00005457 
1.12332403e-06 -0.14475158 -0.05619582 -0.00227223 -0.00014082 -0.00005457 
9.32603347e-07 -0.14475158 -0.05619582 -0.00227223 -0.00014082 -0.00005457 
7.74263683e-07 -0.14475158 -0.05619582 -0.00227223 -0.00014082 -0.00005457 
6.42807312e-07 -0.14475158 -0.05619582 -0.00227223 -0.00014082 -0.00005457 
5.33669923e-07 -0.14475158 -0.05619582 -0.00227223 -0.00014082 -0.00005457 
4.43062146e-07 -0.14475158 -0.05619582 -0.00227223 -0.00014082 -0.00005457 
3.67837977e-07 -0.14475158 -0.05619582 -0.00227223 -0.00014082 -0.00005457 
3.05385551e-07 -0.14475158 -0.05619582 -0.00227223 -0.00014082 -0.00005457 
2.53536449e-07 -0.14475158 -0.05619582 -0.00227223 -0.00014082 -0.00005457 
2.10490414e-07 -0.14475158 -0.05619582 -0.00227223 -0.00014082 -0.00005457 
1.74752840e-07 -0.14475158 -0.05619582 -0.00227223 -0.00014082 -0.00005457 
1.45082878e-07 -0.14475158 -0.05619582 -0.00227223 -0.00014082 -0.00005457 
1.20450354e-07 -0.14475158 -0.05619582 -0.00227223 -0.00014082 -0.00005457 
1.00000000e-07 -0.14475158 -0.05619582 -0.00227223 -0.00014082 -0.00005457 
P (bar) | log_CO2: -2σ | log_CO2: -1σ | log_CO2: median | log_CO2: +1σ | log_CO2: +2σ 
1.00000000e+01 -3.90190661 -3.49369167 -2.28346326 -0.91755361 -0.57048831 
8.30217568e+00 -3.90190661 -3.49369167 -2.28346326 -0.91755361 -0.57048831 
6.89261210e+00 -3.90190661 -3.49369167 -2.28346326 -0.91755361 -0.57048831 
5.72236766e+00 -3.90190661 -3.49369167 -2.28346326 -0.91755361 -0.57048831 
4.75081016e+00 -3.90190661 -3.49369167 -2.28346326 -0.91755361 -0.57048831 
3.94420606e+00 -3.90190661 -3.49369167 -2.28346326 -0.91755361 -0.57048831 
3.27454916e+00 -3.90190661 -3.49369167 -2.28346326 -0.91755361 -0.57048831 
2.71858824e+00 -3.90190661 -3.49369167 -2.28346326 -0.91755361 -0.57048831 
2.25701972e+00 -3.90190661 -3.49369167 -2.28346326 -0.91755361 -0.57048831 
1.87381742e+00 -3.90190661 -3.49369167 -2.28346326 -0.91755361 -0.57048831 
1.55567614e+00 -3.90190661 -3.49369167 -2.28346326 -0.91755361 -0.57048831 
1.29154967e+00 -3.90190661 -3.49369167 -2.28346326 -0.91755361 -0.57048831 
1.07226722e+00 -3.90190661 -3.49369167 -2.28346326 -0.91755361 -0.57048831 
8.90215085e-01 -3.90190661 -3.49369167 -2.28346326 -0.91755361 -0.57048831 
7.39072203e-01 -3.90190661 -3.49369167 -2.28346326 -0.91755361 -0.57048831 
6.13590727e-01 -3.90190661 -3.49369167 -2.28346326 -0.91755361 -0.57048831 
5.09413801e-01 -3.90190661 -3.49369167 -2.28346326 -0.91755361 -0.57048831 
4.22924287e-01 -3.90190661 -3.49369167 -2.28346326 -0.91755361 -0.57048831 
3.51119173e-01 -3.90190661 -3.49369167 -2.28346326 -0.91755361 -0.57048831 
2.91505306e-01 -3.90190661 -3.49369167 -2.28346326 -0.91755361 -0.57048831 
2.42012826e-01 -3.90190661 -3.49369167 -2.28346326 -0.91755361 -0.57048831 
2.00923300e-01 -3.90190661 -3.49369167 -2.28346326 -0.91755361 -0.57048831 
1.66810054e-01 -3.90190661 -3.49369167 -2.28346326 -0.91755361 -0.57048831 
1.38488637e-01 -3.90190661 -3.49369167 -2.28346326 -0.91755361 -0.57048831 
1.14975700e-01 -3.90190661 -3.49369167 -2.28346326 -0.91755361 -0.57048831 
9.54548457e-02 -3.90190661 -3.49369167 -2.28346326 -0.91755361 -0.57048831 
7.92482898e-02 -3.90190661 -3.49369167 -2.28346326 -0.91755361 -0.57048831 
6.57933225e-02 -3.90190661 -3.49369167 -2.28346326 -0.91755361 -0.57048831 
5.46227722e-02 -3.90190661 -3.49369167 -2.28346326 -0.91755361 -0.57048831 
4.53487851e-02 -3.90190661 -3.49369167 -2.28346326 -0.91755361 -0.57048831 
3.76493581e-02 -3.90190661 -3.49369167 -2.28346326 -0.91755361 -0.57048831 
3.12571585e-02 -3.90190661 -3.49369167 -2.28346326 -0.91755361 -0.57048831 
2.59502421e-02 -3.90190661 -3.49369167 -2.28346326 -0.91755361 -0.57048831 
2.15443469e-02 -3.90190661 -3.49369167 -2.28346326 -0.91755361 -0.57048831 
1.78864953e-02 -3.90190661 -3.49369167 -2.28346326 -0.91755361 -0.57048831 
1.48496826e-02 -3.90190661 -3.49369167 -2.28346326 -0.91755361 -0.57048831 
1.23284674e-02 -3.90190661 -3.49369167 -2.28346326 -0.91755361 -0.57048831 
1.02353102e-02 -3.90190661 -3.49369167 -2.28346326 -0.91755361 -0.57048831 
8.49753436e-03 -3.90190661 -3.49369167 -2.28346326 -0.91755361 -0.57048831 
7.05480231e-03 -3.90190661 -3.49369167 -2.28346326 -0.91755361 -0.57048831 
5.85702082e-03 -3.90190661 -3.49369167 -2.28346326 -0.91755361 -0.57048831 
4.86260158e-03 -3.90190661 -3.49369167 -2.28346326 -0.91755361 -0.57048831 
4.03701726e-03 -3.90190661 -3.49369167 -2.28346326 -0.91755361 -0.57048831 
3.35160265e-03 -3.90190661 -3.49369167 -2.28346326 -0.91755361 -0.57048831 
2.78255940e-03 -3.90190661 -3.49369167 -2.28346326 -0.91755361 -0.57048831 
2.31012970e-03 -3.90190661 -3.49369167 -2.28346326 -0.91755361 -0.57048831 
1.91791026e-03 -3.90190661 -3.49369167 -2.28346326 -0.91755361 -0.57048831 
1.59228279e-03 -3.90190661 -3.49369167 -2.28346326 -0.91755361 -0.57048831 
1.32194115e-03 -3.90190661 -3.49369167 -2.28346326 -0.91755361 -0.57048831 
1.09749877e-03 -3.90190661 -3.49369167 -2.28346326 -0.91755361 -0.57048831 
9.11162756e-04 -3.90190661 -3.49369167 -2.28346326 -0.91755361 -0.57048831 
7.56463328e-04 -3.90190661 -3.49369167 -2.28346326 -0.91755361 -0.57048831 
6.28029144e-04 -3.90190661 -3.49369167 -2.28346326 -0.91755361 -0.57048831 
5.21400829e-04 -3.90190661 -3.49369167 -2.28346326 -0.91755361 -0.57048831 
4.32876128e-04 -3.90190661 -3.49369167 -2.28346326 -0.91755361 -0.57048831 
3.59381366e-04 -3.90190661 -3.49369167 -2.28346326 -0.91755361 -0.57048831 
2.98364724e-04 -3.90190661 -3.49369167 -2.28346326 -0.91755361 -0.57048831 
2.47707636e-04 -3.90190661 -3.49369167 -2.28346326 -0.91755361 -0.57048831 
2.05651231e-04 -3.90190661 -3.49369167 -2.28346326 -0.91755361 -0.57048831 
1.70735265e-04 -3.90190661 -3.49369167 -2.28346326 -0.91755361 -0.57048831 
1.41747416e-04 -3.90190661 -3.49369167 -2.28346326 -0.91755361 -0.57048831 
1.17681195e-04 -3.90190661 -3.49369167 -2.28346326 -0.91755361 -0.57048831 
9.77009957e-05 -3.90190661 -3.49369167 -2.28346326 -0.91755361 -0.57048831 
8.11130831e-05 -3.90190661 -3.49369167 -2.28346326 -0.91755361 -0.57048831 
6.73415066e-05 -3.90190661 -3.49369167 -2.28346326 -0.91755361 -0.57048831 
5.59081018e-05 -3.90190661 -3.49369167 -2.28346326 -0.91755361 -0.57048831 
4.64158883e-05 -3.90190661 -3.49369167 -2.28346326 -0.91755361 -0.57048831 
3.85352859e-05 -3.90190661 -3.49369167 -2.28346326 -0.91755361 -0.57048831 
3.19926714e-05 -3.90190661 -3.49369167 -2.28346326 -0.91755361 -0.57048831 
2.65608778e-05 -3.90190661 -3.49369167 -2.28346326 -0.91755361 -0.57048831 
2.20513074e-05 -3.90190661 -3.49369167 -2.28346326 -0.91755361 -0.57048831 
1.83073828e-05 -3.90190661 -3.49369167 -2.28346326 -0.91755361 -0.57048831 
1.51991108e-05 -3.90190661 -3.49369167 -2.28346326 -0.91755361 -0.57048831 
1.26185688e-05 -3.90190661 -3.49369167 -2.28346326 -0.91755361 -0.57048831 
1.04761575e-05 -3.90190661 -3.49369167 -2.28346326 -0.91755361 -0.57048831 
8.69749003e-06 -3.90190661 -3.49369167 -2.28346326 -0.91755361 -0.57048831 
7.22080902e-06 -3.90190661 -3.49369167 -2.28346326 -0.91755361 -0.57048831 
5.99484250e-06 -3.90190661 -3.49369167 -2.28346326 -0.91755361 -0.57048831 
4.97702356e-06 -3.90190661 -3.49369167 -2.28346326 -0.91755361 -0.57048831 
4.13201240e-06 -3.90190661 -3.49369167 -2.28346326 -0.91755361 -0.57048831 
3.43046929e-06 -3.90190661 -3.49369167 -2.28346326 -0.91755361 -0.57048831 
2.84803587e-06 -3.90190661 -3.49369167 -2.28346326 -0.91755361 -0.57048831 
2.36448941e-06 -3.90190661 -3.49369167 -2.28346326 -0.91755361 -0.57048831 
1.96304065e-06 -3.90190661 -3.49369167 -2.28346326 -0.91755361 -0.57048831 
1.62975083e-06 -3.90190661 -3.49369167 -2.28346326 -0.91755361 -0.57048831 
1.35304777e-06 -3.90190661 -3.49369167 -2.28346326 -0.91755361 -0.57048831 
1.12332403e-06 -3.90190661 -3.49369167 -2.28346326 -0.91755361 -0.57048831 
9.32603347e-07 -3.90190661 -3.49369167 -2.28346326 -0.91755361 -0.57048831 
7.74263683e-07 -3.90190661 -3.49369167 -2.28346326 -0.91755361 -0.57048831 
6.42807312e-07 -3.90190661 -3.49369167 -2.28346326 -0.91755361 -0.57048831 
5.33669923e-07 -3.90190661 -3.49369167 -2.28346326 -0.91755361 -0.57048831 
4.43062146e-07 -3.90190661 -3.49369167 -2.28346326 -0.91755361 -0.57048831 
3.67837977e-07 -3.90190661 -3.49369167 -2.28346326 -0.91755361 -0.57048831 
3.05385551e-07 -3.90190661 -3.49369167 -2.28346326 -0.91755361 -0.57048831 
2.53536449e-07 -3.90190661 -3.49369167 -2.28346326 -0.91755361 -0.57048831 
2.10490414e-07 -3.90190661 -3.49369167 -2.28346326 -0.91755361 -0.57048831 
1.74752840e-07 -3.90190661 -3.49369167 -2.28346326 -0.91755361 -0.57048831 
1.45082878e-07 -3.90190661 -3.49369167 -2.28346326 -0.91755361 -0.57048831 
1.20450354e-07 -3.90190661 -3.49369167 -2.28346326 -0.91755361 -0.57048831 
1.00000000e-07 -3.90190661 -3.49369167 -2.28346326 -0.91755361 -0.57048831 
