Chemical species: H2 He H2O CO2 K CO
P (bar) | log_H2: -2σ | log_H2: -1σ | log_H2: median | log_H2: +1σ | log_H2: +2σ 
1.00000000e+02 -0.10161592 -0.09550944 -0.09032665 -0.08546407 -0.08116451 
8.11130831e+01 -0.10161592 -0.09550944 -0.09032665 -0.08546407 -0.08116451 
6.57933225e+01 -0.10161592 -0.09550944 -0.09032665 -0.08546407 -0.08116451 
5.33669923e+01 -0.10161592 -0.09550944 -0.09032665 -0.08546407 -0.08116451 
4.32876128e+01 -0.10161592 -0.09550944 -0.09032665 -0.08546407 -0.08116451 
3.51119173e+01 -0.10161592 -0.09550944 -0.09032665 -0.08546407 -0.08116451 
2.84803587e+01 -0.10161592 -0.09550944 -0.09032665 -0.08546407 -0.08116451 
2.31012970e+01 -0.10161592 -0.09550944 -0.09032665 -0.08546407 -0.08116451 
1.87381742e+01 -0.10161592 -0.09550944 -0.09032665 -0.08546407 -0.08116451 
1.51991108e+01 -0.10161592 -0.09550944 -0.09032665 -0.08546407 -0.08116451 
1.23284674e+01 -0.10161592 -0.09550944 -0.09032665 -0.08546407 -0.08116451 
1.00000000e+01 -0.10161592 -0.09550944 -0.09032665 -0.08546407 -0.08116451 
8.11130831e+00 -0.10161592 -0.09550944 -0.09032665 -0.08546407 -0.08116451 
6.57933225e+00 -0.10161592 -0.09550944 -0.09032665 -0.08546407 -0.08116451 
5.33669923e+00 -0.10161592 -0.09550944 -0.09032665 -0.08546407 -0.08116451 
4.32876128e+00 -0.10161592 -0.09550944 -0.09032665 -0.08546407 -0.08116451 
3.51119173e+00 -0.10161592 -0.09550944 -0.09032665 -0.08546407 -0.08116451 
2.84803587e+00 -0.10161592 -0.09550944 -0.09032665 -0.08546407 -0.08116451 
2.31012970e+00 -0.10161592 -0.09550944 -0.09032665 -0.08546407 -0.08116451 
1.87381742e+00 -0.10161592 -0.09550944 -0.09032665 -0.08546407 -0.08116451 
1.51991108e+00 -0.10161592 -0.09550944 -0.09032665 -0.08546407 -0.08116451 
1.23284674e+00 -0.10161592 -0.09550944 -0.09032665 -0.08546407 -0.08116451 
1.00000000e+00 -0.10161592 -0.09550944 -0.09032665 -0.08546407 -0.08116451 
8.11130831e-01 -0.10161592 -0.09550944 -0.09032665 -0.08546407 -0.08116451 
6.57933225e-01 -0.10161592 -0.09550944 -0.09032665 -0.08546407 -0.08116451 
5.33669923e-01 -0.10161592 -0.09550944 -0.09032665 -0.08546407 -0.08116451 
4.32876128e-01 -0.10161592 -0.09550944 -0.09032665 -0.08546407 -0.08116451 
3.51119173e-01 -0.10161592 -0.09550944 -0.09032665 -0.08546407 -0.08116451 
2.84803587e-01 -0.10161592 -0.09550944 -0.09032665 -0.08546407 -0.08116451 
2.31012970e-01 -0.10161592 -0.09550944 -0.09032665 -0.08546407 -0.08116451 
1.87381742e-01 -0.10161592 -0.09550944 -0.09032665 -0.08546407 -0.08116451 
1.51991108e-01 -0.10161592 -0.09550944 -0.09032665 -0.08546407 -0.08116451 
1.23284674e-01 -0.10161592 -0.09550944 -0.09032665 -0.08546407 -0.08116451 
1.00000000e-01 -0.10161592 -0.09550944 -0.09032665 -0.08546407 -0.08116451 
8.11130831e-02 -0.10161592 -0.09550944 -0.09032665 -0.08546407 -0.08116451 
6.57933225e-02 -0.10161592 -0.09550944 -0.09032665 -0.08546407 -0.08116451 
5.33669923e-02 -0.10161592 -0.09550944 -0.09032665 -0.08546407 -0.08116451 
4.32876128e-02 -0.10161592 -0.09550944 -0.09032665 -0.08546407 -0.08116451 
3.51119173e-02 -0.10161592 -0.09550944 -0.09032665 -0.08546407 -0.08116451 
2.84803587e-02 -0.10161592 -0.09550944 -0.09032665 -0.08546407 -0.08116451 
2.31012970e-02 -0.10161592 -0.09550944 -0.09032665 -0.08546407 -0.08116451 
1.87381742e-02 -0.10161592 -0.09550944 -0.09032665 -0.08546407 -0.08116451 
1.51991108e-02 -0.10161592 -0.09550944 -0.09032665 -0.08546407 -0.08116451 
1.23284674e-02 -0.10161592 -0.09550944 -0.09032665 -0.08546407 -0.08116451 
1.00000000e-02 -0.10161592 -0.09550944 -0.09032665 -0.08546407 -0.08116451 
8.11130831e-03 -0.10161592 -0.09550944 -0.09032665 -0.08546407 -0.08116451 
6.57933225e-03 -0.10161592 -0.09550944 -0.09032665 -0.08546407 -0.08116451 
5.33669923e-03 -0.10161592 -0.09550944 -0.09032665 -0.08546407 -0.08116451 
4.32876128e-03 -0.10161592 -0.09550944 -0.09032665 -0.08546407 -0.08116451 
3.51119173e-03 -0.10161592 -0.09550944 -0.09032665 -0.08546407 -0.08116451 
2.84803587e-03 -0.10161592 -0.09550944 -0.09032665 -0.08546407 -0.08116451 
2.31012970e-03 -0.10161592 -0.09550944 -0.09032665 -0.08546407 -0.08116451 
1.87381742e-03 -0.10161592 -0.09550944 -0.09032665 -0.08546407 -0.08116451 
1.51991108e-03 -0.10161592 -0.09550944 -0.09032665 -0.08546407 -0.08116451 
1.23284674e-03 -0.10161592 -0.09550944 -0.09032665 -0.08546407 -0.08116451 
1.00000000e-03 -0.10161592 -0.09550944 -0.09032665 -0.08546407 -0.08116451 
8.11130831e-04 -0.10161592 -0.09550944 -0.09032665 -0.08546407 -0.08116451 
6.57933225e-04 -0.10161592 -0.09550944 -0.09032665 -0.08546407 -0.08116451 
5.33669923e-04 -0.10161592 -0.09550944 -0.09032665 -0.08546407 -0.08116451 
4.32876128e-04 -0.10161592 -0.09550944 -0.09032665 -0.08546407 -0.08116451 
3.51119173e-04 -0.10161592 -0.09550944 -0.09032665 -0.08546407 -0.08116451 
2.84803587e-04 -0.10161592 -0.09550944 -0.09032665 -0.08546407 -0.08116451 
2.31012970e-04 -0.10161592 -0.09550944 -0.09032665 -0.08546407 -0.08116451 
1.87381742e-04 -0.10161592 -0.09550944 -0.09032665 -0.08546407 -0.08116451 
1.51991108e-04 -0.10161592 -0.09550944 -0.09032665 -0.08546407 -0.08116451 
1.23284674e-04 -0.10161592 -0.09550944 -0.09032665 -0.08546407 -0.08116451 
1.00000000e-04 -0.10161592 -0.09550944 -0.09032665 -0.08546407 -0.08116451 
8.11130831e-05 -0.10161592 -0.09550944 -0.09032665 -0.08546407 -0.08116451 
6.57933225e-05 -0.10161592 -0.09550944 -0.09032665 -0.08546407 -0.08116451 
5.33669923e-05 -0.10161592 -0.09550944 -0.09032665 -0.08546407 -0.08116451 
4.32876128e-05 -0.10161592 -0.09550944 -0.09032665 -0.08546407 -0.08116451 
3.51119173e-05 -0.10161592 -0.09550944 -0.09032665 -0.08546407 -0.08116451 
2.84803587e-05 -0.10161592 -0.09550944 -0.09032665 -0.08546407 -0.08116451 
2.31012970e-05 -0.10161592 -0.09550944 -0.09032665 -0.08546407 -0.08116451 
1.87381742e-05 -0.10161592 -0.09550944 -0.09032665 -0.08546407 -0.08116451 
1.51991108e-05 -0.10161592 -0.09550944 -0.09032665 -0.08546407 -0.08116451 
1.23284674e-05 -0.10161592 -0.09550944 -0.09032665 -0.08546407 -0.08116451 
1.00000000e-05 -0.10161592 -0.09550944 -0.09032665 -0.08546407 -0.08116451 
8.11130831e-06 -0.10161592 -0.09550944 -0.09032665 -0.08546407 -0.08116451 
6.57933225e-06 -0.10161592 -0.09550944 -0.09032665 -0.08546407 -0.08116451 
5.33669923e-06 -0.10161592 -0.09550944 -0.09032665 -0.08546407 -0.08116451 
4.32876128e-06 -0.10161592 -0.09550944 -0.09032665 -0.08546407 -0.08116451 
3.51119173e-06 -0.10161592 -0.09550944 -0.09032665 -0.08546407 -0.08116451 
2.84803587e-06 -0.10161592 -0.09550944 -0.09032665 -0.08546407 -0.08116451 
2.31012970e-06 -0.10161592 -0.09550944 -0.09032665 -0.08546407 -0.08116451 
1.87381742e-06 -0.10161592 -0.09550944 -0.09032665 -0.08546407 -0.08116451 
1.51991108e-06 -0.10161592 -0.09550944 -0.09032665 -0.08546407 -0.08116451 
1.23284674e-06 -0.10161592 -0.09550944 -0.09032665 -0.08546407 -0.08116451 
1.00000000e-06 -0.10161592 -0.09550944 -0.09032665 -0.08546407 -0.08116451 
8.11130831e-07 -0.10161592 -0.09550944 -0.09032665 -0.08546407 -0.08116451 
6.57933225e-07 -0.10161592 -0.09550944 -0.09032665 -0.08546407 -0.08116451 
5.33669923e-07 -0.10161592 -0.09550944 -0.09032665 -0.08546407 -0.08116451 
4.32876128e-07 -0.10161592 -0.09550944 -0.09032665 -0.08546407 -0.08116451 
3.51119173e-07 -0.10161592 -0.09550944 -0.09032665 -0.08546407 -0.08116451 
2.84803587e-07 -0.10161592 -0.09550944 -0.09032665 -0.08546407 -0.08116451 
2.31012970e-07 -0.10161592 -0.09550944 -0.09032665 -0.08546407 -0.08116451 
1.87381742e-07 -0.10161592 -0.09550944 -0.09032665 -0.08546407 -0.08116451 
1.51991108e-07 -0.10161592 -0.09550944 -0.09032665 -0.08546407 -0.08116451 
1.23284674e-07 -0.10161592 -0.09550944 -0.09032665 -0.08546407 -0.08116451 
1.00000000e-07 -0.10161592 -0.09550944 -0.09032665 -0.08546407 -0.08116451 
P (bar) | log_He: -2σ | log_He: -1σ | log_He: median | log_He: +1σ | log_He: +2σ 
1.00000000e+02 -0.87116700 -0.86506052 -0.85987772 -0.85501515 -0.85071559 
8.11130831e+01 -0.87116700 -0.86506052 -0.85987772 -0.85501515 -0.85071559 
6.57933225e+01 -0.87116700 -0.86506052 -0.85987772 -0.85501515 -0.85071559 
5.33669923e+01 -0.87116700 -0.86506052 -0.85987772 -0.85501515 -0.85071559 
4.32876128e+01 -0.87116700 -0.86506052 -0.85987772 -0.85501515 -0.85071559 
3.51119173e+01 -0.87116700 -0.86506052 -0.85987772 -0.85501515 -0.85071559 
2.84803587e+01 -0.87116700 -0.86506052 -0.85987772 -0.85501515 -0.85071559 
2.31012970e+01 -0.87116700 -0.86506052 -0.85987772 -0.85501515 -0.85071559 
1.87381742e+01 -0.87116700 -0.86506052 -0.85987772 -0.85501515 -0.85071559 
1.51991108e+01 -0.87116700 -0.86506052 -0.85987772 -0.85501515 -0.85071559 
1.23284674e+01 -0.87116700 -0.86506052 -0.85987772 -0.85501515 -0.85071559 
1.00000000e+01 -0.87116700 -0.86506052 -0.85987772 -0.85501515 -0.85071559 
8.11130831e+00 -0.87116700 -0.86506052 -0.85987772 -0.85501515 -0.85071559 
6.57933225e+00 -0.87116700 -0.86506052 -0.85987772 -0.85501515 -0.85071559 
5.33669923e+00 -0.87116700 -0.86506052 -0.85987772 -0.85501515 -0.85071559 
4.32876128e+00 -0.87116700 -0.86506052 -0.85987772 -0.85501515 -0.85071559 
3.51119173e+00 -0.87116700 -0.86506052 -0.85987772 -0.85501515 -0.85071559 
2.84803587e+00 -0.87116700 -0.86506052 -0.85987772 -0.85501515 -0.85071559 
2.31012970e+00 -0.87116700 -0.86506052 -0.85987772 -0.85501515 -0.85071559 
1.87381742e+00 -0.87116700 -0.86506052 -0.85987772 -0.85501515 -0.85071559 
1.51991108e+00 -0.87116700 -0.86506052 -0.85987772 -0.85501515 -0.85071559 
1.23284674e+00 -0.87116700 -0.86506052 -0.85987772 -0.85501515 -0.85071559 
1.00000000e+00 -0.87116700 -0.86506052 -0.85987772 -0.85501515 -0.85071559 
8.11130831e-01 -0.87116700 -0.86506052 -0.85987772 -0.85501515 -0.85071559 
6.57933225e-01 -0.87116700 -0.86506052 -0.85987772 -0.85501515 -0.85071559 
5.33669923e-01 -0.87116700 -0.86506052 -0.85987772 -0.85501515 -0.85071559 
4.32876128e-01 -0.87116700 -0.86506052 -0.85987772 -0.85501515 -0.85071559 
3.51119173e-01 -0.87116700 -0.86506052 -0.85987772 -0.85501515 -0.85071559 
2.84803587e-01 -0.87116700 -0.86506052 -0.85987772 -0.85501515 -0.85071559 
2.31012970e-01 -0.87116700 -0.86506052 -0.85987772 -0.85501515 -0.85071559 
1.87381742e-01 -0.87116700 -0.86506052 -0.85987772 -0.85501515 -0.85071559 
1.51991108e-01 -0.87116700 -0.86506052 -0.85987772 -0.85501515 -0.85071559 
1.23284674e-01 -0.87116700 -0.86506052 -0.85987772 -0.85501515 -0.85071559 
1.00000000e-01 -0.87116700 -0.86506052 -0.85987772 -0.85501515 -0.85071559 
8.11130831e-02 -0.87116700 -0.86506052 -0.85987772 -0.85501515 -0.85071559 
6.57933225e-02 -0.87116700 -0.86506052 -0.85987772 -0.85501515 -0.85071559 
5.33669923e-02 -0.87116700 -0.86506052 -0.85987772 -0.85501515 -0.85071559 
4.32876128e-02 -0.87116700 -0.86506052 -0.85987772 -0.85501515 -0.85071559 
3.51119173e-02 -0.87116700 -0.86506052 -0.85987772 -0.85501515 -0.85071559 
2.84803587e-02 -0.87116700 -0.86506052 -0.85987772 -0.85501515 -0.85071559 
2.31012970e-02 -0.87116700 -0.86506052 -0.85987772 -0.85501515 -0.85071559 
1.87381742e-02 -0.87116700 -0.86506052 -0.85987772 -0.85501515 -0.85071559 
1.51991108e-02 -0.87116700 -0.86506052 -0.85987772 -0.85501515 -0.85071559 
1.23284674e-02 -0.87116700 -0.86506052 -0.85987772 -0.85501515 -0.85071559 
1.00000000e-02 -0.87116700 -0.86506052 -0.85987772 -0.85501515 -0.85071559 
8.11130831e-03 -0.87116700 -0.86506052 -0.85987772 -0.85501515 -0.85071559 
6.57933225e-03 -0.87116700 -0.86506052 -0.85987772 -0.85501515 -0.85071559 
5.33669923e-03 -0.87116700 -0.86506052 -0.85987772 -0.85501515 -0.85071559 
4.32876128e-03 -0.87116700 -0.86506052 -0.85987772 -0.85501515 -0.85071559 
3.51119173e-03 -0.87116700 -0.86506052 -0.85987772 -0.85501515 -0.85071559 
2.84803587e-03 -0.87116700 -0.86506052 -0.85987772 -0.85501515 -0.85071559 
2.31012970e-03 -0.87116700 -0.86506052 -0.85987772 -0.85501515 -0.85071559 
1.87381742e-03 -0.87116700 -0.86506052 -0.85987772 -0.85501515 -0.85071559 
1.51991108e-03 -0.87116700 -0.86506052 -0.85987772 -0.85501515 -0.85071559 
1.23284674e-03 -0.87116700 -0.86506052 -0.85987772 -0.85501515 -0.85071559 
1.00000000e-03 -0.87116700 -0.86506052 -0.85987772 -0.85501515 -0.85071559 
8.11130831e-04 -0.87116700 -0.86506052 -0.85987772 -0.85501515 -0.85071559 
6.57933225e-04 -0.87116700 -0.86506052 -0.85987772 -0.85501515 -0.85071559 
5.33669923e-04 -0.87116700 -0.86506052 -0.85987772 -0.85501515 -0.85071559 
4.32876128e-04 -0.87116700 -0.86506052 -0.85987772 -0.85501515 -0.85071559 
3.51119173e-04 -0.87116700 -0.86506052 -0.85987772 -0.85501515 -0.85071559 
2.84803587e-04 -0.87116700 -0.86506052 -0.85987772 -0.85501515 -0.85071559 
2.31012970e-04 -0.87116700 -0.86506052 -0.85987772 -0.85501515 -0.85071559 
1.87381742e-04 -0.87116700 -0.86506052 -0.85987772 -0.85501515 -0.85071559 
1.51991108e-04 -0.87116700 -0.86506052 -0.85987772 -0.85501515 -0.85071559 
1.23284674e-04 -0.87116700 -0.86506052 -0.85987772 -0.85501515 -0.85071559 
1.00000000e-04 -0.87116700 -0.86506052 -0.85987772 -0.85501515 -0.85071559 
8.11130831e-05 -0.87116700 -0.86506052 -0.85987772 -0.85501515 -0.85071559 
6.57933225e-05 -0.87116700 -0.86506052 -0.85987772 -0.85501515 -0.85071559 
5.33669923e-05 -0.87116700 -0.86506052 -0.85987772 -0.85501515 -0.85071559 
4.32876128e-05 -0.87116700 -0.86506052 -0.85987772 -0.85501515 -0.85071559 
3.51119173e-05 -0.87116700 -0.86506052 -0.85987772 -0.85501515 -0.85071559 
2.84803587e-05 -0.87116700 -0.86506052 -0.85987772 -0.85501515 -0.85071559 
2.31012970e-05 -0.87116700 -0.86506052 -0.85987772 -0.85501515 -0.85071559 
1.87381742e-05 -0.87116700 -0.86506052 -0.85987772 -0.85501515 -0.85071559 
1.51991108e-05 -0.87116700 -0.86506052 -0.85987772 -0.85501515 -0.85071559 
1.23284674e-05 -0.87116700 -0.86506052 -0.85987772 -0.85501515 -0.85071559 
1.00000000e-05 -0.87116700 -0.86506052 -0.85987772 -0.85501515 -0.85071559 
8.11130831e-06 -0.87116700 -0.86506052 -0.85987772 -0.85501515 -0.85071559 
6.57933225e-06 -0.87116700 -0.86506052 -0.85987772 -0.85501515 -0.85071559 
5.33669923e-06 -0.87116700 -0.86506052 -0.85987772 -0.85501515 -0.85071559 
4.32876128e-06 -0.87116700 -0.86506052 -0.85987772 -0.85501515 -0.85071559 
3.51119173e-06 -0.87116700 -0.86506052 -0.85987772 -0.85501515 -0.85071559 
2.84803587e-06 -0.87116700 -0.86506052 -0.85987772 -0.85501515 -0.85071559 
2.31012970e-06 -0.87116700 -0.86506052 -0.85987772 -0.85501515 -0.85071559 
1.87381742e-06 -0.87116700 -0.86506052 -0.85987772 -0.85501515 -0.85071559 
1.51991108e-06 -0.87116700 -0.86506052 -0.85987772 -0.85501515 -0.85071559 
1.23284674e-06 -0.87116700 -0.86506052 -0.85987772 -0.85501515 -0.85071559 
1.00000000e-06 -0.87116700 -0.86506052 -0.85987772 -0.85501515 -0.85071559 
8.11130831e-07 -0.87116700 -0.86506052 -0.85987772 -0.85501515 -0.85071559 
6.57933225e-07 -0.87116700 -0.86506052 -0.85987772 -0.85501515 -0.85071559 
5.33669923e-07 -0.87116700 -0.86506052 -0.85987772 -0.85501515 -0.85071559 
4.32876128e-07 -0.87116700 -0.86506052 -0.85987772 -0.85501515 -0.85071559 
3.51119173e-07 -0.87116700 -0.86506052 -0.85987772 -0.85501515 -0.85071559 
2.84803587e-07 -0.87116700 -0.86506052 -0.85987772 -0.85501515 -0.85071559 
2.31012970e-07 -0.87116700 -0.86506052 -0.85987772 -0.85501515 -0.85071559 
1.87381742e-07 -0.87116700 -0.86506052 -0.85987772 -0.85501515 -0.85071559 
1.51991108e-07 -0.87116700 -0.86506052 -0.85987772 -0.85501515 -0.85071559 
1.23284674e-07 -0.87116700 -0.86506052 -0.85987772 -0.85501515 -0.85071559 
1.00000000e-07 -0.87116700 -0.86506052 -0.85987772 -0.85501515 -0.85071559 
P (bar) | log_H2O: -2σ | log_H2O: -1σ | log_H2O: median | log_H2O: +1σ | log_H2O: +2σ 
1.00000000e+02 -1.62522371 -1.48977481 -1.35423640 -1.24503242 -1.15137688 
8.11130831e+01 -1.62522371 -1.48977481 -1.35423640 -1.24503242 -1.15137688 
6.57933225e+01 -1.62522371 -1.48977481 -1.35423640 -1.24503242 -1.15137688 
5.33669923e+01 -1.62522371 -1.48977481 -1.35423640 -1.24503242 -1.15137688 
4.32876128e+01 -1.62522371 -1.48977481 -1.35423640 -1.24503242 -1.15137688 
3.51119173e+01 -1.62522371 -1.48977481 -1.35423640 -1.24503242 -1.15137688 
2.84803587e+01 -1.62522371 -1.48977481 -1.35423640 -1.24503242 -1.15137688 
2.31012970e+01 -1.62522371 -1.48977481 -1.35423640 -1.24503242 -1.15137688 
1.87381742e+01 -1.62522371 -1.48977481 -1.35423640 -1.24503242 -1.15137688 
1.51991108e+01 -1.62522371 -1.48977481 -1.35423640 -1.24503242 -1.15137688 
1.23284674e+01 -1.62522371 -1.48977481 -1.35423640 -1.24503242 -1.15137688 
1.00000000e+01 -1.62522371 -1.48977481 -1.35423640 -1.24503242 -1.15137688 
8.11130831e+00 -1.62522371 -1.48977481 -1.35423640 -1.24503242 -1.15137688 
6.57933225e+00 -1.62522371 -1.48977481 -1.35423640 -1.24503242 -1.15137688 
5.33669923e+00 -1.62522371 -1.48977481 -1.35423640 -1.24503242 -1.15137688 
4.32876128e+00 -1.62522371 -1.48977481 -1.35423640 -1.24503242 -1.15137688 
3.51119173e+00 -1.62522371 -1.48977481 -1.35423640 -1.24503242 -1.15137688 
2.84803587e+00 -1.62522371 -1.48977481 -1.35423640 -1.24503242 -1.15137688 
2.31012970e+00 -1.62522371 -1.48977481 -1.35423640 -1.24503242 -1.15137688 
1.87381742e+00 -1.62522371 -1.48977481 -1.35423640 -1.24503242 -1.15137688 
1.51991108e+00 -1.62522371 -1.48977481 -1.35423640 -1.24503242 -1.15137688 
1.23284674e+00 -1.62522371 -1.48977481 -1.35423640 -1.24503242 -1.15137688 
1.00000000e+00 -1.62522371 -1.48977481 -1.35423640 -1.24503242 -1.15137688 
8.11130831e-01 -1.62522371 -1.48977481 -1.35423640 -1.24503242 -1.15137688 
6.57933225e-01 -1.62522371 -1.48977481 -1.35423640 -1.24503242 -1.15137688 
5.33669923e-01 -1.62522371 -1.48977481 -1.35423640 -1.24503242 -1.15137688 
4.32876128e-01 -1.62522371 -1.48977481 -1.35423640 -1.24503242 -1.15137688 
3.51119173e-01 -1.62522371 -1.48977481 -1.35423640 -1.24503242 -1.15137688 
2.84803587e-01 -1.62522371 -1.48977481 -1.35423640 -1.24503242 -1.15137688 
2.31012970e-01 -1.62522371 -1.48977481 -1.35423640 -1.24503242 -1.15137688 
1.87381742e-01 -1.62522371 -1.48977481 -1.35423640 -1.24503242 -1.15137688 
1.51991108e-01 -1.62522371 -1.48977481 -1.35423640 -1.24503242 -1.15137688 
1.23284674e-01 -1.62522371 -1.48977481 -1.35423640 -1.24503242 -1.15137688 
1.00000000e-01 -1.62522371 -1.48977481 -1.35423640 -1.24503242 -1.15137688 
8.11130831e-02 -1.62522371 -1.48977481 -1.35423640 -1.24503242 -1.15137688 
6.57933225e-02 -1.62522371 -1.48977481 -1.35423640 -1.24503242 -1.15137688 
5.33669923e-02 -1.62522371 -1.48977481 -1.35423640 -1.24503242 -1.15137688 
4.32876128e-02 -1.62522371 -1.48977481 -1.35423640 -1.24503242 -1.15137688 
3.51119173e-02 -1.62522371 -1.48977481 -1.35423640 -1.24503242 -1.15137688 
2.84803587e-02 -1.62522371 -1.48977481 -1.35423640 -1.24503242 -1.15137688 
2.31012970e-02 -1.62522371 -1.48977481 -1.35423640 -1.24503242 -1.15137688 
1.87381742e-02 -1.62522371 -1.48977481 -1.35423640 -1.24503242 -1.15137688 
1.51991108e-02 -1.62522371 -1.48977481 -1.35423640 -1.24503242 -1.15137688 
1.23284674e-02 -1.62522371 -1.48977481 -1.35423640 -1.24503242 -1.15137688 
1.00000000e-02 -1.62522371 -1.48977481 -1.35423640 -1.24503242 -1.15137688 
8.11130831e-03 -1.62522371 -1.48977481 -1.35423640 -1.24503242 -1.15137688 
6.57933225e-03 -1.62522371 -1.48977481 -1.35423640 -1.24503242 -1.15137688 
5.33669923e-03 -1.62522371 -1.48977481 -1.35423640 -1.24503242 -1.15137688 
4.32876128e-03 -1.62522371 -1.48977481 -1.35423640 -1.24503242 -1.15137688 
3.51119173e-03 -1.62522371 -1.48977481 -1.35423640 -1.24503242 -1.15137688 
2.84803587e-03 -1.62522371 -1.48977481 -1.35423640 -1.24503242 -1.15137688 
2.31012970e-03 -1.62522371 -1.48977481 -1.35423640 -1.24503242 -1.15137688 
1.87381742e-03 -1.62522371 -1.48977481 -1.35423640 -1.24503242 -1.15137688 
1.51991108e-03 -1.62522371 -1.48977481 -1.35423640 -1.24503242 -1.15137688 
1.23284674e-03 -1.62522371 -1.48977481 -1.35423640 -1.24503242 -1.15137688 
1.00000000e-03 -1.62522371 -1.48977481 -1.35423640 -1.24503242 -1.15137688 
8.11130831e-04 -1.62522371 -1.48977481 -1.35423640 -1.24503242 -1.15137688 
6.57933225e-04 -1.62522371 -1.48977481 -1.35423640 -1.24503242 -1.15137688 
5.33669923e-04 -1.62522371 -1.48977481 -1.35423640 -1.24503242 -1.15137688 
4.32876128e-04 -1.62522371 -1.48977481 -1.35423640 -1.24503242 -1.15137688 
3.51119173e-04 -1.62522371 -1.48977481 -1.35423640 -1.24503242 -1.15137688 
2.84803587e-04 -1.62522371 -1.48977481 -1.35423640 -1.24503242 -1.15137688 
2.31012970e-04 -1.62522371 -1.48977481 -1.35423640 -1.24503242 -1.15137688 
1.87381742e-04 -1.62522371 -1.48977481 -1.35423640 -1.24503242 -1.15137688 
1.51991108e-04 -1.62522371 -1.48977481 -1.35423640 -1.24503242 -1.15137688 
1.23284674e-04 -1.62522371 -1.48977481 -1.35423640 -1.24503242 -1.15137688 
1.00000000e-04 -1.62522371 -1.48977481 -1.35423640 -1.24503242 -1.15137688 
8.11130831e-05 -1.62522371 -1.48977481 -1.35423640 -1.24503242 -1.15137688 
6.57933225e-05 -1.62522371 -1.48977481 -1.35423640 -1.24503242 -1.15137688 
5.33669923e-05 -1.62522371 -1.48977481 -1.35423640 -1.24503242 -1.15137688 
4.32876128e-05 -1.62522371 -1.48977481 -1.35423640 -1.24503242 -1.15137688 
3.51119173e-05 -1.62522371 -1.48977481 -1.35423640 -1.24503242 -1.15137688 
2.84803587e-05 -1.62522371 -1.48977481 -1.35423640 -1.24503242 -1.15137688 
2.31012970e-05 -1.62522371 -1.48977481 -1.35423640 -1.24503242 -1.15137688 
1.87381742e-05 -1.62522371 -1.48977481 -1.35423640 -1.24503242 -1.15137688 
1.51991108e-05 -1.62522371 -1.48977481 -1.35423640 -1.24503242 -1.15137688 
1.23284674e-05 -1.62522371 -1.48977481 -1.35423640 -1.24503242 -1.15137688 
1.00000000e-05 -1.62522371 -1.48977481 -1.35423640 -1.24503242 -1.15137688 
8.11130831e-06 -1.62522371 -1.48977481 -1.35423640 -1.24503242 -1.15137688 
6.57933225e-06 -1.62522371 -1.48977481 -1.35423640 -1.24503242 -1.15137688 
5.33669923e-06 -1.62522371 -1.48977481 -1.35423640 -1.24503242 -1.15137688 
4.32876128e-06 -1.62522371 -1.48977481 -1.35423640 -1.24503242 -1.15137688 
3.51119173e-06 -1.62522371 -1.48977481 -1.35423640 -1.24503242 -1.15137688 
2.84803587e-06 -1.62522371 -1.48977481 -1.35423640 -1.24503242 -1.15137688 
2.31012970e-06 -1.62522371 -1.48977481 -1.35423640 -1.24503242 -1.15137688 
1.87381742e-06 -1.62522371 -1.48977481 -1.35423640 -1.24503242 -1.15137688 
1.51991108e-06 -1.62522371 -1.48977481 -1.35423640 -1.24503242 -1.15137688 
1.23284674e-06 -1.62522371 -1.48977481 -1.35423640 -1.24503242 -1.15137688 
1.00000000e-06 -1.62522371 -1.48977481 -1.35423640 -1.24503242 -1.15137688 
8.11130831e-07 -1.62522371 -1.48977481 -1.35423640 -1.24503242 -1.15137688 
6.57933225e-07 -1.62522371 -1.48977481 -1.35423640 -1.24503242 -1.15137688 
5.33669923e-07 -1.62522371 -1.48977481 -1.35423640 -1.24503242 -1.15137688 
4.32876128e-07 -1.62522371 -1.48977481 -1.35423640 -1.24503242 -1.15137688 
3.51119173e-07 -1.62522371 -1.48977481 -1.35423640 -1.24503242 -1.15137688 
2.84803587e-07 -1.62522371 -1.48977481 -1.35423640 -1.24503242 -1.15137688 
2.31012970e-07 -1.62522371 -1.48977481 -1.35423640 -1.24503242 -1.15137688 
1.87381742e-07 -1.62522371 -1.48977481 -1.35423640 -1.24503242 -1.15137688 
1.51991108e-07 -1.62522371 -1.48977481 -1.35423640 -1.24503242 -1.15137688 
1.23284674e-07 -1.62522371 -1.48977481 -1.35423640 -1.24503242 -1.15137688 
1.00000000e-07 -1.62522371 -1.48977481 -1.35423640 -1.24503242 -1.15137688 
P (bar) | log_CO2: -2σ | log_CO2: -1σ | log_CO2: median | log_CO2: +1σ | log_CO2: +2σ 
1.00000000e+02 -10.85399562 -9.95899628 -7.80846080 -5.54760806 -4.45724349 
8.11130831e+01 -10.85399562 -9.95899628 -7.80846080 -5.54760806 -4.45724349 
6.57933225e+01 -10.85399562 -9.95899628 -7.80846080 -5.54760806 -4.45724349 
5.33669923e+01 -10.85399562 -9.95899628 -7.80846080 -5.54760806 -4.45724349 
4.32876128e+01 -10.85399562 -9.95899628 -7.80846080 -5.54760806 -4.45724349 
3.51119173e+01 -10.85399562 -9.95899628 -7.80846080 -5.54760806 -4.45724349 
2.84803587e+01 -10.85399562 -9.95899628 -7.80846080 -5.54760806 -4.45724349 
2.31012970e+01 -10.85399562 -9.95899628 -7.80846080 -5.54760806 -4.45724349 
1.87381742e+01 -10.85399562 -9.95899628 -7.80846080 -5.54760806 -4.45724349 
1.51991108e+01 -10.85399562 -9.95899628 -7.80846080 -5.54760806 -4.45724349 
1.23284674e+01 -10.85399562 -9.95899628 -7.80846080 -5.54760806 -4.45724349 
1.00000000e+01 -10.85399562 -9.95899628 -7.80846080 -5.54760806 -4.45724349 
8.11130831e+00 -10.85399562 -9.95899628 -7.80846080 -5.54760806 -4.45724349 
6.57933225e+00 -10.85399562 -9.95899628 -7.80846080 -5.54760806 -4.45724349 
5.33669923e+00 -10.85399562 -9.95899628 -7.80846080 -5.54760806 -4.45724349 
4.32876128e+00 -10.85399562 -9.95899628 -7.80846080 -5.54760806 -4.45724349 
3.51119173e+00 -10.85399562 -9.95899628 -7.80846080 -5.54760806 -4.45724349 
2.84803587e+00 -10.85399562 -9.95899628 -7.80846080 -5.54760806 -4.45724349 
2.31012970e+00 -10.85399562 -9.95899628 -7.80846080 -5.54760806 -4.45724349 
1.87381742e+00 -10.85399562 -9.95899628 -7.80846080 -5.54760806 -4.45724349 
1.51991108e+00 -10.85399562 -9.95899628 -7.80846080 -5.54760806 -4.45724349 
1.23284674e+00 -10.85399562 -9.95899628 -7.80846080 -5.54760806 -4.45724349 
1.00000000e+00 -10.85399562 -9.95899628 -7.80846080 -5.54760806 -4.45724349 
8.11130831e-01 -10.85399562 -9.95899628 -7.80846080 -5.54760806 -4.45724349 
6.57933225e-01 -10.85399562 -9.95899628 -7.80846080 -5.54760806 -4.45724349 
5.33669923e-01 -10.85399562 -9.95899628 -7.80846080 -5.54760806 -4.45724349 
4.32876128e-01 -10.85399562 -9.95899628 -7.80846080 -5.54760806 -4.45724349 
3.51119173e-01 -10.85399562 -9.95899628 -7.80846080 -5.54760806 -4.45724349 
2.84803587e-01 -10.85399562 -9.95899628 -7.80846080 -5.54760806 -4.45724349 
2.31012970e-01 -10.85399562 -9.95899628 -7.80846080 -5.54760806 -4.45724349 
1.87381742e-01 -10.85399562 -9.95899628 -7.80846080 -5.54760806 -4.45724349 
1.51991108e-01 -10.85399562 -9.95899628 -7.80846080 -5.54760806 -4.45724349 
1.23284674e-01 -10.85399562 -9.95899628 -7.80846080 -5.54760806 -4.45724349 
1.00000000e-01 -10.85399562 -9.95899628 -7.80846080 -5.54760806 -4.45724349 
8.11130831e-02 -10.85399562 -9.95899628 -7.80846080 -5.54760806 -4.45724349 
6.57933225e-02 -10.85399562 -9.95899628 -7.80846080 -5.54760806 -4.45724349 
5.33669923e-02 -10.85399562 -9.95899628 -7.80846080 -5.54760806 -4.45724349 
4.32876128e-02 -10.85399562 -9.95899628 -7.80846080 -5.54760806 -4.45724349 
3.51119173e-02 -10.85399562 -9.95899628 -7.80846080 -5.54760806 -4.45724349 
2.84803587e-02 -10.85399562 -9.95899628 -7.80846080 -5.54760806 -4.45724349 
2.31012970e-02 -10.85399562 -9.95899628 -7.80846080 -5.54760806 -4.45724349 
1.87381742e-02 -10.85399562 -9.95899628 -7.80846080 -5.54760806 -4.45724349 
1.51991108e-02 -10.85399562 -9.95899628 -7.80846080 -5.54760806 -4.45724349 
1.23284674e-02 -10.85399562 -9.95899628 -7.80846080 -5.54760806 -4.45724349 
1.00000000e-02 -10.85399562 -9.95899628 -7.80846080 -5.54760806 -4.45724349 
8.11130831e-03 -10.85399562 -9.95899628 -7.80846080 -5.54760806 -4.45724349 
6.57933225e-03 -10.85399562 -9.95899628 -7.80846080 -5.54760806 -4.45724349 
5.33669923e-03 -10.85399562 -9.95899628 -7.80846080 -5.54760806 -4.45724349 
4.32876128e-03 -10.85399562 -9.95899628 -7.80846080 -5.54760806 -4.45724349 
3.51119173e-03 -10.85399562 -9.95899628 -7.80846080 -5.54760806 -4.45724349 
2.84803587e-03 -10.85399562 -9.95899628 -7.80846080 -5.54760806 -4.45724349 
2.31012970e-03 -10.85399562 -9.95899628 -7.80846080 -5.54760806 -4.45724349 
1.87381742e-03 -10.85399562 -9.95899628 -7.80846080 -5.54760806 -4.45724349 
1.51991108e-03 -10.85399562 -9.95899628 -7.80846080 -5.54760806 -4.45724349 
1.23284674e-03 -10.85399562 -9.95899628 -7.80846080 -5.54760806 -4.45724349 
1.00000000e-03 -10.85399562 -9.95899628 -7.80846080 -5.54760806 -4.45724349 
8.11130831e-04 -10.85399562 -9.95899628 -7.80846080 -5.54760806 -4.45724349 
6.57933225e-04 -10.85399562 -9.95899628 -7.80846080 -5.54760806 -4.45724349 
5.33669923e-04 -10.85399562 -9.95899628 -7.80846080 -5.54760806 -4.45724349 
4.32876128e-04 -10.85399562 -9.95899628 -7.80846080 -5.54760806 -4.45724349 
3.51119173e-04 -10.85399562 -9.95899628 -7.80846080 -5.54760806 -4.45724349 
2.84803587e-04 -10.85399562 -9.95899628 -7.80846080 -5.54760806 -4.45724349 
2.31012970e-04 -10.85399562 -9.95899628 -7.80846080 -5.54760806 -4.45724349 
1.87381742e-04 -10.85399562 -9.95899628 -7.80846080 -5.54760806 -4.45724349 
1.51991108e-04 -10.85399562 -9.95899628 -7.80846080 -5.54760806 -4.45724349 
1.23284674e-04 -10.85399562 -9.95899628 -7.80846080 -5.54760806 -4.45724349 
1.00000000e-04 -10.85399562 -9.95899628 -7.80846080 -5.54760806 -4.45724349 
8.11130831e-05 -10.85399562 -9.95899628 -7.80846080 -5.54760806 -4.45724349 
6.57933225e-05 -10.85399562 -9.95899628 -7.80846080 -5.54760806 -4.45724349 
5.33669923e-05 -10.85399562 -9.95899628 -7.80846080 -5.54760806 -4.45724349 
4.32876128e-05 -10.85399562 -9.95899628 -7.80846080 -5.54760806 -4.45724349 
3.51119173e-05 -10.85399562 -9.95899628 -7.80846080 -5.54760806 -4.45724349 
2.84803587e-05 -10.85399562 -9.95899628 -7.80846080 -5.54760806 -4.45724349 
2.31012970e-05 -10.85399562 -9.95899628 -7.80846080 -5.54760806 -4.45724349 
1.87381742e-05 -10.85399562 -9.95899628 -7.80846080 -5.54760806 -4.45724349 
1.51991108e-05 -10.85399562 -9.95899628 -7.80846080 -5.54760806 -4.45724349 
1.23284674e-05 -10.85399562 -9.95899628 -7.80846080 -5.54760806 -4.45724349 
1.00000000e-05 -10.85399562 -9.95899628 -7.80846080 -5.54760806 -4.45724349 
8.11130831e-06 -10.85399562 -9.95899628 -7.80846080 -5.54760806 -4.45724349 
6.57933225e-06 -10.85399562 -9.95899628 -7.80846080 -5.54760806 -4.45724349 
5.33669923e-06 -10.85399562 -9.95899628 -7.80846080 -5.54760806 -4.45724349 
4.32876128e-06 -10.85399562 -9.95899628 -7.80846080 -5.54760806 -4.45724349 
3.51119173e-06 -10.85399562 -9.95899628 -7.80846080 -5.54760806 -4.45724349 
2.84803587e-06 -10.85399562 -9.95899628 -7.80846080 -5.54760806 -4.45724349 
2.31012970e-06 -10.85399562 -9.95899628 -7.80846080 -5.54760806 -4.45724349 
1.87381742e-06 -10.85399562 -9.95899628 -7.80846080 -5.54760806 -4.45724349 
1.51991108e-06 -10.85399562 -9.95899628 -7.80846080 -5.54760806 -4.45724349 
1.23284674e-06 -10.85399562 -9.95899628 -7.80846080 -5.54760806 -4.45724349 
1.00000000e-06 -10.85399562 -9.95899628 -7.80846080 -5.54760806 -4.45724349 
8.11130831e-07 -10.85399562 -9.95899628 -7.80846080 -5.54760806 -4.45724349 
6.57933225e-07 -10.85399562 -9.95899628 -7.80846080 -5.54760806 -4.45724349 
5.33669923e-07 -10.85399562 -9.95899628 -7.80846080 -5.54760806 -4.45724349 
4.32876128e-07 -10.85399562 -9.95899628 -7.80846080 -5.54760806 -4.45724349 
3.51119173e-07 -10.85399562 -9.95899628 -7.80846080 -5.54760806 -4.45724349 
2.84803587e-07 -10.85399562 -9.95899628 -7.80846080 -5.54760806 -4.45724349 
2.31012970e-07 -10.85399562 -9.95899628 -7.80846080 -5.54760806 -4.45724349 
1.87381742e-07 -10.85399562 -9.95899628 -7.80846080 -5.54760806 -4.45724349 
1.51991108e-07 -10.85399562 -9.95899628 -7.80846080 -5.54760806 -4.45724349 
1.23284674e-07 -10.85399562 -9.95899628 -7.80846080 -5.54760806 -4.45724349 
1.00000000e-07 -10.85399562 -9.95899628 -7.80846080 -5.54760806 -4.45724349 
P (bar) | log_K: -2σ | log_K: -1σ | log_K: median | log_K: +1σ | log_K: +2σ 
1.00000000e+02 -7.02852737 -6.73483241 -6.47841123 -6.25954006 -6.00181646 
8.11130831e+01 -7.02852737 -6.73483241 -6.47841123 -6.25954006 -6.00181646 
6.57933225e+01 -7.02852737 -6.73483241 -6.47841123 -6.25954006 -6.00181646 
5.33669923e+01 -7.02852737 -6.73483241 -6.47841123 -6.25954006 -6.00181646 
4.32876128e+01 -7.02852737 -6.73483241 -6.47841123 -6.25954006 -6.00181646 
3.51119173e+01 -7.02852737 -6.73483241 -6.47841123 -6.25954006 -6.00181646 
2.84803587e+01 -7.02852737 -6.73483241 -6.47841123 -6.25954006 -6.00181646 
2.31012970e+01 -7.02852737 -6.73483241 -6.47841123 -6.25954006 -6.00181646 
1.87381742e+01 -7.02852737 -6.73483241 -6.47841123 -6.25954006 -6.00181646 
1.51991108e+01 -7.02852737 -6.73483241 -6.47841123 -6.25954006 -6.00181646 
1.23284674e+01 -7.02852737 -6.73483241 -6.47841123 -6.25954006 -6.00181646 
1.00000000e+01 -7.02852737 -6.73483241 -6.47841123 -6.25954006 -6.00181646 
8.11130831e+00 -7.02852737 -6.73483241 -6.47841123 -6.25954006 -6.00181646 
6.57933225e+00 -7.02852737 -6.73483241 -6.47841123 -6.25954006 -6.00181646 
5.33669923e+00 -7.02852737 -6.73483241 -6.47841123 -6.25954006 -6.00181646 
4.32876128e+00 -7.02852737 -6.73483241 -6.47841123 -6.25954006 -6.00181646 
3.51119173e+00 -7.02852737 -6.73483241 -6.47841123 -6.25954006 -6.00181646 
2.84803587e+00 -7.02852737 -6.73483241 -6.47841123 -6.25954006 -6.00181646 
2.31012970e+00 -7.02852737 -6.73483241 -6.47841123 -6.25954006 -6.00181646 
1.87381742e+00 -7.02852737 -6.73483241 -6.47841123 -6.25954006 -6.00181646 
1.51991108e+00 -7.02852737 -6.73483241 -6.47841123 -6.25954006 -6.00181646 
1.23284674e+00 -7.02852737 -6.73483241 -6.47841123 -6.25954006 -6.00181646 
1.00000000e+00 -7.02852737 -6.73483241 -6.47841123 -6.25954006 -6.00181646 
8.11130831e-01 -7.02852737 -6.73483241 -6.47841123 -6.25954006 -6.00181646 
6.57933225e-01 -7.02852737 -6.73483241 -6.47841123 -6.25954006 -6.00181646 
5.33669923e-01 -7.02852737 -6.73483241 -6.47841123 -6.25954006 -6.00181646 
4.32876128e-01 -7.02852737 -6.73483241 -6.47841123 -6.25954006 -6.00181646 
3.51119173e-01 -7.02852737 -6.73483241 -6.47841123 -6.25954006 -6.00181646 
2.84803587e-01 -7.02852737 -6.73483241 -6.47841123 -6.25954006 -6.00181646 
2.31012970e-01 -7.02852737 -6.73483241 -6.47841123 -6.25954006 -6.00181646 
1.87381742e-01 -7.02852737 -6.73483241 -6.47841123 -6.25954006 -6.00181646 
1.51991108e-01 -7.02852737 -6.73483241 -6.47841123 -6.25954006 -6.00181646 
1.23284674e-01 -7.02852737 -6.73483241 -6.47841123 -6.25954006 -6.00181646 
1.00000000e-01 -7.02852737 -6.73483241 -6.47841123 -6.25954006 -6.00181646 
8.11130831e-02 -7.02852737 -6.73483241 -6.47841123 -6.25954006 -6.00181646 
6.57933225e-02 -7.02852737 -6.73483241 -6.47841123 -6.25954006 -6.00181646 
5.33669923e-02 -7.02852737 -6.73483241 -6.47841123 -6.25954006 -6.00181646 
4.32876128e-02 -7.02852737 -6.73483241 -6.47841123 -6.25954006 -6.00181646 
3.51119173e-02 -7.02852737 -6.73483241 -6.47841123 -6.25954006 -6.00181646 
2.84803587e-02 -7.02852737 -6.73483241 -6.47841123 -6.25954006 -6.00181646 
2.31012970e-02 -7.02852737 -6.73483241 -6.47841123 -6.25954006 -6.00181646 
1.87381742e-02 -7.02852737 -6.73483241 -6.47841123 -6.25954006 -6.00181646 
1.51991108e-02 -7.02852737 -6.73483241 -6.47841123 -6.25954006 -6.00181646 
1.23284674e-02 -7.02852737 -6.73483241 -6.47841123 -6.25954006 -6.00181646 
1.00000000e-02 -7.02852737 -6.73483241 -6.47841123 -6.25954006 -6.00181646 
8.11130831e-03 -7.02852737 -6.73483241 -6.47841123 -6.25954006 -6.00181646 
6.57933225e-03 -7.02852737 -6.73483241 -6.47841123 -6.25954006 -6.00181646 
5.33669923e-03 -7.02852737 -6.73483241 -6.47841123 -6.25954006 -6.00181646 
4.32876128e-03 -7.02852737 -6.73483241 -6.47841123 -6.25954006 -6.00181646 
3.51119173e-03 -7.02852737 -6.73483241 -6.47841123 -6.25954006 -6.00181646 
2.84803587e-03 -7.02852737 -6.73483241 -6.47841123 -6.25954006 -6.00181646 
2.31012970e-03 -7.02852737 -6.73483241 -6.47841123 -6.25954006 -6.00181646 
1.87381742e-03 -7.02852737 -6.73483241 -6.47841123 -6.25954006 -6.00181646 
1.51991108e-03 -7.02852737 -6.73483241 -6.47841123 -6.25954006 -6.00181646 
1.23284674e-03 -7.02852737 -6.73483241 -6.47841123 -6.25954006 -6.00181646 
1.00000000e-03 -7.02852737 -6.73483241 -6.47841123 -6.25954006 -6.00181646 
8.11130831e-04 -7.02852737 -6.73483241 -6.47841123 -6.25954006 -6.00181646 
6.57933225e-04 -7.02852737 -6.73483241 -6.47841123 -6.25954006 -6.00181646 
5.33669923e-04 -7.02852737 -6.73483241 -6.47841123 -6.25954006 -6.00181646 
4.32876128e-04 -7.02852737 -6.73483241 -6.47841123 -6.25954006 -6.00181646 
3.51119173e-04 -7.02852737 -6.73483241 -6.47841123 -6.25954006 -6.00181646 
2.84803587e-04 -7.02852737 -6.73483241 -6.47841123 -6.25954006 -6.00181646 
2.31012970e-04 -7.02852737 -6.73483241 -6.47841123 -6.25954006 -6.00181646 
1.87381742e-04 -7.02852737 -6.73483241 -6.47841123 -6.25954006 -6.00181646 
1.51991108e-04 -7.02852737 -6.73483241 -6.47841123 -6.25954006 -6.00181646 
1.23284674e-04 -7.02852737 -6.73483241 -6.47841123 -6.25954006 -6.00181646 
1.00000000e-04 -7.02852737 -6.73483241 -6.47841123 -6.25954006 -6.00181646 
8.11130831e-05 -7.02852737 -6.73483241 -6.47841123 -6.25954006 -6.00181646 
6.57933225e-05 -7.02852737 -6.73483241 -6.47841123 -6.25954006 -6.00181646 
5.33669923e-05 -7.02852737 -6.73483241 -6.47841123 -6.25954006 -6.00181646 
4.32876128e-05 -7.02852737 -6.73483241 -6.47841123 -6.25954006 -6.00181646 
3.51119173e-05 -7.02852737 -6.73483241 -6.47841123 -6.25954006 -6.00181646 
2.84803587e-05 -7.02852737 -6.73483241 -6.47841123 -6.25954006 -6.00181646 
2.31012970e-05 -7.02852737 -6.73483241 -6.47841123 -6.25954006 -6.00181646 
1.87381742e-05 -7.02852737 -6.73483241 -6.47841123 -6.25954006 -6.00181646 
1.51991108e-05 -7.02852737 -6.73483241 -6.47841123 -6.25954006 -6.00181646 
1.23284674e-05 -7.02852737 -6.73483241 -6.47841123 -6.25954006 -6.00181646 
1.00000000e-05 -7.02852737 -6.73483241 -6.47841123 -6.25954006 -6.00181646 
8.11130831e-06 -7.02852737 -6.73483241 -6.47841123 -6.25954006 -6.00181646 
6.57933225e-06 -7.02852737 -6.73483241 -6.47841123 -6.25954006 -6.00181646 
5.33669923e-06 -7.02852737 -6.73483241 -6.47841123 -6.25954006 -6.00181646 
4.32876128e-06 -7.02852737 -6.73483241 -6.47841123 -6.25954006 -6.00181646 
3.51119173e-06 -7.02852737 -6.73483241 -6.47841123 -6.25954006 -6.00181646 
2.84803587e-06 -7.02852737 -6.73483241 -6.47841123 -6.25954006 -6.00181646 
2.31012970e-06 -7.02852737 -6.73483241 -6.47841123 -6.25954006 -6.00181646 
1.87381742e-06 -7.02852737 -6.73483241 -6.47841123 -6.25954006 -6.00181646 
1.51991108e-06 -7.02852737 -6.73483241 -6.47841123 -6.25954006 -6.00181646 
1.23284674e-06 -7.02852737 -6.73483241 -6.47841123 -6.25954006 -6.00181646 
1.00000000e-06 -7.02852737 -6.73483241 -6.47841123 -6.25954006 -6.00181646 
8.11130831e-07 -7.02852737 -6.73483241 -6.47841123 -6.25954006 -6.00181646 
6.57933225e-07 -7.02852737 -6.73483241 -6.47841123 -6.25954006 -6.00181646 
5.33669923e-07 -7.02852737 -6.73483241 -6.47841123 -6.25954006 -6.00181646 
4.32876128e-07 -7.02852737 -6.73483241 -6.47841123 -6.25954006 -6.00181646 
3.51119173e-07 -7.02852737 -6.73483241 -6.47841123 -6.25954006 -6.00181646 
2.84803587e-07 -7.02852737 -6.73483241 -6.47841123 -6.25954006 -6.00181646 
2.31012970e-07 -7.02852737 -6.73483241 -6.47841123 -6.25954006 -6.00181646 
1.87381742e-07 -7.02852737 -6.73483241 -6.47841123 -6.25954006 -6.00181646 
1.51991108e-07 -7.02852737 -6.73483241 -6.47841123 -6.25954006 -6.00181646 
1.23284674e-07 -7.02852737 -6.73483241 -6.47841123 -6.25954006 -6.00181646 
1.00000000e-07 -7.02852737 -6.73483241 -6.47841123 -6.25954006 -6.00181646 
P (bar) | log_CO: -2σ | log_CO: -1σ | log_CO: median | log_CO: +1σ | log_CO: +2σ 
1.00000000e+02 -3.42388308 -3.06468928 -2.46898174 -1.97468863 -1.71169120 
8.11130831e+01 -3.42388308 -3.06468928 -2.46898174 -1.97468863 -1.71169120 
6.57933225e+01 -3.42388308 -3.06468928 -2.46898174 -1.97468863 -1.71169120 
5.33669923e+01 -3.42388308 -3.06468928 -2.46898174 -1.97468863 -1.71169120 
4.32876128e+01 -3.42388308 -3.06468928 -2.46898174 -1.97468863 -1.71169120 
3.51119173e+01 -3.42388308 -3.06468928 -2.46898174 -1.97468863 -1.71169120 
2.84803587e+01 -3.42388308 -3.06468928 -2.46898174 -1.97468863 -1.71169120 
2.31012970e+01 -3.42388308 -3.06468928 -2.46898174 -1.97468863 -1.71169120 
1.87381742e+01 -3.42388308 -3.06468928 -2.46898174 -1.97468863 -1.71169120 
1.51991108e+01 -3.42388308 -3.06468928 -2.46898174 -1.97468863 -1.71169120 
1.23284674e+01 -3.42388308 -3.06468928 -2.46898174 -1.97468863 -1.71169120 
1.00000000e+01 -3.42388308 -3.06468928 -2.46898174 -1.97468863 -1.71169120 
8.11130831e+00 -3.42388308 -3.06468928 -2.46898174 -1.97468863 -1.71169120 
6.57933225e+00 -3.42388308 -3.06468928 -2.46898174 -1.97468863 -1.71169120 
5.33669923e+00 -3.42388308 -3.06468928 -2.46898174 -1.97468863 -1.71169120 
4.32876128e+00 -3.42388308 -3.06468928 -2.46898174 -1.97468863 -1.71169120 
3.51119173e+00 -3.42388308 -3.06468928 -2.46898174 -1.97468863 -1.71169120 
2.84803587e+00 -3.42388308 -3.06468928 -2.46898174 -1.97468863 -1.71169120 
2.31012970e+00 -3.42388308 -3.06468928 -2.46898174 -1.97468863 -1.71169120 
1.87381742e+00 -3.42388308 -3.06468928 -2.46898174 -1.97468863 -1.71169120 
1.51991108e+00 -3.42388308 -3.06468928 -2.46898174 -1.97468863 -1.71169120 
1.23284674e+00 -3.42388308 -3.06468928 -2.46898174 -1.97468863 -1.71169120 
1.00000000e+00 -3.42388308 -3.06468928 -2.46898174 -1.97468863 -1.71169120 
8.11130831e-01 -3.42388308 -3.06468928 -2.46898174 -1.97468863 -1.71169120 
6.57933225e-01 -3.42388308 -3.06468928 -2.46898174 -1.97468863 -1.71169120 
5.33669923e-01 -3.42388308 -3.06468928 -2.46898174 -1.97468863 -1.71169120 
4.32876128e-01 -3.42388308 -3.06468928 -2.46898174 -1.97468863 -1.71169120 
3.51119173e-01 -3.42388308 -3.06468928 -2.46898174 -1.97468863 -1.71169120 
2.84803587e-01 -3.42388308 -3.06468928 -2.46898174 -1.97468863 -1.71169120 
2.31012970e-01 -3.42388308 -3.06468928 -2.46898174 -1.97468863 -1.71169120 
1.87381742e-01 -3.42388308 -3.06468928 -2.46898174 -1.97468863 -1.71169120 
1.51991108e-01 -3.42388308 -3.06468928 -2.46898174 -1.97468863 -1.71169120 
1.23284674e-01 -3.42388308 -3.06468928 -2.46898174 -1.97468863 -1.71169120 
1.00000000e-01 -3.42388308 -3.06468928 -2.46898174 -1.97468863 -1.71169120 
8.11130831e-02 -3.42388308 -3.06468928 -2.46898174 -1.97468863 -1.71169120 
6.57933225e-02 -3.42388308 -3.06468928 -2.46898174 -1.97468863 -1.71169120 
5.33669923e-02 -3.42388308 -3.06468928 -2.46898174 -1.97468863 -1.71169120 
4.32876128e-02 -3.42388308 -3.06468928 -2.46898174 -1.97468863 -1.71169120 
3.51119173e-02 -3.42388308 -3.06468928 -2.46898174 -1.97468863 -1.71169120 
2.84803587e-02 -3.42388308 -3.06468928 -2.46898174 -1.97468863 -1.71169120 
2.31012970e-02 -3.42388308 -3.06468928 -2.46898174 -1.97468863 -1.71169120 
1.87381742e-02 -3.42388308 -3.06468928 -2.46898174 -1.97468863 -1.71169120 
1.51991108e-02 -3.42388308 -3.06468928 -2.46898174 -1.97468863 -1.71169120 
1.23284674e-02 -3.42388308 -3.06468928 -2.46898174 -1.97468863 -1.71169120 
1.00000000e-02 -3.42388308 -3.06468928 -2.46898174 -1.97468863 -1.71169120 
8.11130831e-03 -3.42388308 -3.06468928 -2.46898174 -1.97468863 -1.71169120 
6.57933225e-03 -3.42388308 -3.06468928 -2.46898174 -1.97468863 -1.71169120 
5.33669923e-03 -3.42388308 -3.06468928 -2.46898174 -1.97468863 -1.71169120 
4.32876128e-03 -3.42388308 -3.06468928 -2.46898174 -1.97468863 -1.71169120 
3.51119173e-03 -3.42388308 -3.06468928 -2.46898174 -1.97468863 -1.71169120 
2.84803587e-03 -3.42388308 -3.06468928 -2.46898174 -1.97468863 -1.71169120 
2.31012970e-03 -3.42388308 -3.06468928 -2.46898174 -1.97468863 -1.71169120 
1.87381742e-03 -3.42388308 -3.06468928 -2.46898174 -1.97468863 -1.71169120 
1.51991108e-03 -3.42388308 -3.06468928 -2.46898174 -1.97468863 -1.71169120 
1.23284674e-03 -3.42388308 -3.06468928 -2.46898174 -1.97468863 -1.71169120 
1.00000000e-03 -3.42388308 -3.06468928 -2.46898174 -1.97468863 -1.71169120 
8.11130831e-04 -3.42388308 -3.06468928 -2.46898174 -1.97468863 -1.71169120 
6.57933225e-04 -3.42388308 -3.06468928 -2.46898174 -1.97468863 -1.71169120 
5.33669923e-04 -3.42388308 -3.06468928 -2.46898174 -1.97468863 -1.71169120 
4.32876128e-04 -3.42388308 -3.06468928 -2.46898174 -1.97468863 -1.71169120 
3.51119173e-04 -3.42388308 -3.06468928 -2.46898174 -1.97468863 -1.71169120 
2.84803587e-04 -3.42388308 -3.06468928 -2.46898174 -1.97468863 -1.71169120 
2.31012970e-04 -3.42388308 -3.06468928 -2.46898174 -1.97468863 -1.71169120 
1.87381742e-04 -3.42388308 -3.06468928 -2.46898174 -1.97468863 -1.71169120 
1.51991108e-04 -3.42388308 -3.06468928 -2.46898174 -1.97468863 -1.71169120 
1.23284674e-04 -3.42388308 -3.06468928 -2.46898174 -1.97468863 -1.71169120 
1.00000000e-04 -3.42388308 -3.06468928 -2.46898174 -1.97468863 -1.71169120 
8.11130831e-05 -3.42388308 -3.06468928 -2.46898174 -1.97468863 -1.71169120 
6.57933225e-05 -3.42388308 -3.06468928 -2.46898174 -1.97468863 -1.71169120 
5.33669923e-05 -3.42388308 -3.06468928 -2.46898174 -1.97468863 -1.71169120 
4.32876128e-05 -3.42388308 -3.06468928 -2.46898174 -1.97468863 -1.71169120 
3.51119173e-05 -3.42388308 -3.06468928 -2.46898174 -1.97468863 -1.71169120 
2.84803587e-05 -3.42388308 -3.06468928 -2.46898174 -1.97468863 -1.71169120 
2.31012970e-05 -3.42388308 -3.06468928 -2.46898174 -1.97468863 -1.71169120 
1.87381742e-05 -3.42388308 -3.06468928 -2.46898174 -1.97468863 -1.71169120 
1.51991108e-05 -3.42388308 -3.06468928 -2.46898174 -1.97468863 -1.71169120 
1.23284674e-05 -3.42388308 -3.06468928 -2.46898174 -1.97468863 -1.71169120 
1.00000000e-05 -3.42388308 -3.06468928 -2.46898174 -1.97468863 -1.71169120 
8.11130831e-06 -3.42388308 -3.06468928 -2.46898174 -1.97468863 -1.71169120 
6.57933225e-06 -3.42388308 -3.06468928 -2.46898174 -1.97468863 -1.71169120 
5.33669923e-06 -3.42388308 -3.06468928 -2.46898174 -1.97468863 -1.71169120 
4.32876128e-06 -3.42388308 -3.06468928 -2.46898174 -1.97468863 -1.71169120 
3.51119173e-06 -3.42388308 -3.06468928 -2.46898174 -1.97468863 -1.71169120 
2.84803587e-06 -3.42388308 -3.06468928 -2.46898174 -1.97468863 -1.71169120 
2.31012970e-06 -3.42388308 -3.06468928 -2.46898174 -1.97468863 -1.71169120 
1.87381742e-06 -3.42388308 -3.06468928 -2.46898174 -1.97468863 -1.71169120 
1.51991108e-06 -3.42388308 -3.06468928 -2.46898174 -1.97468863 -1.71169120 
1.23284674e-06 -3.42388308 -3.06468928 -2.46898174 -1.97468863 -1.71169120 
1.00000000e-06 -3.42388308 -3.06468928 -2.46898174 -1.97468863 -1.71169120 
8.11130831e-07 -3.42388308 -3.06468928 -2.46898174 -1.97468863 -1.71169120 
6.57933225e-07 -3.42388308 -3.06468928 -2.46898174 -1.97468863 -1.71169120 
5.33669923e-07 -3.42388308 -3.06468928 -2.46898174 -1.97468863 -1.71169120 
4.32876128e-07 -3.42388308 -3.06468928 -2.46898174 -1.97468863 -1.71169120 
3.51119173e-07 -3.42388308 -3.06468928 -2.46898174 -1.97468863 -1.71169120 
2.84803587e-07 -3.42388308 -3.06468928 -2.46898174 -1.97468863 -1.71169120 
2.31012970e-07 -3.42388308 -3.06468928 -2.46898174 -1.97468863 -1.71169120 
1.87381742e-07 -3.42388308 -3.06468928 -2.46898174 -1.97468863 -1.71169120 
1.51991108e-07 -3.42388308 -3.06468928 -2.46898174 -1.97468863 -1.71169120 
1.23284674e-07 -3.42388308 -3.06468928 -2.46898174 -1.97468863 -1.71169120 
1.00000000e-07 -3.42388308 -3.06468928 -2.46898174 -1.97468863 -1.71169120 
