Chemical species: H2 He H2O CO2 SO2 CO Na H2S K CH4
P (bar) | log_H2: -2σ | log_H2: -1σ | log_H2: median | log_H2: +1σ | log_H2: +2σ 
1.00000000e+02 -0.09674054 -0.08721201 -0.07327678 -0.06966898 -0.06908063 
8.11130831e+01 -0.09674054 -0.08721201 -0.07327678 -0.06966898 -0.06908063 
6.57933225e+01 -0.09674054 -0.08721201 -0.07327678 -0.06966898 -0.06908063 
5.33669923e+01 -0.09674054 -0.08721201 -0.07327678 -0.06966898 -0.06908063 
4.32876128e+01 -0.09674054 -0.08721201 -0.07327678 -0.06966898 -0.06908063 
3.51119173e+01 -0.09674054 -0.08721201 -0.07327678 -0.06966898 -0.06908063 
2.84803587e+01 -0.09674054 -0.08721201 -0.07327678 -0.06966898 -0.06908063 
2.31012970e+01 -0.09674054 -0.08721201 -0.07327678 -0.06966898 -0.06908063 
1.87381742e+01 -0.09674054 -0.08721201 -0.07327678 -0.06966898 -0.06908063 
1.51991108e+01 -0.09674054 -0.08721201 -0.07327678 -0.06966898 -0.06908063 
1.23284674e+01 -0.09674054 -0.08721201 -0.07327678 -0.06966898 -0.06908063 
1.00000000e+01 -0.09674054 -0.08721201 -0.07327678 -0.06966898 -0.06908063 
8.11130831e+00 -0.09674054 -0.08721201 -0.07327678 -0.06966898 -0.06908063 
6.57933225e+00 -0.09674054 -0.08721201 -0.07327678 -0.06966898 -0.06908063 
5.33669923e+00 -0.09674054 -0.08721201 -0.07327678 -0.06966898 -0.06908063 
4.32876128e+00 -0.09674054 -0.08721201 -0.07327678 -0.06966898 -0.06908063 
3.51119173e+00 -0.09674054 -0.08721201 -0.07327678 -0.06966898 -0.06908063 
2.84803587e+00 -0.09674054 -0.08721201 -0.07327678 -0.06966898 -0.06908063 
2.31012970e+00 -0.09674054 -0.08721201 -0.07327678 -0.06966898 -0.06908063 
1.87381742e+00 -0.09674054 -0.08721201 -0.07327678 -0.06966898 -0.06908063 
1.51991108e+00 -0.09674054 -0.08721201 -0.07327678 -0.06966898 -0.06908063 
1.23284674e+00 -0.09674054 -0.08721201 -0.07327678 -0.06966898 -0.06908063 
1.00000000e+00 -0.09674054 -0.08721201 -0.07327678 -0.06966898 -0.06908063 
8.11130831e-01 -0.09674054 -0.08721201 -0.07327678 -0.06966898 -0.06908063 
6.57933225e-01 -0.09674054 -0.08721201 -0.07327678 -0.06966898 -0.06908063 
5.33669923e-01 -0.09674054 -0.08721201 -0.07327678 -0.06966898 -0.06908063 
4.32876128e-01 -0.09674054 -0.08721201 -0.07327678 -0.06966898 -0.06908063 
3.51119173e-01 -0.09674054 -0.08721201 -0.07327678 -0.06966898 -0.06908063 
2.84803587e-01 -0.09674054 -0.08721201 -0.07327678 -0.06966898 -0.06908063 
2.31012970e-01 -0.09674054 -0.08721201 -0.07327678 -0.06966898 -0.06908063 
1.87381742e-01 -0.09674054 -0.08721201 -0.07327678 -0.06966898 -0.06908063 
1.51991108e-01 -0.09674054 -0.08721201 -0.07327678 -0.06966898 -0.06908063 
1.23284674e-01 -0.09674054 -0.08721201 -0.07327678 -0.06966898 -0.06908063 
1.00000000e-01 -0.09674054 -0.08721201 -0.07327678 -0.06966898 -0.06908063 
8.11130831e-02 -0.09674054 -0.08721201 -0.07327678 -0.06966898 -0.06908063 
6.57933225e-02 -0.09674054 -0.08721201 -0.07327678 -0.06966898 -0.06908063 
5.33669923e-02 -0.09674054 -0.08721201 -0.07327678 -0.06966898 -0.06908063 
4.32876128e-02 -0.09674054 -0.08721201 -0.07327678 -0.06966898 -0.06908063 
3.51119173e-02 -0.09674054 -0.08721201 -0.07327678 -0.06966898 -0.06908063 
2.84803587e-02 -0.09674054 -0.08721201 -0.07327678 -0.06966898 -0.06908063 
2.31012970e-02 -0.09674054 -0.08721201 -0.07327678 -0.06966898 -0.06908063 
1.87381742e-02 -0.09674054 -0.08721201 -0.07327678 -0.06966898 -0.06908063 
1.51991108e-02 -0.09674054 -0.08721201 -0.07327678 -0.06966898 -0.06908063 
1.23284674e-02 -0.09674054 -0.08721201 -0.07327678 -0.06966898 -0.06908063 
1.00000000e-02 -0.09674054 -0.08721201 -0.07327678 -0.06966898 -0.06908063 
8.11130831e-03 -0.09674054 -0.08721201 -0.07327678 -0.06966898 -0.06908063 
6.57933225e-03 -0.09674054 -0.08721201 -0.07327678 -0.06966898 -0.06908063 
5.33669923e-03 -0.09674054 -0.08721201 -0.07327678 -0.06966898 -0.06908063 
4.32876128e-03 -0.09674054 -0.08721201 -0.07327678 -0.06966898 -0.06908063 
3.51119173e-03 -0.09674054 -0.08721201 -0.07327678 -0.06966898 -0.06908063 
2.84803587e-03 -0.09674054 -0.08721201 -0.07327678 -0.06966898 -0.06908063 
2.31012970e-03 -0.09674054 -0.08721201 -0.07327678 -0.06966898 -0.06908063 
1.87381742e-03 -0.09674054 -0.08721201 -0.07327678 -0.06966898 -0.06908063 
1.51991108e-03 -0.09674054 -0.08721201 -0.07327678 -0.06966898 -0.06908063 
1.23284674e-03 -0.09674054 -0.08721201 -0.07327678 -0.06966898 -0.06908063 
1.00000000e-03 -0.09674054 -0.08721201 -0.07327678 -0.06966898 -0.06908063 
8.11130831e-04 -0.09674054 -0.08721201 -0.07327678 -0.06966898 -0.06908063 
6.57933225e-04 -0.09674054 -0.08721201 -0.07327678 -0.06966898 -0.06908063 
5.33669923e-04 -0.09674054 -0.08721201 -0.07327678 -0.06966898 -0.06908063 
4.32876128e-04 -0.09674054 -0.08721201 -0.07327678 -0.06966898 -0.06908063 
3.51119173e-04 -0.09674054 -0.08721201 -0.07327678 -0.06966898 -0.06908063 
2.84803587e-04 -0.09674054 -0.08721201 -0.07327678 -0.06966898 -0.06908063 
2.31012970e-04 -0.09674054 -0.08721201 -0.07327678 -0.06966898 -0.06908063 
1.87381742e-04 -0.09674054 -0.08721201 -0.07327678 -0.06966898 -0.06908063 
1.51991108e-04 -0.09674054 -0.08721201 -0.07327678 -0.06966898 -0.06908063 
1.23284674e-04 -0.09674054 -0.08721201 -0.07327678 -0.06966898 -0.06908063 
1.00000000e-04 -0.09674054 -0.08721201 -0.07327678 -0.06966898 -0.06908063 
8.11130831e-05 -0.09674054 -0.08721201 -0.07327678 -0.06966898 -0.06908063 
6.57933225e-05 -0.09674054 -0.08721201 -0.07327678 -0.06966898 -0.06908063 
5.33669923e-05 -0.09674054 -0.08721201 -0.07327678 -0.06966898 -0.06908063 
4.32876128e-05 -0.09674054 -0.08721201 -0.07327678 -0.06966898 -0.06908063 
3.51119173e-05 -0.09674054 -0.08721201 -0.07327678 -0.06966898 -0.06908063 
2.84803587e-05 -0.09674054 -0.08721201 -0.07327678 -0.06966898 -0.06908063 
2.31012970e-05 -0.09674054 -0.08721201 -0.07327678 -0.06966898 -0.06908063 
1.87381742e-05 -0.09674054 -0.08721201 -0.07327678 -0.06966898 -0.06908063 
1.51991108e-05 -0.09674054 -0.08721201 -0.07327678 -0.06966898 -0.06908063 
1.23284674e-05 -0.09674054 -0.08721201 -0.07327678 -0.06966898 -0.06908063 
1.00000000e-05 -0.09674054 -0.08721201 -0.07327678 -0.06966898 -0.06908063 
8.11130831e-06 -0.09674054 -0.08721201 -0.07327678 -0.06966898 -0.06908063 
6.57933225e-06 -0.09674054 -0.08721201 -0.07327678 -0.06966898 -0.06908063 
5.33669923e-06 -0.09674054 -0.08721201 -0.07327678 -0.06966898 -0.06908063 
4.32876128e-06 -0.09674054 -0.08721201 -0.07327678 -0.06966898 -0.06908063 
3.51119173e-06 -0.09674054 -0.08721201 -0.07327678 -0.06966898 -0.06908063 
2.84803587e-06 -0.09674054 -0.08721201 -0.07327678 -0.06966898 -0.06908063 
2.31012970e-06 -0.09674054 -0.08721201 -0.07327678 -0.06966898 -0.06908063 
1.87381742e-06 -0.09674054 -0.08721201 -0.07327678 -0.06966898 -0.06908063 
1.51991108e-06 -0.09674054 -0.08721201 -0.07327678 -0.06966898 -0.06908063 
1.23284674e-06 -0.09674054 -0.08721201 -0.07327678 -0.06966898 -0.06908063 
1.00000000e-06 -0.09674054 -0.08721201 -0.07327678 -0.06966898 -0.06908063 
8.11130831e-07 -0.09674054 -0.08721201 -0.07327678 -0.06966898 -0.06908063 
6.57933225e-07 -0.09674054 -0.08721201 -0.07327678 -0.06966898 -0.06908063 
5.33669923e-07 -0.09674054 -0.08721201 -0.07327678 -0.06966898 -0.06908063 
4.32876128e-07 -0.09674054 -0.08721201 -0.07327678 -0.06966898 -0.06908063 
3.51119173e-07 -0.09674054 -0.08721201 -0.07327678 -0.06966898 -0.06908063 
2.84803587e-07 -0.09674054 -0.08721201 -0.07327678 -0.06966898 -0.06908063 
2.31012970e-07 -0.09674054 -0.08721201 -0.07327678 -0.06966898 -0.06908063 
1.87381742e-07 -0.09674054 -0.08721201 -0.07327678 -0.06966898 -0.06908063 
1.51991108e-07 -0.09674054 -0.08721201 -0.07327678 -0.06966898 -0.06908063 
1.23284674e-07 -0.09674054 -0.08721201 -0.07327678 -0.06966898 -0.06908063 
1.00000000e-07 -0.09674054 -0.08721201 -0.07327678 -0.06966898 -0.06908063 
P (bar) | log_He: -2σ | log_He: -1σ | log_He: median | log_He: +1σ | log_He: +2σ 
1.00000000e+02 -0.86629162 -0.85676309 -0.84282786 -0.83922006 -0.83863171 
8.11130831e+01 -0.86629162 -0.85676309 -0.84282786 -0.83922006 -0.83863171 
6.57933225e+01 -0.86629162 -0.85676309 -0.84282786 -0.83922006 -0.83863171 
5.33669923e+01 -0.86629162 -0.85676309 -0.84282786 -0.83922006 -0.83863171 
4.32876128e+01 -0.86629162 -0.85676309 -0.84282786 -0.83922006 -0.83863171 
3.51119173e+01 -0.86629162 -0.85676309 -0.84282786 -0.83922006 -0.83863171 
2.84803587e+01 -0.86629162 -0.85676309 -0.84282786 -0.83922006 -0.83863171 
2.31012970e+01 -0.86629162 -0.85676309 -0.84282786 -0.83922006 -0.83863171 
1.87381742e+01 -0.86629162 -0.85676309 -0.84282786 -0.83922006 -0.83863171 
1.51991108e+01 -0.86629162 -0.85676309 -0.84282786 -0.83922006 -0.83863171 
1.23284674e+01 -0.86629162 -0.85676309 -0.84282786 -0.83922006 -0.83863171 
1.00000000e+01 -0.86629162 -0.85676309 -0.84282786 -0.83922006 -0.83863171 
8.11130831e+00 -0.86629162 -0.85676309 -0.84282786 -0.83922006 -0.83863171 
6.57933225e+00 -0.86629162 -0.85676309 -0.84282786 -0.83922006 -0.83863171 
5.33669923e+00 -0.86629162 -0.85676309 -0.84282786 -0.83922006 -0.83863171 
4.32876128e+00 -0.86629162 -0.85676309 -0.84282786 -0.83922006 -0.83863171 
3.51119173e+00 -0.86629162 -0.85676309 -0.84282786 -0.83922006 -0.83863171 
2.84803587e+00 -0.86629162 -0.85676309 -0.84282786 -0.83922006 -0.83863171 
2.31012970e+00 -0.86629162 -0.85676309 -0.84282786 -0.83922006 -0.83863171 
1.87381742e+00 -0.86629162 -0.85676309 -0.84282786 -0.83922006 -0.83863171 
1.51991108e+00 -0.86629162 -0.85676309 -0.84282786 -0.83922006 -0.83863171 
1.23284674e+00 -0.86629162 -0.85676309 -0.84282786 -0.83922006 -0.83863171 
1.00000000e+00 -0.86629162 -0.85676309 -0.84282786 -0.83922006 -0.83863171 
8.11130831e-01 -0.86629162 -0.85676309 -0.84282786 -0.83922006 -0.83863171 
6.57933225e-01 -0.86629162 -0.85676309 -0.84282786 -0.83922006 -0.83863171 
5.33669923e-01 -0.86629162 -0.85676309 -0.84282786 -0.83922006 -0.83863171 
4.32876128e-01 -0.86629162 -0.85676309 -0.84282786 -0.83922006 -0.83863171 
3.51119173e-01 -0.86629162 -0.85676309 -0.84282786 -0.83922006 -0.83863171 
2.84803587e-01 -0.86629162 -0.85676309 -0.84282786 -0.83922006 -0.83863171 
2.31012970e-01 -0.86629162 -0.85676309 -0.84282786 -0.83922006 -0.83863171 
1.87381742e-01 -0.86629162 -0.85676309 -0.84282786 -0.83922006 -0.83863171 
1.51991108e-01 -0.86629162 -0.85676309 -0.84282786 -0.83922006 -0.83863171 
1.23284674e-01 -0.86629162 -0.85676309 -0.84282786 -0.83922006 -0.83863171 
1.00000000e-01 -0.86629162 -0.85676309 -0.84282786 -0.83922006 -0.83863171 
8.11130831e-02 -0.86629162 -0.85676309 -0.84282786 -0.83922006 -0.83863171 
6.57933225e-02 -0.86629162 -0.85676309 -0.84282786 -0.83922006 -0.83863171 
5.33669923e-02 -0.86629162 -0.85676309 -0.84282786 -0.83922006 -0.83863171 
4.32876128e-02 -0.86629162 -0.85676309 -0.84282786 -0.83922006 -0.83863171 
3.51119173e-02 -0.86629162 -0.85676309 -0.84282786 -0.83922006 -0.83863171 
2.84803587e-02 -0.86629162 -0.85676309 -0.84282786 -0.83922006 -0.83863171 
2.31012970e-02 -0.86629162 -0.85676309 -0.84282786 -0.83922006 -0.83863171 
1.87381742e-02 -0.86629162 -0.85676309 -0.84282786 -0.83922006 -0.83863171 
1.51991108e-02 -0.86629162 -0.85676309 -0.84282786 -0.83922006 -0.83863171 
1.23284674e-02 -0.86629162 -0.85676309 -0.84282786 -0.83922006 -0.83863171 
1.00000000e-02 -0.86629162 -0.85676309 -0.84282786 -0.83922006 -0.83863171 
8.11130831e-03 -0.86629162 -0.85676309 -0.84282786 -0.83922006 -0.83863171 
6.57933225e-03 -0.86629162 -0.85676309 -0.84282786 -0.83922006 -0.83863171 
5.33669923e-03 -0.86629162 -0.85676309 -0.84282786 -0.83922006 -0.83863171 
4.32876128e-03 -0.86629162 -0.85676309 -0.84282786 -0.83922006 -0.83863171 
3.51119173e-03 -0.86629162 -0.85676309 -0.84282786 -0.83922006 -0.83863171 
2.84803587e-03 -0.86629162 -0.85676309 -0.84282786 -0.83922006 -0.83863171 
2.31012970e-03 -0.86629162 -0.85676309 -0.84282786 -0.83922006 -0.83863171 
1.87381742e-03 -0.86629162 -0.85676309 -0.84282786 -0.83922006 -0.83863171 
1.51991108e-03 -0.86629162 -0.85676309 -0.84282786 -0.83922006 -0.83863171 
1.23284674e-03 -0.86629162 -0.85676309 -0.84282786 -0.83922006 -0.83863171 
1.00000000e-03 -0.86629162 -0.85676309 -0.84282786 -0.83922006 -0.83863171 
8.11130831e-04 -0.86629162 -0.85676309 -0.84282786 -0.83922006 -0.83863171 
6.57933225e-04 -0.86629162 -0.85676309 -0.84282786 -0.83922006 -0.83863171 
5.33669923e-04 -0.86629162 -0.85676309 -0.84282786 -0.83922006 -0.83863171 
4.32876128e-04 -0.86629162 -0.85676309 -0.84282786 -0.83922006 -0.83863171 
3.51119173e-04 -0.86629162 -0.85676309 -0.84282786 -0.83922006 -0.83863171 
2.84803587e-04 -0.86629162 -0.85676309 -0.84282786 -0.83922006 -0.83863171 
2.31012970e-04 -0.86629162 -0.85676309 -0.84282786 -0.83922006 -0.83863171 
1.87381742e-04 -0.86629162 -0.85676309 -0.84282786 -0.83922006 -0.83863171 
1.51991108e-04 -0.86629162 -0.85676309 -0.84282786 -0.83922006 -0.83863171 
1.23284674e-04 -0.86629162 -0.85676309 -0.84282786 -0.83922006 -0.83863171 
1.00000000e-04 -0.86629162 -0.85676309 -0.84282786 -0.83922006 -0.83863171 
8.11130831e-05 -0.86629162 -0.85676309 -0.84282786 -0.83922006 -0.83863171 
6.57933225e-05 -0.86629162 -0.85676309 -0.84282786 -0.83922006 -0.83863171 
5.33669923e-05 -0.86629162 -0.85676309 -0.84282786 -0.83922006 -0.83863171 
4.32876128e-05 -0.86629162 -0.85676309 -0.84282786 -0.83922006 -0.83863171 
3.51119173e-05 -0.86629162 -0.85676309 -0.84282786 -0.83922006 -0.83863171 
2.84803587e-05 -0.86629162 -0.85676309 -0.84282786 -0.83922006 -0.83863171 
2.31012970e-05 -0.86629162 -0.85676309 -0.84282786 -0.83922006 -0.83863171 
1.87381742e-05 -0.86629162 -0.85676309 -0.84282786 -0.83922006 -0.83863171 
1.51991108e-05 -0.86629162 -0.85676309 -0.84282786 -0.83922006 -0.83863171 
1.23284674e-05 -0.86629162 -0.85676309 -0.84282786 -0.83922006 -0.83863171 
1.00000000e-05 -0.86629162 -0.85676309 -0.84282786 -0.83922006 -0.83863171 
8.11130831e-06 -0.86629162 -0.85676309 -0.84282786 -0.83922006 -0.83863171 
6.57933225e-06 -0.86629162 -0.85676309 -0.84282786 -0.83922006 -0.83863171 
5.33669923e-06 -0.86629162 -0.85676309 -0.84282786 -0.83922006 -0.83863171 
4.32876128e-06 -0.86629162 -0.85676309 -0.84282786 -0.83922006 -0.83863171 
3.51119173e-06 -0.86629162 -0.85676309 -0.84282786 -0.83922006 -0.83863171 
2.84803587e-06 -0.86629162 -0.85676309 -0.84282786 -0.83922006 -0.83863171 
2.31012970e-06 -0.86629162 -0.85676309 -0.84282786 -0.83922006 -0.83863171 
1.87381742e-06 -0.86629162 -0.85676309 -0.84282786 -0.83922006 -0.83863171 
1.51991108e-06 -0.86629162 -0.85676309 -0.84282786 -0.83922006 -0.83863171 
1.23284674e-06 -0.86629162 -0.85676309 -0.84282786 -0.83922006 -0.83863171 
1.00000000e-06 -0.86629162 -0.85676309 -0.84282786 -0.83922006 -0.83863171 
8.11130831e-07 -0.86629162 -0.85676309 -0.84282786 -0.83922006 -0.83863171 
6.57933225e-07 -0.86629162 -0.85676309 -0.84282786 -0.83922006 -0.83863171 
5.33669923e-07 -0.86629162 -0.85676309 -0.84282786 -0.83922006 -0.83863171 
4.32876128e-07 -0.86629162 -0.85676309 -0.84282786 -0.83922006 -0.83863171 
3.51119173e-07 -0.86629162 -0.85676309 -0.84282786 -0.83922006 -0.83863171 
2.84803587e-07 -0.86629162 -0.85676309 -0.84282786 -0.83922006 -0.83863171 
2.31012970e-07 -0.86629162 -0.85676309 -0.84282786 -0.83922006 -0.83863171 
1.87381742e-07 -0.86629162 -0.85676309 -0.84282786 -0.83922006 -0.83863171 
1.51991108e-07 -0.86629162 -0.85676309 -0.84282786 -0.83922006 -0.83863171 
1.23284674e-07 -0.86629162 -0.85676309 -0.84282786 -0.83922006 -0.83863171 
1.00000000e-07 -0.86629162 -0.85676309 -0.84282786 -0.83922006 -0.83863171 
P (bar) | log_H2O: -2σ | log_H2O: -1σ | log_H2O: median | log_H2O: +1σ | log_H2O: +2σ 
1.00000000e+02 -3.03009199 -2.87435693 -2.53054649 -2.10410029 -1.93937189 
8.11130831e+01 -3.03009199 -2.87435693 -2.53054649 -2.10410029 -1.93937189 
6.57933225e+01 -3.03009199 -2.87435693 -2.53054649 -2.10410029 -1.93937189 
5.33669923e+01 -3.03009199 -2.87435693 -2.53054649 -2.10410029 -1.93937189 
4.32876128e+01 -3.03009199 -2.87435693 -2.53054649 -2.10410029 -1.93937189 
3.51119173e+01 -3.03009199 -2.87435693 -2.53054649 -2.10410029 -1.93937189 
2.84803587e+01 -3.03009199 -2.87435693 -2.53054649 -2.10410029 -1.93937189 
2.31012970e+01 -3.03009199 -2.87435693 -2.53054649 -2.10410029 -1.93937189 
1.87381742e+01 -3.03009199 -2.87435693 -2.53054649 -2.10410029 -1.93937189 
1.51991108e+01 -3.03009199 -2.87435693 -2.53054649 -2.10410029 -1.93937189 
1.23284674e+01 -3.03009199 -2.87435693 -2.53054649 -2.10410029 -1.93937189 
1.00000000e+01 -3.03009199 -2.87435693 -2.53054649 -2.10410029 -1.93937189 
8.11130831e+00 -3.03009199 -2.87435693 -2.53054649 -2.10410029 -1.93937189 
6.57933225e+00 -3.03009199 -2.87435693 -2.53054649 -2.10410029 -1.93937189 
5.33669923e+00 -3.03009199 -2.87435693 -2.53054649 -2.10410029 -1.93937189 
4.32876128e+00 -3.03009199 -2.87435693 -2.53054649 -2.10410029 -1.93937189 
3.51119173e+00 -3.03009199 -2.87435693 -2.53054649 -2.10410029 -1.93937189 
2.84803587e+00 -3.03009199 -2.87435693 -2.53054649 -2.10410029 -1.93937189 
2.31012970e+00 -3.03009199 -2.87435693 -2.53054649 -2.10410029 -1.93937189 
1.87381742e+00 -3.03009199 -2.87435693 -2.53054649 -2.10410029 -1.93937189 
1.51991108e+00 -3.03009199 -2.87435693 -2.53054649 -2.10410029 -1.93937189 
1.23284674e+00 -3.03009199 -2.87435693 -2.53054649 -2.10410029 -1.93937189 
1.00000000e+00 -3.03009199 -2.87435693 -2.53054649 -2.10410029 -1.93937189 
8.11130831e-01 -3.03009199 -2.87435693 -2.53054649 -2.10410029 -1.93937189 
6.57933225e-01 -3.03009199 -2.87435693 -2.53054649 -2.10410029 -1.93937189 
5.33669923e-01 -3.03009199 -2.87435693 -2.53054649 -2.10410029 -1.93937189 
4.32876128e-01 -3.03009199 -2.87435693 -2.53054649 -2.10410029 -1.93937189 
3.51119173e-01 -3.03009199 -2.87435693 -2.53054649 -2.10410029 -1.93937189 
2.84803587e-01 -3.03009199 -2.87435693 -2.53054649 -2.10410029 -1.93937189 
2.31012970e-01 -3.03009199 -2.87435693 -2.53054649 -2.10410029 -1.93937189 
1.87381742e-01 -3.03009199 -2.87435693 -2.53054649 -2.10410029 -1.93937189 
1.51991108e-01 -3.03009199 -2.87435693 -2.53054649 -2.10410029 -1.93937189 
1.23284674e-01 -3.03009199 -2.87435693 -2.53054649 -2.10410029 -1.93937189 
1.00000000e-01 -3.03009199 -2.87435693 -2.53054649 -2.10410029 -1.93937189 
8.11130831e-02 -3.03009199 -2.87435693 -2.53054649 -2.10410029 -1.93937189 
6.57933225e-02 -3.03009199 -2.87435693 -2.53054649 -2.10410029 -1.93937189 
5.33669923e-02 -3.03009199 -2.87435693 -2.53054649 -2.10410029 -1.93937189 
4.32876128e-02 -3.03009199 -2.87435693 -2.53054649 -2.10410029 -1.93937189 
3.51119173e-02 -3.03009199 -2.87435693 -2.53054649 -2.10410029 -1.93937189 
2.84803587e-02 -3.03009199 -2.87435693 -2.53054649 -2.10410029 -1.93937189 
2.31012970e-02 -3.03009199 -2.87435693 -2.53054649 -2.10410029 -1.93937189 
1.87381742e-02 -3.03009199 -2.87435693 -2.53054649 -2.10410029 -1.93937189 
1.51991108e-02 -3.03009199 -2.87435693 -2.53054649 -2.10410029 -1.93937189 
1.23284674e-02 -3.03009199 -2.87435693 -2.53054649 -2.10410029 -1.93937189 
1.00000000e-02 -3.03009199 -2.87435693 -2.53054649 -2.10410029 -1.93937189 
8.11130831e-03 -3.03009199 -2.87435693 -2.53054649 -2.10410029 -1.93937189 
6.57933225e-03 -3.03009199 -2.87435693 -2.53054649 -2.10410029 -1.93937189 
5.33669923e-03 -3.03009199 -2.87435693 -2.53054649 -2.10410029 -1.93937189 
4.32876128e-03 -3.03009199 -2.87435693 -2.53054649 -2.10410029 -1.93937189 
3.51119173e-03 -3.03009199 -2.87435693 -2.53054649 -2.10410029 -1.93937189 
2.84803587e-03 -3.03009199 -2.87435693 -2.53054649 -2.10410029 -1.93937189 
2.31012970e-03 -3.03009199 -2.87435693 -2.53054649 -2.10410029 -1.93937189 
1.87381742e-03 -3.03009199 -2.87435693 -2.53054649 -2.10410029 -1.93937189 
1.51991108e-03 -3.03009199 -2.87435693 -2.53054649 -2.10410029 -1.93937189 
1.23284674e-03 -3.03009199 -2.87435693 -2.53054649 -2.10410029 -1.93937189 
1.00000000e-03 -3.03009199 -2.87435693 -2.53054649 -2.10410029 -1.93937189 
8.11130831e-04 -3.03009199 -2.87435693 -2.53054649 -2.10410029 -1.93937189 
6.57933225e-04 -3.03009199 -2.87435693 -2.53054649 -2.10410029 -1.93937189 
5.33669923e-04 -3.03009199 -2.87435693 -2.53054649 -2.10410029 -1.93937189 
4.32876128e-04 -3.03009199 -2.87435693 -2.53054649 -2.10410029 -1.93937189 
3.51119173e-04 -3.03009199 -2.87435693 -2.53054649 -2.10410029 -1.93937189 
2.84803587e-04 -3.03009199 -2.87435693 -2.53054649 -2.10410029 -1.93937189 
2.31012970e-04 -3.03009199 -2.87435693 -2.53054649 -2.10410029 -1.93937189 
1.87381742e-04 -3.03009199 -2.87435693 -2.53054649 -2.10410029 -1.93937189 
1.51991108e-04 -3.03009199 -2.87435693 -2.53054649 -2.10410029 -1.93937189 
1.23284674e-04 -3.03009199 -2.87435693 -2.53054649 -2.10410029 -1.93937189 
1.00000000e-04 -3.03009199 -2.87435693 -2.53054649 -2.10410029 -1.93937189 
8.11130831e-05 -3.03009199 -2.87435693 -2.53054649 -2.10410029 -1.93937189 
6.57933225e-05 -3.03009199 -2.87435693 -2.53054649 -2.10410029 -1.93937189 
5.33669923e-05 -3.03009199 -2.87435693 -2.53054649 -2.10410029 -1.93937189 
4.32876128e-05 -3.03009199 -2.87435693 -2.53054649 -2.10410029 -1.93937189 
3.51119173e-05 -3.03009199 -2.87435693 -2.53054649 -2.10410029 -1.93937189 
2.84803587e-05 -3.03009199 -2.87435693 -2.53054649 -2.10410029 -1.93937189 
2.31012970e-05 -3.03009199 -2.87435693 -2.53054649 -2.10410029 -1.93937189 
1.87381742e-05 -3.03009199 -2.87435693 -2.53054649 -2.10410029 -1.93937189 
1.51991108e-05 -3.03009199 -2.87435693 -2.53054649 -2.10410029 -1.93937189 
1.23284674e-05 -3.03009199 -2.87435693 -2.53054649 -2.10410029 -1.93937189 
1.00000000e-05 -3.03009199 -2.87435693 -2.53054649 -2.10410029 -1.93937189 
8.11130831e-06 -3.03009199 -2.87435693 -2.53054649 -2.10410029 -1.93937189 
6.57933225e-06 -3.03009199 -2.87435693 -2.53054649 -2.10410029 -1.93937189 
5.33669923e-06 -3.03009199 -2.87435693 -2.53054649 -2.10410029 -1.93937189 
4.32876128e-06 -3.03009199 -2.87435693 -2.53054649 -2.10410029 -1.93937189 
3.51119173e-06 -3.03009199 -2.87435693 -2.53054649 -2.10410029 -1.93937189 
2.84803587e-06 -3.03009199 -2.87435693 -2.53054649 -2.10410029 -1.93937189 
2.31012970e-06 -3.03009199 -2.87435693 -2.53054649 -2.10410029 -1.93937189 
1.87381742e-06 -3.03009199 -2.87435693 -2.53054649 -2.10410029 -1.93937189 
1.51991108e-06 -3.03009199 -2.87435693 -2.53054649 -2.10410029 -1.93937189 
1.23284674e-06 -3.03009199 -2.87435693 -2.53054649 -2.10410029 -1.93937189 
1.00000000e-06 -3.03009199 -2.87435693 -2.53054649 -2.10410029 -1.93937189 
8.11130831e-07 -3.03009199 -2.87435693 -2.53054649 -2.10410029 -1.93937189 
6.57933225e-07 -3.03009199 -2.87435693 -2.53054649 -2.10410029 -1.93937189 
5.33669923e-07 -3.03009199 -2.87435693 -2.53054649 -2.10410029 -1.93937189 
4.32876128e-07 -3.03009199 -2.87435693 -2.53054649 -2.10410029 -1.93937189 
3.51119173e-07 -3.03009199 -2.87435693 -2.53054649 -2.10410029 -1.93937189 
2.84803587e-07 -3.03009199 -2.87435693 -2.53054649 -2.10410029 -1.93937189 
2.31012970e-07 -3.03009199 -2.87435693 -2.53054649 -2.10410029 -1.93937189 
1.87381742e-07 -3.03009199 -2.87435693 -2.53054649 -2.10410029 -1.93937189 
1.51991108e-07 -3.03009199 -2.87435693 -2.53054649 -2.10410029 -1.93937189 
1.23284674e-07 -3.03009199 -2.87435693 -2.53054649 -2.10410029 -1.93937189 
1.00000000e-07 -3.03009199 -2.87435693 -2.53054649 -2.10410029 -1.93937189 
P (bar) | log_CO2: -2σ | log_CO2: -1σ | log_CO2: median | log_CO2: +1σ | log_CO2: +2σ 
1.00000000e+02 -4.90943030 -4.73661621 -4.33968022 -3.77147394 -3.49859746 
8.11130831e+01 -4.90943030 -4.73661621 -4.33968022 -3.77147394 -3.49859746 
6.57933225e+01 -4.90943030 -4.73661621 -4.33968022 -3.77147394 -3.49859746 
5.33669923e+01 -4.90943030 -4.73661621 -4.33968022 -3.77147394 -3.49859746 
4.32876128e+01 -4.90943030 -4.73661621 -4.33968022 -3.77147394 -3.49859746 
3.51119173e+01 -4.90943030 -4.73661621 -4.33968022 -3.77147394 -3.49859746 
2.84803587e+01 -4.90943030 -4.73661621 -4.33968022 -3.77147394 -3.49859746 
2.31012970e+01 -4.90943030 -4.73661621 -4.33968022 -3.77147394 -3.49859746 
1.87381742e+01 -4.90943030 -4.73661621 -4.33968022 -3.77147394 -3.49859746 
1.51991108e+01 -4.90943030 -4.73661621 -4.33968022 -3.77147394 -3.49859746 
1.23284674e+01 -4.90943030 -4.73661621 -4.33968022 -3.77147394 -3.49859746 
1.00000000e+01 -4.90943030 -4.73661621 -4.33968022 -3.77147394 -3.49859746 
8.11130831e+00 -4.90943030 -4.73661621 -4.33968022 -3.77147394 -3.49859746 
6.57933225e+00 -4.90943030 -4.73661621 -4.33968022 -3.77147394 -3.49859746 
5.33669923e+00 -4.90943030 -4.73661621 -4.33968022 -3.77147394 -3.49859746 
4.32876128e+00 -4.90943030 -4.73661621 -4.33968022 -3.77147394 -3.49859746 
3.51119173e+00 -4.90943030 -4.73661621 -4.33968022 -3.77147394 -3.49859746 
2.84803587e+00 -4.90943030 -4.73661621 -4.33968022 -3.77147394 -3.49859746 
2.31012970e+00 -4.90943030 -4.73661621 -4.33968022 -3.77147394 -3.49859746 
1.87381742e+00 -4.90943030 -4.73661621 -4.33968022 -3.77147394 -3.49859746 
1.51991108e+00 -4.90943030 -4.73661621 -4.33968022 -3.77147394 -3.49859746 
1.23284674e+00 -4.90943030 -4.73661621 -4.33968022 -3.77147394 -3.49859746 
1.00000000e+00 -4.90943030 -4.73661621 -4.33968022 -3.77147394 -3.49859746 
8.11130831e-01 -4.90943030 -4.73661621 -4.33968022 -3.77147394 -3.49859746 
6.57933225e-01 -4.90943030 -4.73661621 -4.33968022 -3.77147394 -3.49859746 
5.33669923e-01 -4.90943030 -4.73661621 -4.33968022 -3.77147394 -3.49859746 
4.32876128e-01 -4.90943030 -4.73661621 -4.33968022 -3.77147394 -3.49859746 
3.51119173e-01 -4.90943030 -4.73661621 -4.33968022 -3.77147394 -3.49859746 
2.84803587e-01 -4.90943030 -4.73661621 -4.33968022 -3.77147394 -3.49859746 
2.31012970e-01 -4.90943030 -4.73661621 -4.33968022 -3.77147394 -3.49859746 
1.87381742e-01 -4.90943030 -4.73661621 -4.33968022 -3.77147394 -3.49859746 
1.51991108e-01 -4.90943030 -4.73661621 -4.33968022 -3.77147394 -3.49859746 
1.23284674e-01 -4.90943030 -4.73661621 -4.33968022 -3.77147394 -3.49859746 
1.00000000e-01 -4.90943030 -4.73661621 -4.33968022 -3.77147394 -3.49859746 
8.11130831e-02 -4.90943030 -4.73661621 -4.33968022 -3.77147394 -3.49859746 
6.57933225e-02 -4.90943030 -4.73661621 -4.33968022 -3.77147394 -3.49859746 
5.33669923e-02 -4.90943030 -4.73661621 -4.33968022 -3.77147394 -3.49859746 
4.32876128e-02 -4.90943030 -4.73661621 -4.33968022 -3.77147394 -3.49859746 
3.51119173e-02 -4.90943030 -4.73661621 -4.33968022 -3.77147394 -3.49859746 
2.84803587e-02 -4.90943030 -4.73661621 -4.33968022 -3.77147394 -3.49859746 
2.31012970e-02 -4.90943030 -4.73661621 -4.33968022 -3.77147394 -3.49859746 
1.87381742e-02 -4.90943030 -4.73661621 -4.33968022 -3.77147394 -3.49859746 
1.51991108e-02 -4.90943030 -4.73661621 -4.33968022 -3.77147394 -3.49859746 
1.23284674e-02 -4.90943030 -4.73661621 -4.33968022 -3.77147394 -3.49859746 
1.00000000e-02 -4.90943030 -4.73661621 -4.33968022 -3.77147394 -3.49859746 
8.11130831e-03 -4.90943030 -4.73661621 -4.33968022 -3.77147394 -3.49859746 
6.57933225e-03 -4.90943030 -4.73661621 -4.33968022 -3.77147394 -3.49859746 
5.33669923e-03 -4.90943030 -4.73661621 -4.33968022 -3.77147394 -3.49859746 
4.32876128e-03 -4.90943030 -4.73661621 -4.33968022 -3.77147394 -3.49859746 
3.51119173e-03 -4.90943030 -4.73661621 -4.33968022 -3.77147394 -3.49859746 
2.84803587e-03 -4.90943030 -4.73661621 -4.33968022 -3.77147394 -3.49859746 
2.31012970e-03 -4.90943030 -4.73661621 -4.33968022 -3.77147394 -3.49859746 
1.87381742e-03 -4.90943030 -4.73661621 -4.33968022 -3.77147394 -3.49859746 
1.51991108e-03 -4.90943030 -4.73661621 -4.33968022 -3.77147394 -3.49859746 
1.23284674e-03 -4.90943030 -4.73661621 -4.33968022 -3.77147394 -3.49859746 
1.00000000e-03 -4.90943030 -4.73661621 -4.33968022 -3.77147394 -3.49859746 
8.11130831e-04 -4.90943030 -4.73661621 -4.33968022 -3.77147394 -3.49859746 
6.57933225e-04 -4.90943030 -4.73661621 -4.33968022 -3.77147394 -3.49859746 
5.33669923e-04 -4.90943030 -4.73661621 -4.33968022 -3.77147394 -3.49859746 
4.32876128e-04 -4.90943030 -4.73661621 -4.33968022 -3.77147394 -3.49859746 
3.51119173e-04 -4.90943030 -4.73661621 -4.33968022 -3.77147394 -3.49859746 
2.84803587e-04 -4.90943030 -4.73661621 -4.33968022 -3.77147394 -3.49859746 
2.31012970e-04 -4.90943030 -4.73661621 -4.33968022 -3.77147394 -3.49859746 
1.87381742e-04 -4.90943030 -4.73661621 -4.33968022 -3.77147394 -3.49859746 
1.51991108e-04 -4.90943030 -4.73661621 -4.33968022 -3.77147394 -3.49859746 
1.23284674e-04 -4.90943030 -4.73661621 -4.33968022 -3.77147394 -3.49859746 
1.00000000e-04 -4.90943030 -4.73661621 -4.33968022 -3.77147394 -3.49859746 
8.11130831e-05 -4.90943030 -4.73661621 -4.33968022 -3.77147394 -3.49859746 
6.57933225e-05 -4.90943030 -4.73661621 -4.33968022 -3.77147394 -3.49859746 
5.33669923e-05 -4.90943030 -4.73661621 -4.33968022 -3.77147394 -3.49859746 
4.32876128e-05 -4.90943030 -4.73661621 -4.33968022 -3.77147394 -3.49859746 
3.51119173e-05 -4.90943030 -4.73661621 -4.33968022 -3.77147394 -3.49859746 
2.84803587e-05 -4.90943030 -4.73661621 -4.33968022 -3.77147394 -3.49859746 
2.31012970e-05 -4.90943030 -4.73661621 -4.33968022 -3.77147394 -3.49859746 
1.87381742e-05 -4.90943030 -4.73661621 -4.33968022 -3.77147394 -3.49859746 
1.51991108e-05 -4.90943030 -4.73661621 -4.33968022 -3.77147394 -3.49859746 
1.23284674e-05 -4.90943030 -4.73661621 -4.33968022 -3.77147394 -3.49859746 
1.00000000e-05 -4.90943030 -4.73661621 -4.33968022 -3.77147394 -3.49859746 
8.11130831e-06 -4.90943030 -4.73661621 -4.33968022 -3.77147394 -3.49859746 
6.57933225e-06 -4.90943030 -4.73661621 -4.33968022 -3.77147394 -3.49859746 
5.33669923e-06 -4.90943030 -4.73661621 -4.33968022 -3.77147394 -3.49859746 
4.32876128e-06 -4.90943030 -4.73661621 -4.33968022 -3.77147394 -3.49859746 
3.51119173e-06 -4.90943030 -4.73661621 -4.33968022 -3.77147394 -3.49859746 
2.84803587e-06 -4.90943030 -4.73661621 -4.33968022 -3.77147394 -3.49859746 
2.31012970e-06 -4.90943030 -4.73661621 -4.33968022 -3.77147394 -3.49859746 
1.87381742e-06 -4.90943030 -4.73661621 -4.33968022 -3.77147394 -3.49859746 
1.51991108e-06 -4.90943030 -4.73661621 -4.33968022 -3.77147394 -3.49859746 
1.23284674e-06 -4.90943030 -4.73661621 -4.33968022 -3.77147394 -3.49859746 
1.00000000e-06 -4.90943030 -4.73661621 -4.33968022 -3.77147394 -3.49859746 
8.11130831e-07 -4.90943030 -4.73661621 -4.33968022 -3.77147394 -3.49859746 
6.57933225e-07 -4.90943030 -4.73661621 -4.33968022 -3.77147394 -3.49859746 
5.33669923e-07 -4.90943030 -4.73661621 -4.33968022 -3.77147394 -3.49859746 
4.32876128e-07 -4.90943030 -4.73661621 -4.33968022 -3.77147394 -3.49859746 
3.51119173e-07 -4.90943030 -4.73661621 -4.33968022 -3.77147394 -3.49859746 
2.84803587e-07 -4.90943030 -4.73661621 -4.33968022 -3.77147394 -3.49859746 
2.31012970e-07 -4.90943030 -4.73661621 -4.33968022 -3.77147394 -3.49859746 
1.87381742e-07 -4.90943030 -4.73661621 -4.33968022 -3.77147394 -3.49859746 
1.51991108e-07 -4.90943030 -4.73661621 -4.33968022 -3.77147394 -3.49859746 
1.23284674e-07 -4.90943030 -4.73661621 -4.33968022 -3.77147394 -3.49859746 
1.00000000e-07 -4.90943030 -4.73661621 -4.33968022 -3.77147394 -3.49859746 
P (bar) | log_SO2: -2σ | log_SO2: -1σ | log_SO2: median | log_SO2: +1σ | log_SO2: +2σ 
1.00000000e+02 -5.70776487 -5.53691698 -5.29845113 -4.99579077 -4.80584249 
8.11130831e+01 -5.70776487 -5.53691698 -5.29845113 -4.99579077 -4.80584249 
6.57933225e+01 -5.70776487 -5.53691698 -5.29845113 -4.99579077 -4.80584249 
5.33669923e+01 -5.70776487 -5.53691698 -5.29845113 -4.99579077 -4.80584249 
4.32876128e+01 -5.70776487 -5.53691698 -5.29845113 -4.99579077 -4.80584249 
3.51119173e+01 -5.70776487 -5.53691698 -5.29845113 -4.99579077 -4.80584249 
2.84803587e+01 -5.70776487 -5.53691698 -5.29845113 -4.99579077 -4.80584249 
2.31012970e+01 -5.70776487 -5.53691698 -5.29845113 -4.99579077 -4.80584249 
1.87381742e+01 -5.70776487 -5.53691698 -5.29845113 -4.99579077 -4.80584249 
1.51991108e+01 -5.70776487 -5.53691698 -5.29845113 -4.99579077 -4.80584249 
1.23284674e+01 -5.70776487 -5.53691698 -5.29845113 -4.99579077 -4.80584249 
1.00000000e+01 -5.70776487 -5.53691698 -5.29845113 -4.99579077 -4.80584249 
8.11130831e+00 -5.70776487 -5.53691698 -5.29845113 -4.99579077 -4.80584249 
6.57933225e+00 -5.70776487 -5.53691698 -5.29845113 -4.99579077 -4.80584249 
5.33669923e+00 -5.70776487 -5.53691698 -5.29845113 -4.99579077 -4.80584249 
4.32876128e+00 -5.70776487 -5.53691698 -5.29845113 -4.99579077 -4.80584249 
3.51119173e+00 -5.70776487 -5.53691698 -5.29845113 -4.99579077 -4.80584249 
2.84803587e+00 -5.70776487 -5.53691698 -5.29845113 -4.99579077 -4.80584249 
2.31012970e+00 -5.70776487 -5.53691698 -5.29845113 -4.99579077 -4.80584249 
1.87381742e+00 -5.70776487 -5.53691698 -5.29845113 -4.99579077 -4.80584249 
1.51991108e+00 -5.70776487 -5.53691698 -5.29845113 -4.99579077 -4.80584249 
1.23284674e+00 -5.70776487 -5.53691698 -5.29845113 -4.99579077 -4.80584249 
1.00000000e+00 -5.70776487 -5.53691698 -5.29845113 -4.99579077 -4.80584249 
8.11130831e-01 -5.70776487 -5.53691698 -5.29845113 -4.99579077 -4.80584249 
6.57933225e-01 -5.70776487 -5.53691698 -5.29845113 -4.99579077 -4.80584249 
5.33669923e-01 -5.70776487 -5.53691698 -5.29845113 -4.99579077 -4.80584249 
4.32876128e-01 -5.70776487 -5.53691698 -5.29845113 -4.99579077 -4.80584249 
3.51119173e-01 -5.70776487 -5.53691698 -5.29845113 -4.99579077 -4.80584249 
2.84803587e-01 -5.70776487 -5.53691698 -5.29845113 -4.99579077 -4.80584249 
2.31012970e-01 -5.70776487 -5.53691698 -5.29845113 -4.99579077 -4.80584249 
1.87381742e-01 -5.70776487 -5.53691698 -5.29845113 -4.99579077 -4.80584249 
1.51991108e-01 -5.70776487 -5.53691698 -5.29845113 -4.99579077 -4.80584249 
1.23284674e-01 -5.70776487 -5.53691698 -5.29845113 -4.99579077 -4.80584249 
1.00000000e-01 -5.70776487 -5.53691698 -5.29845113 -4.99579077 -4.80584249 
8.11130831e-02 -5.70776487 -5.53691698 -5.29845113 -4.99579077 -4.80584249 
6.57933225e-02 -5.70776487 -5.53691698 -5.29845113 -4.99579077 -4.80584249 
5.33669923e-02 -5.70776487 -5.53691698 -5.29845113 -4.99579077 -4.80584249 
4.32876128e-02 -5.70776487 -5.53691698 -5.29845113 -4.99579077 -4.80584249 
3.51119173e-02 -5.70776487 -5.53691698 -5.29845113 -4.99579077 -4.80584249 
2.84803587e-02 -5.70776487 -5.53691698 -5.29845113 -4.99579077 -4.80584249 
2.31012970e-02 -5.70776487 -5.53691698 -5.29845113 -4.99579077 -4.80584249 
1.87381742e-02 -5.70776487 -5.53691698 -5.29845113 -4.99579077 -4.80584249 
1.51991108e-02 -5.70776487 -5.53691698 -5.29845113 -4.99579077 -4.80584249 
1.23284674e-02 -5.70776487 -5.53691698 -5.29845113 -4.99579077 -4.80584249 
1.00000000e-02 -5.70776487 -5.53691698 -5.29845113 -4.99579077 -4.80584249 
8.11130831e-03 -5.70776487 -5.53691698 -5.29845113 -4.99579077 -4.80584249 
6.57933225e-03 -5.70776487 -5.53691698 -5.29845113 -4.99579077 -4.80584249 
5.33669923e-03 -5.70776487 -5.53691698 -5.29845113 -4.99579077 -4.80584249 
4.32876128e-03 -5.70776487 -5.53691698 -5.29845113 -4.99579077 -4.80584249 
3.51119173e-03 -5.70776487 -5.53691698 -5.29845113 -4.99579077 -4.80584249 
2.84803587e-03 -5.70776487 -5.53691698 -5.29845113 -4.99579077 -4.80584249 
2.31012970e-03 -5.70776487 -5.53691698 -5.29845113 -4.99579077 -4.80584249 
1.87381742e-03 -5.70776487 -5.53691698 -5.29845113 -4.99579077 -4.80584249 
1.51991108e-03 -5.70776487 -5.53691698 -5.29845113 -4.99579077 -4.80584249 
1.23284674e-03 -5.70776487 -5.53691698 -5.29845113 -4.99579077 -4.80584249 
1.00000000e-03 -5.70776487 -5.53691698 -5.29845113 -4.99579077 -4.80584249 
8.11130831e-04 -5.70776487 -5.53691698 -5.29845113 -4.99579077 -4.80584249 
6.57933225e-04 -5.70776487 -5.53691698 -5.29845113 -4.99579077 -4.80584249 
5.33669923e-04 -5.70776487 -5.53691698 -5.29845113 -4.99579077 -4.80584249 
4.32876128e-04 -5.70776487 -5.53691698 -5.29845113 -4.99579077 -4.80584249 
3.51119173e-04 -5.70776487 -5.53691698 -5.29845113 -4.99579077 -4.80584249 
2.84803587e-04 -5.70776487 -5.53691698 -5.29845113 -4.99579077 -4.80584249 
2.31012970e-04 -5.70776487 -5.53691698 -5.29845113 -4.99579077 -4.80584249 
1.87381742e-04 -5.70776487 -5.53691698 -5.29845113 -4.99579077 -4.80584249 
1.51991108e-04 -5.70776487 -5.53691698 -5.29845113 -4.99579077 -4.80584249 
1.23284674e-04 -5.70776487 -5.53691698 -5.29845113 -4.99579077 -4.80584249 
1.00000000e-04 -5.70776487 -5.53691698 -5.29845113 -4.99579077 -4.80584249 
8.11130831e-05 -5.70776487 -5.53691698 -5.29845113 -4.99579077 -4.80584249 
6.57933225e-05 -5.70776487 -5.53691698 -5.29845113 -4.99579077 -4.80584249 
5.33669923e-05 -5.70776487 -5.53691698 -5.29845113 -4.99579077 -4.80584249 
4.32876128e-05 -5.70776487 -5.53691698 -5.29845113 -4.99579077 -4.80584249 
3.51119173e-05 -5.70776487 -5.53691698 -5.29845113 -4.99579077 -4.80584249 
2.84803587e-05 -5.70776487 -5.53691698 -5.29845113 -4.99579077 -4.80584249 
2.31012970e-05 -5.70776487 -5.53691698 -5.29845113 -4.99579077 -4.80584249 
1.87381742e-05 -5.70776487 -5.53691698 -5.29845113 -4.99579077 -4.80584249 
1.51991108e-05 -5.70776487 -5.53691698 -5.29845113 -4.99579077 -4.80584249 
1.23284674e-05 -5.70776487 -5.53691698 -5.29845113 -4.99579077 -4.80584249 
1.00000000e-05 -5.70776487 -5.53691698 -5.29845113 -4.99579077 -4.80584249 
8.11130831e-06 -5.70776487 -5.53691698 -5.29845113 -4.99579077 -4.80584249 
6.57933225e-06 -5.70776487 -5.53691698 -5.29845113 -4.99579077 -4.80584249 
5.33669923e-06 -5.70776487 -5.53691698 -5.29845113 -4.99579077 -4.80584249 
4.32876128e-06 -5.70776487 -5.53691698 -5.29845113 -4.99579077 -4.80584249 
3.51119173e-06 -5.70776487 -5.53691698 -5.29845113 -4.99579077 -4.80584249 
2.84803587e-06 -5.70776487 -5.53691698 -5.29845113 -4.99579077 -4.80584249 
2.31012970e-06 -5.70776487 -5.53691698 -5.29845113 -4.99579077 -4.80584249 
1.87381742e-06 -5.70776487 -5.53691698 -5.29845113 -4.99579077 -4.80584249 
1.51991108e-06 -5.70776487 -5.53691698 -5.29845113 -4.99579077 -4.80584249 
1.23284674e-06 -5.70776487 -5.53691698 -5.29845113 -4.99579077 -4.80584249 
1.00000000e-06 -5.70776487 -5.53691698 -5.29845113 -4.99579077 -4.80584249 
8.11130831e-07 -5.70776487 -5.53691698 -5.29845113 -4.99579077 -4.80584249 
6.57933225e-07 -5.70776487 -5.53691698 -5.29845113 -4.99579077 -4.80584249 
5.33669923e-07 -5.70776487 -5.53691698 -5.29845113 -4.99579077 -4.80584249 
4.32876128e-07 -5.70776487 -5.53691698 -5.29845113 -4.99579077 -4.80584249 
3.51119173e-07 -5.70776487 -5.53691698 -5.29845113 -4.99579077 -4.80584249 
2.84803587e-07 -5.70776487 -5.53691698 -5.29845113 -4.99579077 -4.80584249 
2.31012970e-07 -5.70776487 -5.53691698 -5.29845113 -4.99579077 -4.80584249 
1.87381742e-07 -5.70776487 -5.53691698 -5.29845113 -4.99579077 -4.80584249 
1.51991108e-07 -5.70776487 -5.53691698 -5.29845113 -4.99579077 -4.80584249 
1.23284674e-07 -5.70776487 -5.53691698 -5.29845113 -4.99579077 -4.80584249 
1.00000000e-07 -5.70776487 -5.53691698 -5.29845113 -4.99579077 -4.80584249 
P (bar) | log_CO: -2σ | log_CO: -1σ | log_CO: median | log_CO: +1σ | log_CO: +2σ 
1.00000000e+02 -3.02367609 -2.71498585 -2.08590568 -1.46308468 -1.29786457 
8.11130831e+01 -3.02367609 -2.71498585 -2.08590568 -1.46308468 -1.29786457 
6.57933225e+01 -3.02367609 -2.71498585 -2.08590568 -1.46308468 -1.29786457 
5.33669923e+01 -3.02367609 -2.71498585 -2.08590568 -1.46308468 -1.29786457 
4.32876128e+01 -3.02367609 -2.71498585 -2.08590568 -1.46308468 -1.29786457 
3.51119173e+01 -3.02367609 -2.71498585 -2.08590568 -1.46308468 -1.29786457 
2.84803587e+01 -3.02367609 -2.71498585 -2.08590568 -1.46308468 -1.29786457 
2.31012970e+01 -3.02367609 -2.71498585 -2.08590568 -1.46308468 -1.29786457 
1.87381742e+01 -3.02367609 -2.71498585 -2.08590568 -1.46308468 -1.29786457 
1.51991108e+01 -3.02367609 -2.71498585 -2.08590568 -1.46308468 -1.29786457 
1.23284674e+01 -3.02367609 -2.71498585 -2.08590568 -1.46308468 -1.29786457 
1.00000000e+01 -3.02367609 -2.71498585 -2.08590568 -1.46308468 -1.29786457 
8.11130831e+00 -3.02367609 -2.71498585 -2.08590568 -1.46308468 -1.29786457 
6.57933225e+00 -3.02367609 -2.71498585 -2.08590568 -1.46308468 -1.29786457 
5.33669923e+00 -3.02367609 -2.71498585 -2.08590568 -1.46308468 -1.29786457 
4.32876128e+00 -3.02367609 -2.71498585 -2.08590568 -1.46308468 -1.29786457 
3.51119173e+00 -3.02367609 -2.71498585 -2.08590568 -1.46308468 -1.29786457 
2.84803587e+00 -3.02367609 -2.71498585 -2.08590568 -1.46308468 -1.29786457 
2.31012970e+00 -3.02367609 -2.71498585 -2.08590568 -1.46308468 -1.29786457 
1.87381742e+00 -3.02367609 -2.71498585 -2.08590568 -1.46308468 -1.29786457 
1.51991108e+00 -3.02367609 -2.71498585 -2.08590568 -1.46308468 -1.29786457 
1.23284674e+00 -3.02367609 -2.71498585 -2.08590568 -1.46308468 -1.29786457 
1.00000000e+00 -3.02367609 -2.71498585 -2.08590568 -1.46308468 -1.29786457 
8.11130831e-01 -3.02367609 -2.71498585 -2.08590568 -1.46308468 -1.29786457 
6.57933225e-01 -3.02367609 -2.71498585 -2.08590568 -1.46308468 -1.29786457 
5.33669923e-01 -3.02367609 -2.71498585 -2.08590568 -1.46308468 -1.29786457 
4.32876128e-01 -3.02367609 -2.71498585 -2.08590568 -1.46308468 -1.29786457 
3.51119173e-01 -3.02367609 -2.71498585 -2.08590568 -1.46308468 -1.29786457 
2.84803587e-01 -3.02367609 -2.71498585 -2.08590568 -1.46308468 -1.29786457 
2.31012970e-01 -3.02367609 -2.71498585 -2.08590568 -1.46308468 -1.29786457 
1.87381742e-01 -3.02367609 -2.71498585 -2.08590568 -1.46308468 -1.29786457 
1.51991108e-01 -3.02367609 -2.71498585 -2.08590568 -1.46308468 -1.29786457 
1.23284674e-01 -3.02367609 -2.71498585 -2.08590568 -1.46308468 -1.29786457 
1.00000000e-01 -3.02367609 -2.71498585 -2.08590568 -1.46308468 -1.29786457 
8.11130831e-02 -3.02367609 -2.71498585 -2.08590568 -1.46308468 -1.29786457 
6.57933225e-02 -3.02367609 -2.71498585 -2.08590568 -1.46308468 -1.29786457 
5.33669923e-02 -3.02367609 -2.71498585 -2.08590568 -1.46308468 -1.29786457 
4.32876128e-02 -3.02367609 -2.71498585 -2.08590568 -1.46308468 -1.29786457 
3.51119173e-02 -3.02367609 -2.71498585 -2.08590568 -1.46308468 -1.29786457 
2.84803587e-02 -3.02367609 -2.71498585 -2.08590568 -1.46308468 -1.29786457 
2.31012970e-02 -3.02367609 -2.71498585 -2.08590568 -1.46308468 -1.29786457 
1.87381742e-02 -3.02367609 -2.71498585 -2.08590568 -1.46308468 -1.29786457 
1.51991108e-02 -3.02367609 -2.71498585 -2.08590568 -1.46308468 -1.29786457 
1.23284674e-02 -3.02367609 -2.71498585 -2.08590568 -1.46308468 -1.29786457 
1.00000000e-02 -3.02367609 -2.71498585 -2.08590568 -1.46308468 -1.29786457 
8.11130831e-03 -3.02367609 -2.71498585 -2.08590568 -1.46308468 -1.29786457 
6.57933225e-03 -3.02367609 -2.71498585 -2.08590568 -1.46308468 -1.29786457 
5.33669923e-03 -3.02367609 -2.71498585 -2.08590568 -1.46308468 -1.29786457 
4.32876128e-03 -3.02367609 -2.71498585 -2.08590568 -1.46308468 -1.29786457 
3.51119173e-03 -3.02367609 -2.71498585 -2.08590568 -1.46308468 -1.29786457 
2.84803587e-03 -3.02367609 -2.71498585 -2.08590568 -1.46308468 -1.29786457 
2.31012970e-03 -3.02367609 -2.71498585 -2.08590568 -1.46308468 -1.29786457 
1.87381742e-03 -3.02367609 -2.71498585 -2.08590568 -1.46308468 -1.29786457 
1.51991108e-03 -3.02367609 -2.71498585 -2.08590568 -1.46308468 -1.29786457 
1.23284674e-03 -3.02367609 -2.71498585 -2.08590568 -1.46308468 -1.29786457 
1.00000000e-03 -3.02367609 -2.71498585 -2.08590568 -1.46308468 -1.29786457 
8.11130831e-04 -3.02367609 -2.71498585 -2.08590568 -1.46308468 -1.29786457 
6.57933225e-04 -3.02367609 -2.71498585 -2.08590568 -1.46308468 -1.29786457 
5.33669923e-04 -3.02367609 -2.71498585 -2.08590568 -1.46308468 -1.29786457 
4.32876128e-04 -3.02367609 -2.71498585 -2.08590568 -1.46308468 -1.29786457 
3.51119173e-04 -3.02367609 -2.71498585 -2.08590568 -1.46308468 -1.29786457 
2.84803587e-04 -3.02367609 -2.71498585 -2.08590568 -1.46308468 -1.29786457 
2.31012970e-04 -3.02367609 -2.71498585 -2.08590568 -1.46308468 -1.29786457 
1.87381742e-04 -3.02367609 -2.71498585 -2.08590568 -1.46308468 -1.29786457 
1.51991108e-04 -3.02367609 -2.71498585 -2.08590568 -1.46308468 -1.29786457 
1.23284674e-04 -3.02367609 -2.71498585 -2.08590568 -1.46308468 -1.29786457 
1.00000000e-04 -3.02367609 -2.71498585 -2.08590568 -1.46308468 -1.29786457 
8.11130831e-05 -3.02367609 -2.71498585 -2.08590568 -1.46308468 -1.29786457 
6.57933225e-05 -3.02367609 -2.71498585 -2.08590568 -1.46308468 -1.29786457 
5.33669923e-05 -3.02367609 -2.71498585 -2.08590568 -1.46308468 -1.29786457 
4.32876128e-05 -3.02367609 -2.71498585 -2.08590568 -1.46308468 -1.29786457 
3.51119173e-05 -3.02367609 -2.71498585 -2.08590568 -1.46308468 -1.29786457 
2.84803587e-05 -3.02367609 -2.71498585 -2.08590568 -1.46308468 -1.29786457 
2.31012970e-05 -3.02367609 -2.71498585 -2.08590568 -1.46308468 -1.29786457 
1.87381742e-05 -3.02367609 -2.71498585 -2.08590568 -1.46308468 -1.29786457 
1.51991108e-05 -3.02367609 -2.71498585 -2.08590568 -1.46308468 -1.29786457 
1.23284674e-05 -3.02367609 -2.71498585 -2.08590568 -1.46308468 -1.29786457 
1.00000000e-05 -3.02367609 -2.71498585 -2.08590568 -1.46308468 -1.29786457 
8.11130831e-06 -3.02367609 -2.71498585 -2.08590568 -1.46308468 -1.29786457 
6.57933225e-06 -3.02367609 -2.71498585 -2.08590568 -1.46308468 -1.29786457 
5.33669923e-06 -3.02367609 -2.71498585 -2.08590568 -1.46308468 -1.29786457 
4.32876128e-06 -3.02367609 -2.71498585 -2.08590568 -1.46308468 -1.29786457 
3.51119173e-06 -3.02367609 -2.71498585 -2.08590568 -1.46308468 -1.29786457 
2.84803587e-06 -3.02367609 -2.71498585 -2.08590568 -1.46308468 -1.29786457 
2.31012970e-06 -3.02367609 -2.71498585 -2.08590568 -1.46308468 -1.29786457 
1.87381742e-06 -3.02367609 -2.71498585 -2.08590568 -1.46308468 -1.29786457 
1.51991108e-06 -3.02367609 -2.71498585 -2.08590568 -1.46308468 -1.29786457 
1.23284674e-06 -3.02367609 -2.71498585 -2.08590568 -1.46308468 -1.29786457 
1.00000000e-06 -3.02367609 -2.71498585 -2.08590568 -1.46308468 -1.29786457 
8.11130831e-07 -3.02367609 -2.71498585 -2.08590568 -1.46308468 -1.29786457 
6.57933225e-07 -3.02367609 -2.71498585 -2.08590568 -1.46308468 -1.29786457 
5.33669923e-07 -3.02367609 -2.71498585 -2.08590568 -1.46308468 -1.29786457 
4.32876128e-07 -3.02367609 -2.71498585 -2.08590568 -1.46308468 -1.29786457 
3.51119173e-07 -3.02367609 -2.71498585 -2.08590568 -1.46308468 -1.29786457 
2.84803587e-07 -3.02367609 -2.71498585 -2.08590568 -1.46308468 -1.29786457 
2.31012970e-07 -3.02367609 -2.71498585 -2.08590568 -1.46308468 -1.29786457 
1.87381742e-07 -3.02367609 -2.71498585 -2.08590568 -1.46308468 -1.29786457 
1.51991108e-07 -3.02367609 -2.71498585 -2.08590568 -1.46308468 -1.29786457 
1.23284674e-07 -3.02367609 -2.71498585 -2.08590568 -1.46308468 -1.29786457 
1.00000000e-07 -3.02367609 -2.71498585 -2.08590568 -1.46308468 -1.29786457 
P (bar) | log_Na: -2σ | log_Na: -1σ | log_Na: median | log_Na: +1σ | log_Na: +2σ 
1.00000000e+02 -4.99374438 -4.95432114 -4.63188788 -4.05024753 -3.79270901 
8.11130831e+01 -4.99374438 -4.95432114 -4.63188788 -4.05024753 -3.79270901 
6.57933225e+01 -4.99374438 -4.95432114 -4.63188788 -4.05024753 -3.79270901 
5.33669923e+01 -4.99374438 -4.95432114 -4.63188788 -4.05024753 -3.79270901 
4.32876128e+01 -4.99374438 -4.95432114 -4.63188788 -4.05024753 -3.79270901 
3.51119173e+01 -4.99374438 -4.95432114 -4.63188788 -4.05024753 -3.79270901 
2.84803587e+01 -4.99374438 -4.95432114 -4.63188788 -4.05024753 -3.79270901 
2.31012970e+01 -4.99374438 -4.95432114 -4.63188788 -4.05024753 -3.79270901 
1.87381742e+01 -4.99374438 -4.95432114 -4.63188788 -4.05024753 -3.79270901 
1.51991108e+01 -4.99374438 -4.95432114 -4.63188788 -4.05024753 -3.79270901 
1.23284674e+01 -4.99374438 -4.95432114 -4.63188788 -4.05024753 -3.79270901 
1.00000000e+01 -4.99374438 -4.95432114 -4.63188788 -4.05024753 -3.79270901 
8.11130831e+00 -4.99374438 -4.95432114 -4.63188788 -4.05024753 -3.79270901 
6.57933225e+00 -4.99374438 -4.95432114 -4.63188788 -4.05024753 -3.79270901 
5.33669923e+00 -4.99374438 -4.95432114 -4.63188788 -4.05024753 -3.79270901 
4.32876128e+00 -4.99374438 -4.95432114 -4.63188788 -4.05024753 -3.79270901 
3.51119173e+00 -4.99374438 -4.95432114 -4.63188788 -4.05024753 -3.79270901 
2.84803587e+00 -4.99374438 -4.95432114 -4.63188788 -4.05024753 -3.79270901 
2.31012970e+00 -4.99374438 -4.95432114 -4.63188788 -4.05024753 -3.79270901 
1.87381742e+00 -4.99374438 -4.95432114 -4.63188788 -4.05024753 -3.79270901 
1.51991108e+00 -4.99374438 -4.95432114 -4.63188788 -4.05024753 -3.79270901 
1.23284674e+00 -4.99374438 -4.95432114 -4.63188788 -4.05024753 -3.79270901 
1.00000000e+00 -4.99374438 -4.95432114 -4.63188788 -4.05024753 -3.79270901 
8.11130831e-01 -4.99374438 -4.95432114 -4.63188788 -4.05024753 -3.79270901 
6.57933225e-01 -4.99374438 -4.95432114 -4.63188788 -4.05024753 -3.79270901 
5.33669923e-01 -4.99374438 -4.95432114 -4.63188788 -4.05024753 -3.79270901 
4.32876128e-01 -4.99374438 -4.95432114 -4.63188788 -4.05024753 -3.79270901 
3.51119173e-01 -4.99374438 -4.95432114 -4.63188788 -4.05024753 -3.79270901 
2.84803587e-01 -4.99374438 -4.95432114 -4.63188788 -4.05024753 -3.79270901 
2.31012970e-01 -4.99374438 -4.95432114 -4.63188788 -4.05024753 -3.79270901 
1.87381742e-01 -4.99374438 -4.95432114 -4.63188788 -4.05024753 -3.79270901 
1.51991108e-01 -4.99374438 -4.95432114 -4.63188788 -4.05024753 -3.79270901 
1.23284674e-01 -4.99374438 -4.95432114 -4.63188788 -4.05024753 -3.79270901 
1.00000000e-01 -4.99374438 -4.95432114 -4.63188788 -4.05024753 -3.79270901 
8.11130831e-02 -4.99374438 -4.95432114 -4.63188788 -4.05024753 -3.79270901 
6.57933225e-02 -4.99374438 -4.95432114 -4.63188788 -4.05024753 -3.79270901 
5.33669923e-02 -4.99374438 -4.95432114 -4.63188788 -4.05024753 -3.79270901 
4.32876128e-02 -4.99374438 -4.95432114 -4.63188788 -4.05024753 -3.79270901 
3.51119173e-02 -4.99374438 -4.95432114 -4.63188788 -4.05024753 -3.79270901 
2.84803587e-02 -4.99374438 -4.95432114 -4.63188788 -4.05024753 -3.79270901 
2.31012970e-02 -4.99374438 -4.95432114 -4.63188788 -4.05024753 -3.79270901 
1.87381742e-02 -4.99374438 -4.95432114 -4.63188788 -4.05024753 -3.79270901 
1.51991108e-02 -4.99374438 -4.95432114 -4.63188788 -4.05024753 -3.79270901 
1.23284674e-02 -4.99374438 -4.95432114 -4.63188788 -4.05024753 -3.79270901 
1.00000000e-02 -4.99374438 -4.95432114 -4.63188788 -4.05024753 -3.79270901 
8.11130831e-03 -4.99374438 -4.95432114 -4.63188788 -4.05024753 -3.79270901 
6.57933225e-03 -4.99374438 -4.95432114 -4.63188788 -4.05024753 -3.79270901 
5.33669923e-03 -4.99374438 -4.95432114 -4.63188788 -4.05024753 -3.79270901 
4.32876128e-03 -4.99374438 -4.95432114 -4.63188788 -4.05024753 -3.79270901 
3.51119173e-03 -4.99374438 -4.95432114 -4.63188788 -4.05024753 -3.79270901 
2.84803587e-03 -4.99374438 -4.95432114 -4.63188788 -4.05024753 -3.79270901 
2.31012970e-03 -4.99374438 -4.95432114 -4.63188788 -4.05024753 -3.79270901 
1.87381742e-03 -4.99374438 -4.95432114 -4.63188788 -4.05024753 -3.79270901 
1.51991108e-03 -4.99374438 -4.95432114 -4.63188788 -4.05024753 -3.79270901 
1.23284674e-03 -4.99374438 -4.95432114 -4.63188788 -4.05024753 -3.79270901 
1.00000000e-03 -4.99374438 -4.95432114 -4.63188788 -4.05024753 -3.79270901 
8.11130831e-04 -4.99374438 -4.95432114 -4.63188788 -4.05024753 -3.79270901 
6.57933225e-04 -4.99374438 -4.95432114 -4.63188788 -4.05024753 -3.79270901 
5.33669923e-04 -4.99374438 -4.95432114 -4.63188788 -4.05024753 -3.79270901 
4.32876128e-04 -4.99374438 -4.95432114 -4.63188788 -4.05024753 -3.79270901 
3.51119173e-04 -4.99374438 -4.95432114 -4.63188788 -4.05024753 -3.79270901 
2.84803587e-04 -4.99374438 -4.95432114 -4.63188788 -4.05024753 -3.79270901 
2.31012970e-04 -4.99374438 -4.95432114 -4.63188788 -4.05024753 -3.79270901 
1.87381742e-04 -4.99374438 -4.95432114 -4.63188788 -4.05024753 -3.79270901 
1.51991108e-04 -4.99374438 -4.95432114 -4.63188788 -4.05024753 -3.79270901 
1.23284674e-04 -4.99374438 -4.95432114 -4.63188788 -4.05024753 -3.79270901 
1.00000000e-04 -4.99374438 -4.95432114 -4.63188788 -4.05024753 -3.79270901 
8.11130831e-05 -4.99374438 -4.95432114 -4.63188788 -4.05024753 -3.79270901 
6.57933225e-05 -4.99374438 -4.95432114 -4.63188788 -4.05024753 -3.79270901 
5.33669923e-05 -4.99374438 -4.95432114 -4.63188788 -4.05024753 -3.79270901 
4.32876128e-05 -4.99374438 -4.95432114 -4.63188788 -4.05024753 -3.79270901 
3.51119173e-05 -4.99374438 -4.95432114 -4.63188788 -4.05024753 -3.79270901 
2.84803587e-05 -4.99374438 -4.95432114 -4.63188788 -4.05024753 -3.79270901 
2.31012970e-05 -4.99374438 -4.95432114 -4.63188788 -4.05024753 -3.79270901 
1.87381742e-05 -4.99374438 -4.95432114 -4.63188788 -4.05024753 -3.79270901 
1.51991108e-05 -4.99374438 -4.95432114 -4.63188788 -4.05024753 -3.79270901 
1.23284674e-05 -4.99374438 -4.95432114 -4.63188788 -4.05024753 -3.79270901 
1.00000000e-05 -4.99374438 -4.95432114 -4.63188788 -4.05024753 -3.79270901 
8.11130831e-06 -4.99374438 -4.95432114 -4.63188788 -4.05024753 -3.79270901 
6.57933225e-06 -4.99374438 -4.95432114 -4.63188788 -4.05024753 -3.79270901 
5.33669923e-06 -4.99374438 -4.95432114 -4.63188788 -4.05024753 -3.79270901 
4.32876128e-06 -4.99374438 -4.95432114 -4.63188788 -4.05024753 -3.79270901 
3.51119173e-06 -4.99374438 -4.95432114 -4.63188788 -4.05024753 -3.79270901 
2.84803587e-06 -4.99374438 -4.95432114 -4.63188788 -4.05024753 -3.79270901 
2.31012970e-06 -4.99374438 -4.95432114 -4.63188788 -4.05024753 -3.79270901 
1.87381742e-06 -4.99374438 -4.95432114 -4.63188788 -4.05024753 -3.79270901 
1.51991108e-06 -4.99374438 -4.95432114 -4.63188788 -4.05024753 -3.79270901 
1.23284674e-06 -4.99374438 -4.95432114 -4.63188788 -4.05024753 -3.79270901 
1.00000000e-06 -4.99374438 -4.95432114 -4.63188788 -4.05024753 -3.79270901 
8.11130831e-07 -4.99374438 -4.95432114 -4.63188788 -4.05024753 -3.79270901 
6.57933225e-07 -4.99374438 -4.95432114 -4.63188788 -4.05024753 -3.79270901 
5.33669923e-07 -4.99374438 -4.95432114 -4.63188788 -4.05024753 -3.79270901 
4.32876128e-07 -4.99374438 -4.95432114 -4.63188788 -4.05024753 -3.79270901 
3.51119173e-07 -4.99374438 -4.95432114 -4.63188788 -4.05024753 -3.79270901 
2.84803587e-07 -4.99374438 -4.95432114 -4.63188788 -4.05024753 -3.79270901 
2.31012970e-07 -4.99374438 -4.95432114 -4.63188788 -4.05024753 -3.79270901 
1.87381742e-07 -4.99374438 -4.95432114 -4.63188788 -4.05024753 -3.79270901 
1.51991108e-07 -4.99374438 -4.95432114 -4.63188788 -4.05024753 -3.79270901 
1.23284674e-07 -4.99374438 -4.95432114 -4.63188788 -4.05024753 -3.79270901 
1.00000000e-07 -4.99374438 -4.95432114 -4.63188788 -4.05024753 -3.79270901 
P (bar) | log_H2S: -2σ | log_H2S: -1σ | log_H2S: median | log_H2S: +1σ | log_H2S: +2σ 
1.00000000e+02 -4.85785685 -4.59365389 -4.22305916 -3.72931632 -3.46183865 
8.11130831e+01 -4.85785685 -4.59365389 -4.22305916 -3.72931632 -3.46183865 
6.57933225e+01 -4.85785685 -4.59365389 -4.22305916 -3.72931632 -3.46183865 
5.33669923e+01 -4.85785685 -4.59365389 -4.22305916 -3.72931632 -3.46183865 
4.32876128e+01 -4.85785685 -4.59365389 -4.22305916 -3.72931632 -3.46183865 
3.51119173e+01 -4.85785685 -4.59365389 -4.22305916 -3.72931632 -3.46183865 
2.84803587e+01 -4.85785685 -4.59365389 -4.22305916 -3.72931632 -3.46183865 
2.31012970e+01 -4.85785685 -4.59365389 -4.22305916 -3.72931632 -3.46183865 
1.87381742e+01 -4.85785685 -4.59365389 -4.22305916 -3.72931632 -3.46183865 
1.51991108e+01 -4.85785685 -4.59365389 -4.22305916 -3.72931632 -3.46183865 
1.23284674e+01 -4.85785685 -4.59365389 -4.22305916 -3.72931632 -3.46183865 
1.00000000e+01 -4.85785685 -4.59365389 -4.22305916 -3.72931632 -3.46183865 
8.11130831e+00 -4.85785685 -4.59365389 -4.22305916 -3.72931632 -3.46183865 
6.57933225e+00 -4.85785685 -4.59365389 -4.22305916 -3.72931632 -3.46183865 
5.33669923e+00 -4.85785685 -4.59365389 -4.22305916 -3.72931632 -3.46183865 
4.32876128e+00 -4.85785685 -4.59365389 -4.22305916 -3.72931632 -3.46183865 
3.51119173e+00 -4.85785685 -4.59365389 -4.22305916 -3.72931632 -3.46183865 
2.84803587e+00 -4.85785685 -4.59365389 -4.22305916 -3.72931632 -3.46183865 
2.31012970e+00 -4.85785685 -4.59365389 -4.22305916 -3.72931632 -3.46183865 
1.87381742e+00 -4.85785685 -4.59365389 -4.22305916 -3.72931632 -3.46183865 
1.51991108e+00 -4.85785685 -4.59365389 -4.22305916 -3.72931632 -3.46183865 
1.23284674e+00 -4.85785685 -4.59365389 -4.22305916 -3.72931632 -3.46183865 
1.00000000e+00 -4.85785685 -4.59365389 -4.22305916 -3.72931632 -3.46183865 
8.11130831e-01 -4.85785685 -4.59365389 -4.22305916 -3.72931632 -3.46183865 
6.57933225e-01 -4.85785685 -4.59365389 -4.22305916 -3.72931632 -3.46183865 
5.33669923e-01 -4.85785685 -4.59365389 -4.22305916 -3.72931632 -3.46183865 
4.32876128e-01 -4.85785685 -4.59365389 -4.22305916 -3.72931632 -3.46183865 
3.51119173e-01 -4.85785685 -4.59365389 -4.22305916 -3.72931632 -3.46183865 
2.84803587e-01 -4.85785685 -4.59365389 -4.22305916 -3.72931632 -3.46183865 
2.31012970e-01 -4.85785685 -4.59365389 -4.22305916 -3.72931632 -3.46183865 
1.87381742e-01 -4.85785685 -4.59365389 -4.22305916 -3.72931632 -3.46183865 
1.51991108e-01 -4.85785685 -4.59365389 -4.22305916 -3.72931632 -3.46183865 
1.23284674e-01 -4.85785685 -4.59365389 -4.22305916 -3.72931632 -3.46183865 
1.00000000e-01 -4.85785685 -4.59365389 -4.22305916 -3.72931632 -3.46183865 
8.11130831e-02 -4.85785685 -4.59365389 -4.22305916 -3.72931632 -3.46183865 
6.57933225e-02 -4.85785685 -4.59365389 -4.22305916 -3.72931632 -3.46183865 
5.33669923e-02 -4.85785685 -4.59365389 -4.22305916 -3.72931632 -3.46183865 
4.32876128e-02 -4.85785685 -4.59365389 -4.22305916 -3.72931632 -3.46183865 
3.51119173e-02 -4.85785685 -4.59365389 -4.22305916 -3.72931632 -3.46183865 
2.84803587e-02 -4.85785685 -4.59365389 -4.22305916 -3.72931632 -3.46183865 
2.31012970e-02 -4.85785685 -4.59365389 -4.22305916 -3.72931632 -3.46183865 
1.87381742e-02 -4.85785685 -4.59365389 -4.22305916 -3.72931632 -3.46183865 
1.51991108e-02 -4.85785685 -4.59365389 -4.22305916 -3.72931632 -3.46183865 
1.23284674e-02 -4.85785685 -4.59365389 -4.22305916 -3.72931632 -3.46183865 
1.00000000e-02 -4.85785685 -4.59365389 -4.22305916 -3.72931632 -3.46183865 
8.11130831e-03 -4.85785685 -4.59365389 -4.22305916 -3.72931632 -3.46183865 
6.57933225e-03 -4.85785685 -4.59365389 -4.22305916 -3.72931632 -3.46183865 
5.33669923e-03 -4.85785685 -4.59365389 -4.22305916 -3.72931632 -3.46183865 
4.32876128e-03 -4.85785685 -4.59365389 -4.22305916 -3.72931632 -3.46183865 
3.51119173e-03 -4.85785685 -4.59365389 -4.22305916 -3.72931632 -3.46183865 
2.84803587e-03 -4.85785685 -4.59365389 -4.22305916 -3.72931632 -3.46183865 
2.31012970e-03 -4.85785685 -4.59365389 -4.22305916 -3.72931632 -3.46183865 
1.87381742e-03 -4.85785685 -4.59365389 -4.22305916 -3.72931632 -3.46183865 
1.51991108e-03 -4.85785685 -4.59365389 -4.22305916 -3.72931632 -3.46183865 
1.23284674e-03 -4.85785685 -4.59365389 -4.22305916 -3.72931632 -3.46183865 
1.00000000e-03 -4.85785685 -4.59365389 -4.22305916 -3.72931632 -3.46183865 
8.11130831e-04 -4.85785685 -4.59365389 -4.22305916 -3.72931632 -3.46183865 
6.57933225e-04 -4.85785685 -4.59365389 -4.22305916 -3.72931632 -3.46183865 
5.33669923e-04 -4.85785685 -4.59365389 -4.22305916 -3.72931632 -3.46183865 
4.32876128e-04 -4.85785685 -4.59365389 -4.22305916 -3.72931632 -3.46183865 
3.51119173e-04 -4.85785685 -4.59365389 -4.22305916 -3.72931632 -3.46183865 
2.84803587e-04 -4.85785685 -4.59365389 -4.22305916 -3.72931632 -3.46183865 
2.31012970e-04 -4.85785685 -4.59365389 -4.22305916 -3.72931632 -3.46183865 
1.87381742e-04 -4.85785685 -4.59365389 -4.22305916 -3.72931632 -3.46183865 
1.51991108e-04 -4.85785685 -4.59365389 -4.22305916 -3.72931632 -3.46183865 
1.23284674e-04 -4.85785685 -4.59365389 -4.22305916 -3.72931632 -3.46183865 
1.00000000e-04 -4.85785685 -4.59365389 -4.22305916 -3.72931632 -3.46183865 
8.11130831e-05 -4.85785685 -4.59365389 -4.22305916 -3.72931632 -3.46183865 
6.57933225e-05 -4.85785685 -4.59365389 -4.22305916 -3.72931632 -3.46183865 
5.33669923e-05 -4.85785685 -4.59365389 -4.22305916 -3.72931632 -3.46183865 
4.32876128e-05 -4.85785685 -4.59365389 -4.22305916 -3.72931632 -3.46183865 
3.51119173e-05 -4.85785685 -4.59365389 -4.22305916 -3.72931632 -3.46183865 
2.84803587e-05 -4.85785685 -4.59365389 -4.22305916 -3.72931632 -3.46183865 
2.31012970e-05 -4.85785685 -4.59365389 -4.22305916 -3.72931632 -3.46183865 
1.87381742e-05 -4.85785685 -4.59365389 -4.22305916 -3.72931632 -3.46183865 
1.51991108e-05 -4.85785685 -4.59365389 -4.22305916 -3.72931632 -3.46183865 
1.23284674e-05 -4.85785685 -4.59365389 -4.22305916 -3.72931632 -3.46183865 
1.00000000e-05 -4.85785685 -4.59365389 -4.22305916 -3.72931632 -3.46183865 
8.11130831e-06 -4.85785685 -4.59365389 -4.22305916 -3.72931632 -3.46183865 
6.57933225e-06 -4.85785685 -4.59365389 -4.22305916 -3.72931632 -3.46183865 
5.33669923e-06 -4.85785685 -4.59365389 -4.22305916 -3.72931632 -3.46183865 
4.32876128e-06 -4.85785685 -4.59365389 -4.22305916 -3.72931632 -3.46183865 
3.51119173e-06 -4.85785685 -4.59365389 -4.22305916 -3.72931632 -3.46183865 
2.84803587e-06 -4.85785685 -4.59365389 -4.22305916 -3.72931632 -3.46183865 
2.31012970e-06 -4.85785685 -4.59365389 -4.22305916 -3.72931632 -3.46183865 
1.87381742e-06 -4.85785685 -4.59365389 -4.22305916 -3.72931632 -3.46183865 
1.51991108e-06 -4.85785685 -4.59365389 -4.22305916 -3.72931632 -3.46183865 
1.23284674e-06 -4.85785685 -4.59365389 -4.22305916 -3.72931632 -3.46183865 
1.00000000e-06 -4.85785685 -4.59365389 -4.22305916 -3.72931632 -3.46183865 
8.11130831e-07 -4.85785685 -4.59365389 -4.22305916 -3.72931632 -3.46183865 
6.57933225e-07 -4.85785685 -4.59365389 -4.22305916 -3.72931632 -3.46183865 
5.33669923e-07 -4.85785685 -4.59365389 -4.22305916 -3.72931632 -3.46183865 
4.32876128e-07 -4.85785685 -4.59365389 -4.22305916 -3.72931632 -3.46183865 
3.51119173e-07 -4.85785685 -4.59365389 -4.22305916 -3.72931632 -3.46183865 
2.84803587e-07 -4.85785685 -4.59365389 -4.22305916 -3.72931632 -3.46183865 
2.31012970e-07 -4.85785685 -4.59365389 -4.22305916 -3.72931632 -3.46183865 
1.87381742e-07 -4.85785685 -4.59365389 -4.22305916 -3.72931632 -3.46183865 
1.51991108e-07 -4.85785685 -4.59365389 -4.22305916 -3.72931632 -3.46183865 
1.23284674e-07 -4.85785685 -4.59365389 -4.22305916 -3.72931632 -3.46183865 
1.00000000e-07 -4.85785685 -4.59365389 -4.22305916 -3.72931632 -3.46183865 
P (bar) | log_K: -2σ | log_K: -1σ | log_K: median | log_K: +1σ | log_K: +2σ 
1.00000000e+02 -6.99154211 -6.94682018 -6.79097163 -6.44758346 -6.06655254 
8.11130831e+01 -6.99154211 -6.94682018 -6.79097163 -6.44758346 -6.06655254 
6.57933225e+01 -6.99154211 -6.94682018 -6.79097163 -6.44758346 -6.06655254 
5.33669923e+01 -6.99154211 -6.94682018 -6.79097163 -6.44758346 -6.06655254 
4.32876128e+01 -6.99154211 -6.94682018 -6.79097163 -6.44758346 -6.06655254 
3.51119173e+01 -6.99154211 -6.94682018 -6.79097163 -6.44758346 -6.06655254 
2.84803587e+01 -6.99154211 -6.94682018 -6.79097163 -6.44758346 -6.06655254 
2.31012970e+01 -6.99154211 -6.94682018 -6.79097163 -6.44758346 -6.06655254 
1.87381742e+01 -6.99154211 -6.94682018 -6.79097163 -6.44758346 -6.06655254 
1.51991108e+01 -6.99154211 -6.94682018 -6.79097163 -6.44758346 -6.06655254 
1.23284674e+01 -6.99154211 -6.94682018 -6.79097163 -6.44758346 -6.06655254 
1.00000000e+01 -6.99154211 -6.94682018 -6.79097163 -6.44758346 -6.06655254 
8.11130831e+00 -6.99154211 -6.94682018 -6.79097163 -6.44758346 -6.06655254 
6.57933225e+00 -6.99154211 -6.94682018 -6.79097163 -6.44758346 -6.06655254 
5.33669923e+00 -6.99154211 -6.94682018 -6.79097163 -6.44758346 -6.06655254 
4.32876128e+00 -6.99154211 -6.94682018 -6.79097163 -6.44758346 -6.06655254 
3.51119173e+00 -6.99154211 -6.94682018 -6.79097163 -6.44758346 -6.06655254 
2.84803587e+00 -6.99154211 -6.94682018 -6.79097163 -6.44758346 -6.06655254 
2.31012970e+00 -6.99154211 -6.94682018 -6.79097163 -6.44758346 -6.06655254 
1.87381742e+00 -6.99154211 -6.94682018 -6.79097163 -6.44758346 -6.06655254 
1.51991108e+00 -6.99154211 -6.94682018 -6.79097163 -6.44758346 -6.06655254 
1.23284674e+00 -6.99154211 -6.94682018 -6.79097163 -6.44758346 -6.06655254 
1.00000000e+00 -6.99154211 -6.94682018 -6.79097163 -6.44758346 -6.06655254 
8.11130831e-01 -6.99154211 -6.94682018 -6.79097163 -6.44758346 -6.06655254 
6.57933225e-01 -6.99154211 -6.94682018 -6.79097163 -6.44758346 -6.06655254 
5.33669923e-01 -6.99154211 -6.94682018 -6.79097163 -6.44758346 -6.06655254 
4.32876128e-01 -6.99154211 -6.94682018 -6.79097163 -6.44758346 -6.06655254 
3.51119173e-01 -6.99154211 -6.94682018 -6.79097163 -6.44758346 -6.06655254 
2.84803587e-01 -6.99154211 -6.94682018 -6.79097163 -6.44758346 -6.06655254 
2.31012970e-01 -6.99154211 -6.94682018 -6.79097163 -6.44758346 -6.06655254 
1.87381742e-01 -6.99154211 -6.94682018 -6.79097163 -6.44758346 -6.06655254 
1.51991108e-01 -6.99154211 -6.94682018 -6.79097163 -6.44758346 -6.06655254 
1.23284674e-01 -6.99154211 -6.94682018 -6.79097163 -6.44758346 -6.06655254 
1.00000000e-01 -6.99154211 -6.94682018 -6.79097163 -6.44758346 -6.06655254 
8.11130831e-02 -6.99154211 -6.94682018 -6.79097163 -6.44758346 -6.06655254 
6.57933225e-02 -6.99154211 -6.94682018 -6.79097163 -6.44758346 -6.06655254 
5.33669923e-02 -6.99154211 -6.94682018 -6.79097163 -6.44758346 -6.06655254 
4.32876128e-02 -6.99154211 -6.94682018 -6.79097163 -6.44758346 -6.06655254 
3.51119173e-02 -6.99154211 -6.94682018 -6.79097163 -6.44758346 -6.06655254 
2.84803587e-02 -6.99154211 -6.94682018 -6.79097163 -6.44758346 -6.06655254 
2.31012970e-02 -6.99154211 -6.94682018 -6.79097163 -6.44758346 -6.06655254 
1.87381742e-02 -6.99154211 -6.94682018 -6.79097163 -6.44758346 -6.06655254 
1.51991108e-02 -6.99154211 -6.94682018 -6.79097163 -6.44758346 -6.06655254 
1.23284674e-02 -6.99154211 -6.94682018 -6.79097163 -6.44758346 -6.06655254 
1.00000000e-02 -6.99154211 -6.94682018 -6.79097163 -6.44758346 -6.06655254 
8.11130831e-03 -6.99154211 -6.94682018 -6.79097163 -6.44758346 -6.06655254 
6.57933225e-03 -6.99154211 -6.94682018 -6.79097163 -6.44758346 -6.06655254 
5.33669923e-03 -6.99154211 -6.94682018 -6.79097163 -6.44758346 -6.06655254 
4.32876128e-03 -6.99154211 -6.94682018 -6.79097163 -6.44758346 -6.06655254 
3.51119173e-03 -6.99154211 -6.94682018 -6.79097163 -6.44758346 -6.06655254 
2.84803587e-03 -6.99154211 -6.94682018 -6.79097163 -6.44758346 -6.06655254 
2.31012970e-03 -6.99154211 -6.94682018 -6.79097163 -6.44758346 -6.06655254 
1.87381742e-03 -6.99154211 -6.94682018 -6.79097163 -6.44758346 -6.06655254 
1.51991108e-03 -6.99154211 -6.94682018 -6.79097163 -6.44758346 -6.06655254 
1.23284674e-03 -6.99154211 -6.94682018 -6.79097163 -6.44758346 -6.06655254 
1.00000000e-03 -6.99154211 -6.94682018 -6.79097163 -6.44758346 -6.06655254 
8.11130831e-04 -6.99154211 -6.94682018 -6.79097163 -6.44758346 -6.06655254 
6.57933225e-04 -6.99154211 -6.94682018 -6.79097163 -6.44758346 -6.06655254 
5.33669923e-04 -6.99154211 -6.94682018 -6.79097163 -6.44758346 -6.06655254 
4.32876128e-04 -6.99154211 -6.94682018 -6.79097163 -6.44758346 -6.06655254 
3.51119173e-04 -6.99154211 -6.94682018 -6.79097163 -6.44758346 -6.06655254 
2.84803587e-04 -6.99154211 -6.94682018 -6.79097163 -6.44758346 -6.06655254 
2.31012970e-04 -6.99154211 -6.94682018 -6.79097163 -6.44758346 -6.06655254 
1.87381742e-04 -6.99154211 -6.94682018 -6.79097163 -6.44758346 -6.06655254 
1.51991108e-04 -6.99154211 -6.94682018 -6.79097163 -6.44758346 -6.06655254 
1.23284674e-04 -6.99154211 -6.94682018 -6.79097163 -6.44758346 -6.06655254 
1.00000000e-04 -6.99154211 -6.94682018 -6.79097163 -6.44758346 -6.06655254 
8.11130831e-05 -6.99154211 -6.94682018 -6.79097163 -6.44758346 -6.06655254 
6.57933225e-05 -6.99154211 -6.94682018 -6.79097163 -6.44758346 -6.06655254 
5.33669923e-05 -6.99154211 -6.94682018 -6.79097163 -6.44758346 -6.06655254 
4.32876128e-05 -6.99154211 -6.94682018 -6.79097163 -6.44758346 -6.06655254 
3.51119173e-05 -6.99154211 -6.94682018 -6.79097163 -6.44758346 -6.06655254 
2.84803587e-05 -6.99154211 -6.94682018 -6.79097163 -6.44758346 -6.06655254 
2.31012970e-05 -6.99154211 -6.94682018 -6.79097163 -6.44758346 -6.06655254 
1.87381742e-05 -6.99154211 -6.94682018 -6.79097163 -6.44758346 -6.06655254 
1.51991108e-05 -6.99154211 -6.94682018 -6.79097163 -6.44758346 -6.06655254 
1.23284674e-05 -6.99154211 -6.94682018 -6.79097163 -6.44758346 -6.06655254 
1.00000000e-05 -6.99154211 -6.94682018 -6.79097163 -6.44758346 -6.06655254 
8.11130831e-06 -6.99154211 -6.94682018 -6.79097163 -6.44758346 -6.06655254 
6.57933225e-06 -6.99154211 -6.94682018 -6.79097163 -6.44758346 -6.06655254 
5.33669923e-06 -6.99154211 -6.94682018 -6.79097163 -6.44758346 -6.06655254 
4.32876128e-06 -6.99154211 -6.94682018 -6.79097163 -6.44758346 -6.06655254 
3.51119173e-06 -6.99154211 -6.94682018 -6.79097163 -6.44758346 -6.06655254 
2.84803587e-06 -6.99154211 -6.94682018 -6.79097163 -6.44758346 -6.06655254 
2.31012970e-06 -6.99154211 -6.94682018 -6.79097163 -6.44758346 -6.06655254 
1.87381742e-06 -6.99154211 -6.94682018 -6.79097163 -6.44758346 -6.06655254 
1.51991108e-06 -6.99154211 -6.94682018 -6.79097163 -6.44758346 -6.06655254 
1.23284674e-06 -6.99154211 -6.94682018 -6.79097163 -6.44758346 -6.06655254 
1.00000000e-06 -6.99154211 -6.94682018 -6.79097163 -6.44758346 -6.06655254 
8.11130831e-07 -6.99154211 -6.94682018 -6.79097163 -6.44758346 -6.06655254 
6.57933225e-07 -6.99154211 -6.94682018 -6.79097163 -6.44758346 -6.06655254 
5.33669923e-07 -6.99154211 -6.94682018 -6.79097163 -6.44758346 -6.06655254 
4.32876128e-07 -6.99154211 -6.94682018 -6.79097163 -6.44758346 -6.06655254 
3.51119173e-07 -6.99154211 -6.94682018 -6.79097163 -6.44758346 -6.06655254 
2.84803587e-07 -6.99154211 -6.94682018 -6.79097163 -6.44758346 -6.06655254 
2.31012970e-07 -6.99154211 -6.94682018 -6.79097163 -6.44758346 -6.06655254 
1.87381742e-07 -6.99154211 -6.94682018 -6.79097163 -6.44758346 -6.06655254 
1.51991108e-07 -6.99154211 -6.94682018 -6.79097163 -6.44758346 -6.06655254 
1.23284674e-07 -6.99154211 -6.94682018 -6.79097163 -6.44758346 -6.06655254 
1.00000000e-07 -6.99154211 -6.94682018 -6.79097163 -6.44758346 -6.06655254 
P (bar) | log_CH4: -2σ | log_CH4: -1σ | log_CH4: median | log_CH4: +1σ | log_CH4: +2σ 
1.00000000e+02 -6.66031939 -6.42232100 -6.13511979 -5.82704665 -5.61908766 
8.11130831e+01 -6.66031939 -6.42232100 -6.13511979 -5.82704665 -5.61908766 
6.57933225e+01 -6.66031939 -6.42232100 -6.13511979 -5.82704665 -5.61908766 
5.33669923e+01 -6.66031939 -6.42232100 -6.13511979 -5.82704665 -5.61908766 
4.32876128e+01 -6.66031939 -6.42232100 -6.13511979 -5.82704665 -5.61908766 
3.51119173e+01 -6.66031939 -6.42232100 -6.13511979 -5.82704665 -5.61908766 
2.84803587e+01 -6.66031939 -6.42232100 -6.13511979 -5.82704665 -5.61908766 
2.31012970e+01 -6.66031939 -6.42232100 -6.13511979 -5.82704665 -5.61908766 
1.87381742e+01 -6.66031939 -6.42232100 -6.13511979 -5.82704665 -5.61908766 
1.51991108e+01 -6.66031939 -6.42232100 -6.13511979 -5.82704665 -5.61908766 
1.23284674e+01 -6.66031939 -6.42232100 -6.13511979 -5.82704665 -5.61908766 
1.00000000e+01 -6.66031939 -6.42232100 -6.13511979 -5.82704665 -5.61908766 
8.11130831e+00 -6.66031939 -6.42232100 -6.13511979 -5.82704665 -5.61908766 
6.57933225e+00 -6.66031939 -6.42232100 -6.13511979 -5.82704665 -5.61908766 
5.33669923e+00 -6.66031939 -6.42232100 -6.13511979 -5.82704665 -5.61908766 
4.32876128e+00 -6.66031939 -6.42232100 -6.13511979 -5.82704665 -5.61908766 
3.51119173e+00 -6.66031939 -6.42232100 -6.13511979 -5.82704665 -5.61908766 
2.84803587e+00 -6.66031939 -6.42232100 -6.13511979 -5.82704665 -5.61908766 
2.31012970e+00 -6.66031939 -6.42232100 -6.13511979 -5.82704665 -5.61908766 
1.87381742e+00 -6.66031939 -6.42232100 -6.13511979 -5.82704665 -5.61908766 
1.51991108e+00 -6.66031939 -6.42232100 -6.13511979 -5.82704665 -5.61908766 
1.23284674e+00 -6.66031939 -6.42232100 -6.13511979 -5.82704665 -5.61908766 
1.00000000e+00 -6.66031939 -6.42232100 -6.13511979 -5.82704665 -5.61908766 
8.11130831e-01 -6.66031939 -6.42232100 -6.13511979 -5.82704665 -5.61908766 
6.57933225e-01 -6.66031939 -6.42232100 -6.13511979 -5.82704665 -5.61908766 
5.33669923e-01 -6.66031939 -6.42232100 -6.13511979 -5.82704665 -5.61908766 
4.32876128e-01 -6.66031939 -6.42232100 -6.13511979 -5.82704665 -5.61908766 
3.51119173e-01 -6.66031939 -6.42232100 -6.13511979 -5.82704665 -5.61908766 
2.84803587e-01 -6.66031939 -6.42232100 -6.13511979 -5.82704665 -5.61908766 
2.31012970e-01 -6.66031939 -6.42232100 -6.13511979 -5.82704665 -5.61908766 
1.87381742e-01 -6.66031939 -6.42232100 -6.13511979 -5.82704665 -5.61908766 
1.51991108e-01 -6.66031939 -6.42232100 -6.13511979 -5.82704665 -5.61908766 
1.23284674e-01 -6.66031939 -6.42232100 -6.13511979 -5.82704665 -5.61908766 
1.00000000e-01 -6.66031939 -6.42232100 -6.13511979 -5.82704665 -5.61908766 
8.11130831e-02 -6.66031939 -6.42232100 -6.13511979 -5.82704665 -5.61908766 
6.57933225e-02 -6.66031939 -6.42232100 -6.13511979 -5.82704665 -5.61908766 
5.33669923e-02 -6.66031939 -6.42232100 -6.13511979 -5.82704665 -5.61908766 
4.32876128e-02 -6.66031939 -6.42232100 -6.13511979 -5.82704665 -5.61908766 
3.51119173e-02 -6.66031939 -6.42232100 -6.13511979 -5.82704665 -5.61908766 
2.84803587e-02 -6.66031939 -6.42232100 -6.13511979 -5.82704665 -5.61908766 
2.31012970e-02 -6.66031939 -6.42232100 -6.13511979 -5.82704665 -5.61908766 
1.87381742e-02 -6.66031939 -6.42232100 -6.13511979 -5.82704665 -5.61908766 
1.51991108e-02 -6.66031939 -6.42232100 -6.13511979 -5.82704665 -5.61908766 
1.23284674e-02 -6.66031939 -6.42232100 -6.13511979 -5.82704665 -5.61908766 
1.00000000e-02 -6.66031939 -6.42232100 -6.13511979 -5.82704665 -5.61908766 
8.11130831e-03 -6.66031939 -6.42232100 -6.13511979 -5.82704665 -5.61908766 
6.57933225e-03 -6.66031939 -6.42232100 -6.13511979 -5.82704665 -5.61908766 
5.33669923e-03 -6.66031939 -6.42232100 -6.13511979 -5.82704665 -5.61908766 
4.32876128e-03 -6.66031939 -6.42232100 -6.13511979 -5.82704665 -5.61908766 
3.51119173e-03 -6.66031939 -6.42232100 -6.13511979 -5.82704665 -5.61908766 
2.84803587e-03 -6.66031939 -6.42232100 -6.13511979 -5.82704665 -5.61908766 
2.31012970e-03 -6.66031939 -6.42232100 -6.13511979 -5.82704665 -5.61908766 
1.87381742e-03 -6.66031939 -6.42232100 -6.13511979 -5.82704665 -5.61908766 
1.51991108e-03 -6.66031939 -6.42232100 -6.13511979 -5.82704665 -5.61908766 
1.23284674e-03 -6.66031939 -6.42232100 -6.13511979 -5.82704665 -5.61908766 
1.00000000e-03 -6.66031939 -6.42232100 -6.13511979 -5.82704665 -5.61908766 
8.11130831e-04 -6.66031939 -6.42232100 -6.13511979 -5.82704665 -5.61908766 
6.57933225e-04 -6.66031939 -6.42232100 -6.13511979 -5.82704665 -5.61908766 
5.33669923e-04 -6.66031939 -6.42232100 -6.13511979 -5.82704665 -5.61908766 
4.32876128e-04 -6.66031939 -6.42232100 -6.13511979 -5.82704665 -5.61908766 
3.51119173e-04 -6.66031939 -6.42232100 -6.13511979 -5.82704665 -5.61908766 
2.84803587e-04 -6.66031939 -6.42232100 -6.13511979 -5.82704665 -5.61908766 
2.31012970e-04 -6.66031939 -6.42232100 -6.13511979 -5.82704665 -5.61908766 
1.87381742e-04 -6.66031939 -6.42232100 -6.13511979 -5.82704665 -5.61908766 
1.51991108e-04 -6.66031939 -6.42232100 -6.13511979 -5.82704665 -5.61908766 
1.23284674e-04 -6.66031939 -6.42232100 -6.13511979 -5.82704665 -5.61908766 
1.00000000e-04 -6.66031939 -6.42232100 -6.13511979 -5.82704665 -5.61908766 
8.11130831e-05 -6.66031939 -6.42232100 -6.13511979 -5.82704665 -5.61908766 
6.57933225e-05 -6.66031939 -6.42232100 -6.13511979 -5.82704665 -5.61908766 
5.33669923e-05 -6.66031939 -6.42232100 -6.13511979 -5.82704665 -5.61908766 
4.32876128e-05 -6.66031939 -6.42232100 -6.13511979 -5.82704665 -5.61908766 
3.51119173e-05 -6.66031939 -6.42232100 -6.13511979 -5.82704665 -5.61908766 
2.84803587e-05 -6.66031939 -6.42232100 -6.13511979 -5.82704665 -5.61908766 
2.31012970e-05 -6.66031939 -6.42232100 -6.13511979 -5.82704665 -5.61908766 
1.87381742e-05 -6.66031939 -6.42232100 -6.13511979 -5.82704665 -5.61908766 
1.51991108e-05 -6.66031939 -6.42232100 -6.13511979 -5.82704665 -5.61908766 
1.23284674e-05 -6.66031939 -6.42232100 -6.13511979 -5.82704665 -5.61908766 
1.00000000e-05 -6.66031939 -6.42232100 -6.13511979 -5.82704665 -5.61908766 
8.11130831e-06 -6.66031939 -6.42232100 -6.13511979 -5.82704665 -5.61908766 
6.57933225e-06 -6.66031939 -6.42232100 -6.13511979 -5.82704665 -5.61908766 
5.33669923e-06 -6.66031939 -6.42232100 -6.13511979 -5.82704665 -5.61908766 
4.32876128e-06 -6.66031939 -6.42232100 -6.13511979 -5.82704665 -5.61908766 
3.51119173e-06 -6.66031939 -6.42232100 -6.13511979 -5.82704665 -5.61908766 
2.84803587e-06 -6.66031939 -6.42232100 -6.13511979 -5.82704665 -5.61908766 
2.31012970e-06 -6.66031939 -6.42232100 -6.13511979 -5.82704665 -5.61908766 
1.87381742e-06 -6.66031939 -6.42232100 -6.13511979 -5.82704665 -5.61908766 
1.51991108e-06 -6.66031939 -6.42232100 -6.13511979 -5.82704665 -5.61908766 
1.23284674e-06 -6.66031939 -6.42232100 -6.13511979 -5.82704665 -5.61908766 
1.00000000e-06 -6.66031939 -6.42232100 -6.13511979 -5.82704665 -5.61908766 
8.11130831e-07 -6.66031939 -6.42232100 -6.13511979 -5.82704665 -5.61908766 
6.57933225e-07 -6.66031939 -6.42232100 -6.13511979 -5.82704665 -5.61908766 
5.33669923e-07 -6.66031939 -6.42232100 -6.13511979 -5.82704665 -5.61908766 
4.32876128e-07 -6.66031939 -6.42232100 -6.13511979 -5.82704665 -5.61908766 
3.51119173e-07 -6.66031939 -6.42232100 -6.13511979 -5.82704665 -5.61908766 
2.84803587e-07 -6.66031939 -6.42232100 -6.13511979 -5.82704665 -5.61908766 
2.31012970e-07 -6.66031939 -6.42232100 -6.13511979 -5.82704665 -5.61908766 
1.87381742e-07 -6.66031939 -6.42232100 -6.13511979 -5.82704665 -5.61908766 
1.51991108e-07 -6.66031939 -6.42232100 -6.13511979 -5.82704665 -5.61908766 
1.23284674e-07 -6.66031939 -6.42232100 -6.13511979 -5.82704665 -5.61908766 
1.00000000e-07 -6.66031939 -6.42232100 -6.13511979 -5.82704665 -5.61908766 
