Chemical species: H2 He H2O CO CH4 H2S
P (bar) | log_H2: -2σ | log_H2: -1σ | log_H2: median | log_H2: +1σ | log_H2: +2σ 
1.00000000e+02 -0.15447012 -0.15061545 -0.14605704 -0.13937947 -0.13089962 
8.11130831e+01 -0.15502623 -0.15110515 -0.14650282 -0.13992306 -0.13144634 
6.57933225e+01 -0.15560821 -0.15162475 -0.14695178 -0.14046850 -0.13199819 
5.33669923e+01 -0.15620728 -0.15212452 -0.14737335 -0.14096422 -0.13255522 
4.32876128e+01 -0.15681090 -0.15259159 -0.14778890 -0.14151147 -0.13309355 
3.51119173e+01 -0.15741909 -0.15309698 -0.14823855 -0.14202460 -0.13334305 
2.84803587e+01 -0.15810883 -0.15374663 -0.14885751 -0.14266441 -0.13372207 
2.31012970e+01 -0.15888688 -0.15461047 -0.14971862 -0.14340550 -0.13423843 
1.87381742e+01 -0.15967240 -0.15541468 -0.15049811 -0.14411369 -0.13492691 
1.51991108e+01 -0.16046548 -0.15621942 -0.15131920 -0.14481956 -0.13562314 
1.23284674e+01 -0.16126621 -0.15702499 -0.15211195 -0.14556529 -0.13632724 
1.00000000e+01 -0.16190775 -0.15785139 -0.15296264 -0.14631344 -0.13703929 
8.11130831e+00 -0.16262553 -0.15844736 -0.15353932 -0.14692589 -0.13777431 
6.57933225e+00 -0.16326130 -0.15902415 -0.15410427 -0.14758888 -0.13853601 
5.33669923e+00 -0.16386090 -0.15964511 -0.15473512 -0.14825380 -0.13967300 
4.32876128e+00 -0.16446474 -0.16024476 -0.15531064 -0.14889076 -0.14061809 
3.51119173e+00 -0.16507887 -0.16081628 -0.15589695 -0.14950380 -0.14128603 
2.84803587e+00 -0.16552338 -0.16122941 -0.15628552 -0.14985911 -0.14168698 
2.31012970e+00 -0.16578960 -0.16145561 -0.15650790 -0.15003267 -0.14181614 
1.87381742e+00 -0.16605669 -0.16167475 -0.15670142 -0.15024132 -0.14194564 
1.51991108e+00 -0.16639682 -0.16193470 -0.15690001 -0.15043715 -0.14207552 
1.23284674e+00 -0.16660405 -0.16226167 -0.15711357 -0.15059407 -0.14220581 
1.00000000e+00 -0.16686348 -0.16251252 -0.15735904 -0.15078170 -0.14238521 
8.11130831e-01 -0.16687597 -0.16252144 -0.15736326 -0.15077323 -0.14237861 
6.57933225e-01 -0.16688865 -0.16253057 -0.15736900 -0.15076494 -0.14237227 
5.33669923e-01 -0.16690157 -0.16253995 -0.15737005 -0.15075657 -0.14236623 
4.32876128e-01 -0.16691478 -0.16254963 -0.15737256 -0.15074837 -0.14236056 
3.51119173e-01 -0.16692835 -0.16255969 -0.15738175 -0.15074064 -0.14235535 
2.84803587e-01 -0.16693313 -0.16256404 -0.15738547 -0.15073265 -0.14234939 
2.31012970e-01 -0.16692921 -0.16256280 -0.15738381 -0.15072452 -0.14234278 
1.87381742e-01 -0.16692595 -0.16256225 -0.15738268 -0.15071726 -0.14233699 
1.51991108e-01 -0.16692351 -0.16256255 -0.15738223 -0.15071144 -0.14233218 
1.23284674e-01 -0.16692207 -0.16256390 -0.15738393 -0.15070695 -0.14232860 
1.00000000e-01 -0.16692186 -0.16256654 -0.15738753 -0.15070413 -0.14232651 
8.11130831e-02 -0.16689553 -0.16254680 -0.15737055 -0.15068551 -0.14231020 
6.57933225e-02 -0.16687103 -0.16252753 -0.15735544 -0.15067389 -0.14229598 
5.33669923e-02 -0.16684876 -0.16250907 -0.15734263 -0.15066509 -0.14228427 
4.32876128e-02 -0.16682922 -0.16249326 -0.15733265 -0.15065975 -0.14227563 
3.51119173e-02 -0.16681303 -0.16247961 -0.15732611 -0.15065864 -0.14227070 
2.84803587e-02 -0.16676037 -0.16242319 -0.15728876 -0.15062312 -0.14224370 
2.31012970e-02 -0.16667197 -0.16232459 -0.15722133 -0.15055869 -0.14219516 
1.87381742e-02 -0.16658944 -0.16224950 -0.15715991 -0.15050927 -0.14215255 
1.51991108e-02 -0.16651400 -0.16218354 -0.15710577 -0.15046899 -0.14211706 
1.23284674e-02 -0.16644718 -0.16213543 -0.15706049 -0.15043154 -0.14209011 
1.00000000e-02 -0.16639083 -0.16209635 -0.15702599 -0.15040150 -0.14207342 
8.11130831e-03 -0.16615800 -0.16190184 -0.15679619 -0.15021344 -0.14194758 
6.57933225e-03 -0.16594481 -0.16171963 -0.15663523 -0.15004242 -0.14183445 
5.33669923e-03 -0.16574787 -0.16154216 -0.15647502 -0.14989396 -0.14173629 
4.32876128e-03 -0.16557033 -0.16136733 -0.15632803 -0.14976959 -0.14165574 
3.51119173e-03 -0.16541593 -0.16121138 -0.15620671 -0.14965431 -0.14159597 
2.84803587e-03 -0.16510824 -0.16090253 -0.15593988 -0.14942503 -0.14144624 
2.31012970e-03 -0.16464971 -0.16042467 -0.15549069 -0.14907611 -0.14120733 
1.87381742e-03 -0.16422507 -0.16000383 -0.15511202 -0.14874914 -0.14099630 
1.51991108e-03 -0.16383958 -0.15962596 -0.15479322 -0.14846697 -0.14078950 
1.23284674e-03 -0.16349945 -0.15930496 -0.15452481 -0.14823421 -0.14060172 
1.00000000e-03 -0.16321204 -0.15902315 -0.15429923 -0.14805831 -0.14046942 
8.11130831e-04 -0.16244930 -0.15828600 -0.15362793 -0.14745578 -0.13999645 
6.57933225e-04 -0.16174602 -0.15761696 -0.15300103 -0.14690694 -0.13961629 
5.33669923e-04 -0.16110888 -0.15702017 -0.15244258 -0.14642962 -0.13928819 
4.32876128e-04 -0.16054566 -0.15649855 -0.15195991 -0.14602773 -0.13901861 
3.51119173e-04 -0.16006534 -0.15604003 -0.15157819 -0.14570600 -0.13881497 
2.84803587e-04 -0.15936770 -0.15537864 -0.15098277 -0.14519261 -0.13843069 
2.31012970e-04 -0.15844941 -0.15449610 -0.15016659 -0.14448504 -0.13786383 
1.87381742e-04 -0.15762361 -0.15371578 -0.14945128 -0.14387335 -0.13737223 
1.51991108e-04 -0.15689767 -0.15304399 -0.14882806 -0.14334940 -0.13696254 
1.23284674e-04 -0.15627998 -0.15248657 -0.14831121 -0.14292757 -0.13664227 
1.00000000e-04 -0.15578011 -0.15204738 -0.14794114 -0.14262481 -0.13641992 
8.11130831e-05 -0.15483845 -0.15112531 -0.14711527 -0.14191183 -0.13573650 
6.57933225e-05 -0.15388369 -0.15032767 -0.14638154 -0.14132963 -0.13515121 
5.33669923e-05 -0.15308181 -0.14966574 -0.14578611 -0.14083460 -0.13471547 
4.32876128e-05 -0.15250817 -0.14911747 -0.14533097 -0.14044069 -0.13442992 
3.51119173e-05 -0.15205973 -0.14869410 -0.14497109 -0.14022164 -0.13416256 
2.84803587e-05 -0.15158924 -0.14822276 -0.14458776 -0.13991348 -0.13385479 
2.31012970e-05 -0.15106640 -0.14765113 -0.14413034 -0.13951400 -0.13355539 
1.87381742e-05 -0.15061715 -0.14718985 -0.14378456 -0.13919945 -0.13336956 
1.51991108e-05 -0.15007344 -0.14688730 -0.14358399 -0.13897656 -0.13326107 
1.23284674e-05 -0.14971472 -0.14669341 -0.14345568 -0.13883066 -0.13306293 
1.00000000e-05 -0.14953869 -0.14658058 -0.14342954 -0.13884178 -0.13299972 
8.11130831e-06 -0.14929533 -0.14638118 -0.14326682 -0.13865177 -0.13300560 
6.57933225e-06 -0.14916756 -0.14633380 -0.14327479 -0.13858271 -0.13282536 
5.33669923e-06 -0.14907619 -0.14630497 -0.14328657 -0.13854662 -0.13273129 
4.32876128e-06 -0.14912188 -0.14635068 -0.14333299 -0.13863996 -0.13275904 
3.51119173e-06 -0.14919372 -0.14641974 -0.14354572 -0.13884295 -0.13303477 
2.84803587e-06 -0.14929721 -0.14657870 -0.14374942 -0.13901686 -0.13331207 
2.31012970e-06 -0.14934426 -0.14674799 -0.14390114 -0.13914423 -0.13351145 
1.87381742e-06 -0.14956191 -0.14697426 -0.14410266 -0.13927714 -0.13377273 
1.51991108e-06 -0.14972581 -0.14722801 -0.14436481 -0.13942351 -0.13402840 
1.23284674e-06 -0.14988722 -0.14746578 -0.14462094 -0.13971787 -0.13436317 
1.00000000e-06 -0.15014997 -0.14772655 -0.14489230 -0.14007881 -0.13479212 
8.11130831e-07 -0.15037783 -0.14796491 -0.14513171 -0.14028225 -0.13508746 
6.57933225e-07 -0.15058914 -0.14820602 -0.14536384 -0.14050866 -0.13542888 
5.33669923e-07 -0.15081894 -0.14847309 -0.14560471 -0.14076258 -0.13578627 
4.32876128e-07 -0.15106446 -0.14873021 -0.14586294 -0.14102423 -0.13618467 
3.51119173e-07 -0.15130763 -0.14897753 -0.14613611 -0.14130703 -0.13663372 
2.84803587e-07 -0.15155023 -0.14921949 -0.14640426 -0.14154690 -0.13709849 
2.31012970e-07 -0.15178864 -0.14946135 -0.14666788 -0.14174010 -0.13745663 
1.87381742e-07 -0.15202855 -0.14970535 -0.14693198 -0.14194411 -0.13776105 
1.51991108e-07 -0.15226988 -0.14994998 -0.14718367 -0.14213912 -0.13804981 
1.23284674e-07 -0.15251261 -0.15020138 -0.14743976 -0.14235106 -0.13846142 
1.00000000e-07 -0.15275669 -0.15045253 -0.14769649 -0.14257351 -0.13881435 
P (bar) | log_He: -2σ | log_He: -1σ | log_He: median | log_He: +1σ | log_He: +2σ 
1.00000000e+02 -0.92402120 -0.92016653 -0.91560811 -0.90893055 -0.90045069 
8.11130831e+01 -0.92457731 -0.92065623 -0.91605390 -0.90947414 -0.90099742 
6.57933225e+01 -0.92515929 -0.92117582 -0.91650285 -0.91001958 -0.90154927 
5.33669923e+01 -0.92575836 -0.92167560 -0.91692443 -0.91051530 -0.90210630 
4.32876128e+01 -0.92636198 -0.92214267 -0.91733997 -0.91106255 -0.90264463 
3.51119173e+01 -0.92697017 -0.92264806 -0.91778963 -0.91157568 -0.90289413 
2.84803587e+01 -0.92765991 -0.92329771 -0.91840859 -0.91221549 -0.90327314 
2.31012970e+01 -0.92843796 -0.92416155 -0.91926970 -0.91295658 -0.90378951 
1.87381742e+01 -0.92922348 -0.92496576 -0.92004919 -0.91366477 -0.90447799 
1.51991108e+01 -0.93001656 -0.92577050 -0.92087027 -0.91437063 -0.90517422 
1.23284674e+01 -0.93081729 -0.92657606 -0.92166303 -0.91511636 -0.90587832 
1.00000000e+01 -0.93145883 -0.92740247 -0.92251372 -0.91586452 -0.90659037 
8.11130831e+00 -0.93217661 -0.92799844 -0.92309040 -0.91647697 -0.90732539 
6.57933225e+00 -0.93281238 -0.92857523 -0.92365535 -0.91713996 -0.90808709 
5.33669923e+00 -0.93341198 -0.92919619 -0.92428620 -0.91780487 -0.90922408 
4.32876128e+00 -0.93401582 -0.92979584 -0.92486172 -0.91844183 -0.91016917 
3.51119173e+00 -0.93462995 -0.93036736 -0.92544803 -0.91905488 -0.91083711 
2.84803587e+00 -0.93507446 -0.93078049 -0.92583660 -0.91941019 -0.91123806 
2.31012970e+00 -0.93534067 -0.93100669 -0.92605898 -0.91958375 -0.91136721 
1.87381742e+00 -0.93560777 -0.93122583 -0.92625250 -0.91979240 -0.91149672 
1.51991108e+00 -0.93594789 -0.93148578 -0.92645109 -0.91998823 -0.91162660 
1.23284674e+00 -0.93615513 -0.93181275 -0.92666465 -0.92014515 -0.91175689 
1.00000000e+00 -0.93641456 -0.93206360 -0.92691012 -0.92033278 -0.91193629 
8.11130831e-01 -0.93642705 -0.93207252 -0.92691434 -0.92032430 -0.91192969 
6.57933225e-01 -0.93643973 -0.93208165 -0.92692008 -0.92031602 -0.91192335 
5.33669923e-01 -0.93645265 -0.93209103 -0.92692113 -0.92030765 -0.91191731 
4.32876128e-01 -0.93646586 -0.93210071 -0.92692364 -0.92029945 -0.91191164 
3.51119173e-01 -0.93647943 -0.93211077 -0.92693283 -0.92029172 -0.91190643 
2.84803587e-01 -0.93648421 -0.93211512 -0.92693655 -0.92028373 -0.91190047 
2.31012970e-01 -0.93648029 -0.93211388 -0.92693489 -0.92027560 -0.91189386 
1.87381742e-01 -0.93647703 -0.93211333 -0.92693376 -0.92026834 -0.91188806 
1.51991108e-01 -0.93647459 -0.93211363 -0.92693331 -0.92026252 -0.91188326 
1.23284674e-01 -0.93647315 -0.93211498 -0.92693501 -0.92025803 -0.91187968 
1.00000000e-01 -0.93647294 -0.93211762 -0.92693861 -0.92025521 -0.91187759 
8.11130831e-02 -0.93644661 -0.93209788 -0.92692163 -0.92023659 -0.91186128 
6.57933225e-02 -0.93642211 -0.93207861 -0.92690652 -0.92022497 -0.91184706 
5.33669923e-02 -0.93639983 -0.93206015 -0.92689371 -0.92021617 -0.91183535 
4.32876128e-02 -0.93638030 -0.93204434 -0.92688372 -0.92021083 -0.91182671 
3.51119173e-02 -0.93636411 -0.93203068 -0.92687719 -0.92020972 -0.91182178 
2.84803587e-02 -0.93631144 -0.93197427 -0.92683984 -0.92017420 -0.91179478 
2.31012970e-02 -0.93622305 -0.93187566 -0.92677241 -0.92010976 -0.91174624 
1.87381742e-02 -0.93614051 -0.93180058 -0.92671099 -0.92006035 -0.91170363 
1.51991108e-02 -0.93606508 -0.93173462 -0.92665685 -0.92002007 -0.91166814 
1.23284674e-02 -0.93599826 -0.93168651 -0.92661157 -0.91998262 -0.91164119 
1.00000000e-02 -0.93594191 -0.93164743 -0.92657706 -0.91995258 -0.91162450 
8.11130831e-03 -0.93570908 -0.93145291 -0.92634727 -0.91976452 -0.91149866 
6.57933225e-03 -0.93549588 -0.93127071 -0.92618631 -0.91959350 -0.91138553 
5.33669923e-03 -0.93529895 -0.93109324 -0.92602610 -0.91944504 -0.91128736 
4.32876128e-03 -0.93512140 -0.93091841 -0.92587911 -0.91932067 -0.91120682 
3.51119173e-03 -0.93496701 -0.93076246 -0.92575779 -0.91920539 -0.91114705 
2.84803587e-03 -0.93465932 -0.93045361 -0.92549096 -0.91897611 -0.91099732 
2.31012970e-03 -0.93420079 -0.92997575 -0.92504177 -0.91862719 -0.91075840 
1.87381742e-03 -0.93377615 -0.92955491 -0.92466310 -0.91830022 -0.91054738 
1.51991108e-03 -0.93339066 -0.92917704 -0.92434430 -0.91801805 -0.91034058 
1.23284674e-03 -0.93305053 -0.92885604 -0.92407589 -0.91778529 -0.91015280 
1.00000000e-03 -0.93276312 -0.92857423 -0.92385031 -0.91760939 -0.91002050 
8.11130831e-04 -0.93200038 -0.92783708 -0.92317901 -0.91700686 -0.90954753 
6.57933225e-04 -0.93129709 -0.92716804 -0.92255211 -0.91645801 -0.90916736 
5.33669923e-04 -0.93065996 -0.92657125 -0.92199366 -0.91598070 -0.90883927 
4.32876128e-04 -0.93009674 -0.92604963 -0.92151099 -0.91557881 -0.90856969 
3.51119173e-04 -0.92961642 -0.92559111 -0.92112927 -0.91525708 -0.90836604 
2.84803587e-04 -0.92891878 -0.92492972 -0.92053385 -0.91474369 -0.90798177 
2.31012970e-04 -0.92800049 -0.92404717 -0.91971767 -0.91403612 -0.90741490 
1.87381742e-04 -0.92717469 -0.92326685 -0.91900236 -0.91342443 -0.90692331 
1.51991108e-04 -0.92644874 -0.92259507 -0.91837914 -0.91290047 -0.90651362 
1.23284674e-04 -0.92583106 -0.92203765 -0.91786229 -0.91247865 -0.90619335 
1.00000000e-04 -0.92533119 -0.92159846 -0.91749222 -0.91217589 -0.90597100 
8.11130831e-05 -0.92438952 -0.92067638 -0.91666635 -0.91146290 -0.90528758 
6.57933225e-05 -0.92343477 -0.91987875 -0.91593262 -0.91088071 -0.90470228 
5.33669923e-05 -0.92263289 -0.91921681 -0.91533719 -0.91038567 -0.90426654 
4.32876128e-05 -0.92205924 -0.91866854 -0.91488205 -0.90999177 -0.90398100 
3.51119173e-05 -0.92161081 -0.91824518 -0.91452217 -0.90977272 -0.90371364 
2.84803587e-05 -0.92114032 -0.91777383 -0.91413884 -0.90946456 -0.90340587 
2.31012970e-05 -0.92061748 -0.91720221 -0.91368142 -0.90906508 -0.90310647 
1.87381742e-05 -0.92016823 -0.91674093 -0.91333563 -0.90875053 -0.90292064 
1.51991108e-05 -0.91962452 -0.91643838 -0.91313507 -0.90852764 -0.90281215 
1.23284674e-05 -0.91926580 -0.91624449 -0.91300676 -0.90838174 -0.90261401 
1.00000000e-05 -0.91908977 -0.91613166 -0.91298062 -0.90839286 -0.90255080 
8.11130831e-06 -0.91884641 -0.91593226 -0.91281790 -0.90820284 -0.90255668 
6.57933225e-06 -0.91871864 -0.91588487 -0.91282587 -0.90813379 -0.90237644 
5.33669923e-06 -0.91862727 -0.91585605 -0.91283765 -0.90809770 -0.90228237 
4.32876128e-06 -0.91867295 -0.91590176 -0.91288407 -0.90819103 -0.90231012 
3.51119173e-06 -0.91874480 -0.91597082 -0.91309680 -0.90839403 -0.90258585 
2.84803587e-06 -0.91884829 -0.91612978 -0.91330050 -0.90856793 -0.90286315 
2.31012970e-06 -0.91889534 -0.91629907 -0.91345222 -0.90869531 -0.90306253 
1.87381742e-06 -0.91911299 -0.91652534 -0.91365374 -0.90882822 -0.90332381 
1.51991108e-06 -0.91927689 -0.91677909 -0.91391589 -0.90897459 -0.90357947 
1.23284674e-06 -0.91943829 -0.91701686 -0.91417202 -0.90926895 -0.90391425 
1.00000000e-06 -0.91970105 -0.91727763 -0.91444338 -0.90962989 -0.90434320 
8.11130831e-07 -0.91992891 -0.91751599 -0.91468279 -0.90983333 -0.90463854 
6.57933225e-07 -0.92014022 -0.91775710 -0.91491491 -0.91005974 -0.90497996 
5.33669923e-07 -0.92037002 -0.91802416 -0.91515578 -0.91031366 -0.90533735 
4.32876128e-07 -0.92061554 -0.91828129 -0.91541402 -0.91057531 -0.90573574 
3.51119173e-07 -0.92085871 -0.91852861 -0.91568719 -0.91085811 -0.90618480 
2.84803587e-07 -0.92110131 -0.91877057 -0.91595534 -0.91109798 -0.90664956 
2.31012970e-07 -0.92133972 -0.91901243 -0.91621895 -0.91129117 -0.90700770 
1.87381742e-07 -0.92157962 -0.91925643 -0.91648306 -0.91149519 -0.90731213 
1.51991108e-07 -0.92182096 -0.91950106 -0.91673475 -0.91169020 -0.90760089 
1.23284674e-07 -0.92206369 -0.91975245 -0.91699084 -0.91190214 -0.90801250 
1.00000000e-07 -0.92230777 -0.92000361 -0.91724757 -0.91212459 -0.90836543 
P (bar) | log_H2O: -2σ | log_H2O: -1σ | log_H2O: median | log_H2O: +1σ | log_H2O: +2σ 
1.00000000e+02 -7.36409786 -7.27689364 -7.18777267 -7.08982566 -6.97634174 
8.11130831e+01 -7.27303776 -7.18594468 -7.09677496 -6.99884592 -6.88516970 
6.57933225e+01 -7.18197767 -7.09509260 -7.00543466 -6.90775051 -6.79461063 
5.33669923e+01 -7.09103792 -7.00417368 -6.91454462 -6.81713062 -6.70532474 
4.32876128e+01 -7.00007383 -6.91400694 -6.82389107 -6.72652381 -6.61385677 
3.51119173e+01 -6.90899993 -6.82359362 -6.73292846 -6.63591699 -6.52174924 
2.84803587e+01 -6.81728584 -6.73174388 -6.64087254 -6.54434504 -6.42883293 
2.31012970e+01 -6.72473221 -6.63872773 -6.54806056 -6.45180796 -6.33597532 
1.87381742e+01 -6.63214561 -6.54604249 -6.45489457 -6.35927088 -6.24336186 
1.51991108e+01 -6.53936702 -6.45323317 -6.36177868 -6.26673380 -6.15074840 
1.23284674e+01 -6.44681314 -6.36034794 -6.26856611 -6.17420269 -6.05813494 
1.00000000e+01 -6.35425926 -6.26752142 -6.17573390 -6.08167340 -5.96552148 
8.11130831e+00 -6.26139179 -6.17476162 -6.08317063 -5.98905732 -5.87318372 
6.57933225e+00 -6.16852432 -6.08206052 -5.99060736 -5.89645737 -5.78084595 
5.33669923e+00 -6.07565685 -5.98913269 -5.89808391 -5.80392790 -5.68850818 
4.32876128e+00 -5.98278938 -5.89640455 -5.80553854 -5.71139843 -5.59617041 
3.51119173e+00 -5.88988871 -5.80365000 -5.71313506 -5.61886895 -5.50383264 
2.84803587e+00 -5.79754521 -5.71150336 -5.62134472 -5.52694300 -5.41223725 
2.31012970e+00 -5.70578402 -5.61997072 -5.52998606 -5.43562056 -5.32138423 
1.87381742e+00 -5.61402283 -5.52840539 -5.43859880 -5.34429812 -5.23053120 
1.51991108e+00 -5.52226164 -5.43691273 -5.34728744 -5.25297567 -5.13967818 
1.23284674e+00 -5.43051519 -5.34546159 -5.25597608 -5.16165323 -5.04882516 
1.00000000e+00 -5.33874342 -5.25401046 -5.16466472 -5.07035336 -4.95797213 
8.11130831e-01 -5.24810384 -5.16342498 -5.07414912 -4.98018285 -4.86809097 
6.57933225e-01 -5.15746841 -5.07283951 -4.98363352 -4.89004207 -4.77820981 
5.33669923e-01 -5.06683299 -4.98225403 -4.89311793 -4.79995672 -4.68862821 
4.32876128e-01 -4.97619756 -4.89166856 -4.80260233 -4.70988167 -4.59990033 
3.51119173e-01 -4.88556214 -4.80108308 -4.71224791 -4.61983088 -4.51117244 
2.84803587e-01 -4.79516041 -4.71095090 -4.62226231 -4.53070709 -4.42340353 
2.31012970e-01 -4.70499238 -4.62100705 -4.53231868 -4.44156237 -4.33586349 
1.87381742e-01 -4.61482435 -4.53099857 -4.44230117 -4.35230100 -4.24681399 
1.51991108e-01 -4.52465631 -4.44089957 -4.35228366 -4.26281046 -4.15776450 
1.23284674e-01 -4.43448828 -4.35080057 -4.26257909 -4.17317801 -4.06871500 
1.00000000e-01 -4.34432025 -4.26070157 -4.17252458 -4.08371424 -3.98025540 
8.11130831e-02 -4.25507540 -4.17170194 -4.08372200 -3.99615813 -3.89338165 
6.57933225e-02 -4.16576045 -4.08270232 -3.99516947 -3.90781576 -3.80815979 
5.33669923e-02 -4.07655118 -3.99390174 -3.90692762 -3.81981261 -3.72298388 
4.32876128e-02 -3.98735415 -3.90536693 -3.81806441 -3.73145857 -3.63780797 
3.51119173e-02 -3.89815713 -3.81702270 -3.72951187 -3.64317359 -3.55167583 
2.84803587e-02 -3.81011601 -3.72998184 -3.64300948 -3.55745310 -3.46540094 
2.31012970e-02 -3.72323082 -3.64361548 -3.55723147 -3.47268509 -3.38093583 
1.87381742e-02 -3.63634562 -3.55719268 -3.47176011 -3.38743142 -3.30083432 
1.51991108e-02 -3.54946042 -3.47065700 -3.38649266 -3.30278604 -3.21692001 
1.23284674e-02 -3.46257523 -3.38406607 -3.30121233 -3.21840222 -3.13249479 
1.00000000e-02 -3.37569003 -3.29814358 -3.21572395 -3.13407094 -3.04984335 
8.11130831e-03 -3.29353779 -3.21774585 -3.13631415 -3.05626351 -2.97345048 
6.57933225e-03 -3.21138554 -3.13636379 -3.05693217 -2.97984494 -2.89803381 
5.33669923e-03 -3.12923330 -3.05542709 -2.97740090 -2.90257498 -2.82252362 
4.32876128e-03 -3.04708106 -2.97462425 -2.89801692 -2.82445733 -2.74459004 
3.51119173e-03 -2.96492881 -2.89321787 -2.81839235 -2.74561882 -2.67003092 
2.84803587e-03 -2.88669252 -2.81578579 -2.74295732 -2.67198118 -2.59885941 
2.31012970e-03 -2.81237217 -2.74277774 -2.67232612 -2.60314874 -2.53223981 
1.87381742e-03 -2.73805182 -2.66985239 -2.60134201 -2.53493550 -2.46562021 
1.51991108e-03 -2.66373147 -2.59680966 -2.53040183 -2.46621911 -2.39800752 
1.23284674e-03 -2.58997460 -2.52463976 -2.45978923 -2.39725006 -2.32978849 
1.00000000e-03 -2.51557234 -2.45207625 -2.38900190 -2.32845851 -2.26265939 
8.11130831e-04 -2.45119811 -2.38981281 -2.32894413 -2.27034473 -2.20614043 
6.57933225e-04 -2.38724727 -2.32789792 -2.26851237 -2.21247970 -2.14959152 
5.33669923e-04 -2.32332553 -2.26583735 -2.20913688 -2.15441945 -2.09411428 
4.32876128e-04 -2.25940378 -2.20410937 -2.14915958 -2.09624532 -2.03762665 
3.51119173e-04 -2.19525573 -2.14232164 -2.08919311 -2.03813714 -1.98068820 
2.84803587e-04 -2.13656471 -2.08630655 -2.03505756 -1.98476297 -1.92943165 
2.31012970e-04 -2.08398894 -2.03556614 -1.98614738 -1.93695674 -1.88389150 
1.87381742e-04 -2.03195850 -1.98477701 -1.93723720 -1.88998208 -1.83802196 
1.51991108e-04 -1.97940129 -1.93477107 -1.88820105 -1.84233808 -1.79214806 
1.23284674e-04 -1.92710033 -1.88362483 -1.83924896 -1.79499838 -1.74627417 
1.00000000e-04 -1.87525897 -1.83298812 -1.79045202 -1.74774737 -1.70053242 
8.11130831e-05 -1.83360279 -1.79244749 -1.75121916 -1.71000838 -1.66478224 
6.57933225e-05 -1.79160695 -1.75232681 -1.71226556 -1.67228181 -1.62922724 
5.33669923e-05 -1.74977817 -1.71233417 -1.67345190 -1.63453034 -1.59367225 
4.32876128e-05 -1.70819173 -1.67235724 -1.63441019 -1.59675649 -1.55811725 
3.51119173e-05 -1.66667331 -1.63195745 -1.59538175 -1.55927720 -1.52206729 
2.84803587e-05 -1.62994092 -1.59602354 -1.56100091 -1.52626424 -1.49124502 
2.31012970e-05 -1.59819861 -1.56514177 -1.53076419 -1.49788848 -1.46311493 
1.87381742e-05 -1.56645629 -1.53394379 -1.50135739 -1.46919793 -1.43695639 
1.51991108e-05 -1.53471150 -1.50247894 -1.47153269 -1.44041421 -1.40867240 
1.23284674e-05 -1.50178894 -1.47152905 -1.44140469 -1.41155929 -1.38223260 
1.00000000e-05 -1.46888079 -1.44032756 -1.41172551 -1.38266706 -1.35345165 
8.11130831e-06 -1.44470855 -1.41769797 -1.39036202 -1.36256155 -1.33499799 
6.57933225e-06 -1.42225037 -1.39578368 -1.36893709 -1.34162866 -1.31449632 
5.33669923e-06 -1.39882781 -1.37402463 -1.34721659 -1.32083853 -1.29416718 
4.32876128e-06 -1.37601258 -1.35151295 -1.32611079 -1.30041586 -1.27395793 
3.51119173e-06 -1.35375836 -1.32886687 -1.30481363 -1.27956123 -1.25377300 
2.84803587e-06 -1.33550481 -1.31130987 -1.28705606 -1.26303962 -1.23668939 
2.31012970e-06 -1.32128887 -1.29833782 -1.27303419 -1.24884895 -1.22319227 
1.87381742e-06 -1.30655178 -1.28519614 -1.25945637 -1.23405704 -1.20956211 
1.51991108e-06 -1.29332040 -1.27207952 -1.24556463 -1.21993809 -1.19507190 
1.23284674e-06 -1.27996250 -1.25877720 -1.23284975 -1.20459242 -1.17963330 
1.00000000e-06 -1.26639159 -1.24540338 -1.21993485 -1.18977001 -1.16426406 
8.11130831e-07 -1.25958383 -1.23863312 -1.21280716 -1.18079694 -1.15238348 
6.57933225e-07 -1.25245702 -1.23182637 -1.20574140 -1.17247120 -1.14080803 
5.33669923e-07 -1.24501257 -1.22473803 -1.19888449 -1.16354787 -1.12778195 
4.32876128e-07 -1.23835399 -1.21817417 -1.19214845 -1.15434158 -1.11591041 
3.51119173e-07 -1.23169541 -1.21140064 -1.18509668 -1.14534570 -1.10367903 
2.84803587e-07 -1.22702468 -1.20705778 -1.17996606 -1.13773975 -1.09451534 
2.31012970e-07 -1.22416220 -1.20449127 -1.17691076 -1.13287563 -1.08879631 
1.87381742e-07 -1.22134576 -1.20191033 -1.17381402 -1.12802817 -1.08261446 
1.51991108e-07 -1.21865009 -1.19928605 -1.17061818 -1.12295043 -1.07607822 
1.23284674e-07 -1.21598715 -1.19654999 -1.16754117 -1.11852546 -1.06930090 
1.00000000e-07 -1.21325874 -1.19420484 -1.16421791 -1.11337942 -1.06221948 
P (bar) | log_CO: -2σ | log_CO: -1σ | log_CO: median | log_CO: +1σ | log_CO: +2σ 
1.00000000e+02 -0.87400723 -0.82060837 -0.78476607 -0.76227884 -0.74449303 
8.11130831e+01 -0.87137817 -0.81755261 -0.78264979 -0.76006091 -0.74181663 
6.57933225e+01 -0.86822751 -0.81449686 -0.78027183 -0.75750012 -0.73923853 
5.33669923e+01 -0.86494957 -0.81174167 -0.77816043 -0.75529045 -0.73662224 
4.32876128e+01 -0.86167163 -0.80880910 -0.77606024 -0.75303501 -0.73388656 
3.51119173e+01 -0.85839369 -0.80600077 -0.77393848 -0.75069337 -0.73115089 
2.84803587e+01 -0.85467090 -0.80248452 -0.77080424 -0.74765186 -0.72811047 
2.31012970e+01 -0.85053707 -0.79853606 -0.76694373 -0.74393486 -0.72478568 
1.87381742e+01 -0.84741350 -0.79486350 -0.76293177 -0.74007003 -0.72146089 
1.51991108e+01 -0.84424318 -0.79112885 -0.75908755 -0.73644302 -0.71813611 
1.23284674e+01 -0.84017961 -0.78733112 -0.75519162 -0.73288689 -0.71481132 
1.00000000e+01 -0.83564130 -0.78353987 -0.75126659 -0.72942811 -0.71215747 
8.11130831e+00 -0.83148050 -0.78043277 -0.74854354 -0.72671683 -0.70899763 
6.57933225e+00 -0.82532585 -0.77721999 -0.74597432 -0.72426945 -0.70650873 
5.33669923e+00 -0.82107246 -0.77396493 -0.74326476 -0.72153867 -0.70401983 
4.32876128e+00 -0.81681907 -0.77076847 -0.74057854 -0.71908593 -0.70153093 
3.51119173e+00 -0.81256568 -0.76780218 -0.73788137 -0.71662309 -0.69906586 
2.84803587e+00 -0.80965604 -0.76595775 -0.73612126 -0.71496440 -0.69733621 
2.31012970e+00 -0.80866666 -0.76519473 -0.73517627 -0.71386075 -0.69631791 
1.87381742e+00 -0.80767729 -0.76418081 -0.73429272 -0.71304606 -0.69529961 
1.51991108e+00 -0.80647455 -0.76329466 -0.73348416 -0.71191695 -0.69409845 
1.23284674e+00 -0.80522798 -0.76241539 -0.73250906 -0.71079332 -0.69304155 
1.00000000e+00 -0.80424683 -0.76156644 -0.73141631 -0.70979236 -0.69218860 
8.11130831e-01 -0.80430574 -0.76161511 -0.73138331 -0.70973815 -0.69215321 
6.57933225e-01 -0.80436464 -0.76166378 -0.73138541 -0.70968394 -0.69211781 
5.33669923e-01 -0.80442355 -0.76171246 -0.73137777 -0.70962974 -0.69208242 
4.32876128e-01 -0.80448246 -0.76176113 -0.73136089 -0.70957553 -0.69204703 
3.51119173e-01 -0.80454137 -0.76180980 -0.73134822 -0.70952132 -0.69201163 
2.84803587e-01 -0.80459025 -0.76185845 -0.73133832 -0.70950183 -0.69200664 
2.31012970e-01 -0.80462910 -0.76190519 -0.73135238 -0.70951705 -0.69202962 
1.87381742e-01 -0.80466794 -0.76194978 -0.73136643 -0.70953227 -0.69205145 
1.51991108e-01 -0.80470679 -0.76199117 -0.73138048 -0.70954748 -0.69207328 
1.23284674e-01 -0.80474564 -0.76203256 -0.73139453 -0.70956270 -0.69209511 
1.00000000e-01 -0.80478449 -0.76207395 -0.73140858 -0.70957792 -0.69211694 
8.11130831e-02 -0.80491342 -0.76219609 -0.73151928 -0.70968790 -0.69223667 
6.57933225e-02 -0.80504235 -0.76232505 -0.73164383 -0.70980456 -0.69235640 
5.33669923e-02 -0.80517129 -0.76245246 -0.73177998 -0.70992122 -0.69247614 
4.32876128e-02 -0.80530022 -0.76257188 -0.73191612 -0.71003789 -0.69259587 
3.51119173e-02 -0.80542915 -0.76271744 -0.73205227 -0.71015455 -0.69271561 
2.84803587e-02 -0.80573659 -0.76298667 -0.73236365 -0.71046637 -0.69298323 
2.31012970e-02 -0.80622254 -0.76344160 -0.73276869 -0.71094121 -0.69339873 
1.87381742e-02 -0.80670848 -0.76397033 -0.73318605 -0.71143457 -0.69381424 
1.51991108e-02 -0.80719443 -0.76447889 -0.73357678 -0.71192500 -0.69422974 
1.23284674e-02 -0.80768038 -0.76496137 -0.73397924 -0.71231899 -0.69464525 
1.00000000e-02 -0.80816632 -0.76539673 -0.73445220 -0.71270796 -0.69509543 
8.11130831e-03 -0.80948823 -0.76651731 -0.73580669 -0.71380896 -0.69630043 
6.57933225e-03 -0.81047644 -0.76779369 -0.73696037 -0.71512012 -0.69750543 
5.33669923e-03 -0.81140575 -0.76905735 -0.73822922 -0.71637749 -0.69871043 
4.32876128e-03 -0.81233507 -0.77032101 -0.73954780 -0.71755732 -0.69991543 
3.51119173e-03 -0.81326438 -0.77154959 -0.74060070 -0.71869362 -0.70112044 
2.84803587e-03 -0.81504647 -0.77354598 -0.74264641 -0.72070747 -0.70302328 
2.31012970e-03 -0.81739469 -0.77633596 -0.74539891 -0.72345030 -0.70562398 
1.87381742e-03 -0.81964670 -0.77912583 -0.74801280 -0.72603175 -0.70822467 
1.51991108e-03 -0.82189872 -0.78182378 -0.75073778 -0.72854302 -0.71082537 
1.23284674e-03 -0.82415073 -0.78450537 -0.75336660 -0.73119537 -0.71342606 
1.00000000e-03 -0.82708387 -0.78709989 -0.75588894 -0.73410377 -0.71602675 
8.11130831e-04 -0.83229608 -0.79191567 -0.76023473 -0.73876928 -0.72032587 
6.57933225e-04 -0.83750829 -0.79656091 -0.76543862 -0.74346590 -0.72459025 
5.33669923e-04 -0.84232572 -0.80123065 -0.77024093 -0.74802473 -0.72927747 
4.32876128e-04 -0.84657381 -0.80603047 -0.77512530 -0.75257980 -0.73371536 
3.51119173e-04 -0.85052257 -0.81088111 -0.78004746 -0.75730327 -0.73856940 
2.84803587e-04 -0.85652504 -0.81674251 -0.78596561 -0.76315610 -0.74451461 
2.31012970e-04 -0.86398780 -0.82380947 -0.79308827 -0.77008485 -0.75107361 
1.87381742e-04 -0.87174337 -0.83099950 -0.80013245 -0.77713280 -0.75761460 
1.51991108e-04 -0.87945272 -0.83830422 -0.80720163 -0.78390816 -0.76415558 
1.23284674e-04 -0.88659684 -0.84518647 -0.81438370 -0.79105970 -0.77069656 
1.00000000e-04 -0.89401550 -0.85214700 -0.82144137 -0.79789369 -0.77723755 
8.11130831e-05 -0.90346288 -0.86126052 -0.83052161 -0.80679526 -0.78571609 
6.57933225e-05 -0.91291026 -0.87043824 -0.83947919 -0.81560192 -0.79430777 
5.33669923e-05 -0.92235765 -0.87955013 -0.84851839 -0.82420209 -0.80288695 
4.32876128e-05 -0.93180503 -0.88860966 -0.85746512 -0.83288872 -0.81126341 
3.51119173e-05 -0.94125241 -0.89786222 -0.86651772 -0.84171615 -0.81963986 
2.84803587e-05 -0.95173866 -0.90762753 -0.87579107 -0.85067111 -0.82849433 
2.31012970e-05 -0.96322098 -0.91778744 -0.88525405 -0.85955460 -0.83722115 
1.87381742e-05 -0.97468667 -0.92773285 -0.89471319 -0.86857664 -0.84576983 
1.51991108e-05 -0.98578676 -0.93800545 -0.90437245 -0.87755353 -0.85431851 
1.23284674e-05 -0.99632737 -0.94849672 -0.91392438 -0.88679731 -0.86288344 
1.00000000e-05 -1.00696265 -0.95881638 -0.92353201 -0.89601763 -0.87160282 
8.11130831e-06 -1.01861665 -0.96839966 -0.93122452 -0.90332989 -0.87937017 
6.57933225e-06 -1.03047171 -0.97827184 -0.93857979 -0.91060473 -0.88677004 
5.33669923e-06 -1.04188172 -0.98757644 -0.94653970 -0.91826274 -0.89366593 
4.32876128e-06 -1.05269491 -0.99722892 -0.95380810 -0.92595489 -0.90054426 
3.51119173e-06 -1.06380651 -1.00726964 -0.96135686 -0.93298336 -0.90754499 
2.84803587e-06 -1.07455848 -1.01579440 -0.96757867 -0.93920083 -0.91399912 
2.31012970e-06 -1.08616695 -1.02270591 -0.97263875 -0.94378327 -0.91840558 
1.87381742e-06 -1.09577475 -1.03068892 -0.97751003 -0.94827104 -0.92255928 
1.51991108e-06 -1.10766826 -1.03938911 -0.98235730 -0.95211869 -0.92655382 
1.23284674e-06 -1.11818255 -1.04754814 -0.98727609 -0.95611459 -0.93074497 
1.00000000e-06 -1.13021903 -1.05566251 -0.99153469 -0.96025341 -0.93427035 
8.11130831e-07 -1.13913835 -1.06033533 -0.99354483 -0.96193443 -0.93554422 
6.57933225e-07 -1.14805767 -1.06569248 -0.99572033 -0.96313263 -0.93767175 
5.33669923e-07 -1.15666696 -1.07107123 -0.99819537 -0.96470551 -0.93964588 
4.32876128e-07 -1.16471762 -1.07646306 -1.00052064 -0.96614140 -0.94162001 
3.51119173e-07 -1.17276829 -1.08192397 -1.00293345 -0.96729831 -0.94208651 
2.84803587e-07 -1.17911104 -1.08564415 -1.00384987 -0.96768880 -0.94212465 
2.31012970e-07 -1.18374588 -1.08741487 -1.00399305 -0.96743299 -0.94167981 
1.87381742e-07 -1.18838072 -1.08939728 -1.00415290 -0.96707178 -0.94123497 
1.51991108e-07 -1.19301556 -1.09158800 -1.00450721 -0.96677010 -0.94079014 
1.23284674e-07 -1.19765040 -1.09371179 -1.00445102 -0.96649529 -0.94034530 
1.00000000e-07 -1.20228524 -1.09576478 -1.00458502 -0.96594451 -0.93990046 
P (bar) | log_CH4: -2σ | log_CH4: -1σ | log_CH4: median | log_CH4: +1σ | log_CH4: +2σ 
1.00000000e+02 -14.17561634 -13.98049865 -13.78795476 -13.54351868 -13.24366320 
8.11130831e+01 -14.16031685 -13.96859728 -13.77645917 -13.53213471 -13.23534606 
6.57933225e+01 -14.14478555 -13.95699860 -13.76499719 -13.52063393 -13.22563914 
5.33669923e+01 -14.13145786 -13.94436459 -13.75351929 -13.50916503 -13.21579567 
4.32876128e+01 -14.11889818 -13.93324613 -13.74139702 -13.49769614 -13.20595220 
3.51119173e+01 -14.10633851 -13.92144767 -13.72970372 -13.48630164 -13.19610873 
2.84803587e+01 -14.08579979 -13.90218747 -13.71345612 -13.46907336 -13.18178920 
2.31012970e+01 -14.06028181 -13.87670287 -13.68935239 -13.44978024 -13.16299361 
1.87381742e+01 -14.03552449 -13.85302792 -13.66653778 -13.42961977 -13.14419801 
1.51991108e+01 -14.01038683 -13.82733337 -13.64295930 -13.40923734 -13.12490905 
1.23284674e+01 -13.98603680 -13.80142891 -13.62062157 -13.38881891 -13.10660682 
1.00000000e+01 -13.96258982 -13.77896880 -13.59745813 -13.36734427 -13.08781122 
8.11130831e+00 -13.94446844 -13.76212984 -13.58189763 -13.35031432 -13.06314171 
6.57933225e+00 -13.92708144 -13.74634955 -13.56626105 -13.33113952 -13.03847220 
5.33669923e+00 -13.91056640 -13.73164792 -13.54914913 -13.31019644 -13.01243862 
4.32876128e+00 -13.89405136 -13.71535364 -13.53152961 -13.28912473 -12.98494158 
3.51119173e+00 -13.87753631 -13.69862025 -13.51357457 -13.26684829 -12.96307974 
2.84803587e+00 -13.86828914 -13.68954529 -13.50232290 -13.25264283 -12.94536909 
2.31012970e+00 -13.86411754 -13.68433285 -13.49689704 -13.24619201 -12.93684879 
1.87381742e+00 -13.85984243 -13.67787240 -13.49062801 -13.23888055 -12.92583454 
1.51991108e+00 -13.85556733 -13.67247082 -13.48412119 -13.23357854 -12.92098031 
1.23284674e+00 -13.85129222 -13.66724250 -13.47857879 -13.22641180 -12.91630983 
1.00000000e+00 -13.84701711 -13.66266924 -13.47334476 -13.21862849 -12.90983750 
8.11130831e-01 -13.84807838 -13.66338642 -13.47394666 -13.21903139 -12.91212589 
6.57933225e-01 -13.84957485 -13.66410360 -13.47447925 -13.21946561 -12.91441427 
5.33669923e-01 -13.85107132 -13.66479474 -13.47511491 -13.21989982 -12.91613044 
4.32876128e-01 -13.85256779 -13.66566812 -13.47596901 -13.22033404 -12.91766848 
3.51119173e-01 -13.85406426 -13.66654149 -13.47658187 -13.22089150 -12.91920651 
2.84803587e-01 -13.85600574 -13.66800286 -13.47805202 -13.22254146 -12.92190164 
2.31012970e-01 -13.85751332 -13.67005222 -13.47976536 -13.22527279 -12.92799607 
1.87381742e-01 -13.85885775 -13.67210158 -13.48147870 -13.22860612 -12.93432068 
1.51991108e-01 -13.86020219 -13.67415094 -13.48337221 -13.23210992 -12.93903624 
1.23284674e-01 -13.86154663 -13.67599557 -13.48527740 -13.23561372 -12.94375179 
1.00000000e-01 -13.86289107 -13.67758392 -13.48718260 -13.23911752 -12.94846735 
8.11130831e-02 -13.86638185 -13.68159471 -13.49189493 -13.24685295 -12.95842210 
6.57933225e-02 -13.87050484 -13.68560318 -13.49660727 -13.25424406 -12.96837684 
5.33669923e-02 -13.87537075 -13.68961166 -13.50154849 -13.26063333 -12.97833158 
4.32876128e-02 -13.88023665 -13.69433402 -13.50699901 -13.26655354 -12.98828633 
3.51119173e-02 -13.88510256 -13.69928942 -13.51257430 -13.27234463 -12.99924867 
2.84803587e-02 -13.89344801 -13.70780078 -13.52061113 -13.28311053 -13.01696303 
2.31012970e-02 -13.90527300 -13.71948180 -13.53253218 -13.29839799 -13.03653027 
1.87381742e-02 -13.91709799 -13.73001193 -13.54552696 -13.31428443 -13.05826908 
1.51991108e-02 -13.92892298 -13.74146768 -13.55870492 -13.32826701 -13.07771431 
1.23284674e-02 -13.93863495 -13.75248820 -13.57296708 -13.34402845 -13.09674737 
1.00000000e-02 -13.94817404 -13.76455988 -13.58595089 -13.36152441 -13.11527367 
8.11130831e-03 -13.97117523 -13.79058654 -13.61339811 -13.39935355 -13.15276002 
6.57933225e-03 -13.99417643 -13.81690964 -13.64168483 -13.42916328 -13.19055172 
5.33669923e-03 -14.01740115 -13.84228739 -13.66967420 -13.45897400 -13.22910360 
4.32876128e-03 -14.04017882 -13.86875743 -13.69776460 -13.49047337 -13.26914337 
3.51119173e-03 -14.06318001 -13.89445506 -13.72708598 -13.52248205 -13.30392681 
2.84803587e-03 -14.09955921 -13.93226445 -13.76856721 -13.56521189 -13.34758158 
2.31012970e-03 -14.14836332 -13.98279710 -13.82100164 -13.62424881 -13.41065376 
1.87381742e-03 -14.19702604 -14.03375270 -13.87318695 -13.67951227 -13.47366802 
1.51991108e-03 -14.24161799 -14.08776085 -13.92525924 -13.73317153 -13.53362141 
1.23284674e-03 -14.29104817 -14.14113404 -13.97912996 -13.78972677 -13.59440523 
1.00000000e-03 -14.34057209 -14.19309986 -14.03170232 -13.84494771 -13.65367771 
8.11130831e-04 -14.42367372 -14.27473423 -14.11648569 -13.93089372 -13.74064894 
6.57933225e-04 -14.50593322 -14.35815121 -14.20085171 -14.01933367 -13.83033909 
5.33669923e-04 -14.58881188 -14.44327127 -14.28467943 -14.10301732 -13.92412705 
4.32876128e-04 -14.67379074 -14.53004422 -14.36849296 -14.18822661 -14.01309780 
3.51119173e-04 -14.75876961 -14.61676601 -14.45401847 -14.27427982 -14.10271458 
2.84803587e-04 -14.86108984 -14.72068417 -14.55492459 -14.37655983 -14.20904863 
2.31012970e-04 -14.98544089 -14.83981577 -14.67220149 -14.49405986 -14.32714919 
1.87381742e-04 -15.10041306 -14.95874887 -14.79210426 -14.61229576 -14.44217892 
1.51991108e-04 -15.21964857 -15.07685739 -14.90985033 -14.73071454 -14.55942363 
1.23284674e-04 -15.33806024 -15.19712983 -15.02959120 -14.85187205 -14.67517888 
1.00000000e-04 -15.45786631 -15.31871428 -15.14793708 -14.97006290 -14.79348666 
8.11130831e-05 -15.60690483 -15.46548006 -15.29305668 -15.11471606 -14.94028164 
6.57933225e-05 -15.75500621 -15.61266510 -15.43817627 -15.26056375 -15.08707662 
5.33669923e-05 -15.90281038 -15.76307124 -15.58590429 -15.40427247 -15.22973402 
4.32876128e-05 -16.05061454 -15.91125861 -15.73152800 -15.55046725 -15.37404828 
3.51119173e-05 -16.19932086 -16.06021504 -15.87915236 -15.69726336 -15.51836254 
2.84803587e-05 -16.35809452 -16.21836254 -16.03432408 -15.85285573 -15.67483048 
2.31012970e-05 -16.52453787 -16.38233841 -16.19867002 -16.01685412 -15.83662357 
1.87381742e-05 -16.69098121 -16.54801517 -16.36335971 -16.18233057 -16.00342921 
1.51991108e-05 -16.85695844 -16.71406060 -16.52724677 -16.34846220 -16.16966489 
1.23284674e-05 -17.02341532 -16.87856086 -16.69052480 -16.51184556 -16.33863533 
1.00000000e-05 -17.18980410 -17.04349373 -16.85632836 -16.67718248 -16.50617049 
8.11130831e-06 -17.36048167 -17.21845245 -17.03110971 -16.85634032 -16.68864324 
6.57933225e-06 -17.53115924 -17.39243769 -17.20579970 -17.03195974 -16.87072323 
5.33669923e-06 -17.70293440 -17.56444605 -17.37980099 -17.20993724 -17.05008100 
4.32876128e-06 -17.87504207 -17.73906322 -17.55460572 -17.38796117 -17.22928259 
3.51119173e-06 -18.04918214 -17.91163454 -17.73013174 -17.56219717 -17.40475057 
2.84803587e-06 -18.22526498 -18.08579828 -17.90718990 -17.74311602 -17.58488051 
2.31012970e-06 -18.39950209 -18.26147149 -18.08462787 -17.92243618 -17.76917810 
1.87381742e-06 -18.57851705 -18.43633998 -18.26132993 -18.10268897 -17.95601071 
1.51991108e-06 -18.75488683 -18.61084818 -18.44036172 -18.28154955 -18.13688685 
1.23284674e-06 -18.92945701 -18.78862090 -18.61830648 -18.46250951 -18.32067534 
1.00000000e-06 -19.10762483 -18.96742486 -18.79779290 -18.64105612 -18.50601883 
8.11130831e-07 -19.28779504 -19.14407374 -18.97501624 -18.81911249 -18.68504062 
6.57933225e-07 -19.46589882 -19.31824143 -19.15055875 -18.99742785 -18.86121088 
5.33669923e-07 -19.65079359 -19.49649865 -19.32792934 -19.17503968 -19.03771729 
4.32876128e-07 -19.83010260 -19.67344140 -19.50611733 -19.35275175 -19.21303664 
3.51119173e-07 -20.00685566 -19.84623606 -19.68025688 -19.52838043 -19.38902864 
2.84803587e-07 -20.18250384 -20.02242455 -19.85455853 -19.70309415 -19.56376823 
2.31012970e-07 -20.35972872 -20.19607135 -20.02841713 -19.87691460 -19.73938636 
1.87381742e-07 -20.53583578 -20.37466861 -20.20352274 -20.05176182 -19.91552764 
1.51991108e-07 -20.70977005 -20.54959165 -20.37949515 -20.22558099 -20.09016461 
1.23284674e-07 -20.88381103 -20.72559573 -20.55460579 -20.40206482 -20.26368917 
1.00000000e-07 -21.06116368 -20.90426353 -20.73007990 -20.57556279 -20.43669120 
P (bar) | log_H2S: -2σ | log_H2S: -1σ | log_H2S: median | log_H2S: +1σ | log_H2S: +2σ 
1.00000000e+02 -8.44364377 -8.34148184 -8.23485500 -8.09414024 -7.90042001 
8.11130831e+01 -8.35346153 -8.25151497 -8.14497534 -8.00464805 -7.81149643 
6.57933225e+01 -8.26327929 -8.16119731 -8.05497665 -7.91529413 -7.72286981 
5.33669923e+01 -8.17309705 -8.07046189 -7.96480619 -7.82501479 -7.63432647 
4.32876128e+01 -8.08291481 -7.98069792 -7.87486326 -7.73472764 -7.54578312 
3.51119173e+01 -7.99273257 -7.89069041 -7.78498058 -7.64561126 -7.45723978 
2.84803587e+01 -7.90319212 -7.80172132 -7.69551859 -7.55682502 -7.36891187 
2.31012970e+01 -7.81429346 -7.71280829 -7.60727303 -7.46795793 -7.28079938 
1.87381742e+01 -7.72539481 -7.62416220 -7.51919916 -7.37994866 -7.19268690 
1.51991108e+01 -7.63649615 -7.53563408 -7.43018807 -7.29223764 -7.10457441 
1.23284674e+01 -7.54759749 -7.44706355 -7.34212999 -7.20433246 -7.01646193 
1.00000000e+01 -7.45869883 -7.35844666 -7.25351982 -7.11589578 -6.92834944 
8.11130831e+00 -7.36926233 -7.26909865 -7.16450910 -7.02711614 -6.84030930 
6.57933225e+00 -7.27982582 -7.17971483 -7.07529717 -6.93789985 -6.75305108 
5.33669923e+00 -7.19038931 -7.09044141 -6.98633537 -6.84844227 -6.66922022 
4.32876128e+00 -7.10095280 -7.00162843 -6.89707176 -6.76021153 -6.58198144 
3.51119173e+00 -7.01151630 -6.91272738 -6.80786501 -6.67215252 -6.49323461 
2.84803587e+00 -6.92179679 -6.82307495 -6.71817739 -6.58304193 -6.40446062 
2.31012970e+00 -6.83179430 -6.73283640 -6.62828046 -6.49323214 -6.31566899 
1.87381742e+00 -6.74179180 -6.64268475 -6.53885454 -6.40341976 -6.22687736 
1.51991108e+00 -6.65178930 -6.55263311 -6.44873286 -6.31360738 -6.13808573 
1.23284674e+00 -6.56178681 -6.46273367 -6.35887341 -6.22380336 -6.04929410 
1.00000000e+00 -6.47178431 -6.37287435 -6.26918084 -6.13399697 -5.96050247 
8.11130831e-01 -6.38135211 -6.28249908 -6.17893475 -6.04387936 -5.87201456 
6.57933225e-01 -6.29091991 -6.19212030 -6.08868867 -5.95382226 -5.78352666 
5.33669923e-01 -6.20048771 -6.10172965 -5.99840499 -5.86380457 -5.69503876 
4.32876128e-01 -6.11005551 -6.01133900 -5.90810951 -5.77378688 -5.60604682 
3.51119173e-01 -6.01962331 -5.92095556 -5.81781404 -5.68376919 -5.51654155 
2.84803587e-01 -5.92952530 -5.83098893 -5.72795344 -5.59435374 -5.42793907 
2.31012970e-01 -5.83976148 -5.74141077 -5.63852774 -5.50554054 -5.34023938 
1.87381742e-01 -5.74999767 -5.65183260 -5.54910203 -5.41672733 -5.25253968 
1.51991108e-01 -5.66023386 -5.56225443 -5.45973208 -5.32800093 -5.16483999 
1.23284674e-01 -5.57047004 -5.47266973 -5.37025061 -5.23934191 -5.07714029 
1.00000000e-01 -5.48070623 -5.38308053 -5.28082490 -5.15068288 -4.99065134 
8.11130831e-02 -5.39256901 -5.29536232 -5.19352659 -5.06495871 -4.90890914 
6.57933225e-02 -5.30443180 -5.20764411 -5.10642795 -4.97885656 -4.82612260 
5.33669923e-02 -5.21629459 -5.11993221 -5.01912643 -4.89269328 -4.74276935 
4.32876128e-02 -5.12815737 -5.03222772 -4.93197477 -4.80643176 -4.65941611 
3.51119173e-02 -5.04002016 -4.94452323 -4.84498014 -4.72098940 -4.57553954 
2.84803587e-02 -4.95385346 -4.85905496 -4.76052683 -4.63795591 -4.49650893 
2.31012970e-02 -4.86965727 -4.77573017 -4.67837178 -4.55789097 -4.42089366 
1.87381742e-02 -4.78546109 -4.69241015 -4.59629572 -4.47806376 -4.34612351 
1.51991108e-02 -4.70126490 -4.60911041 -4.51461861 -4.39823655 -4.27135335 
1.23284674e-02 -4.61706872 -4.52578351 -4.43278769 -4.31809467 -4.19448621 
1.00000000e-02 -4.53287253 -4.44245186 -4.35066884 -4.23776600 -4.11773573 
8.11130831e-03 -4.45715298 -4.36814343 -4.27922440 -4.16918448 -4.05424441 
6.57933225e-03 -4.38143343 -4.29388788 -4.20775285 -4.10210378 -3.99075309 
5.33669923e-03 -4.30571388 -4.22016240 -4.13541958 -4.03428799 -3.92726177 
4.32876128e-03 -4.22999433 -4.14605842 -4.06429329 -3.96568305 -3.86377045 
3.51119173e-03 -4.15427477 -4.07228366 -3.99238496 -3.89783828 -3.80036463 
2.84803587e-03 -4.08583980 -4.00591149 -3.92861966 -3.83759837 -3.74307834 
2.31012970e-03 -4.02468941 -3.94782485 -3.87342547 -3.78671369 -3.69367970 
1.87381742e-03 -3.96353901 -3.88949249 -3.81774167 -3.73616135 -3.64436555 
1.51991108e-03 -3.90263412 -3.83041054 -3.76298766 -3.68357586 -3.59505140 
1.23284674e-03 -3.84214237 -3.77161988 -3.70737055 -3.63088345 -3.54821428 
1.00000000e-03 -3.78060737 -3.71318932 -3.65191584 -3.57850814 -3.50166533 
8.11130831e-04 -3.73853116 -3.67417162 -3.61815724 -3.54667436 -3.47186602 
6.57933225e-04 -3.69724257 -3.63707431 -3.58304998 -3.51448414 -3.44208356 
5.33669923e-04 -3.65506530 -3.59919237 -3.54823448 -3.48443870 -3.41134544 
4.32876128e-04 -3.61386115 -3.56201425 -3.51414996 -3.45297131 -3.38362167 
3.51119173e-04 -3.57230448 -3.52565612 -3.47991290 -3.42200358 -3.35328288 
2.84803587e-04 -3.54029209 -3.49932349 -3.45544433 -3.39922675 -3.33057633 
2.31012970e-04 -3.52196151 -3.48379131 -3.44123396 -3.38517781 -3.31810505 
1.87381742e-04 -3.50329050 -3.46795887 -3.42665821 -3.37315055 -3.30465531 
1.51991108e-04 -3.48624344 -3.45355679 -3.41273030 -3.35923685 -3.29227098 
1.23284674e-04 -3.47318167 -3.44006523 -3.40005519 -3.34490784 -3.27791947 
1.00000000e-04 -3.45588155 -3.42640275 -3.38725892 -3.33046874 -3.26477391 
8.11130831e-05 -3.46403919 -3.43266813 -3.39414573 -3.33453341 -3.27054645 
6.57933225e-05 -3.47066383 -3.43834549 -3.39868180 -3.34038854 -3.27542038 
5.33669923e-05 -3.47925620 -3.44442667 -3.40437822 -3.34503788 -3.27937810 
4.32876128e-05 -3.48843752 -3.45128338 -3.40998849 -3.35015019 -3.28501262 
3.51119173e-05 -3.49860348 -3.45916061 -3.41506161 -3.35529255 -3.29027555 
2.84803587e-05 -3.51487861 -3.47482382 -3.42956539 -3.36873353 -3.30308946 
2.31012970e-05 -3.54183210 -3.49994707 -3.45330099 -3.39194846 -3.32368868 
1.87381742e-05 -3.56839300 -3.52569171 -3.47591109 -3.41369960 -3.34234233 
1.51991108e-05 -3.59621403 -3.55042416 -3.49847811 -3.43423729 -3.36572715 
1.23284674e-05 -3.62368096 -3.57571245 -3.52132665 -3.45593431 -3.38400134 
1.00000000e-05 -3.65035389 -3.60208240 -3.54366680 -3.47806007 -3.40401496 
8.11130831e-06 -3.69408363 -3.64312492 -3.58153584 -3.51550226 -3.43779753 
6.57933225e-06 -3.73626142 -3.68282200 -3.61861982 -3.55118120 -3.47381876 
5.33669923e-06 -3.77816100 -3.72301879 -3.65681651 -3.58830315 -3.50544027 
4.32876128e-06 -3.82006058 -3.76324132 -3.69377803 -3.62329507 -3.54134430 
3.51119173e-06 -3.86196017 -3.80370621 -3.73096227 -3.65845321 -3.57537290 
2.84803587e-06 -3.91069268 -3.85112354 -3.77516267 -3.69838319 -3.61466273 
2.31012970e-06 -3.96893832 -3.90314395 -3.82407084 -3.74747813 -3.66329860 
1.87381742e-06 -4.02345273 -3.95596733 -3.87259559 -3.79382283 -3.71193448 
1.51991108e-06 -4.08024117 -4.00729207 -3.92167124 -3.84001367 -3.75776116 
1.23284674e-06 -4.13455175 -4.05992880 -3.96996034 -3.88774795 -3.80591751 
1.00000000e-06 -4.19000834 -4.11186217 -4.01906291 -3.93612158 -3.85436149 
8.11130831e-07 -4.25554391 -4.17365753 -4.07834781 -3.99172507 -3.90878190 
6.57933225e-07 -4.32153507 -4.23682157 -4.13662099 -4.04892630 -3.96546336 
5.33669923e-07 -4.38922403 -4.29878059 -4.19571992 -4.10412312 -4.01947826 
4.32876128e-07 -4.45671457 -4.36020353 -4.25538087 -4.16153027 -4.07378483 
3.51119173e-07 -4.52712230 -4.42422260 -4.31377487 -4.21730280 -4.12696975 
2.84803587e-07 -4.59526486 -4.49026728 -4.37689406 -4.27734328 -4.18401729 
2.31012970e-07 -4.67013595 -4.55923178 -4.44573655 -4.34056162 -4.24521813 
1.87381742e-07 -4.74707043 -4.62926514 -4.51381127 -4.40458256 -4.30795588 
1.51991108e-07 -4.82039980 -4.70029769 -4.58184908 -4.47141317 -4.36870268 
1.23284674e-07 -4.89593929 -4.77125364 -4.64863809 -4.53513091 -4.43438556 
1.00000000e-07 -4.97057833 -4.84151304 -4.71489704 -4.59861583 -4.50006845 
