Chemical species: H2 He H2O CO2 CO CH4
P (bar) | log_H2: -2σ | log_H2: -1σ | log_H2: median | log_H2: +1σ | log_H2: +2σ 
1.00000000e+02 -0.07085464 -0.07041375 -0.07011960 -0.06986221 -0.06966811 
8.11130831e+01 -0.07084072 -0.07040552 -0.07011125 -0.06985347 -0.06966114 
6.57933225e+01 -0.07082745 -0.07039658 -0.07010213 -0.06984489 -0.06965436 
5.33669923e+01 -0.07081570 -0.07038744 -0.07009308 -0.06983690 -0.06964734 
4.32876128e+01 -0.07080403 -0.07037698 -0.07008458 -0.06983062 -0.06964176 
3.51119173e+01 -0.07079246 -0.07036545 -0.07007663 -0.06982322 -0.06963665 
2.84803587e+01 -0.07078538 -0.07035730 -0.07007020 -0.06981805 -0.06963424 
2.31012970e+01 -0.07078275 -0.07035260 -0.07006809 -0.06981605 -0.06963117 
1.87381742e+01 -0.07078018 -0.07034792 -0.07006631 -0.06981499 -0.06962810 
1.51991108e+01 -0.07077769 -0.07034323 -0.07006321 -0.06981390 -0.06962643 
1.23284674e+01 -0.07077533 -0.07034065 -0.07006015 -0.06981221 -0.06962539 
1.00000000e+01 -0.07077317 -0.07033897 -0.07005748 -0.06981105 -0.06962443 
8.11130831e+00 -0.07076846 -0.07033567 -0.07005606 -0.06980904 -0.06962382 
6.57933225e+00 -0.07076420 -0.07033298 -0.07005528 -0.06980690 -0.06962340 
5.33669923e+00 -0.07075453 -0.07033106 -0.07005277 -0.06980593 -0.06962327 
4.32876128e+00 -0.07074987 -0.07032827 -0.07005185 -0.06980548 -0.06962356 
3.51119173e+00 -0.07074973 -0.07032739 -0.07005185 -0.06980578 -0.06962449 
2.84803587e+00 -0.07073539 -0.07030881 -0.07003593 -0.06979937 -0.06961747 
2.31012970e+00 -0.07068992 -0.07028300 -0.07001554 -0.06978386 -0.06960309 
1.87381742e+00 -0.07065793 -0.07025871 -0.06999889 -0.06976934 -0.06957166 
1.51991108e+00 -0.07063201 -0.07024038 -0.06998129 -0.06975926 -0.06956106 
1.23284674e+00 -0.07061522 -0.07023140 -0.06997151 -0.06975099 -0.06955708 
1.00000000e+00 -0.07061154 -0.07023196 -0.06997142 -0.06975213 -0.06955944 
8.11130831e-01 -0.07052490 -0.07016660 -0.06990489 -0.06969172 -0.06951153 
6.57933225e-01 -0.07046366 -0.07011568 -0.06985497 -0.06964295 -0.06947528 
5.33669923e-01 -0.07042292 -0.07007583 -0.06982043 -0.06960964 -0.06944740 
4.32876128e-01 -0.07040130 -0.07004982 -0.06980153 -0.06959388 -0.06943256 
3.51119173e-01 -0.07038842 -0.07004488 -0.06980140 -0.06959927 -0.06943658 
2.84803587e-01 -0.07038206 -0.07001646 -0.06978333 -0.06958496 -0.06942500 
2.31012970e-01 -0.07034848 -0.06998210 -0.06974604 -0.06955509 -0.06938828 
1.87381742e-01 -0.07034234 -0.06996437 -0.06972639 -0.06953682 -0.06937534 
1.51991108e-01 -0.07035587 -0.06996153 -0.06972352 -0.06953141 -0.06937696 
1.23284674e-01 -0.07036619 -0.06996795 -0.06973428 -0.06953891 -0.06937935 
1.00000000e-01 -0.07038469 -0.06998923 -0.06975295 -0.06955771 -0.06939464 
8.11130831e-02 -0.07040367 -0.06999450 -0.06975608 -0.06955617 -0.06939095 
6.57933225e-02 -0.07042617 -0.07000830 -0.06976307 -0.06956137 -0.06939529 
5.33669923e-02 -0.07044889 -0.07002261 -0.06977352 -0.06957106 -0.06939969 
4.32876128e-02 -0.07047037 -0.07004373 -0.06978750 -0.06958154 -0.06940837 
3.51119173e-02 -0.07049816 -0.07006373 -0.06980444 -0.06959324 -0.06942011 
2.84803587e-02 -0.07051541 -0.07008697 -0.06982004 -0.06960596 -0.06942927 
2.31012970e-02 -0.07053386 -0.07010704 -0.06983362 -0.06961509 -0.06943390 
1.87381742e-02 -0.07055825 -0.07012512 -0.06984585 -0.06962280 -0.06943819 
1.51991108e-02 -0.07058464 -0.07014211 -0.06986065 -0.06963097 -0.06944314 
1.23284674e-02 -0.07061327 -0.07016137 -0.06987432 -0.06964019 -0.06944853 
1.00000000e-02 -0.07064241 -0.07018261 -0.06988885 -0.06965007 -0.06945227 
8.11130831e-03 -0.07066316 -0.07019704 -0.06989989 -0.06965338 -0.06945424 
6.57933225e-03 -0.07068401 -0.07021451 -0.06990757 -0.06965945 -0.06945691 
5.33669923e-03 -0.07070543 -0.07022791 -0.06991818 -0.06966387 -0.06946015 
4.32876128e-03 -0.07072695 -0.07024102 -0.06992676 -0.06966934 -0.06946234 
3.51119173e-03 -0.07074872 -0.07025424 -0.06993745 -0.06967402 -0.06946613 
2.84803587e-03 -0.07075909 -0.07026846 -0.06994624 -0.06967862 -0.06946828 
2.31012970e-03 -0.07076998 -0.07028028 -0.06995279 -0.06968229 -0.06946927 
1.87381742e-03 -0.07078941 -0.07029181 -0.06995481 -0.06968576 -0.06947027 
1.51991108e-03 -0.07080142 -0.07030192 -0.06995882 -0.06968778 -0.06947403 
1.23284674e-03 -0.07081351 -0.07031184 -0.06996647 -0.06969277 -0.06947577 
1.00000000e-03 -0.07082567 -0.07032074 -0.06997130 -0.06969753 -0.06947671 
8.11130831e-04 -0.07083808 -0.07032484 -0.06997535 -0.06969901 -0.06947723 
6.57933225e-04 -0.07084236 -0.07032895 -0.06997716 -0.06969967 -0.06947775 
5.33669923e-04 -0.07084665 -0.07033343 -0.06998049 -0.06970033 -0.06947827 
4.32876128e-04 -0.07085095 -0.07033948 -0.06998187 -0.06970099 -0.06947879 
3.51119173e-04 -0.07085526 -0.07034945 -0.06998547 -0.06970166 -0.06947931 
2.84803587e-04 -0.07085829 -0.07035836 -0.06998780 -0.06970223 -0.06947978 
2.31012970e-04 -0.07086003 -0.07036059 -0.06999162 -0.06970271 -0.06948018 
1.87381742e-04 -0.07086177 -0.07036366 -0.06999348 -0.06970318 -0.06948058 
1.51991108e-04 -0.07086352 -0.07036488 -0.06999548 -0.06970366 -0.06948098 
1.23284674e-04 -0.07086526 -0.07036609 -0.06999746 -0.06970414 -0.06948138 
1.00000000e-04 -0.07086701 -0.07036875 -0.06999951 -0.06970472 -0.06948179 
8.11130831e-05 -0.07086792 -0.07037023 -0.07000004 -0.06970525 -0.06948214 
6.57933225e-05 -0.07086883 -0.07037290 -0.07000056 -0.06970578 -0.06948250 
5.33669923e-05 -0.07086974 -0.07037456 -0.07000108 -0.06970632 -0.06948286 
4.32876128e-05 -0.07087156 -0.07037665 -0.07000161 -0.06970685 -0.06948322 
3.51119173e-05 -0.07087354 -0.07037874 -0.07000213 -0.06970763 -0.06948357 
2.84803587e-05 -0.07087507 -0.07038033 -0.07000264 -0.06970827 -0.06948392 
2.31012970e-05 -0.07087616 -0.07038148 -0.07000314 -0.06970878 -0.06948426 
1.87381742e-05 -0.07087725 -0.07038273 -0.07000375 -0.06970928 -0.06948460 
1.51991108e-05 -0.07087834 -0.07038379 -0.07000466 -0.06970979 -0.06948493 
1.23284674e-05 -0.07087943 -0.07038486 -0.07000557 -0.06971029 -0.06948527 
1.00000000e-05 -0.07088052 -0.07038592 -0.07000648 -0.06971078 -0.06948561 
8.11130831e-06 -0.07088149 -0.07038677 -0.07000716 -0.06971111 -0.06948587 
6.57933225e-06 -0.07088246 -0.07038756 -0.07000784 -0.06971149 -0.06948613 
5.33669923e-06 -0.07088343 -0.07038833 -0.07000852 -0.06971195 -0.06948639 
4.32876128e-06 -0.07088430 -0.07038910 -0.07000920 -0.06971241 -0.06948665 
3.51119173e-06 -0.07088507 -0.07038988 -0.07000989 -0.06971288 -0.06948691 
2.84803587e-06 -0.07088585 -0.07039057 -0.07001050 -0.06971325 -0.06948711 
2.31012970e-06 -0.07088664 -0.07039118 -0.07001105 -0.06971355 -0.06948723 
1.87381742e-06 -0.07088635 -0.07039167 -0.07001110 -0.06971384 -0.06948736 
1.51991108e-06 -0.07088597 -0.07039216 -0.07001102 -0.06971414 -0.06948748 
1.23284674e-06 -0.07088560 -0.07039266 -0.07001094 -0.06971443 -0.06948761 
1.00000000e-06 -0.07088523 -0.07039334 -0.07001087 -0.06971472 -0.06948774 
8.11130831e-07 -0.07088521 -0.07039382 -0.07001063 -0.06971482 -0.06948773 
6.57933225e-07 -0.07088568 -0.07039431 -0.07001046 -0.06971491 -0.06948773 
5.33669923e-07 -0.07088615 -0.07039479 -0.07001078 -0.06971500 -0.06948772 
4.32876128e-07 -0.07088663 -0.07039527 -0.07001111 -0.06971509 -0.06948771 
3.51119173e-07 -0.07088710 -0.07039576 -0.07001144 -0.06971519 -0.06948771 
2.84803587e-07 -0.07088736 -0.07039612 -0.07001146 -0.06971523 -0.06948764 
2.31012970e-07 -0.07088764 -0.07039636 -0.07001116 -0.06971520 -0.06948752 
1.87381742e-07 -0.07088792 -0.07039660 -0.07001087 -0.06971517 -0.06948739 
1.51991108e-07 -0.07088820 -0.07039684 -0.07001057 -0.06971514 -0.06948727 
1.23284674e-07 -0.07088848 -0.07039708 -0.07001028 -0.06971511 -0.06948715 
1.00000000e-07 -0.07088876 -0.07039732 -0.07000998 -0.06971508 -0.06948702 
P (bar) | log_He: -2σ | log_He: -1σ | log_He: median | log_He: +1σ | log_He: +2σ 
1.00000000e+02 -0.84040572 -0.83996483 -0.83967067 -0.83941329 -0.83921919 
8.11130831e+01 -0.84039180 -0.83995660 -0.83966233 -0.83940454 -0.83921222 
6.57933225e+01 -0.84037853 -0.83994766 -0.83965321 -0.83939597 -0.83920544 
5.33669923e+01 -0.84036678 -0.83993852 -0.83964416 -0.83938798 -0.83919842 
4.32876128e+01 -0.84035511 -0.83992806 -0.83963566 -0.83938170 -0.83919284 
3.51119173e+01 -0.84034354 -0.83991653 -0.83962770 -0.83937430 -0.83918773 
2.84803587e+01 -0.84033646 -0.83990838 -0.83962128 -0.83936913 -0.83918532 
2.31012970e+01 -0.84033383 -0.83990368 -0.83961917 -0.83936713 -0.83918224 
1.87381742e+01 -0.84033126 -0.83989900 -0.83961739 -0.83936607 -0.83917918 
1.51991108e+01 -0.84032877 -0.83989431 -0.83961429 -0.83936497 -0.83917751 
1.23284674e+01 -0.84032641 -0.83989173 -0.83961123 -0.83936328 -0.83917647 
1.00000000e+01 -0.84032425 -0.83989005 -0.83960856 -0.83936213 -0.83917551 
8.11130831e+00 -0.84031954 -0.83988675 -0.83960714 -0.83936012 -0.83917490 
6.57933225e+00 -0.84031528 -0.83988406 -0.83960636 -0.83935798 -0.83917448 
5.33669923e+00 -0.84030560 -0.83988214 -0.83960385 -0.83935701 -0.83917435 
4.32876128e+00 -0.84030095 -0.83987934 -0.83960293 -0.83935656 -0.83917464 
3.51119173e+00 -0.84030081 -0.83987847 -0.83960293 -0.83935686 -0.83917557 
2.84803587e+00 -0.84028646 -0.83985989 -0.83958701 -0.83935045 -0.83916855 
2.31012970e+00 -0.84024100 -0.83983408 -0.83956662 -0.83933494 -0.83915417 
1.87381742e+00 -0.84020900 -0.83980979 -0.83954997 -0.83932042 -0.83912274 
1.51991108e+00 -0.84018309 -0.83979145 -0.83953237 -0.83931034 -0.83911214 
1.23284674e+00 -0.84016630 -0.83978248 -0.83952259 -0.83930207 -0.83910816 
1.00000000e+00 -0.84016262 -0.83978304 -0.83952250 -0.83930321 -0.83911052 
8.11130831e-01 -0.84007598 -0.83971768 -0.83945597 -0.83924280 -0.83906261 
6.57933225e-01 -0.84001474 -0.83966676 -0.83940605 -0.83919403 -0.83902636 
5.33669923e-01 -0.83997400 -0.83962691 -0.83937151 -0.83916072 -0.83899848 
4.32876128e-01 -0.83995238 -0.83960090 -0.83935261 -0.83914496 -0.83898364 
3.51119173e-01 -0.83993950 -0.83959596 -0.83935248 -0.83915035 -0.83898766 
2.84803587e-01 -0.83993314 -0.83956754 -0.83933441 -0.83913604 -0.83897608 
2.31012970e-01 -0.83989956 -0.83953318 -0.83929712 -0.83910617 -0.83893936 
1.87381742e-01 -0.83989342 -0.83951545 -0.83927747 -0.83908790 -0.83892641 
1.51991108e-01 -0.83990695 -0.83951260 -0.83927460 -0.83908249 -0.83892804 
1.23284674e-01 -0.83991727 -0.83951903 -0.83928536 -0.83908999 -0.83893043 
1.00000000e-01 -0.83993577 -0.83954031 -0.83930402 -0.83910879 -0.83894572 
8.11130831e-02 -0.83995475 -0.83954558 -0.83930716 -0.83910724 -0.83894203 
6.57933225e-02 -0.83997724 -0.83955938 -0.83931415 -0.83911245 -0.83894637 
5.33669923e-02 -0.83999997 -0.83957369 -0.83932459 -0.83912213 -0.83895077 
4.32876128e-02 -0.84002145 -0.83959480 -0.83933858 -0.83913262 -0.83895945 
3.51119173e-02 -0.84004923 -0.83961481 -0.83935552 -0.83914432 -0.83897118 
2.84803587e-02 -0.84006649 -0.83963805 -0.83937112 -0.83915704 -0.83898035 
2.31012970e-02 -0.84008494 -0.83965811 -0.83938470 -0.83916617 -0.83898498 
1.87381742e-02 -0.84010933 -0.83967620 -0.83939693 -0.83917388 -0.83898927 
1.51991108e-02 -0.84013572 -0.83969319 -0.83941173 -0.83918205 -0.83899422 
1.23284674e-02 -0.84016435 -0.83971245 -0.83942540 -0.83919127 -0.83899961 
1.00000000e-02 -0.84019349 -0.83973369 -0.83943993 -0.83920115 -0.83900335 
8.11130831e-03 -0.84021424 -0.83974812 -0.83945097 -0.83920445 -0.83900532 
6.57933225e-03 -0.84023509 -0.83976559 -0.83945865 -0.83921053 -0.83900799 
5.33669923e-03 -0.84025651 -0.83977899 -0.83946926 -0.83921495 -0.83901123 
4.32876128e-03 -0.84027803 -0.83979210 -0.83947784 -0.83922042 -0.83901342 
3.51119173e-03 -0.84029980 -0.83980532 -0.83948853 -0.83922510 -0.83901721 
2.84803587e-03 -0.84031017 -0.83981954 -0.83949731 -0.83922969 -0.83901936 
2.31012970e-03 -0.84032106 -0.83983136 -0.83950387 -0.83923337 -0.83902035 
1.87381742e-03 -0.84034049 -0.83984289 -0.83950589 -0.83923684 -0.83902134 
1.51991108e-03 -0.84035250 -0.83985300 -0.83950990 -0.83923886 -0.83902511 
1.23284674e-03 -0.84036459 -0.83986292 -0.83951755 -0.83924385 -0.83902685 
1.00000000e-03 -0.84037675 -0.83987182 -0.83952237 -0.83924861 -0.83902779 
8.11130831e-04 -0.84038916 -0.83987592 -0.83952643 -0.83925009 -0.83902831 
6.57933225e-04 -0.84039344 -0.83988003 -0.83952824 -0.83925075 -0.83902883 
5.33669923e-04 -0.84039773 -0.83988451 -0.83953157 -0.83925141 -0.83902935 
4.32876128e-04 -0.84040203 -0.83989056 -0.83953295 -0.83925207 -0.83902987 
3.51119173e-04 -0.84040634 -0.83990053 -0.83953655 -0.83925274 -0.83903039 
2.84803587e-04 -0.84040937 -0.83990944 -0.83953888 -0.83925331 -0.83903085 
2.31012970e-04 -0.84041111 -0.83991167 -0.83954270 -0.83925378 -0.83903126 
1.87381742e-04 -0.84041285 -0.83991474 -0.83954456 -0.83925426 -0.83903166 
1.51991108e-04 -0.84041459 -0.83991595 -0.83954656 -0.83925474 -0.83903206 
1.23284674e-04 -0.84041634 -0.83991717 -0.83954854 -0.83925522 -0.83903246 
1.00000000e-04 -0.84041809 -0.83991983 -0.83955059 -0.83925579 -0.83903286 
8.11130831e-05 -0.84041900 -0.83992131 -0.83955112 -0.83925633 -0.83903322 
6.57933225e-05 -0.84041990 -0.83992398 -0.83955164 -0.83925686 -0.83903358 
5.33669923e-05 -0.84042081 -0.83992564 -0.83955216 -0.83925740 -0.83903394 
4.32876128e-05 -0.84042264 -0.83992773 -0.83955269 -0.83925793 -0.83903429 
3.51119173e-05 -0.84042462 -0.83992982 -0.83955321 -0.83925871 -0.83903465 
2.84803587e-05 -0.84042615 -0.83993141 -0.83955372 -0.83925935 -0.83903500 
2.31012970e-05 -0.84042724 -0.83993256 -0.83955422 -0.83925985 -0.83903534 
1.87381742e-05 -0.84042833 -0.83993380 -0.83955483 -0.83926036 -0.83903567 
1.51991108e-05 -0.84042942 -0.83993487 -0.83955574 -0.83926086 -0.83903601 
1.23284674e-05 -0.84043051 -0.83993593 -0.83955665 -0.83926137 -0.83903635 
1.00000000e-05 -0.84043160 -0.83993700 -0.83955756 -0.83926186 -0.83903669 
8.11130831e-06 -0.84043257 -0.83993785 -0.83955824 -0.83926218 -0.83903695 
6.57933225e-06 -0.84043354 -0.83993864 -0.83955892 -0.83926257 -0.83903721 
5.33669923e-06 -0.84043451 -0.83993941 -0.83955960 -0.83926303 -0.83903747 
4.32876128e-06 -0.84043538 -0.83994018 -0.83956028 -0.83926349 -0.83903773 
3.51119173e-06 -0.84043615 -0.83994095 -0.83956097 -0.83926395 -0.83903799 
2.84803587e-06 -0.84043693 -0.83994165 -0.83956158 -0.83926433 -0.83903818 
2.31012970e-06 -0.84043772 -0.83994225 -0.83956213 -0.83926463 -0.83903831 
1.87381742e-06 -0.84043743 -0.83994275 -0.83956217 -0.83926492 -0.83903844 
1.51991108e-06 -0.84043705 -0.83994324 -0.83956210 -0.83926521 -0.83903856 
1.23284674e-06 -0.84043668 -0.83994373 -0.83956202 -0.83926551 -0.83903869 
1.00000000e-06 -0.84043630 -0.83994442 -0.83956194 -0.83926580 -0.83903882 
8.11130831e-07 -0.84043629 -0.83994490 -0.83956171 -0.83926589 -0.83903881 
6.57933225e-07 -0.84043676 -0.83994538 -0.83956154 -0.83926599 -0.83903880 
5.33669923e-07 -0.84043723 -0.83994587 -0.83956186 -0.83926608 -0.83903880 
4.32876128e-07 -0.84043770 -0.83994635 -0.83956219 -0.83926617 -0.83903879 
3.51119173e-07 -0.84043818 -0.83994683 -0.83956252 -0.83926626 -0.83903879 
2.84803587e-07 -0.84043844 -0.83994720 -0.83956254 -0.83926631 -0.83903872 
2.31012970e-07 -0.84043872 -0.83994744 -0.83956224 -0.83926628 -0.83903860 
1.87381742e-07 -0.84043900 -0.83994768 -0.83956195 -0.83926625 -0.83903847 
1.51991108e-07 -0.84043928 -0.83994791 -0.83956165 -0.83926622 -0.83903835 
1.23284674e-07 -0.84043956 -0.83994815 -0.83956136 -0.83926619 -0.83903822 
1.00000000e-07 -0.84043984 -0.83994839 -0.83956106 -0.83926616 -0.83903810 
P (bar) | log_H2O: -2σ | log_H2O: -1σ | log_H2O: median | log_H2O: +1σ | log_H2O: +2σ 
1.00000000e+02 -2.66468715 -2.59568899 -2.52157005 -2.43652210 -2.35311329 
8.11130831e+01 -2.66786078 -2.59881770 -2.52400112 -2.43954889 -2.35612528 
6.57933225e+01 -2.67114213 -2.60201850 -2.52672722 -2.44253646 -2.35864428 
5.33669923e+01 -2.67442348 -2.60465800 -2.52935122 -2.44552403 -2.36126747 
4.32876128e+01 -2.67757624 -2.60774007 -2.53195349 -2.44855204 -2.36386708 
3.51119173e+01 -2.68071652 -2.61069578 -2.53495414 -2.45162286 -2.36614885 
2.84803587e+01 -2.68216340 -2.61254560 -2.53670441 -2.45354180 -2.36756878 
2.31012970e+01 -2.68227798 -2.61312531 -2.53655084 -2.45430886 -2.36858329 
1.87381742e+01 -2.68239256 -2.61346066 -2.53720070 -2.45507592 -2.36903211 
1.51991108e+01 -2.68213718 -2.61451743 -2.53827953 -2.45593434 -2.36948094 
1.23284674e+01 -2.68150067 -2.61468039 -2.53932427 -2.45653222 -2.36992977 
1.00000000e+01 -2.68086416 -2.61544284 -2.53911425 -2.45706826 -2.37037859 
8.11130831e+00 -2.68033166 -2.61520235 -2.53984328 -2.45785507 -2.37108394 
6.57933225e+00 -2.67979916 -2.61489517 -2.54028041 -2.45803357 -2.37194076 
5.33669923e+00 -2.67926667 -2.61458798 -2.54038027 -2.45821207 -2.37313893 
4.32876128e+00 -2.67873417 -2.61463033 -2.54073886 -2.45839057 -2.37405904 
3.51119173e+00 -2.67820167 -2.61475142 -2.54096940 -2.45856907 -2.37441697 
2.84803587e+00 -2.68039720 -2.61667108 -2.54445727 -2.46053498 -2.37553438 
2.31012970e+00 -2.68329788 -2.61964831 -2.54841475 -2.46369101 -2.37872931 
1.87381742e+00 -2.68663150 -2.62256768 -2.55163344 -2.46724447 -2.38236965 
1.51991108e+00 -2.69118235 -2.62680846 -2.55367952 -2.46955391 -2.38732935 
1.23284674e+00 -2.69418807 -2.63159270 -2.55659474 -2.47135831 -2.39213683 
1.00000000e+00 -2.69847621 -2.63508899 -2.55939941 -2.47454655 -2.39479816 
8.11130831e-01 -2.71637028 -2.64661311 -2.56844696 -2.48254532 -2.40474407 
6.57933225e-01 -2.73483503 -2.65987207 -2.57839373 -2.49096418 -2.41442550 
5.33669923e-01 -2.74554418 -2.67022340 -2.58752375 -2.49922313 -2.42274402 
4.32876128e-01 -2.75690290 -2.68188351 -2.59802188 -2.50847960 -2.43035319 
3.51119173e-01 -2.76862861 -2.69237850 -2.60797692 -2.51689575 -2.43877850 
2.84803587e-01 -2.78387923 -2.70267857 -2.61607300 -2.52240039 -2.44265650 
2.31012970e-01 -2.79727728 -2.71023492 -2.62303392 -2.52739606 -2.44659277 
1.87381742e-01 -2.80829210 -2.71805321 -2.62841381 -2.53260650 -2.45112168 
1.51991108e-01 -2.81879398 -2.72655001 -2.63467763 -2.53744091 -2.45536256 
1.23284674e-01 -2.82909303 -2.73548184 -2.64069418 -2.54303516 -2.45960344 
1.00000000e-01 -2.83949349 -2.74589309 -2.64735453 -2.54810841 -2.46347329 
8.11130831e-02 -2.83903361 -2.74285338 -2.64330632 -2.54513052 -2.45751335 
6.57933225e-02 -2.83866273 -2.74010485 -2.63968427 -2.54181943 -2.45118237 
5.33669923e-02 -2.83869320 -2.73825228 -2.63667766 -2.53923844 -2.44693951 
4.32876128e-02 -2.83872366 -2.73644372 -2.63386503 -2.53596761 -2.44232135 
3.51119173e-02 -2.83875412 -2.73372798 -2.63078546 -2.53183607 -2.44004464 
2.84803587e-02 -2.83786991 -2.73002604 -2.62667676 -2.52699149 -2.43607016 
2.31012970e-02 -2.83465641 -2.72589241 -2.62124280 -2.52085115 -2.42994509 
1.87381742e-02 -2.83144290 -2.72138861 -2.61555561 -2.51464278 -2.42382003 
1.51991108e-02 -2.82822939 -2.71727675 -2.61040698 -2.50751384 -2.41769497 
1.23284674e-02 -2.82727455 -2.71305406 -2.60512920 -2.50147408 -2.41102850 
1.00000000e-02 -2.82655164 -2.70936510 -2.59983164 -2.49496780 -2.40419871 
8.11130831e-03 -2.82612753 -2.70771700 -2.59573515 -2.49023423 -2.39851630 
6.57933225e-03 -2.82570342 -2.70569269 -2.59240381 -2.48569684 -2.39256101 
5.33669923e-03 -2.82527930 -2.70397677 -2.58855742 -2.48321974 -2.38662392 
4.32876128e-03 -2.82461530 -2.70182357 -2.58421536 -2.47896534 -2.38065659 
3.51119173e-03 -2.82348709 -2.70010986 -2.58062960 -2.47405446 -2.37469515 
2.84803587e-03 -2.82265385 -2.69890218 -2.57762327 -2.47011449 -2.36958601 
2.31012970e-03 -2.82211557 -2.69766991 -2.57559740 -2.46638118 -2.36532303 
1.87381742e-03 -2.82157730 -2.69707604 -2.57413982 -2.46297658 -2.36106005 
1.51991108e-03 -2.82103902 -2.69641753 -2.57188591 -2.46019904 -2.35679707 
1.23284674e-03 -2.82050075 -2.69506255 -2.56976088 -2.45711032 -2.35414045 
1.00000000e-03 -2.81996247 -2.69367098 -2.56793616 -2.45474810 -2.35172255 
8.11130831e-04 -2.81962013 -2.69313829 -2.56664511 -2.45292637 -2.34982108 
6.57933225e-04 -2.81927778 -2.69278511 -2.56565437 -2.45084154 -2.34904303 
5.33669923e-04 -2.81893543 -2.69243192 -2.56476920 -2.44929747 -2.34775284 
4.32876128e-04 -2.81859309 -2.69207874 -2.56426368 -2.44639580 -2.34596985 
3.51119173e-04 -2.81825074 -2.69172555 -2.56319336 -2.44459304 -2.34423411 
2.84803587e-04 -2.81794077 -2.69143171 -2.56280695 -2.44327610 -2.34365266 
2.31012970e-04 -2.81766319 -2.69119722 -2.56255790 -2.44203810 -2.34329555 
1.87381742e-04 -2.81738560 -2.69096272 -2.56204799 -2.44082932 -2.34226948 
1.51991108e-04 -2.81710801 -2.69072823 -2.56151662 -2.44011993 -2.34072102 
1.23284674e-04 -2.81683042 -2.69049374 -2.56098525 -2.43962837 -2.34035495 
1.00000000e-04 -2.81655284 -2.69025924 -2.56045389 -2.43879209 -2.34005700 
8.11130831e-05 -2.81630605 -2.69005179 -2.56023666 -2.43820995 -2.33982915 
6.57933225e-05 -2.81605926 -2.68984433 -2.56004178 -2.43748083 -2.33960130 
5.33669923e-05 -2.81581248 -2.68963687 -2.55986882 -2.43700500 -2.33937345 
4.32876128e-05 -2.81556569 -2.68942941 -2.55969586 -2.43663098 -2.33887132 
3.51119173e-05 -2.81531891 -2.68922196 -2.55943233 -2.43625696 -2.33821182 
2.84803587e-05 -2.81508447 -2.68901206 -2.55918578 -2.43573317 -2.33772234 
2.31012970e-05 -2.81486237 -2.68879974 -2.55897033 -2.43538904 -2.33740288 
1.87381742e-05 -2.81464027 -2.68858741 -2.55876814 -2.43506674 -2.33708342 
1.51991108e-05 -2.81441817 -2.68837508 -2.55857149 -2.43474444 -2.33676396 
1.23284674e-05 -2.81419608 -2.68816275 -2.55837484 -2.43442214 -2.33644449 
1.00000000e-05 -2.81397398 -2.68795043 -2.55817819 -2.43409984 -2.33612503 
8.11130831e-06 -2.81381805 -2.68776280 -2.55798761 -2.43387414 -2.33590398 
6.57933225e-06 -2.81366212 -2.68757517 -2.55777370 -2.43364844 -2.33568292 
5.33669923e-06 -2.81350619 -2.68738754 -2.55752196 -2.43342274 -2.33546187 
4.32876128e-06 -2.81335026 -2.68718752 -2.55730080 -2.43319705 -2.33524082 
3.51119173e-06 -2.81319432 -2.68697822 -2.55708427 -2.43297135 -2.33501976 
2.84803587e-06 -2.81308454 -2.68681002 -2.55689418 -2.43276641 -2.33480952 
2.31012970e-06 -2.81302091 -2.68668291 -2.55673055 -2.43258222 -2.33461010 
1.87381742e-06 -2.81295728 -2.68655581 -2.55656691 -2.43239804 -2.33441067 
1.51991108e-06 -2.81289364 -2.68642870 -2.55640327 -2.43221385 -2.33421125 
1.23284674e-06 -2.81283001 -2.68630160 -2.55623964 -2.43202967 -2.33401182 
1.00000000e-06 -2.81276638 -2.68617449 -2.55607600 -2.43184548 -2.33381240 
8.11130831e-07 -2.81279014 -2.68613970 -2.55601083 -2.43172280 -2.33366855 
6.57933225e-07 -2.81281390 -2.68610492 -2.55594566 -2.43160012 -2.33352471 
5.33669923e-07 -2.81283766 -2.68607013 -2.55588048 -2.43147744 -2.33338086 
4.32876128e-07 -2.81286143 -2.68603534 -2.55581531 -2.43135476 -2.33323702 
3.51119173e-07 -2.81288519 -2.68600056 -2.55575014 -2.43123208 -2.33309317 
2.84803587e-07 -2.81295133 -2.68600358 -2.55567764 -2.43113701 -2.33298772 
2.31012970e-07 -2.81305985 -2.68604443 -2.55558546 -2.43106954 -2.33292067 
1.87381742e-07 -2.81316837 -2.68608527 -2.55549328 -2.43100208 -2.33285362 
1.51991108e-07 -2.81327690 -2.68612612 -2.55540110 -2.43096094 -2.33278657 
1.23284674e-07 -2.81338542 -2.68616696 -2.55541033 -2.43092581 -2.33276402 
1.00000000e-07 -2.81349394 -2.68620781 -2.55542208 -2.43089069 -2.33276019 
P (bar) | log_CO2: -2σ | log_CO2: -1σ | log_CO2: median | log_CO2: +1σ | log_CO2: +2σ 
1.00000000e+02 -10.56360594 -10.32533933 -10.01627868 -9.63091163 -9.14394720 
8.11130831e+01 -10.38837026 -10.15013805 -9.84069607 -9.45408486 -8.96570630 
6.57933225e+01 -10.21313458 -9.97483863 -9.66489984 -9.27711676 -8.78746539 
5.33669923e+01 -10.03789891 -9.79947695 -9.48910361 -9.09993245 -8.60922449 
4.32876128e+01 -9.86266323 -9.62411528 -9.31330738 -8.92274814 -8.43073495 
3.51119173e+01 -9.68742755 -9.44875360 -9.13751115 -8.74568164 -8.25218778 
2.84803587e+01 -9.51020624 -9.27149727 -8.95925970 -8.56667863 -8.07198400 
2.31012970e+01 -9.33099929 -9.09211109 -8.77915909 -8.38547277 -7.89012360 
1.87381742e+01 -9.15179234 -8.91255468 -8.59919062 -8.20456503 -7.70826320 
1.51991108e+01 -8.97258539 -8.73292810 -8.41922216 -8.02376515 -7.52640281 
1.23284674e+01 -8.79337844 -8.55330153 -8.23925370 -7.84296528 -7.34454241 
1.00000000e+01 -8.61417149 -8.37367495 -8.05928523 -7.66216540 -7.16268201 
8.11130831e+00 -8.43284011 -8.19267397 -7.87874799 -7.48329279 -6.99169248 
6.57933225e+00 -8.25150873 -8.01162172 -7.69821074 -7.30550152 -6.82070295 
5.33669923e+00 -8.07017736 -7.83026617 -7.51767349 -7.12875669 -6.64971342 
4.32876128e+00 -7.88884598 -7.64874679 -7.33713624 -6.95201185 -6.47872389 
3.51119173e+00 -7.70751460 -7.46748162 -7.15659899 -6.77526702 -6.30773436 
2.84803587e+00 -7.52933013 -7.29065275 -6.98451481 -6.61255303 -6.16612717 
2.31012970e+00 -7.35429259 -7.11788733 -6.81565714 -6.46533727 -6.04279847 
1.87381742e+00 -7.17925505 -6.94581845 -6.64747974 -6.31516730 -5.92942950 
1.51991108e+00 -7.00421750 -6.77308337 -6.48124086 -6.17218923 -5.81342268 
1.23284674e+00 -6.82917996 -6.60034829 -6.31851667 -6.02105059 -5.69285982 
1.00000000e+00 -6.65414242 -6.42762923 -6.15320657 -5.86599017 -5.57229697 
8.11130831e-01 -6.51930189 -6.29856806 -6.04754253 -5.78946352 -5.52082709 
6.57933225e-01 -6.38446137 -6.17409374 -5.94104993 -5.71639860 -5.46673710 
5.33669923e-01 -6.24839716 -6.04526420 -5.83720171 -5.63348559 -5.40636680 
4.32876128e-01 -6.11005494 -5.92364382 -5.73087999 -5.54865215 -5.34450297 
3.51119173e-01 -5.97839171 -5.80250412 -5.62975532 -5.46518173 -5.27934001 
2.84803587e-01 -5.87210672 -5.71224790 -5.56006510 -5.40766998 -5.21899348 
2.31012970e-01 -5.80533404 -5.66326183 -5.51989762 -5.37531974 -5.18939926 
1.87381742e-01 -5.74104384 -5.61319964 -5.48254591 -5.34799408 -5.16521956 
1.51991108e-01 -5.68015651 -5.56673712 -5.44275810 -5.31608758 -5.14156670 
1.23284674e-01 -5.62826705 -5.51777938 -5.40251602 -5.27999805 -5.10907965 
1.00000000e-01 -5.57671241 -5.46964082 -5.35988598 -5.24148242 -5.08071174 
8.11130831e-02 -5.56756890 -5.45834690 -5.34563601 -5.22998622 -5.06578332 
6.57933225e-02 -5.55842540 -5.44785630 -5.32885520 -5.21555632 -5.05578026 
5.33669923e-02 -5.54928189 -5.43446107 -5.31653248 -5.19927427 -5.04693048 
4.32876128e-02 -5.53769694 -5.42345458 -5.30003406 -5.18252219 -5.03393014 
3.51119173e-02 -5.53099488 -5.40980704 -5.28476781 -5.16532192 -5.02298395 
2.84803587e-02 -5.52636277 -5.40114731 -5.27454111 -5.15479018 -5.01459636 
2.31012970e-02 -5.52208182 -5.39484566 -5.26815880 -5.14669617 -5.00775093 
1.87381742e-02 -5.51693329 -5.38736099 -5.26197578 -5.13792852 -5.00090550 
1.51991108e-02 -5.51313736 -5.38211687 -5.25453416 -5.13039676 -4.99406006 
1.23284674e-02 -5.50934142 -5.37677214 -5.24851932 -5.12107417 -4.98721463 
1.00000000e-02 -5.50574552 -5.37022489 -5.24324588 -5.11414505 -4.97855630 
8.11130831e-03 -5.50468034 -5.36742274 -5.23980749 -5.10957066 -4.97268179 
6.57933225e-03 -5.50244342 -5.36485320 -5.23521738 -5.10538345 -4.96747637 
5.33669923e-03 -5.50068963 -5.36291741 -5.23202157 -5.10097483 -4.96227095 
4.32876128e-03 -5.49907101 -5.36069104 -5.22712905 -5.09555787 -4.95706553 
3.51119173e-03 -5.49745239 -5.35837955 -5.22395574 -5.08997306 -4.95186011 
2.84803587e-03 -5.49631936 -5.35580648 -5.22096391 -5.08546249 -4.94806148 
2.31012970e-03 -5.49567190 -5.35416416 -5.21881015 -5.08265710 -4.94533574 
1.87381742e-03 -5.49502444 -5.35295849 -5.21770836 -5.07914324 -4.94272131 
1.51991108e-03 -5.49437698 -5.35188625 -5.21486302 -5.07567531 -4.94010688 
1.23284674e-03 -5.49372952 -5.35043812 -5.21375382 -5.07226890 -4.93639531 
1.00000000e-03 -5.49308206 -5.34894561 -5.21151497 -5.06838247 -4.93299208 
8.11130831e-04 -5.49277528 -5.34853480 -5.21025059 -5.06652950 -4.93218989 
6.57933225e-04 -5.49246850 -5.34803775 -5.20852876 -5.06489973 -4.93138770 
5.33669923e-04 -5.49216173 -5.34740528 -5.20784227 -5.06291835 -4.93058551 
4.32876128e-04 -5.49185495 -5.34669524 -5.20732390 -5.06107953 -4.92836836 
3.51119173e-04 -5.49154817 -5.34609222 -5.20580896 -5.05920921 -4.92395735 
2.84803587e-04 -5.49128796 -5.34582030 -5.20450553 -5.05784531 -4.92033681 
2.31012970e-04 -5.49107432 -5.34557688 -5.20382148 -5.05642051 -4.91884786 
1.87381742e-04 -5.49086068 -5.34533345 -5.20356980 -5.05558031 -4.91767721 
1.51991108e-04 -5.49064703 -5.34498254 -5.20331811 -5.05441117 -4.91650656 
1.23284674e-04 -5.49043339 -5.34450739 -5.20306643 -5.05377912 -4.91533592 
1.00000000e-04 -5.49021975 -5.34396223 -5.20281474 -5.05274735 -4.91498336 
8.11130831e-05 -5.49001208 -5.34367212 -5.20248493 -5.05219415 -4.91474365 
6.57933225e-05 -5.48980440 -5.34338201 -5.20199504 -5.05164095 -4.91450394 
5.33669923e-05 -5.48959672 -5.34309190 -5.20182952 -5.05108775 -4.91426423 
4.32876128e-05 -5.48938905 -5.34280179 -5.20141185 -5.05053456 -4.91402453 
3.51119173e-05 -5.48918137 -5.34251168 -5.20096630 -5.05001879 -4.91378482 
2.84803587e-05 -5.48896581 -5.34227037 -5.20061394 -5.04959548 -4.91356675 
2.31012970e-05 -5.48874236 -5.34207786 -5.20035479 -5.04926475 -4.91337033 
1.87381742e-05 -5.48851891 -5.34188536 -5.20009563 -5.04896430 -4.91317391 
1.51991108e-05 -5.48829545 -5.34169285 -5.19983648 -5.04870029 -4.91297749 
1.23284674e-05 -5.48807200 -5.34150034 -5.19957732 -5.04832527 -4.91278107 
1.00000000e-05 -5.48784855 -5.34130783 -5.19931816 -5.04799381 -4.91252278 
8.11130831e-06 -5.48766033 -5.34114799 -5.19909820 -5.04776981 -4.91228900 
6.57933225e-06 -5.48747211 -5.34095546 -5.19887824 -5.04754580 -4.91205522 
5.33669923e-06 -5.48728390 -5.34073567 -5.19865828 -5.04732180 -4.91182144 
4.32876128e-06 -5.48709568 -5.34051587 -5.19843832 -5.04709779 -4.91158766 
3.51119173e-06 -5.48690746 -5.34029608 -5.19821836 -5.04685969 -4.91135388 
2.84803587e-06 -5.48676194 -5.34010170 -5.19801951 -5.04662715 -4.91114865 
2.31012970e-06 -5.48665912 -5.33993274 -5.19784177 -5.04641860 -4.91097109 
1.87381742e-06 -5.48655630 -5.33976377 -5.19766403 -5.04621004 -4.91079353 
1.51991108e-06 -5.48645348 -5.33959480 -5.19748629 -5.04603180 -4.91061597 
1.23284674e-06 -5.48635065 -5.33942584 -5.19730855 -5.04586395 -4.91043841 
1.00000000e-06 -5.48624783 -5.33925687 -5.19713081 -5.04569610 -4.91026085 
8.11130831e-07 -5.48622712 -5.33916461 -5.19701736 -5.04557402 -4.91015528 
6.57933225e-07 -5.48620640 -5.33907794 -5.19690391 -5.04545194 -4.91004972 
5.33669923e-07 -5.48618568 -5.33912085 -5.19679047 -5.04532986 -4.90994415 
4.32876128e-07 -5.48616497 -5.33916376 -5.19667702 -5.04520778 -4.90983858 
3.51119173e-07 -5.48614425 -5.33920667 -5.19656357 -5.04508570 -4.90973302 
2.84803587e-07 -5.48615708 -5.33929339 -5.19647562 -5.04497706 -4.90967821 
2.31012970e-07 -5.48620345 -5.33942392 -5.19641317 -5.04489815 -4.90967415 
1.87381742e-07 -5.48624982 -5.33955445 -5.19635073 -5.04490231 -4.90967010 
1.51991108e-07 -5.48629620 -5.33968498 -5.19628828 -5.04489446 -4.90966604 
1.23284674e-07 -5.48634257 -5.33981551 -5.19622583 -5.04486234 -4.90959361 
1.00000000e-07 -5.48638894 -5.33994604 -5.19616338 -5.04481229 -4.90950438 
P (bar) | log_CO: -2σ | log_CO: -1σ | log_CO: median | log_CO: +1σ | log_CO: +2σ 
1.00000000e+02 -8.32410834 -8.06973253 -7.71561724 -7.28093308 -6.71853716 
8.11130831e+01 -8.14559283 -7.89120492 -7.53706812 -7.10183920 -6.53858753 
6.57933225e+01 -7.96707731 -7.71267730 -7.35851901 -6.92274532 -6.35863791 
5.33669923e+01 -7.78856179 -7.53414969 -7.17996989 -6.74368224 -6.17868828 
4.32876128e+01 -7.61004628 -7.35562208 -7.00142077 -6.56462142 -5.99873866 
3.51119173e+01 -7.43153076 -7.17709446 -6.82287165 -6.38556059 -5.81878904 
2.84803587e+01 -7.25204755 -6.99753711 -6.64311056 -6.20549269 -5.63819989 
2.31012970e+01 -7.07159665 -6.81695001 -6.46213750 -6.02441770 -5.45697122 
1.87381742e+01 -6.89114574 -6.63636291 -6.28116443 -5.84334271 -5.27574255 
1.51991108e+01 -6.71069484 -6.45577582 -6.10019137 -5.66226772 -5.09451389 
1.23284674e+01 -6.53024393 -6.27518872 -5.91921830 -5.48129283 -4.91328522 
1.00000000e+01 -6.34979303 -6.09460162 -5.73824524 -5.30033982 -4.73205655 
8.11130831e+00 -6.16866779 -5.91368352 -5.55763516 -5.12281476 -4.55984363 
6.57933225e+00 -5.98754255 -5.73276541 -5.37702507 -4.94528970 -4.38763071 
5.33669923e+00 -5.80641731 -5.55184731 -5.19643186 -4.76776464 -4.21541780 
4.32876128e+00 -5.62529207 -5.37092920 -5.01629139 -4.59023958 -4.04320488 
3.51119173e+00 -5.44416683 -5.18990665 -4.83615093 -4.41279121 -3.87099196 
2.84803587e+00 -5.26593274 -5.01228985 -4.66265887 -4.24791080 -3.72214485 
2.31012970e+00 -5.09058982 -4.83839829 -4.49236801 -4.09707675 -3.59666354 
1.87381742e+00 -4.91524689 -4.66450673 -4.32330666 -3.94513273 -3.47118223 
1.51991108e+00 -4.73990396 -4.49048527 -4.15680809 -3.79342917 -3.34779968 
1.23284674e+00 -4.56456104 -4.31604951 -3.98684953 -3.64466472 -3.22508316 
1.00000000e+00 -4.38921811 -4.14235690 -3.81759492 -3.49460711 -3.10236665 
8.11130831e-01 -4.24818644 -4.00749399 -3.70110950 -3.40267606 -3.05198689 
6.57933225e-01 -4.10715477 -3.87281440 -3.58255608 -3.31127747 -2.99393144 
5.33669923e-01 -3.96312119 -3.73863979 -3.46443671 -3.21888711 -2.93971384 
4.32876128e-01 -3.81863178 -3.60399552 -3.34541530 -3.12746737 -2.88549624 
3.51119173e-01 -3.67414236 -3.47052861 -3.22635153 -3.03591927 -2.83296649 
2.84803587e-01 -3.56060408 -3.37007367 -3.14457707 -2.97321308 -2.79102862 
2.31012970e-01 -3.47937491 -3.30487222 -3.10042254 -2.93988600 -2.77766098 
1.87381742e-01 -3.39779613 -3.24000772 -3.05636286 -2.90751734 -2.76145060 
1.51991108e-01 -3.31734816 -3.17684204 -3.01232258 -2.87584066 -2.74506619 
1.23284674e-01 -3.23821880 -3.11255338 -2.96846638 -2.84246759 -2.72360538 
1.00000000e-01 -3.16297108 -3.05024257 -2.92432730 -2.80879265 -2.70575242 
8.11130831e-02 -3.13994538 -3.03317647 -2.91620053 -2.80234439 -2.70168021 
6.57933225e-02 -3.11204078 -3.01583182 -2.90750892 -2.79527211 -2.69893970 
5.33669923e-02 -3.08570247 -3.00084286 -2.89873013 -2.79064833 -2.69553335 
4.32876128e-02 -3.06410834 -2.98409549 -2.89029569 -2.78595341 -2.69268564 
3.51119173e-02 -3.03748861 -2.96894643 -2.88128183 -2.78183420 -2.69132717 
2.84803587e-02 -3.02273091 -2.95848312 -2.87567510 -2.77795866 -2.68921596 
2.31012970e-02 -3.01975491 -2.95642803 -2.87399903 -2.77732507 -2.68905975 
1.87381742e-02 -3.01677890 -2.95262086 -2.87251236 -2.77690725 -2.68890354 
1.51991108e-02 -3.00964740 -2.94824630 -2.87092644 -2.77642080 -2.68874732 
1.23284674e-02 -3.00737528 -2.94647447 -2.87005372 -2.77562303 -2.68847655 
1.00000000e-02 -3.00632588 -2.94489669 -2.86882517 -2.77482527 -2.68809996 
8.11130831e-03 -3.00626210 -2.94456812 -2.86843786 -2.77476380 -2.68807127 
6.57933225e-03 -3.00619831 -2.94423507 -2.86779722 -2.77470233 -2.68804257 
5.33669923e-03 -3.00613453 -2.94408401 -2.86741053 -2.77464086 -2.68801387 
4.32876128e-03 -3.00607075 -2.94387782 -2.86711558 -2.77457982 -2.68798518 
3.51119173e-03 -3.00600696 -2.94350445 -2.86695472 -2.77454500 -2.68795648 
2.84803587e-03 -3.00597416 -2.94330186 -2.86693593 -2.77453139 -2.68794212 
2.31012970e-03 -3.00597233 -2.94329390 -2.86693970 -2.77453899 -2.68794210 
1.87381742e-03 -3.00597050 -2.94330153 -2.86694347 -2.77454659 -2.68794208 
1.51991108e-03 -3.00596867 -2.94330990 -2.86694724 -2.77455419 -2.68794205 
1.23284674e-03 -3.00596684 -2.94331827 -2.86695101 -2.77456179 -2.68794203 
1.00000000e-03 -3.00596501 -2.94332664 -2.86695479 -2.77456939 -2.68794201 
8.11130831e-04 -3.00596640 -2.94334056 -2.86695797 -2.77457427 -2.68794344 
6.57933225e-04 -3.00596779 -2.94335448 -2.86696115 -2.77457916 -2.68794486 
5.33669923e-04 -3.00596918 -2.94336839 -2.86696433 -2.77458404 -2.68794629 
4.32876128e-04 -3.00597057 -2.94338231 -2.86696751 -2.77458892 -2.68794771 
3.51119173e-04 -3.00597196 -2.94339623 -2.86697070 -2.77459380 -2.68794914 
2.84803587e-04 -3.00597311 -2.94340731 -2.86697303 -2.77459730 -2.68795047 
2.31012970e-04 -3.00597403 -2.94341554 -2.86697451 -2.77459941 -2.68795170 
1.87381742e-04 -3.00597494 -2.94342377 -2.86697599 -2.77460153 -2.68795293 
1.51991108e-04 -3.00597585 -2.94343201 -2.86697747 -2.77460364 -2.68795417 
1.23284674e-04 -3.00597677 -2.94344024 -2.86697896 -2.77460575 -2.68795540 
1.00000000e-04 -3.00597768 -2.94344848 -2.86699309 -2.77460787 -2.68795663 
8.11130831e-05 -3.00597852 -2.94345253 -2.86700306 -2.77460916 -2.68795772 
6.57933225e-05 -3.00597937 -2.94345659 -2.86701303 -2.77461046 -2.68795881 
5.33669923e-05 -3.00598021 -2.94346065 -2.86702300 -2.77461176 -2.68795990 
4.32876128e-05 -3.00598105 -2.94346471 -2.86703297 -2.77461306 -2.68796099 
3.51119173e-05 -3.00598189 -2.94346995 -2.86704294 -2.77461435 -2.68796208 
2.84803587e-05 -3.00598287 -2.94347467 -2.86705023 -2.77461569 -2.68796318 
2.31012970e-05 -3.00598399 -2.94347771 -2.86705483 -2.77461705 -2.68796427 
1.87381742e-05 -3.00598511 -2.94348075 -2.86705944 -2.77461842 -2.68796537 
1.51991108e-05 -3.00598623 -2.94348379 -2.86706404 -2.77461979 -2.68796646 
1.23284674e-05 -3.00598735 -2.94348684 -2.86706865 -2.77462116 -2.68796756 
1.00000000e-05 -3.00598847 -2.94348988 -2.86707325 -2.77462253 -2.68796865 
8.11130831e-06 -3.00598974 -2.94349188 -2.86707595 -2.77462419 -2.68796969 
6.57933225e-06 -3.00599100 -2.94349389 -2.86707864 -2.77462586 -2.68797073 
5.33669923e-06 -3.00599226 -2.94349590 -2.86708133 -2.77462752 -2.68797176 
4.32876128e-06 -3.00599353 -2.94349790 -2.86708402 -2.77462918 -2.68797280 
3.51119173e-06 -3.00599479 -2.94349991 -2.86708671 -2.77463085 -2.68797383 
2.84803587e-06 -3.00599592 -2.94350174 -2.86708916 -2.77463248 -2.68797480 
2.31012970e-06 -3.00599691 -2.94350340 -2.86709136 -2.77463409 -2.68797571 
1.87381742e-06 -3.00599790 -2.94350506 -2.86709356 -2.77463570 -2.68797661 
1.51991108e-06 -3.00599890 -2.94350672 -2.86709576 -2.77463731 -2.68797752 
1.23284674e-06 -3.00599989 -2.94350838 -2.86709795 -2.77463892 -2.68797842 
1.00000000e-06 -3.00600088 -2.94351004 -2.86710015 -2.77464053 -2.68797933 
8.11130831e-07 -3.00600151 -2.94351138 -2.86710194 -2.77464174 -2.68798023 
6.57933225e-07 -3.00600214 -2.94351272 -2.86710372 -2.77464295 -2.68798113 
5.33669923e-07 -3.00600276 -2.94351406 -2.86710551 -2.77464417 -2.68798203 
4.32876128e-07 -3.00600339 -2.94351540 -2.86710730 -2.77464538 -2.68798293 
3.51119173e-07 -3.00600401 -2.94351674 -2.86710908 -2.77464659 -2.68798383 
2.84803587e-07 -3.00600454 -2.94351800 -2.86711070 -2.77464760 -2.68798487 
2.31012970e-07 -3.00600495 -2.94351919 -2.86711215 -2.77464839 -2.68798606 
1.87381742e-07 -3.00600536 -2.94352038 -2.86711360 -2.77464918 -2.68798724 
1.51991108e-07 -3.00600578 -2.94352157 -2.86711505 -2.77464998 -2.68798843 
1.23284674e-07 -3.00600619 -2.94352275 -2.86711650 -2.77465077 -2.68798962 
1.00000000e-07 -3.00600660 -2.94352394 -2.86711796 -2.77465156 -2.68799081 
P (bar) | log_CH4: -2σ | log_CH4: -1σ | log_CH4: median | log_CH4: +1σ | log_CH4: +2σ 
1.00000000e+02 -3.00191588 -2.93869037 -2.86328938 -2.77101819 -2.68425003 
8.11130831e+01 -3.00196694 -2.93874145 -2.86333387 -2.77107969 -2.68435060 
6.57933225e+01 -3.00201799 -2.93879253 -2.86337837 -2.77114470 -2.68445117 
5.33669923e+01 -3.00206905 -2.93884361 -2.86342286 -2.77120970 -2.68455173 
4.32876128e+01 -3.00212010 -2.93889469 -2.86346735 -2.77127471 -2.68465230 
3.51119173e+01 -3.00217116 -2.93894577 -2.86351184 -2.77133971 -2.68475286 
2.84803587e+01 -3.00224518 -2.93901756 -2.86359558 -2.77153770 -2.68514422 
2.31012970e+01 -3.00234215 -2.93911006 -2.86371854 -2.77196868 -2.68582637 
1.87381742e+01 -3.00243913 -2.93921142 -2.86390862 -2.77246883 -2.68650853 
1.51991108e+01 -3.00253611 -2.93932405 -2.86422082 -2.77284256 -2.68831035 
1.23284674e+01 -3.00263309 -2.93943668 -2.86432770 -2.77327813 -2.68935465 
1.00000000e+01 -3.00273007 -2.93954931 -2.86443458 -2.77373158 -2.68993889 
8.11130831e+00 -3.00349338 -2.94043490 -2.86588275 -2.77745219 -2.69528257 
6.57933225e+00 -3.00425669 -2.94151565 -2.86778183 -2.78102008 -2.70136990 
5.33669923e+00 -3.00502001 -2.94263525 -2.86886691 -2.78320851 -2.70969076 
4.32876128e+00 -3.00578332 -2.94350101 -2.87054533 -2.78758843 -2.71745948 
3.51119173e+00 -3.00654663 -2.94466336 -2.87207794 -2.79118229 -2.72273952 
2.84803587e+00 -3.01041924 -2.94995621 -2.87999956 -2.80345857 -2.73990495 
2.31012970e+00 -3.01886795 -2.95893211 -2.89300002 -2.82493714 -2.76596733 
1.87381742e+00 -3.02683306 -2.96967422 -2.90663374 -2.84504902 -2.78874509 
1.51991108e+00 -3.04047357 -2.98280595 -2.92236197 -2.86122866 -2.80768173 
1.23284674e+00 -3.05609065 -2.99666368 -2.93705180 -2.87858597 -2.82563938 
1.00000000e+00 -3.07805967 -3.00866342 -2.95061353 -2.89294399 -2.83442578 
8.11130831e-01 -3.15535779 -3.07273815 -3.00443928 -2.94311678 -2.88040851 
6.57933225e-01 -3.25132745 -3.13828607 -3.05763543 -2.99465318 -2.92890184 
5.33669923e-01 -3.36099596 -3.20893597 -3.11079936 -3.04064102 -2.97435935 
4.32876128e-01 -3.47339386 -3.28532844 -3.16154499 -3.08553887 -3.01856219 
3.51119173e-01 -3.59108870 -3.35806879 -3.21162752 -3.12755302 -3.05761742 
2.84803587e-01 -3.73245243 -3.46428874 -3.30065603 -3.20423980 -3.13226937 
2.31012970e-01 -3.89783985 -3.61109762 -3.42616485 -3.31608778 -3.23969064 
1.87381742e-01 -4.06553551 -3.75620925 -3.55271588 -3.42798958 -3.33854674 
1.51991108e-01 -4.22994458 -3.90027145 -3.68147181 -3.53889371 -3.43757567 
1.23284674e-01 -4.39435365 -4.04360289 -3.80914512 -3.65175618 -3.53000313 
1.00000000e-01 -4.55876272 -4.18989055 -3.93794650 -3.76481870 -3.63015076 
8.11130831e-02 -4.74129501 -4.37020878 -4.11744974 -3.92981073 -3.78534425 
6.57933225e-02 -4.92382729 -4.54916621 -4.29667703 -4.09449049 -3.93451459 
5.33669923e-02 -5.10635958 -4.72957307 -4.47444549 -4.25961423 -4.08368492 
4.32876128e-02 -5.28889187 -4.91128381 -4.65173895 -4.42409710 -4.23285526 
3.51119173e-02 -5.47142416 -5.09442997 -4.83060663 -4.59191065 -4.38523104 
2.84803587e-02 -5.65473472 -5.27822422 -5.01289638 -4.76688941 -4.55320544 
2.31012970e-02 -5.83882355 -5.46443999 -5.19933429 -4.95130343 -4.73527769 
1.87381742e-02 -6.02291238 -5.65173224 -5.38566828 -5.13463381 -4.91734994 
1.51991108e-02 -6.20700122 -5.83873516 -5.57221087 -5.31767729 -5.09936843 
1.23284674e-02 -6.39109005 -6.02491170 -5.75941184 -5.50136366 -5.27783539 
1.00000000e-02 -6.57517888 -6.21051650 -5.94668381 -5.68492628 -5.45630234 
8.11130831e-03 -6.75825971 -6.39478405 -6.13238608 -5.87164418 -5.64278804 
6.57933225e-03 -6.94134054 -6.57952830 -6.31771692 -6.05869561 -5.82927373 
5.33669923e-03 -7.12442136 -6.76413965 -6.50386629 -6.24533803 -6.01575942 
4.32876128e-03 -7.30750219 -6.94827201 -6.68984592 -6.43162110 -6.20224512 
3.51119173e-03 -7.49058302 -7.13200364 -6.87504491 -6.61760833 -6.38873081 
2.84803587e-03 -7.67318066 -7.31505415 -7.05946375 -6.80251925 -6.57501142 
2.31012970e-03 -7.85542858 -7.49848354 -7.24259163 -6.98683791 -6.76108693 
1.87381742e-03 -8.03767651 -7.68158558 -7.42662911 -7.17097471 -6.94716245 
1.51991108e-03 -8.21992443 -7.86507066 -7.61029114 -7.35540342 -7.13323796 
1.23284674e-03 -8.40217235 -8.04793219 -7.79339610 -7.54008848 -7.31931348 
1.00000000e-03 -8.58442028 -8.23146904 -7.97700723 -7.72466901 -7.50538899 
8.11130831e-04 -8.76655962 -8.41376666 -8.15951857 -7.90735518 -7.69007849 
6.57933225e-04 -8.94869896 -8.59599523 -8.34182896 -8.09027405 -7.87476799 
5.33669923e-04 -9.13083829 -8.77822379 -8.52399282 -8.27368173 -8.05945748 
4.32876128e-04 -9.31297763 -8.96045236 -8.70615668 -8.45719330 -8.24414698 
3.51119173e-04 -9.49511697 -9.14268092 -8.88832053 -8.64070487 -8.42883648 
2.84803587e-04 -9.67724726 -9.32482925 -9.07041926 -8.82379870 -8.61282958 
2.31012970e-04 -9.85936850 -9.50689735 -9.25245287 -9.00647478 -8.79569313 
1.87381742e-04 -10.04148973 -9.68896545 -9.43448647 -9.18902360 -8.97855667 
1.51991108e-04 -10.22361097 -9.87103355 -9.61679246 -9.37158930 -9.16142022 
1.23284674e-04 -10.40573220 -10.05310165 -9.79915010 -9.55422458 -9.34428377 
1.00000000e-04 -10.58785343 -10.23516975 -9.98150774 -9.73722344 -9.52714731 
8.11130831e-05 -10.76991274 -10.41719325 -10.16359017 -9.91961598 -9.70943991 
6.57933225e-05 -10.95197205 -10.59921675 -10.34567260 -10.10200003 -9.89173250 
5.33669923e-05 -11.13403136 -10.78124026 -10.52775504 -10.28424734 -10.07402509 
4.32876128e-05 -11.31609067 -10.96326376 -10.70983747 -10.46654898 -10.25631769 
3.51119173e-05 -11.49814998 -11.14528727 -10.89191990 -10.64885062 -10.43861028 
2.84803587e-05 -11.68016707 -11.32730868 -11.07396996 -10.83104863 -10.62080347 
2.31012970e-05 -11.86214194 -11.50932802 -11.25598764 -11.01314303 -10.80289726 
1.87381742e-05 -12.04411681 -11.69134736 -11.43800533 -11.19523743 -10.98499104 
1.51991108e-05 -12.22609169 -11.87336669 -11.62002301 -11.37733183 -11.16708483 
1.23284674e-05 -12.40806656 -12.05538603 -11.80204069 -11.55942623 -11.34917861 
1.00000000e-05 -12.59004143 -12.23740536 -11.98405838 -11.74152063 -11.53127240 
8.11130831e-06 -12.77194618 -12.41941115 -12.16610141 -11.92357881 -11.71331051 
6.57933225e-06 -12.95385094 -12.60141694 -12.34814443 -12.10563698 -11.89534861 
5.33669923e-06 -13.13575569 -12.78342272 -12.53018746 -12.28769516 -12.07738672 
4.32876128e-06 -13.31766044 -12.96542851 -12.71223049 -12.46975334 -12.25942483 
3.51119173e-06 -13.49956520 -13.14743430 -12.89427352 -12.65181151 -12.44146293 
2.84803587e-06 -13.68143582 -13.32940630 -13.07631085 -12.83385382 -12.62347456 
2.31012970e-06 -13.86327233 -13.51134452 -13.25834250 -13.01588025 -12.80545970 
1.87381742e-06 -14.04510883 -13.69328273 -13.44037415 -13.19790668 -12.98744484 
1.51991108e-06 -14.22694533 -13.87522095 -13.62240580 -13.37993311 -13.16942997 
1.23284674e-06 -14.40878184 -14.05715916 -13.80443745 -13.56195955 -13.35141511 
1.00000000e-06 -14.59061834 -14.23909738 -13.98646909 -13.74398598 -13.53340025 
8.11130831e-07 -14.77237833 -14.42094421 -14.16841723 -13.92593622 -13.71533705 
6.57933225e-07 -14.95413832 -14.60279104 -14.35036536 -14.10788646 -13.89727384 
5.33669923e-07 -15.13589831 -14.78463787 -14.53231349 -14.28983670 -14.07921064 
4.32876128e-07 -15.31765830 -14.96648470 -14.71426162 -14.47178694 -14.26114743 
3.51119173e-07 -15.49941830 -15.14833153 -14.89620975 -14.65373718 -14.44308423 
2.84803587e-07 -15.68113951 -15.33013823 -15.07811127 -14.83565055 -14.62500501 
2.31012970e-07 -15.86282196 -15.51193286 -15.25996616 -15.01752704 -14.80690976 
1.87381742e-07 -16.04450440 -15.69377559 -15.44182106 -15.19940353 -14.98880740 
1.51991108e-07 -16.22618685 -15.87561832 -15.62367595 -15.38128002 -15.17070490 
1.23284674e-07 -16.40786929 -16.05746104 -15.80553084 -15.56315651 -15.35260241 
1.00000000e-07 -16.58955173 -16.23930377 -15.98738574 -15.74503300 -15.53449991 
