Chemical species: H2 He H2O CH4 SO2
P (bar) | log_H2: -2σ | log_H2: -1σ | log_H2: median | log_H2: +1σ | log_H2: +2σ 
1.00000000e+02 -0.11769201 -0.09605870 -0.08244790 -0.07316969 -0.06916838 
8.11130831e+01 -0.11769201 -0.09605870 -0.08244790 -0.07316969 -0.06916838 
6.57933225e+01 -0.11769201 -0.09605870 -0.08244790 -0.07316969 -0.06916838 
5.33669923e+01 -0.11769201 -0.09605870 -0.08244790 -0.07316969 -0.06916838 
4.32876128e+01 -0.11769201 -0.09605870 -0.08244790 -0.07316969 -0.06916838 
3.51119173e+01 -0.11769201 -0.09605870 -0.08244790 -0.07316969 -0.06916838 
2.84803587e+01 -0.11769201 -0.09605870 -0.08244790 -0.07316969 -0.06916838 
2.31012970e+01 -0.11769201 -0.09605870 -0.08244790 -0.07316969 -0.06916838 
1.87381742e+01 -0.11769201 -0.09605870 -0.08244790 -0.07316969 -0.06916838 
1.51991108e+01 -0.11769201 -0.09605870 -0.08244790 -0.07316969 -0.06916838 
1.23284674e+01 -0.11769201 -0.09605870 -0.08244790 -0.07316969 -0.06916838 
1.00000000e+01 -0.11769201 -0.09605870 -0.08244790 -0.07316969 -0.06916838 
8.11130831e+00 -0.11769201 -0.09605870 -0.08244790 -0.07316969 -0.06916838 
6.57933225e+00 -0.11769201 -0.09605870 -0.08244790 -0.07316969 -0.06916838 
5.33669923e+00 -0.11769201 -0.09605870 -0.08244790 -0.07316969 -0.06916838 
4.32876128e+00 -0.11769201 -0.09605870 -0.08244790 -0.07316969 -0.06916838 
3.51119173e+00 -0.11769201 -0.09605870 -0.08244790 -0.07316969 -0.06916838 
2.84803587e+00 -0.11769201 -0.09605870 -0.08244790 -0.07316969 -0.06916838 
2.31012970e+00 -0.11769201 -0.09605870 -0.08244790 -0.07316969 -0.06916838 
1.87381742e+00 -0.11769201 -0.09605870 -0.08244790 -0.07316969 -0.06916838 
1.51991108e+00 -0.11769201 -0.09605870 -0.08244790 -0.07316969 -0.06916838 
1.23284674e+00 -0.11769201 -0.09605870 -0.08244790 -0.07316969 -0.06916838 
1.00000000e+00 -0.11769201 -0.09605870 -0.08244790 -0.07316969 -0.06916838 
8.11130831e-01 -0.11769201 -0.09605870 -0.08244790 -0.07316969 -0.06916838 
6.57933225e-01 -0.11769201 -0.09605870 -0.08244790 -0.07316969 -0.06916838 
5.33669923e-01 -0.11769201 -0.09605870 -0.08244790 -0.07316969 -0.06916838 
4.32876128e-01 -0.11769201 -0.09605870 -0.08244790 -0.07316969 -0.06916838 
3.51119173e-01 -0.11769201 -0.09605870 -0.08244790 -0.07316969 -0.06916838 
2.84803587e-01 -0.11769201 -0.09605870 -0.08244790 -0.07316969 -0.06916838 
2.31012970e-01 -0.11769201 -0.09605870 -0.08244790 -0.07316969 -0.06916838 
1.87381742e-01 -0.11769201 -0.09605870 -0.08244790 -0.07316969 -0.06916838 
1.51991108e-01 -0.11769201 -0.09605870 -0.08244790 -0.07316969 -0.06916838 
1.23284674e-01 -0.11769201 -0.09605870 -0.08244790 -0.07316969 -0.06916838 
1.00000000e-01 -0.11769201 -0.09605870 -0.08244790 -0.07316969 -0.06916838 
8.11130831e-02 -0.11769201 -0.09605870 -0.08244790 -0.07316969 -0.06916838 
6.57933225e-02 -0.11769201 -0.09605870 -0.08244790 -0.07316969 -0.06916838 
5.33669923e-02 -0.11769201 -0.09605870 -0.08244790 -0.07316969 -0.06916838 
4.32876128e-02 -0.11769201 -0.09605870 -0.08244790 -0.07316969 -0.06916838 
3.51119173e-02 -0.11769201 -0.09605870 -0.08244790 -0.07316969 -0.06916838 
2.84803587e-02 -0.11769201 -0.09605870 -0.08244790 -0.07316969 -0.06916838 
2.31012970e-02 -0.11769201 -0.09605870 -0.08244790 -0.07316969 -0.06916838 
1.87381742e-02 -0.11769201 -0.09605870 -0.08244790 -0.07316969 -0.06916838 
1.51991108e-02 -0.11769201 -0.09605870 -0.08244790 -0.07316969 -0.06916838 
1.23284674e-02 -0.11769201 -0.09605870 -0.08244790 -0.07316969 -0.06916838 
1.00000000e-02 -0.11769201 -0.09605870 -0.08244790 -0.07316969 -0.06916838 
8.11130831e-03 -0.11769201 -0.09605870 -0.08244790 -0.07316969 -0.06916838 
6.57933225e-03 -0.11769201 -0.09605870 -0.08244790 -0.07316969 -0.06916838 
5.33669923e-03 -0.11769201 -0.09605870 -0.08244790 -0.07316969 -0.06916838 
4.32876128e-03 -0.11769201 -0.09605870 -0.08244790 -0.07316969 -0.06916838 
3.51119173e-03 -0.11769201 -0.09605870 -0.08244790 -0.07316969 -0.06916838 
2.84803587e-03 -0.11769201 -0.09605870 -0.08244790 -0.07316969 -0.06916838 
2.31012970e-03 -0.11769201 -0.09605870 -0.08244790 -0.07316969 -0.06916838 
1.87381742e-03 -0.11769201 -0.09605870 -0.08244790 -0.07316969 -0.06916838 
1.51991108e-03 -0.11769201 -0.09605870 -0.08244790 -0.07316969 -0.06916838 
1.23284674e-03 -0.11769201 -0.09605870 -0.08244790 -0.07316969 -0.06916838 
1.00000000e-03 -0.11769201 -0.09605870 -0.08244790 -0.07316969 -0.06916838 
8.11130831e-04 -0.11769201 -0.09605870 -0.08244790 -0.07316969 -0.06916838 
6.57933225e-04 -0.11769201 -0.09605870 -0.08244790 -0.07316969 -0.06916838 
5.33669923e-04 -0.11769201 -0.09605870 -0.08244790 -0.07316969 -0.06916838 
4.32876128e-04 -0.11769201 -0.09605870 -0.08244790 -0.07316969 -0.06916838 
3.51119173e-04 -0.11769201 -0.09605870 -0.08244790 -0.07316969 -0.06916838 
2.84803587e-04 -0.11769201 -0.09605870 -0.08244790 -0.07316969 -0.06916838 
2.31012970e-04 -0.11769201 -0.09605870 -0.08244790 -0.07316969 -0.06916838 
1.87381742e-04 -0.11769201 -0.09605870 -0.08244790 -0.07316969 -0.06916838 
1.51991108e-04 -0.11769201 -0.09605870 -0.08244790 -0.07316969 -0.06916838 
1.23284674e-04 -0.11769201 -0.09605870 -0.08244790 -0.07316969 -0.06916838 
1.00000000e-04 -0.11769201 -0.09605870 -0.08244790 -0.07316969 -0.06916838 
8.11130831e-05 -0.11769201 -0.09605870 -0.08244790 -0.07316969 -0.06916838 
6.57933225e-05 -0.11769201 -0.09605870 -0.08244790 -0.07316969 -0.06916838 
5.33669923e-05 -0.11769201 -0.09605870 -0.08244790 -0.07316969 -0.06916838 
4.32876128e-05 -0.11769201 -0.09605870 -0.08244790 -0.07316969 -0.06916838 
3.51119173e-05 -0.11769201 -0.09605870 -0.08244790 -0.07316969 -0.06916838 
2.84803587e-05 -0.11769201 -0.09605870 -0.08244790 -0.07316969 -0.06916838 
2.31012970e-05 -0.11769201 -0.09605870 -0.08244790 -0.07316969 -0.06916838 
1.87381742e-05 -0.11769201 -0.09605870 -0.08244790 -0.07316969 -0.06916838 
1.51991108e-05 -0.11769201 -0.09605870 -0.08244790 -0.07316969 -0.06916838 
1.23284674e-05 -0.11769201 -0.09605870 -0.08244790 -0.07316969 -0.06916838 
1.00000000e-05 -0.11769201 -0.09605870 -0.08244790 -0.07316969 -0.06916838 
8.11130831e-06 -0.11769201 -0.09605870 -0.08244790 -0.07316969 -0.06916838 
6.57933225e-06 -0.11769201 -0.09605870 -0.08244790 -0.07316969 -0.06916838 
5.33669923e-06 -0.11769201 -0.09605870 -0.08244790 -0.07316969 -0.06916838 
4.32876128e-06 -0.11769201 -0.09605870 -0.08244790 -0.07316969 -0.06916838 
3.51119173e-06 -0.11769201 -0.09605870 -0.08244790 -0.07316969 -0.06916838 
2.84803587e-06 -0.11769201 -0.09605870 -0.08244790 -0.07316969 -0.06916838 
2.31012970e-06 -0.11769201 -0.09605870 -0.08244790 -0.07316969 -0.06916838 
1.87381742e-06 -0.11769201 -0.09605870 -0.08244790 -0.07316969 -0.06916838 
1.51991108e-06 -0.11769201 -0.09605870 -0.08244790 -0.07316969 -0.06916838 
1.23284674e-06 -0.11769201 -0.09605870 -0.08244790 -0.07316969 -0.06916838 
1.00000000e-06 -0.11769201 -0.09605870 -0.08244790 -0.07316969 -0.06916838 
8.11130831e-07 -0.11769201 -0.09605870 -0.08244790 -0.07316969 -0.06916838 
6.57933225e-07 -0.11769201 -0.09605870 -0.08244790 -0.07316969 -0.06916838 
5.33669923e-07 -0.11769201 -0.09605870 -0.08244790 -0.07316969 -0.06916838 
4.32876128e-07 -0.11769201 -0.09605870 -0.08244790 -0.07316969 -0.06916838 
3.51119173e-07 -0.11769201 -0.09605870 -0.08244790 -0.07316969 -0.06916838 
2.84803587e-07 -0.11769201 -0.09605870 -0.08244790 -0.07316969 -0.06916838 
2.31012970e-07 -0.11769201 -0.09605870 -0.08244790 -0.07316969 -0.06916838 
1.87381742e-07 -0.11769201 -0.09605870 -0.08244790 -0.07316969 -0.06916838 
1.51991108e-07 -0.11769201 -0.09605870 -0.08244790 -0.07316969 -0.06916838 
1.23284674e-07 -0.11769201 -0.09605870 -0.08244790 -0.07316969 -0.06916838 
1.00000000e-07 -0.11769201 -0.09605870 -0.08244790 -0.07316969 -0.06916838 
P (bar) | log_He: -2σ | log_He: -1σ | log_He: median | log_He: +1σ | log_He: +2σ 
1.00000000e+02 -0.88724309 -0.86560978 -0.85199898 -0.84272077 -0.83871946 
8.11130831e+01 -0.88724309 -0.86560978 -0.85199898 -0.84272077 -0.83871946 
6.57933225e+01 -0.88724309 -0.86560978 -0.85199898 -0.84272077 -0.83871946 
5.33669923e+01 -0.88724309 -0.86560978 -0.85199898 -0.84272077 -0.83871946 
4.32876128e+01 -0.88724309 -0.86560978 -0.85199898 -0.84272077 -0.83871946 
3.51119173e+01 -0.88724309 -0.86560978 -0.85199898 -0.84272077 -0.83871946 
2.84803587e+01 -0.88724309 -0.86560978 -0.85199898 -0.84272077 -0.83871946 
2.31012970e+01 -0.88724309 -0.86560978 -0.85199898 -0.84272077 -0.83871946 
1.87381742e+01 -0.88724309 -0.86560978 -0.85199898 -0.84272077 -0.83871946 
1.51991108e+01 -0.88724309 -0.86560978 -0.85199898 -0.84272077 -0.83871946 
1.23284674e+01 -0.88724309 -0.86560978 -0.85199898 -0.84272077 -0.83871946 
1.00000000e+01 -0.88724309 -0.86560978 -0.85199898 -0.84272077 -0.83871946 
8.11130831e+00 -0.88724309 -0.86560978 -0.85199898 -0.84272077 -0.83871946 
6.57933225e+00 -0.88724309 -0.86560978 -0.85199898 -0.84272077 -0.83871946 
5.33669923e+00 -0.88724309 -0.86560978 -0.85199898 -0.84272077 -0.83871946 
4.32876128e+00 -0.88724309 -0.86560978 -0.85199898 -0.84272077 -0.83871946 
3.51119173e+00 -0.88724309 -0.86560978 -0.85199898 -0.84272077 -0.83871946 
2.84803587e+00 -0.88724309 -0.86560978 -0.85199898 -0.84272077 -0.83871946 
2.31012970e+00 -0.88724309 -0.86560978 -0.85199898 -0.84272077 -0.83871946 
1.87381742e+00 -0.88724309 -0.86560978 -0.85199898 -0.84272077 -0.83871946 
1.51991108e+00 -0.88724309 -0.86560978 -0.85199898 -0.84272077 -0.83871946 
1.23284674e+00 -0.88724309 -0.86560978 -0.85199898 -0.84272077 -0.83871946 
1.00000000e+00 -0.88724309 -0.86560978 -0.85199898 -0.84272077 -0.83871946 
8.11130831e-01 -0.88724309 -0.86560978 -0.85199898 -0.84272077 -0.83871946 
6.57933225e-01 -0.88724309 -0.86560978 -0.85199898 -0.84272077 -0.83871946 
5.33669923e-01 -0.88724309 -0.86560978 -0.85199898 -0.84272077 -0.83871946 
4.32876128e-01 -0.88724309 -0.86560978 -0.85199898 -0.84272077 -0.83871946 
3.51119173e-01 -0.88724309 -0.86560978 -0.85199898 -0.84272077 -0.83871946 
2.84803587e-01 -0.88724309 -0.86560978 -0.85199898 -0.84272077 -0.83871946 
2.31012970e-01 -0.88724309 -0.86560978 -0.85199898 -0.84272077 -0.83871946 
1.87381742e-01 -0.88724309 -0.86560978 -0.85199898 -0.84272077 -0.83871946 
1.51991108e-01 -0.88724309 -0.86560978 -0.85199898 -0.84272077 -0.83871946 
1.23284674e-01 -0.88724309 -0.86560978 -0.85199898 -0.84272077 -0.83871946 
1.00000000e-01 -0.88724309 -0.86560978 -0.85199898 -0.84272077 -0.83871946 
8.11130831e-02 -0.88724309 -0.86560978 -0.85199898 -0.84272077 -0.83871946 
6.57933225e-02 -0.88724309 -0.86560978 -0.85199898 -0.84272077 -0.83871946 
5.33669923e-02 -0.88724309 -0.86560978 -0.85199898 -0.84272077 -0.83871946 
4.32876128e-02 -0.88724309 -0.86560978 -0.85199898 -0.84272077 -0.83871946 
3.51119173e-02 -0.88724309 -0.86560978 -0.85199898 -0.84272077 -0.83871946 
2.84803587e-02 -0.88724309 -0.86560978 -0.85199898 -0.84272077 -0.83871946 
2.31012970e-02 -0.88724309 -0.86560978 -0.85199898 -0.84272077 -0.83871946 
1.87381742e-02 -0.88724309 -0.86560978 -0.85199898 -0.84272077 -0.83871946 
1.51991108e-02 -0.88724309 -0.86560978 -0.85199898 -0.84272077 -0.83871946 
1.23284674e-02 -0.88724309 -0.86560978 -0.85199898 -0.84272077 -0.83871946 
1.00000000e-02 -0.88724309 -0.86560978 -0.85199898 -0.84272077 -0.83871946 
8.11130831e-03 -0.88724309 -0.86560978 -0.85199898 -0.84272077 -0.83871946 
6.57933225e-03 -0.88724309 -0.86560978 -0.85199898 -0.84272077 -0.83871946 
5.33669923e-03 -0.88724309 -0.86560978 -0.85199898 -0.84272077 -0.83871946 
4.32876128e-03 -0.88724309 -0.86560978 -0.85199898 -0.84272077 -0.83871946 
3.51119173e-03 -0.88724309 -0.86560978 -0.85199898 -0.84272077 -0.83871946 
2.84803587e-03 -0.88724309 -0.86560978 -0.85199898 -0.84272077 -0.83871946 
2.31012970e-03 -0.88724309 -0.86560978 -0.85199898 -0.84272077 -0.83871946 
1.87381742e-03 -0.88724309 -0.86560978 -0.85199898 -0.84272077 -0.83871946 
1.51991108e-03 -0.88724309 -0.86560978 -0.85199898 -0.84272077 -0.83871946 
1.23284674e-03 -0.88724309 -0.86560978 -0.85199898 -0.84272077 -0.83871946 
1.00000000e-03 -0.88724309 -0.86560978 -0.85199898 -0.84272077 -0.83871946 
8.11130831e-04 -0.88724309 -0.86560978 -0.85199898 -0.84272077 -0.83871946 
6.57933225e-04 -0.88724309 -0.86560978 -0.85199898 -0.84272077 -0.83871946 
5.33669923e-04 -0.88724309 -0.86560978 -0.85199898 -0.84272077 -0.83871946 
4.32876128e-04 -0.88724309 -0.86560978 -0.85199898 -0.84272077 -0.83871946 
3.51119173e-04 -0.88724309 -0.86560978 -0.85199898 -0.84272077 -0.83871946 
2.84803587e-04 -0.88724309 -0.86560978 -0.85199898 -0.84272077 -0.83871946 
2.31012970e-04 -0.88724309 -0.86560978 -0.85199898 -0.84272077 -0.83871946 
1.87381742e-04 -0.88724309 -0.86560978 -0.85199898 -0.84272077 -0.83871946 
1.51991108e-04 -0.88724309 -0.86560978 -0.85199898 -0.84272077 -0.83871946 
1.23284674e-04 -0.88724309 -0.86560978 -0.85199898 -0.84272077 -0.83871946 
1.00000000e-04 -0.88724309 -0.86560978 -0.85199898 -0.84272077 -0.83871946 
8.11130831e-05 -0.88724309 -0.86560978 -0.85199898 -0.84272077 -0.83871946 
6.57933225e-05 -0.88724309 -0.86560978 -0.85199898 -0.84272077 -0.83871946 
5.33669923e-05 -0.88724309 -0.86560978 -0.85199898 -0.84272077 -0.83871946 
4.32876128e-05 -0.88724309 -0.86560978 -0.85199898 -0.84272077 -0.83871946 
3.51119173e-05 -0.88724309 -0.86560978 -0.85199898 -0.84272077 -0.83871946 
2.84803587e-05 -0.88724309 -0.86560978 -0.85199898 -0.84272077 -0.83871946 
2.31012970e-05 -0.88724309 -0.86560978 -0.85199898 -0.84272077 -0.83871946 
1.87381742e-05 -0.88724309 -0.86560978 -0.85199898 -0.84272077 -0.83871946 
1.51991108e-05 -0.88724309 -0.86560978 -0.85199898 -0.84272077 -0.83871946 
1.23284674e-05 -0.88724309 -0.86560978 -0.85199898 -0.84272077 -0.83871946 
1.00000000e-05 -0.88724309 -0.86560978 -0.85199898 -0.84272077 -0.83871946 
8.11130831e-06 -0.88724309 -0.86560978 -0.85199898 -0.84272077 -0.83871946 
6.57933225e-06 -0.88724309 -0.86560978 -0.85199898 -0.84272077 -0.83871946 
5.33669923e-06 -0.88724309 -0.86560978 -0.85199898 -0.84272077 -0.83871946 
4.32876128e-06 -0.88724309 -0.86560978 -0.85199898 -0.84272077 -0.83871946 
3.51119173e-06 -0.88724309 -0.86560978 -0.85199898 -0.84272077 -0.83871946 
2.84803587e-06 -0.88724309 -0.86560978 -0.85199898 -0.84272077 -0.83871946 
2.31012970e-06 -0.88724309 -0.86560978 -0.85199898 -0.84272077 -0.83871946 
1.87381742e-06 -0.88724309 -0.86560978 -0.85199898 -0.84272077 -0.83871946 
1.51991108e-06 -0.88724309 -0.86560978 -0.85199898 -0.84272077 -0.83871946 
1.23284674e-06 -0.88724309 -0.86560978 -0.85199898 -0.84272077 -0.83871946 
1.00000000e-06 -0.88724309 -0.86560978 -0.85199898 -0.84272077 -0.83871946 
8.11130831e-07 -0.88724309 -0.86560978 -0.85199898 -0.84272077 -0.83871946 
6.57933225e-07 -0.88724309 -0.86560978 -0.85199898 -0.84272077 -0.83871946 
5.33669923e-07 -0.88724309 -0.86560978 -0.85199898 -0.84272077 -0.83871946 
4.32876128e-07 -0.88724309 -0.86560978 -0.85199898 -0.84272077 -0.83871946 
3.51119173e-07 -0.88724309 -0.86560978 -0.85199898 -0.84272077 -0.83871946 
2.84803587e-07 -0.88724309 -0.86560978 -0.85199898 -0.84272077 -0.83871946 
2.31012970e-07 -0.88724309 -0.86560978 -0.85199898 -0.84272077 -0.83871946 
1.87381742e-07 -0.88724309 -0.86560978 -0.85199898 -0.84272077 -0.83871946 
1.51991108e-07 -0.88724309 -0.86560978 -0.85199898 -0.84272077 -0.83871946 
1.23284674e-07 -0.88724309 -0.86560978 -0.85199898 -0.84272077 -0.83871946 
1.00000000e-07 -0.88724309 -0.86560978 -0.85199898 -0.84272077 -0.83871946 
P (bar) | log_H2O: -2σ | log_H2O: -1σ | log_H2O: median | log_H2O: +1σ | log_H2O: +2σ 
1.00000000e+02 -2.66647213 -1.94467184 -1.49123384 -1.20675360 -0.97494917 
8.11130831e+01 -2.66647213 -1.94467184 -1.49123384 -1.20675360 -0.97494917 
6.57933225e+01 -2.66647213 -1.94467184 -1.49123384 -1.20675360 -0.97494917 
5.33669923e+01 -2.66647213 -1.94467184 -1.49123384 -1.20675360 -0.97494917 
4.32876128e+01 -2.66647213 -1.94467184 -1.49123384 -1.20675360 -0.97494917 
3.51119173e+01 -2.66647213 -1.94467184 -1.49123384 -1.20675360 -0.97494917 
2.84803587e+01 -2.66647213 -1.94467184 -1.49123384 -1.20675360 -0.97494917 
2.31012970e+01 -2.66647213 -1.94467184 -1.49123384 -1.20675360 -0.97494917 
1.87381742e+01 -2.66647213 -1.94467184 -1.49123384 -1.20675360 -0.97494917 
1.51991108e+01 -2.66647213 -1.94467184 -1.49123384 -1.20675360 -0.97494917 
1.23284674e+01 -2.66647213 -1.94467184 -1.49123384 -1.20675360 -0.97494917 
1.00000000e+01 -2.66647213 -1.94467184 -1.49123384 -1.20675360 -0.97494917 
8.11130831e+00 -2.66647213 -1.94467184 -1.49123384 -1.20675360 -0.97494917 
6.57933225e+00 -2.66647213 -1.94467184 -1.49123384 -1.20675360 -0.97494917 
5.33669923e+00 -2.66647213 -1.94467184 -1.49123384 -1.20675360 -0.97494917 
4.32876128e+00 -2.66647213 -1.94467184 -1.49123384 -1.20675360 -0.97494917 
3.51119173e+00 -2.66647213 -1.94467184 -1.49123384 -1.20675360 -0.97494917 
2.84803587e+00 -2.66647213 -1.94467184 -1.49123384 -1.20675360 -0.97494917 
2.31012970e+00 -2.66647213 -1.94467184 -1.49123384 -1.20675360 -0.97494917 
1.87381742e+00 -2.66647213 -1.94467184 -1.49123384 -1.20675360 -0.97494917 
1.51991108e+00 -2.66647213 -1.94467184 -1.49123384 -1.20675360 -0.97494917 
1.23284674e+00 -2.66647213 -1.94467184 -1.49123384 -1.20675360 -0.97494917 
1.00000000e+00 -2.66647213 -1.94467184 -1.49123384 -1.20675360 -0.97494917 
8.11130831e-01 -2.66647213 -1.94467184 -1.49123384 -1.20675360 -0.97494917 
6.57933225e-01 -2.66647213 -1.94467184 -1.49123384 -1.20675360 -0.97494917 
5.33669923e-01 -2.66647213 -1.94467184 -1.49123384 -1.20675360 -0.97494917 
4.32876128e-01 -2.66647213 -1.94467184 -1.49123384 -1.20675360 -0.97494917 
3.51119173e-01 -2.66647213 -1.94467184 -1.49123384 -1.20675360 -0.97494917 
2.84803587e-01 -2.66647213 -1.94467184 -1.49123384 -1.20675360 -0.97494917 
2.31012970e-01 -2.66647213 -1.94467184 -1.49123384 -1.20675360 -0.97494917 
1.87381742e-01 -2.66647213 -1.94467184 -1.49123384 -1.20675360 -0.97494917 
1.51991108e-01 -2.66647213 -1.94467184 -1.49123384 -1.20675360 -0.97494917 
1.23284674e-01 -2.66647213 -1.94467184 -1.49123384 -1.20675360 -0.97494917 
1.00000000e-01 -2.66647213 -1.94467184 -1.49123384 -1.20675360 -0.97494917 
8.11130831e-02 -2.66647213 -1.94467184 -1.49123384 -1.20675360 -0.97494917 
6.57933225e-02 -2.66647213 -1.94467184 -1.49123384 -1.20675360 -0.97494917 
5.33669923e-02 -2.66647213 -1.94467184 -1.49123384 -1.20675360 -0.97494917 
4.32876128e-02 -2.66647213 -1.94467184 -1.49123384 -1.20675360 -0.97494917 
3.51119173e-02 -2.66647213 -1.94467184 -1.49123384 -1.20675360 -0.97494917 
2.84803587e-02 -2.66647213 -1.94467184 -1.49123384 -1.20675360 -0.97494917 
2.31012970e-02 -2.66647213 -1.94467184 -1.49123384 -1.20675360 -0.97494917 
1.87381742e-02 -2.66647213 -1.94467184 -1.49123384 -1.20675360 -0.97494917 
1.51991108e-02 -2.66647213 -1.94467184 -1.49123384 -1.20675360 -0.97494917 
1.23284674e-02 -2.66647213 -1.94467184 -1.49123384 -1.20675360 -0.97494917 
1.00000000e-02 -2.66647213 -1.94467184 -1.49123384 -1.20675360 -0.97494917 
8.11130831e-03 -2.66647213 -1.94467184 -1.49123384 -1.20675360 -0.97494917 
6.57933225e-03 -2.66647213 -1.94467184 -1.49123384 -1.20675360 -0.97494917 
5.33669923e-03 -2.66647213 -1.94467184 -1.49123384 -1.20675360 -0.97494917 
4.32876128e-03 -2.66647213 -1.94467184 -1.49123384 -1.20675360 -0.97494917 
3.51119173e-03 -2.66647213 -1.94467184 -1.49123384 -1.20675360 -0.97494917 
2.84803587e-03 -2.66647213 -1.94467184 -1.49123384 -1.20675360 -0.97494917 
2.31012970e-03 -2.66647213 -1.94467184 -1.49123384 -1.20675360 -0.97494917 
1.87381742e-03 -2.66647213 -1.94467184 -1.49123384 -1.20675360 -0.97494917 
1.51991108e-03 -2.66647213 -1.94467184 -1.49123384 -1.20675360 -0.97494917 
1.23284674e-03 -2.66647213 -1.94467184 -1.49123384 -1.20675360 -0.97494917 
1.00000000e-03 -2.66647213 -1.94467184 -1.49123384 -1.20675360 -0.97494917 
8.11130831e-04 -2.66647213 -1.94467184 -1.49123384 -1.20675360 -0.97494917 
6.57933225e-04 -2.66647213 -1.94467184 -1.49123384 -1.20675360 -0.97494917 
5.33669923e-04 -2.66647213 -1.94467184 -1.49123384 -1.20675360 -0.97494917 
4.32876128e-04 -2.66647213 -1.94467184 -1.49123384 -1.20675360 -0.97494917 
3.51119173e-04 -2.66647213 -1.94467184 -1.49123384 -1.20675360 -0.97494917 
2.84803587e-04 -2.66647213 -1.94467184 -1.49123384 -1.20675360 -0.97494917 
2.31012970e-04 -2.66647213 -1.94467184 -1.49123384 -1.20675360 -0.97494917 
1.87381742e-04 -2.66647213 -1.94467184 -1.49123384 -1.20675360 -0.97494917 
1.51991108e-04 -2.66647213 -1.94467184 -1.49123384 -1.20675360 -0.97494917 
1.23284674e-04 -2.66647213 -1.94467184 -1.49123384 -1.20675360 -0.97494917 
1.00000000e-04 -2.66647213 -1.94467184 -1.49123384 -1.20675360 -0.97494917 
8.11130831e-05 -2.66647213 -1.94467184 -1.49123384 -1.20675360 -0.97494917 
6.57933225e-05 -2.66647213 -1.94467184 -1.49123384 -1.20675360 -0.97494917 
5.33669923e-05 -2.66647213 -1.94467184 -1.49123384 -1.20675360 -0.97494917 
4.32876128e-05 -2.66647213 -1.94467184 -1.49123384 -1.20675360 -0.97494917 
3.51119173e-05 -2.66647213 -1.94467184 -1.49123384 -1.20675360 -0.97494917 
2.84803587e-05 -2.66647213 -1.94467184 -1.49123384 -1.20675360 -0.97494917 
2.31012970e-05 -2.66647213 -1.94467184 -1.49123384 -1.20675360 -0.97494917 
1.87381742e-05 -2.66647213 -1.94467184 -1.49123384 -1.20675360 -0.97494917 
1.51991108e-05 -2.66647213 -1.94467184 -1.49123384 -1.20675360 -0.97494917 
1.23284674e-05 -2.66647213 -1.94467184 -1.49123384 -1.20675360 -0.97494917 
1.00000000e-05 -2.66647213 -1.94467184 -1.49123384 -1.20675360 -0.97494917 
8.11130831e-06 -2.66647213 -1.94467184 -1.49123384 -1.20675360 -0.97494917 
6.57933225e-06 -2.66647213 -1.94467184 -1.49123384 -1.20675360 -0.97494917 
5.33669923e-06 -2.66647213 -1.94467184 -1.49123384 -1.20675360 -0.97494917 
4.32876128e-06 -2.66647213 -1.94467184 -1.49123384 -1.20675360 -0.97494917 
3.51119173e-06 -2.66647213 -1.94467184 -1.49123384 -1.20675360 -0.97494917 
2.84803587e-06 -2.66647213 -1.94467184 -1.49123384 -1.20675360 -0.97494917 
2.31012970e-06 -2.66647213 -1.94467184 -1.49123384 -1.20675360 -0.97494917 
1.87381742e-06 -2.66647213 -1.94467184 -1.49123384 -1.20675360 -0.97494917 
1.51991108e-06 -2.66647213 -1.94467184 -1.49123384 -1.20675360 -0.97494917 
1.23284674e-06 -2.66647213 -1.94467184 -1.49123384 -1.20675360 -0.97494917 
1.00000000e-06 -2.66647213 -1.94467184 -1.49123384 -1.20675360 -0.97494917 
8.11130831e-07 -2.66647213 -1.94467184 -1.49123384 -1.20675360 -0.97494917 
6.57933225e-07 -2.66647213 -1.94467184 -1.49123384 -1.20675360 -0.97494917 
5.33669923e-07 -2.66647213 -1.94467184 -1.49123384 -1.20675360 -0.97494917 
4.32876128e-07 -2.66647213 -1.94467184 -1.49123384 -1.20675360 -0.97494917 
3.51119173e-07 -2.66647213 -1.94467184 -1.49123384 -1.20675360 -0.97494917 
2.84803587e-07 -2.66647213 -1.94467184 -1.49123384 -1.20675360 -0.97494917 
2.31012970e-07 -2.66647213 -1.94467184 -1.49123384 -1.20675360 -0.97494917 
1.87381742e-07 -2.66647213 -1.94467184 -1.49123384 -1.20675360 -0.97494917 
1.51991108e-07 -2.66647213 -1.94467184 -1.49123384 -1.20675360 -0.97494917 
1.23284674e-07 -2.66647213 -1.94467184 -1.49123384 -1.20675360 -0.97494917 
1.00000000e-07 -2.66647213 -1.94467184 -1.49123384 -1.20675360 -0.97494917 
P (bar) | log_CH4: -2σ | log_CH4: -1σ | log_CH4: median | log_CH4: +1σ | log_CH4: +2σ 
1.00000000e+02 -11.82995223 -11.00924611 -8.97222457 -6.73709234 -5.36707635 
8.11130831e+01 -11.82995223 -11.00924611 -8.97222457 -6.73709234 -5.36707635 
6.57933225e+01 -11.82995223 -11.00924611 -8.97222457 -6.73709234 -5.36707635 
5.33669923e+01 -11.82995223 -11.00924611 -8.97222457 -6.73709234 -5.36707635 
4.32876128e+01 -11.82995223 -11.00924611 -8.97222457 -6.73709234 -5.36707635 
3.51119173e+01 -11.82995223 -11.00924611 -8.97222457 -6.73709234 -5.36707635 
2.84803587e+01 -11.82995223 -11.00924611 -8.97222457 -6.73709234 -5.36707635 
2.31012970e+01 -11.82995223 -11.00924611 -8.97222457 -6.73709234 -5.36707635 
1.87381742e+01 -11.82995223 -11.00924611 -8.97222457 -6.73709234 -5.36707635 
1.51991108e+01 -11.82995223 -11.00924611 -8.97222457 -6.73709234 -5.36707635 
1.23284674e+01 -11.82995223 -11.00924611 -8.97222457 -6.73709234 -5.36707635 
1.00000000e+01 -11.82995223 -11.00924611 -8.97222457 -6.73709234 -5.36707635 
8.11130831e+00 -11.82995223 -11.00924611 -8.97222457 -6.73709234 -5.36707635 
6.57933225e+00 -11.82995223 -11.00924611 -8.97222457 -6.73709234 -5.36707635 
5.33669923e+00 -11.82995223 -11.00924611 -8.97222457 -6.73709234 -5.36707635 
4.32876128e+00 -11.82995223 -11.00924611 -8.97222457 -6.73709234 -5.36707635 
3.51119173e+00 -11.82995223 -11.00924611 -8.97222457 -6.73709234 -5.36707635 
2.84803587e+00 -11.82995223 -11.00924611 -8.97222457 -6.73709234 -5.36707635 
2.31012970e+00 -11.82995223 -11.00924611 -8.97222457 -6.73709234 -5.36707635 
1.87381742e+00 -11.82995223 -11.00924611 -8.97222457 -6.73709234 -5.36707635 
1.51991108e+00 -11.82995223 -11.00924611 -8.97222457 -6.73709234 -5.36707635 
1.23284674e+00 -11.82995223 -11.00924611 -8.97222457 -6.73709234 -5.36707635 
1.00000000e+00 -11.82995223 -11.00924611 -8.97222457 -6.73709234 -5.36707635 
8.11130831e-01 -11.82995223 -11.00924611 -8.97222457 -6.73709234 -5.36707635 
6.57933225e-01 -11.82995223 -11.00924611 -8.97222457 -6.73709234 -5.36707635 
5.33669923e-01 -11.82995223 -11.00924611 -8.97222457 -6.73709234 -5.36707635 
4.32876128e-01 -11.82995223 -11.00924611 -8.97222457 -6.73709234 -5.36707635 
3.51119173e-01 -11.82995223 -11.00924611 -8.97222457 -6.73709234 -5.36707635 
2.84803587e-01 -11.82995223 -11.00924611 -8.97222457 -6.73709234 -5.36707635 
2.31012970e-01 -11.82995223 -11.00924611 -8.97222457 -6.73709234 -5.36707635 
1.87381742e-01 -11.82995223 -11.00924611 -8.97222457 -6.73709234 -5.36707635 
1.51991108e-01 -11.82995223 -11.00924611 -8.97222457 -6.73709234 -5.36707635 
1.23284674e-01 -11.82995223 -11.00924611 -8.97222457 -6.73709234 -5.36707635 
1.00000000e-01 -11.82995223 -11.00924611 -8.97222457 -6.73709234 -5.36707635 
8.11130831e-02 -11.82995223 -11.00924611 -8.97222457 -6.73709234 -5.36707635 
6.57933225e-02 -11.82995223 -11.00924611 -8.97222457 -6.73709234 -5.36707635 
5.33669923e-02 -11.82995223 -11.00924611 -8.97222457 -6.73709234 -5.36707635 
4.32876128e-02 -11.82995223 -11.00924611 -8.97222457 -6.73709234 -5.36707635 
3.51119173e-02 -11.82995223 -11.00924611 -8.97222457 -6.73709234 -5.36707635 
2.84803587e-02 -11.82995223 -11.00924611 -8.97222457 -6.73709234 -5.36707635 
2.31012970e-02 -11.82995223 -11.00924611 -8.97222457 -6.73709234 -5.36707635 
1.87381742e-02 -11.82995223 -11.00924611 -8.97222457 -6.73709234 -5.36707635 
1.51991108e-02 -11.82995223 -11.00924611 -8.97222457 -6.73709234 -5.36707635 
1.23284674e-02 -11.82995223 -11.00924611 -8.97222457 -6.73709234 -5.36707635 
1.00000000e-02 -11.82995223 -11.00924611 -8.97222457 -6.73709234 -5.36707635 
8.11130831e-03 -11.82995223 -11.00924611 -8.97222457 -6.73709234 -5.36707635 
6.57933225e-03 -11.82995223 -11.00924611 -8.97222457 -6.73709234 -5.36707635 
5.33669923e-03 -11.82995223 -11.00924611 -8.97222457 -6.73709234 -5.36707635 
4.32876128e-03 -11.82995223 -11.00924611 -8.97222457 -6.73709234 -5.36707635 
3.51119173e-03 -11.82995223 -11.00924611 -8.97222457 -6.73709234 -5.36707635 
2.84803587e-03 -11.82995223 -11.00924611 -8.97222457 -6.73709234 -5.36707635 
2.31012970e-03 -11.82995223 -11.00924611 -8.97222457 -6.73709234 -5.36707635 
1.87381742e-03 -11.82995223 -11.00924611 -8.97222457 -6.73709234 -5.36707635 
1.51991108e-03 -11.82995223 -11.00924611 -8.97222457 -6.73709234 -5.36707635 
1.23284674e-03 -11.82995223 -11.00924611 -8.97222457 -6.73709234 -5.36707635 
1.00000000e-03 -11.82995223 -11.00924611 -8.97222457 -6.73709234 -5.36707635 
8.11130831e-04 -11.82995223 -11.00924611 -8.97222457 -6.73709234 -5.36707635 
6.57933225e-04 -11.82995223 -11.00924611 -8.97222457 -6.73709234 -5.36707635 
5.33669923e-04 -11.82995223 -11.00924611 -8.97222457 -6.73709234 -5.36707635 
4.32876128e-04 -11.82995223 -11.00924611 -8.97222457 -6.73709234 -5.36707635 
3.51119173e-04 -11.82995223 -11.00924611 -8.97222457 -6.73709234 -5.36707635 
2.84803587e-04 -11.82995223 -11.00924611 -8.97222457 -6.73709234 -5.36707635 
2.31012970e-04 -11.82995223 -11.00924611 -8.97222457 -6.73709234 -5.36707635 
1.87381742e-04 -11.82995223 -11.00924611 -8.97222457 -6.73709234 -5.36707635 
1.51991108e-04 -11.82995223 -11.00924611 -8.97222457 -6.73709234 -5.36707635 
1.23284674e-04 -11.82995223 -11.00924611 -8.97222457 -6.73709234 -5.36707635 
1.00000000e-04 -11.82995223 -11.00924611 -8.97222457 -6.73709234 -5.36707635 
8.11130831e-05 -11.82995223 -11.00924611 -8.97222457 -6.73709234 -5.36707635 
6.57933225e-05 -11.82995223 -11.00924611 -8.97222457 -6.73709234 -5.36707635 
5.33669923e-05 -11.82995223 -11.00924611 -8.97222457 -6.73709234 -5.36707635 
4.32876128e-05 -11.82995223 -11.00924611 -8.97222457 -6.73709234 -5.36707635 
3.51119173e-05 -11.82995223 -11.00924611 -8.97222457 -6.73709234 -5.36707635 
2.84803587e-05 -11.82995223 -11.00924611 -8.97222457 -6.73709234 -5.36707635 
2.31012970e-05 -11.82995223 -11.00924611 -8.97222457 -6.73709234 -5.36707635 
1.87381742e-05 -11.82995223 -11.00924611 -8.97222457 -6.73709234 -5.36707635 
1.51991108e-05 -11.82995223 -11.00924611 -8.97222457 -6.73709234 -5.36707635 
1.23284674e-05 -11.82995223 -11.00924611 -8.97222457 -6.73709234 -5.36707635 
1.00000000e-05 -11.82995223 -11.00924611 -8.97222457 -6.73709234 -5.36707635 
8.11130831e-06 -11.82995223 -11.00924611 -8.97222457 -6.73709234 -5.36707635 
6.57933225e-06 -11.82995223 -11.00924611 -8.97222457 -6.73709234 -5.36707635 
5.33669923e-06 -11.82995223 -11.00924611 -8.97222457 -6.73709234 -5.36707635 
4.32876128e-06 -11.82995223 -11.00924611 -8.97222457 -6.73709234 -5.36707635 
3.51119173e-06 -11.82995223 -11.00924611 -8.97222457 -6.73709234 -5.36707635 
2.84803587e-06 -11.82995223 -11.00924611 -8.97222457 -6.73709234 -5.36707635 
2.31012970e-06 -11.82995223 -11.00924611 -8.97222457 -6.73709234 -5.36707635 
1.87381742e-06 -11.82995223 -11.00924611 -8.97222457 -6.73709234 -5.36707635 
1.51991108e-06 -11.82995223 -11.00924611 -8.97222457 -6.73709234 -5.36707635 
1.23284674e-06 -11.82995223 -11.00924611 -8.97222457 -6.73709234 -5.36707635 
1.00000000e-06 -11.82995223 -11.00924611 -8.97222457 -6.73709234 -5.36707635 
8.11130831e-07 -11.82995223 -11.00924611 -8.97222457 -6.73709234 -5.36707635 
6.57933225e-07 -11.82995223 -11.00924611 -8.97222457 -6.73709234 -5.36707635 
5.33669923e-07 -11.82995223 -11.00924611 -8.97222457 -6.73709234 -5.36707635 
4.32876128e-07 -11.82995223 -11.00924611 -8.97222457 -6.73709234 -5.36707635 
3.51119173e-07 -11.82995223 -11.00924611 -8.97222457 -6.73709234 -5.36707635 
2.84803587e-07 -11.82995223 -11.00924611 -8.97222457 -6.73709234 -5.36707635 
2.31012970e-07 -11.82995223 -11.00924611 -8.97222457 -6.73709234 -5.36707635 
1.87381742e-07 -11.82995223 -11.00924611 -8.97222457 -6.73709234 -5.36707635 
1.51991108e-07 -11.82995223 -11.00924611 -8.97222457 -6.73709234 -5.36707635 
1.23284674e-07 -11.82995223 -11.00924611 -8.97222457 -6.73709234 -5.36707635 
1.00000000e-07 -11.82995223 -11.00924611 -8.97222457 -6.73709234 -5.36707635 
P (bar) | log_SO2: -2σ | log_SO2: -1σ | log_SO2: median | log_SO2: +1σ | log_SO2: +2σ 
1.00000000e+02 -6.59607756 -6.11181768 -5.68557025 -5.27501445 -4.87616958 
8.11130831e+01 -6.59607756 -6.11181768 -5.68557025 -5.27501445 -4.87616958 
6.57933225e+01 -6.59607756 -6.11181768 -5.68557025 -5.27501445 -4.87616958 
5.33669923e+01 -6.59607756 -6.11181768 -5.68557025 -5.27501445 -4.87616958 
4.32876128e+01 -6.59607756 -6.11181768 -5.68557025 -5.27501445 -4.87616958 
3.51119173e+01 -6.59607756 -6.11181768 -5.68557025 -5.27501445 -4.87616958 
2.84803587e+01 -6.59607756 -6.11181768 -5.68557025 -5.27501445 -4.87616958 
2.31012970e+01 -6.59607756 -6.11181768 -5.68557025 -5.27501445 -4.87616958 
1.87381742e+01 -6.59607756 -6.11181768 -5.68557025 -5.27501445 -4.87616958 
1.51991108e+01 -6.59607756 -6.11181768 -5.68557025 -5.27501445 -4.87616958 
1.23284674e+01 -6.59607756 -6.11181768 -5.68557025 -5.27501445 -4.87616958 
1.00000000e+01 -6.59607756 -6.11181768 -5.68557025 -5.27501445 -4.87616958 
8.11130831e+00 -6.59607756 -6.11181768 -5.68557025 -5.27501445 -4.87616958 
6.57933225e+00 -6.59607756 -6.11181768 -5.68557025 -5.27501445 -4.87616958 
5.33669923e+00 -6.59607756 -6.11181768 -5.68557025 -5.27501445 -4.87616958 
4.32876128e+00 -6.59607756 -6.11181768 -5.68557025 -5.27501445 -4.87616958 
3.51119173e+00 -6.59607756 -6.11181768 -5.68557025 -5.27501445 -4.87616958 
2.84803587e+00 -6.59607756 -6.11181768 -5.68557025 -5.27501445 -4.87616958 
2.31012970e+00 -6.59607756 -6.11181768 -5.68557025 -5.27501445 -4.87616958 
1.87381742e+00 -6.59607756 -6.11181768 -5.68557025 -5.27501445 -4.87616958 
1.51991108e+00 -6.59607756 -6.11181768 -5.68557025 -5.27501445 -4.87616958 
1.23284674e+00 -6.59607756 -6.11181768 -5.68557025 -5.27501445 -4.87616958 
1.00000000e+00 -6.59607756 -6.11181768 -5.68557025 -5.27501445 -4.87616958 
8.11130831e-01 -6.59607756 -6.11181768 -5.68557025 -5.27501445 -4.87616958 
6.57933225e-01 -6.59607756 -6.11181768 -5.68557025 -5.27501445 -4.87616958 
5.33669923e-01 -6.59607756 -6.11181768 -5.68557025 -5.27501445 -4.87616958 
4.32876128e-01 -6.59607756 -6.11181768 -5.68557025 -5.27501445 -4.87616958 
3.51119173e-01 -6.59607756 -6.11181768 -5.68557025 -5.27501445 -4.87616958 
2.84803587e-01 -6.59607756 -6.11181768 -5.68557025 -5.27501445 -4.87616958 
2.31012970e-01 -6.59607756 -6.11181768 -5.68557025 -5.27501445 -4.87616958 
1.87381742e-01 -6.59607756 -6.11181768 -5.68557025 -5.27501445 -4.87616958 
1.51991108e-01 -6.59607756 -6.11181768 -5.68557025 -5.27501445 -4.87616958 
1.23284674e-01 -6.59607756 -6.11181768 -5.68557025 -5.27501445 -4.87616958 
1.00000000e-01 -6.59607756 -6.11181768 -5.68557025 -5.27501445 -4.87616958 
8.11130831e-02 -6.59607756 -6.11181768 -5.68557025 -5.27501445 -4.87616958 
6.57933225e-02 -6.59607756 -6.11181768 -5.68557025 -5.27501445 -4.87616958 
5.33669923e-02 -6.59607756 -6.11181768 -5.68557025 -5.27501445 -4.87616958 
4.32876128e-02 -6.59607756 -6.11181768 -5.68557025 -5.27501445 -4.87616958 
3.51119173e-02 -6.59607756 -6.11181768 -5.68557025 -5.27501445 -4.87616958 
2.84803587e-02 -6.59607756 -6.11181768 -5.68557025 -5.27501445 -4.87616958 
2.31012970e-02 -6.59607756 -6.11181768 -5.68557025 -5.27501445 -4.87616958 
1.87381742e-02 -6.59607756 -6.11181768 -5.68557025 -5.27501445 -4.87616958 
1.51991108e-02 -6.59607756 -6.11181768 -5.68557025 -5.27501445 -4.87616958 
1.23284674e-02 -6.59607756 -6.11181768 -5.68557025 -5.27501445 -4.87616958 
1.00000000e-02 -6.59607756 -6.11181768 -5.68557025 -5.27501445 -4.87616958 
8.11130831e-03 -6.59607756 -6.11181768 -5.68557025 -5.27501445 -4.87616958 
6.57933225e-03 -6.59607756 -6.11181768 -5.68557025 -5.27501445 -4.87616958 
5.33669923e-03 -6.59607756 -6.11181768 -5.68557025 -5.27501445 -4.87616958 
4.32876128e-03 -6.59607756 -6.11181768 -5.68557025 -5.27501445 -4.87616958 
3.51119173e-03 -6.59607756 -6.11181768 -5.68557025 -5.27501445 -4.87616958 
2.84803587e-03 -6.59607756 -6.11181768 -5.68557025 -5.27501445 -4.87616958 
2.31012970e-03 -6.59607756 -6.11181768 -5.68557025 -5.27501445 -4.87616958 
1.87381742e-03 -6.59607756 -6.11181768 -5.68557025 -5.27501445 -4.87616958 
1.51991108e-03 -6.59607756 -6.11181768 -5.68557025 -5.27501445 -4.87616958 
1.23284674e-03 -6.59607756 -6.11181768 -5.68557025 -5.27501445 -4.87616958 
1.00000000e-03 -6.59607756 -6.11181768 -5.68557025 -5.27501445 -4.87616958 
8.11130831e-04 -6.59607756 -6.11181768 -5.68557025 -5.27501445 -4.87616958 
6.57933225e-04 -6.59607756 -6.11181768 -5.68557025 -5.27501445 -4.87616958 
5.33669923e-04 -6.59607756 -6.11181768 -5.68557025 -5.27501445 -4.87616958 
4.32876128e-04 -6.59607756 -6.11181768 -5.68557025 -5.27501445 -4.87616958 
3.51119173e-04 -6.59607756 -6.11181768 -5.68557025 -5.27501445 -4.87616958 
2.84803587e-04 -6.59607756 -6.11181768 -5.68557025 -5.27501445 -4.87616958 
2.31012970e-04 -6.59607756 -6.11181768 -5.68557025 -5.27501445 -4.87616958 
1.87381742e-04 -6.59607756 -6.11181768 -5.68557025 -5.27501445 -4.87616958 
1.51991108e-04 -6.59607756 -6.11181768 -5.68557025 -5.27501445 -4.87616958 
1.23284674e-04 -6.59607756 -6.11181768 -5.68557025 -5.27501445 -4.87616958 
1.00000000e-04 -6.59607756 -6.11181768 -5.68557025 -5.27501445 -4.87616958 
8.11130831e-05 -6.59607756 -6.11181768 -5.68557025 -5.27501445 -4.87616958 
6.57933225e-05 -6.59607756 -6.11181768 -5.68557025 -5.27501445 -4.87616958 
5.33669923e-05 -6.59607756 -6.11181768 -5.68557025 -5.27501445 -4.87616958 
4.32876128e-05 -6.59607756 -6.11181768 -5.68557025 -5.27501445 -4.87616958 
3.51119173e-05 -6.59607756 -6.11181768 -5.68557025 -5.27501445 -4.87616958 
2.84803587e-05 -6.59607756 -6.11181768 -5.68557025 -5.27501445 -4.87616958 
2.31012970e-05 -6.59607756 -6.11181768 -5.68557025 -5.27501445 -4.87616958 
1.87381742e-05 -6.59607756 -6.11181768 -5.68557025 -5.27501445 -4.87616958 
1.51991108e-05 -6.59607756 -6.11181768 -5.68557025 -5.27501445 -4.87616958 
1.23284674e-05 -6.59607756 -6.11181768 -5.68557025 -5.27501445 -4.87616958 
1.00000000e-05 -6.59607756 -6.11181768 -5.68557025 -5.27501445 -4.87616958 
8.11130831e-06 -6.59607756 -6.11181768 -5.68557025 -5.27501445 -4.87616958 
6.57933225e-06 -6.59607756 -6.11181768 -5.68557025 -5.27501445 -4.87616958 
5.33669923e-06 -6.59607756 -6.11181768 -5.68557025 -5.27501445 -4.87616958 
4.32876128e-06 -6.59607756 -6.11181768 -5.68557025 -5.27501445 -4.87616958 
3.51119173e-06 -6.59607756 -6.11181768 -5.68557025 -5.27501445 -4.87616958 
2.84803587e-06 -6.59607756 -6.11181768 -5.68557025 -5.27501445 -4.87616958 
2.31012970e-06 -6.59607756 -6.11181768 -5.68557025 -5.27501445 -4.87616958 
1.87381742e-06 -6.59607756 -6.11181768 -5.68557025 -5.27501445 -4.87616958 
1.51991108e-06 -6.59607756 -6.11181768 -5.68557025 -5.27501445 -4.87616958 
1.23284674e-06 -6.59607756 -6.11181768 -5.68557025 -5.27501445 -4.87616958 
1.00000000e-06 -6.59607756 -6.11181768 -5.68557025 -5.27501445 -4.87616958 
8.11130831e-07 -6.59607756 -6.11181768 -5.68557025 -5.27501445 -4.87616958 
6.57933225e-07 -6.59607756 -6.11181768 -5.68557025 -5.27501445 -4.87616958 
5.33669923e-07 -6.59607756 -6.11181768 -5.68557025 -5.27501445 -4.87616958 
4.32876128e-07 -6.59607756 -6.11181768 -5.68557025 -5.27501445 -4.87616958 
3.51119173e-07 -6.59607756 -6.11181768 -5.68557025 -5.27501445 -4.87616958 
2.84803587e-07 -6.59607756 -6.11181768 -5.68557025 -5.27501445 -4.87616958 
2.31012970e-07 -6.59607756 -6.11181768 -5.68557025 -5.27501445 -4.87616958 
1.87381742e-07 -6.59607756 -6.11181768 -5.68557025 -5.27501445 -4.87616958 
1.51991108e-07 -6.59607756 -6.11181768 -5.68557025 -5.27501445 -4.87616958 
1.23284674e-07 -6.59607756 -6.11181768 -5.68557025 -5.27501445 -4.87616958 
1.00000000e-07 -6.59607756 -6.11181768 -5.68557025 -5.27501445 -4.87616958 
