Chemical species: H2 He H2O CO2 SO2 CO H2S NH3 CH4
P (bar) | log_H2: -2σ | log_H2: -1σ | log_H2: median | log_H2: +1σ | log_H2: +2σ 
1.00000000e+02 -0.21588834 -0.20605327 -0.19770909 -0.18975915 -0.18275890 
8.11130831e+01 -0.21588834 -0.20605327 -0.19770909 -0.18975915 -0.18275890 
6.57933225e+01 -0.21588834 -0.20605327 -0.19770909 -0.18975915 -0.18275890 
5.33669923e+01 -0.21588834 -0.20605327 -0.19770909 -0.18975915 -0.18275890 
4.32876128e+01 -0.21588834 -0.20605327 -0.19770909 -0.18975915 -0.18275890 
3.51119173e+01 -0.21588834 -0.20605327 -0.19770909 -0.18975915 -0.18275890 
2.84803587e+01 -0.21588834 -0.20605327 -0.19770909 -0.18975915 -0.18275890 
2.31012970e+01 -0.21588834 -0.20605327 -0.19770909 -0.18975915 -0.18275890 
1.87381742e+01 -0.21588834 -0.20605327 -0.19770909 -0.18975915 -0.18275890 
1.51991108e+01 -0.21588834 -0.20605327 -0.19770909 -0.18975915 -0.18275890 
1.23284674e+01 -0.21588834 -0.20605327 -0.19770909 -0.18975915 -0.18275890 
1.00000000e+01 -0.21588834 -0.20605327 -0.19770909 -0.18975915 -0.18275890 
8.11130831e+00 -0.21588834 -0.20605327 -0.19770909 -0.18975915 -0.18275890 
6.57933225e+00 -0.21588834 -0.20605327 -0.19770909 -0.18975915 -0.18275890 
5.33669923e+00 -0.21588834 -0.20605327 -0.19770909 -0.18975915 -0.18275890 
4.32876128e+00 -0.21588834 -0.20605327 -0.19770909 -0.18975915 -0.18275890 
3.51119173e+00 -0.21588834 -0.20605327 -0.19770909 -0.18975915 -0.18275890 
2.84803587e+00 -0.21588834 -0.20605327 -0.19770909 -0.18975915 -0.18275890 
2.31012970e+00 -0.21588834 -0.20605327 -0.19770909 -0.18975915 -0.18275890 
1.87381742e+00 -0.21588834 -0.20605327 -0.19770909 -0.18975915 -0.18275890 
1.51991108e+00 -0.21588834 -0.20605327 -0.19770909 -0.18975915 -0.18275890 
1.23284674e+00 -0.21588834 -0.20605327 -0.19770909 -0.18975915 -0.18275890 
1.00000000e+00 -0.21588834 -0.20605327 -0.19770909 -0.18975915 -0.18275890 
8.11130831e-01 -0.21588834 -0.20605327 -0.19770909 -0.18975915 -0.18275890 
6.57933225e-01 -0.21588834 -0.20605327 -0.19770909 -0.18975915 -0.18275890 
5.33669923e-01 -0.21588834 -0.20605327 -0.19770909 -0.18975915 -0.18275890 
4.32876128e-01 -0.21588834 -0.20605327 -0.19770909 -0.18975915 -0.18275890 
3.51119173e-01 -0.21588834 -0.20605327 -0.19770909 -0.18975915 -0.18275890 
2.84803587e-01 -0.21588834 -0.20605327 -0.19770909 -0.18975915 -0.18275890 
2.31012970e-01 -0.21588834 -0.20605327 -0.19770909 -0.18975915 -0.18275890 
1.87381742e-01 -0.21588834 -0.20605327 -0.19770909 -0.18975915 -0.18275890 
1.51991108e-01 -0.21588834 -0.20605327 -0.19770909 -0.18975915 -0.18275890 
1.23284674e-01 -0.21588834 -0.20605327 -0.19770909 -0.18975915 -0.18275890 
1.00000000e-01 -0.21588834 -0.20605327 -0.19770909 -0.18975915 -0.18275890 
8.11130831e-02 -0.21588834 -0.20605327 -0.19770909 -0.18975915 -0.18275890 
6.57933225e-02 -0.21588834 -0.20605327 -0.19770909 -0.18975915 -0.18275890 
5.33669923e-02 -0.21588834 -0.20605327 -0.19770909 -0.18975915 -0.18275890 
4.32876128e-02 -0.21588834 -0.20605327 -0.19770909 -0.18975915 -0.18275890 
3.51119173e-02 -0.21588834 -0.20605327 -0.19770909 -0.18975915 -0.18275890 
2.84803587e-02 -0.21588834 -0.20605327 -0.19770909 -0.18975915 -0.18275890 
2.31012970e-02 -0.21588834 -0.20605327 -0.19770909 -0.18975915 -0.18275890 
1.87381742e-02 -0.21588834 -0.20605327 -0.19770909 -0.18975915 -0.18275890 
1.51991108e-02 -0.21588834 -0.20605327 -0.19770909 -0.18975915 -0.18275890 
1.23284674e-02 -0.21588834 -0.20605327 -0.19770909 -0.18975915 -0.18275890 
1.00000000e-02 -0.21588834 -0.20605327 -0.19770909 -0.18975915 -0.18275890 
8.11130831e-03 -0.21588834 -0.20605327 -0.19770909 -0.18975915 -0.18275890 
6.57933225e-03 -0.21588834 -0.20605327 -0.19770909 -0.18975915 -0.18275890 
5.33669923e-03 -0.21588834 -0.20605327 -0.19770909 -0.18975915 -0.18275890 
4.32876128e-03 -0.21588834 -0.20605327 -0.19770909 -0.18975915 -0.18275890 
3.51119173e-03 -0.21588834 -0.20605327 -0.19770909 -0.18975915 -0.18275890 
2.84803587e-03 -0.21588834 -0.20605327 -0.19770909 -0.18975915 -0.18275890 
2.31012970e-03 -0.21588834 -0.20605327 -0.19770909 -0.18975915 -0.18275890 
1.87381742e-03 -0.21588834 -0.20605327 -0.19770909 -0.18975915 -0.18275890 
1.51991108e-03 -0.21588834 -0.20605327 -0.19770909 -0.18975915 -0.18275890 
1.23284674e-03 -0.21588834 -0.20605327 -0.19770909 -0.18975915 -0.18275890 
1.00000000e-03 -0.21588834 -0.20605327 -0.19770909 -0.18975915 -0.18275890 
8.11130831e-04 -0.21588834 -0.20605327 -0.19770909 -0.18975915 -0.18275890 
6.57933225e-04 -0.21588834 -0.20605327 -0.19770909 -0.18975915 -0.18275890 
5.33669923e-04 -0.21588834 -0.20605327 -0.19770909 -0.18975915 -0.18275890 
4.32876128e-04 -0.21588834 -0.20605327 -0.19770909 -0.18975915 -0.18275890 
3.51119173e-04 -0.21588834 -0.20605327 -0.19770909 -0.18975915 -0.18275890 
2.84803587e-04 -0.21588834 -0.20605327 -0.19770909 -0.18975915 -0.18275890 
2.31012970e-04 -0.21588834 -0.20605327 -0.19770909 -0.18975915 -0.18275890 
1.87381742e-04 -0.21588834 -0.20605327 -0.19770909 -0.18975915 -0.18275890 
1.51991108e-04 -0.21588834 -0.20605327 -0.19770909 -0.18975915 -0.18275890 
1.23284674e-04 -0.21588834 -0.20605327 -0.19770909 -0.18975915 -0.18275890 
1.00000000e-04 -0.21588834 -0.20605327 -0.19770909 -0.18975915 -0.18275890 
8.11130831e-05 -0.21588834 -0.20605327 -0.19770909 -0.18975915 -0.18275890 
6.57933225e-05 -0.21588834 -0.20605327 -0.19770909 -0.18975915 -0.18275890 
5.33669923e-05 -0.21588834 -0.20605327 -0.19770909 -0.18975915 -0.18275890 
4.32876128e-05 -0.21588834 -0.20605327 -0.19770909 -0.18975915 -0.18275890 
3.51119173e-05 -0.21588834 -0.20605327 -0.19770909 -0.18975915 -0.18275890 
2.84803587e-05 -0.21588834 -0.20605327 -0.19770909 -0.18975915 -0.18275890 
2.31012970e-05 -0.21588834 -0.20605327 -0.19770909 -0.18975915 -0.18275890 
1.87381742e-05 -0.21588834 -0.20605327 -0.19770909 -0.18975915 -0.18275890 
1.51991108e-05 -0.21588834 -0.20605327 -0.19770909 -0.18975915 -0.18275890 
1.23284674e-05 -0.21588834 -0.20605327 -0.19770909 -0.18975915 -0.18275890 
1.00000000e-05 -0.21588834 -0.20605327 -0.19770909 -0.18975915 -0.18275890 
8.11130831e-06 -0.21588834 -0.20605327 -0.19770909 -0.18975915 -0.18275890 
6.57933225e-06 -0.21588834 -0.20605327 -0.19770909 -0.18975915 -0.18275890 
5.33669923e-06 -0.21588834 -0.20605327 -0.19770909 -0.18975915 -0.18275890 
4.32876128e-06 -0.21588834 -0.20605327 -0.19770909 -0.18975915 -0.18275890 
3.51119173e-06 -0.21588834 -0.20605327 -0.19770909 -0.18975915 -0.18275890 
2.84803587e-06 -0.21588834 -0.20605327 -0.19770909 -0.18975915 -0.18275890 
2.31012970e-06 -0.21588834 -0.20605327 -0.19770909 -0.18975915 -0.18275890 
1.87381742e-06 -0.21588834 -0.20605327 -0.19770909 -0.18975915 -0.18275890 
1.51991108e-06 -0.21588834 -0.20605327 -0.19770909 -0.18975915 -0.18275890 
1.23284674e-06 -0.21588834 -0.20605327 -0.19770909 -0.18975915 -0.18275890 
1.00000000e-06 -0.21588834 -0.20605327 -0.19770909 -0.18975915 -0.18275890 
8.11130831e-07 -0.21588834 -0.20605327 -0.19770909 -0.18975915 -0.18275890 
6.57933225e-07 -0.21588834 -0.20605327 -0.19770909 -0.18975915 -0.18275890 
5.33669923e-07 -0.21588834 -0.20605327 -0.19770909 -0.18975915 -0.18275890 
4.32876128e-07 -0.21588834 -0.20605327 -0.19770909 -0.18975915 -0.18275890 
3.51119173e-07 -0.21588834 -0.20605327 -0.19770909 -0.18975915 -0.18275890 
2.84803587e-07 -0.21588834 -0.20605327 -0.19770909 -0.18975915 -0.18275890 
2.31012970e-07 -0.21588834 -0.20605327 -0.19770909 -0.18975915 -0.18275890 
1.87381742e-07 -0.21588834 -0.20605327 -0.19770909 -0.18975915 -0.18275890 
1.51991108e-07 -0.21588834 -0.20605327 -0.19770909 -0.18975915 -0.18275890 
1.23284674e-07 -0.21588834 -0.20605327 -0.19770909 -0.18975915 -0.18275890 
1.00000000e-07 -0.21588834 -0.20605327 -0.19770909 -0.18975915 -0.18275890 
P (bar) | log_He: -2σ | log_He: -1σ | log_He: median | log_He: +1σ | log_He: +2σ 
1.00000000e+02 -0.98543942 -0.97560435 -0.96726016 -0.95931023 -0.95230998 
8.11130831e+01 -0.98543942 -0.97560435 -0.96726016 -0.95931023 -0.95230998 
6.57933225e+01 -0.98543942 -0.97560435 -0.96726016 -0.95931023 -0.95230998 
5.33669923e+01 -0.98543942 -0.97560435 -0.96726016 -0.95931023 -0.95230998 
4.32876128e+01 -0.98543942 -0.97560435 -0.96726016 -0.95931023 -0.95230998 
3.51119173e+01 -0.98543942 -0.97560435 -0.96726016 -0.95931023 -0.95230998 
2.84803587e+01 -0.98543942 -0.97560435 -0.96726016 -0.95931023 -0.95230998 
2.31012970e+01 -0.98543942 -0.97560435 -0.96726016 -0.95931023 -0.95230998 
1.87381742e+01 -0.98543942 -0.97560435 -0.96726016 -0.95931023 -0.95230998 
1.51991108e+01 -0.98543942 -0.97560435 -0.96726016 -0.95931023 -0.95230998 
1.23284674e+01 -0.98543942 -0.97560435 -0.96726016 -0.95931023 -0.95230998 
1.00000000e+01 -0.98543942 -0.97560435 -0.96726016 -0.95931023 -0.95230998 
8.11130831e+00 -0.98543942 -0.97560435 -0.96726016 -0.95931023 -0.95230998 
6.57933225e+00 -0.98543942 -0.97560435 -0.96726016 -0.95931023 -0.95230998 
5.33669923e+00 -0.98543942 -0.97560435 -0.96726016 -0.95931023 -0.95230998 
4.32876128e+00 -0.98543942 -0.97560435 -0.96726016 -0.95931023 -0.95230998 
3.51119173e+00 -0.98543942 -0.97560435 -0.96726016 -0.95931023 -0.95230998 
2.84803587e+00 -0.98543942 -0.97560435 -0.96726016 -0.95931023 -0.95230998 
2.31012970e+00 -0.98543942 -0.97560435 -0.96726016 -0.95931023 -0.95230998 
1.87381742e+00 -0.98543942 -0.97560435 -0.96726016 -0.95931023 -0.95230998 
1.51991108e+00 -0.98543942 -0.97560435 -0.96726016 -0.95931023 -0.95230998 
1.23284674e+00 -0.98543942 -0.97560435 -0.96726016 -0.95931023 -0.95230998 
1.00000000e+00 -0.98543942 -0.97560435 -0.96726016 -0.95931023 -0.95230998 
8.11130831e-01 -0.98543942 -0.97560435 -0.96726016 -0.95931023 -0.95230998 
6.57933225e-01 -0.98543942 -0.97560435 -0.96726016 -0.95931023 -0.95230998 
5.33669923e-01 -0.98543942 -0.97560435 -0.96726016 -0.95931023 -0.95230998 
4.32876128e-01 -0.98543942 -0.97560435 -0.96726016 -0.95931023 -0.95230998 
3.51119173e-01 -0.98543942 -0.97560435 -0.96726016 -0.95931023 -0.95230998 
2.84803587e-01 -0.98543942 -0.97560435 -0.96726016 -0.95931023 -0.95230998 
2.31012970e-01 -0.98543942 -0.97560435 -0.96726016 -0.95931023 -0.95230998 
1.87381742e-01 -0.98543942 -0.97560435 -0.96726016 -0.95931023 -0.95230998 
1.51991108e-01 -0.98543942 -0.97560435 -0.96726016 -0.95931023 -0.95230998 
1.23284674e-01 -0.98543942 -0.97560435 -0.96726016 -0.95931023 -0.95230998 
1.00000000e-01 -0.98543942 -0.97560435 -0.96726016 -0.95931023 -0.95230998 
8.11130831e-02 -0.98543942 -0.97560435 -0.96726016 -0.95931023 -0.95230998 
6.57933225e-02 -0.98543942 -0.97560435 -0.96726016 -0.95931023 -0.95230998 
5.33669923e-02 -0.98543942 -0.97560435 -0.96726016 -0.95931023 -0.95230998 
4.32876128e-02 -0.98543942 -0.97560435 -0.96726016 -0.95931023 -0.95230998 
3.51119173e-02 -0.98543942 -0.97560435 -0.96726016 -0.95931023 -0.95230998 
2.84803587e-02 -0.98543942 -0.97560435 -0.96726016 -0.95931023 -0.95230998 
2.31012970e-02 -0.98543942 -0.97560435 -0.96726016 -0.95931023 -0.95230998 
1.87381742e-02 -0.98543942 -0.97560435 -0.96726016 -0.95931023 -0.95230998 
1.51991108e-02 -0.98543942 -0.97560435 -0.96726016 -0.95931023 -0.95230998 
1.23284674e-02 -0.98543942 -0.97560435 -0.96726016 -0.95931023 -0.95230998 
1.00000000e-02 -0.98543942 -0.97560435 -0.96726016 -0.95931023 -0.95230998 
8.11130831e-03 -0.98543942 -0.97560435 -0.96726016 -0.95931023 -0.95230998 
6.57933225e-03 -0.98543942 -0.97560435 -0.96726016 -0.95931023 -0.95230998 
5.33669923e-03 -0.98543942 -0.97560435 -0.96726016 -0.95931023 -0.95230998 
4.32876128e-03 -0.98543942 -0.97560435 -0.96726016 -0.95931023 -0.95230998 
3.51119173e-03 -0.98543942 -0.97560435 -0.96726016 -0.95931023 -0.95230998 
2.84803587e-03 -0.98543942 -0.97560435 -0.96726016 -0.95931023 -0.95230998 
2.31012970e-03 -0.98543942 -0.97560435 -0.96726016 -0.95931023 -0.95230998 
1.87381742e-03 -0.98543942 -0.97560435 -0.96726016 -0.95931023 -0.95230998 
1.51991108e-03 -0.98543942 -0.97560435 -0.96726016 -0.95931023 -0.95230998 
1.23284674e-03 -0.98543942 -0.97560435 -0.96726016 -0.95931023 -0.95230998 
1.00000000e-03 -0.98543942 -0.97560435 -0.96726016 -0.95931023 -0.95230998 
8.11130831e-04 -0.98543942 -0.97560435 -0.96726016 -0.95931023 -0.95230998 
6.57933225e-04 -0.98543942 -0.97560435 -0.96726016 -0.95931023 -0.95230998 
5.33669923e-04 -0.98543942 -0.97560435 -0.96726016 -0.95931023 -0.95230998 
4.32876128e-04 -0.98543942 -0.97560435 -0.96726016 -0.95931023 -0.95230998 
3.51119173e-04 -0.98543942 -0.97560435 -0.96726016 -0.95931023 -0.95230998 
2.84803587e-04 -0.98543942 -0.97560435 -0.96726016 -0.95931023 -0.95230998 
2.31012970e-04 -0.98543942 -0.97560435 -0.96726016 -0.95931023 -0.95230998 
1.87381742e-04 -0.98543942 -0.97560435 -0.96726016 -0.95931023 -0.95230998 
1.51991108e-04 -0.98543942 -0.97560435 -0.96726016 -0.95931023 -0.95230998 
1.23284674e-04 -0.98543942 -0.97560435 -0.96726016 -0.95931023 -0.95230998 
1.00000000e-04 -0.98543942 -0.97560435 -0.96726016 -0.95931023 -0.95230998 
8.11130831e-05 -0.98543942 -0.97560435 -0.96726016 -0.95931023 -0.95230998 
6.57933225e-05 -0.98543942 -0.97560435 -0.96726016 -0.95931023 -0.95230998 
5.33669923e-05 -0.98543942 -0.97560435 -0.96726016 -0.95931023 -0.95230998 
4.32876128e-05 -0.98543942 -0.97560435 -0.96726016 -0.95931023 -0.95230998 
3.51119173e-05 -0.98543942 -0.97560435 -0.96726016 -0.95931023 -0.95230998 
2.84803587e-05 -0.98543942 -0.97560435 -0.96726016 -0.95931023 -0.95230998 
2.31012970e-05 -0.98543942 -0.97560435 -0.96726016 -0.95931023 -0.95230998 
1.87381742e-05 -0.98543942 -0.97560435 -0.96726016 -0.95931023 -0.95230998 
1.51991108e-05 -0.98543942 -0.97560435 -0.96726016 -0.95931023 -0.95230998 
1.23284674e-05 -0.98543942 -0.97560435 -0.96726016 -0.95931023 -0.95230998 
1.00000000e-05 -0.98543942 -0.97560435 -0.96726016 -0.95931023 -0.95230998 
8.11130831e-06 -0.98543942 -0.97560435 -0.96726016 -0.95931023 -0.95230998 
6.57933225e-06 -0.98543942 -0.97560435 -0.96726016 -0.95931023 -0.95230998 
5.33669923e-06 -0.98543942 -0.97560435 -0.96726016 -0.95931023 -0.95230998 
4.32876128e-06 -0.98543942 -0.97560435 -0.96726016 -0.95931023 -0.95230998 
3.51119173e-06 -0.98543942 -0.97560435 -0.96726016 -0.95931023 -0.95230998 
2.84803587e-06 -0.98543942 -0.97560435 -0.96726016 -0.95931023 -0.95230998 
2.31012970e-06 -0.98543942 -0.97560435 -0.96726016 -0.95931023 -0.95230998 
1.87381742e-06 -0.98543942 -0.97560435 -0.96726016 -0.95931023 -0.95230998 
1.51991108e-06 -0.98543942 -0.97560435 -0.96726016 -0.95931023 -0.95230998 
1.23284674e-06 -0.98543942 -0.97560435 -0.96726016 -0.95931023 -0.95230998 
1.00000000e-06 -0.98543942 -0.97560435 -0.96726016 -0.95931023 -0.95230998 
8.11130831e-07 -0.98543942 -0.97560435 -0.96726016 -0.95931023 -0.95230998 
6.57933225e-07 -0.98543942 -0.97560435 -0.96726016 -0.95931023 -0.95230998 
5.33669923e-07 -0.98543942 -0.97560435 -0.96726016 -0.95931023 -0.95230998 
4.32876128e-07 -0.98543942 -0.97560435 -0.96726016 -0.95931023 -0.95230998 
3.51119173e-07 -0.98543942 -0.97560435 -0.96726016 -0.95931023 -0.95230998 
2.84803587e-07 -0.98543942 -0.97560435 -0.96726016 -0.95931023 -0.95230998 
2.31012970e-07 -0.98543942 -0.97560435 -0.96726016 -0.95931023 -0.95230998 
1.87381742e-07 -0.98543942 -0.97560435 -0.96726016 -0.95931023 -0.95230998 
1.51991108e-07 -0.98543942 -0.97560435 -0.96726016 -0.95931023 -0.95230998 
1.23284674e-07 -0.98543942 -0.97560435 -0.96726016 -0.95931023 -0.95230998 
1.00000000e-07 -0.98543942 -0.97560435 -0.96726016 -0.95931023 -0.95230998 
P (bar) | log_H2O: -2σ | log_H2O: -1σ | log_H2O: median | log_H2O: +1σ | log_H2O: +2σ 
1.00000000e+02 -0.69508504 -0.67072436 -0.64394510 -0.61604617 -0.58675685 
8.11130831e+01 -0.69508504 -0.67072436 -0.64394510 -0.61604617 -0.58675685 
6.57933225e+01 -0.69508504 -0.67072436 -0.64394510 -0.61604617 -0.58675685 
5.33669923e+01 -0.69508504 -0.67072436 -0.64394510 -0.61604617 -0.58675685 
4.32876128e+01 -0.69508504 -0.67072436 -0.64394510 -0.61604617 -0.58675685 
3.51119173e+01 -0.69508504 -0.67072436 -0.64394510 -0.61604617 -0.58675685 
2.84803587e+01 -0.69508504 -0.67072436 -0.64394510 -0.61604617 -0.58675685 
2.31012970e+01 -0.69508504 -0.67072436 -0.64394510 -0.61604617 -0.58675685 
1.87381742e+01 -0.69508504 -0.67072436 -0.64394510 -0.61604617 -0.58675685 
1.51991108e+01 -0.69508504 -0.67072436 -0.64394510 -0.61604617 -0.58675685 
1.23284674e+01 -0.69508504 -0.67072436 -0.64394510 -0.61604617 -0.58675685 
1.00000000e+01 -0.69508504 -0.67072436 -0.64394510 -0.61604617 -0.58675685 
8.11130831e+00 -0.69508504 -0.67072436 -0.64394510 -0.61604617 -0.58675685 
6.57933225e+00 -0.69508504 -0.67072436 -0.64394510 -0.61604617 -0.58675685 
5.33669923e+00 -0.69508504 -0.67072436 -0.64394510 -0.61604617 -0.58675685 
4.32876128e+00 -0.69508504 -0.67072436 -0.64394510 -0.61604617 -0.58675685 
3.51119173e+00 -0.69508504 -0.67072436 -0.64394510 -0.61604617 -0.58675685 
2.84803587e+00 -0.69508504 -0.67072436 -0.64394510 -0.61604617 -0.58675685 
2.31012970e+00 -0.69508504 -0.67072436 -0.64394510 -0.61604617 -0.58675685 
1.87381742e+00 -0.69508504 -0.67072436 -0.64394510 -0.61604617 -0.58675685 
1.51991108e+00 -0.69508504 -0.67072436 -0.64394510 -0.61604617 -0.58675685 
1.23284674e+00 -0.69508504 -0.67072436 -0.64394510 -0.61604617 -0.58675685 
1.00000000e+00 -0.69508504 -0.67072436 -0.64394510 -0.61604617 -0.58675685 
8.11130831e-01 -0.69508504 -0.67072436 -0.64394510 -0.61604617 -0.58675685 
6.57933225e-01 -0.69508504 -0.67072436 -0.64394510 -0.61604617 -0.58675685 
5.33669923e-01 -0.69508504 -0.67072436 -0.64394510 -0.61604617 -0.58675685 
4.32876128e-01 -0.69508504 -0.67072436 -0.64394510 -0.61604617 -0.58675685 
3.51119173e-01 -0.69508504 -0.67072436 -0.64394510 -0.61604617 -0.58675685 
2.84803587e-01 -0.69508504 -0.67072436 -0.64394510 -0.61604617 -0.58675685 
2.31012970e-01 -0.69508504 -0.67072436 -0.64394510 -0.61604617 -0.58675685 
1.87381742e-01 -0.69508504 -0.67072436 -0.64394510 -0.61604617 -0.58675685 
1.51991108e-01 -0.69508504 -0.67072436 -0.64394510 -0.61604617 -0.58675685 
1.23284674e-01 -0.69508504 -0.67072436 -0.64394510 -0.61604617 -0.58675685 
1.00000000e-01 -0.69508504 -0.67072436 -0.64394510 -0.61604617 -0.58675685 
8.11130831e-02 -0.69508504 -0.67072436 -0.64394510 -0.61604617 -0.58675685 
6.57933225e-02 -0.69508504 -0.67072436 -0.64394510 -0.61604617 -0.58675685 
5.33669923e-02 -0.69508504 -0.67072436 -0.64394510 -0.61604617 -0.58675685 
4.32876128e-02 -0.69508504 -0.67072436 -0.64394510 -0.61604617 -0.58675685 
3.51119173e-02 -0.69508504 -0.67072436 -0.64394510 -0.61604617 -0.58675685 
2.84803587e-02 -0.69508504 -0.67072436 -0.64394510 -0.61604617 -0.58675685 
2.31012970e-02 -0.69508504 -0.67072436 -0.64394510 -0.61604617 -0.58675685 
1.87381742e-02 -0.69508504 -0.67072436 -0.64394510 -0.61604617 -0.58675685 
1.51991108e-02 -0.69508504 -0.67072436 -0.64394510 -0.61604617 -0.58675685 
1.23284674e-02 -0.69508504 -0.67072436 -0.64394510 -0.61604617 -0.58675685 
1.00000000e-02 -0.69508504 -0.67072436 -0.64394510 -0.61604617 -0.58675685 
8.11130831e-03 -0.69508504 -0.67072436 -0.64394510 -0.61604617 -0.58675685 
6.57933225e-03 -0.69508504 -0.67072436 -0.64394510 -0.61604617 -0.58675685 
5.33669923e-03 -0.69508504 -0.67072436 -0.64394510 -0.61604617 -0.58675685 
4.32876128e-03 -0.69508504 -0.67072436 -0.64394510 -0.61604617 -0.58675685 
3.51119173e-03 -0.69508504 -0.67072436 -0.64394510 -0.61604617 -0.58675685 
2.84803587e-03 -0.69508504 -0.67072436 -0.64394510 -0.61604617 -0.58675685 
2.31012970e-03 -0.69508504 -0.67072436 -0.64394510 -0.61604617 -0.58675685 
1.87381742e-03 -0.69508504 -0.67072436 -0.64394510 -0.61604617 -0.58675685 
1.51991108e-03 -0.69508504 -0.67072436 -0.64394510 -0.61604617 -0.58675685 
1.23284674e-03 -0.69508504 -0.67072436 -0.64394510 -0.61604617 -0.58675685 
1.00000000e-03 -0.69508504 -0.67072436 -0.64394510 -0.61604617 -0.58675685 
8.11130831e-04 -0.69508504 -0.67072436 -0.64394510 -0.61604617 -0.58675685 
6.57933225e-04 -0.69508504 -0.67072436 -0.64394510 -0.61604617 -0.58675685 
5.33669923e-04 -0.69508504 -0.67072436 -0.64394510 -0.61604617 -0.58675685 
4.32876128e-04 -0.69508504 -0.67072436 -0.64394510 -0.61604617 -0.58675685 
3.51119173e-04 -0.69508504 -0.67072436 -0.64394510 -0.61604617 -0.58675685 
2.84803587e-04 -0.69508504 -0.67072436 -0.64394510 -0.61604617 -0.58675685 
2.31012970e-04 -0.69508504 -0.67072436 -0.64394510 -0.61604617 -0.58675685 
1.87381742e-04 -0.69508504 -0.67072436 -0.64394510 -0.61604617 -0.58675685 
1.51991108e-04 -0.69508504 -0.67072436 -0.64394510 -0.61604617 -0.58675685 
1.23284674e-04 -0.69508504 -0.67072436 -0.64394510 -0.61604617 -0.58675685 
1.00000000e-04 -0.69508504 -0.67072436 -0.64394510 -0.61604617 -0.58675685 
8.11130831e-05 -0.69508504 -0.67072436 -0.64394510 -0.61604617 -0.58675685 
6.57933225e-05 -0.69508504 -0.67072436 -0.64394510 -0.61604617 -0.58675685 
5.33669923e-05 -0.69508504 -0.67072436 -0.64394510 -0.61604617 -0.58675685 
4.32876128e-05 -0.69508504 -0.67072436 -0.64394510 -0.61604617 -0.58675685 
3.51119173e-05 -0.69508504 -0.67072436 -0.64394510 -0.61604617 -0.58675685 
2.84803587e-05 -0.69508504 -0.67072436 -0.64394510 -0.61604617 -0.58675685 
2.31012970e-05 -0.69508504 -0.67072436 -0.64394510 -0.61604617 -0.58675685 
1.87381742e-05 -0.69508504 -0.67072436 -0.64394510 -0.61604617 -0.58675685 
1.51991108e-05 -0.69508504 -0.67072436 -0.64394510 -0.61604617 -0.58675685 
1.23284674e-05 -0.69508504 -0.67072436 -0.64394510 -0.61604617 -0.58675685 
1.00000000e-05 -0.69508504 -0.67072436 -0.64394510 -0.61604617 -0.58675685 
8.11130831e-06 -0.69508504 -0.67072436 -0.64394510 -0.61604617 -0.58675685 
6.57933225e-06 -0.69508504 -0.67072436 -0.64394510 -0.61604617 -0.58675685 
5.33669923e-06 -0.69508504 -0.67072436 -0.64394510 -0.61604617 -0.58675685 
4.32876128e-06 -0.69508504 -0.67072436 -0.64394510 -0.61604617 -0.58675685 
3.51119173e-06 -0.69508504 -0.67072436 -0.64394510 -0.61604617 -0.58675685 
2.84803587e-06 -0.69508504 -0.67072436 -0.64394510 -0.61604617 -0.58675685 
2.31012970e-06 -0.69508504 -0.67072436 -0.64394510 -0.61604617 -0.58675685 
1.87381742e-06 -0.69508504 -0.67072436 -0.64394510 -0.61604617 -0.58675685 
1.51991108e-06 -0.69508504 -0.67072436 -0.64394510 -0.61604617 -0.58675685 
1.23284674e-06 -0.69508504 -0.67072436 -0.64394510 -0.61604617 -0.58675685 
1.00000000e-06 -0.69508504 -0.67072436 -0.64394510 -0.61604617 -0.58675685 
8.11130831e-07 -0.69508504 -0.67072436 -0.64394510 -0.61604617 -0.58675685 
6.57933225e-07 -0.69508504 -0.67072436 -0.64394510 -0.61604617 -0.58675685 
5.33669923e-07 -0.69508504 -0.67072436 -0.64394510 -0.61604617 -0.58675685 
4.32876128e-07 -0.69508504 -0.67072436 -0.64394510 -0.61604617 -0.58675685 
3.51119173e-07 -0.69508504 -0.67072436 -0.64394510 -0.61604617 -0.58675685 
2.84803587e-07 -0.69508504 -0.67072436 -0.64394510 -0.61604617 -0.58675685 
2.31012970e-07 -0.69508504 -0.67072436 -0.64394510 -0.61604617 -0.58675685 
1.87381742e-07 -0.69508504 -0.67072436 -0.64394510 -0.61604617 -0.58675685 
1.51991108e-07 -0.69508504 -0.67072436 -0.64394510 -0.61604617 -0.58675685 
1.23284674e-07 -0.69508504 -0.67072436 -0.64394510 -0.61604617 -0.58675685 
1.00000000e-07 -0.69508504 -0.67072436 -0.64394510 -0.61604617 -0.58675685 
P (bar) | log_CO2: -2σ | log_CO2: -1σ | log_CO2: median | log_CO2: +1σ | log_CO2: +2σ 
1.00000000e+02 -6.76434840 -6.18157953 -5.43659354 -4.71265663 -4.26992951 
8.11130831e+01 -6.76434840 -6.18157953 -5.43659354 -4.71265663 -4.26992951 
6.57933225e+01 -6.76434840 -6.18157953 -5.43659354 -4.71265663 -4.26992951 
5.33669923e+01 -6.76434840 -6.18157953 -5.43659354 -4.71265663 -4.26992951 
4.32876128e+01 -6.76434840 -6.18157953 -5.43659354 -4.71265663 -4.26992951 
3.51119173e+01 -6.76434840 -6.18157953 -5.43659354 -4.71265663 -4.26992951 
2.84803587e+01 -6.76434840 -6.18157953 -5.43659354 -4.71265663 -4.26992951 
2.31012970e+01 -6.76434840 -6.18157953 -5.43659354 -4.71265663 -4.26992951 
1.87381742e+01 -6.76434840 -6.18157953 -5.43659354 -4.71265663 -4.26992951 
1.51991108e+01 -6.76434840 -6.18157953 -5.43659354 -4.71265663 -4.26992951 
1.23284674e+01 -6.76434840 -6.18157953 -5.43659354 -4.71265663 -4.26992951 
1.00000000e+01 -6.76434840 -6.18157953 -5.43659354 -4.71265663 -4.26992951 
8.11130831e+00 -6.76434840 -6.18157953 -5.43659354 -4.71265663 -4.26992951 
6.57933225e+00 -6.76434840 -6.18157953 -5.43659354 -4.71265663 -4.26992951 
5.33669923e+00 -6.76434840 -6.18157953 -5.43659354 -4.71265663 -4.26992951 
4.32876128e+00 -6.76434840 -6.18157953 -5.43659354 -4.71265663 -4.26992951 
3.51119173e+00 -6.76434840 -6.18157953 -5.43659354 -4.71265663 -4.26992951 
2.84803587e+00 -6.76434840 -6.18157953 -5.43659354 -4.71265663 -4.26992951 
2.31012970e+00 -6.76434840 -6.18157953 -5.43659354 -4.71265663 -4.26992951 
1.87381742e+00 -6.76434840 -6.18157953 -5.43659354 -4.71265663 -4.26992951 
1.51991108e+00 -6.76434840 -6.18157953 -5.43659354 -4.71265663 -4.26992951 
1.23284674e+00 -6.76434840 -6.18157953 -5.43659354 -4.71265663 -4.26992951 
1.00000000e+00 -6.76434840 -6.18157953 -5.43659354 -4.71265663 -4.26992951 
8.11130831e-01 -6.76434840 -6.18157953 -5.43659354 -4.71265663 -4.26992951 
6.57933225e-01 -6.76434840 -6.18157953 -5.43659354 -4.71265663 -4.26992951 
5.33669923e-01 -6.76434840 -6.18157953 -5.43659354 -4.71265663 -4.26992951 
4.32876128e-01 -6.76434840 -6.18157953 -5.43659354 -4.71265663 -4.26992951 
3.51119173e-01 -6.76434840 -6.18157953 -5.43659354 -4.71265663 -4.26992951 
2.84803587e-01 -6.76434840 -6.18157953 -5.43659354 -4.71265663 -4.26992951 
2.31012970e-01 -6.76434840 -6.18157953 -5.43659354 -4.71265663 -4.26992951 
1.87381742e-01 -6.76434840 -6.18157953 -5.43659354 -4.71265663 -4.26992951 
1.51991108e-01 -6.76434840 -6.18157953 -5.43659354 -4.71265663 -4.26992951 
1.23284674e-01 -6.76434840 -6.18157953 -5.43659354 -4.71265663 -4.26992951 
1.00000000e-01 -6.76434840 -6.18157953 -5.43659354 -4.71265663 -4.26992951 
8.11130831e-02 -6.76434840 -6.18157953 -5.43659354 -4.71265663 -4.26992951 
6.57933225e-02 -6.76434840 -6.18157953 -5.43659354 -4.71265663 -4.26992951 
5.33669923e-02 -6.76434840 -6.18157953 -5.43659354 -4.71265663 -4.26992951 
4.32876128e-02 -6.76434840 -6.18157953 -5.43659354 -4.71265663 -4.26992951 
3.51119173e-02 -6.76434840 -6.18157953 -5.43659354 -4.71265663 -4.26992951 
2.84803587e-02 -6.76434840 -6.18157953 -5.43659354 -4.71265663 -4.26992951 
2.31012970e-02 -6.76434840 -6.18157953 -5.43659354 -4.71265663 -4.26992951 
1.87381742e-02 -6.76434840 -6.18157953 -5.43659354 -4.71265663 -4.26992951 
1.51991108e-02 -6.76434840 -6.18157953 -5.43659354 -4.71265663 -4.26992951 
1.23284674e-02 -6.76434840 -6.18157953 -5.43659354 -4.71265663 -4.26992951 
1.00000000e-02 -6.76434840 -6.18157953 -5.43659354 -4.71265663 -4.26992951 
8.11130831e-03 -6.76434840 -6.18157953 -5.43659354 -4.71265663 -4.26992951 
6.57933225e-03 -6.76434840 -6.18157953 -5.43659354 -4.71265663 -4.26992951 
5.33669923e-03 -6.76434840 -6.18157953 -5.43659354 -4.71265663 -4.26992951 
4.32876128e-03 -6.76434840 -6.18157953 -5.43659354 -4.71265663 -4.26992951 
3.51119173e-03 -6.76434840 -6.18157953 -5.43659354 -4.71265663 -4.26992951 
2.84803587e-03 -6.76434840 -6.18157953 -5.43659354 -4.71265663 -4.26992951 
2.31012970e-03 -6.76434840 -6.18157953 -5.43659354 -4.71265663 -4.26992951 
1.87381742e-03 -6.76434840 -6.18157953 -5.43659354 -4.71265663 -4.26992951 
1.51991108e-03 -6.76434840 -6.18157953 -5.43659354 -4.71265663 -4.26992951 
1.23284674e-03 -6.76434840 -6.18157953 -5.43659354 -4.71265663 -4.26992951 
1.00000000e-03 -6.76434840 -6.18157953 -5.43659354 -4.71265663 -4.26992951 
8.11130831e-04 -6.76434840 -6.18157953 -5.43659354 -4.71265663 -4.26992951 
6.57933225e-04 -6.76434840 -6.18157953 -5.43659354 -4.71265663 -4.26992951 
5.33669923e-04 -6.76434840 -6.18157953 -5.43659354 -4.71265663 -4.26992951 
4.32876128e-04 -6.76434840 -6.18157953 -5.43659354 -4.71265663 -4.26992951 
3.51119173e-04 -6.76434840 -6.18157953 -5.43659354 -4.71265663 -4.26992951 
2.84803587e-04 -6.76434840 -6.18157953 -5.43659354 -4.71265663 -4.26992951 
2.31012970e-04 -6.76434840 -6.18157953 -5.43659354 -4.71265663 -4.26992951 
1.87381742e-04 -6.76434840 -6.18157953 -5.43659354 -4.71265663 -4.26992951 
1.51991108e-04 -6.76434840 -6.18157953 -5.43659354 -4.71265663 -4.26992951 
1.23284674e-04 -6.76434840 -6.18157953 -5.43659354 -4.71265663 -4.26992951 
1.00000000e-04 -6.76434840 -6.18157953 -5.43659354 -4.71265663 -4.26992951 
8.11130831e-05 -6.76434840 -6.18157953 -5.43659354 -4.71265663 -4.26992951 
6.57933225e-05 -6.76434840 -6.18157953 -5.43659354 -4.71265663 -4.26992951 
5.33669923e-05 -6.76434840 -6.18157953 -5.43659354 -4.71265663 -4.26992951 
4.32876128e-05 -6.76434840 -6.18157953 -5.43659354 -4.71265663 -4.26992951 
3.51119173e-05 -6.76434840 -6.18157953 -5.43659354 -4.71265663 -4.26992951 
2.84803587e-05 -6.76434840 -6.18157953 -5.43659354 -4.71265663 -4.26992951 
2.31012970e-05 -6.76434840 -6.18157953 -5.43659354 -4.71265663 -4.26992951 
1.87381742e-05 -6.76434840 -6.18157953 -5.43659354 -4.71265663 -4.26992951 
1.51991108e-05 -6.76434840 -6.18157953 -5.43659354 -4.71265663 -4.26992951 
1.23284674e-05 -6.76434840 -6.18157953 -5.43659354 -4.71265663 -4.26992951 
1.00000000e-05 -6.76434840 -6.18157953 -5.43659354 -4.71265663 -4.26992951 
8.11130831e-06 -6.76434840 -6.18157953 -5.43659354 -4.71265663 -4.26992951 
6.57933225e-06 -6.76434840 -6.18157953 -5.43659354 -4.71265663 -4.26992951 
5.33669923e-06 -6.76434840 -6.18157953 -5.43659354 -4.71265663 -4.26992951 
4.32876128e-06 -6.76434840 -6.18157953 -5.43659354 -4.71265663 -4.26992951 
3.51119173e-06 -6.76434840 -6.18157953 -5.43659354 -4.71265663 -4.26992951 
2.84803587e-06 -6.76434840 -6.18157953 -5.43659354 -4.71265663 -4.26992951 
2.31012970e-06 -6.76434840 -6.18157953 -5.43659354 -4.71265663 -4.26992951 
1.87381742e-06 -6.76434840 -6.18157953 -5.43659354 -4.71265663 -4.26992951 
1.51991108e-06 -6.76434840 -6.18157953 -5.43659354 -4.71265663 -4.26992951 
1.23284674e-06 -6.76434840 -6.18157953 -5.43659354 -4.71265663 -4.26992951 
1.00000000e-06 -6.76434840 -6.18157953 -5.43659354 -4.71265663 -4.26992951 
8.11130831e-07 -6.76434840 -6.18157953 -5.43659354 -4.71265663 -4.26992951 
6.57933225e-07 -6.76434840 -6.18157953 -5.43659354 -4.71265663 -4.26992951 
5.33669923e-07 -6.76434840 -6.18157953 -5.43659354 -4.71265663 -4.26992951 
4.32876128e-07 -6.76434840 -6.18157953 -5.43659354 -4.71265663 -4.26992951 
3.51119173e-07 -6.76434840 -6.18157953 -5.43659354 -4.71265663 -4.26992951 
2.84803587e-07 -6.76434840 -6.18157953 -5.43659354 -4.71265663 -4.26992951 
2.31012970e-07 -6.76434840 -6.18157953 -5.43659354 -4.71265663 -4.26992951 
1.87381742e-07 -6.76434840 -6.18157953 -5.43659354 -4.71265663 -4.26992951 
1.51991108e-07 -6.76434840 -6.18157953 -5.43659354 -4.71265663 -4.26992951 
1.23284674e-07 -6.76434840 -6.18157953 -5.43659354 -4.71265663 -4.26992951 
1.00000000e-07 -6.76434840 -6.18157953 -5.43659354 -4.71265663 -4.26992951 
P (bar) | log_SO2: -2σ | log_SO2: -1σ | log_SO2: median | log_SO2: +1σ | log_SO2: +2σ 
1.00000000e+02 -4.22786101 -4.14884471 -4.06385137 -3.97689191 -3.90105741 
8.11130831e+01 -4.22786101 -4.14884471 -4.06385137 -3.97689191 -3.90105741 
6.57933225e+01 -4.22786101 -4.14884471 -4.06385137 -3.97689191 -3.90105741 
5.33669923e+01 -4.22786101 -4.14884471 -4.06385137 -3.97689191 -3.90105741 
4.32876128e+01 -4.22786101 -4.14884471 -4.06385137 -3.97689191 -3.90105741 
3.51119173e+01 -4.22786101 -4.14884471 -4.06385137 -3.97689191 -3.90105741 
2.84803587e+01 -4.22786101 -4.14884471 -4.06385137 -3.97689191 -3.90105741 
2.31012970e+01 -4.22786101 -4.14884471 -4.06385137 -3.97689191 -3.90105741 
1.87381742e+01 -4.22786101 -4.14884471 -4.06385137 -3.97689191 -3.90105741 
1.51991108e+01 -4.22786101 -4.14884471 -4.06385137 -3.97689191 -3.90105741 
1.23284674e+01 -4.22786101 -4.14884471 -4.06385137 -3.97689191 -3.90105741 
1.00000000e+01 -4.22786101 -4.14884471 -4.06385137 -3.97689191 -3.90105741 
8.11130831e+00 -4.22786101 -4.14884471 -4.06385137 -3.97689191 -3.90105741 
6.57933225e+00 -4.22786101 -4.14884471 -4.06385137 -3.97689191 -3.90105741 
5.33669923e+00 -4.22786101 -4.14884471 -4.06385137 -3.97689191 -3.90105741 
4.32876128e+00 -4.22786101 -4.14884471 -4.06385137 -3.97689191 -3.90105741 
3.51119173e+00 -4.22786101 -4.14884471 -4.06385137 -3.97689191 -3.90105741 
2.84803587e+00 -4.22786101 -4.14884471 -4.06385137 -3.97689191 -3.90105741 
2.31012970e+00 -4.22786101 -4.14884471 -4.06385137 -3.97689191 -3.90105741 
1.87381742e+00 -4.22786101 -4.14884471 -4.06385137 -3.97689191 -3.90105741 
1.51991108e+00 -4.22786101 -4.14884471 -4.06385137 -3.97689191 -3.90105741 
1.23284674e+00 -4.22786101 -4.14884471 -4.06385137 -3.97689191 -3.90105741 
1.00000000e+00 -4.22786101 -4.14884471 -4.06385137 -3.97689191 -3.90105741 
8.11130831e-01 -4.22786101 -4.14884471 -4.06385137 -3.97689191 -3.90105741 
6.57933225e-01 -4.22786101 -4.14884471 -4.06385137 -3.97689191 -3.90105741 
5.33669923e-01 -4.22786101 -4.14884471 -4.06385137 -3.97689191 -3.90105741 
4.32876128e-01 -4.22786101 -4.14884471 -4.06385137 -3.97689191 -3.90105741 
3.51119173e-01 -4.22786101 -4.14884471 -4.06385137 -3.97689191 -3.90105741 
2.84803587e-01 -4.22786101 -4.14884471 -4.06385137 -3.97689191 -3.90105741 
2.31012970e-01 -4.22786101 -4.14884471 -4.06385137 -3.97689191 -3.90105741 
1.87381742e-01 -4.22786101 -4.14884471 -4.06385137 -3.97689191 -3.90105741 
1.51991108e-01 -4.22786101 -4.14884471 -4.06385137 -3.97689191 -3.90105741 
1.23284674e-01 -4.22786101 -4.14884471 -4.06385137 -3.97689191 -3.90105741 
1.00000000e-01 -4.22786101 -4.14884471 -4.06385137 -3.97689191 -3.90105741 
8.11130831e-02 -4.22786101 -4.14884471 -4.06385137 -3.97689191 -3.90105741 
6.57933225e-02 -4.22786101 -4.14884471 -4.06385137 -3.97689191 -3.90105741 
5.33669923e-02 -4.22786101 -4.14884471 -4.06385137 -3.97689191 -3.90105741 
4.32876128e-02 -4.22786101 -4.14884471 -4.06385137 -3.97689191 -3.90105741 
3.51119173e-02 -4.22786101 -4.14884471 -4.06385137 -3.97689191 -3.90105741 
2.84803587e-02 -4.22786101 -4.14884471 -4.06385137 -3.97689191 -3.90105741 
2.31012970e-02 -4.22786101 -4.14884471 -4.06385137 -3.97689191 -3.90105741 
1.87381742e-02 -4.22786101 -4.14884471 -4.06385137 -3.97689191 -3.90105741 
1.51991108e-02 -4.22786101 -4.14884471 -4.06385137 -3.97689191 -3.90105741 
1.23284674e-02 -4.22786101 -4.14884471 -4.06385137 -3.97689191 -3.90105741 
1.00000000e-02 -4.22786101 -4.14884471 -4.06385137 -3.97689191 -3.90105741 
8.11130831e-03 -4.22786101 -4.14884471 -4.06385137 -3.97689191 -3.90105741 
6.57933225e-03 -4.22786101 -4.14884471 -4.06385137 -3.97689191 -3.90105741 
5.33669923e-03 -4.22786101 -4.14884471 -4.06385137 -3.97689191 -3.90105741 
4.32876128e-03 -4.22786101 -4.14884471 -4.06385137 -3.97689191 -3.90105741 
3.51119173e-03 -4.22786101 -4.14884471 -4.06385137 -3.97689191 -3.90105741 
2.84803587e-03 -4.22786101 -4.14884471 -4.06385137 -3.97689191 -3.90105741 
2.31012970e-03 -4.22786101 -4.14884471 -4.06385137 -3.97689191 -3.90105741 
1.87381742e-03 -4.22786101 -4.14884471 -4.06385137 -3.97689191 -3.90105741 
1.51991108e-03 -4.22786101 -4.14884471 -4.06385137 -3.97689191 -3.90105741 
1.23284674e-03 -4.22786101 -4.14884471 -4.06385137 -3.97689191 -3.90105741 
1.00000000e-03 -4.22786101 -4.14884471 -4.06385137 -3.97689191 -3.90105741 
8.11130831e-04 -4.22786101 -4.14884471 -4.06385137 -3.97689191 -3.90105741 
6.57933225e-04 -4.22786101 -4.14884471 -4.06385137 -3.97689191 -3.90105741 
5.33669923e-04 -4.22786101 -4.14884471 -4.06385137 -3.97689191 -3.90105741 
4.32876128e-04 -4.22786101 -4.14884471 -4.06385137 -3.97689191 -3.90105741 
3.51119173e-04 -4.22786101 -4.14884471 -4.06385137 -3.97689191 -3.90105741 
2.84803587e-04 -4.22786101 -4.14884471 -4.06385137 -3.97689191 -3.90105741 
2.31012970e-04 -4.22786101 -4.14884471 -4.06385137 -3.97689191 -3.90105741 
1.87381742e-04 -4.22786101 -4.14884471 -4.06385137 -3.97689191 -3.90105741 
1.51991108e-04 -4.22786101 -4.14884471 -4.06385137 -3.97689191 -3.90105741 
1.23284674e-04 -4.22786101 -4.14884471 -4.06385137 -3.97689191 -3.90105741 
1.00000000e-04 -4.22786101 -4.14884471 -4.06385137 -3.97689191 -3.90105741 
8.11130831e-05 -4.22786101 -4.14884471 -4.06385137 -3.97689191 -3.90105741 
6.57933225e-05 -4.22786101 -4.14884471 -4.06385137 -3.97689191 -3.90105741 
5.33669923e-05 -4.22786101 -4.14884471 -4.06385137 -3.97689191 -3.90105741 
4.32876128e-05 -4.22786101 -4.14884471 -4.06385137 -3.97689191 -3.90105741 
3.51119173e-05 -4.22786101 -4.14884471 -4.06385137 -3.97689191 -3.90105741 
2.84803587e-05 -4.22786101 -4.14884471 -4.06385137 -3.97689191 -3.90105741 
2.31012970e-05 -4.22786101 -4.14884471 -4.06385137 -3.97689191 -3.90105741 
1.87381742e-05 -4.22786101 -4.14884471 -4.06385137 -3.97689191 -3.90105741 
1.51991108e-05 -4.22786101 -4.14884471 -4.06385137 -3.97689191 -3.90105741 
1.23284674e-05 -4.22786101 -4.14884471 -4.06385137 -3.97689191 -3.90105741 
1.00000000e-05 -4.22786101 -4.14884471 -4.06385137 -3.97689191 -3.90105741 
8.11130831e-06 -4.22786101 -4.14884471 -4.06385137 -3.97689191 -3.90105741 
6.57933225e-06 -4.22786101 -4.14884471 -4.06385137 -3.97689191 -3.90105741 
5.33669923e-06 -4.22786101 -4.14884471 -4.06385137 -3.97689191 -3.90105741 
4.32876128e-06 -4.22786101 -4.14884471 -4.06385137 -3.97689191 -3.90105741 
3.51119173e-06 -4.22786101 -4.14884471 -4.06385137 -3.97689191 -3.90105741 
2.84803587e-06 -4.22786101 -4.14884471 -4.06385137 -3.97689191 -3.90105741 
2.31012970e-06 -4.22786101 -4.14884471 -4.06385137 -3.97689191 -3.90105741 
1.87381742e-06 -4.22786101 -4.14884471 -4.06385137 -3.97689191 -3.90105741 
1.51991108e-06 -4.22786101 -4.14884471 -4.06385137 -3.97689191 -3.90105741 
1.23284674e-06 -4.22786101 -4.14884471 -4.06385137 -3.97689191 -3.90105741 
1.00000000e-06 -4.22786101 -4.14884471 -4.06385137 -3.97689191 -3.90105741 
8.11130831e-07 -4.22786101 -4.14884471 -4.06385137 -3.97689191 -3.90105741 
6.57933225e-07 -4.22786101 -4.14884471 -4.06385137 -3.97689191 -3.90105741 
5.33669923e-07 -4.22786101 -4.14884471 -4.06385137 -3.97689191 -3.90105741 
4.32876128e-07 -4.22786101 -4.14884471 -4.06385137 -3.97689191 -3.90105741 
3.51119173e-07 -4.22786101 -4.14884471 -4.06385137 -3.97689191 -3.90105741 
2.84803587e-07 -4.22786101 -4.14884471 -4.06385137 -3.97689191 -3.90105741 
2.31012970e-07 -4.22786101 -4.14884471 -4.06385137 -3.97689191 -3.90105741 
1.87381742e-07 -4.22786101 -4.14884471 -4.06385137 -3.97689191 -3.90105741 
1.51991108e-07 -4.22786101 -4.14884471 -4.06385137 -3.97689191 -3.90105741 
1.23284674e-07 -4.22786101 -4.14884471 -4.06385137 -3.97689191 -3.90105741 
1.00000000e-07 -4.22786101 -4.14884471 -4.06385137 -3.97689191 -3.90105741 
P (bar) | log_CO: -2σ | log_CO: -1σ | log_CO: median | log_CO: +1σ | log_CO: +2σ 
1.00000000e+02 -6.90679823 -6.42664387 -5.62999302 -4.62283281 -3.84392489 
8.11130831e+01 -6.90679823 -6.42664387 -5.62999302 -4.62283281 -3.84392489 
6.57933225e+01 -6.90679823 -6.42664387 -5.62999302 -4.62283281 -3.84392489 
5.33669923e+01 -6.90679823 -6.42664387 -5.62999302 -4.62283281 -3.84392489 
4.32876128e+01 -6.90679823 -6.42664387 -5.62999302 -4.62283281 -3.84392489 
3.51119173e+01 -6.90679823 -6.42664387 -5.62999302 -4.62283281 -3.84392489 
2.84803587e+01 -6.90679823 -6.42664387 -5.62999302 -4.62283281 -3.84392489 
2.31012970e+01 -6.90679823 -6.42664387 -5.62999302 -4.62283281 -3.84392489 
1.87381742e+01 -6.90679823 -6.42664387 -5.62999302 -4.62283281 -3.84392489 
1.51991108e+01 -6.90679823 -6.42664387 -5.62999302 -4.62283281 -3.84392489 
1.23284674e+01 -6.90679823 -6.42664387 -5.62999302 -4.62283281 -3.84392489 
1.00000000e+01 -6.90679823 -6.42664387 -5.62999302 -4.62283281 -3.84392489 
8.11130831e+00 -6.90679823 -6.42664387 -5.62999302 -4.62283281 -3.84392489 
6.57933225e+00 -6.90679823 -6.42664387 -5.62999302 -4.62283281 -3.84392489 
5.33669923e+00 -6.90679823 -6.42664387 -5.62999302 -4.62283281 -3.84392489 
4.32876128e+00 -6.90679823 -6.42664387 -5.62999302 -4.62283281 -3.84392489 
3.51119173e+00 -6.90679823 -6.42664387 -5.62999302 -4.62283281 -3.84392489 
2.84803587e+00 -6.90679823 -6.42664387 -5.62999302 -4.62283281 -3.84392489 
2.31012970e+00 -6.90679823 -6.42664387 -5.62999302 -4.62283281 -3.84392489 
1.87381742e+00 -6.90679823 -6.42664387 -5.62999302 -4.62283281 -3.84392489 
1.51991108e+00 -6.90679823 -6.42664387 -5.62999302 -4.62283281 -3.84392489 
1.23284674e+00 -6.90679823 -6.42664387 -5.62999302 -4.62283281 -3.84392489 
1.00000000e+00 -6.90679823 -6.42664387 -5.62999302 -4.62283281 -3.84392489 
8.11130831e-01 -6.90679823 -6.42664387 -5.62999302 -4.62283281 -3.84392489 
6.57933225e-01 -6.90679823 -6.42664387 -5.62999302 -4.62283281 -3.84392489 
5.33669923e-01 -6.90679823 -6.42664387 -5.62999302 -4.62283281 -3.84392489 
4.32876128e-01 -6.90679823 -6.42664387 -5.62999302 -4.62283281 -3.84392489 
3.51119173e-01 -6.90679823 -6.42664387 -5.62999302 -4.62283281 -3.84392489 
2.84803587e-01 -6.90679823 -6.42664387 -5.62999302 -4.62283281 -3.84392489 
2.31012970e-01 -6.90679823 -6.42664387 -5.62999302 -4.62283281 -3.84392489 
1.87381742e-01 -6.90679823 -6.42664387 -5.62999302 -4.62283281 -3.84392489 
1.51991108e-01 -6.90679823 -6.42664387 -5.62999302 -4.62283281 -3.84392489 
1.23284674e-01 -6.90679823 -6.42664387 -5.62999302 -4.62283281 -3.84392489 
1.00000000e-01 -6.90679823 -6.42664387 -5.62999302 -4.62283281 -3.84392489 
8.11130831e-02 -6.90679823 -6.42664387 -5.62999302 -4.62283281 -3.84392489 
6.57933225e-02 -6.90679823 -6.42664387 -5.62999302 -4.62283281 -3.84392489 
5.33669923e-02 -6.90679823 -6.42664387 -5.62999302 -4.62283281 -3.84392489 
4.32876128e-02 -6.90679823 -6.42664387 -5.62999302 -4.62283281 -3.84392489 
3.51119173e-02 -6.90679823 -6.42664387 -5.62999302 -4.62283281 -3.84392489 
2.84803587e-02 -6.90679823 -6.42664387 -5.62999302 -4.62283281 -3.84392489 
2.31012970e-02 -6.90679823 -6.42664387 -5.62999302 -4.62283281 -3.84392489 
1.87381742e-02 -6.90679823 -6.42664387 -5.62999302 -4.62283281 -3.84392489 
1.51991108e-02 -6.90679823 -6.42664387 -5.62999302 -4.62283281 -3.84392489 
1.23284674e-02 -6.90679823 -6.42664387 -5.62999302 -4.62283281 -3.84392489 
1.00000000e-02 -6.90679823 -6.42664387 -5.62999302 -4.62283281 -3.84392489 
8.11130831e-03 -6.90679823 -6.42664387 -5.62999302 -4.62283281 -3.84392489 
6.57933225e-03 -6.90679823 -6.42664387 -5.62999302 -4.62283281 -3.84392489 
5.33669923e-03 -6.90679823 -6.42664387 -5.62999302 -4.62283281 -3.84392489 
4.32876128e-03 -6.90679823 -6.42664387 -5.62999302 -4.62283281 -3.84392489 
3.51119173e-03 -6.90679823 -6.42664387 -5.62999302 -4.62283281 -3.84392489 
2.84803587e-03 -6.90679823 -6.42664387 -5.62999302 -4.62283281 -3.84392489 
2.31012970e-03 -6.90679823 -6.42664387 -5.62999302 -4.62283281 -3.84392489 
1.87381742e-03 -6.90679823 -6.42664387 -5.62999302 -4.62283281 -3.84392489 
1.51991108e-03 -6.90679823 -6.42664387 -5.62999302 -4.62283281 -3.84392489 
1.23284674e-03 -6.90679823 -6.42664387 -5.62999302 -4.62283281 -3.84392489 
1.00000000e-03 -6.90679823 -6.42664387 -5.62999302 -4.62283281 -3.84392489 
8.11130831e-04 -6.90679823 -6.42664387 -5.62999302 -4.62283281 -3.84392489 
6.57933225e-04 -6.90679823 -6.42664387 -5.62999302 -4.62283281 -3.84392489 
5.33669923e-04 -6.90679823 -6.42664387 -5.62999302 -4.62283281 -3.84392489 
4.32876128e-04 -6.90679823 -6.42664387 -5.62999302 -4.62283281 -3.84392489 
3.51119173e-04 -6.90679823 -6.42664387 -5.62999302 -4.62283281 -3.84392489 
2.84803587e-04 -6.90679823 -6.42664387 -5.62999302 -4.62283281 -3.84392489 
2.31012970e-04 -6.90679823 -6.42664387 -5.62999302 -4.62283281 -3.84392489 
1.87381742e-04 -6.90679823 -6.42664387 -5.62999302 -4.62283281 -3.84392489 
1.51991108e-04 -6.90679823 -6.42664387 -5.62999302 -4.62283281 -3.84392489 
1.23284674e-04 -6.90679823 -6.42664387 -5.62999302 -4.62283281 -3.84392489 
1.00000000e-04 -6.90679823 -6.42664387 -5.62999302 -4.62283281 -3.84392489 
8.11130831e-05 -6.90679823 -6.42664387 -5.62999302 -4.62283281 -3.84392489 
6.57933225e-05 -6.90679823 -6.42664387 -5.62999302 -4.62283281 -3.84392489 
5.33669923e-05 -6.90679823 -6.42664387 -5.62999302 -4.62283281 -3.84392489 
4.32876128e-05 -6.90679823 -6.42664387 -5.62999302 -4.62283281 -3.84392489 
3.51119173e-05 -6.90679823 -6.42664387 -5.62999302 -4.62283281 -3.84392489 
2.84803587e-05 -6.90679823 -6.42664387 -5.62999302 -4.62283281 -3.84392489 
2.31012970e-05 -6.90679823 -6.42664387 -5.62999302 -4.62283281 -3.84392489 
1.87381742e-05 -6.90679823 -6.42664387 -5.62999302 -4.62283281 -3.84392489 
1.51991108e-05 -6.90679823 -6.42664387 -5.62999302 -4.62283281 -3.84392489 
1.23284674e-05 -6.90679823 -6.42664387 -5.62999302 -4.62283281 -3.84392489 
1.00000000e-05 -6.90679823 -6.42664387 -5.62999302 -4.62283281 -3.84392489 
8.11130831e-06 -6.90679823 -6.42664387 -5.62999302 -4.62283281 -3.84392489 
6.57933225e-06 -6.90679823 -6.42664387 -5.62999302 -4.62283281 -3.84392489 
5.33669923e-06 -6.90679823 -6.42664387 -5.62999302 -4.62283281 -3.84392489 
4.32876128e-06 -6.90679823 -6.42664387 -5.62999302 -4.62283281 -3.84392489 
3.51119173e-06 -6.90679823 -6.42664387 -5.62999302 -4.62283281 -3.84392489 
2.84803587e-06 -6.90679823 -6.42664387 -5.62999302 -4.62283281 -3.84392489 
2.31012970e-06 -6.90679823 -6.42664387 -5.62999302 -4.62283281 -3.84392489 
1.87381742e-06 -6.90679823 -6.42664387 -5.62999302 -4.62283281 -3.84392489 
1.51991108e-06 -6.90679823 -6.42664387 -5.62999302 -4.62283281 -3.84392489 
1.23284674e-06 -6.90679823 -6.42664387 -5.62999302 -4.62283281 -3.84392489 
1.00000000e-06 -6.90679823 -6.42664387 -5.62999302 -4.62283281 -3.84392489 
8.11130831e-07 -6.90679823 -6.42664387 -5.62999302 -4.62283281 -3.84392489 
6.57933225e-07 -6.90679823 -6.42664387 -5.62999302 -4.62283281 -3.84392489 
5.33669923e-07 -6.90679823 -6.42664387 -5.62999302 -4.62283281 -3.84392489 
4.32876128e-07 -6.90679823 -6.42664387 -5.62999302 -4.62283281 -3.84392489 
3.51119173e-07 -6.90679823 -6.42664387 -5.62999302 -4.62283281 -3.84392489 
2.84803587e-07 -6.90679823 -6.42664387 -5.62999302 -4.62283281 -3.84392489 
2.31012970e-07 -6.90679823 -6.42664387 -5.62999302 -4.62283281 -3.84392489 
1.87381742e-07 -6.90679823 -6.42664387 -5.62999302 -4.62283281 -3.84392489 
1.51991108e-07 -6.90679823 -6.42664387 -5.62999302 -4.62283281 -3.84392489 
1.23284674e-07 -6.90679823 -6.42664387 -5.62999302 -4.62283281 -3.84392489 
1.00000000e-07 -6.90679823 -6.42664387 -5.62999302 -4.62283281 -3.84392489 
P (bar) | log_H2S: -2σ | log_H2S: -1σ | log_H2S: median | log_H2S: +1σ | log_H2S: +2σ 
1.00000000e+02 -1.64753367 -1.57685811 -1.51952775 -1.46832884 -1.43146390 
8.11130831e+01 -1.64753367 -1.57685811 -1.51952775 -1.46832884 -1.43146390 
6.57933225e+01 -1.64753367 -1.57685811 -1.51952775 -1.46832884 -1.43146390 
5.33669923e+01 -1.64753367 -1.57685811 -1.51952775 -1.46832884 -1.43146390 
4.32876128e+01 -1.64753367 -1.57685811 -1.51952775 -1.46832884 -1.43146390 
3.51119173e+01 -1.64753367 -1.57685811 -1.51952775 -1.46832884 -1.43146390 
2.84803587e+01 -1.64753367 -1.57685811 -1.51952775 -1.46832884 -1.43146390 
2.31012970e+01 -1.64753367 -1.57685811 -1.51952775 -1.46832884 -1.43146390 
1.87381742e+01 -1.64753367 -1.57685811 -1.51952775 -1.46832884 -1.43146390 
1.51991108e+01 -1.64753367 -1.57685811 -1.51952775 -1.46832884 -1.43146390 
1.23284674e+01 -1.64753367 -1.57685811 -1.51952775 -1.46832884 -1.43146390 
1.00000000e+01 -1.64753367 -1.57685811 -1.51952775 -1.46832884 -1.43146390 
8.11130831e+00 -1.64753367 -1.57685811 -1.51952775 -1.46832884 -1.43146390 
6.57933225e+00 -1.64753367 -1.57685811 -1.51952775 -1.46832884 -1.43146390 
5.33669923e+00 -1.64753367 -1.57685811 -1.51952775 -1.46832884 -1.43146390 
4.32876128e+00 -1.64753367 -1.57685811 -1.51952775 -1.46832884 -1.43146390 
3.51119173e+00 -1.64753367 -1.57685811 -1.51952775 -1.46832884 -1.43146390 
2.84803587e+00 -1.64753367 -1.57685811 -1.51952775 -1.46832884 -1.43146390 
2.31012970e+00 -1.64753367 -1.57685811 -1.51952775 -1.46832884 -1.43146390 
1.87381742e+00 -1.64753367 -1.57685811 -1.51952775 -1.46832884 -1.43146390 
1.51991108e+00 -1.64753367 -1.57685811 -1.51952775 -1.46832884 -1.43146390 
1.23284674e+00 -1.64753367 -1.57685811 -1.51952775 -1.46832884 -1.43146390 
1.00000000e+00 -1.64753367 -1.57685811 -1.51952775 -1.46832884 -1.43146390 
8.11130831e-01 -1.64753367 -1.57685811 -1.51952775 -1.46832884 -1.43146390 
6.57933225e-01 -1.64753367 -1.57685811 -1.51952775 -1.46832884 -1.43146390 
5.33669923e-01 -1.64753367 -1.57685811 -1.51952775 -1.46832884 -1.43146390 
4.32876128e-01 -1.64753367 -1.57685811 -1.51952775 -1.46832884 -1.43146390 
3.51119173e-01 -1.64753367 -1.57685811 -1.51952775 -1.46832884 -1.43146390 
2.84803587e-01 -1.64753367 -1.57685811 -1.51952775 -1.46832884 -1.43146390 
2.31012970e-01 -1.64753367 -1.57685811 -1.51952775 -1.46832884 -1.43146390 
1.87381742e-01 -1.64753367 -1.57685811 -1.51952775 -1.46832884 -1.43146390 
1.51991108e-01 -1.64753367 -1.57685811 -1.51952775 -1.46832884 -1.43146390 
1.23284674e-01 -1.64753367 -1.57685811 -1.51952775 -1.46832884 -1.43146390 
1.00000000e-01 -1.64753367 -1.57685811 -1.51952775 -1.46832884 -1.43146390 
8.11130831e-02 -1.64753367 -1.57685811 -1.51952775 -1.46832884 -1.43146390 
6.57933225e-02 -1.64753367 -1.57685811 -1.51952775 -1.46832884 -1.43146390 
5.33669923e-02 -1.64753367 -1.57685811 -1.51952775 -1.46832884 -1.43146390 
4.32876128e-02 -1.64753367 -1.57685811 -1.51952775 -1.46832884 -1.43146390 
3.51119173e-02 -1.64753367 -1.57685811 -1.51952775 -1.46832884 -1.43146390 
2.84803587e-02 -1.64753367 -1.57685811 -1.51952775 -1.46832884 -1.43146390 
2.31012970e-02 -1.64753367 -1.57685811 -1.51952775 -1.46832884 -1.43146390 
1.87381742e-02 -1.64753367 -1.57685811 -1.51952775 -1.46832884 -1.43146390 
1.51991108e-02 -1.64753367 -1.57685811 -1.51952775 -1.46832884 -1.43146390 
1.23284674e-02 -1.64753367 -1.57685811 -1.51952775 -1.46832884 -1.43146390 
1.00000000e-02 -1.64753367 -1.57685811 -1.51952775 -1.46832884 -1.43146390 
8.11130831e-03 -1.64753367 -1.57685811 -1.51952775 -1.46832884 -1.43146390 
6.57933225e-03 -1.64753367 -1.57685811 -1.51952775 -1.46832884 -1.43146390 
5.33669923e-03 -1.64753367 -1.57685811 -1.51952775 -1.46832884 -1.43146390 
4.32876128e-03 -1.64753367 -1.57685811 -1.51952775 -1.46832884 -1.43146390 
3.51119173e-03 -1.64753367 -1.57685811 -1.51952775 -1.46832884 -1.43146390 
2.84803587e-03 -1.64753367 -1.57685811 -1.51952775 -1.46832884 -1.43146390 
2.31012970e-03 -1.64753367 -1.57685811 -1.51952775 -1.46832884 -1.43146390 
1.87381742e-03 -1.64753367 -1.57685811 -1.51952775 -1.46832884 -1.43146390 
1.51991108e-03 -1.64753367 -1.57685811 -1.51952775 -1.46832884 -1.43146390 
1.23284674e-03 -1.64753367 -1.57685811 -1.51952775 -1.46832884 -1.43146390 
1.00000000e-03 -1.64753367 -1.57685811 -1.51952775 -1.46832884 -1.43146390 
8.11130831e-04 -1.64753367 -1.57685811 -1.51952775 -1.46832884 -1.43146390 
6.57933225e-04 -1.64753367 -1.57685811 -1.51952775 -1.46832884 -1.43146390 
5.33669923e-04 -1.64753367 -1.57685811 -1.51952775 -1.46832884 -1.43146390 
4.32876128e-04 -1.64753367 -1.57685811 -1.51952775 -1.46832884 -1.43146390 
3.51119173e-04 -1.64753367 -1.57685811 -1.51952775 -1.46832884 -1.43146390 
2.84803587e-04 -1.64753367 -1.57685811 -1.51952775 -1.46832884 -1.43146390 
2.31012970e-04 -1.64753367 -1.57685811 -1.51952775 -1.46832884 -1.43146390 
1.87381742e-04 -1.64753367 -1.57685811 -1.51952775 -1.46832884 -1.43146390 
1.51991108e-04 -1.64753367 -1.57685811 -1.51952775 -1.46832884 -1.43146390 
1.23284674e-04 -1.64753367 -1.57685811 -1.51952775 -1.46832884 -1.43146390 
1.00000000e-04 -1.64753367 -1.57685811 -1.51952775 -1.46832884 -1.43146390 
8.11130831e-05 -1.64753367 -1.57685811 -1.51952775 -1.46832884 -1.43146390 
6.57933225e-05 -1.64753367 -1.57685811 -1.51952775 -1.46832884 -1.43146390 
5.33669923e-05 -1.64753367 -1.57685811 -1.51952775 -1.46832884 -1.43146390 
4.32876128e-05 -1.64753367 -1.57685811 -1.51952775 -1.46832884 -1.43146390 
3.51119173e-05 -1.64753367 -1.57685811 -1.51952775 -1.46832884 -1.43146390 
2.84803587e-05 -1.64753367 -1.57685811 -1.51952775 -1.46832884 -1.43146390 
2.31012970e-05 -1.64753367 -1.57685811 -1.51952775 -1.46832884 -1.43146390 
1.87381742e-05 -1.64753367 -1.57685811 -1.51952775 -1.46832884 -1.43146390 
1.51991108e-05 -1.64753367 -1.57685811 -1.51952775 -1.46832884 -1.43146390 
1.23284674e-05 -1.64753367 -1.57685811 -1.51952775 -1.46832884 -1.43146390 
1.00000000e-05 -1.64753367 -1.57685811 -1.51952775 -1.46832884 -1.43146390 
8.11130831e-06 -1.64753367 -1.57685811 -1.51952775 -1.46832884 -1.43146390 
6.57933225e-06 -1.64753367 -1.57685811 -1.51952775 -1.46832884 -1.43146390 
5.33669923e-06 -1.64753367 -1.57685811 -1.51952775 -1.46832884 -1.43146390 
4.32876128e-06 -1.64753367 -1.57685811 -1.51952775 -1.46832884 -1.43146390 
3.51119173e-06 -1.64753367 -1.57685811 -1.51952775 -1.46832884 -1.43146390 
2.84803587e-06 -1.64753367 -1.57685811 -1.51952775 -1.46832884 -1.43146390 
2.31012970e-06 -1.64753367 -1.57685811 -1.51952775 -1.46832884 -1.43146390 
1.87381742e-06 -1.64753367 -1.57685811 -1.51952775 -1.46832884 -1.43146390 
1.51991108e-06 -1.64753367 -1.57685811 -1.51952775 -1.46832884 -1.43146390 
1.23284674e-06 -1.64753367 -1.57685811 -1.51952775 -1.46832884 -1.43146390 
1.00000000e-06 -1.64753367 -1.57685811 -1.51952775 -1.46832884 -1.43146390 
8.11130831e-07 -1.64753367 -1.57685811 -1.51952775 -1.46832884 -1.43146390 
6.57933225e-07 -1.64753367 -1.57685811 -1.51952775 -1.46832884 -1.43146390 
5.33669923e-07 -1.64753367 -1.57685811 -1.51952775 -1.46832884 -1.43146390 
4.32876128e-07 -1.64753367 -1.57685811 -1.51952775 -1.46832884 -1.43146390 
3.51119173e-07 -1.64753367 -1.57685811 -1.51952775 -1.46832884 -1.43146390 
2.84803587e-07 -1.64753367 -1.57685811 -1.51952775 -1.46832884 -1.43146390 
2.31012970e-07 -1.64753367 -1.57685811 -1.51952775 -1.46832884 -1.43146390 
1.87381742e-07 -1.64753367 -1.57685811 -1.51952775 -1.46832884 -1.43146390 
1.51991108e-07 -1.64753367 -1.57685811 -1.51952775 -1.46832884 -1.43146390 
1.23284674e-07 -1.64753367 -1.57685811 -1.51952775 -1.46832884 -1.43146390 
1.00000000e-07 -1.64753367 -1.57685811 -1.51952775 -1.46832884 -1.43146390 
P (bar) | log_NH3: -2σ | log_NH3: -1σ | log_NH3: median | log_NH3: +1σ | log_NH3: +2σ 
1.00000000e+02 -8.86969513 -8.33616255 -7.20971100 -6.14171937 -5.44003830 
8.11130831e+01 -8.86969513 -8.33616255 -7.20971100 -6.14171937 -5.44003830 
6.57933225e+01 -8.86969513 -8.33616255 -7.20971100 -6.14171937 -5.44003830 
5.33669923e+01 -8.86969513 -8.33616255 -7.20971100 -6.14171937 -5.44003830 
4.32876128e+01 -8.86969513 -8.33616255 -7.20971100 -6.14171937 -5.44003830 
3.51119173e+01 -8.86969513 -8.33616255 -7.20971100 -6.14171937 -5.44003830 
2.84803587e+01 -8.86969513 -8.33616255 -7.20971100 -6.14171937 -5.44003830 
2.31012970e+01 -8.86969513 -8.33616255 -7.20971100 -6.14171937 -5.44003830 
1.87381742e+01 -8.86969513 -8.33616255 -7.20971100 -6.14171937 -5.44003830 
1.51991108e+01 -8.86969513 -8.33616255 -7.20971100 -6.14171937 -5.44003830 
1.23284674e+01 -8.86969513 -8.33616255 -7.20971100 -6.14171937 -5.44003830 
1.00000000e+01 -8.86969513 -8.33616255 -7.20971100 -6.14171937 -5.44003830 
8.11130831e+00 -8.86969513 -8.33616255 -7.20971100 -6.14171937 -5.44003830 
6.57933225e+00 -8.86969513 -8.33616255 -7.20971100 -6.14171937 -5.44003830 
5.33669923e+00 -8.86969513 -8.33616255 -7.20971100 -6.14171937 -5.44003830 
4.32876128e+00 -8.86969513 -8.33616255 -7.20971100 -6.14171937 -5.44003830 
3.51119173e+00 -8.86969513 -8.33616255 -7.20971100 -6.14171937 -5.44003830 
2.84803587e+00 -8.86969513 -8.33616255 -7.20971100 -6.14171937 -5.44003830 
2.31012970e+00 -8.86969513 -8.33616255 -7.20971100 -6.14171937 -5.44003830 
1.87381742e+00 -8.86969513 -8.33616255 -7.20971100 -6.14171937 -5.44003830 
1.51991108e+00 -8.86969513 -8.33616255 -7.20971100 -6.14171937 -5.44003830 
1.23284674e+00 -8.86969513 -8.33616255 -7.20971100 -6.14171937 -5.44003830 
1.00000000e+00 -8.86969513 -8.33616255 -7.20971100 -6.14171937 -5.44003830 
8.11130831e-01 -8.86969513 -8.33616255 -7.20971100 -6.14171937 -5.44003830 
6.57933225e-01 -8.86969513 -8.33616255 -7.20971100 -6.14171937 -5.44003830 
5.33669923e-01 -8.86969513 -8.33616255 -7.20971100 -6.14171937 -5.44003830 
4.32876128e-01 -8.86969513 -8.33616255 -7.20971100 -6.14171937 -5.44003830 
3.51119173e-01 -8.86969513 -8.33616255 -7.20971100 -6.14171937 -5.44003830 
2.84803587e-01 -8.86969513 -8.33616255 -7.20971100 -6.14171937 -5.44003830 
2.31012970e-01 -8.86969513 -8.33616255 -7.20971100 -6.14171937 -5.44003830 
1.87381742e-01 -8.86969513 -8.33616255 -7.20971100 -6.14171937 -5.44003830 
1.51991108e-01 -8.86969513 -8.33616255 -7.20971100 -6.14171937 -5.44003830 
1.23284674e-01 -8.86969513 -8.33616255 -7.20971100 -6.14171937 -5.44003830 
1.00000000e-01 -8.86969513 -8.33616255 -7.20971100 -6.14171937 -5.44003830 
8.11130831e-02 -8.86969513 -8.33616255 -7.20971100 -6.14171937 -5.44003830 
6.57933225e-02 -8.86969513 -8.33616255 -7.20971100 -6.14171937 -5.44003830 
5.33669923e-02 -8.86969513 -8.33616255 -7.20971100 -6.14171937 -5.44003830 
4.32876128e-02 -8.86969513 -8.33616255 -7.20971100 -6.14171937 -5.44003830 
3.51119173e-02 -8.86969513 -8.33616255 -7.20971100 -6.14171937 -5.44003830 
2.84803587e-02 -8.86969513 -8.33616255 -7.20971100 -6.14171937 -5.44003830 
2.31012970e-02 -8.86969513 -8.33616255 -7.20971100 -6.14171937 -5.44003830 
1.87381742e-02 -8.86969513 -8.33616255 -7.20971100 -6.14171937 -5.44003830 
1.51991108e-02 -8.86969513 -8.33616255 -7.20971100 -6.14171937 -5.44003830 
1.23284674e-02 -8.86969513 -8.33616255 -7.20971100 -6.14171937 -5.44003830 
1.00000000e-02 -8.86969513 -8.33616255 -7.20971100 -6.14171937 -5.44003830 
8.11130831e-03 -8.86969513 -8.33616255 -7.20971100 -6.14171937 -5.44003830 
6.57933225e-03 -8.86969513 -8.33616255 -7.20971100 -6.14171937 -5.44003830 
5.33669923e-03 -8.86969513 -8.33616255 -7.20971100 -6.14171937 -5.44003830 
4.32876128e-03 -8.86969513 -8.33616255 -7.20971100 -6.14171937 -5.44003830 
3.51119173e-03 -8.86969513 -8.33616255 -7.20971100 -6.14171937 -5.44003830 
2.84803587e-03 -8.86969513 -8.33616255 -7.20971100 -6.14171937 -5.44003830 
2.31012970e-03 -8.86969513 -8.33616255 -7.20971100 -6.14171937 -5.44003830 
1.87381742e-03 -8.86969513 -8.33616255 -7.20971100 -6.14171937 -5.44003830 
1.51991108e-03 -8.86969513 -8.33616255 -7.20971100 -6.14171937 -5.44003830 
1.23284674e-03 -8.86969513 -8.33616255 -7.20971100 -6.14171937 -5.44003830 
1.00000000e-03 -8.86969513 -8.33616255 -7.20971100 -6.14171937 -5.44003830 
8.11130831e-04 -8.86969513 -8.33616255 -7.20971100 -6.14171937 -5.44003830 
6.57933225e-04 -8.86969513 -8.33616255 -7.20971100 -6.14171937 -5.44003830 
5.33669923e-04 -8.86969513 -8.33616255 -7.20971100 -6.14171937 -5.44003830 
4.32876128e-04 -8.86969513 -8.33616255 -7.20971100 -6.14171937 -5.44003830 
3.51119173e-04 -8.86969513 -8.33616255 -7.20971100 -6.14171937 -5.44003830 
2.84803587e-04 -8.86969513 -8.33616255 -7.20971100 -6.14171937 -5.44003830 
2.31012970e-04 -8.86969513 -8.33616255 -7.20971100 -6.14171937 -5.44003830 
1.87381742e-04 -8.86969513 -8.33616255 -7.20971100 -6.14171937 -5.44003830 
1.51991108e-04 -8.86969513 -8.33616255 -7.20971100 -6.14171937 -5.44003830 
1.23284674e-04 -8.86969513 -8.33616255 -7.20971100 -6.14171937 -5.44003830 
1.00000000e-04 -8.86969513 -8.33616255 -7.20971100 -6.14171937 -5.44003830 
8.11130831e-05 -8.86969513 -8.33616255 -7.20971100 -6.14171937 -5.44003830 
6.57933225e-05 -8.86969513 -8.33616255 -7.20971100 -6.14171937 -5.44003830 
5.33669923e-05 -8.86969513 -8.33616255 -7.20971100 -6.14171937 -5.44003830 
4.32876128e-05 -8.86969513 -8.33616255 -7.20971100 -6.14171937 -5.44003830 
3.51119173e-05 -8.86969513 -8.33616255 -7.20971100 -6.14171937 -5.44003830 
2.84803587e-05 -8.86969513 -8.33616255 -7.20971100 -6.14171937 -5.44003830 
2.31012970e-05 -8.86969513 -8.33616255 -7.20971100 -6.14171937 -5.44003830 
1.87381742e-05 -8.86969513 -8.33616255 -7.20971100 -6.14171937 -5.44003830 
1.51991108e-05 -8.86969513 -8.33616255 -7.20971100 -6.14171937 -5.44003830 
1.23284674e-05 -8.86969513 -8.33616255 -7.20971100 -6.14171937 -5.44003830 
1.00000000e-05 -8.86969513 -8.33616255 -7.20971100 -6.14171937 -5.44003830 
8.11130831e-06 -8.86969513 -8.33616255 -7.20971100 -6.14171937 -5.44003830 
6.57933225e-06 -8.86969513 -8.33616255 -7.20971100 -6.14171937 -5.44003830 
5.33669923e-06 -8.86969513 -8.33616255 -7.20971100 -6.14171937 -5.44003830 
4.32876128e-06 -8.86969513 -8.33616255 -7.20971100 -6.14171937 -5.44003830 
3.51119173e-06 -8.86969513 -8.33616255 -7.20971100 -6.14171937 -5.44003830 
2.84803587e-06 -8.86969513 -8.33616255 -7.20971100 -6.14171937 -5.44003830 
2.31012970e-06 -8.86969513 -8.33616255 -7.20971100 -6.14171937 -5.44003830 
1.87381742e-06 -8.86969513 -8.33616255 -7.20971100 -6.14171937 -5.44003830 
1.51991108e-06 -8.86969513 -8.33616255 -7.20971100 -6.14171937 -5.44003830 
1.23284674e-06 -8.86969513 -8.33616255 -7.20971100 -6.14171937 -5.44003830 
1.00000000e-06 -8.86969513 -8.33616255 -7.20971100 -6.14171937 -5.44003830 
8.11130831e-07 -8.86969513 -8.33616255 -7.20971100 -6.14171937 -5.44003830 
6.57933225e-07 -8.86969513 -8.33616255 -7.20971100 -6.14171937 -5.44003830 
5.33669923e-07 -8.86969513 -8.33616255 -7.20971100 -6.14171937 -5.44003830 
4.32876128e-07 -8.86969513 -8.33616255 -7.20971100 -6.14171937 -5.44003830 
3.51119173e-07 -8.86969513 -8.33616255 -7.20971100 -6.14171937 -5.44003830 
2.84803587e-07 -8.86969513 -8.33616255 -7.20971100 -6.14171937 -5.44003830 
2.31012970e-07 -8.86969513 -8.33616255 -7.20971100 -6.14171937 -5.44003830 
1.87381742e-07 -8.86969513 -8.33616255 -7.20971100 -6.14171937 -5.44003830 
1.51991108e-07 -8.86969513 -8.33616255 -7.20971100 -6.14171937 -5.44003830 
1.23284674e-07 -8.86969513 -8.33616255 -7.20971100 -6.14171937 -5.44003830 
1.00000000e-07 -8.86969513 -8.33616255 -7.20971100 -6.14171937 -5.44003830 
P (bar) | log_CH4: -2σ | log_CH4: -1σ | log_CH4: median | log_CH4: +1σ | log_CH4: +2σ 
1.00000000e+02 -4.12445147 -4.04443515 -3.97320499 -3.90633075 -3.84342285 
8.11130831e+01 -4.12445147 -4.04443515 -3.97320499 -3.90633075 -3.84342285 
6.57933225e+01 -4.12445147 -4.04443515 -3.97320499 -3.90633075 -3.84342285 
5.33669923e+01 -4.12445147 -4.04443515 -3.97320499 -3.90633075 -3.84342285 
4.32876128e+01 -4.12445147 -4.04443515 -3.97320499 -3.90633075 -3.84342285 
3.51119173e+01 -4.12445147 -4.04443515 -3.97320499 -3.90633075 -3.84342285 
2.84803587e+01 -4.12445147 -4.04443515 -3.97320499 -3.90633075 -3.84342285 
2.31012970e+01 -4.12445147 -4.04443515 -3.97320499 -3.90633075 -3.84342285 
1.87381742e+01 -4.12445147 -4.04443515 -3.97320499 -3.90633075 -3.84342285 
1.51991108e+01 -4.12445147 -4.04443515 -3.97320499 -3.90633075 -3.84342285 
1.23284674e+01 -4.12445147 -4.04443515 -3.97320499 -3.90633075 -3.84342285 
1.00000000e+01 -4.12445147 -4.04443515 -3.97320499 -3.90633075 -3.84342285 
8.11130831e+00 -4.12445147 -4.04443515 -3.97320499 -3.90633075 -3.84342285 
6.57933225e+00 -4.12445147 -4.04443515 -3.97320499 -3.90633075 -3.84342285 
5.33669923e+00 -4.12445147 -4.04443515 -3.97320499 -3.90633075 -3.84342285 
4.32876128e+00 -4.12445147 -4.04443515 -3.97320499 -3.90633075 -3.84342285 
3.51119173e+00 -4.12445147 -4.04443515 -3.97320499 -3.90633075 -3.84342285 
2.84803587e+00 -4.12445147 -4.04443515 -3.97320499 -3.90633075 -3.84342285 
2.31012970e+00 -4.12445147 -4.04443515 -3.97320499 -3.90633075 -3.84342285 
1.87381742e+00 -4.12445147 -4.04443515 -3.97320499 -3.90633075 -3.84342285 
1.51991108e+00 -4.12445147 -4.04443515 -3.97320499 -3.90633075 -3.84342285 
1.23284674e+00 -4.12445147 -4.04443515 -3.97320499 -3.90633075 -3.84342285 
1.00000000e+00 -4.12445147 -4.04443515 -3.97320499 -3.90633075 -3.84342285 
8.11130831e-01 -4.12445147 -4.04443515 -3.97320499 -3.90633075 -3.84342285 
6.57933225e-01 -4.12445147 -4.04443515 -3.97320499 -3.90633075 -3.84342285 
5.33669923e-01 -4.12445147 -4.04443515 -3.97320499 -3.90633075 -3.84342285 
4.32876128e-01 -4.12445147 -4.04443515 -3.97320499 -3.90633075 -3.84342285 
3.51119173e-01 -4.12445147 -4.04443515 -3.97320499 -3.90633075 -3.84342285 
2.84803587e-01 -4.12445147 -4.04443515 -3.97320499 -3.90633075 -3.84342285 
2.31012970e-01 -4.12445147 -4.04443515 -3.97320499 -3.90633075 -3.84342285 
1.87381742e-01 -4.12445147 -4.04443515 -3.97320499 -3.90633075 -3.84342285 
1.51991108e-01 -4.12445147 -4.04443515 -3.97320499 -3.90633075 -3.84342285 
1.23284674e-01 -4.12445147 -4.04443515 -3.97320499 -3.90633075 -3.84342285 
1.00000000e-01 -4.12445147 -4.04443515 -3.97320499 -3.90633075 -3.84342285 
8.11130831e-02 -4.12445147 -4.04443515 -3.97320499 -3.90633075 -3.84342285 
6.57933225e-02 -4.12445147 -4.04443515 -3.97320499 -3.90633075 -3.84342285 
5.33669923e-02 -4.12445147 -4.04443515 -3.97320499 -3.90633075 -3.84342285 
4.32876128e-02 -4.12445147 -4.04443515 -3.97320499 -3.90633075 -3.84342285 
3.51119173e-02 -4.12445147 -4.04443515 -3.97320499 -3.90633075 -3.84342285 
2.84803587e-02 -4.12445147 -4.04443515 -3.97320499 -3.90633075 -3.84342285 
2.31012970e-02 -4.12445147 -4.04443515 -3.97320499 -3.90633075 -3.84342285 
1.87381742e-02 -4.12445147 -4.04443515 -3.97320499 -3.90633075 -3.84342285 
1.51991108e-02 -4.12445147 -4.04443515 -3.97320499 -3.90633075 -3.84342285 
1.23284674e-02 -4.12445147 -4.04443515 -3.97320499 -3.90633075 -3.84342285 
1.00000000e-02 -4.12445147 -4.04443515 -3.97320499 -3.90633075 -3.84342285 
8.11130831e-03 -4.12445147 -4.04443515 -3.97320499 -3.90633075 -3.84342285 
6.57933225e-03 -4.12445147 -4.04443515 -3.97320499 -3.90633075 -3.84342285 
5.33669923e-03 -4.12445147 -4.04443515 -3.97320499 -3.90633075 -3.84342285 
4.32876128e-03 -4.12445147 -4.04443515 -3.97320499 -3.90633075 -3.84342285 
3.51119173e-03 -4.12445147 -4.04443515 -3.97320499 -3.90633075 -3.84342285 
2.84803587e-03 -4.12445147 -4.04443515 -3.97320499 -3.90633075 -3.84342285 
2.31012970e-03 -4.12445147 -4.04443515 -3.97320499 -3.90633075 -3.84342285 
1.87381742e-03 -4.12445147 -4.04443515 -3.97320499 -3.90633075 -3.84342285 
1.51991108e-03 -4.12445147 -4.04443515 -3.97320499 -3.90633075 -3.84342285 
1.23284674e-03 -4.12445147 -4.04443515 -3.97320499 -3.90633075 -3.84342285 
1.00000000e-03 -4.12445147 -4.04443515 -3.97320499 -3.90633075 -3.84342285 
8.11130831e-04 -4.12445147 -4.04443515 -3.97320499 -3.90633075 -3.84342285 
6.57933225e-04 -4.12445147 -4.04443515 -3.97320499 -3.90633075 -3.84342285 
5.33669923e-04 -4.12445147 -4.04443515 -3.97320499 -3.90633075 -3.84342285 
4.32876128e-04 -4.12445147 -4.04443515 -3.97320499 -3.90633075 -3.84342285 
3.51119173e-04 -4.12445147 -4.04443515 -3.97320499 -3.90633075 -3.84342285 
2.84803587e-04 -4.12445147 -4.04443515 -3.97320499 -3.90633075 -3.84342285 
2.31012970e-04 -4.12445147 -4.04443515 -3.97320499 -3.90633075 -3.84342285 
1.87381742e-04 -4.12445147 -4.04443515 -3.97320499 -3.90633075 -3.84342285 
1.51991108e-04 -4.12445147 -4.04443515 -3.97320499 -3.90633075 -3.84342285 
1.23284674e-04 -4.12445147 -4.04443515 -3.97320499 -3.90633075 -3.84342285 
1.00000000e-04 -4.12445147 -4.04443515 -3.97320499 -3.90633075 -3.84342285 
8.11130831e-05 -4.12445147 -4.04443515 -3.97320499 -3.90633075 -3.84342285 
6.57933225e-05 -4.12445147 -4.04443515 -3.97320499 -3.90633075 -3.84342285 
5.33669923e-05 -4.12445147 -4.04443515 -3.97320499 -3.90633075 -3.84342285 
4.32876128e-05 -4.12445147 -4.04443515 -3.97320499 -3.90633075 -3.84342285 
3.51119173e-05 -4.12445147 -4.04443515 -3.97320499 -3.90633075 -3.84342285 
2.84803587e-05 -4.12445147 -4.04443515 -3.97320499 -3.90633075 -3.84342285 
2.31012970e-05 -4.12445147 -4.04443515 -3.97320499 -3.90633075 -3.84342285 
1.87381742e-05 -4.12445147 -4.04443515 -3.97320499 -3.90633075 -3.84342285 
1.51991108e-05 -4.12445147 -4.04443515 -3.97320499 -3.90633075 -3.84342285 
1.23284674e-05 -4.12445147 -4.04443515 -3.97320499 -3.90633075 -3.84342285 
1.00000000e-05 -4.12445147 -4.04443515 -3.97320499 -3.90633075 -3.84342285 
8.11130831e-06 -4.12445147 -4.04443515 -3.97320499 -3.90633075 -3.84342285 
6.57933225e-06 -4.12445147 -4.04443515 -3.97320499 -3.90633075 -3.84342285 
5.33669923e-06 -4.12445147 -4.04443515 -3.97320499 -3.90633075 -3.84342285 
4.32876128e-06 -4.12445147 -4.04443515 -3.97320499 -3.90633075 -3.84342285 
3.51119173e-06 -4.12445147 -4.04443515 -3.97320499 -3.90633075 -3.84342285 
2.84803587e-06 -4.12445147 -4.04443515 -3.97320499 -3.90633075 -3.84342285 
2.31012970e-06 -4.12445147 -4.04443515 -3.97320499 -3.90633075 -3.84342285 
1.87381742e-06 -4.12445147 -4.04443515 -3.97320499 -3.90633075 -3.84342285 
1.51991108e-06 -4.12445147 -4.04443515 -3.97320499 -3.90633075 -3.84342285 
1.23284674e-06 -4.12445147 -4.04443515 -3.97320499 -3.90633075 -3.84342285 
1.00000000e-06 -4.12445147 -4.04443515 -3.97320499 -3.90633075 -3.84342285 
8.11130831e-07 -4.12445147 -4.04443515 -3.97320499 -3.90633075 -3.84342285 
6.57933225e-07 -4.12445147 -4.04443515 -3.97320499 -3.90633075 -3.84342285 
5.33669923e-07 -4.12445147 -4.04443515 -3.97320499 -3.90633075 -3.84342285 
4.32876128e-07 -4.12445147 -4.04443515 -3.97320499 -3.90633075 -3.84342285 
3.51119173e-07 -4.12445147 -4.04443515 -3.97320499 -3.90633075 -3.84342285 
2.84803587e-07 -4.12445147 -4.04443515 -3.97320499 -3.90633075 -3.84342285 
2.31012970e-07 -4.12445147 -4.04443515 -3.97320499 -3.90633075 -3.84342285 
1.87381742e-07 -4.12445147 -4.04443515 -3.97320499 -3.90633075 -3.84342285 
1.51991108e-07 -4.12445147 -4.04443515 -3.97320499 -3.90633075 -3.84342285 
1.23284674e-07 -4.12445147 -4.04443515 -3.97320499 -3.90633075 -3.84342285 
1.00000000e-07 -4.12445147 -4.04443515 -3.97320499 -3.90633075 -3.84342285 
