P (bar) | T: -2σ | T: -1σ  | T: median | T: +1σ | T: +2σ 
1.00000000e+02 6.88304908e+02 9.36880428e+02 1.20387149e+03 1.43817229e+03 1.64597567e+03 
8.11130831e+01 6.88306168e+02 9.36880881e+02 1.20387052e+03 1.43817073e+03 1.64597291e+03 
6.57933225e+01 6.88310592e+02 9.36882472e+02 1.20386712e+03 1.43816526e+03 1.64596325e+03 
5.33669923e+01 6.88324109e+02 9.36887331e+02 1.20385671e+03 1.43814854e+03 1.64593370e+03 
4.32876128e+01 6.88361005e+02 9.36900596e+02 1.20382829e+03 1.43810291e+03 1.64585307e+03 
3.51119173e+01 6.88451699e+02 9.36933202e+02 1.20375844e+03 1.43799075e+03 1.64565485e+03 
2.84803587e+01 6.88653161e+02 9.37005630e+02 1.20360328e+03 1.43774160e+03 1.64521456e+03 
2.31012970e+01 6.89058712e+02 9.37151430e+02 1.20329093e+03 1.43724005e+03 1.64432822e+03 
1.87381742e+01 6.89800747e+02 9.37418201e+02 1.20271943e+03 1.43629100e+03 1.64270649e+03 
1.51991108e+01 6.91039211e+02 9.37863445e+02 1.20176559e+03 1.43465593e+03 1.63999981e+03 
1.23284674e+01 6.92933059e+02 9.38677742e+02 1.20030699e+03 1.43215559e+03 1.63586078e+03 
1.00000000e+01 6.95601149e+02 9.39654011e+02 1.19825209e+03 1.42851841e+03 1.63002963e+03 
8.11130831e+00 6.99096919e+02 9.40462273e+02 1.19598186e+03 1.42312012e+03 1.62240969e+03 
6.57933225e+00 7.03794926e+02 9.41450022e+02 1.19284854e+03 1.41606313e+03 1.61309764e+03 
5.33669923e+00 7.09215564e+02 9.42589703e+02 1.18954280e+03 1.40878042e+03 1.60235323e+03 
4.32876128e+00 7.15183571e+02 9.43889242e+02 1.18618223e+03 1.40103945e+03 1.59052388e+03 
3.51119173e+00 7.21522588e+02 9.45328056e+02 1.18188228e+03 1.39302573e+03 1.57795913e+03 
2.84803587e+00 7.28775765e+02 9.46817946e+02 1.17752140e+03 1.38597682e+03 1.56491095e+03 
2.31012970e+00 7.36468355e+02 9.48171027e+02 1.17297325e+03 1.37869533e+03 1.55169547e+03 
1.87381742e+00 7.44229192e+02 9.49418416e+02 1.16826689e+03 1.37058681e+03 1.53832502e+03 
1.51991108e+00 7.51521377e+02 9.50531841e+02 1.16283806e+03 1.36152953e+03 1.52399213e+03 
1.23284674e+00 7.57311473e+02 9.52168036e+02 1.15932938e+03 1.35268159e+03 1.51146031e+03 
1.00000000e+00 7.62683531e+02 9.53478394e+02 1.15544379e+03 1.34364243e+03 1.49801372e+03 
8.11130831e-01 7.68641568e+02 9.55199443e+02 1.15147888e+03 1.33405059e+03 1.48543334e+03 
6.57933225e-01 7.75427750e+02 9.56774462e+02 1.14801200e+03 1.32443591e+03 1.47224503e+03 
5.33669923e-01 7.82213931e+02 9.58679032e+02 1.14414805e+03 1.31454341e+03 1.45766107e+03 
4.32876128e-01 7.89000112e+02 9.60434417e+02 1.13947655e+03 1.30482461e+03 1.44420998e+03 
3.51119173e-01 7.95786294e+02 9.63205810e+02 1.13661609e+03 1.29585250e+03 1.43012507e+03 
2.84803587e-01 8.02572475e+02 9.65745201e+02 1.13251409e+03 1.28664094e+03 1.41626269e+03 
2.31012970e-01 8.09358656e+02 9.68118955e+02 1.12941027e+03 1.27811531e+03 1.40383673e+03 
1.87381742e-01 8.16144838e+02 9.70492709e+02 1.12515756e+03 1.26843983e+03 1.38985627e+03 
1.51991108e-01 8.21822420e+02 9.72977094e+02 1.12309828e+03 1.25837804e+03 1.37587581e+03 
1.23284674e-01 8.27398317e+02 9.74735269e+02 1.11878910e+03 1.24902383e+03 1.36189535e+03 
1.00000000e-01 8.34433306e+02 9.77163594e+02 1.11518756e+03 1.23956583e+03 1.34856446e+03 
8.11130831e-02 8.40424338e+02 9.79214120e+02 1.11071978e+03 1.22972658e+03 1.33632022e+03 
6.57933225e-02 8.46391037e+02 9.80838969e+02 1.10740737e+03 1.22183404e+03 1.32421805e+03 
5.33669923e-02 8.52438053e+02 9.82781075e+02 1.10380649e+03 1.21288490e+03 1.31280053e+03 
4.32876128e-02 8.59230506e+02 9.84197824e+02 1.09999048e+03 1.20349867e+03 1.30006425e+03 
3.51119173e-02 8.66022959e+02 9.85442758e+02 1.09501211e+03 1.19387811e+03 1.28796027e+03 
2.84803587e-02 8.72815412e+02 9.86601413e+02 1.09035443e+03 1.18378864e+03 1.27510333e+03 
2.31012970e-02 8.79607865e+02 9.88486187e+02 1.08603070e+03 1.17428567e+03 1.26316075e+03 
1.87381742e-02 8.86400318e+02 9.89243077e+02 1.08139420e+03 1.16534856e+03 1.25068836e+03 
1.51991108e-02 8.93192771e+02 9.89991679e+02 1.07710697e+03 1.15524669e+03 1.23740624e+03 
1.23284674e-02 9.01186655e+02 9.91142846e+02 1.07234777e+03 1.14613878e+03 1.22331101e+03 
1.00000000e-02 9.09377861e+02 9.92069514e+02 1.06753961e+03 1.13799007e+03 1.20980517e+03 
8.11130831e-03 9.13570130e+02 9.92830703e+02 1.06234828e+03 1.12955195e+03 1.20138698e+03 
6.57933225e-03 9.20362583e+02 9.94639929e+02 1.05837378e+03 1.11897614e+03 1.19109417e+03 
5.33669923e-03 9.25722657e+02 9.95973997e+02 1.05392761e+03 1.11240882e+03 1.18162975e+03 
4.32876128e-03 9.31511450e+02 9.96631665e+02 1.04970501e+03 1.10469257e+03 1.17307571e+03 
3.51119173e-03 9.38148968e+02 9.96665625e+02 1.04568613e+03 1.09847301e+03 1.16452167e+03 
2.84803587e-03 9.44492708e+02 9.96753494e+02 1.04093345e+03 1.09119774e+03 1.15361796e+03 
2.31012970e-03 9.49519477e+02 9.95010698e+02 1.03618064e+03 1.08392805e+03 1.14273957e+03 
1.87381742e-03 9.53425374e+02 9.94632245e+02 1.03188306e+03 1.07665547e+03 1.13006234e+03 
1.51991108e-03 9.57002377e+02 9.93921429e+02 1.02782337e+03 1.07060827e+03 1.11619483e+03 
1.23284674e-03 9.59758309e+02 9.91844700e+02 1.02417457e+03 1.06444634e+03 1.10855757e+03 
1.00000000e-03 9.58819373e+02 9.89349942e+02 1.02012519e+03 1.05936093e+03 1.10487736e+03 
8.11130831e-04 9.56381353e+02 9.85982300e+02 1.01668511e+03 1.05582152e+03 1.10247470e+03 
6.57933225e-04 9.51862577e+02 9.81166230e+02 1.01331187e+03 1.05210807e+03 1.09774919e+03 
5.33669923e-04 9.44686444e+02 9.75747756e+02 1.01043422e+03 1.04866438e+03 1.09493179e+03 
4.32876128e-04 9.36833939e+02 9.68946283e+02 1.00804164e+03 1.04574351e+03 1.09143874e+03 
3.51119173e-04 9.26600428e+02 9.62759529e+02 1.00402893e+03 1.04435077e+03 1.09020452e+03 
2.84803587e-04 9.15777284e+02 9.55409145e+02 1.00161026e+03 1.04288470e+03 1.08831306e+03 
2.31012970e-04 9.07381818e+02 9.48250576e+02 9.97638459e+02 1.04327068e+03 1.08968556e+03 
1.87381742e-04 8.95481669e+02 9.39927466e+02 9.94264280e+02 1.04362299e+03 1.09131449e+03 
1.51991108e-04 8.85203827e+02 9.31444819e+02 9.89864691e+02 1.04520303e+03 1.09554840e+03 
1.23284674e-04 8.75098415e+02 9.23326851e+02 9.85860095e+02 1.04623027e+03 1.09822586e+03 
1.00000000e-04 8.62492909e+02 9.14952700e+02 9.82408191e+02 1.04722366e+03 1.10196338e+03 
8.11130831e-05 8.53023019e+02 9.06364556e+02 9.78541418e+02 1.04927281e+03 1.10635686e+03 
6.57933225e-05 8.41550207e+02 8.97201017e+02 9.75250130e+02 1.05053534e+03 1.11119617e+03 
5.33669923e-05 8.28098159e+02 8.87231360e+02 9.70760474e+02 1.05192310e+03 1.11589843e+03 
4.32876128e-05 8.14137003e+02 8.78946903e+02 9.65232694e+02 1.05505436e+03 1.12126158e+03 
3.51119173e-05 8.01414332e+02 8.70346245e+02 9.61759320e+02 1.05618904e+03 1.12920772e+03 
2.84803587e-05 7.88373975e+02 8.61726946e+02 9.57784334e+02 1.05793073e+03 1.13225818e+03 
2.31012970e-05 7.75780670e+02 8.54623609e+02 9.53425337e+02 1.05848366e+03 1.13917864e+03 
1.87381742e-05 7.63924428e+02 8.47380971e+02 9.50144587e+02 1.06003756e+03 1.14296366e+03 
1.51991108e-05 7.53446948e+02 8.39332670e+02 9.46980248e+02 1.06147558e+03 1.15018519e+03 
1.23284674e-05 7.43822387e+02 8.33134819e+02 9.44344014e+02 1.06194276e+03 1.15615708e+03 
1.00000000e-05 7.36353732e+02 8.28225278e+02 9.41291870e+02 1.06269551e+03 1.16023699e+03 
8.11130831e-06 7.31275950e+02 8.24403524e+02 9.39588196e+02 1.06279158e+03 1.16267681e+03 
6.57933225e-06 7.27692176e+02 8.21293274e+02 9.38613113e+02 1.06358251e+03 1.16582541e+03 
5.33669923e-06 7.25348600e+02 8.19306231e+02 9.37425800e+02 1.06401445e+03 1.16749191e+03 
4.32876128e-06 7.23944429e+02 8.18124241e+02 9.36877716e+02 1.06431045e+03 1.16816504e+03 
3.51119173e-06 7.23176996e+02 8.17374271e+02 9.36476458e+02 1.06447223e+03 1.16853294e+03 
2.84803587e-06 7.22795764e+02 8.17013463e+02 9.36318701e+02 1.06455260e+03 1.16871569e+03 
2.31012970e-06 7.22624142e+02 8.16851035e+02 9.36265588e+02 1.06458878e+03 1.16879797e+03 
1.87381742e-06 7.22554322e+02 8.16784955e+02 9.36243980e+02 1.06460350e+03 1.16883144e+03 
1.51991108e-06 7.22528744e+02 8.16760747e+02 9.36236065e+02 1.06460889e+03 1.16884370e+03 
1.23284674e-06 7.22520373e+02 8.16752824e+02 9.36233474e+02 1.06461065e+03 1.16884771e+03 
1.00000000e-06 7.22517989e+02 8.16750567e+02 9.36232736e+02 1.06461116e+03 1.16884885e+03 
8.11130831e-07 7.22517469e+02 8.16750076e+02 9.36232575e+02 1.06461126e+03 1.16884910e+03 
6.57933225e-07 7.22517469e+02 8.16750076e+02 9.36232575e+02 1.06461126e+03 1.16884910e+03 
5.33669923e-07 7.22517469e+02 8.16750076e+02 9.36232575e+02 1.06461126e+03 1.16884910e+03 
4.32876128e-07 7.22517469e+02 8.16750076e+02 9.36232575e+02 1.06461126e+03 1.16884910e+03 
3.51119173e-07 7.22517469e+02 8.16750076e+02 9.36232575e+02 1.06461126e+03 1.16884910e+03 
2.84803587e-07 7.22517469e+02 8.16750076e+02 9.36232575e+02 1.06461126e+03 1.16884910e+03 
2.31012970e-07 7.22517469e+02 8.16750076e+02 9.36232575e+02 1.06461126e+03 1.16884910e+03 
1.87381742e-07 7.22517469e+02 8.16750076e+02 9.36232575e+02 1.06461126e+03 1.16884910e+03 
1.51991108e-07 7.22517469e+02 8.16750076e+02 9.36232575e+02 1.06461126e+03 1.16884910e+03 
1.23284674e-07 7.22517469e+02 8.16750076e+02 9.36232575e+02 1.06461126e+03 1.16884910e+03 
1.00000000e-07 7.22517469e+02 8.16750076e+02 9.36232575e+02 1.06461126e+03 1.16884910e+03 
