Chemical species: H2 He H2O CO2 CO CH4 H2S
P (bar) | log_H2: -2σ | log_H2: -1σ | log_H2: median | log_H2: +1σ | log_H2: +2σ 
1.00000000e+02 -0.07088082 -0.07043778 -0.07002872 -0.06977374 -0.06955794 
8.11130831e+01 -0.07087459 -0.07042312 -0.07000853 -0.06975289 -0.06953512 
6.57933225e+01 -0.07086972 -0.07041380 -0.06999425 -0.06974063 -0.06952308 
5.33669923e+01 -0.07086872 -0.07040520 -0.06999228 -0.06972571 -0.06947751 
4.32876128e+01 -0.07086373 -0.07039583 -0.06998392 -0.06972356 -0.06945927 
3.51119173e+01 -0.07085442 -0.07038945 -0.06998918 -0.06973137 -0.06944873 
2.84803587e+01 -0.07085146 -0.07038228 -0.06997557 -0.06971410 -0.06942481 
2.31012970e+01 -0.07084628 -0.07037335 -0.06995551 -0.06967556 -0.06940024 
1.87381742e+01 -0.07084430 -0.07036433 -0.06994413 -0.06965666 -0.06937581 
1.51991108e+01 -0.07084162 -0.07035490 -0.06993711 -0.06963636 -0.06935756 
1.23284674e+01 -0.07083111 -0.07035029 -0.06993757 -0.06963572 -0.06935059 
1.00000000e+01 -0.07082065 -0.07035474 -0.06994636 -0.06964069 -0.06934851 
8.11130831e+00 -0.07080860 -0.07032930 -0.06991521 -0.06960798 -0.06933156 
6.57933225e+00 -0.07080320 -0.07031475 -0.06988863 -0.06957757 -0.06931592 
5.33669923e+00 -0.07079808 -0.07030884 -0.06987416 -0.06955954 -0.06930672 
4.32876128e+00 -0.07078699 -0.07030329 -0.06986546 -0.06955036 -0.06929955 
3.51119173e+00 -0.07077412 -0.07029643 -0.06986796 -0.06954979 -0.06929765 
2.84803587e+00 -0.07075943 -0.07028353 -0.06985623 -0.06954518 -0.06929445 
2.31012970e+00 -0.07074144 -0.07026231 -0.06983053 -0.06952505 -0.06928066 
1.87381742e+00 -0.07072421 -0.07024593 -0.06980953 -0.06950632 -0.06927907 
1.51991108e+00 -0.07070962 -0.07023330 -0.06979499 -0.06949580 -0.06927173 
1.23284674e+00 -0.07070537 -0.07022462 -0.06979174 -0.06949515 -0.06927123 
1.00000000e+00 -0.07070414 -0.07023222 -0.06979936 -0.06950094 -0.06927095 
8.11130831e-01 -0.07070081 -0.07018450 -0.06976921 -0.06948430 -0.06927051 
6.57933225e-01 -0.07068812 -0.07015239 -0.06974610 -0.06947233 -0.06927016 
5.33669923e-01 -0.07068013 -0.07012832 -0.06973893 -0.06946081 -0.06926816 
4.32876128e-01 -0.07067313 -0.07011161 -0.06973185 -0.06945791 -0.06926704 
3.51119173e-01 -0.07066836 -0.07010920 -0.06973271 -0.06946257 -0.06926679 
2.84803587e-01 -0.07064706 -0.07009343 -0.06972718 -0.06946263 -0.06926660 
2.31012970e-01 -0.07058810 -0.07006352 -0.06970552 -0.06945439 -0.06926604 
1.87381742e-01 -0.07053840 -0.07004025 -0.06969577 -0.06945039 -0.06926569 
1.51991108e-01 -0.07050774 -0.07002562 -0.06969183 -0.06944884 -0.06926552 
1.23284674e-01 -0.07051995 -0.07002386 -0.06969602 -0.06945012 -0.06926554 
1.00000000e-01 -0.07049101 -0.07002029 -0.06970432 -0.06945348 -0.06926563 
8.11130831e-02 -0.07041532 -0.06999413 -0.06969961 -0.06945016 -0.06926551 
6.57933225e-02 -0.07039963 -0.06997978 -0.06969572 -0.06945016 -0.06926508 
5.33669923e-02 -0.07038598 -0.06996997 -0.06969841 -0.06945045 -0.06926494 
4.32876128e-02 -0.07036920 -0.06997142 -0.06970408 -0.06945500 -0.06926480 
3.51119173e-02 -0.07034877 -0.06998065 -0.06971285 -0.06945788 -0.06926468 
2.84803587e-02 -0.07034971 -0.06998906 -0.06971706 -0.06945899 -0.06926477 
2.31012970e-02 -0.07036832 -0.06999275 -0.06972147 -0.06945919 -0.06926477 
1.87381742e-02 -0.07036720 -0.07000129 -0.06972876 -0.06946145 -0.06926481 
1.51991108e-02 -0.07037424 -0.07001009 -0.06973327 -0.06946250 -0.06926489 
1.23284674e-02 -0.07038781 -0.07002190 -0.06973734 -0.06946143 -0.06926502 
1.00000000e-02 -0.07039448 -0.07003962 -0.06974248 -0.06946331 -0.06926519 
8.11130831e-03 -0.07042417 -0.07005967 -0.06974710 -0.06946469 -0.06926515 
6.57933225e-03 -0.07044830 -0.07007006 -0.06974956 -0.06946485 -0.06926501 
5.33669923e-03 -0.07047573 -0.07008636 -0.06975387 -0.06946499 -0.06926439 
4.32876128e-03 -0.07050709 -0.07009420 -0.06975953 -0.06946633 -0.06926407 
3.51119173e-03 -0.07053841 -0.07010759 -0.06976408 -0.06946827 -0.06926403 
2.84803587e-03 -0.07055461 -0.07011287 -0.06976742 -0.06946918 -0.06926406 
2.31012970e-03 -0.07056940 -0.07011969 -0.06976767 -0.06946939 -0.06926399 
1.87381742e-03 -0.07058777 -0.07013302 -0.06976868 -0.06947076 -0.06926399 
1.51991108e-03 -0.07059678 -0.07013758 -0.06976977 -0.06947113 -0.06926406 
1.23284674e-03 -0.07061129 -0.07015220 -0.06977007 -0.06947040 -0.06926420 
1.00000000e-03 -0.07061805 -0.07015778 -0.06977238 -0.06947079 -0.06926442 
8.11130831e-04 -0.07061981 -0.07016269 -0.06977115 -0.06946995 -0.06926434 
6.57933225e-04 -0.07063389 -0.07016635 -0.06977132 -0.06946852 -0.06926425 
5.33669923e-04 -0.07065283 -0.07016707 -0.06976906 -0.06946842 -0.06926367 
4.32876128e-04 -0.07067208 -0.07016850 -0.06976892 -0.06946872 -0.06926234 
3.51119173e-04 -0.07067485 -0.07016983 -0.06976972 -0.06946926 -0.06926167 
2.84803587e-04 -0.07067717 -0.07017076 -0.06977038 -0.06946972 -0.06926128 
2.31012970e-04 -0.07068296 -0.07017123 -0.06977075 -0.06946998 -0.06926086 
1.87381742e-04 -0.07068165 -0.07017219 -0.06977119 -0.06947034 -0.06926069 
1.51991108e-04 -0.07069037 -0.07017088 -0.06977168 -0.06946611 -0.06926075 
1.23284674e-04 -0.07069587 -0.07017067 -0.06977121 -0.06946435 -0.06925952 
1.00000000e-04 -0.07069751 -0.07017133 -0.06977206 -0.06946449 -0.06925435 
8.11130831e-05 -0.07069883 -0.07017202 -0.06976967 -0.06946249 -0.06925052 
6.57933225e-05 -0.07070017 -0.07017282 -0.06976422 -0.06946103 -0.06924360 
5.33669923e-05 -0.07070152 -0.07017359 -0.06976011 -0.06945995 -0.06923657 
4.32876128e-05 -0.07070290 -0.07017423 -0.06975637 -0.06945758 -0.06922317 
3.51119173e-05 -0.07070428 -0.07017662 -0.06975516 -0.06945269 -0.06921869 
2.84803587e-05 -0.07070555 -0.07017523 -0.06974914 -0.06944898 -0.06921578 
2.31012970e-05 -0.07070666 -0.07017579 -0.06974773 -0.06944670 -0.06921339 
1.87381742e-05 -0.07070773 -0.07017631 -0.06974801 -0.06944366 -0.06920799 
1.51991108e-05 -0.07070876 -0.07017684 -0.06974792 -0.06944032 -0.06919000 
1.23284674e-05 -0.07070972 -0.07017739 -0.06974939 -0.06943664 -0.06917636 
1.00000000e-05 -0.07071061 -0.07017579 -0.06974995 -0.06943344 -0.06916722 
8.11130831e-06 -0.07071092 -0.07017522 -0.06975050 -0.06942690 -0.06916694 
6.57933225e-06 -0.07071115 -0.07017557 -0.06975167 -0.06942675 -0.06916136 
5.33669923e-06 -0.07071130 -0.07017907 -0.06975694 -0.06942983 -0.06916252 
4.32876128e-06 -0.07071141 -0.07017963 -0.06975783 -0.06943383 -0.06916848 
3.51119173e-06 -0.07071150 -0.07017968 -0.06975924 -0.06943774 -0.06917598 
2.84803587e-06 -0.07071123 -0.07018117 -0.06976008 -0.06943918 -0.06917934 
2.31012970e-06 -0.07071062 -0.07018052 -0.06976197 -0.06944026 -0.06918245 
1.87381742e-06 -0.07071001 -0.07017988 -0.06976484 -0.06944218 -0.06918690 
1.51991108e-06 -0.07070942 -0.07017922 -0.06976612 -0.06944501 -0.06919459 
1.23284674e-06 -0.07070882 -0.07017832 -0.06976699 -0.06945078 -0.06919682 
1.00000000e-06 -0.07070824 -0.07017847 -0.06976818 -0.06945181 -0.06920043 
8.11130831e-07 -0.07070670 -0.07017812 -0.06976897 -0.06945229 -0.06920496 
6.57933225e-07 -0.07070518 -0.07017778 -0.06976910 -0.06945593 -0.06920953 
5.33669923e-07 -0.07070371 -0.07017720 -0.06977110 -0.06945890 -0.06921440 
4.32876128e-07 -0.07070226 -0.07017627 -0.06977078 -0.06946198 -0.06921876 
3.51119173e-07 -0.07070085 -0.07017634 -0.06977269 -0.06946520 -0.06922343 
2.84803587e-07 -0.07069927 -0.07017673 -0.06977395 -0.06946744 -0.06922761 
2.31012970e-07 -0.07069941 -0.07017706 -0.06977454 -0.06946777 -0.06923128 
1.87381742e-07 -0.07069954 -0.07017717 -0.06977513 -0.06946776 -0.06923497 
1.51991108e-07 -0.07069968 -0.07017709 -0.06977649 -0.06946787 -0.06923868 
1.23284674e-07 -0.07069982 -0.07017701 -0.06977773 -0.06947008 -0.06924201 
1.00000000e-07 -0.07069997 -0.07017988 -0.06977828 -0.06947141 -0.06924226 
P (bar) | log_He: -2σ | log_He: -1σ | log_He: median | log_He: +1σ | log_He: +2σ 
1.00000000e+02 -0.84043190 -0.83998886 -0.83957979 -0.83932482 -0.83910902 
8.11130831e+01 -0.84042567 -0.83997420 -0.83955961 -0.83930397 -0.83908620 
6.57933225e+01 -0.84042080 -0.83996488 -0.83954533 -0.83929171 -0.83907416 
5.33669923e+01 -0.84041979 -0.83995628 -0.83954336 -0.83927679 -0.83902859 
4.32876128e+01 -0.84041481 -0.83994691 -0.83953500 -0.83927464 -0.83901035 
3.51119173e+01 -0.84040550 -0.83994053 -0.83954026 -0.83928245 -0.83899981 
2.84803587e+01 -0.84040254 -0.83993336 -0.83952665 -0.83926518 -0.83897589 
2.31012970e+01 -0.84039735 -0.83992443 -0.83950659 -0.83922664 -0.83895132 
1.87381742e+01 -0.84039538 -0.83991541 -0.83949521 -0.83920773 -0.83892689 
1.51991108e+01 -0.84039270 -0.83990598 -0.83948819 -0.83918744 -0.83890863 
1.23284674e+01 -0.84038219 -0.83990136 -0.83948865 -0.83918680 -0.83890166 
1.00000000e+01 -0.84037173 -0.83990582 -0.83949744 -0.83919177 -0.83889958 
8.11130831e+00 -0.84035968 -0.83988038 -0.83946629 -0.83915906 -0.83888264 
6.57933225e+00 -0.84035428 -0.83986583 -0.83943970 -0.83912865 -0.83886700 
5.33669923e+00 -0.84034916 -0.83985991 -0.83942524 -0.83911062 -0.83885780 
4.32876128e+00 -0.84033807 -0.83985437 -0.83941654 -0.83910144 -0.83885063 
3.51119173e+00 -0.84032520 -0.83984751 -0.83941904 -0.83910087 -0.83884873 
2.84803587e+00 -0.84031051 -0.83983461 -0.83940731 -0.83909626 -0.83884553 
2.31012970e+00 -0.84029252 -0.83981339 -0.83938161 -0.83907613 -0.83883174 
1.87381742e+00 -0.84027529 -0.83979701 -0.83936061 -0.83905740 -0.83883015 
1.51991108e+00 -0.84026070 -0.83978438 -0.83934607 -0.83904687 -0.83882281 
1.23284674e+00 -0.84025645 -0.83977569 -0.83934282 -0.83904623 -0.83882231 
1.00000000e+00 -0.84025522 -0.83978330 -0.83935043 -0.83905202 -0.83882203 
8.11130831e-01 -0.84025189 -0.83973558 -0.83932029 -0.83903537 -0.83882158 
6.57933225e-01 -0.84023920 -0.83970347 -0.83929718 -0.83902340 -0.83882123 
5.33669923e-01 -0.84023121 -0.83967940 -0.83929001 -0.83901189 -0.83881924 
4.32876128e-01 -0.84022421 -0.83966268 -0.83928292 -0.83900899 -0.83881812 
3.51119173e-01 -0.84021944 -0.83966027 -0.83928378 -0.83901365 -0.83881787 
2.84803587e-01 -0.84019814 -0.83964451 -0.83927826 -0.83901371 -0.83881768 
2.31012970e-01 -0.84013917 -0.83961460 -0.83925660 -0.83900547 -0.83881711 
1.87381742e-01 -0.84008948 -0.83959133 -0.83924685 -0.83900147 -0.83881677 
1.51991108e-01 -0.84005882 -0.83957670 -0.83924291 -0.83899992 -0.83881660 
1.23284674e-01 -0.84007102 -0.83957494 -0.83924710 -0.83900120 -0.83881662 
1.00000000e-01 -0.84004209 -0.83957137 -0.83925540 -0.83900456 -0.83881670 
8.11130831e-02 -0.83996640 -0.83954521 -0.83925069 -0.83900124 -0.83881658 
6.57933225e-02 -0.83995071 -0.83953086 -0.83924680 -0.83900124 -0.83881616 
5.33669923e-02 -0.83993706 -0.83952105 -0.83924949 -0.83900153 -0.83881602 
4.32876128e-02 -0.83992027 -0.83952249 -0.83925516 -0.83900608 -0.83881588 
3.51119173e-02 -0.83989984 -0.83953173 -0.83926393 -0.83900896 -0.83881575 
2.84803587e-02 -0.83990079 -0.83954014 -0.83926814 -0.83901007 -0.83881585 
2.31012970e-02 -0.83991940 -0.83954383 -0.83927255 -0.83901027 -0.83881585 
1.87381742e-02 -0.83991828 -0.83955237 -0.83927984 -0.83901253 -0.83881589 
1.51991108e-02 -0.83992532 -0.83956117 -0.83928435 -0.83901358 -0.83881597 
1.23284674e-02 -0.83993889 -0.83957298 -0.83928842 -0.83901251 -0.83881610 
1.00000000e-02 -0.83994556 -0.83959070 -0.83929356 -0.83901439 -0.83881627 
8.11130831e-03 -0.83997525 -0.83961075 -0.83929817 -0.83901576 -0.83881623 
6.57933225e-03 -0.83999938 -0.83962114 -0.83930063 -0.83901593 -0.83881609 
5.33669923e-03 -0.84002680 -0.83963744 -0.83930495 -0.83901607 -0.83881547 
4.32876128e-03 -0.84005817 -0.83964528 -0.83931061 -0.83901741 -0.83881515 
3.51119173e-03 -0.84008949 -0.83965867 -0.83931516 -0.83901935 -0.83881511 
2.84803587e-03 -0.84010569 -0.83966395 -0.83931850 -0.83902026 -0.83881514 
2.31012970e-03 -0.84012048 -0.83967077 -0.83931874 -0.83902047 -0.83881507 
1.87381742e-03 -0.84013885 -0.83968410 -0.83931976 -0.83902184 -0.83881507 
1.51991108e-03 -0.84014786 -0.83968866 -0.83932085 -0.83902220 -0.83881514 
1.23284674e-03 -0.84016237 -0.83970327 -0.83932115 -0.83902148 -0.83881528 
1.00000000e-03 -0.84016913 -0.83970886 -0.83932346 -0.83902187 -0.83881549 
8.11130831e-04 -0.84017089 -0.83971377 -0.83932223 -0.83902103 -0.83881542 
6.57933225e-04 -0.84018497 -0.83971743 -0.83932240 -0.83901960 -0.83881533 
5.33669923e-04 -0.84020391 -0.83971815 -0.83932014 -0.83901950 -0.83881475 
4.32876128e-04 -0.84022316 -0.83971957 -0.83931999 -0.83901980 -0.83881342 
3.51119173e-04 -0.84022593 -0.83972091 -0.83932080 -0.83902034 -0.83881275 
2.84803587e-04 -0.84022825 -0.83972183 -0.83932146 -0.83902080 -0.83881236 
2.31012970e-04 -0.84023404 -0.83972231 -0.83932183 -0.83902106 -0.83881194 
1.87381742e-04 -0.84023273 -0.83972327 -0.83932227 -0.83902142 -0.83881176 
1.51991108e-04 -0.84024145 -0.83972195 -0.83932276 -0.83901719 -0.83881183 
1.23284674e-04 -0.84024695 -0.83972175 -0.83932228 -0.83901542 -0.83881060 
1.00000000e-04 -0.84024858 -0.83972241 -0.83932313 -0.83901556 -0.83880543 
8.11130831e-05 -0.84024991 -0.83972310 -0.83932074 -0.83901357 -0.83880159 
6.57933225e-05 -0.84025125 -0.83972389 -0.83931530 -0.83901211 -0.83879467 
5.33669923e-05 -0.84025260 -0.83972467 -0.83931119 -0.83901103 -0.83878765 
4.32876128e-05 -0.84025398 -0.83972531 -0.83930745 -0.83900865 -0.83877425 
3.51119173e-05 -0.84025536 -0.83972769 -0.83930624 -0.83900377 -0.83876976 
2.84803587e-05 -0.84025662 -0.83972631 -0.83930021 -0.83900005 -0.83876686 
2.31012970e-05 -0.84025774 -0.83972686 -0.83929881 -0.83899778 -0.83876447 
1.87381742e-05 -0.84025881 -0.83972739 -0.83929909 -0.83899474 -0.83875906 
1.51991108e-05 -0.84025984 -0.83972792 -0.83929900 -0.83899140 -0.83874108 
1.23284674e-05 -0.84026080 -0.83972847 -0.83930047 -0.83898772 -0.83872744 
1.00000000e-05 -0.84026169 -0.83972687 -0.83930103 -0.83898452 -0.83871830 
8.11130831e-06 -0.84026200 -0.83972630 -0.83930158 -0.83897797 -0.83871802 
6.57933225e-06 -0.84026223 -0.83972665 -0.83930275 -0.83897783 -0.83871244 
5.33669923e-06 -0.84026238 -0.83973014 -0.83930802 -0.83898091 -0.83871360 
4.32876128e-06 -0.84026249 -0.83973071 -0.83930891 -0.83898491 -0.83871956 
3.51119173e-06 -0.84026258 -0.83973076 -0.83931032 -0.83898882 -0.83872706 
2.84803587e-06 -0.84026231 -0.83973225 -0.83931116 -0.83899026 -0.83873042 
2.31012970e-06 -0.84026170 -0.83973160 -0.83931305 -0.83899134 -0.83873353 
1.87381742e-06 -0.84026109 -0.83973096 -0.83931592 -0.83899326 -0.83873798 
1.51991108e-06 -0.84026049 -0.83973030 -0.83931720 -0.83899609 -0.83874567 
1.23284674e-06 -0.84025990 -0.83972940 -0.83931807 -0.83900186 -0.83874790 
1.00000000e-06 -0.84025932 -0.83972955 -0.83931926 -0.83900289 -0.83875151 
8.11130831e-07 -0.84025777 -0.83972920 -0.83932005 -0.83900337 -0.83875604 
6.57933225e-07 -0.84025626 -0.83972886 -0.83932017 -0.83900700 -0.83876061 
5.33669923e-07 -0.84025479 -0.83972828 -0.83932218 -0.83900998 -0.83876547 
4.32876128e-07 -0.84025334 -0.83972735 -0.83932186 -0.83901306 -0.83876984 
3.51119173e-07 -0.84025192 -0.83972742 -0.83932377 -0.83901628 -0.83877451 
2.84803587e-07 -0.84025035 -0.83972781 -0.83932503 -0.83901852 -0.83877868 
2.31012970e-07 -0.84025049 -0.83972814 -0.83932562 -0.83901885 -0.83878235 
1.87381742e-07 -0.84025062 -0.83972825 -0.83932621 -0.83901884 -0.83878605 
1.51991108e-07 -0.84025076 -0.83972817 -0.83932757 -0.83901895 -0.83878976 
1.23284674e-07 -0.84025090 -0.83972809 -0.83932881 -0.83902116 -0.83879309 
1.00000000e-07 -0.84025105 -0.83973096 -0.83932936 -0.83902249 -0.83879334 
P (bar) | log_H2O: -2σ | log_H2O: -1σ | log_H2O: median | log_H2O: +1σ | log_H2O: +2σ 
1.00000000e+02 -2.71040075 -2.63740057 -2.56045967 -2.47495011 -2.37515417 
8.11130831e+01 -2.72173530 -2.63811336 -2.56219768 -2.47655770 -2.37598847 
6.57933225e+01 -2.72755050 -2.63948452 -2.56512178 -2.47873310 -2.37606419 
5.33669923e+01 -2.74808430 -2.64178993 -2.56606633 -2.48079932 -2.38127768 
4.32876128e+01 -2.76499702 -2.64249835 -2.56728665 -2.48108748 -2.38332179 
3.51119173e+01 -2.78374520 -2.64728149 -2.56871441 -2.48141469 -2.38350479 
2.84803587e+01 -2.80366426 -2.65139946 -2.57035089 -2.48305346 -2.38636976 
2.31012970e+01 -2.81319612 -2.65675988 -2.57396586 -2.48418586 -2.39018102 
1.87381742e+01 -2.81809261 -2.66392498 -2.57815907 -2.48678004 -2.39012393 
1.51991108e+01 -2.83998708 -2.67399519 -2.58070423 -2.48918574 -2.39007187 
1.23284674e+01 -2.85763364 -2.67885299 -2.58417390 -2.49081292 -2.39003475 
1.00000000e+01 -2.87353455 -2.68670842 -2.58758697 -2.49274115 -2.39344145 
8.11130831e+00 -2.88198148 -2.69541403 -2.59101011 -2.49468155 -2.39562069 
6.57933225e+00 -2.89000996 -2.70487812 -2.59395898 -2.49765994 -2.39877441 
5.33669923e+00 -2.89708457 -2.71321994 -2.59703218 -2.50176045 -2.40016082 
4.32876128e+00 -2.90606448 -2.72175338 -2.60135953 -2.50452246 -2.40273872 
3.51119173e+00 -2.91952768 -2.73370347 -2.60351245 -2.50706925 -2.40613668 
2.84803587e+00 -2.92737716 -2.74142406 -2.60937880 -2.51106179 -2.40808727 
2.31012970e+00 -2.92886555 -2.74780418 -2.61429100 -2.51349759 -2.40941369 
1.87381742e+00 -2.93114634 -2.75160216 -2.61996647 -2.51643752 -2.41064148 
1.51991108e+00 -2.93322262 -2.75874942 -2.62505377 -2.51865153 -2.41271890 
1.23284674e+00 -2.93660876 -2.76596875 -2.62942037 -2.52181283 -2.41365886 
1.00000000e+00 -2.94623464 -2.77845402 -2.63352692 -2.52509383 -2.41381516 
8.11130831e-01 -2.94912752 -2.78339520 -2.63693239 -2.52840163 -2.41391982 
6.57933225e-01 -2.95320373 -2.78745227 -2.64278893 -2.53236030 -2.41516882 
5.33669923e-01 -2.95575310 -2.79183478 -2.65044727 -2.53498204 -2.41778284 
4.32876128e-01 -2.95907373 -2.79742903 -2.65679480 -2.53811693 -2.41925056 
3.51119173e-01 -2.96028718 -2.80384629 -2.66366942 -2.54351639 -2.41927168 
2.84803587e-01 -2.96051722 -2.80636793 -2.67138486 -2.54646465 -2.41970666 
2.31012970e-01 -2.96054694 -2.80804668 -2.67622346 -2.55021272 -2.42719838 
1.87381742e-01 -2.96060019 -2.81067809 -2.68009593 -2.55410058 -2.43034744 
1.51991108e-01 -2.96067697 -2.81469272 -2.68414435 -2.56035005 -2.43482825 
1.23284674e-01 -2.96093573 -2.81787826 -2.68737119 -2.56969550 -2.44123646 
1.00000000e-01 -2.96278778 -2.82236548 -2.69216428 -2.57119120 -2.43931933 
8.11130831e-02 -2.96274282 -2.82417521 -2.69245106 -2.57624773 -2.44437080 
6.57933225e-02 -2.96272663 -2.82460472 -2.69539969 -2.57672239 -2.44557239 
5.33669923e-02 -2.96273920 -2.82450493 -2.69573834 -2.57801925 -2.44818594 
4.32876128e-02 -2.96278053 -2.82474253 -2.69671926 -2.57820886 -2.45236592 
3.51119173e-02 -2.96280025 -2.82637090 -2.69979717 -2.57953834 -2.45920278 
2.84803587e-02 -2.96274691 -2.82638904 -2.69721907 -2.57938211 -2.46119565 
2.31012970e-02 -2.96252443 -2.82476862 -2.69682570 -2.57941577 -2.46445602 
1.87381742e-02 -2.96232021 -2.82462234 -2.69430399 -2.57647681 -2.46478192 
1.51991108e-02 -2.96213426 -2.82440018 -2.69109821 -2.57473776 -2.46155076 
1.23284674e-02 -2.96196657 -2.82405819 -2.68949045 -2.57151201 -2.45669191 
1.00000000e-02 -2.96181716 -2.82267569 -2.68633180 -2.56864882 -2.45460186 
8.11130831e-03 -2.96176014 -2.82205760 -2.68496276 -2.56638337 -2.45412534 
6.57933225e-03 -2.96189228 -2.82201372 -2.68295756 -2.56205495 -2.45283254 
5.33669923e-03 -2.96203508 -2.82052247 -2.68136687 -2.55961565 -2.45283067 
4.32876128e-03 -2.96218856 -2.82018282 -2.67958818 -2.55572327 -2.44823115 
3.51119173e-03 -2.96237120 -2.82016294 -2.67766871 -2.55278824 -2.44347809 
2.84803587e-03 -2.96256529 -2.82001178 -2.67667000 -2.55074808 -2.43774551 
2.31012970e-03 -2.96271749 -2.81975010 -2.67488440 -2.54872367 -2.42758330 
1.87381742e-03 -2.96284430 -2.81947434 -2.67434167 -2.54633092 -2.42142147 
1.51991108e-03 -2.96294574 -2.81951036 -2.67403556 -2.54609644 -2.42258469 
1.23284674e-03 -2.96302179 -2.81938825 -2.67380335 -2.54396509 -2.41802402 
1.00000000e-03 -2.96307247 -2.81919833 -2.67308626 -2.54359360 -2.41192932 
8.11130831e-04 -2.96326140 -2.81910567 -2.67301575 -2.54349126 -2.40764067 
6.57933225e-04 -2.96453753 -2.81924408 -2.67299661 -2.54298435 -2.40326417 
5.33669923e-04 -2.96570207 -2.81914262 -2.67277235 -2.54162208 -2.39897289 
4.32876128e-04 -2.96634029 -2.81916529 -2.67253839 -2.54042376 -2.39526366 
3.51119173e-04 -2.96645220 -2.81904255 -2.67229474 -2.53870398 -2.39456127 
2.84803587e-04 -2.96646198 -2.81898110 -2.67209167 -2.53779294 -2.39407062 
2.31012970e-04 -2.96664125 -2.81902665 -2.67319791 -2.53744893 -2.39382248 
1.87381742e-04 -2.96665635 -2.81881627 -2.67356815 -2.53729975 -2.39356303 
1.51991108e-04 -2.96984720 -2.81855860 -2.67455697 -2.53682568 -2.39329229 
1.23284674e-04 -2.97004724 -2.81842417 -2.67597531 -2.53641172 -2.39237900 
1.00000000e-04 -2.97333047 -2.81882226 -2.67711081 -2.53620428 -2.39091264 
8.11130831e-05 -2.98131273 -2.81990611 -2.67803339 -2.53598886 -2.39005995 
6.57933225e-05 -2.98216092 -2.82172514 -2.67836321 -2.53572738 -2.38931815 
5.33669923e-05 -2.98207090 -2.82179934 -2.67968422 -2.53548572 -2.38868749 
4.32876128e-05 -2.98400355 -2.82252428 -2.68057052 -2.53525999 -2.38816839 
3.51119173e-05 -2.98413706 -2.82423270 -2.68122919 -2.53503820 -2.38789738 
2.84803587e-05 -2.98400457 -2.82492754 -2.68212134 -2.53481023 -2.38765933 
2.31012970e-05 -2.99053745 -2.82572742 -2.68221433 -2.53457863 -2.38743487 
1.87381742e-05 -2.99587862 -2.82664898 -2.68216795 -2.53444392 -2.38721347 
1.51991108e-05 -2.99584031 -2.82745977 -2.68208445 -2.53420583 -2.38699723 
1.23284674e-05 -3.00724760 -2.83012983 -2.68196754 -2.53495594 -2.38678831 
1.00000000e-05 -3.00734172 -2.83062616 -2.68197433 -2.53480883 -2.38658841 
8.11130831e-06 -3.00676458 -2.83042937 -2.68204373 -2.53463167 -2.38637261 
6.57933225e-06 -3.00778386 -2.83005104 -2.68195844 -2.53445651 -2.38616864 
5.33669923e-06 -3.00650295 -2.83012414 -2.68158803 -2.53433396 -2.38597396 
4.32876128e-06 -3.00616166 -2.82876648 -2.68104146 -2.53414916 -2.38578585 
3.51119173e-06 -3.00351797 -2.82735062 -2.67995512 -2.53311376 -2.38560193 
2.84803587e-06 -2.99932598 -2.82626376 -2.67896029 -2.53261831 -2.38542132 
2.31012970e-06 -2.99876066 -2.82553974 -2.67832731 -2.53235010 -2.38524293 
1.87381742e-06 -2.99457217 -2.82470787 -2.67768033 -2.53224239 -2.38506510 
1.51991108e-06 -2.99430838 -2.82337522 -2.67703042 -2.53181693 -2.38488751 
1.23284674e-06 -2.99404336 -2.82162226 -2.67678366 -2.53147611 -2.38470999 
1.00000000e-06 -2.99143211 -2.82139889 -2.67662528 -2.53124022 -2.38453249 
8.11130831e-07 -2.98730174 -2.82119719 -2.67642735 -2.53118125 -2.38442727 
6.57933225e-07 -2.98690311 -2.82065573 -2.67622941 -2.53107361 -2.38432205 
5.33669923e-07 -2.98650449 -2.81986870 -2.67600067 -2.53096598 -2.38421683 
4.32876128e-07 -2.98287515 -2.81951512 -2.67511899 -2.53085835 -2.38411162 
3.51119173e-07 -2.98028581 -2.81838747 -2.67504081 -2.53075071 -2.38400640 
2.84803587e-07 -2.98027210 -2.81814031 -2.67407608 -2.53067685 -2.38394887 
2.31012970e-07 -2.98030316 -2.81796729 -2.67393263 -2.53060044 -2.38393904 
1.87381742e-07 -2.98033422 -2.81773445 -2.67328606 -2.53055556 -2.38392921 
1.51991108e-07 -2.98036527 -2.81719695 -2.67298557 -2.53051069 -2.38391937 
1.23284674e-07 -2.98027407 -2.81698419 -2.67270733 -2.53028429 -2.38390954 
1.00000000e-07 -2.97836447 -2.81671583 -2.67242908 -2.53029051 -2.38389971 
P (bar) | log_CO2: -2σ | log_CO2: -1σ | log_CO2: median | log_CO2: +1σ | log_CO2: +2σ 
1.00000000e+02 -14.20338781 -10.71598439 -8.53994391 -7.08193552 -6.37351732 
8.11130831e+01 -14.02179935 -10.54062797 -8.35184448 -6.94594758 -6.32731449 
6.57933225e+01 -13.84014474 -10.36525854 -8.16746651 -6.81128716 -6.25246521 
5.33669923e+01 -13.65830007 -10.18985174 -7.98198117 -6.67667518 -6.20091632 
4.32876128e+01 -13.47596673 -10.01434887 -7.79462061 -6.53803580 -6.14449504 
3.51119173e+01 -13.29250918 -9.83862503 -7.60756017 -6.40345298 -6.06976383 
2.84803587e+01 -13.10762049 -9.66131003 -7.42862866 -6.31120823 -6.00254008 
2.31012970e+01 -12.91936228 -9.48201273 -7.25788060 -6.26808595 -5.98619516 
1.87381742e+01 -12.72410510 -9.30131240 -7.08310197 -6.20641540 -5.95007827 
1.51991108e+01 -12.51853794 -9.11853238 -6.90741602 -6.14733689 -5.91653023 
1.23284674e+01 -12.29938339 -8.93299217 -6.73419339 -6.07891754 -5.86705959 
1.00000000e+01 -12.06378602 -8.74191014 -6.56666905 -6.01958634 -5.80527866 
8.11130831e+00 -11.81088181 -8.54928456 -6.46214912 -5.99515678 -5.78643564 
6.57933225e+00 -11.55933770 -8.35880160 -6.36309887 -5.97260840 -5.76677974 
5.33669923e+00 -11.30154447 -8.16699777 -6.27559123 -5.93823448 -5.73449487 
4.32876128e+00 -11.03509751 -7.97906955 -6.18483801 -5.90339685 -5.71244063 
3.51119173e+00 -10.76264753 -7.78957488 -6.11450451 -5.85357441 -5.66700397 
2.84803587e+00 -10.48501000 -7.59436990 -6.06063733 -5.81952459 -5.63871559 
2.31012970e+00 -10.19813772 -7.38609971 -6.03588054 -5.80053867 -5.61881426 
1.87381742e+00 -9.88154495 -7.18815458 -5.99960082 -5.77561001 -5.60060810 
1.51991108e+00 -9.56385074 -6.99012007 -5.95817157 -5.74302750 -5.56677840 
1.23284674e+00 -9.24537599 -6.78843559 -5.91751783 -5.70592876 -5.52987184 
1.00000000e+00 -8.92860998 -6.59221966 -5.87144468 -5.65777992 -5.46899276 
8.11130831e-01 -8.63693291 -6.42576480 -5.85068141 -5.64447118 -5.45599083 
6.57933225e-01 -8.36276599 -6.28111429 -5.82684307 -5.62274900 -5.43457831 
5.33669923e-01 -8.05467034 -6.17411729 -5.79497640 -5.59826040 -5.41925837 
4.32876128e-01 -7.76141032 -6.07134419 -5.75734072 -5.56754573 -5.39720702 
3.51119173e-01 -7.48219335 -6.01654548 -5.71491809 -5.52836474 -5.37127695 
2.84803587e-01 -7.22028722 -5.96704837 -5.68484500 -5.48951532 -5.34723880 
2.31012970e-01 -6.93199946 -5.92198613 -5.66276540 -5.46715815 -5.32856764 
1.87381742e-01 -6.64923940 -5.88145827 -5.63588889 -5.44452357 -5.30653684 
1.51991108e-01 -6.39973203 -5.85105255 -5.61143298 -5.41638725 -5.27555172 
1.23284674e-01 -6.24753169 -5.82890851 -5.57655312 -5.38797234 -5.24526814 
1.00000000e-01 -6.14342230 -5.80665995 -5.54720106 -5.35130524 -5.20251653 
8.11130831e-02 -6.08967235 -5.78303688 -5.53113054 -5.33216206 -5.18561899 
6.57933225e-02 -6.04972309 -5.76270488 -5.51580068 -5.31894564 -5.15733274 
5.33669923e-02 -5.99134559 -5.74574816 -5.50014110 -5.29786666 -5.12829508 
4.32876128e-02 -5.98099835 -5.73462419 -5.48190526 -5.27527024 -5.10330443 
3.51119173e-02 -5.95674591 -5.72385827 -5.47070038 -5.25553641 -5.06567171 
2.84803587e-02 -5.92780318 -5.71337011 -5.46136247 -5.23038640 -5.04541086 
2.31012970e-02 -5.91222564 -5.70218276 -5.45150427 -5.21872260 -5.03050632 
1.87381742e-02 -5.89662485 -5.69158982 -5.44353325 -5.21162890 -5.00929676 
1.51991108e-02 -5.88372321 -5.68094636 -5.43694762 -5.20426284 -4.99308252 
1.23284674e-02 -5.86821962 -5.67050578 -5.42932517 -5.19839705 -4.96750656 
1.00000000e-02 -5.85489761 -5.65974491 -5.42119568 -5.19215268 -4.95965428 
8.11130831e-03 -5.84160891 -5.65062118 -5.41663116 -5.18915366 -4.95606946 
6.57933225e-03 -5.82528339 -5.63959675 -5.41091836 -5.18524802 -4.95334032 
5.33669923e-03 -5.81011714 -5.62641265 -5.40260459 -5.18023097 -4.95146686 
4.32876128e-03 -5.79879132 -5.61371713 -5.39217964 -5.17411860 -4.95044908 
3.51119173e-03 -5.78747112 -5.60172269 -5.38540370 -5.16943917 -4.95028697 
2.84803587e-03 -5.77529476 -5.58625190 -5.38053014 -5.16421778 -4.94776767 
2.31012970e-03 -5.76203524 -5.57484804 -5.37123857 -5.16278953 -4.94572454 
1.87381742e-03 -5.74875355 -5.56089491 -5.36323923 -5.15978630 -4.94426642 
1.51991108e-03 -5.73475698 -5.55068621 -5.35775178 -5.15656324 -4.94339331 
1.23284674e-03 -5.72015874 -5.53810778 -5.34939204 -5.15256357 -4.94310521 
1.00000000e-03 -5.70611480 -5.52787874 -5.34063745 -5.14934147 -4.94340211 
8.11130831e-04 -5.69216903 -5.51545703 -5.33476238 -5.14747718 -4.94627395 
6.57933225e-04 -5.67138060 -5.50440682 -5.32610623 -5.14278752 -4.95401733 
5.33669923e-04 -5.65316415 -5.49347207 -5.31871850 -5.14081439 -4.95571691 
4.32876128e-04 -5.63730335 -5.48384601 -5.31184046 -5.13848299 -4.96026495 
3.51119173e-04 -5.62871332 -5.46966850 -5.30450823 -5.13582220 -4.96612010 
2.84803587e-04 -5.61380465 -5.46027748 -5.29659572 -5.13127515 -4.96675192 
2.31012970e-04 -5.59986735 -5.44600174 -5.28676255 -5.12413770 -4.96655683 
1.87381742e-04 -5.58992896 -5.43767992 -5.27903111 -5.11760569 -4.96128975 
1.51991108e-04 -5.56816729 -5.42485342 -5.27284430 -5.11216431 -4.96162846 
1.23284674e-04 -5.55562674 -5.41868501 -5.26659041 -5.10733060 -4.95882334 
1.00000000e-04 -5.53802585 -5.41092991 -5.26138525 -5.09966117 -4.95374679 
8.11130831e-05 -5.52367386 -5.40366273 -5.25242475 -5.09252996 -4.94292281 
6.57933225e-05 -5.51800219 -5.39258837 -5.23987091 -5.08224749 -4.94268341 
5.33669923e-05 -5.51638194 -5.38353747 -5.23019353 -5.07231423 -4.93076219 
4.32876128e-05 -5.51279993 -5.37557348 -5.22319424 -5.06255151 -4.91670041 
3.51119173e-05 -5.50776732 -5.36944086 -5.21326905 -5.04891753 -4.89987764 
2.84803587e-05 -5.50409974 -5.36184949 -5.20721544 -5.04308676 -4.88486367 
2.31012970e-05 -5.50141790 -5.35684397 -5.20013673 -5.03208036 -4.86442284 
1.87381742e-05 -5.50224266 -5.34983343 -5.19200229 -5.02008189 -4.84473972 
1.51991108e-05 -5.50184521 -5.34564781 -5.18373069 -5.00726883 -4.82984787 
1.23284674e-05 -5.50064766 -5.34354388 -5.17767903 -4.99851213 -4.81314228 
1.00000000e-05 -5.49729075 -5.34009488 -5.17179034 -4.98789759 -4.80070939 
8.11130831e-06 -5.49857530 -5.33658429 -5.16816821 -4.98163573 -4.78748214 
6.57933225e-06 -5.50071135 -5.33553900 -5.16467194 -4.97836128 -4.77358277 
5.33669923e-06 -5.50071508 -5.33456959 -5.16227690 -4.97401435 -4.76344980 
4.32876128e-06 -5.50063383 -5.33393658 -5.16046605 -4.96948253 -4.75407828 
3.51119173e-06 -5.50057267 -5.33341885 -5.15848860 -4.96614323 -4.74585083 
2.84803587e-06 -5.50055525 -5.33319778 -5.15718073 -4.96519070 -4.73829953 
2.31012970e-06 -5.50057600 -5.33300946 -5.15658422 -4.96179110 -4.73281913 
1.87381742e-06 -5.50060000 -5.33282167 -5.15637579 -4.96089921 -4.72725113 
1.51991108e-06 -5.50062540 -5.33264332 -5.15620901 -4.96027380 -4.72187316 
1.23284674e-06 -5.50065136 -5.33206704 -5.15604835 -4.95791394 -4.71656729 
1.00000000e-06 -5.50067750 -5.33176811 -5.15555457 -4.95651842 -4.71128588 
8.11130831e-07 -5.50078552 -5.33167447 -5.15509358 -4.95574302 -4.70647005 
6.57933225e-07 -5.50089356 -5.33158091 -5.15497409 -4.95493616 -4.70165621 
5.33669923e-07 -5.50100159 -5.33145456 -5.15386324 -4.95467236 -4.69684237 
4.32876128e-07 -5.50110963 -5.33132643 -5.15391120 -4.95354236 -4.69407410 
3.51119173e-07 -5.50121767 -5.33119831 -5.15395916 -4.95298022 -4.69286638 
2.84803587e-07 -5.50138018 -5.33108661 -5.15404323 -4.95167724 -4.68829731 
2.31012970e-07 -5.50159718 -5.33099133 -5.15398312 -4.95075358 -4.68393227 
1.87381742e-07 -5.50181417 -5.33089605 -5.15408664 -4.94965042 -4.67956724 
1.51991108e-07 -5.50203116 -5.33075861 -5.15419017 -4.94904330 -4.67520220 
1.23284674e-07 -5.50224816 -5.33060576 -5.15421434 -4.94743802 -4.67083717 
1.00000000e-07 -5.50246515 -5.33045291 -5.15405723 -4.94708253 -4.66647213 
P (bar) | log_CO: -2σ | log_CO: -1σ | log_CO: median | log_CO: +1σ | log_CO: +2σ 
1.00000000e+02 -12.90254997 -8.51279136 -5.89095640 -4.20083648 -3.33534622 
8.11130831e+01 -12.72081474 -8.33424053 -5.70817940 -4.05583865 -3.26711913 
6.57933225e+01 -12.53899359 -8.15567656 -5.52542440 -3.91453901 -3.19434239 
5.33669923e+01 -12.35692550 -7.97707484 -5.34273250 -3.77213755 -3.12908822 
4.32876128e+01 -12.17422252 -7.79837603 -5.16020255 -3.62074756 -3.06981685 
3.51119173e+01 -11.99005873 -7.61945385 -4.97804446 -3.47898968 -3.00221524 
2.84803587e+01 -11.80330039 -7.43940698 -4.79928492 -3.37452691 -2.94589570 
2.31012970e+01 -11.61141935 -7.25784482 -4.62337476 -3.30605326 -2.92438894 
1.87381742e+01 -11.41041767 -7.07487716 -4.44890716 -3.23634812 -2.90118708 
1.51991108e+01 -11.19596784 -6.88993616 -4.27744066 -3.17220863 -2.88269017 
1.23284674e+01 -10.96377569 -6.70314065 -4.11062460 -3.11213199 -2.87282651 
1.00000000e+01 -10.71063994 -6.51664335 -3.94660470 -3.04953299 -2.83850578 
8.11130831e+00 -10.43772467 -6.32412308 -3.83608363 -3.03388088 -2.83556829 
6.57933225e+00 -10.16629509 -6.13322580 -3.72234823 -3.02056263 -2.83152520 
5.33669923e+00 -9.88744267 -5.94033182 -3.60237641 -3.00395553 -2.82196856 
4.32876128e+00 -9.58926497 -5.74595894 -3.49067088 -2.98328910 -2.81343623 
3.51119173e+00 -9.26138618 -5.55077107 -3.38304607 -2.94821806 -2.79153553 
2.84803587e+00 -8.92753853 -5.35342889 -3.29303697 -2.92891654 -2.77393368 
2.31012970e+00 -8.59000329 -5.15422430 -3.25597631 -2.92740779 -2.77096340 
1.87381742e+00 -8.25074316 -4.97061260 -3.20819581 -2.92048583 -2.76833746 
1.51991108e+00 -7.91721803 -4.76914757 -3.15902545 -2.91272253 -2.76009995 
1.23284674e+00 -7.62612574 -4.56920731 -3.10510492 -2.89343880 -2.75091222 
1.00000000e+00 -7.33478571 -4.36354067 -3.05476701 -2.87482341 -2.73948525 
8.11130831e-01 -7.04265818 -4.20318244 -3.03964646 -2.87353288 -2.73951599 
6.57933225e-01 -6.71018394 -4.03689544 -3.02630573 -2.86894256 -2.73492993 
5.33669923e-01 -6.36005351 -3.85837821 -3.01238193 -2.86300478 -2.73476204 
4.32876128e-01 -6.00990084 -3.68514386 -2.99666028 -2.85753714 -2.72767994 
3.51119173e-01 -5.65972593 -3.51931833 -2.97646657 -2.84614465 -2.72708596 
2.84803587e-01 -5.34918379 -3.38723216 -2.96674382 -2.83744596 -2.72125634 
2.31012970e-01 -5.07479621 -3.30147100 -2.96115701 -2.83595700 -2.71632393 
1.87381742e-01 -4.80547672 -3.19899972 -2.95093756 -2.82955791 -2.71304447 
1.51991108e-01 -4.54122533 -3.13441624 -2.93635268 -2.82490910 -2.70860950 
1.23284674e-01 -4.28204203 -3.08283911 -2.92318768 -2.81579168 -2.69572077 
1.00000000e-01 -4.02792683 -3.05201420 -2.90961300 -2.80280637 -2.68584909 
8.11130831e-02 -3.82241306 -3.03766128 -2.90671352 -2.79573683 -2.68291721 
6.57933225e-02 -3.62547651 -3.01927291 -2.90307660 -2.79227449 -2.68137136 
5.33669923e-02 -3.44335743 -3.00559049 -2.89560452 -2.78696886 -2.67726326 
4.32876128e-02 -3.27438682 -2.99579524 -2.88669404 -2.78295827 -2.66714289 
3.51119173e-02 -3.17249498 -2.98560836 -2.87891945 -2.77490740 -2.66538897 
2.84803587e-02 -3.11254676 -2.98103802 -2.87386251 -2.76451143 -2.65731002 
2.31012970e-02 -3.08290421 -2.97665340 -2.87293799 -2.75939872 -2.65327823 
1.87381742e-02 -3.07515955 -2.97290229 -2.86994429 -2.75599846 -2.64756341 
1.51991108e-02 -3.06646647 -2.97038654 -2.86757796 -2.75143964 -2.64687997 
1.23284674e-02 -3.06480310 -2.96941817 -2.86443208 -2.74935104 -2.64544096 
1.00000000e-02 -3.06090960 -2.96647303 -2.86162677 -2.74632741 -2.64543059 
8.11130831e-03 -3.06098091 -2.96651406 -2.86132381 -2.74555885 -2.64540042 
6.57933225e-03 -3.06104671 -2.96655550 -2.86058468 -2.74463805 -2.64533997 
5.33669923e-03 -3.06109519 -2.96659186 -2.86051495 -2.74431217 -2.64527792 
4.32876128e-03 -3.06112637 -2.96661766 -2.86049431 -2.74401155 -2.64521426 
3.51119173e-03 -3.06114024 -2.96663291 -2.86046393 -2.74348679 -2.64514900 
2.84803587e-03 -3.06116355 -2.96665500 -2.86045530 -2.74336858 -2.64266678 
2.31012970e-03 -3.06120830 -2.96669146 -2.86047521 -2.74331899 -2.64265426 
1.87381742e-03 -3.06125179 -2.96672741 -2.86049439 -2.74330842 -2.64264197 
1.51991108e-03 -3.06129400 -2.96676284 -2.86051285 -2.74329672 -2.64262990 
1.23284674e-03 -3.06136411 -2.96679775 -2.86053058 -2.74328195 -2.64261806 
1.00000000e-03 -3.06142840 -2.96683213 -2.86054759 -2.74326958 -2.64260644 
8.11130831e-04 -3.06150999 -2.96686993 -2.86058551 -2.74326406 -2.64259835 
6.57933225e-04 -3.06159199 -2.96691851 -2.86062629 -2.74325701 -2.64259026 
5.33669923e-04 -3.06167438 -2.96697488 -2.86066723 -2.74324842 -2.64258218 
4.32876128e-04 -3.06175717 -2.96703325 -2.86070833 -2.74323863 -2.64257411 
3.51119173e-04 -3.06184036 -2.96707803 -2.86074961 -2.74322766 -2.64256605 
2.84803587e-04 -3.06192648 -2.96713159 -2.86079229 -2.74321820 -2.64255804 
2.31012970e-04 -3.06201648 -2.96718649 -2.86083692 -2.74320807 -2.64255008 
1.87381742e-04 -3.06212089 -2.96724250 -2.86088247 -2.74319790 -2.64254213 
1.51991108e-04 -3.06225304 -2.96729959 -2.86092892 -2.74318771 -2.64253419 
1.23284674e-04 -3.06237513 -2.96735779 -2.86097628 -2.74317748 -2.64252627 
1.00000000e-04 -3.06248718 -2.96741708 -2.86102454 -2.74316721 -2.64251835 
8.11130831e-05 -3.06262900 -2.96747444 -2.86107056 -2.74315621 -2.64251030 
6.57933225e-05 -3.06278150 -2.96753220 -2.86111691 -2.74314521 -2.64250225 
5.33669923e-05 -3.06294452 -2.96759033 -2.86116352 -2.74313424 -2.64249420 
4.32876128e-05 -3.06311775 -2.96772901 -2.86121032 -2.74312488 -2.64248618 
3.51119173e-05 -3.06330040 -2.96814022 -2.86125706 -2.74311899 -2.64247823 
2.84803587e-05 -3.06348794 -2.96827347 -2.86131491 -2.74311333 -2.64247032 
2.31012970e-05 -3.06375810 -2.96837615 -2.86166618 -2.74310800 -2.64246259 
1.87381742e-05 -3.06399792 -2.96844931 -2.86179999 -2.74310305 -2.64245531 
1.51991108e-05 -3.06462571 -2.96852185 -2.86187308 -2.74309867 -2.64244874 
1.23284674e-05 -3.06464096 -2.96858763 -2.86195081 -2.74310118 -2.64244310 
1.00000000e-05 -3.06465383 -2.96864610 -2.86201987 -2.74310971 -2.64243859 
8.11130831e-06 -3.06595940 -2.96869109 -2.86207364 -2.74311767 -2.64243519 
6.57933225e-06 -3.06603729 -2.96872609 -2.86211487 -2.74312932 -2.64243293 
5.33669923e-06 -3.06541039 -2.96875226 -2.86214500 -2.74313741 -2.64243164 
4.32876128e-06 -3.06508501 -2.96877148 -2.86216639 -2.74314280 -2.64243109 
3.51119173e-06 -3.06517628 -2.96878584 -2.86218166 -2.74314637 -2.64243103 
2.84803587e-06 -3.06525384 -2.96879533 -2.86219126 -2.74314869 -2.64243133 
2.31012970e-06 -3.06532167 -2.96880127 -2.86219683 -2.74315028 -2.64243183 
1.87381742e-06 -3.06538722 -2.96880637 -2.86220134 -2.74315157 -2.64243241 
1.51991108e-06 -3.06545174 -2.96881110 -2.86220539 -2.74315274 -2.64243303 
1.23284674e-06 -3.06551583 -2.96881569 -2.86220925 -2.74315386 -2.64243367 
1.00000000e-06 -3.06557976 -2.96882022 -2.86221304 -2.74315497 -2.64243430 
8.11130831e-07 -3.06563182 -2.96882283 -2.86221537 -2.74315598 -2.64243523 
6.57933225e-07 -3.06568387 -2.96882543 -2.86221769 -2.74315700 -2.64243616 
5.33669923e-07 -3.06573591 -2.96882804 -2.86222001 -2.74315801 -2.64243709 
4.32876128e-07 -3.06578796 -2.96883064 -2.86222233 -2.74315903 -2.64243802 
3.51119173e-07 -3.06584001 -2.96883325 -2.86222465 -2.74316004 -2.64243895 
2.84803587e-07 -3.06588795 -2.96883548 -2.86222674 -2.74316108 -2.64244020 
2.31012970e-07 -3.06593180 -2.96883734 -2.86222859 -2.74316215 -2.64244175 
1.87381742e-07 -3.06598909 -2.96883920 -2.86223044 -2.74316322 -2.64244331 
1.51991108e-07 -3.06605020 -2.96884106 -2.86223229 -2.74316429 -2.64244487 
1.23284674e-07 -3.06611132 -2.96884292 -2.86223414 -2.74316536 -2.64244642 
1.00000000e-07 -3.06617244 -2.96884478 -2.86223598 -2.74316643 -2.64244798 
P (bar) | log_CH4: -2σ | log_CH4: -1σ | log_CH4: median | log_CH4: +1σ | log_CH4: +2σ 
1.00000000e+02 -3.12938043 -2.98744612 -2.87012138 -2.74294509 -2.64159087 
8.11130831e+01 -3.21578207 -3.00776372 -2.87779724 -2.74554438 -2.64168765 
6.57933225e+01 -3.27715683 -3.03024759 -2.88127909 -2.74765131 -2.64178443 
5.33669923e+01 -3.35825225 -3.06019960 -2.88606803 -2.75081162 -2.64188120 
4.32876128e+01 -3.43698936 -3.08384348 -2.88969906 -2.75349236 -2.64257826 
3.51119173e+01 -3.52447783 -3.10933493 -2.89249311 -2.75407617 -2.64258939 
2.84803587e+01 -3.63364222 -3.16476913 -2.90196703 -2.75561771 -2.64261209 
2.31012970e+01 -3.78406341 -3.24611684 -2.91410846 -2.75808998 -2.64264656 
1.87381742e+01 -3.92670821 -3.32492060 -2.92420704 -2.75975943 -2.64282785 
1.51991108e+01 -4.06140802 -3.41063214 -2.93535180 -2.76044212 -2.64287464 
1.23284674e+01 -4.18855492 -3.48490410 -2.94725028 -2.76150154 -2.64292394 
1.00000000e+01 -4.30572712 -3.55320499 -2.95729738 -2.76190697 -2.64297673 
8.11130831e+00 -4.44823990 -3.67988102 -2.99037877 -2.76691649 -2.64348900 
6.57933225e+00 -4.58301605 -3.80038510 -3.02209866 -2.77134107 -2.64495566 
5.33669923e+00 -4.70975957 -3.91390541 -3.05508127 -2.77271624 -2.64500462 
4.32876128e+00 -4.82982121 -4.02255406 -3.08813902 -2.77366284 -2.64505747 
3.51119173e+00 -4.94466023 -4.12415439 -3.11606365 -2.77384267 -2.64511413 
2.84803587e+00 -5.05926609 -4.23613212 -3.17462699 -2.78419649 -2.65520942 
2.31012970e+00 -5.17839039 -4.36243629 -3.25165929 -2.79194999 -2.65524245 
1.87381742e+00 -5.29838292 -4.48507478 -3.34138551 -2.79705959 -2.65627739 
1.51991108e+00 -5.41767426 -4.60301695 -3.41952654 -2.80514949 -2.66063181 
1.23284674e+00 -5.53843809 -4.71766843 -3.49408250 -2.81263603 -2.66404781 
1.00000000e+00 -5.65810043 -4.82549173 -3.55941019 -2.81673077 -2.66469247 
8.11130831e-01 -5.77451284 -4.94550185 -3.68440432 -2.84140303 -2.68237226 
6.57933225e-01 -5.89436805 -5.06245724 -3.80703158 -2.87175109 -2.68600619 
5.33669923e-01 -6.01420209 -5.17332927 -3.93169483 -2.89785347 -2.69555724 
4.32876128e-01 -6.12577776 -5.29054314 -4.04603720 -2.92436564 -2.69834268 
3.51119173e-01 -6.22994940 -5.40616485 -4.16062128 -2.95504487 -2.70840637 
2.84803587e-01 -6.32947070 -5.52144104 -4.28588640 -3.02320509 -2.72134741 
2.31012970e-01 -6.42134723 -5.63160237 -4.43024975 -3.12158335 -2.72963649 
1.87381742e-01 -6.50074372 -5.73701450 -4.56706925 -3.21964090 -2.74578510 
1.51991108e-01 -6.58008576 -5.84613927 -4.71327719 -3.31625068 -2.76865001 
1.23284674e-01 -6.65937333 -5.95674566 -4.85582167 -3.42840841 -2.78525767 
1.00000000e-01 -6.74017506 -6.07122340 -4.99621898 -3.53806552 -2.81126205 
8.11130831e-02 -6.84991284 -6.17766348 -5.13411430 -3.71356107 -2.87252992 
6.57933225e-02 -6.96749284 -6.28530914 -5.28073919 -3.88650198 -2.95251392 
5.33669923e-02 -7.04150432 -6.39174066 -5.42131770 -4.06199168 -3.05147322 
4.32876128e-02 -7.12411124 -6.50323039 -5.56239993 -4.24356083 -3.15037599 
3.51119173e-02 -7.21112648 -6.59558746 -5.70597349 -4.42721902 -3.26102587 
2.84803587e-02 -7.30196708 -6.68933569 -5.84571801 -4.63412088 -3.41138854 
2.31012970e-02 -7.38695849 -6.79179609 -5.98466113 -4.83910655 -3.60206335 
1.87381742e-02 -7.47521541 -6.88996509 -6.12506564 -5.05456023 -3.82813295 
1.51991108e-02 -7.56007093 -6.99897747 -6.26544256 -5.26777331 -4.06430073 
1.23284674e-02 -7.64630398 -7.10349594 -6.39723440 -5.47082447 -4.30627538 
1.00000000e-02 -7.73204609 -7.20293370 -6.53333492 -5.67314277 -4.56482712 
8.11130831e-03 -7.79887901 -7.30381131 -6.67685549 -5.87651192 -4.83400434 
6.57933225e-03 -7.87105875 -7.39841979 -6.81431048 -6.07558847 -5.12644133 
5.33669923e-03 -7.95363245 -7.49685918 -6.94635101 -6.28070749 -5.41272875 
4.32876128e-03 -8.03489718 -7.59499743 -7.07290346 -6.48011074 -5.66844835 
3.51119173e-03 -8.12518556 -7.69130586 -7.20790943 -6.68161663 -5.92395344 
2.84803587e-03 -8.20583031 -7.79088081 -7.33854016 -6.88549926 -6.17452336 
2.31012970e-03 -8.28645056 -7.90474547 -7.48029225 -7.06071293 -6.44108024 
1.87381742e-03 -8.37552912 -7.99758964 -7.61871407 -7.25024895 -6.70686540 
1.51991108e-03 -8.49104123 -8.10176071 -7.74885595 -7.42497877 -6.98998483 
1.23284674e-03 -8.58875933 -8.21183687 -7.88094381 -7.58235449 -7.26311311 
1.00000000e-03 -8.71067207 -8.33343630 -8.02188122 -7.75013550 -7.47238670 
8.11130831e-04 -8.83397906 -8.46529421 -8.17241229 -7.90432415 -7.60573614 
6.57933225e-04 -8.96930442 -8.60485973 -8.31467287 -8.02877043 -7.71458138 
5.33669923e-04 -9.09970058 -8.75518443 -8.46689566 -8.14433065 -7.79322960 
4.32876128e-04 -9.26344921 -8.91033858 -8.62041623 -8.23649471 -7.85742904 
3.51119173e-04 -9.43999617 -9.08231913 -8.76569297 -8.32537883 -7.92712943 
2.84803587e-04 -9.64138022 -9.26872729 -8.91069917 -8.39652522 -7.97060551 
2.31012970e-04 -9.82448028 -9.46922974 -9.05103221 -8.47792581 -7.98041056 
1.87381742e-04 -10.03112003 -9.66611577 -9.18769269 -8.54774161 -7.98850570 
1.51991108e-04 -10.25223168 -9.86053635 -9.32663922 -8.60066808 -7.99187649 
1.23284674e-04 -10.48848095 -10.06300135 -9.44503322 -8.66843946 -7.96710946 
1.00000000e-04 -10.72284930 -10.25985472 -9.57479794 -8.74217898 -7.93749128 
8.11130831e-05 -10.96264621 -10.45459766 -9.71323420 -8.79677686 -7.89460733 
6.57933225e-05 -11.20828614 -10.66672368 -9.85079840 -8.84795574 -7.89611175 
5.33669923e-05 -11.44585815 -10.87654111 -9.97810236 -8.88905652 -7.88864727 
4.32876128e-05 -11.69257227 -11.07134213 -10.10506113 -8.92090283 -7.85741709 
3.51119173e-05 -11.93356661 -11.26394860 -10.23948212 -8.97134574 -7.77240156 
2.84803587e-05 -12.16418000 -11.44577501 -10.38097533 -9.00791664 -7.66908189 
2.31012970e-05 -12.41120720 -11.64730303 -10.52268798 -9.05830791 -7.61802919 
1.87381742e-05 -12.62847069 -11.84332199 -10.65572846 -9.11308236 -7.57908143 
1.51991108e-05 -12.84966335 -12.02999352 -10.80109236 -9.18576374 -7.53301679 
1.23284674e-05 -13.06699511 -12.22403397 -10.92785502 -9.26906554 -7.51892250 
1.00000000e-05 -13.28033644 -12.41964987 -11.08921018 -9.37054170 -7.53941604 
8.11130831e-06 -13.48621236 -12.60692344 -11.25073577 -9.48211313 -7.59842816 
6.57933225e-06 -13.68509271 -12.79533187 -11.41377343 -9.61793577 -7.68761230 
5.33669923e-06 -13.87805292 -12.98293063 -11.58097090 -9.77173013 -7.81303092 
4.32876128e-06 -14.06652980 -13.16804776 -11.75257660 -9.94083511 -7.96518713 
3.51119173e-06 -14.25196840 -13.35141724 -11.93127139 -10.11721392 -8.13414009 
2.84803587e-06 -14.43552938 -13.53390881 -12.11161360 -10.29710407 -8.31332831 
2.31012970e-06 -14.61805537 -13.71600218 -12.29283932 -10.47848407 -8.49810180 
1.87381742e-06 -14.80009584 -13.89791953 -12.47450557 -10.66101577 -8.68554531 
1.51991108e-06 -14.98192533 -14.07976040 -12.65636327 -10.84404742 -8.87414476 
1.23284674e-06 -15.16367279 -14.26157154 -12.83829544 -11.02703821 -9.06319206 
1.00000000e-06 -15.34539170 -14.44337233 -13.02025352 -11.20972625 -9.25239464 
8.11130831e-07 -15.52704364 -14.62507515 -13.20222572 -11.39191442 -9.44080852 
6.57933225e-07 -15.70869311 -14.80677707 -13.38420017 -11.57410970 -9.62923575 
5.33669923e-07 -15.89034258 -14.98847900 -13.56617462 -11.75630497 -9.81766299 
4.32876128e-07 -16.07199204 -15.17018092 -13.74814906 -11.93850025 -10.00609022 
3.51119173e-07 -16.25364151 -15.35188284 -13.93012351 -12.12069552 -10.19451745 
2.84803587e-07 -16.43528696 -15.53352655 -14.11210817 -12.30279553 -10.38246972 
2.31012970e-07 -16.61692840 -15.71511203 -14.29410302 -12.48480028 -10.56994702 
1.87381742e-07 -16.79856984 -15.89669751 -14.47609787 -12.66680503 -10.75742432 
1.51991108e-07 -16.98021127 -16.07828300 -14.65809272 -12.84880977 -10.94490162 
1.23284674e-07 -17.16185271 -16.25986848 -14.84008757 -13.03081452 -11.13237892 
1.00000000e-07 -17.34349415 -16.44145396 -15.02208242 -13.21281927 -11.31985623 
P (bar) | log_H2S: -2σ | log_H2S: -1σ | log_H2S: median | log_H2S: +1σ | log_H2S: +2σ 
1.00000000e+02 -4.21121977 -4.13775904 -4.04253863 -3.93750300 -3.81206653 
8.11130831e+01 -4.21178587 -4.13959357 -4.04643221 -3.94354450 -3.81324100 
6.57933225e+01 -4.21472017 -4.14203233 -4.04970542 -3.94767186 -3.81874388 
5.33669923e+01 -4.21685168 -4.14477777 -4.05282865 -3.95328385 -3.82229480 
4.32876128e+01 -4.21803152 -4.14705199 -4.05728869 -3.95828745 -3.83376468 
3.51119173e+01 -4.22117625 -4.14857891 -4.06117993 -3.96387873 -3.83734465 
2.84803587e+01 -4.22286604 -4.15133786 -4.06553142 -3.96815645 -3.84438548 
2.31012970e+01 -4.22365914 -4.15421900 -4.06758416 -3.97054266 -3.85523868 
1.87381742e+01 -4.22586277 -4.15579354 -4.07065080 -3.97257657 -3.86418535 
1.51991108e+01 -4.22827000 -4.15698200 -4.07320197 -3.97822338 -3.87089679 
1.23284674e+01 -4.23065322 -4.15898364 -4.07548078 -3.98330067 -3.87523407 
1.00000000e+01 -4.23299971 -4.16068085 -4.07845494 -3.98997827 -3.87986948 
8.11130831e+00 -4.23445563 -4.16328200 -4.07969225 -3.99279470 -3.88604380 
6.57933225e+00 -4.23605107 -4.16595723 -4.08170179 -3.99646583 -3.89460942 
5.33669923e+00 -4.23782488 -4.16693026 -4.08342967 -4.00085539 -3.90405336 
4.32876128e+00 -4.23980511 -4.16887464 -4.08473029 -4.00291732 -3.90839244 
3.51119173e+00 -4.24200801 -4.17064088 -4.08722770 -4.00807572 -3.91057418 
2.84803587e+00 -4.24365552 -4.17276792 -4.08894975 -4.01003652 -3.91321915 
2.31012970e+00 -4.24458737 -4.17458728 -4.09020622 -4.01168767 -3.91503828 
1.87381742e+00 -4.24619378 -4.17635586 -4.09129037 -4.01344626 -3.91623332 
1.51991108e+00 -4.24814497 -4.17845532 -4.09249197 -4.01545272 -3.91720809 
1.23284674e+00 -4.25053860 -4.18032149 -4.09353431 -4.01713774 -3.92347048 
1.00000000e+00 -4.25358869 -4.18242723 -4.09506660 -4.01764006 -3.92439523 
8.11130831e-01 -4.25450132 -4.18346801 -4.09618607 -4.01883423 -3.92238351 
6.57933225e-01 -4.25629549 -4.18458137 -4.09743943 -4.02035174 -3.92941665 
5.33669923e-01 -4.25787019 -4.18577000 -4.09939440 -4.02120019 -3.93197861 
4.32876128e-01 -4.25977215 -4.18783388 -4.10117924 -4.02233052 -3.93286495 
3.51119173e-01 -4.26359207 -4.18946569 -4.10346241 -4.02286822 -3.93223796 
2.84803587e-01 -4.26567434 -4.19151088 -4.10598853 -4.02272741 -3.93214753 
2.31012970e-01 -4.26670431 -4.19290990 -4.10719232 -4.02490599 -3.93390573 
1.87381742e-01 -4.26766848 -4.19536070 -4.10849898 -4.02651652 -3.93271575 
1.51991108e-01 -4.26856686 -4.19622865 -4.11030742 -4.02754883 -3.93216635 
1.23284674e-01 -4.26973371 -4.19788746 -4.11184247 -4.02895755 -3.93309177 
1.00000000e-01 -4.27131558 -4.20017932 -4.11370729 -4.02989644 -3.93034423 
8.11130831e-02 -4.27233793 -4.20149983 -4.11420519 -4.03153644 -3.93275200 
6.57933225e-02 -4.27361311 -4.20277778 -4.11554191 -4.03362899 -3.93236190 
5.33669923e-02 -4.27483699 -4.20375369 -4.11613768 -4.03417597 -3.93227394 
4.32876128e-02 -4.27600958 -4.20495417 -4.11742815 -4.03473539 -3.93251319 
3.51119173e-02 -4.27713087 -4.20627948 -4.11831767 -4.03586167 -3.93259650 
2.84803587e-02 -4.27865566 -4.20726896 -4.11821786 -4.03645763 -3.93432281 
2.31012970e-02 -4.28030920 -4.20770524 -4.11697801 -4.03663175 -3.93442880 
1.87381742e-02 -4.28171896 -4.20830656 -4.11721012 -4.03597904 -3.93540621 
1.51991108e-02 -4.28235495 -4.20841553 -4.11852725 -4.03509469 -3.93641567 
1.23284674e-02 -4.28307775 -4.20887408 -4.11843655 -4.03418705 -3.93656765 
1.00000000e-02 -4.28438281 -4.20939508 -4.11763191 -4.03391922 -3.93593830 
8.11130831e-03 -4.28583181 -4.21046311 -4.11681015 -4.03304370 -3.93165490 
6.57933225e-03 -4.28699392 -4.21094285 -4.11731223 -4.03084120 -3.92853834 
5.33669923e-03 -4.28828835 -4.21165382 -4.11637548 -4.02928143 -3.92779752 
4.32876128e-03 -4.29006176 -4.21329690 -4.11657431 -4.02713898 -3.92704128 
3.51119173e-03 -4.29181446 -4.21398206 -4.11711913 -4.02534393 -3.92626960 
2.84803587e-03 -4.29444507 -4.21500085 -4.11712926 -4.02526285 -3.92220124 
2.31012970e-03 -4.29713939 -4.21609186 -4.11743536 -4.02521453 -3.92257754 
1.87381742e-03 -4.29979256 -4.21712207 -4.11838724 -4.02347773 -3.92237144 
1.51991108e-03 -4.30240458 -4.21830911 -4.11899640 -4.02144962 -3.92031026 
1.23284674e-03 -4.30497543 -4.21936372 -4.12019182 -4.01937819 -3.92000983 
1.00000000e-03 -4.30802858 -4.22103825 -4.12083455 -4.01886011 -3.91969851 
8.11130831e-04 -4.31110690 -4.22166441 -4.12077201 -4.01812591 -3.91801097 
6.57933225e-04 -4.31437682 -4.22280532 -4.12259786 -4.01829753 -3.91753269 
5.33669923e-04 -4.31816012 -4.22420626 -4.12283088 -4.01933796 -3.91744142 
4.32876128e-04 -4.32167385 -4.22500634 -4.12354870 -4.01883400 -3.91599776 
3.51119173e-04 -4.32517900 -4.22664189 -4.12476219 -4.02015481 -3.91425856 
2.84803587e-04 -4.32861708 -4.22913634 -4.12478135 -4.02083284 -3.91346370 
2.31012970e-04 -4.33204044 -4.23062772 -4.12464099 -4.02123933 -3.91274624 
1.87381742e-04 -4.33539107 -4.23297543 -4.12652829 -4.02123727 -3.91270253 
1.51991108e-04 -4.34072120 -4.23454855 -4.12719802 -4.02124355 -3.91273008 
1.23284674e-04 -4.34381998 -4.23593895 -4.12797641 -4.02152658 -3.91274531 
1.00000000e-04 -4.34684884 -4.23737874 -4.12954421 -4.02123502 -3.91274823 
8.11130831e-05 -4.34998483 -4.24066837 -4.13241631 -4.02158392 -3.91287361 
6.57933225e-05 -4.35362525 -4.24399968 -4.13565402 -4.02246731 -3.91299254 
5.33669923e-05 -4.35713597 -4.24545498 -4.13695753 -4.02204788 -3.91310485 
4.32876128e-05 -4.36621456 -4.24920523 -4.13810042 -4.02218123 -3.91321018 
3.51119173e-05 -4.37162664 -4.25201972 -4.13938189 -4.02292472 -3.91330778 
2.84803587e-05 -4.37572380 -4.25547839 -4.14121090 -4.02352113 -3.91359392 
2.31012970e-05 -4.38138713 -4.25886926 -4.14264551 -4.02436148 -3.91453164 
1.87381742e-05 -4.39181918 -4.26332149 -4.14391352 -4.02516638 -3.91539229 
1.51991108e-05 -4.39795179 -4.26666012 -4.14432764 -4.02713556 -3.91615218 
1.23284674e-05 -4.40780428 -4.26970431 -4.14563491 -4.02815129 -3.91678903 
1.00000000e-05 -4.41581692 -4.27254646 -4.14655213 -4.02859874 -3.91728804 
8.11130831e-06 -4.42189709 -4.27369673 -4.14741533 -4.02974334 -3.91782237 
6.57933225e-06 -4.42620341 -4.27463484 -4.14904966 -4.03215652 -3.91865384 
5.33669923e-06 -4.42884381 -4.27535904 -4.15003333 -4.03295988 -3.92070104 
4.32876128e-06 -4.43011684 -4.27545113 -4.15028050 -4.03425473 -3.92135898 
3.51119173e-06 -4.42887081 -4.27546437 -4.15043579 -4.03464983 -3.92202967 
2.84803587e-06 -4.42568770 -4.27481501 -4.15068162 -4.03655462 -3.92324958 
2.31012970e-06 -4.42256124 -4.27444712 -4.15196999 -4.03819548 -3.92693789 
1.87381742e-06 -4.41924855 -4.27448330 -4.15292666 -4.04079567 -3.92868231 
1.51991108e-06 -4.41585819 -4.27418646 -4.15338532 -4.04307973 -3.93279808 
1.23284674e-06 -4.41243887 -4.27425951 -4.15471241 -4.04748073 -3.93640048 
1.00000000e-06 -4.41058506 -4.27427477 -4.15709525 -4.04918312 -3.93941581 
8.11130831e-07 -4.41054887 -4.27496628 -4.16060181 -4.05474696 -3.94439032 
6.57933225e-07 -4.41051251 -4.27742717 -4.16379429 -4.06009170 -3.95001119 
5.33669923e-07 -4.41047615 -4.27772220 -4.16638904 -4.06386124 -3.95968614 
4.32876128e-07 -4.41043979 -4.27781357 -4.17011630 -4.06868035 -3.96121132 
3.51119173e-07 -4.41040343 -4.27769060 -4.17315720 -4.07301150 -3.96681139 
2.84803587e-07 -4.41041662 -4.28019338 -4.17749133 -4.07764923 -3.97686131 
2.31012970e-07 -4.41020407 -4.28393570 -4.18412873 -4.08015637 -3.98311367 
1.87381742e-07 -4.42180055 -4.28950375 -4.19099951 -4.08358991 -3.98795638 
1.51991108e-07 -4.43761455 -4.29380501 -4.19721426 -4.08829252 -3.99687006 
1.23284674e-07 -4.44379338 -4.30067884 -4.20123367 -4.09158083 -4.00293210 
1.00000000e-07 -4.45274793 -4.30730320 -4.20558005 -4.09426840 -4.00795708 
