Chemical species: H2 He H2O CO2 SO2 CO H2S NH3 CH4
P (bar) | log_H2: -2σ | log_H2: -1σ | log_H2: median | log_H2: +1σ | log_H2: +2σ 
1.00000000e+02 -0.08210351 -0.07630728 -0.07226808 -0.07008511 -0.06911248 
8.11130831e+01 -0.08210351 -0.07630728 -0.07226808 -0.07008511 -0.06911248 
6.57933225e+01 -0.08210351 -0.07630728 -0.07226808 -0.07008511 -0.06911248 
5.33669923e+01 -0.08210351 -0.07630728 -0.07226808 -0.07008511 -0.06911248 
4.32876128e+01 -0.08210351 -0.07630728 -0.07226808 -0.07008511 -0.06911248 
3.51119173e+01 -0.08210351 -0.07630728 -0.07226808 -0.07008511 -0.06911248 
2.84803587e+01 -0.08210351 -0.07630728 -0.07226808 -0.07008511 -0.06911248 
2.31012970e+01 -0.08210351 -0.07630728 -0.07226808 -0.07008511 -0.06911248 
1.87381742e+01 -0.08210351 -0.07630728 -0.07226808 -0.07008511 -0.06911248 
1.51991108e+01 -0.08210351 -0.07630728 -0.07226808 -0.07008511 -0.06911248 
1.23284674e+01 -0.08210351 -0.07630728 -0.07226808 -0.07008511 -0.06911248 
1.00000000e+01 -0.08210351 -0.07630728 -0.07226808 -0.07008511 -0.06911248 
8.11130831e+00 -0.08210351 -0.07630728 -0.07226808 -0.07008511 -0.06911248 
6.57933225e+00 -0.08210351 -0.07630728 -0.07226808 -0.07008511 -0.06911248 
5.33669923e+00 -0.08210351 -0.07630728 -0.07226808 -0.07008511 -0.06911248 
4.32876128e+00 -0.08210351 -0.07630728 -0.07226808 -0.07008511 -0.06911248 
3.51119173e+00 -0.08210351 -0.07630728 -0.07226808 -0.07008511 -0.06911248 
2.84803587e+00 -0.08210351 -0.07630728 -0.07226808 -0.07008511 -0.06911248 
2.31012970e+00 -0.08210351 -0.07630728 -0.07226808 -0.07008511 -0.06911248 
1.87381742e+00 -0.08210351 -0.07630728 -0.07226808 -0.07008511 -0.06911248 
1.51991108e+00 -0.08210351 -0.07630728 -0.07226808 -0.07008511 -0.06911248 
1.23284674e+00 -0.08210351 -0.07630728 -0.07226808 -0.07008511 -0.06911248 
1.00000000e+00 -0.08210351 -0.07630728 -0.07226808 -0.07008511 -0.06911248 
8.11130831e-01 -0.08210351 -0.07630728 -0.07226808 -0.07008511 -0.06911248 
6.57933225e-01 -0.08210351 -0.07630728 -0.07226808 -0.07008511 -0.06911248 
5.33669923e-01 -0.08210351 -0.07630728 -0.07226808 -0.07008511 -0.06911248 
4.32876128e-01 -0.08210351 -0.07630728 -0.07226808 -0.07008511 -0.06911248 
3.51119173e-01 -0.08210351 -0.07630728 -0.07226808 -0.07008511 -0.06911248 
2.84803587e-01 -0.08210351 -0.07630728 -0.07226808 -0.07008511 -0.06911248 
2.31012970e-01 -0.08210351 -0.07630728 -0.07226808 -0.07008511 -0.06911248 
1.87381742e-01 -0.08210351 -0.07630728 -0.07226808 -0.07008511 -0.06911248 
1.51991108e-01 -0.08210351 -0.07630728 -0.07226808 -0.07008511 -0.06911248 
1.23284674e-01 -0.08210351 -0.07630728 -0.07226808 -0.07008511 -0.06911248 
1.00000000e-01 -0.08210351 -0.07630728 -0.07226808 -0.07008511 -0.06911248 
8.11130831e-02 -0.08210351 -0.07630728 -0.07226808 -0.07008511 -0.06911248 
6.57933225e-02 -0.08210351 -0.07630728 -0.07226808 -0.07008511 -0.06911248 
5.33669923e-02 -0.08210351 -0.07630728 -0.07226808 -0.07008511 -0.06911248 
4.32876128e-02 -0.08210351 -0.07630728 -0.07226808 -0.07008511 -0.06911248 
3.51119173e-02 -0.08210351 -0.07630728 -0.07226808 -0.07008511 -0.06911248 
2.84803587e-02 -0.08210351 -0.07630728 -0.07226808 -0.07008511 -0.06911248 
2.31012970e-02 -0.08210351 -0.07630728 -0.07226808 -0.07008511 -0.06911248 
1.87381742e-02 -0.08210351 -0.07630728 -0.07226808 -0.07008511 -0.06911248 
1.51991108e-02 -0.08210351 -0.07630728 -0.07226808 -0.07008511 -0.06911248 
1.23284674e-02 -0.08210351 -0.07630728 -0.07226808 -0.07008511 -0.06911248 
1.00000000e-02 -0.08210351 -0.07630728 -0.07226808 -0.07008511 -0.06911248 
8.11130831e-03 -0.08210351 -0.07630728 -0.07226808 -0.07008511 -0.06911248 
6.57933225e-03 -0.08210351 -0.07630728 -0.07226808 -0.07008511 -0.06911248 
5.33669923e-03 -0.08210351 -0.07630728 -0.07226808 -0.07008511 -0.06911248 
4.32876128e-03 -0.08210351 -0.07630728 -0.07226808 -0.07008511 -0.06911248 
3.51119173e-03 -0.08210351 -0.07630728 -0.07226808 -0.07008511 -0.06911248 
2.84803587e-03 -0.08210351 -0.07630728 -0.07226808 -0.07008511 -0.06911248 
2.31012970e-03 -0.08210351 -0.07630728 -0.07226808 -0.07008511 -0.06911248 
1.87381742e-03 -0.08210351 -0.07630728 -0.07226808 -0.07008511 -0.06911248 
1.51991108e-03 -0.08210351 -0.07630728 -0.07226808 -0.07008511 -0.06911248 
1.23284674e-03 -0.08210351 -0.07630728 -0.07226808 -0.07008511 -0.06911248 
1.00000000e-03 -0.08210351 -0.07630728 -0.07226808 -0.07008511 -0.06911248 
8.11130831e-04 -0.08210351 -0.07630728 -0.07226808 -0.07008511 -0.06911248 
6.57933225e-04 -0.08210351 -0.07630728 -0.07226808 -0.07008511 -0.06911248 
5.33669923e-04 -0.08210351 -0.07630728 -0.07226808 -0.07008511 -0.06911248 
4.32876128e-04 -0.08210351 -0.07630728 -0.07226808 -0.07008511 -0.06911248 
3.51119173e-04 -0.08210351 -0.07630728 -0.07226808 -0.07008511 -0.06911248 
2.84803587e-04 -0.08210351 -0.07630728 -0.07226808 -0.07008511 -0.06911248 
2.31012970e-04 -0.08210351 -0.07630728 -0.07226808 -0.07008511 -0.06911248 
1.87381742e-04 -0.08210351 -0.07630728 -0.07226808 -0.07008511 -0.06911248 
1.51991108e-04 -0.08210351 -0.07630728 -0.07226808 -0.07008511 -0.06911248 
1.23284674e-04 -0.08210351 -0.07630728 -0.07226808 -0.07008511 -0.06911248 
1.00000000e-04 -0.08210351 -0.07630728 -0.07226808 -0.07008511 -0.06911248 
8.11130831e-05 -0.08210351 -0.07630728 -0.07226808 -0.07008511 -0.06911248 
6.57933225e-05 -0.08210351 -0.07630728 -0.07226808 -0.07008511 -0.06911248 
5.33669923e-05 -0.08210351 -0.07630728 -0.07226808 -0.07008511 -0.06911248 
4.32876128e-05 -0.08210351 -0.07630728 -0.07226808 -0.07008511 -0.06911248 
3.51119173e-05 -0.08210351 -0.07630728 -0.07226808 -0.07008511 -0.06911248 
2.84803587e-05 -0.08210351 -0.07630728 -0.07226808 -0.07008511 -0.06911248 
2.31012970e-05 -0.08210351 -0.07630728 -0.07226808 -0.07008511 -0.06911248 
1.87381742e-05 -0.08210351 -0.07630728 -0.07226808 -0.07008511 -0.06911248 
1.51991108e-05 -0.08210351 -0.07630728 -0.07226808 -0.07008511 -0.06911248 
1.23284674e-05 -0.08210351 -0.07630728 -0.07226808 -0.07008511 -0.06911248 
1.00000000e-05 -0.08210351 -0.07630728 -0.07226808 -0.07008511 -0.06911248 
8.11130831e-06 -0.08210351 -0.07630728 -0.07226808 -0.07008511 -0.06911248 
6.57933225e-06 -0.08210351 -0.07630728 -0.07226808 -0.07008511 -0.06911248 
5.33669923e-06 -0.08210351 -0.07630728 -0.07226808 -0.07008511 -0.06911248 
4.32876128e-06 -0.08210351 -0.07630728 -0.07226808 -0.07008511 -0.06911248 
3.51119173e-06 -0.08210351 -0.07630728 -0.07226808 -0.07008511 -0.06911248 
2.84803587e-06 -0.08210351 -0.07630728 -0.07226808 -0.07008511 -0.06911248 
2.31012970e-06 -0.08210351 -0.07630728 -0.07226808 -0.07008511 -0.06911248 
1.87381742e-06 -0.08210351 -0.07630728 -0.07226808 -0.07008511 -0.06911248 
1.51991108e-06 -0.08210351 -0.07630728 -0.07226808 -0.07008511 -0.06911248 
1.23284674e-06 -0.08210351 -0.07630728 -0.07226808 -0.07008511 -0.06911248 
1.00000000e-06 -0.08210351 -0.07630728 -0.07226808 -0.07008511 -0.06911248 
8.11130831e-07 -0.08210351 -0.07630728 -0.07226808 -0.07008511 -0.06911248 
6.57933225e-07 -0.08210351 -0.07630728 -0.07226808 -0.07008511 -0.06911248 
5.33669923e-07 -0.08210351 -0.07630728 -0.07226808 -0.07008511 -0.06911248 
4.32876128e-07 -0.08210351 -0.07630728 -0.07226808 -0.07008511 -0.06911248 
3.51119173e-07 -0.08210351 -0.07630728 -0.07226808 -0.07008511 -0.06911248 
2.84803587e-07 -0.08210351 -0.07630728 -0.07226808 -0.07008511 -0.06911248 
2.31012970e-07 -0.08210351 -0.07630728 -0.07226808 -0.07008511 -0.06911248 
1.87381742e-07 -0.08210351 -0.07630728 -0.07226808 -0.07008511 -0.06911248 
1.51991108e-07 -0.08210351 -0.07630728 -0.07226808 -0.07008511 -0.06911248 
1.23284674e-07 -0.08210351 -0.07630728 -0.07226808 -0.07008511 -0.06911248 
1.00000000e-07 -0.08210351 -0.07630728 -0.07226808 -0.07008511 -0.06911248 
P (bar) | log_He: -2σ | log_He: -1σ | log_He: median | log_He: +1σ | log_He: +2σ 
1.00000000e+02 -0.85165459 -0.84585836 -0.84181915 -0.83963618 -0.83866356 
8.11130831e+01 -0.85165459 -0.84585836 -0.84181915 -0.83963618 -0.83866356 
6.57933225e+01 -0.85165459 -0.84585836 -0.84181915 -0.83963618 -0.83866356 
5.33669923e+01 -0.85165459 -0.84585836 -0.84181915 -0.83963618 -0.83866356 
4.32876128e+01 -0.85165459 -0.84585836 -0.84181915 -0.83963618 -0.83866356 
3.51119173e+01 -0.85165459 -0.84585836 -0.84181915 -0.83963618 -0.83866356 
2.84803587e+01 -0.85165459 -0.84585836 -0.84181915 -0.83963618 -0.83866356 
2.31012970e+01 -0.85165459 -0.84585836 -0.84181915 -0.83963618 -0.83866356 
1.87381742e+01 -0.85165459 -0.84585836 -0.84181915 -0.83963618 -0.83866356 
1.51991108e+01 -0.85165459 -0.84585836 -0.84181915 -0.83963618 -0.83866356 
1.23284674e+01 -0.85165459 -0.84585836 -0.84181915 -0.83963618 -0.83866356 
1.00000000e+01 -0.85165459 -0.84585836 -0.84181915 -0.83963618 -0.83866356 
8.11130831e+00 -0.85165459 -0.84585836 -0.84181915 -0.83963618 -0.83866356 
6.57933225e+00 -0.85165459 -0.84585836 -0.84181915 -0.83963618 -0.83866356 
5.33669923e+00 -0.85165459 -0.84585836 -0.84181915 -0.83963618 -0.83866356 
4.32876128e+00 -0.85165459 -0.84585836 -0.84181915 -0.83963618 -0.83866356 
3.51119173e+00 -0.85165459 -0.84585836 -0.84181915 -0.83963618 -0.83866356 
2.84803587e+00 -0.85165459 -0.84585836 -0.84181915 -0.83963618 -0.83866356 
2.31012970e+00 -0.85165459 -0.84585836 -0.84181915 -0.83963618 -0.83866356 
1.87381742e+00 -0.85165459 -0.84585836 -0.84181915 -0.83963618 -0.83866356 
1.51991108e+00 -0.85165459 -0.84585836 -0.84181915 -0.83963618 -0.83866356 
1.23284674e+00 -0.85165459 -0.84585836 -0.84181915 -0.83963618 -0.83866356 
1.00000000e+00 -0.85165459 -0.84585836 -0.84181915 -0.83963618 -0.83866356 
8.11130831e-01 -0.85165459 -0.84585836 -0.84181915 -0.83963618 -0.83866356 
6.57933225e-01 -0.85165459 -0.84585836 -0.84181915 -0.83963618 -0.83866356 
5.33669923e-01 -0.85165459 -0.84585836 -0.84181915 -0.83963618 -0.83866356 
4.32876128e-01 -0.85165459 -0.84585836 -0.84181915 -0.83963618 -0.83866356 
3.51119173e-01 -0.85165459 -0.84585836 -0.84181915 -0.83963618 -0.83866356 
2.84803587e-01 -0.85165459 -0.84585836 -0.84181915 -0.83963618 -0.83866356 
2.31012970e-01 -0.85165459 -0.84585836 -0.84181915 -0.83963618 -0.83866356 
1.87381742e-01 -0.85165459 -0.84585836 -0.84181915 -0.83963618 -0.83866356 
1.51991108e-01 -0.85165459 -0.84585836 -0.84181915 -0.83963618 -0.83866356 
1.23284674e-01 -0.85165459 -0.84585836 -0.84181915 -0.83963618 -0.83866356 
1.00000000e-01 -0.85165459 -0.84585836 -0.84181915 -0.83963618 -0.83866356 
8.11130831e-02 -0.85165459 -0.84585836 -0.84181915 -0.83963618 -0.83866356 
6.57933225e-02 -0.85165459 -0.84585836 -0.84181915 -0.83963618 -0.83866356 
5.33669923e-02 -0.85165459 -0.84585836 -0.84181915 -0.83963618 -0.83866356 
4.32876128e-02 -0.85165459 -0.84585836 -0.84181915 -0.83963618 -0.83866356 
3.51119173e-02 -0.85165459 -0.84585836 -0.84181915 -0.83963618 -0.83866356 
2.84803587e-02 -0.85165459 -0.84585836 -0.84181915 -0.83963618 -0.83866356 
2.31012970e-02 -0.85165459 -0.84585836 -0.84181915 -0.83963618 -0.83866356 
1.87381742e-02 -0.85165459 -0.84585836 -0.84181915 -0.83963618 -0.83866356 
1.51991108e-02 -0.85165459 -0.84585836 -0.84181915 -0.83963618 -0.83866356 
1.23284674e-02 -0.85165459 -0.84585836 -0.84181915 -0.83963618 -0.83866356 
1.00000000e-02 -0.85165459 -0.84585836 -0.84181915 -0.83963618 -0.83866356 
8.11130831e-03 -0.85165459 -0.84585836 -0.84181915 -0.83963618 -0.83866356 
6.57933225e-03 -0.85165459 -0.84585836 -0.84181915 -0.83963618 -0.83866356 
5.33669923e-03 -0.85165459 -0.84585836 -0.84181915 -0.83963618 -0.83866356 
4.32876128e-03 -0.85165459 -0.84585836 -0.84181915 -0.83963618 -0.83866356 
3.51119173e-03 -0.85165459 -0.84585836 -0.84181915 -0.83963618 -0.83866356 
2.84803587e-03 -0.85165459 -0.84585836 -0.84181915 -0.83963618 -0.83866356 
2.31012970e-03 -0.85165459 -0.84585836 -0.84181915 -0.83963618 -0.83866356 
1.87381742e-03 -0.85165459 -0.84585836 -0.84181915 -0.83963618 -0.83866356 
1.51991108e-03 -0.85165459 -0.84585836 -0.84181915 -0.83963618 -0.83866356 
1.23284674e-03 -0.85165459 -0.84585836 -0.84181915 -0.83963618 -0.83866356 
1.00000000e-03 -0.85165459 -0.84585836 -0.84181915 -0.83963618 -0.83866356 
8.11130831e-04 -0.85165459 -0.84585836 -0.84181915 -0.83963618 -0.83866356 
6.57933225e-04 -0.85165459 -0.84585836 -0.84181915 -0.83963618 -0.83866356 
5.33669923e-04 -0.85165459 -0.84585836 -0.84181915 -0.83963618 -0.83866356 
4.32876128e-04 -0.85165459 -0.84585836 -0.84181915 -0.83963618 -0.83866356 
3.51119173e-04 -0.85165459 -0.84585836 -0.84181915 -0.83963618 -0.83866356 
2.84803587e-04 -0.85165459 -0.84585836 -0.84181915 -0.83963618 -0.83866356 
2.31012970e-04 -0.85165459 -0.84585836 -0.84181915 -0.83963618 -0.83866356 
1.87381742e-04 -0.85165459 -0.84585836 -0.84181915 -0.83963618 -0.83866356 
1.51991108e-04 -0.85165459 -0.84585836 -0.84181915 -0.83963618 -0.83866356 
1.23284674e-04 -0.85165459 -0.84585836 -0.84181915 -0.83963618 -0.83866356 
1.00000000e-04 -0.85165459 -0.84585836 -0.84181915 -0.83963618 -0.83866356 
8.11130831e-05 -0.85165459 -0.84585836 -0.84181915 -0.83963618 -0.83866356 
6.57933225e-05 -0.85165459 -0.84585836 -0.84181915 -0.83963618 -0.83866356 
5.33669923e-05 -0.85165459 -0.84585836 -0.84181915 -0.83963618 -0.83866356 
4.32876128e-05 -0.85165459 -0.84585836 -0.84181915 -0.83963618 -0.83866356 
3.51119173e-05 -0.85165459 -0.84585836 -0.84181915 -0.83963618 -0.83866356 
2.84803587e-05 -0.85165459 -0.84585836 -0.84181915 -0.83963618 -0.83866356 
2.31012970e-05 -0.85165459 -0.84585836 -0.84181915 -0.83963618 -0.83866356 
1.87381742e-05 -0.85165459 -0.84585836 -0.84181915 -0.83963618 -0.83866356 
1.51991108e-05 -0.85165459 -0.84585836 -0.84181915 -0.83963618 -0.83866356 
1.23284674e-05 -0.85165459 -0.84585836 -0.84181915 -0.83963618 -0.83866356 
1.00000000e-05 -0.85165459 -0.84585836 -0.84181915 -0.83963618 -0.83866356 
8.11130831e-06 -0.85165459 -0.84585836 -0.84181915 -0.83963618 -0.83866356 
6.57933225e-06 -0.85165459 -0.84585836 -0.84181915 -0.83963618 -0.83866356 
5.33669923e-06 -0.85165459 -0.84585836 -0.84181915 -0.83963618 -0.83866356 
4.32876128e-06 -0.85165459 -0.84585836 -0.84181915 -0.83963618 -0.83866356 
3.51119173e-06 -0.85165459 -0.84585836 -0.84181915 -0.83963618 -0.83866356 
2.84803587e-06 -0.85165459 -0.84585836 -0.84181915 -0.83963618 -0.83866356 
2.31012970e-06 -0.85165459 -0.84585836 -0.84181915 -0.83963618 -0.83866356 
1.87381742e-06 -0.85165459 -0.84585836 -0.84181915 -0.83963618 -0.83866356 
1.51991108e-06 -0.85165459 -0.84585836 -0.84181915 -0.83963618 -0.83866356 
1.23284674e-06 -0.85165459 -0.84585836 -0.84181915 -0.83963618 -0.83866356 
1.00000000e-06 -0.85165459 -0.84585836 -0.84181915 -0.83963618 -0.83866356 
8.11130831e-07 -0.85165459 -0.84585836 -0.84181915 -0.83963618 -0.83866356 
6.57933225e-07 -0.85165459 -0.84585836 -0.84181915 -0.83963618 -0.83866356 
5.33669923e-07 -0.85165459 -0.84585836 -0.84181915 -0.83963618 -0.83866356 
4.32876128e-07 -0.85165459 -0.84585836 -0.84181915 -0.83963618 -0.83866356 
3.51119173e-07 -0.85165459 -0.84585836 -0.84181915 -0.83963618 -0.83866356 
2.84803587e-07 -0.85165459 -0.84585836 -0.84181915 -0.83963618 -0.83866356 
2.31012970e-07 -0.85165459 -0.84585836 -0.84181915 -0.83963618 -0.83866356 
1.87381742e-07 -0.85165459 -0.84585836 -0.84181915 -0.83963618 -0.83866356 
1.51991108e-07 -0.85165459 -0.84585836 -0.84181915 -0.83963618 -0.83866356 
1.23284674e-07 -0.85165459 -0.84585836 -0.84181915 -0.83963618 -0.83866356 
1.00000000e-07 -0.85165459 -0.84585836 -0.84181915 -0.83963618 -0.83866356 
P (bar) | log_H2O: -2σ | log_H2O: -1σ | log_H2O: median | log_H2O: +1σ | log_H2O: +2σ 
1.00000000e+02 -2.76381146 -2.46196200 -2.13296457 -1.81886393 -1.57944331 
8.11130831e+01 -2.76381146 -2.46196200 -2.13296457 -1.81886393 -1.57944331 
6.57933225e+01 -2.76381146 -2.46196200 -2.13296457 -1.81886393 -1.57944331 
5.33669923e+01 -2.76381146 -2.46196200 -2.13296457 -1.81886393 -1.57944331 
4.32876128e+01 -2.76381146 -2.46196200 -2.13296457 -1.81886393 -1.57944331 
3.51119173e+01 -2.76381146 -2.46196200 -2.13296457 -1.81886393 -1.57944331 
2.84803587e+01 -2.76381146 -2.46196200 -2.13296457 -1.81886393 -1.57944331 
2.31012970e+01 -2.76381146 -2.46196200 -2.13296457 -1.81886393 -1.57944331 
1.87381742e+01 -2.76381146 -2.46196200 -2.13296457 -1.81886393 -1.57944331 
1.51991108e+01 -2.76381146 -2.46196200 -2.13296457 -1.81886393 -1.57944331 
1.23284674e+01 -2.76381146 -2.46196200 -2.13296457 -1.81886393 -1.57944331 
1.00000000e+01 -2.76381146 -2.46196200 -2.13296457 -1.81886393 -1.57944331 
8.11130831e+00 -2.76381146 -2.46196200 -2.13296457 -1.81886393 -1.57944331 
6.57933225e+00 -2.76381146 -2.46196200 -2.13296457 -1.81886393 -1.57944331 
5.33669923e+00 -2.76381146 -2.46196200 -2.13296457 -1.81886393 -1.57944331 
4.32876128e+00 -2.76381146 -2.46196200 -2.13296457 -1.81886393 -1.57944331 
3.51119173e+00 -2.76381146 -2.46196200 -2.13296457 -1.81886393 -1.57944331 
2.84803587e+00 -2.76381146 -2.46196200 -2.13296457 -1.81886393 -1.57944331 
2.31012970e+00 -2.76381146 -2.46196200 -2.13296457 -1.81886393 -1.57944331 
1.87381742e+00 -2.76381146 -2.46196200 -2.13296457 -1.81886393 -1.57944331 
1.51991108e+00 -2.76381146 -2.46196200 -2.13296457 -1.81886393 -1.57944331 
1.23284674e+00 -2.76381146 -2.46196200 -2.13296457 -1.81886393 -1.57944331 
1.00000000e+00 -2.76381146 -2.46196200 -2.13296457 -1.81886393 -1.57944331 
8.11130831e-01 -2.76381146 -2.46196200 -2.13296457 -1.81886393 -1.57944331 
6.57933225e-01 -2.76381146 -2.46196200 -2.13296457 -1.81886393 -1.57944331 
5.33669923e-01 -2.76381146 -2.46196200 -2.13296457 -1.81886393 -1.57944331 
4.32876128e-01 -2.76381146 -2.46196200 -2.13296457 -1.81886393 -1.57944331 
3.51119173e-01 -2.76381146 -2.46196200 -2.13296457 -1.81886393 -1.57944331 
2.84803587e-01 -2.76381146 -2.46196200 -2.13296457 -1.81886393 -1.57944331 
2.31012970e-01 -2.76381146 -2.46196200 -2.13296457 -1.81886393 -1.57944331 
1.87381742e-01 -2.76381146 -2.46196200 -2.13296457 -1.81886393 -1.57944331 
1.51991108e-01 -2.76381146 -2.46196200 -2.13296457 -1.81886393 -1.57944331 
1.23284674e-01 -2.76381146 -2.46196200 -2.13296457 -1.81886393 -1.57944331 
1.00000000e-01 -2.76381146 -2.46196200 -2.13296457 -1.81886393 -1.57944331 
8.11130831e-02 -2.76381146 -2.46196200 -2.13296457 -1.81886393 -1.57944331 
6.57933225e-02 -2.76381146 -2.46196200 -2.13296457 -1.81886393 -1.57944331 
5.33669923e-02 -2.76381146 -2.46196200 -2.13296457 -1.81886393 -1.57944331 
4.32876128e-02 -2.76381146 -2.46196200 -2.13296457 -1.81886393 -1.57944331 
3.51119173e-02 -2.76381146 -2.46196200 -2.13296457 -1.81886393 -1.57944331 
2.84803587e-02 -2.76381146 -2.46196200 -2.13296457 -1.81886393 -1.57944331 
2.31012970e-02 -2.76381146 -2.46196200 -2.13296457 -1.81886393 -1.57944331 
1.87381742e-02 -2.76381146 -2.46196200 -2.13296457 -1.81886393 -1.57944331 
1.51991108e-02 -2.76381146 -2.46196200 -2.13296457 -1.81886393 -1.57944331 
1.23284674e-02 -2.76381146 -2.46196200 -2.13296457 -1.81886393 -1.57944331 
1.00000000e-02 -2.76381146 -2.46196200 -2.13296457 -1.81886393 -1.57944331 
8.11130831e-03 -2.76381146 -2.46196200 -2.13296457 -1.81886393 -1.57944331 
6.57933225e-03 -2.76381146 -2.46196200 -2.13296457 -1.81886393 -1.57944331 
5.33669923e-03 -2.76381146 -2.46196200 -2.13296457 -1.81886393 -1.57944331 
4.32876128e-03 -2.76381146 -2.46196200 -2.13296457 -1.81886393 -1.57944331 
3.51119173e-03 -2.76381146 -2.46196200 -2.13296457 -1.81886393 -1.57944331 
2.84803587e-03 -2.76381146 -2.46196200 -2.13296457 -1.81886393 -1.57944331 
2.31012970e-03 -2.76381146 -2.46196200 -2.13296457 -1.81886393 -1.57944331 
1.87381742e-03 -2.76381146 -2.46196200 -2.13296457 -1.81886393 -1.57944331 
1.51991108e-03 -2.76381146 -2.46196200 -2.13296457 -1.81886393 -1.57944331 
1.23284674e-03 -2.76381146 -2.46196200 -2.13296457 -1.81886393 -1.57944331 
1.00000000e-03 -2.76381146 -2.46196200 -2.13296457 -1.81886393 -1.57944331 
8.11130831e-04 -2.76381146 -2.46196200 -2.13296457 -1.81886393 -1.57944331 
6.57933225e-04 -2.76381146 -2.46196200 -2.13296457 -1.81886393 -1.57944331 
5.33669923e-04 -2.76381146 -2.46196200 -2.13296457 -1.81886393 -1.57944331 
4.32876128e-04 -2.76381146 -2.46196200 -2.13296457 -1.81886393 -1.57944331 
3.51119173e-04 -2.76381146 -2.46196200 -2.13296457 -1.81886393 -1.57944331 
2.84803587e-04 -2.76381146 -2.46196200 -2.13296457 -1.81886393 -1.57944331 
2.31012970e-04 -2.76381146 -2.46196200 -2.13296457 -1.81886393 -1.57944331 
1.87381742e-04 -2.76381146 -2.46196200 -2.13296457 -1.81886393 -1.57944331 
1.51991108e-04 -2.76381146 -2.46196200 -2.13296457 -1.81886393 -1.57944331 
1.23284674e-04 -2.76381146 -2.46196200 -2.13296457 -1.81886393 -1.57944331 
1.00000000e-04 -2.76381146 -2.46196200 -2.13296457 -1.81886393 -1.57944331 
8.11130831e-05 -2.76381146 -2.46196200 -2.13296457 -1.81886393 -1.57944331 
6.57933225e-05 -2.76381146 -2.46196200 -2.13296457 -1.81886393 -1.57944331 
5.33669923e-05 -2.76381146 -2.46196200 -2.13296457 -1.81886393 -1.57944331 
4.32876128e-05 -2.76381146 -2.46196200 -2.13296457 -1.81886393 -1.57944331 
3.51119173e-05 -2.76381146 -2.46196200 -2.13296457 -1.81886393 -1.57944331 
2.84803587e-05 -2.76381146 -2.46196200 -2.13296457 -1.81886393 -1.57944331 
2.31012970e-05 -2.76381146 -2.46196200 -2.13296457 -1.81886393 -1.57944331 
1.87381742e-05 -2.76381146 -2.46196200 -2.13296457 -1.81886393 -1.57944331 
1.51991108e-05 -2.76381146 -2.46196200 -2.13296457 -1.81886393 -1.57944331 
1.23284674e-05 -2.76381146 -2.46196200 -2.13296457 -1.81886393 -1.57944331 
1.00000000e-05 -2.76381146 -2.46196200 -2.13296457 -1.81886393 -1.57944331 
8.11130831e-06 -2.76381146 -2.46196200 -2.13296457 -1.81886393 -1.57944331 
6.57933225e-06 -2.76381146 -2.46196200 -2.13296457 -1.81886393 -1.57944331 
5.33669923e-06 -2.76381146 -2.46196200 -2.13296457 -1.81886393 -1.57944331 
4.32876128e-06 -2.76381146 -2.46196200 -2.13296457 -1.81886393 -1.57944331 
3.51119173e-06 -2.76381146 -2.46196200 -2.13296457 -1.81886393 -1.57944331 
2.84803587e-06 -2.76381146 -2.46196200 -2.13296457 -1.81886393 -1.57944331 
2.31012970e-06 -2.76381146 -2.46196200 -2.13296457 -1.81886393 -1.57944331 
1.87381742e-06 -2.76381146 -2.46196200 -2.13296457 -1.81886393 -1.57944331 
1.51991108e-06 -2.76381146 -2.46196200 -2.13296457 -1.81886393 -1.57944331 
1.23284674e-06 -2.76381146 -2.46196200 -2.13296457 -1.81886393 -1.57944331 
1.00000000e-06 -2.76381146 -2.46196200 -2.13296457 -1.81886393 -1.57944331 
8.11130831e-07 -2.76381146 -2.46196200 -2.13296457 -1.81886393 -1.57944331 
6.57933225e-07 -2.76381146 -2.46196200 -2.13296457 -1.81886393 -1.57944331 
5.33669923e-07 -2.76381146 -2.46196200 -2.13296457 -1.81886393 -1.57944331 
4.32876128e-07 -2.76381146 -2.46196200 -2.13296457 -1.81886393 -1.57944331 
3.51119173e-07 -2.76381146 -2.46196200 -2.13296457 -1.81886393 -1.57944331 
2.84803587e-07 -2.76381146 -2.46196200 -2.13296457 -1.81886393 -1.57944331 
2.31012970e-07 -2.76381146 -2.46196200 -2.13296457 -1.81886393 -1.57944331 
1.87381742e-07 -2.76381146 -2.46196200 -2.13296457 -1.81886393 -1.57944331 
1.51991108e-07 -2.76381146 -2.46196200 -2.13296457 -1.81886393 -1.57944331 
1.23284674e-07 -2.76381146 -2.46196200 -2.13296457 -1.81886393 -1.57944331 
1.00000000e-07 -2.76381146 -2.46196200 -2.13296457 -1.81886393 -1.57944331 
P (bar) | log_CO2: -2σ | log_CO2: -1σ | log_CO2: median | log_CO2: +1σ | log_CO2: +2σ 
1.00000000e+02 -3.95556930 -3.54187877 -3.10905098 -2.74199095 -2.44765562 
8.11130831e+01 -3.95556930 -3.54187877 -3.10905098 -2.74199095 -2.44765562 
6.57933225e+01 -3.95556930 -3.54187877 -3.10905098 -2.74199095 -2.44765562 
5.33669923e+01 -3.95556930 -3.54187877 -3.10905098 -2.74199095 -2.44765562 
4.32876128e+01 -3.95556930 -3.54187877 -3.10905098 -2.74199095 -2.44765562 
3.51119173e+01 -3.95556930 -3.54187877 -3.10905098 -2.74199095 -2.44765562 
2.84803587e+01 -3.95556930 -3.54187877 -3.10905098 -2.74199095 -2.44765562 
2.31012970e+01 -3.95556930 -3.54187877 -3.10905098 -2.74199095 -2.44765562 
1.87381742e+01 -3.95556930 -3.54187877 -3.10905098 -2.74199095 -2.44765562 
1.51991108e+01 -3.95556930 -3.54187877 -3.10905098 -2.74199095 -2.44765562 
1.23284674e+01 -3.95556930 -3.54187877 -3.10905098 -2.74199095 -2.44765562 
1.00000000e+01 -3.95556930 -3.54187877 -3.10905098 -2.74199095 -2.44765562 
8.11130831e+00 -3.95556930 -3.54187877 -3.10905098 -2.74199095 -2.44765562 
6.57933225e+00 -3.95556930 -3.54187877 -3.10905098 -2.74199095 -2.44765562 
5.33669923e+00 -3.95556930 -3.54187877 -3.10905098 -2.74199095 -2.44765562 
4.32876128e+00 -3.95556930 -3.54187877 -3.10905098 -2.74199095 -2.44765562 
3.51119173e+00 -3.95556930 -3.54187877 -3.10905098 -2.74199095 -2.44765562 
2.84803587e+00 -3.95556930 -3.54187877 -3.10905098 -2.74199095 -2.44765562 
2.31012970e+00 -3.95556930 -3.54187877 -3.10905098 -2.74199095 -2.44765562 
1.87381742e+00 -3.95556930 -3.54187877 -3.10905098 -2.74199095 -2.44765562 
1.51991108e+00 -3.95556930 -3.54187877 -3.10905098 -2.74199095 -2.44765562 
1.23284674e+00 -3.95556930 -3.54187877 -3.10905098 -2.74199095 -2.44765562 
1.00000000e+00 -3.95556930 -3.54187877 -3.10905098 -2.74199095 -2.44765562 
8.11130831e-01 -3.95556930 -3.54187877 -3.10905098 -2.74199095 -2.44765562 
6.57933225e-01 -3.95556930 -3.54187877 -3.10905098 -2.74199095 -2.44765562 
5.33669923e-01 -3.95556930 -3.54187877 -3.10905098 -2.74199095 -2.44765562 
4.32876128e-01 -3.95556930 -3.54187877 -3.10905098 -2.74199095 -2.44765562 
3.51119173e-01 -3.95556930 -3.54187877 -3.10905098 -2.74199095 -2.44765562 
2.84803587e-01 -3.95556930 -3.54187877 -3.10905098 -2.74199095 -2.44765562 
2.31012970e-01 -3.95556930 -3.54187877 -3.10905098 -2.74199095 -2.44765562 
1.87381742e-01 -3.95556930 -3.54187877 -3.10905098 -2.74199095 -2.44765562 
1.51991108e-01 -3.95556930 -3.54187877 -3.10905098 -2.74199095 -2.44765562 
1.23284674e-01 -3.95556930 -3.54187877 -3.10905098 -2.74199095 -2.44765562 
1.00000000e-01 -3.95556930 -3.54187877 -3.10905098 -2.74199095 -2.44765562 
8.11130831e-02 -3.95556930 -3.54187877 -3.10905098 -2.74199095 -2.44765562 
6.57933225e-02 -3.95556930 -3.54187877 -3.10905098 -2.74199095 -2.44765562 
5.33669923e-02 -3.95556930 -3.54187877 -3.10905098 -2.74199095 -2.44765562 
4.32876128e-02 -3.95556930 -3.54187877 -3.10905098 -2.74199095 -2.44765562 
3.51119173e-02 -3.95556930 -3.54187877 -3.10905098 -2.74199095 -2.44765562 
2.84803587e-02 -3.95556930 -3.54187877 -3.10905098 -2.74199095 -2.44765562 
2.31012970e-02 -3.95556930 -3.54187877 -3.10905098 -2.74199095 -2.44765562 
1.87381742e-02 -3.95556930 -3.54187877 -3.10905098 -2.74199095 -2.44765562 
1.51991108e-02 -3.95556930 -3.54187877 -3.10905098 -2.74199095 -2.44765562 
1.23284674e-02 -3.95556930 -3.54187877 -3.10905098 -2.74199095 -2.44765562 
1.00000000e-02 -3.95556930 -3.54187877 -3.10905098 -2.74199095 -2.44765562 
8.11130831e-03 -3.95556930 -3.54187877 -3.10905098 -2.74199095 -2.44765562 
6.57933225e-03 -3.95556930 -3.54187877 -3.10905098 -2.74199095 -2.44765562 
5.33669923e-03 -3.95556930 -3.54187877 -3.10905098 -2.74199095 -2.44765562 
4.32876128e-03 -3.95556930 -3.54187877 -3.10905098 -2.74199095 -2.44765562 
3.51119173e-03 -3.95556930 -3.54187877 -3.10905098 -2.74199095 -2.44765562 
2.84803587e-03 -3.95556930 -3.54187877 -3.10905098 -2.74199095 -2.44765562 
2.31012970e-03 -3.95556930 -3.54187877 -3.10905098 -2.74199095 -2.44765562 
1.87381742e-03 -3.95556930 -3.54187877 -3.10905098 -2.74199095 -2.44765562 
1.51991108e-03 -3.95556930 -3.54187877 -3.10905098 -2.74199095 -2.44765562 
1.23284674e-03 -3.95556930 -3.54187877 -3.10905098 -2.74199095 -2.44765562 
1.00000000e-03 -3.95556930 -3.54187877 -3.10905098 -2.74199095 -2.44765562 
8.11130831e-04 -3.95556930 -3.54187877 -3.10905098 -2.74199095 -2.44765562 
6.57933225e-04 -3.95556930 -3.54187877 -3.10905098 -2.74199095 -2.44765562 
5.33669923e-04 -3.95556930 -3.54187877 -3.10905098 -2.74199095 -2.44765562 
4.32876128e-04 -3.95556930 -3.54187877 -3.10905098 -2.74199095 -2.44765562 
3.51119173e-04 -3.95556930 -3.54187877 -3.10905098 -2.74199095 -2.44765562 
2.84803587e-04 -3.95556930 -3.54187877 -3.10905098 -2.74199095 -2.44765562 
2.31012970e-04 -3.95556930 -3.54187877 -3.10905098 -2.74199095 -2.44765562 
1.87381742e-04 -3.95556930 -3.54187877 -3.10905098 -2.74199095 -2.44765562 
1.51991108e-04 -3.95556930 -3.54187877 -3.10905098 -2.74199095 -2.44765562 
1.23284674e-04 -3.95556930 -3.54187877 -3.10905098 -2.74199095 -2.44765562 
1.00000000e-04 -3.95556930 -3.54187877 -3.10905098 -2.74199095 -2.44765562 
8.11130831e-05 -3.95556930 -3.54187877 -3.10905098 -2.74199095 -2.44765562 
6.57933225e-05 -3.95556930 -3.54187877 -3.10905098 -2.74199095 -2.44765562 
5.33669923e-05 -3.95556930 -3.54187877 -3.10905098 -2.74199095 -2.44765562 
4.32876128e-05 -3.95556930 -3.54187877 -3.10905098 -2.74199095 -2.44765562 
3.51119173e-05 -3.95556930 -3.54187877 -3.10905098 -2.74199095 -2.44765562 
2.84803587e-05 -3.95556930 -3.54187877 -3.10905098 -2.74199095 -2.44765562 
2.31012970e-05 -3.95556930 -3.54187877 -3.10905098 -2.74199095 -2.44765562 
1.87381742e-05 -3.95556930 -3.54187877 -3.10905098 -2.74199095 -2.44765562 
1.51991108e-05 -3.95556930 -3.54187877 -3.10905098 -2.74199095 -2.44765562 
1.23284674e-05 -3.95556930 -3.54187877 -3.10905098 -2.74199095 -2.44765562 
1.00000000e-05 -3.95556930 -3.54187877 -3.10905098 -2.74199095 -2.44765562 
8.11130831e-06 -3.95556930 -3.54187877 -3.10905098 -2.74199095 -2.44765562 
6.57933225e-06 -3.95556930 -3.54187877 -3.10905098 -2.74199095 -2.44765562 
5.33669923e-06 -3.95556930 -3.54187877 -3.10905098 -2.74199095 -2.44765562 
4.32876128e-06 -3.95556930 -3.54187877 -3.10905098 -2.74199095 -2.44765562 
3.51119173e-06 -3.95556930 -3.54187877 -3.10905098 -2.74199095 -2.44765562 
2.84803587e-06 -3.95556930 -3.54187877 -3.10905098 -2.74199095 -2.44765562 
2.31012970e-06 -3.95556930 -3.54187877 -3.10905098 -2.74199095 -2.44765562 
1.87381742e-06 -3.95556930 -3.54187877 -3.10905098 -2.74199095 -2.44765562 
1.51991108e-06 -3.95556930 -3.54187877 -3.10905098 -2.74199095 -2.44765562 
1.23284674e-06 -3.95556930 -3.54187877 -3.10905098 -2.74199095 -2.44765562 
1.00000000e-06 -3.95556930 -3.54187877 -3.10905098 -2.74199095 -2.44765562 
8.11130831e-07 -3.95556930 -3.54187877 -3.10905098 -2.74199095 -2.44765562 
6.57933225e-07 -3.95556930 -3.54187877 -3.10905098 -2.74199095 -2.44765562 
5.33669923e-07 -3.95556930 -3.54187877 -3.10905098 -2.74199095 -2.44765562 
4.32876128e-07 -3.95556930 -3.54187877 -3.10905098 -2.74199095 -2.44765562 
3.51119173e-07 -3.95556930 -3.54187877 -3.10905098 -2.74199095 -2.44765562 
2.84803587e-07 -3.95556930 -3.54187877 -3.10905098 -2.74199095 -2.44765562 
2.31012970e-07 -3.95556930 -3.54187877 -3.10905098 -2.74199095 -2.44765562 
1.87381742e-07 -3.95556930 -3.54187877 -3.10905098 -2.74199095 -2.44765562 
1.51991108e-07 -3.95556930 -3.54187877 -3.10905098 -2.74199095 -2.44765562 
1.23284674e-07 -3.95556930 -3.54187877 -3.10905098 -2.74199095 -2.44765562 
1.00000000e-07 -3.95556930 -3.54187877 -3.10905098 -2.74199095 -2.44765562 
P (bar) | log_SO2: -2σ | log_SO2: -1σ | log_SO2: median | log_SO2: +1σ | log_SO2: +2σ 
1.00000000e+02 -5.51893670 -5.30485568 -5.07776971 -4.86350171 -4.66711913 
8.11130831e+01 -5.51893670 -5.30485568 -5.07776971 -4.86350171 -4.66711913 
6.57933225e+01 -5.51893670 -5.30485568 -5.07776971 -4.86350171 -4.66711913 
5.33669923e+01 -5.51893670 -5.30485568 -5.07776971 -4.86350171 -4.66711913 
4.32876128e+01 -5.51893670 -5.30485568 -5.07776971 -4.86350171 -4.66711913 
3.51119173e+01 -5.51893670 -5.30485568 -5.07776971 -4.86350171 -4.66711913 
2.84803587e+01 -5.51893670 -5.30485568 -5.07776971 -4.86350171 -4.66711913 
2.31012970e+01 -5.51893670 -5.30485568 -5.07776971 -4.86350171 -4.66711913 
1.87381742e+01 -5.51893670 -5.30485568 -5.07776971 -4.86350171 -4.66711913 
1.51991108e+01 -5.51893670 -5.30485568 -5.07776971 -4.86350171 -4.66711913 
1.23284674e+01 -5.51893670 -5.30485568 -5.07776971 -4.86350171 -4.66711913 
1.00000000e+01 -5.51893670 -5.30485568 -5.07776971 -4.86350171 -4.66711913 
8.11130831e+00 -5.51893670 -5.30485568 -5.07776971 -4.86350171 -4.66711913 
6.57933225e+00 -5.51893670 -5.30485568 -5.07776971 -4.86350171 -4.66711913 
5.33669923e+00 -5.51893670 -5.30485568 -5.07776971 -4.86350171 -4.66711913 
4.32876128e+00 -5.51893670 -5.30485568 -5.07776971 -4.86350171 -4.66711913 
3.51119173e+00 -5.51893670 -5.30485568 -5.07776971 -4.86350171 -4.66711913 
2.84803587e+00 -5.51893670 -5.30485568 -5.07776971 -4.86350171 -4.66711913 
2.31012970e+00 -5.51893670 -5.30485568 -5.07776971 -4.86350171 -4.66711913 
1.87381742e+00 -5.51893670 -5.30485568 -5.07776971 -4.86350171 -4.66711913 
1.51991108e+00 -5.51893670 -5.30485568 -5.07776971 -4.86350171 -4.66711913 
1.23284674e+00 -5.51893670 -5.30485568 -5.07776971 -4.86350171 -4.66711913 
1.00000000e+00 -5.51893670 -5.30485568 -5.07776971 -4.86350171 -4.66711913 
8.11130831e-01 -5.51893670 -5.30485568 -5.07776971 -4.86350171 -4.66711913 
6.57933225e-01 -5.51893670 -5.30485568 -5.07776971 -4.86350171 -4.66711913 
5.33669923e-01 -5.51893670 -5.30485568 -5.07776971 -4.86350171 -4.66711913 
4.32876128e-01 -5.51893670 -5.30485568 -5.07776971 -4.86350171 -4.66711913 
3.51119173e-01 -5.51893670 -5.30485568 -5.07776971 -4.86350171 -4.66711913 
2.84803587e-01 -5.51893670 -5.30485568 -5.07776971 -4.86350171 -4.66711913 
2.31012970e-01 -5.51893670 -5.30485568 -5.07776971 -4.86350171 -4.66711913 
1.87381742e-01 -5.51893670 -5.30485568 -5.07776971 -4.86350171 -4.66711913 
1.51991108e-01 -5.51893670 -5.30485568 -5.07776971 -4.86350171 -4.66711913 
1.23284674e-01 -5.51893670 -5.30485568 -5.07776971 -4.86350171 -4.66711913 
1.00000000e-01 -5.51893670 -5.30485568 -5.07776971 -4.86350171 -4.66711913 
8.11130831e-02 -5.51893670 -5.30485568 -5.07776971 -4.86350171 -4.66711913 
6.57933225e-02 -5.51893670 -5.30485568 -5.07776971 -4.86350171 -4.66711913 
5.33669923e-02 -5.51893670 -5.30485568 -5.07776971 -4.86350171 -4.66711913 
4.32876128e-02 -5.51893670 -5.30485568 -5.07776971 -4.86350171 -4.66711913 
3.51119173e-02 -5.51893670 -5.30485568 -5.07776971 -4.86350171 -4.66711913 
2.84803587e-02 -5.51893670 -5.30485568 -5.07776971 -4.86350171 -4.66711913 
2.31012970e-02 -5.51893670 -5.30485568 -5.07776971 -4.86350171 -4.66711913 
1.87381742e-02 -5.51893670 -5.30485568 -5.07776971 -4.86350171 -4.66711913 
1.51991108e-02 -5.51893670 -5.30485568 -5.07776971 -4.86350171 -4.66711913 
1.23284674e-02 -5.51893670 -5.30485568 -5.07776971 -4.86350171 -4.66711913 
1.00000000e-02 -5.51893670 -5.30485568 -5.07776971 -4.86350171 -4.66711913 
8.11130831e-03 -5.51893670 -5.30485568 -5.07776971 -4.86350171 -4.66711913 
6.57933225e-03 -5.51893670 -5.30485568 -5.07776971 -4.86350171 -4.66711913 
5.33669923e-03 -5.51893670 -5.30485568 -5.07776971 -4.86350171 -4.66711913 
4.32876128e-03 -5.51893670 -5.30485568 -5.07776971 -4.86350171 -4.66711913 
3.51119173e-03 -5.51893670 -5.30485568 -5.07776971 -4.86350171 -4.66711913 
2.84803587e-03 -5.51893670 -5.30485568 -5.07776971 -4.86350171 -4.66711913 
2.31012970e-03 -5.51893670 -5.30485568 -5.07776971 -4.86350171 -4.66711913 
1.87381742e-03 -5.51893670 -5.30485568 -5.07776971 -4.86350171 -4.66711913 
1.51991108e-03 -5.51893670 -5.30485568 -5.07776971 -4.86350171 -4.66711913 
1.23284674e-03 -5.51893670 -5.30485568 -5.07776971 -4.86350171 -4.66711913 
1.00000000e-03 -5.51893670 -5.30485568 -5.07776971 -4.86350171 -4.66711913 
8.11130831e-04 -5.51893670 -5.30485568 -5.07776971 -4.86350171 -4.66711913 
6.57933225e-04 -5.51893670 -5.30485568 -5.07776971 -4.86350171 -4.66711913 
5.33669923e-04 -5.51893670 -5.30485568 -5.07776971 -4.86350171 -4.66711913 
4.32876128e-04 -5.51893670 -5.30485568 -5.07776971 -4.86350171 -4.66711913 
3.51119173e-04 -5.51893670 -5.30485568 -5.07776971 -4.86350171 -4.66711913 
2.84803587e-04 -5.51893670 -5.30485568 -5.07776971 -4.86350171 -4.66711913 
2.31012970e-04 -5.51893670 -5.30485568 -5.07776971 -4.86350171 -4.66711913 
1.87381742e-04 -5.51893670 -5.30485568 -5.07776971 -4.86350171 -4.66711913 
1.51991108e-04 -5.51893670 -5.30485568 -5.07776971 -4.86350171 -4.66711913 
1.23284674e-04 -5.51893670 -5.30485568 -5.07776971 -4.86350171 -4.66711913 
1.00000000e-04 -5.51893670 -5.30485568 -5.07776971 -4.86350171 -4.66711913 
8.11130831e-05 -5.51893670 -5.30485568 -5.07776971 -4.86350171 -4.66711913 
6.57933225e-05 -5.51893670 -5.30485568 -5.07776971 -4.86350171 -4.66711913 
5.33669923e-05 -5.51893670 -5.30485568 -5.07776971 -4.86350171 -4.66711913 
4.32876128e-05 -5.51893670 -5.30485568 -5.07776971 -4.86350171 -4.66711913 
3.51119173e-05 -5.51893670 -5.30485568 -5.07776971 -4.86350171 -4.66711913 
2.84803587e-05 -5.51893670 -5.30485568 -5.07776971 -4.86350171 -4.66711913 
2.31012970e-05 -5.51893670 -5.30485568 -5.07776971 -4.86350171 -4.66711913 
1.87381742e-05 -5.51893670 -5.30485568 -5.07776971 -4.86350171 -4.66711913 
1.51991108e-05 -5.51893670 -5.30485568 -5.07776971 -4.86350171 -4.66711913 
1.23284674e-05 -5.51893670 -5.30485568 -5.07776971 -4.86350171 -4.66711913 
1.00000000e-05 -5.51893670 -5.30485568 -5.07776971 -4.86350171 -4.66711913 
8.11130831e-06 -5.51893670 -5.30485568 -5.07776971 -4.86350171 -4.66711913 
6.57933225e-06 -5.51893670 -5.30485568 -5.07776971 -4.86350171 -4.66711913 
5.33669923e-06 -5.51893670 -5.30485568 -5.07776971 -4.86350171 -4.66711913 
4.32876128e-06 -5.51893670 -5.30485568 -5.07776971 -4.86350171 -4.66711913 
3.51119173e-06 -5.51893670 -5.30485568 -5.07776971 -4.86350171 -4.66711913 
2.84803587e-06 -5.51893670 -5.30485568 -5.07776971 -4.86350171 -4.66711913 
2.31012970e-06 -5.51893670 -5.30485568 -5.07776971 -4.86350171 -4.66711913 
1.87381742e-06 -5.51893670 -5.30485568 -5.07776971 -4.86350171 -4.66711913 
1.51991108e-06 -5.51893670 -5.30485568 -5.07776971 -4.86350171 -4.66711913 
1.23284674e-06 -5.51893670 -5.30485568 -5.07776971 -4.86350171 -4.66711913 
1.00000000e-06 -5.51893670 -5.30485568 -5.07776971 -4.86350171 -4.66711913 
8.11130831e-07 -5.51893670 -5.30485568 -5.07776971 -4.86350171 -4.66711913 
6.57933225e-07 -5.51893670 -5.30485568 -5.07776971 -4.86350171 -4.66711913 
5.33669923e-07 -5.51893670 -5.30485568 -5.07776971 -4.86350171 -4.66711913 
4.32876128e-07 -5.51893670 -5.30485568 -5.07776971 -4.86350171 -4.66711913 
3.51119173e-07 -5.51893670 -5.30485568 -5.07776971 -4.86350171 -4.66711913 
2.84803587e-07 -5.51893670 -5.30485568 -5.07776971 -4.86350171 -4.66711913 
2.31012970e-07 -5.51893670 -5.30485568 -5.07776971 -4.86350171 -4.66711913 
1.87381742e-07 -5.51893670 -5.30485568 -5.07776971 -4.86350171 -4.66711913 
1.51991108e-07 -5.51893670 -5.30485568 -5.07776971 -4.86350171 -4.66711913 
1.23284674e-07 -5.51893670 -5.30485568 -5.07776971 -4.86350171 -4.66711913 
1.00000000e-07 -5.51893670 -5.30485568 -5.07776971 -4.86350171 -4.66711913 
P (bar) | log_CO: -2σ | log_CO: -1σ | log_CO: median | log_CO: +1σ | log_CO: +2σ 
1.00000000e+02 -3.93232455 -3.68352168 -3.25879605 -2.80139364 -2.46685021 
8.11130831e+01 -3.93232455 -3.68352168 -3.25879605 -2.80139364 -2.46685021 
6.57933225e+01 -3.93232455 -3.68352168 -3.25879605 -2.80139364 -2.46685021 
5.33669923e+01 -3.93232455 -3.68352168 -3.25879605 -2.80139364 -2.46685021 
4.32876128e+01 -3.93232455 -3.68352168 -3.25879605 -2.80139364 -2.46685021 
3.51119173e+01 -3.93232455 -3.68352168 -3.25879605 -2.80139364 -2.46685021 
2.84803587e+01 -3.93232455 -3.68352168 -3.25879605 -2.80139364 -2.46685021 
2.31012970e+01 -3.93232455 -3.68352168 -3.25879605 -2.80139364 -2.46685021 
1.87381742e+01 -3.93232455 -3.68352168 -3.25879605 -2.80139364 -2.46685021 
1.51991108e+01 -3.93232455 -3.68352168 -3.25879605 -2.80139364 -2.46685021 
1.23284674e+01 -3.93232455 -3.68352168 -3.25879605 -2.80139364 -2.46685021 
1.00000000e+01 -3.93232455 -3.68352168 -3.25879605 -2.80139364 -2.46685021 
8.11130831e+00 -3.93232455 -3.68352168 -3.25879605 -2.80139364 -2.46685021 
6.57933225e+00 -3.93232455 -3.68352168 -3.25879605 -2.80139364 -2.46685021 
5.33669923e+00 -3.93232455 -3.68352168 -3.25879605 -2.80139364 -2.46685021 
4.32876128e+00 -3.93232455 -3.68352168 -3.25879605 -2.80139364 -2.46685021 
3.51119173e+00 -3.93232455 -3.68352168 -3.25879605 -2.80139364 -2.46685021 
2.84803587e+00 -3.93232455 -3.68352168 -3.25879605 -2.80139364 -2.46685021 
2.31012970e+00 -3.93232455 -3.68352168 -3.25879605 -2.80139364 -2.46685021 
1.87381742e+00 -3.93232455 -3.68352168 -3.25879605 -2.80139364 -2.46685021 
1.51991108e+00 -3.93232455 -3.68352168 -3.25879605 -2.80139364 -2.46685021 
1.23284674e+00 -3.93232455 -3.68352168 -3.25879605 -2.80139364 -2.46685021 
1.00000000e+00 -3.93232455 -3.68352168 -3.25879605 -2.80139364 -2.46685021 
8.11130831e-01 -3.93232455 -3.68352168 -3.25879605 -2.80139364 -2.46685021 
6.57933225e-01 -3.93232455 -3.68352168 -3.25879605 -2.80139364 -2.46685021 
5.33669923e-01 -3.93232455 -3.68352168 -3.25879605 -2.80139364 -2.46685021 
4.32876128e-01 -3.93232455 -3.68352168 -3.25879605 -2.80139364 -2.46685021 
3.51119173e-01 -3.93232455 -3.68352168 -3.25879605 -2.80139364 -2.46685021 
2.84803587e-01 -3.93232455 -3.68352168 -3.25879605 -2.80139364 -2.46685021 
2.31012970e-01 -3.93232455 -3.68352168 -3.25879605 -2.80139364 -2.46685021 
1.87381742e-01 -3.93232455 -3.68352168 -3.25879605 -2.80139364 -2.46685021 
1.51991108e-01 -3.93232455 -3.68352168 -3.25879605 -2.80139364 -2.46685021 
1.23284674e-01 -3.93232455 -3.68352168 -3.25879605 -2.80139364 -2.46685021 
1.00000000e-01 -3.93232455 -3.68352168 -3.25879605 -2.80139364 -2.46685021 
8.11130831e-02 -3.93232455 -3.68352168 -3.25879605 -2.80139364 -2.46685021 
6.57933225e-02 -3.93232455 -3.68352168 -3.25879605 -2.80139364 -2.46685021 
5.33669923e-02 -3.93232455 -3.68352168 -3.25879605 -2.80139364 -2.46685021 
4.32876128e-02 -3.93232455 -3.68352168 -3.25879605 -2.80139364 -2.46685021 
3.51119173e-02 -3.93232455 -3.68352168 -3.25879605 -2.80139364 -2.46685021 
2.84803587e-02 -3.93232455 -3.68352168 -3.25879605 -2.80139364 -2.46685021 
2.31012970e-02 -3.93232455 -3.68352168 -3.25879605 -2.80139364 -2.46685021 
1.87381742e-02 -3.93232455 -3.68352168 -3.25879605 -2.80139364 -2.46685021 
1.51991108e-02 -3.93232455 -3.68352168 -3.25879605 -2.80139364 -2.46685021 
1.23284674e-02 -3.93232455 -3.68352168 -3.25879605 -2.80139364 -2.46685021 
1.00000000e-02 -3.93232455 -3.68352168 -3.25879605 -2.80139364 -2.46685021 
8.11130831e-03 -3.93232455 -3.68352168 -3.25879605 -2.80139364 -2.46685021 
6.57933225e-03 -3.93232455 -3.68352168 -3.25879605 -2.80139364 -2.46685021 
5.33669923e-03 -3.93232455 -3.68352168 -3.25879605 -2.80139364 -2.46685021 
4.32876128e-03 -3.93232455 -3.68352168 -3.25879605 -2.80139364 -2.46685021 
3.51119173e-03 -3.93232455 -3.68352168 -3.25879605 -2.80139364 -2.46685021 
2.84803587e-03 -3.93232455 -3.68352168 -3.25879605 -2.80139364 -2.46685021 
2.31012970e-03 -3.93232455 -3.68352168 -3.25879605 -2.80139364 -2.46685021 
1.87381742e-03 -3.93232455 -3.68352168 -3.25879605 -2.80139364 -2.46685021 
1.51991108e-03 -3.93232455 -3.68352168 -3.25879605 -2.80139364 -2.46685021 
1.23284674e-03 -3.93232455 -3.68352168 -3.25879605 -2.80139364 -2.46685021 
1.00000000e-03 -3.93232455 -3.68352168 -3.25879605 -2.80139364 -2.46685021 
8.11130831e-04 -3.93232455 -3.68352168 -3.25879605 -2.80139364 -2.46685021 
6.57933225e-04 -3.93232455 -3.68352168 -3.25879605 -2.80139364 -2.46685021 
5.33669923e-04 -3.93232455 -3.68352168 -3.25879605 -2.80139364 -2.46685021 
4.32876128e-04 -3.93232455 -3.68352168 -3.25879605 -2.80139364 -2.46685021 
3.51119173e-04 -3.93232455 -3.68352168 -3.25879605 -2.80139364 -2.46685021 
2.84803587e-04 -3.93232455 -3.68352168 -3.25879605 -2.80139364 -2.46685021 
2.31012970e-04 -3.93232455 -3.68352168 -3.25879605 -2.80139364 -2.46685021 
1.87381742e-04 -3.93232455 -3.68352168 -3.25879605 -2.80139364 -2.46685021 
1.51991108e-04 -3.93232455 -3.68352168 -3.25879605 -2.80139364 -2.46685021 
1.23284674e-04 -3.93232455 -3.68352168 -3.25879605 -2.80139364 -2.46685021 
1.00000000e-04 -3.93232455 -3.68352168 -3.25879605 -2.80139364 -2.46685021 
8.11130831e-05 -3.93232455 -3.68352168 -3.25879605 -2.80139364 -2.46685021 
6.57933225e-05 -3.93232455 -3.68352168 -3.25879605 -2.80139364 -2.46685021 
5.33669923e-05 -3.93232455 -3.68352168 -3.25879605 -2.80139364 -2.46685021 
4.32876128e-05 -3.93232455 -3.68352168 -3.25879605 -2.80139364 -2.46685021 
3.51119173e-05 -3.93232455 -3.68352168 -3.25879605 -2.80139364 -2.46685021 
2.84803587e-05 -3.93232455 -3.68352168 -3.25879605 -2.80139364 -2.46685021 
2.31012970e-05 -3.93232455 -3.68352168 -3.25879605 -2.80139364 -2.46685021 
1.87381742e-05 -3.93232455 -3.68352168 -3.25879605 -2.80139364 -2.46685021 
1.51991108e-05 -3.93232455 -3.68352168 -3.25879605 -2.80139364 -2.46685021 
1.23284674e-05 -3.93232455 -3.68352168 -3.25879605 -2.80139364 -2.46685021 
1.00000000e-05 -3.93232455 -3.68352168 -3.25879605 -2.80139364 -2.46685021 
8.11130831e-06 -3.93232455 -3.68352168 -3.25879605 -2.80139364 -2.46685021 
6.57933225e-06 -3.93232455 -3.68352168 -3.25879605 -2.80139364 -2.46685021 
5.33669923e-06 -3.93232455 -3.68352168 -3.25879605 -2.80139364 -2.46685021 
4.32876128e-06 -3.93232455 -3.68352168 -3.25879605 -2.80139364 -2.46685021 
3.51119173e-06 -3.93232455 -3.68352168 -3.25879605 -2.80139364 -2.46685021 
2.84803587e-06 -3.93232455 -3.68352168 -3.25879605 -2.80139364 -2.46685021 
2.31012970e-06 -3.93232455 -3.68352168 -3.25879605 -2.80139364 -2.46685021 
1.87381742e-06 -3.93232455 -3.68352168 -3.25879605 -2.80139364 -2.46685021 
1.51991108e-06 -3.93232455 -3.68352168 -3.25879605 -2.80139364 -2.46685021 
1.23284674e-06 -3.93232455 -3.68352168 -3.25879605 -2.80139364 -2.46685021 
1.00000000e-06 -3.93232455 -3.68352168 -3.25879605 -2.80139364 -2.46685021 
8.11130831e-07 -3.93232455 -3.68352168 -3.25879605 -2.80139364 -2.46685021 
6.57933225e-07 -3.93232455 -3.68352168 -3.25879605 -2.80139364 -2.46685021 
5.33669923e-07 -3.93232455 -3.68352168 -3.25879605 -2.80139364 -2.46685021 
4.32876128e-07 -3.93232455 -3.68352168 -3.25879605 -2.80139364 -2.46685021 
3.51119173e-07 -3.93232455 -3.68352168 -3.25879605 -2.80139364 -2.46685021 
2.84803587e-07 -3.93232455 -3.68352168 -3.25879605 -2.80139364 -2.46685021 
2.31012970e-07 -3.93232455 -3.68352168 -3.25879605 -2.80139364 -2.46685021 
1.87381742e-07 -3.93232455 -3.68352168 -3.25879605 -2.80139364 -2.46685021 
1.51991108e-07 -3.93232455 -3.68352168 -3.25879605 -2.80139364 -2.46685021 
1.23284674e-07 -3.93232455 -3.68352168 -3.25879605 -2.80139364 -2.46685021 
1.00000000e-07 -3.93232455 -3.68352168 -3.25879605 -2.80139364 -2.46685021 
P (bar) | log_H2S: -2σ | log_H2S: -1σ | log_H2S: median | log_H2S: +1σ | log_H2S: +2σ 
1.00000000e+02 -5.36340407 -4.82493847 -3.98630085 -3.48813674 -3.09870633 
8.11130831e+01 -5.36340407 -4.82493847 -3.98630085 -3.48813674 -3.09870633 
6.57933225e+01 -5.36340407 -4.82493847 -3.98630085 -3.48813674 -3.09870633 
5.33669923e+01 -5.36340407 -4.82493847 -3.98630085 -3.48813674 -3.09870633 
4.32876128e+01 -5.36340407 -4.82493847 -3.98630085 -3.48813674 -3.09870633 
3.51119173e+01 -5.36340407 -4.82493847 -3.98630085 -3.48813674 -3.09870633 
2.84803587e+01 -5.36340407 -4.82493847 -3.98630085 -3.48813674 -3.09870633 
2.31012970e+01 -5.36340407 -4.82493847 -3.98630085 -3.48813674 -3.09870633 
1.87381742e+01 -5.36340407 -4.82493847 -3.98630085 -3.48813674 -3.09870633 
1.51991108e+01 -5.36340407 -4.82493847 -3.98630085 -3.48813674 -3.09870633 
1.23284674e+01 -5.36340407 -4.82493847 -3.98630085 -3.48813674 -3.09870633 
1.00000000e+01 -5.36340407 -4.82493847 -3.98630085 -3.48813674 -3.09870633 
8.11130831e+00 -5.36340407 -4.82493847 -3.98630085 -3.48813674 -3.09870633 
6.57933225e+00 -5.36340407 -4.82493847 -3.98630085 -3.48813674 -3.09870633 
5.33669923e+00 -5.36340407 -4.82493847 -3.98630085 -3.48813674 -3.09870633 
4.32876128e+00 -5.36340407 -4.82493847 -3.98630085 -3.48813674 -3.09870633 
3.51119173e+00 -5.36340407 -4.82493847 -3.98630085 -3.48813674 -3.09870633 
2.84803587e+00 -5.36340407 -4.82493847 -3.98630085 -3.48813674 -3.09870633 
2.31012970e+00 -5.36340407 -4.82493847 -3.98630085 -3.48813674 -3.09870633 
1.87381742e+00 -5.36340407 -4.82493847 -3.98630085 -3.48813674 -3.09870633 
1.51991108e+00 -5.36340407 -4.82493847 -3.98630085 -3.48813674 -3.09870633 
1.23284674e+00 -5.36340407 -4.82493847 -3.98630085 -3.48813674 -3.09870633 
1.00000000e+00 -5.36340407 -4.82493847 -3.98630085 -3.48813674 -3.09870633 
8.11130831e-01 -5.36340407 -4.82493847 -3.98630085 -3.48813674 -3.09870633 
6.57933225e-01 -5.36340407 -4.82493847 -3.98630085 -3.48813674 -3.09870633 
5.33669923e-01 -5.36340407 -4.82493847 -3.98630085 -3.48813674 -3.09870633 
4.32876128e-01 -5.36340407 -4.82493847 -3.98630085 -3.48813674 -3.09870633 
3.51119173e-01 -5.36340407 -4.82493847 -3.98630085 -3.48813674 -3.09870633 
2.84803587e-01 -5.36340407 -4.82493847 -3.98630085 -3.48813674 -3.09870633 
2.31012970e-01 -5.36340407 -4.82493847 -3.98630085 -3.48813674 -3.09870633 
1.87381742e-01 -5.36340407 -4.82493847 -3.98630085 -3.48813674 -3.09870633 
1.51991108e-01 -5.36340407 -4.82493847 -3.98630085 -3.48813674 -3.09870633 
1.23284674e-01 -5.36340407 -4.82493847 -3.98630085 -3.48813674 -3.09870633 
1.00000000e-01 -5.36340407 -4.82493847 -3.98630085 -3.48813674 -3.09870633 
8.11130831e-02 -5.36340407 -4.82493847 -3.98630085 -3.48813674 -3.09870633 
6.57933225e-02 -5.36340407 -4.82493847 -3.98630085 -3.48813674 -3.09870633 
5.33669923e-02 -5.36340407 -4.82493847 -3.98630085 -3.48813674 -3.09870633 
4.32876128e-02 -5.36340407 -4.82493847 -3.98630085 -3.48813674 -3.09870633 
3.51119173e-02 -5.36340407 -4.82493847 -3.98630085 -3.48813674 -3.09870633 
2.84803587e-02 -5.36340407 -4.82493847 -3.98630085 -3.48813674 -3.09870633 
2.31012970e-02 -5.36340407 -4.82493847 -3.98630085 -3.48813674 -3.09870633 
1.87381742e-02 -5.36340407 -4.82493847 -3.98630085 -3.48813674 -3.09870633 
1.51991108e-02 -5.36340407 -4.82493847 -3.98630085 -3.48813674 -3.09870633 
1.23284674e-02 -5.36340407 -4.82493847 -3.98630085 -3.48813674 -3.09870633 
1.00000000e-02 -5.36340407 -4.82493847 -3.98630085 -3.48813674 -3.09870633 
8.11130831e-03 -5.36340407 -4.82493847 -3.98630085 -3.48813674 -3.09870633 
6.57933225e-03 -5.36340407 -4.82493847 -3.98630085 -3.48813674 -3.09870633 
5.33669923e-03 -5.36340407 -4.82493847 -3.98630085 -3.48813674 -3.09870633 
4.32876128e-03 -5.36340407 -4.82493847 -3.98630085 -3.48813674 -3.09870633 
3.51119173e-03 -5.36340407 -4.82493847 -3.98630085 -3.48813674 -3.09870633 
2.84803587e-03 -5.36340407 -4.82493847 -3.98630085 -3.48813674 -3.09870633 
2.31012970e-03 -5.36340407 -4.82493847 -3.98630085 -3.48813674 -3.09870633 
1.87381742e-03 -5.36340407 -4.82493847 -3.98630085 -3.48813674 -3.09870633 
1.51991108e-03 -5.36340407 -4.82493847 -3.98630085 -3.48813674 -3.09870633 
1.23284674e-03 -5.36340407 -4.82493847 -3.98630085 -3.48813674 -3.09870633 
1.00000000e-03 -5.36340407 -4.82493847 -3.98630085 -3.48813674 -3.09870633 
8.11130831e-04 -5.36340407 -4.82493847 -3.98630085 -3.48813674 -3.09870633 
6.57933225e-04 -5.36340407 -4.82493847 -3.98630085 -3.48813674 -3.09870633 
5.33669923e-04 -5.36340407 -4.82493847 -3.98630085 -3.48813674 -3.09870633 
4.32876128e-04 -5.36340407 -4.82493847 -3.98630085 -3.48813674 -3.09870633 
3.51119173e-04 -5.36340407 -4.82493847 -3.98630085 -3.48813674 -3.09870633 
2.84803587e-04 -5.36340407 -4.82493847 -3.98630085 -3.48813674 -3.09870633 
2.31012970e-04 -5.36340407 -4.82493847 -3.98630085 -3.48813674 -3.09870633 
1.87381742e-04 -5.36340407 -4.82493847 -3.98630085 -3.48813674 -3.09870633 
1.51991108e-04 -5.36340407 -4.82493847 -3.98630085 -3.48813674 -3.09870633 
1.23284674e-04 -5.36340407 -4.82493847 -3.98630085 -3.48813674 -3.09870633 
1.00000000e-04 -5.36340407 -4.82493847 -3.98630085 -3.48813674 -3.09870633 
8.11130831e-05 -5.36340407 -4.82493847 -3.98630085 -3.48813674 -3.09870633 
6.57933225e-05 -5.36340407 -4.82493847 -3.98630085 -3.48813674 -3.09870633 
5.33669923e-05 -5.36340407 -4.82493847 -3.98630085 -3.48813674 -3.09870633 
4.32876128e-05 -5.36340407 -4.82493847 -3.98630085 -3.48813674 -3.09870633 
3.51119173e-05 -5.36340407 -4.82493847 -3.98630085 -3.48813674 -3.09870633 
2.84803587e-05 -5.36340407 -4.82493847 -3.98630085 -3.48813674 -3.09870633 
2.31012970e-05 -5.36340407 -4.82493847 -3.98630085 -3.48813674 -3.09870633 
1.87381742e-05 -5.36340407 -4.82493847 -3.98630085 -3.48813674 -3.09870633 
1.51991108e-05 -5.36340407 -4.82493847 -3.98630085 -3.48813674 -3.09870633 
1.23284674e-05 -5.36340407 -4.82493847 -3.98630085 -3.48813674 -3.09870633 
1.00000000e-05 -5.36340407 -4.82493847 -3.98630085 -3.48813674 -3.09870633 
8.11130831e-06 -5.36340407 -4.82493847 -3.98630085 -3.48813674 -3.09870633 
6.57933225e-06 -5.36340407 -4.82493847 -3.98630085 -3.48813674 -3.09870633 
5.33669923e-06 -5.36340407 -4.82493847 -3.98630085 -3.48813674 -3.09870633 
4.32876128e-06 -5.36340407 -4.82493847 -3.98630085 -3.48813674 -3.09870633 
3.51119173e-06 -5.36340407 -4.82493847 -3.98630085 -3.48813674 -3.09870633 
2.84803587e-06 -5.36340407 -4.82493847 -3.98630085 -3.48813674 -3.09870633 
2.31012970e-06 -5.36340407 -4.82493847 -3.98630085 -3.48813674 -3.09870633 
1.87381742e-06 -5.36340407 -4.82493847 -3.98630085 -3.48813674 -3.09870633 
1.51991108e-06 -5.36340407 -4.82493847 -3.98630085 -3.48813674 -3.09870633 
1.23284674e-06 -5.36340407 -4.82493847 -3.98630085 -3.48813674 -3.09870633 
1.00000000e-06 -5.36340407 -4.82493847 -3.98630085 -3.48813674 -3.09870633 
8.11130831e-07 -5.36340407 -4.82493847 -3.98630085 -3.48813674 -3.09870633 
6.57933225e-07 -5.36340407 -4.82493847 -3.98630085 -3.48813674 -3.09870633 
5.33669923e-07 -5.36340407 -4.82493847 -3.98630085 -3.48813674 -3.09870633 
4.32876128e-07 -5.36340407 -4.82493847 -3.98630085 -3.48813674 -3.09870633 
3.51119173e-07 -5.36340407 -4.82493847 -3.98630085 -3.48813674 -3.09870633 
2.84803587e-07 -5.36340407 -4.82493847 -3.98630085 -3.48813674 -3.09870633 
2.31012970e-07 -5.36340407 -4.82493847 -3.98630085 -3.48813674 -3.09870633 
1.87381742e-07 -5.36340407 -4.82493847 -3.98630085 -3.48813674 -3.09870633 
1.51991108e-07 -5.36340407 -4.82493847 -3.98630085 -3.48813674 -3.09870633 
1.23284674e-07 -5.36340407 -4.82493847 -3.98630085 -3.48813674 -3.09870633 
1.00000000e-07 -5.36340407 -4.82493847 -3.98630085 -3.48813674 -3.09870633 
P (bar) | log_NH3: -2σ | log_NH3: -1σ | log_NH3: median | log_NH3: +1σ | log_NH3: +2σ 
1.00000000e+02 -7.88655657 -7.37784754 -6.34429575 -5.69481680 -5.24325658 
8.11130831e+01 -7.88655657 -7.37784754 -6.34429575 -5.69481680 -5.24325658 
6.57933225e+01 -7.88655657 -7.37784754 -6.34429575 -5.69481680 -5.24325658 
5.33669923e+01 -7.88655657 -7.37784754 -6.34429575 -5.69481680 -5.24325658 
4.32876128e+01 -7.88655657 -7.37784754 -6.34429575 -5.69481680 -5.24325658 
3.51119173e+01 -7.88655657 -7.37784754 -6.34429575 -5.69481680 -5.24325658 
2.84803587e+01 -7.88655657 -7.37784754 -6.34429575 -5.69481680 -5.24325658 
2.31012970e+01 -7.88655657 -7.37784754 -6.34429575 -5.69481680 -5.24325658 
1.87381742e+01 -7.88655657 -7.37784754 -6.34429575 -5.69481680 -5.24325658 
1.51991108e+01 -7.88655657 -7.37784754 -6.34429575 -5.69481680 -5.24325658 
1.23284674e+01 -7.88655657 -7.37784754 -6.34429575 -5.69481680 -5.24325658 
1.00000000e+01 -7.88655657 -7.37784754 -6.34429575 -5.69481680 -5.24325658 
8.11130831e+00 -7.88655657 -7.37784754 -6.34429575 -5.69481680 -5.24325658 
6.57933225e+00 -7.88655657 -7.37784754 -6.34429575 -5.69481680 -5.24325658 
5.33669923e+00 -7.88655657 -7.37784754 -6.34429575 -5.69481680 -5.24325658 
4.32876128e+00 -7.88655657 -7.37784754 -6.34429575 -5.69481680 -5.24325658 
3.51119173e+00 -7.88655657 -7.37784754 -6.34429575 -5.69481680 -5.24325658 
2.84803587e+00 -7.88655657 -7.37784754 -6.34429575 -5.69481680 -5.24325658 
2.31012970e+00 -7.88655657 -7.37784754 -6.34429575 -5.69481680 -5.24325658 
1.87381742e+00 -7.88655657 -7.37784754 -6.34429575 -5.69481680 -5.24325658 
1.51991108e+00 -7.88655657 -7.37784754 -6.34429575 -5.69481680 -5.24325658 
1.23284674e+00 -7.88655657 -7.37784754 -6.34429575 -5.69481680 -5.24325658 
1.00000000e+00 -7.88655657 -7.37784754 -6.34429575 -5.69481680 -5.24325658 
8.11130831e-01 -7.88655657 -7.37784754 -6.34429575 -5.69481680 -5.24325658 
6.57933225e-01 -7.88655657 -7.37784754 -6.34429575 -5.69481680 -5.24325658 
5.33669923e-01 -7.88655657 -7.37784754 -6.34429575 -5.69481680 -5.24325658 
4.32876128e-01 -7.88655657 -7.37784754 -6.34429575 -5.69481680 -5.24325658 
3.51119173e-01 -7.88655657 -7.37784754 -6.34429575 -5.69481680 -5.24325658 
2.84803587e-01 -7.88655657 -7.37784754 -6.34429575 -5.69481680 -5.24325658 
2.31012970e-01 -7.88655657 -7.37784754 -6.34429575 -5.69481680 -5.24325658 
1.87381742e-01 -7.88655657 -7.37784754 -6.34429575 -5.69481680 -5.24325658 
1.51991108e-01 -7.88655657 -7.37784754 -6.34429575 -5.69481680 -5.24325658 
1.23284674e-01 -7.88655657 -7.37784754 -6.34429575 -5.69481680 -5.24325658 
1.00000000e-01 -7.88655657 -7.37784754 -6.34429575 -5.69481680 -5.24325658 
8.11130831e-02 -7.88655657 -7.37784754 -6.34429575 -5.69481680 -5.24325658 
6.57933225e-02 -7.88655657 -7.37784754 -6.34429575 -5.69481680 -5.24325658 
5.33669923e-02 -7.88655657 -7.37784754 -6.34429575 -5.69481680 -5.24325658 
4.32876128e-02 -7.88655657 -7.37784754 -6.34429575 -5.69481680 -5.24325658 
3.51119173e-02 -7.88655657 -7.37784754 -6.34429575 -5.69481680 -5.24325658 
2.84803587e-02 -7.88655657 -7.37784754 -6.34429575 -5.69481680 -5.24325658 
2.31012970e-02 -7.88655657 -7.37784754 -6.34429575 -5.69481680 -5.24325658 
1.87381742e-02 -7.88655657 -7.37784754 -6.34429575 -5.69481680 -5.24325658 
1.51991108e-02 -7.88655657 -7.37784754 -6.34429575 -5.69481680 -5.24325658 
1.23284674e-02 -7.88655657 -7.37784754 -6.34429575 -5.69481680 -5.24325658 
1.00000000e-02 -7.88655657 -7.37784754 -6.34429575 -5.69481680 -5.24325658 
8.11130831e-03 -7.88655657 -7.37784754 -6.34429575 -5.69481680 -5.24325658 
6.57933225e-03 -7.88655657 -7.37784754 -6.34429575 -5.69481680 -5.24325658 
5.33669923e-03 -7.88655657 -7.37784754 -6.34429575 -5.69481680 -5.24325658 
4.32876128e-03 -7.88655657 -7.37784754 -6.34429575 -5.69481680 -5.24325658 
3.51119173e-03 -7.88655657 -7.37784754 -6.34429575 -5.69481680 -5.24325658 
2.84803587e-03 -7.88655657 -7.37784754 -6.34429575 -5.69481680 -5.24325658 
2.31012970e-03 -7.88655657 -7.37784754 -6.34429575 -5.69481680 -5.24325658 
1.87381742e-03 -7.88655657 -7.37784754 -6.34429575 -5.69481680 -5.24325658 
1.51991108e-03 -7.88655657 -7.37784754 -6.34429575 -5.69481680 -5.24325658 
1.23284674e-03 -7.88655657 -7.37784754 -6.34429575 -5.69481680 -5.24325658 
1.00000000e-03 -7.88655657 -7.37784754 -6.34429575 -5.69481680 -5.24325658 
8.11130831e-04 -7.88655657 -7.37784754 -6.34429575 -5.69481680 -5.24325658 
6.57933225e-04 -7.88655657 -7.37784754 -6.34429575 -5.69481680 -5.24325658 
5.33669923e-04 -7.88655657 -7.37784754 -6.34429575 -5.69481680 -5.24325658 
4.32876128e-04 -7.88655657 -7.37784754 -6.34429575 -5.69481680 -5.24325658 
3.51119173e-04 -7.88655657 -7.37784754 -6.34429575 -5.69481680 -5.24325658 
2.84803587e-04 -7.88655657 -7.37784754 -6.34429575 -5.69481680 -5.24325658 
2.31012970e-04 -7.88655657 -7.37784754 -6.34429575 -5.69481680 -5.24325658 
1.87381742e-04 -7.88655657 -7.37784754 -6.34429575 -5.69481680 -5.24325658 
1.51991108e-04 -7.88655657 -7.37784754 -6.34429575 -5.69481680 -5.24325658 
1.23284674e-04 -7.88655657 -7.37784754 -6.34429575 -5.69481680 -5.24325658 
1.00000000e-04 -7.88655657 -7.37784754 -6.34429575 -5.69481680 -5.24325658 
8.11130831e-05 -7.88655657 -7.37784754 -6.34429575 -5.69481680 -5.24325658 
6.57933225e-05 -7.88655657 -7.37784754 -6.34429575 -5.69481680 -5.24325658 
5.33669923e-05 -7.88655657 -7.37784754 -6.34429575 -5.69481680 -5.24325658 
4.32876128e-05 -7.88655657 -7.37784754 -6.34429575 -5.69481680 -5.24325658 
3.51119173e-05 -7.88655657 -7.37784754 -6.34429575 -5.69481680 -5.24325658 
2.84803587e-05 -7.88655657 -7.37784754 -6.34429575 -5.69481680 -5.24325658 
2.31012970e-05 -7.88655657 -7.37784754 -6.34429575 -5.69481680 -5.24325658 
1.87381742e-05 -7.88655657 -7.37784754 -6.34429575 -5.69481680 -5.24325658 
1.51991108e-05 -7.88655657 -7.37784754 -6.34429575 -5.69481680 -5.24325658 
1.23284674e-05 -7.88655657 -7.37784754 -6.34429575 -5.69481680 -5.24325658 
1.00000000e-05 -7.88655657 -7.37784754 -6.34429575 -5.69481680 -5.24325658 
8.11130831e-06 -7.88655657 -7.37784754 -6.34429575 -5.69481680 -5.24325658 
6.57933225e-06 -7.88655657 -7.37784754 -6.34429575 -5.69481680 -5.24325658 
5.33669923e-06 -7.88655657 -7.37784754 -6.34429575 -5.69481680 -5.24325658 
4.32876128e-06 -7.88655657 -7.37784754 -6.34429575 -5.69481680 -5.24325658 
3.51119173e-06 -7.88655657 -7.37784754 -6.34429575 -5.69481680 -5.24325658 
2.84803587e-06 -7.88655657 -7.37784754 -6.34429575 -5.69481680 -5.24325658 
2.31012970e-06 -7.88655657 -7.37784754 -6.34429575 -5.69481680 -5.24325658 
1.87381742e-06 -7.88655657 -7.37784754 -6.34429575 -5.69481680 -5.24325658 
1.51991108e-06 -7.88655657 -7.37784754 -6.34429575 -5.69481680 -5.24325658 
1.23284674e-06 -7.88655657 -7.37784754 -6.34429575 -5.69481680 -5.24325658 
1.00000000e-06 -7.88655657 -7.37784754 -6.34429575 -5.69481680 -5.24325658 
8.11130831e-07 -7.88655657 -7.37784754 -6.34429575 -5.69481680 -5.24325658 
6.57933225e-07 -7.88655657 -7.37784754 -6.34429575 -5.69481680 -5.24325658 
5.33669923e-07 -7.88655657 -7.37784754 -6.34429575 -5.69481680 -5.24325658 
4.32876128e-07 -7.88655657 -7.37784754 -6.34429575 -5.69481680 -5.24325658 
3.51119173e-07 -7.88655657 -7.37784754 -6.34429575 -5.69481680 -5.24325658 
2.84803587e-07 -7.88655657 -7.37784754 -6.34429575 -5.69481680 -5.24325658 
2.31012970e-07 -7.88655657 -7.37784754 -6.34429575 -5.69481680 -5.24325658 
1.87381742e-07 -7.88655657 -7.37784754 -6.34429575 -5.69481680 -5.24325658 
1.51991108e-07 -7.88655657 -7.37784754 -6.34429575 -5.69481680 -5.24325658 
1.23284674e-07 -7.88655657 -7.37784754 -6.34429575 -5.69481680 -5.24325658 
1.00000000e-07 -7.88655657 -7.37784754 -6.34429575 -5.69481680 -5.24325658 
P (bar) | log_CH4: -2σ | log_CH4: -1σ | log_CH4: median | log_CH4: +1σ | log_CH4: +2σ 
1.00000000e+02 -6.78152300 -6.47722051 -6.14945038 -5.83961956 -5.59970974 
8.11130831e+01 -6.78152300 -6.47722051 -6.14945038 -5.83961956 -5.59970974 
6.57933225e+01 -6.78152300 -6.47722051 -6.14945038 -5.83961956 -5.59970974 
5.33669923e+01 -6.78152300 -6.47722051 -6.14945038 -5.83961956 -5.59970974 
4.32876128e+01 -6.78152300 -6.47722051 -6.14945038 -5.83961956 -5.59970974 
3.51119173e+01 -6.78152300 -6.47722051 -6.14945038 -5.83961956 -5.59970974 
2.84803587e+01 -6.78152300 -6.47722051 -6.14945038 -5.83961956 -5.59970974 
2.31012970e+01 -6.78152300 -6.47722051 -6.14945038 -5.83961956 -5.59970974 
1.87381742e+01 -6.78152300 -6.47722051 -6.14945038 -5.83961956 -5.59970974 
1.51991108e+01 -6.78152300 -6.47722051 -6.14945038 -5.83961956 -5.59970974 
1.23284674e+01 -6.78152300 -6.47722051 -6.14945038 -5.83961956 -5.59970974 
1.00000000e+01 -6.78152300 -6.47722051 -6.14945038 -5.83961956 -5.59970974 
8.11130831e+00 -6.78152300 -6.47722051 -6.14945038 -5.83961956 -5.59970974 
6.57933225e+00 -6.78152300 -6.47722051 -6.14945038 -5.83961956 -5.59970974 
5.33669923e+00 -6.78152300 -6.47722051 -6.14945038 -5.83961956 -5.59970974 
4.32876128e+00 -6.78152300 -6.47722051 -6.14945038 -5.83961956 -5.59970974 
3.51119173e+00 -6.78152300 -6.47722051 -6.14945038 -5.83961956 -5.59970974 
2.84803587e+00 -6.78152300 -6.47722051 -6.14945038 -5.83961956 -5.59970974 
2.31012970e+00 -6.78152300 -6.47722051 -6.14945038 -5.83961956 -5.59970974 
1.87381742e+00 -6.78152300 -6.47722051 -6.14945038 -5.83961956 -5.59970974 
1.51991108e+00 -6.78152300 -6.47722051 -6.14945038 -5.83961956 -5.59970974 
1.23284674e+00 -6.78152300 -6.47722051 -6.14945038 -5.83961956 -5.59970974 
1.00000000e+00 -6.78152300 -6.47722051 -6.14945038 -5.83961956 -5.59970974 
8.11130831e-01 -6.78152300 -6.47722051 -6.14945038 -5.83961956 -5.59970974 
6.57933225e-01 -6.78152300 -6.47722051 -6.14945038 -5.83961956 -5.59970974 
5.33669923e-01 -6.78152300 -6.47722051 -6.14945038 -5.83961956 -5.59970974 
4.32876128e-01 -6.78152300 -6.47722051 -6.14945038 -5.83961956 -5.59970974 
3.51119173e-01 -6.78152300 -6.47722051 -6.14945038 -5.83961956 -5.59970974 
2.84803587e-01 -6.78152300 -6.47722051 -6.14945038 -5.83961956 -5.59970974 
2.31012970e-01 -6.78152300 -6.47722051 -6.14945038 -5.83961956 -5.59970974 
1.87381742e-01 -6.78152300 -6.47722051 -6.14945038 -5.83961956 -5.59970974 
1.51991108e-01 -6.78152300 -6.47722051 -6.14945038 -5.83961956 -5.59970974 
1.23284674e-01 -6.78152300 -6.47722051 -6.14945038 -5.83961956 -5.59970974 
1.00000000e-01 -6.78152300 -6.47722051 -6.14945038 -5.83961956 -5.59970974 
8.11130831e-02 -6.78152300 -6.47722051 -6.14945038 -5.83961956 -5.59970974 
6.57933225e-02 -6.78152300 -6.47722051 -6.14945038 -5.83961956 -5.59970974 
5.33669923e-02 -6.78152300 -6.47722051 -6.14945038 -5.83961956 -5.59970974 
4.32876128e-02 -6.78152300 -6.47722051 -6.14945038 -5.83961956 -5.59970974 
3.51119173e-02 -6.78152300 -6.47722051 -6.14945038 -5.83961956 -5.59970974 
2.84803587e-02 -6.78152300 -6.47722051 -6.14945038 -5.83961956 -5.59970974 
2.31012970e-02 -6.78152300 -6.47722051 -6.14945038 -5.83961956 -5.59970974 
1.87381742e-02 -6.78152300 -6.47722051 -6.14945038 -5.83961956 -5.59970974 
1.51991108e-02 -6.78152300 -6.47722051 -6.14945038 -5.83961956 -5.59970974 
1.23284674e-02 -6.78152300 -6.47722051 -6.14945038 -5.83961956 -5.59970974 
1.00000000e-02 -6.78152300 -6.47722051 -6.14945038 -5.83961956 -5.59970974 
8.11130831e-03 -6.78152300 -6.47722051 -6.14945038 -5.83961956 -5.59970974 
6.57933225e-03 -6.78152300 -6.47722051 -6.14945038 -5.83961956 -5.59970974 
5.33669923e-03 -6.78152300 -6.47722051 -6.14945038 -5.83961956 -5.59970974 
4.32876128e-03 -6.78152300 -6.47722051 -6.14945038 -5.83961956 -5.59970974 
3.51119173e-03 -6.78152300 -6.47722051 -6.14945038 -5.83961956 -5.59970974 
2.84803587e-03 -6.78152300 -6.47722051 -6.14945038 -5.83961956 -5.59970974 
2.31012970e-03 -6.78152300 -6.47722051 -6.14945038 -5.83961956 -5.59970974 
1.87381742e-03 -6.78152300 -6.47722051 -6.14945038 -5.83961956 -5.59970974 
1.51991108e-03 -6.78152300 -6.47722051 -6.14945038 -5.83961956 -5.59970974 
1.23284674e-03 -6.78152300 -6.47722051 -6.14945038 -5.83961956 -5.59970974 
1.00000000e-03 -6.78152300 -6.47722051 -6.14945038 -5.83961956 -5.59970974 
8.11130831e-04 -6.78152300 -6.47722051 -6.14945038 -5.83961956 -5.59970974 
6.57933225e-04 -6.78152300 -6.47722051 -6.14945038 -5.83961956 -5.59970974 
5.33669923e-04 -6.78152300 -6.47722051 -6.14945038 -5.83961956 -5.59970974 
4.32876128e-04 -6.78152300 -6.47722051 -6.14945038 -5.83961956 -5.59970974 
3.51119173e-04 -6.78152300 -6.47722051 -6.14945038 -5.83961956 -5.59970974 
2.84803587e-04 -6.78152300 -6.47722051 -6.14945038 -5.83961956 -5.59970974 
2.31012970e-04 -6.78152300 -6.47722051 -6.14945038 -5.83961956 -5.59970974 
1.87381742e-04 -6.78152300 -6.47722051 -6.14945038 -5.83961956 -5.59970974 
1.51991108e-04 -6.78152300 -6.47722051 -6.14945038 -5.83961956 -5.59970974 
1.23284674e-04 -6.78152300 -6.47722051 -6.14945038 -5.83961956 -5.59970974 
1.00000000e-04 -6.78152300 -6.47722051 -6.14945038 -5.83961956 -5.59970974 
8.11130831e-05 -6.78152300 -6.47722051 -6.14945038 -5.83961956 -5.59970974 
6.57933225e-05 -6.78152300 -6.47722051 -6.14945038 -5.83961956 -5.59970974 
5.33669923e-05 -6.78152300 -6.47722051 -6.14945038 -5.83961956 -5.59970974 
4.32876128e-05 -6.78152300 -6.47722051 -6.14945038 -5.83961956 -5.59970974 
3.51119173e-05 -6.78152300 -6.47722051 -6.14945038 -5.83961956 -5.59970974 
2.84803587e-05 -6.78152300 -6.47722051 -6.14945038 -5.83961956 -5.59970974 
2.31012970e-05 -6.78152300 -6.47722051 -6.14945038 -5.83961956 -5.59970974 
1.87381742e-05 -6.78152300 -6.47722051 -6.14945038 -5.83961956 -5.59970974 
1.51991108e-05 -6.78152300 -6.47722051 -6.14945038 -5.83961956 -5.59970974 
1.23284674e-05 -6.78152300 -6.47722051 -6.14945038 -5.83961956 -5.59970974 
1.00000000e-05 -6.78152300 -6.47722051 -6.14945038 -5.83961956 -5.59970974 
8.11130831e-06 -6.78152300 -6.47722051 -6.14945038 -5.83961956 -5.59970974 
6.57933225e-06 -6.78152300 -6.47722051 -6.14945038 -5.83961956 -5.59970974 
5.33669923e-06 -6.78152300 -6.47722051 -6.14945038 -5.83961956 -5.59970974 
4.32876128e-06 -6.78152300 -6.47722051 -6.14945038 -5.83961956 -5.59970974 
3.51119173e-06 -6.78152300 -6.47722051 -6.14945038 -5.83961956 -5.59970974 
2.84803587e-06 -6.78152300 -6.47722051 -6.14945038 -5.83961956 -5.59970974 
2.31012970e-06 -6.78152300 -6.47722051 -6.14945038 -5.83961956 -5.59970974 
1.87381742e-06 -6.78152300 -6.47722051 -6.14945038 -5.83961956 -5.59970974 
1.51991108e-06 -6.78152300 -6.47722051 -6.14945038 -5.83961956 -5.59970974 
1.23284674e-06 -6.78152300 -6.47722051 -6.14945038 -5.83961956 -5.59970974 
1.00000000e-06 -6.78152300 -6.47722051 -6.14945038 -5.83961956 -5.59970974 
8.11130831e-07 -6.78152300 -6.47722051 -6.14945038 -5.83961956 -5.59970974 
6.57933225e-07 -6.78152300 -6.47722051 -6.14945038 -5.83961956 -5.59970974 
5.33669923e-07 -6.78152300 -6.47722051 -6.14945038 -5.83961956 -5.59970974 
4.32876128e-07 -6.78152300 -6.47722051 -6.14945038 -5.83961956 -5.59970974 
3.51119173e-07 -6.78152300 -6.47722051 -6.14945038 -5.83961956 -5.59970974 
2.84803587e-07 -6.78152300 -6.47722051 -6.14945038 -5.83961956 -5.59970974 
2.31012970e-07 -6.78152300 -6.47722051 -6.14945038 -5.83961956 -5.59970974 
1.87381742e-07 -6.78152300 -6.47722051 -6.14945038 -5.83961956 -5.59970974 
1.51991108e-07 -6.78152300 -6.47722051 -6.14945038 -5.83961956 -5.59970974 
1.23284674e-07 -6.78152300 -6.47722051 -6.14945038 -5.83961956 -5.59970974 
1.00000000e-07 -6.78152300 -6.47722051 -6.14945038 -5.83961956 -5.59970974 
