Chemical species: H2 He H2O CO2 CO CH4 H2S
P (bar) | log_H2: -2σ | log_H2: -1σ | log_H2: median | log_H2: +1σ | log_H2: +2σ 
1.00000000e+02 -0.09000801 -0.08590142 -0.08101503 -0.07076042 -0.06820858 
8.11130831e+01 -0.09000801 -0.08590142 -0.08101503 -0.07076042 -0.06820858 
6.57933225e+01 -0.09000801 -0.08590142 -0.08101503 -0.07076042 -0.06820858 
5.33669923e+01 -0.09000801 -0.08590142 -0.08101503 -0.07076042 -0.06820858 
4.32876128e+01 -0.09000801 -0.08590142 -0.08101503 -0.07076042 -0.06820858 
3.51119173e+01 -0.09000801 -0.08590142 -0.08101503 -0.07076042 -0.06820858 
2.84803587e+01 -0.09000801 -0.08590142 -0.08101503 -0.07076042 -0.06820858 
2.31012970e+01 -0.09000801 -0.08590142 -0.08101503 -0.07076042 -0.06820858 
1.87381742e+01 -0.09000801 -0.08590142 -0.08101503 -0.07076042 -0.06820858 
1.51991108e+01 -0.09000801 -0.08590142 -0.08101503 -0.07076042 -0.06820858 
1.23284674e+01 -0.09000801 -0.08590142 -0.08101503 -0.07076042 -0.06820858 
1.00000000e+01 -0.09000801 -0.08590142 -0.08101503 -0.07076042 -0.06820858 
8.11130831e+00 -0.09000801 -0.08590142 -0.08101503 -0.07076042 -0.06820858 
6.57933225e+00 -0.09000801 -0.08590142 -0.08101503 -0.07076042 -0.06820858 
5.33669923e+00 -0.09000801 -0.08590142 -0.08101503 -0.07076042 -0.06820858 
4.32876128e+00 -0.09000801 -0.08590142 -0.08101503 -0.07076042 -0.06820858 
3.51119173e+00 -0.09000801 -0.08590142 -0.08101503 -0.07076042 -0.06820858 
2.84803587e+00 -0.09000801 -0.08590142 -0.08101503 -0.07076042 -0.06820858 
2.31012970e+00 -0.09000801 -0.08590142 -0.08101503 -0.07076042 -0.06820858 
1.87381742e+00 -0.09000801 -0.08590142 -0.08101503 -0.07076042 -0.06820858 
1.51991108e+00 -0.09000801 -0.08590142 -0.08101503 -0.07076042 -0.06820858 
1.23284674e+00 -0.09000801 -0.08590142 -0.08101503 -0.07076042 -0.06820858 
1.00000000e+00 -0.09000801 -0.08590142 -0.08101503 -0.07076042 -0.06820858 
8.11130831e-01 -0.09000801 -0.08590142 -0.08101503 -0.07076042 -0.06820858 
6.57933225e-01 -0.09000801 -0.08590142 -0.08101503 -0.07076042 -0.06820858 
5.33669923e-01 -0.09000801 -0.08590142 -0.08101503 -0.07076042 -0.06820858 
4.32876128e-01 -0.09000801 -0.08590142 -0.08101503 -0.07076042 -0.06820858 
3.51119173e-01 -0.09000801 -0.08590142 -0.08101503 -0.07076042 -0.06820858 
2.84803587e-01 -0.09000801 -0.08590142 -0.08101503 -0.07076042 -0.06820858 
2.31012970e-01 -0.09000801 -0.08590142 -0.08101503 -0.07076042 -0.06820858 
1.87381742e-01 -0.09000801 -0.08590142 -0.08101503 -0.07076042 -0.06820858 
1.51991108e-01 -0.09000801 -0.08590142 -0.08101503 -0.07076042 -0.06820858 
1.23284674e-01 -0.09000801 -0.08590142 -0.08101503 -0.07076042 -0.06820858 
1.00000000e-01 -0.09000801 -0.08590142 -0.08101503 -0.07076042 -0.06820858 
8.11130831e-02 -0.09000801 -0.08590142 -0.08101503 -0.07076042 -0.06820858 
6.57933225e-02 -0.09000801 -0.08590142 -0.08101503 -0.07076042 -0.06820858 
5.33669923e-02 -0.09000801 -0.08590142 -0.08101503 -0.07076042 -0.06820858 
4.32876128e-02 -0.09000801 -0.08590142 -0.08101503 -0.07076042 -0.06820858 
3.51119173e-02 -0.09000801 -0.08590142 -0.08101503 -0.07076042 -0.06820858 
2.84803587e-02 -0.09000801 -0.08590142 -0.08101503 -0.07076042 -0.06820858 
2.31012970e-02 -0.09000801 -0.08590142 -0.08101503 -0.07076042 -0.06820858 
1.87381742e-02 -0.09000801 -0.08590142 -0.08101503 -0.07076042 -0.06820858 
1.51991108e-02 -0.09000801 -0.08590142 -0.08101503 -0.07076042 -0.06820858 
1.23284674e-02 -0.09000801 -0.08590142 -0.08101503 -0.07076042 -0.06820858 
1.00000000e-02 -0.09000801 -0.08590142 -0.08101503 -0.07076042 -0.06820858 
8.11130831e-03 -0.09000801 -0.08590142 -0.08101503 -0.07076042 -0.06820858 
6.57933225e-03 -0.09000801 -0.08590142 -0.08101503 -0.07076042 -0.06820858 
5.33669923e-03 -0.09000801 -0.08590142 -0.08101503 -0.07076042 -0.06820858 
4.32876128e-03 -0.09000801 -0.08590142 -0.08101503 -0.07076042 -0.06820858 
3.51119173e-03 -0.09000801 -0.08590142 -0.08101503 -0.07076042 -0.06820858 
2.84803587e-03 -0.09000801 -0.08590142 -0.08101503 -0.07076042 -0.06820858 
2.31012970e-03 -0.09000801 -0.08590142 -0.08101503 -0.07076042 -0.06820858 
1.87381742e-03 -0.09000801 -0.08590142 -0.08101503 -0.07076042 -0.06820858 
1.51991108e-03 -0.09000801 -0.08590142 -0.08101503 -0.07076042 -0.06820858 
1.23284674e-03 -0.09000801 -0.08590142 -0.08101503 -0.07076042 -0.06820858 
1.00000000e-03 -0.09000801 -0.08590142 -0.08101503 -0.07076042 -0.06820858 
8.11130831e-04 -0.09000801 -0.08590142 -0.08101503 -0.07076042 -0.06820858 
6.57933225e-04 -0.09000801 -0.08590142 -0.08101503 -0.07076042 -0.06820858 
5.33669923e-04 -0.09000801 -0.08590142 -0.08101503 -0.07076042 -0.06820858 
4.32876128e-04 -0.09000801 -0.08590142 -0.08101503 -0.07076042 -0.06820858 
3.51119173e-04 -0.09000801 -0.08590142 -0.08101503 -0.07076042 -0.06820858 
2.84803587e-04 -0.09000801 -0.08590142 -0.08101503 -0.07076042 -0.06820858 
2.31012970e-04 -0.09000801 -0.08590142 -0.08101503 -0.07076042 -0.06820858 
1.87381742e-04 -0.09000801 -0.08590142 -0.08101503 -0.07076042 -0.06820858 
1.51991108e-04 -0.09000801 -0.08590142 -0.08101503 -0.07076042 -0.06820858 
1.23284674e-04 -0.09000801 -0.08590142 -0.08101503 -0.07076042 -0.06820858 
1.00000000e-04 -0.09000801 -0.08590142 -0.08101503 -0.07076042 -0.06820858 
8.11130831e-05 -0.09000801 -0.08590142 -0.08101503 -0.07076042 -0.06820858 
6.57933225e-05 -0.09000801 -0.08590142 -0.08101503 -0.07076042 -0.06820858 
5.33669923e-05 -0.09000801 -0.08590142 -0.08101503 -0.07076042 -0.06820858 
4.32876128e-05 -0.09000801 -0.08590142 -0.08101503 -0.07076042 -0.06820858 
3.51119173e-05 -0.09000801 -0.08590142 -0.08101503 -0.07076042 -0.06820858 
2.84803587e-05 -0.09000801 -0.08590142 -0.08101503 -0.07076042 -0.06820858 
2.31012970e-05 -0.09000801 -0.08590142 -0.08101503 -0.07076042 -0.06820858 
1.87381742e-05 -0.09000801 -0.08590142 -0.08101503 -0.07076042 -0.06820858 
1.51991108e-05 -0.09000801 -0.08590142 -0.08101503 -0.07076042 -0.06820858 
1.23284674e-05 -0.09000801 -0.08590142 -0.08101503 -0.07076042 -0.06820858 
1.00000000e-05 -0.09000801 -0.08590142 -0.08101503 -0.07076042 -0.06820858 
8.11130831e-06 -0.09000801 -0.08590142 -0.08101503 -0.07076042 -0.06820858 
6.57933225e-06 -0.09000801 -0.08590142 -0.08101503 -0.07076042 -0.06820858 
5.33669923e-06 -0.09000801 -0.08590142 -0.08101503 -0.07076042 -0.06820858 
4.32876128e-06 -0.09000801 -0.08590142 -0.08101503 -0.07076042 -0.06820858 
3.51119173e-06 -0.09000801 -0.08590142 -0.08101503 -0.07076042 -0.06820858 
2.84803587e-06 -0.09000801 -0.08590142 -0.08101503 -0.07076042 -0.06820858 
2.31012970e-06 -0.09000801 -0.08590142 -0.08101503 -0.07076042 -0.06820858 
1.87381742e-06 -0.09000801 -0.08590142 -0.08101503 -0.07076042 -0.06820858 
1.51991108e-06 -0.09000801 -0.08590142 -0.08101503 -0.07076042 -0.06820858 
1.23284674e-06 -0.09000801 -0.08590142 -0.08101503 -0.07076042 -0.06820858 
1.00000000e-06 -0.09000801 -0.08590142 -0.08101503 -0.07076042 -0.06820858 
8.11130831e-07 -0.09000801 -0.08590142 -0.08101503 -0.07076042 -0.06820858 
6.57933225e-07 -0.09000801 -0.08590142 -0.08101503 -0.07076042 -0.06820858 
5.33669923e-07 -0.09000801 -0.08590142 -0.08101503 -0.07076042 -0.06820858 
4.32876128e-07 -0.09000801 -0.08590142 -0.08101503 -0.07076042 -0.06820858 
3.51119173e-07 -0.09000801 -0.08590142 -0.08101503 -0.07076042 -0.06820858 
2.84803587e-07 -0.09000801 -0.08590142 -0.08101503 -0.07076042 -0.06820858 
2.31012970e-07 -0.09000801 -0.08590142 -0.08101503 -0.07076042 -0.06820858 
1.87381742e-07 -0.09000801 -0.08590142 -0.08101503 -0.07076042 -0.06820858 
1.51991108e-07 -0.09000801 -0.08590142 -0.08101503 -0.07076042 -0.06820858 
1.23284674e-07 -0.09000801 -0.08590142 -0.08101503 -0.07076042 -0.06820858 
1.00000000e-07 -0.09000801 -0.08590142 -0.08101503 -0.07076042 -0.06820858 
P (bar) | log_He: -2σ | log_He: -1σ | log_He: median | log_He: +1σ | log_He: +2σ 
1.00000000e+02 -0.85955909 -0.85545250 -0.85056611 -0.84031150 -0.83775965 
8.11130831e+01 -0.85955909 -0.85545250 -0.85056611 -0.84031150 -0.83775965 
6.57933225e+01 -0.85955909 -0.85545250 -0.85056611 -0.84031150 -0.83775965 
5.33669923e+01 -0.85955909 -0.85545250 -0.85056611 -0.84031150 -0.83775965 
4.32876128e+01 -0.85955909 -0.85545250 -0.85056611 -0.84031150 -0.83775965 
3.51119173e+01 -0.85955909 -0.85545250 -0.85056611 -0.84031150 -0.83775965 
2.84803587e+01 -0.85955909 -0.85545250 -0.85056611 -0.84031150 -0.83775965 
2.31012970e+01 -0.85955909 -0.85545250 -0.85056611 -0.84031150 -0.83775965 
1.87381742e+01 -0.85955909 -0.85545250 -0.85056611 -0.84031150 -0.83775965 
1.51991108e+01 -0.85955909 -0.85545250 -0.85056611 -0.84031150 -0.83775965 
1.23284674e+01 -0.85955909 -0.85545250 -0.85056611 -0.84031150 -0.83775965 
1.00000000e+01 -0.85955909 -0.85545250 -0.85056611 -0.84031150 -0.83775965 
8.11130831e+00 -0.85955909 -0.85545250 -0.85056611 -0.84031150 -0.83775965 
6.57933225e+00 -0.85955909 -0.85545250 -0.85056611 -0.84031150 -0.83775965 
5.33669923e+00 -0.85955909 -0.85545250 -0.85056611 -0.84031150 -0.83775965 
4.32876128e+00 -0.85955909 -0.85545250 -0.85056611 -0.84031150 -0.83775965 
3.51119173e+00 -0.85955909 -0.85545250 -0.85056611 -0.84031150 -0.83775965 
2.84803587e+00 -0.85955909 -0.85545250 -0.85056611 -0.84031150 -0.83775965 
2.31012970e+00 -0.85955909 -0.85545250 -0.85056611 -0.84031150 -0.83775965 
1.87381742e+00 -0.85955909 -0.85545250 -0.85056611 -0.84031150 -0.83775965 
1.51991108e+00 -0.85955909 -0.85545250 -0.85056611 -0.84031150 -0.83775965 
1.23284674e+00 -0.85955909 -0.85545250 -0.85056611 -0.84031150 -0.83775965 
1.00000000e+00 -0.85955909 -0.85545250 -0.85056611 -0.84031150 -0.83775965 
8.11130831e-01 -0.85955909 -0.85545250 -0.85056611 -0.84031150 -0.83775965 
6.57933225e-01 -0.85955909 -0.85545250 -0.85056611 -0.84031150 -0.83775965 
5.33669923e-01 -0.85955909 -0.85545250 -0.85056611 -0.84031150 -0.83775965 
4.32876128e-01 -0.85955909 -0.85545250 -0.85056611 -0.84031150 -0.83775965 
3.51119173e-01 -0.85955909 -0.85545250 -0.85056611 -0.84031150 -0.83775965 
2.84803587e-01 -0.85955909 -0.85545250 -0.85056611 -0.84031150 -0.83775965 
2.31012970e-01 -0.85955909 -0.85545250 -0.85056611 -0.84031150 -0.83775965 
1.87381742e-01 -0.85955909 -0.85545250 -0.85056611 -0.84031150 -0.83775965 
1.51991108e-01 -0.85955909 -0.85545250 -0.85056611 -0.84031150 -0.83775965 
1.23284674e-01 -0.85955909 -0.85545250 -0.85056611 -0.84031150 -0.83775965 
1.00000000e-01 -0.85955909 -0.85545250 -0.85056611 -0.84031150 -0.83775965 
8.11130831e-02 -0.85955909 -0.85545250 -0.85056611 -0.84031150 -0.83775965 
6.57933225e-02 -0.85955909 -0.85545250 -0.85056611 -0.84031150 -0.83775965 
5.33669923e-02 -0.85955909 -0.85545250 -0.85056611 -0.84031150 -0.83775965 
4.32876128e-02 -0.85955909 -0.85545250 -0.85056611 -0.84031150 -0.83775965 
3.51119173e-02 -0.85955909 -0.85545250 -0.85056611 -0.84031150 -0.83775965 
2.84803587e-02 -0.85955909 -0.85545250 -0.85056611 -0.84031150 -0.83775965 
2.31012970e-02 -0.85955909 -0.85545250 -0.85056611 -0.84031150 -0.83775965 
1.87381742e-02 -0.85955909 -0.85545250 -0.85056611 -0.84031150 -0.83775965 
1.51991108e-02 -0.85955909 -0.85545250 -0.85056611 -0.84031150 -0.83775965 
1.23284674e-02 -0.85955909 -0.85545250 -0.85056611 -0.84031150 -0.83775965 
1.00000000e-02 -0.85955909 -0.85545250 -0.85056611 -0.84031150 -0.83775965 
8.11130831e-03 -0.85955909 -0.85545250 -0.85056611 -0.84031150 -0.83775965 
6.57933225e-03 -0.85955909 -0.85545250 -0.85056611 -0.84031150 -0.83775965 
5.33669923e-03 -0.85955909 -0.85545250 -0.85056611 -0.84031150 -0.83775965 
4.32876128e-03 -0.85955909 -0.85545250 -0.85056611 -0.84031150 -0.83775965 
3.51119173e-03 -0.85955909 -0.85545250 -0.85056611 -0.84031150 -0.83775965 
2.84803587e-03 -0.85955909 -0.85545250 -0.85056611 -0.84031150 -0.83775965 
2.31012970e-03 -0.85955909 -0.85545250 -0.85056611 -0.84031150 -0.83775965 
1.87381742e-03 -0.85955909 -0.85545250 -0.85056611 -0.84031150 -0.83775965 
1.51991108e-03 -0.85955909 -0.85545250 -0.85056611 -0.84031150 -0.83775965 
1.23284674e-03 -0.85955909 -0.85545250 -0.85056611 -0.84031150 -0.83775965 
1.00000000e-03 -0.85955909 -0.85545250 -0.85056611 -0.84031150 -0.83775965 
8.11130831e-04 -0.85955909 -0.85545250 -0.85056611 -0.84031150 -0.83775965 
6.57933225e-04 -0.85955909 -0.85545250 -0.85056611 -0.84031150 -0.83775965 
5.33669923e-04 -0.85955909 -0.85545250 -0.85056611 -0.84031150 -0.83775965 
4.32876128e-04 -0.85955909 -0.85545250 -0.85056611 -0.84031150 -0.83775965 
3.51119173e-04 -0.85955909 -0.85545250 -0.85056611 -0.84031150 -0.83775965 
2.84803587e-04 -0.85955909 -0.85545250 -0.85056611 -0.84031150 -0.83775965 
2.31012970e-04 -0.85955909 -0.85545250 -0.85056611 -0.84031150 -0.83775965 
1.87381742e-04 -0.85955909 -0.85545250 -0.85056611 -0.84031150 -0.83775965 
1.51991108e-04 -0.85955909 -0.85545250 -0.85056611 -0.84031150 -0.83775965 
1.23284674e-04 -0.85955909 -0.85545250 -0.85056611 -0.84031150 -0.83775965 
1.00000000e-04 -0.85955909 -0.85545250 -0.85056611 -0.84031150 -0.83775965 
8.11130831e-05 -0.85955909 -0.85545250 -0.85056611 -0.84031150 -0.83775965 
6.57933225e-05 -0.85955909 -0.85545250 -0.85056611 -0.84031150 -0.83775965 
5.33669923e-05 -0.85955909 -0.85545250 -0.85056611 -0.84031150 -0.83775965 
4.32876128e-05 -0.85955909 -0.85545250 -0.85056611 -0.84031150 -0.83775965 
3.51119173e-05 -0.85955909 -0.85545250 -0.85056611 -0.84031150 -0.83775965 
2.84803587e-05 -0.85955909 -0.85545250 -0.85056611 -0.84031150 -0.83775965 
2.31012970e-05 -0.85955909 -0.85545250 -0.85056611 -0.84031150 -0.83775965 
1.87381742e-05 -0.85955909 -0.85545250 -0.85056611 -0.84031150 -0.83775965 
1.51991108e-05 -0.85955909 -0.85545250 -0.85056611 -0.84031150 -0.83775965 
1.23284674e-05 -0.85955909 -0.85545250 -0.85056611 -0.84031150 -0.83775965 
1.00000000e-05 -0.85955909 -0.85545250 -0.85056611 -0.84031150 -0.83775965 
8.11130831e-06 -0.85955909 -0.85545250 -0.85056611 -0.84031150 -0.83775965 
6.57933225e-06 -0.85955909 -0.85545250 -0.85056611 -0.84031150 -0.83775965 
5.33669923e-06 -0.85955909 -0.85545250 -0.85056611 -0.84031150 -0.83775965 
4.32876128e-06 -0.85955909 -0.85545250 -0.85056611 -0.84031150 -0.83775965 
3.51119173e-06 -0.85955909 -0.85545250 -0.85056611 -0.84031150 -0.83775965 
2.84803587e-06 -0.85955909 -0.85545250 -0.85056611 -0.84031150 -0.83775965 
2.31012970e-06 -0.85955909 -0.85545250 -0.85056611 -0.84031150 -0.83775965 
1.87381742e-06 -0.85955909 -0.85545250 -0.85056611 -0.84031150 -0.83775965 
1.51991108e-06 -0.85955909 -0.85545250 -0.85056611 -0.84031150 -0.83775965 
1.23284674e-06 -0.85955909 -0.85545250 -0.85056611 -0.84031150 -0.83775965 
1.00000000e-06 -0.85955909 -0.85545250 -0.85056611 -0.84031150 -0.83775965 
8.11130831e-07 -0.85955909 -0.85545250 -0.85056611 -0.84031150 -0.83775965 
6.57933225e-07 -0.85955909 -0.85545250 -0.85056611 -0.84031150 -0.83775965 
5.33669923e-07 -0.85955909 -0.85545250 -0.85056611 -0.84031150 -0.83775965 
4.32876128e-07 -0.85955909 -0.85545250 -0.85056611 -0.84031150 -0.83775965 
3.51119173e-07 -0.85955909 -0.85545250 -0.85056611 -0.84031150 -0.83775965 
2.84803587e-07 -0.85955909 -0.85545250 -0.85056611 -0.84031150 -0.83775965 
2.31012970e-07 -0.85955909 -0.85545250 -0.85056611 -0.84031150 -0.83775965 
1.87381742e-07 -0.85955909 -0.85545250 -0.85056611 -0.84031150 -0.83775965 
1.51991108e-07 -0.85955909 -0.85545250 -0.85056611 -0.84031150 -0.83775965 
1.23284674e-07 -0.85955909 -0.85545250 -0.85056611 -0.84031150 -0.83775965 
1.00000000e-07 -0.85955909 -0.85545250 -0.85056611 -0.84031150 -0.83775965 
P (bar) | log_H2O: -2σ | log_H2O: -1σ | log_H2O: median | log_H2O: +1σ | log_H2O: +2σ 
1.00000000e+02 -4.47140251 -2.41717827 -1.66176799 -1.49783609 -1.39226783 
8.11130831e+01 -4.47140251 -2.41717827 -1.66176799 -1.49783609 -1.39226783 
6.57933225e+01 -4.47140251 -2.41717827 -1.66176799 -1.49783609 -1.39226783 
5.33669923e+01 -4.47140251 -2.41717827 -1.66176799 -1.49783609 -1.39226783 
4.32876128e+01 -4.47140251 -2.41717827 -1.66176799 -1.49783609 -1.39226783 
3.51119173e+01 -4.47140251 -2.41717827 -1.66176799 -1.49783609 -1.39226783 
2.84803587e+01 -4.47140251 -2.41717827 -1.66176799 -1.49783609 -1.39226783 
2.31012970e+01 -4.47140251 -2.41717827 -1.66176799 -1.49783609 -1.39226783 
1.87381742e+01 -4.47140251 -2.41717827 -1.66176799 -1.49783609 -1.39226783 
1.51991108e+01 -4.47140251 -2.41717827 -1.66176799 -1.49783609 -1.39226783 
1.23284674e+01 -4.47140251 -2.41717827 -1.66176799 -1.49783609 -1.39226783 
1.00000000e+01 -4.47140251 -2.41717827 -1.66176799 -1.49783609 -1.39226783 
8.11130831e+00 -4.47140251 -2.41717827 -1.66176799 -1.49783609 -1.39226783 
6.57933225e+00 -4.47140251 -2.41717827 -1.66176799 -1.49783609 -1.39226783 
5.33669923e+00 -4.47140251 -2.41717827 -1.66176799 -1.49783609 -1.39226783 
4.32876128e+00 -4.47140251 -2.41717827 -1.66176799 -1.49783609 -1.39226783 
3.51119173e+00 -4.47140251 -2.41717827 -1.66176799 -1.49783609 -1.39226783 
2.84803587e+00 -4.47140251 -2.41717827 -1.66176799 -1.49783609 -1.39226783 
2.31012970e+00 -4.47140251 -2.41717827 -1.66176799 -1.49783609 -1.39226783 
1.87381742e+00 -4.47140251 -2.41717827 -1.66176799 -1.49783609 -1.39226783 
1.51991108e+00 -4.47140251 -2.41717827 -1.66176799 -1.49783609 -1.39226783 
1.23284674e+00 -4.47140251 -2.41717827 -1.66176799 -1.49783609 -1.39226783 
1.00000000e+00 -4.47140251 -2.41717827 -1.66176799 -1.49783609 -1.39226783 
8.11130831e-01 -4.47140251 -2.41717827 -1.66176799 -1.49783609 -1.39226783 
6.57933225e-01 -4.47140251 -2.41717827 -1.66176799 -1.49783609 -1.39226783 
5.33669923e-01 -4.47140251 -2.41717827 -1.66176799 -1.49783609 -1.39226783 
4.32876128e-01 -4.47140251 -2.41717827 -1.66176799 -1.49783609 -1.39226783 
3.51119173e-01 -4.47140251 -2.41717827 -1.66176799 -1.49783609 -1.39226783 
2.84803587e-01 -4.47140251 -2.41717827 -1.66176799 -1.49783609 -1.39226783 
2.31012970e-01 -4.47140251 -2.41717827 -1.66176799 -1.49783609 -1.39226783 
1.87381742e-01 -4.47140251 -2.41717827 -1.66176799 -1.49783609 -1.39226783 
1.51991108e-01 -4.47140251 -2.41717827 -1.66176799 -1.49783609 -1.39226783 
1.23284674e-01 -4.47140251 -2.41717827 -1.66176799 -1.49783609 -1.39226783 
1.00000000e-01 -4.47140251 -2.41717827 -1.66176799 -1.49783609 -1.39226783 
8.11130831e-02 -4.47140251 -2.41717827 -1.66176799 -1.49783609 -1.39226783 
6.57933225e-02 -4.47140251 -2.41717827 -1.66176799 -1.49783609 -1.39226783 
5.33669923e-02 -4.47140251 -2.41717827 -1.66176799 -1.49783609 -1.39226783 
4.32876128e-02 -4.47140251 -2.41717827 -1.66176799 -1.49783609 -1.39226783 
3.51119173e-02 -4.47140251 -2.41717827 -1.66176799 -1.49783609 -1.39226783 
2.84803587e-02 -4.47140251 -2.41717827 -1.66176799 -1.49783609 -1.39226783 
2.31012970e-02 -4.47140251 -2.41717827 -1.66176799 -1.49783609 -1.39226783 
1.87381742e-02 -4.47140251 -2.41717827 -1.66176799 -1.49783609 -1.39226783 
1.51991108e-02 -4.47140251 -2.41717827 -1.66176799 -1.49783609 -1.39226783 
1.23284674e-02 -4.47140251 -2.41717827 -1.66176799 -1.49783609 -1.39226783 
1.00000000e-02 -4.47140251 -2.41717827 -1.66176799 -1.49783609 -1.39226783 
8.11130831e-03 -4.47140251 -2.41717827 -1.66176799 -1.49783609 -1.39226783 
6.57933225e-03 -4.47140251 -2.41717827 -1.66176799 -1.49783609 -1.39226783 
5.33669923e-03 -4.47140251 -2.41717827 -1.66176799 -1.49783609 -1.39226783 
4.32876128e-03 -4.47140251 -2.41717827 -1.66176799 -1.49783609 -1.39226783 
3.51119173e-03 -4.47140251 -2.41717827 -1.66176799 -1.49783609 -1.39226783 
2.84803587e-03 -4.47140251 -2.41717827 -1.66176799 -1.49783609 -1.39226783 
2.31012970e-03 -4.47140251 -2.41717827 -1.66176799 -1.49783609 -1.39226783 
1.87381742e-03 -4.47140251 -2.41717827 -1.66176799 -1.49783609 -1.39226783 
1.51991108e-03 -4.47140251 -2.41717827 -1.66176799 -1.49783609 -1.39226783 
1.23284674e-03 -4.47140251 -2.41717827 -1.66176799 -1.49783609 -1.39226783 
1.00000000e-03 -4.47140251 -2.41717827 -1.66176799 -1.49783609 -1.39226783 
8.11130831e-04 -4.47140251 -2.41717827 -1.66176799 -1.49783609 -1.39226783 
6.57933225e-04 -4.47140251 -2.41717827 -1.66176799 -1.49783609 -1.39226783 
5.33669923e-04 -4.47140251 -2.41717827 -1.66176799 -1.49783609 -1.39226783 
4.32876128e-04 -4.47140251 -2.41717827 -1.66176799 -1.49783609 -1.39226783 
3.51119173e-04 -4.47140251 -2.41717827 -1.66176799 -1.49783609 -1.39226783 
2.84803587e-04 -4.47140251 -2.41717827 -1.66176799 -1.49783609 -1.39226783 
2.31012970e-04 -4.47140251 -2.41717827 -1.66176799 -1.49783609 -1.39226783 
1.87381742e-04 -4.47140251 -2.41717827 -1.66176799 -1.49783609 -1.39226783 
1.51991108e-04 -4.47140251 -2.41717827 -1.66176799 -1.49783609 -1.39226783 
1.23284674e-04 -4.47140251 -2.41717827 -1.66176799 -1.49783609 -1.39226783 
1.00000000e-04 -4.47140251 -2.41717827 -1.66176799 -1.49783609 -1.39226783 
8.11130831e-05 -4.47140251 -2.41717827 -1.66176799 -1.49783609 -1.39226783 
6.57933225e-05 -4.47140251 -2.41717827 -1.66176799 -1.49783609 -1.39226783 
5.33669923e-05 -4.47140251 -2.41717827 -1.66176799 -1.49783609 -1.39226783 
4.32876128e-05 -4.47140251 -2.41717827 -1.66176799 -1.49783609 -1.39226783 
3.51119173e-05 -4.47140251 -2.41717827 -1.66176799 -1.49783609 -1.39226783 
2.84803587e-05 -4.47140251 -2.41717827 -1.66176799 -1.49783609 -1.39226783 
2.31012970e-05 -4.47140251 -2.41717827 -1.66176799 -1.49783609 -1.39226783 
1.87381742e-05 -4.47140251 -2.41717827 -1.66176799 -1.49783609 -1.39226783 
1.51991108e-05 -4.47140251 -2.41717827 -1.66176799 -1.49783609 -1.39226783 
1.23284674e-05 -4.47140251 -2.41717827 -1.66176799 -1.49783609 -1.39226783 
1.00000000e-05 -4.47140251 -2.41717827 -1.66176799 -1.49783609 -1.39226783 
8.11130831e-06 -4.47140251 -2.41717827 -1.66176799 -1.49783609 -1.39226783 
6.57933225e-06 -4.47140251 -2.41717827 -1.66176799 -1.49783609 -1.39226783 
5.33669923e-06 -4.47140251 -2.41717827 -1.66176799 -1.49783609 -1.39226783 
4.32876128e-06 -4.47140251 -2.41717827 -1.66176799 -1.49783609 -1.39226783 
3.51119173e-06 -4.47140251 -2.41717827 -1.66176799 -1.49783609 -1.39226783 
2.84803587e-06 -4.47140251 -2.41717827 -1.66176799 -1.49783609 -1.39226783 
2.31012970e-06 -4.47140251 -2.41717827 -1.66176799 -1.49783609 -1.39226783 
1.87381742e-06 -4.47140251 -2.41717827 -1.66176799 -1.49783609 -1.39226783 
1.51991108e-06 -4.47140251 -2.41717827 -1.66176799 -1.49783609 -1.39226783 
1.23284674e-06 -4.47140251 -2.41717827 -1.66176799 -1.49783609 -1.39226783 
1.00000000e-06 -4.47140251 -2.41717827 -1.66176799 -1.49783609 -1.39226783 
8.11130831e-07 -4.47140251 -2.41717827 -1.66176799 -1.49783609 -1.39226783 
6.57933225e-07 -4.47140251 -2.41717827 -1.66176799 -1.49783609 -1.39226783 
5.33669923e-07 -4.47140251 -2.41717827 -1.66176799 -1.49783609 -1.39226783 
4.32876128e-07 -4.47140251 -2.41717827 -1.66176799 -1.49783609 -1.39226783 
3.51119173e-07 -4.47140251 -2.41717827 -1.66176799 -1.49783609 -1.39226783 
2.84803587e-07 -4.47140251 -2.41717827 -1.66176799 -1.49783609 -1.39226783 
2.31012970e-07 -4.47140251 -2.41717827 -1.66176799 -1.49783609 -1.39226783 
1.87381742e-07 -4.47140251 -2.41717827 -1.66176799 -1.49783609 -1.39226783 
1.51991108e-07 -4.47140251 -2.41717827 -1.66176799 -1.49783609 -1.39226783 
1.23284674e-07 -4.47140251 -2.41717827 -1.66176799 -1.49783609 -1.39226783 
1.00000000e-07 -4.47140251 -2.41717827 -1.66176799 -1.49783609 -1.39226783 
P (bar) | log_CO2: -2σ | log_CO2: -1σ | log_CO2: median | log_CO2: +1σ | log_CO2: +2σ 
1.00000000e+02 -6.92425762 -5.11571972 -4.38130740 -4.19892973 -4.06440262 
8.11130831e+01 -6.92425762 -5.11571972 -4.38130740 -4.19892973 -4.06440262 
6.57933225e+01 -6.92425762 -5.11571972 -4.38130740 -4.19892973 -4.06440262 
5.33669923e+01 -6.92425762 -5.11571972 -4.38130740 -4.19892973 -4.06440262 
4.32876128e+01 -6.92425762 -5.11571972 -4.38130740 -4.19892973 -4.06440262 
3.51119173e+01 -6.92425762 -5.11571972 -4.38130740 -4.19892973 -4.06440262 
2.84803587e+01 -6.92425762 -5.11571972 -4.38130740 -4.19892973 -4.06440262 
2.31012970e+01 -6.92425762 -5.11571972 -4.38130740 -4.19892973 -4.06440262 
1.87381742e+01 -6.92425762 -5.11571972 -4.38130740 -4.19892973 -4.06440262 
1.51991108e+01 -6.92425762 -5.11571972 -4.38130740 -4.19892973 -4.06440262 
1.23284674e+01 -6.92425762 -5.11571972 -4.38130740 -4.19892973 -4.06440262 
1.00000000e+01 -6.92425762 -5.11571972 -4.38130740 -4.19892973 -4.06440262 
8.11130831e+00 -6.92425762 -5.11571972 -4.38130740 -4.19892973 -4.06440262 
6.57933225e+00 -6.92425762 -5.11571972 -4.38130740 -4.19892973 -4.06440262 
5.33669923e+00 -6.92425762 -5.11571972 -4.38130740 -4.19892973 -4.06440262 
4.32876128e+00 -6.92425762 -5.11571972 -4.38130740 -4.19892973 -4.06440262 
3.51119173e+00 -6.92425762 -5.11571972 -4.38130740 -4.19892973 -4.06440262 
2.84803587e+00 -6.92425762 -5.11571972 -4.38130740 -4.19892973 -4.06440262 
2.31012970e+00 -6.92425762 -5.11571972 -4.38130740 -4.19892973 -4.06440262 
1.87381742e+00 -6.92425762 -5.11571972 -4.38130740 -4.19892973 -4.06440262 
1.51991108e+00 -6.92425762 -5.11571972 -4.38130740 -4.19892973 -4.06440262 
1.23284674e+00 -6.92425762 -5.11571972 -4.38130740 -4.19892973 -4.06440262 
1.00000000e+00 -6.92425762 -5.11571972 -4.38130740 -4.19892973 -4.06440262 
8.11130831e-01 -6.92425762 -5.11571972 -4.38130740 -4.19892973 -4.06440262 
6.57933225e-01 -6.92425762 -5.11571972 -4.38130740 -4.19892973 -4.06440262 
5.33669923e-01 -6.92425762 -5.11571972 -4.38130740 -4.19892973 -4.06440262 
4.32876128e-01 -6.92425762 -5.11571972 -4.38130740 -4.19892973 -4.06440262 
3.51119173e-01 -6.92425762 -5.11571972 -4.38130740 -4.19892973 -4.06440262 
2.84803587e-01 -6.92425762 -5.11571972 -4.38130740 -4.19892973 -4.06440262 
2.31012970e-01 -6.92425762 -5.11571972 -4.38130740 -4.19892973 -4.06440262 
1.87381742e-01 -6.92425762 -5.11571972 -4.38130740 -4.19892973 -4.06440262 
1.51991108e-01 -6.92425762 -5.11571972 -4.38130740 -4.19892973 -4.06440262 
1.23284674e-01 -6.92425762 -5.11571972 -4.38130740 -4.19892973 -4.06440262 
1.00000000e-01 -6.92425762 -5.11571972 -4.38130740 -4.19892973 -4.06440262 
8.11130831e-02 -6.92425762 -5.11571972 -4.38130740 -4.19892973 -4.06440262 
6.57933225e-02 -6.92425762 -5.11571972 -4.38130740 -4.19892973 -4.06440262 
5.33669923e-02 -6.92425762 -5.11571972 -4.38130740 -4.19892973 -4.06440262 
4.32876128e-02 -6.92425762 -5.11571972 -4.38130740 -4.19892973 -4.06440262 
3.51119173e-02 -6.92425762 -5.11571972 -4.38130740 -4.19892973 -4.06440262 
2.84803587e-02 -6.92425762 -5.11571972 -4.38130740 -4.19892973 -4.06440262 
2.31012970e-02 -6.92425762 -5.11571972 -4.38130740 -4.19892973 -4.06440262 
1.87381742e-02 -6.92425762 -5.11571972 -4.38130740 -4.19892973 -4.06440262 
1.51991108e-02 -6.92425762 -5.11571972 -4.38130740 -4.19892973 -4.06440262 
1.23284674e-02 -6.92425762 -5.11571972 -4.38130740 -4.19892973 -4.06440262 
1.00000000e-02 -6.92425762 -5.11571972 -4.38130740 -4.19892973 -4.06440262 
8.11130831e-03 -6.92425762 -5.11571972 -4.38130740 -4.19892973 -4.06440262 
6.57933225e-03 -6.92425762 -5.11571972 -4.38130740 -4.19892973 -4.06440262 
5.33669923e-03 -6.92425762 -5.11571972 -4.38130740 -4.19892973 -4.06440262 
4.32876128e-03 -6.92425762 -5.11571972 -4.38130740 -4.19892973 -4.06440262 
3.51119173e-03 -6.92425762 -5.11571972 -4.38130740 -4.19892973 -4.06440262 
2.84803587e-03 -6.92425762 -5.11571972 -4.38130740 -4.19892973 -4.06440262 
2.31012970e-03 -6.92425762 -5.11571972 -4.38130740 -4.19892973 -4.06440262 
1.87381742e-03 -6.92425762 -5.11571972 -4.38130740 -4.19892973 -4.06440262 
1.51991108e-03 -6.92425762 -5.11571972 -4.38130740 -4.19892973 -4.06440262 
1.23284674e-03 -6.92425762 -5.11571972 -4.38130740 -4.19892973 -4.06440262 
1.00000000e-03 -6.92425762 -5.11571972 -4.38130740 -4.19892973 -4.06440262 
8.11130831e-04 -6.92425762 -5.11571972 -4.38130740 -4.19892973 -4.06440262 
6.57933225e-04 -6.92425762 -5.11571972 -4.38130740 -4.19892973 -4.06440262 
5.33669923e-04 -6.92425762 -5.11571972 -4.38130740 -4.19892973 -4.06440262 
4.32876128e-04 -6.92425762 -5.11571972 -4.38130740 -4.19892973 -4.06440262 
3.51119173e-04 -6.92425762 -5.11571972 -4.38130740 -4.19892973 -4.06440262 
2.84803587e-04 -6.92425762 -5.11571972 -4.38130740 -4.19892973 -4.06440262 
2.31012970e-04 -6.92425762 -5.11571972 -4.38130740 -4.19892973 -4.06440262 
1.87381742e-04 -6.92425762 -5.11571972 -4.38130740 -4.19892973 -4.06440262 
1.51991108e-04 -6.92425762 -5.11571972 -4.38130740 -4.19892973 -4.06440262 
1.23284674e-04 -6.92425762 -5.11571972 -4.38130740 -4.19892973 -4.06440262 
1.00000000e-04 -6.92425762 -5.11571972 -4.38130740 -4.19892973 -4.06440262 
8.11130831e-05 -6.92425762 -5.11571972 -4.38130740 -4.19892973 -4.06440262 
6.57933225e-05 -6.92425762 -5.11571972 -4.38130740 -4.19892973 -4.06440262 
5.33669923e-05 -6.92425762 -5.11571972 -4.38130740 -4.19892973 -4.06440262 
4.32876128e-05 -6.92425762 -5.11571972 -4.38130740 -4.19892973 -4.06440262 
3.51119173e-05 -6.92425762 -5.11571972 -4.38130740 -4.19892973 -4.06440262 
2.84803587e-05 -6.92425762 -5.11571972 -4.38130740 -4.19892973 -4.06440262 
2.31012970e-05 -6.92425762 -5.11571972 -4.38130740 -4.19892973 -4.06440262 
1.87381742e-05 -6.92425762 -5.11571972 -4.38130740 -4.19892973 -4.06440262 
1.51991108e-05 -6.92425762 -5.11571972 -4.38130740 -4.19892973 -4.06440262 
1.23284674e-05 -6.92425762 -5.11571972 -4.38130740 -4.19892973 -4.06440262 
1.00000000e-05 -6.92425762 -5.11571972 -4.38130740 -4.19892973 -4.06440262 
8.11130831e-06 -6.92425762 -5.11571972 -4.38130740 -4.19892973 -4.06440262 
6.57933225e-06 -6.92425762 -5.11571972 -4.38130740 -4.19892973 -4.06440262 
5.33669923e-06 -6.92425762 -5.11571972 -4.38130740 -4.19892973 -4.06440262 
4.32876128e-06 -6.92425762 -5.11571972 -4.38130740 -4.19892973 -4.06440262 
3.51119173e-06 -6.92425762 -5.11571972 -4.38130740 -4.19892973 -4.06440262 
2.84803587e-06 -6.92425762 -5.11571972 -4.38130740 -4.19892973 -4.06440262 
2.31012970e-06 -6.92425762 -5.11571972 -4.38130740 -4.19892973 -4.06440262 
1.87381742e-06 -6.92425762 -5.11571972 -4.38130740 -4.19892973 -4.06440262 
1.51991108e-06 -6.92425762 -5.11571972 -4.38130740 -4.19892973 -4.06440262 
1.23284674e-06 -6.92425762 -5.11571972 -4.38130740 -4.19892973 -4.06440262 
1.00000000e-06 -6.92425762 -5.11571972 -4.38130740 -4.19892973 -4.06440262 
8.11130831e-07 -6.92425762 -5.11571972 -4.38130740 -4.19892973 -4.06440262 
6.57933225e-07 -6.92425762 -5.11571972 -4.38130740 -4.19892973 -4.06440262 
5.33669923e-07 -6.92425762 -5.11571972 -4.38130740 -4.19892973 -4.06440262 
4.32876128e-07 -6.92425762 -5.11571972 -4.38130740 -4.19892973 -4.06440262 
3.51119173e-07 -6.92425762 -5.11571972 -4.38130740 -4.19892973 -4.06440262 
2.84803587e-07 -6.92425762 -5.11571972 -4.38130740 -4.19892973 -4.06440262 
2.31012970e-07 -6.92425762 -5.11571972 -4.38130740 -4.19892973 -4.06440262 
1.87381742e-07 -6.92425762 -5.11571972 -4.38130740 -4.19892973 -4.06440262 
1.51991108e-07 -6.92425762 -5.11571972 -4.38130740 -4.19892973 -4.06440262 
1.23284674e-07 -6.92425762 -5.11571972 -4.38130740 -4.19892973 -4.06440262 
1.00000000e-07 -6.92425762 -5.11571972 -4.38130740 -4.19892973 -4.06440262 
P (bar) | log_CO: -2σ | log_CO: -1σ | log_CO: median | log_CO: +1σ | log_CO: +2σ 
1.00000000e+02 -4.97795201 -3.06813629 -2.27308504 -2.09789151 -2.01623144 
8.11130831e+01 -4.97795201 -3.06813629 -2.27308504 -2.09789151 -2.01623144 
6.57933225e+01 -4.97795201 -3.06813629 -2.27308504 -2.09789151 -2.01623144 
5.33669923e+01 -4.97795201 -3.06813629 -2.27308504 -2.09789151 -2.01623144 
4.32876128e+01 -4.97795201 -3.06813629 -2.27308504 -2.09789151 -2.01623144 
3.51119173e+01 -4.97795201 -3.06813629 -2.27308504 -2.09789151 -2.01623144 
2.84803587e+01 -4.97795201 -3.06813629 -2.27308504 -2.09789151 -2.01623144 
2.31012970e+01 -4.97795201 -3.06813629 -2.27308504 -2.09789151 -2.01623144 
1.87381742e+01 -4.97795201 -3.06813629 -2.27308504 -2.09789151 -2.01623144 
1.51991108e+01 -4.97795201 -3.06813629 -2.27308504 -2.09789151 -2.01623144 
1.23284674e+01 -4.97795201 -3.06813629 -2.27308504 -2.09789151 -2.01623144 
1.00000000e+01 -4.97795201 -3.06813629 -2.27308504 -2.09789151 -2.01623144 
8.11130831e+00 -4.97795201 -3.06813629 -2.27308504 -2.09789151 -2.01623144 
6.57933225e+00 -4.97795201 -3.06813629 -2.27308504 -2.09789151 -2.01623144 
5.33669923e+00 -4.97795201 -3.06813629 -2.27308504 -2.09789151 -2.01623144 
4.32876128e+00 -4.97795201 -3.06813629 -2.27308504 -2.09789151 -2.01623144 
3.51119173e+00 -4.97795201 -3.06813629 -2.27308504 -2.09789151 -2.01623144 
2.84803587e+00 -4.97795201 -3.06813629 -2.27308504 -2.09789151 -2.01623144 
2.31012970e+00 -4.97795201 -3.06813629 -2.27308504 -2.09789151 -2.01623144 
1.87381742e+00 -4.97795201 -3.06813629 -2.27308504 -2.09789151 -2.01623144 
1.51991108e+00 -4.97795201 -3.06813629 -2.27308504 -2.09789151 -2.01623144 
1.23284674e+00 -4.97795201 -3.06813629 -2.27308504 -2.09789151 -2.01623144 
1.00000000e+00 -4.97795201 -3.06813629 -2.27308504 -2.09789151 -2.01623144 
8.11130831e-01 -4.97795201 -3.06813629 -2.27308504 -2.09789151 -2.01623144 
6.57933225e-01 -4.97795201 -3.06813629 -2.27308504 -2.09789151 -2.01623144 
5.33669923e-01 -4.97795201 -3.06813629 -2.27308504 -2.09789151 -2.01623144 
4.32876128e-01 -4.97795201 -3.06813629 -2.27308504 -2.09789151 -2.01623144 
3.51119173e-01 -4.97795201 -3.06813629 -2.27308504 -2.09789151 -2.01623144 
2.84803587e-01 -4.97795201 -3.06813629 -2.27308504 -2.09789151 -2.01623144 
2.31012970e-01 -4.97795201 -3.06813629 -2.27308504 -2.09789151 -2.01623144 
1.87381742e-01 -4.97795201 -3.06813629 -2.27308504 -2.09789151 -2.01623144 
1.51991108e-01 -4.97795201 -3.06813629 -2.27308504 -2.09789151 -2.01623144 
1.23284674e-01 -4.97795201 -3.06813629 -2.27308504 -2.09789151 -2.01623144 
1.00000000e-01 -4.97795201 -3.06813629 -2.27308504 -2.09789151 -2.01623144 
8.11130831e-02 -4.97795201 -3.06813629 -2.27308504 -2.09789151 -2.01623144 
6.57933225e-02 -4.97795201 -3.06813629 -2.27308504 -2.09789151 -2.01623144 
5.33669923e-02 -4.97795201 -3.06813629 -2.27308504 -2.09789151 -2.01623144 
4.32876128e-02 -4.97795201 -3.06813629 -2.27308504 -2.09789151 -2.01623144 
3.51119173e-02 -4.97795201 -3.06813629 -2.27308504 -2.09789151 -2.01623144 
2.84803587e-02 -4.97795201 -3.06813629 -2.27308504 -2.09789151 -2.01623144 
2.31012970e-02 -4.97795201 -3.06813629 -2.27308504 -2.09789151 -2.01623144 
1.87381742e-02 -4.97795201 -3.06813629 -2.27308504 -2.09789151 -2.01623144 
1.51991108e-02 -4.97795201 -3.06813629 -2.27308504 -2.09789151 -2.01623144 
1.23284674e-02 -4.97795201 -3.06813629 -2.27308504 -2.09789151 -2.01623144 
1.00000000e-02 -4.97795201 -3.06813629 -2.27308504 -2.09789151 -2.01623144 
8.11130831e-03 -4.97795201 -3.06813629 -2.27308504 -2.09789151 -2.01623144 
6.57933225e-03 -4.97795201 -3.06813629 -2.27308504 -2.09789151 -2.01623144 
5.33669923e-03 -4.97795201 -3.06813629 -2.27308504 -2.09789151 -2.01623144 
4.32876128e-03 -4.97795201 -3.06813629 -2.27308504 -2.09789151 -2.01623144 
3.51119173e-03 -4.97795201 -3.06813629 -2.27308504 -2.09789151 -2.01623144 
2.84803587e-03 -4.97795201 -3.06813629 -2.27308504 -2.09789151 -2.01623144 
2.31012970e-03 -4.97795201 -3.06813629 -2.27308504 -2.09789151 -2.01623144 
1.87381742e-03 -4.97795201 -3.06813629 -2.27308504 -2.09789151 -2.01623144 
1.51991108e-03 -4.97795201 -3.06813629 -2.27308504 -2.09789151 -2.01623144 
1.23284674e-03 -4.97795201 -3.06813629 -2.27308504 -2.09789151 -2.01623144 
1.00000000e-03 -4.97795201 -3.06813629 -2.27308504 -2.09789151 -2.01623144 
8.11130831e-04 -4.97795201 -3.06813629 -2.27308504 -2.09789151 -2.01623144 
6.57933225e-04 -4.97795201 -3.06813629 -2.27308504 -2.09789151 -2.01623144 
5.33669923e-04 -4.97795201 -3.06813629 -2.27308504 -2.09789151 -2.01623144 
4.32876128e-04 -4.97795201 -3.06813629 -2.27308504 -2.09789151 -2.01623144 
3.51119173e-04 -4.97795201 -3.06813629 -2.27308504 -2.09789151 -2.01623144 
2.84803587e-04 -4.97795201 -3.06813629 -2.27308504 -2.09789151 -2.01623144 
2.31012970e-04 -4.97795201 -3.06813629 -2.27308504 -2.09789151 -2.01623144 
1.87381742e-04 -4.97795201 -3.06813629 -2.27308504 -2.09789151 -2.01623144 
1.51991108e-04 -4.97795201 -3.06813629 -2.27308504 -2.09789151 -2.01623144 
1.23284674e-04 -4.97795201 -3.06813629 -2.27308504 -2.09789151 -2.01623144 
1.00000000e-04 -4.97795201 -3.06813629 -2.27308504 -2.09789151 -2.01623144 
8.11130831e-05 -4.97795201 -3.06813629 -2.27308504 -2.09789151 -2.01623144 
6.57933225e-05 -4.97795201 -3.06813629 -2.27308504 -2.09789151 -2.01623144 
5.33669923e-05 -4.97795201 -3.06813629 -2.27308504 -2.09789151 -2.01623144 
4.32876128e-05 -4.97795201 -3.06813629 -2.27308504 -2.09789151 -2.01623144 
3.51119173e-05 -4.97795201 -3.06813629 -2.27308504 -2.09789151 -2.01623144 
2.84803587e-05 -4.97795201 -3.06813629 -2.27308504 -2.09789151 -2.01623144 
2.31012970e-05 -4.97795201 -3.06813629 -2.27308504 -2.09789151 -2.01623144 
1.87381742e-05 -4.97795201 -3.06813629 -2.27308504 -2.09789151 -2.01623144 
1.51991108e-05 -4.97795201 -3.06813629 -2.27308504 -2.09789151 -2.01623144 
1.23284674e-05 -4.97795201 -3.06813629 -2.27308504 -2.09789151 -2.01623144 
1.00000000e-05 -4.97795201 -3.06813629 -2.27308504 -2.09789151 -2.01623144 
8.11130831e-06 -4.97795201 -3.06813629 -2.27308504 -2.09789151 -2.01623144 
6.57933225e-06 -4.97795201 -3.06813629 -2.27308504 -2.09789151 -2.01623144 
5.33669923e-06 -4.97795201 -3.06813629 -2.27308504 -2.09789151 -2.01623144 
4.32876128e-06 -4.97795201 -3.06813629 -2.27308504 -2.09789151 -2.01623144 
3.51119173e-06 -4.97795201 -3.06813629 -2.27308504 -2.09789151 -2.01623144 
2.84803587e-06 -4.97795201 -3.06813629 -2.27308504 -2.09789151 -2.01623144 
2.31012970e-06 -4.97795201 -3.06813629 -2.27308504 -2.09789151 -2.01623144 
1.87381742e-06 -4.97795201 -3.06813629 -2.27308504 -2.09789151 -2.01623144 
1.51991108e-06 -4.97795201 -3.06813629 -2.27308504 -2.09789151 -2.01623144 
1.23284674e-06 -4.97795201 -3.06813629 -2.27308504 -2.09789151 -2.01623144 
1.00000000e-06 -4.97795201 -3.06813629 -2.27308504 -2.09789151 -2.01623144 
8.11130831e-07 -4.97795201 -3.06813629 -2.27308504 -2.09789151 -2.01623144 
6.57933225e-07 -4.97795201 -3.06813629 -2.27308504 -2.09789151 -2.01623144 
5.33669923e-07 -4.97795201 -3.06813629 -2.27308504 -2.09789151 -2.01623144 
4.32876128e-07 -4.97795201 -3.06813629 -2.27308504 -2.09789151 -2.01623144 
3.51119173e-07 -4.97795201 -3.06813629 -2.27308504 -2.09789151 -2.01623144 
2.84803587e-07 -4.97795201 -3.06813629 -2.27308504 -2.09789151 -2.01623144 
2.31012970e-07 -4.97795201 -3.06813629 -2.27308504 -2.09789151 -2.01623144 
1.87381742e-07 -4.97795201 -3.06813629 -2.27308504 -2.09789151 -2.01623144 
1.51991108e-07 -4.97795201 -3.06813629 -2.27308504 -2.09789151 -2.01623144 
1.23284674e-07 -4.97795201 -3.06813629 -2.27308504 -2.09789151 -2.01623144 
1.00000000e-07 -4.97795201 -3.06813629 -2.27308504 -2.09789151 -2.01623144 
P (bar) | log_CH4: -2σ | log_CH4: -1σ | log_CH4: median | log_CH4: +1σ | log_CH4: +2σ 
1.00000000e+02 -9.92875337 -9.56583731 -8.66341768 -7.69156260 -7.12818283 
8.11130831e+01 -9.92875337 -9.56583731 -8.66341768 -7.69156260 -7.12818283 
6.57933225e+01 -9.92875337 -9.56583731 -8.66341768 -7.69156260 -7.12818283 
5.33669923e+01 -9.92875337 -9.56583731 -8.66341768 -7.69156260 -7.12818283 
4.32876128e+01 -9.92875337 -9.56583731 -8.66341768 -7.69156260 -7.12818283 
3.51119173e+01 -9.92875337 -9.56583731 -8.66341768 -7.69156260 -7.12818283 
2.84803587e+01 -9.92875337 -9.56583731 -8.66341768 -7.69156260 -7.12818283 
2.31012970e+01 -9.92875337 -9.56583731 -8.66341768 -7.69156260 -7.12818283 
1.87381742e+01 -9.92875337 -9.56583731 -8.66341768 -7.69156260 -7.12818283 
1.51991108e+01 -9.92875337 -9.56583731 -8.66341768 -7.69156260 -7.12818283 
1.23284674e+01 -9.92875337 -9.56583731 -8.66341768 -7.69156260 -7.12818283 
1.00000000e+01 -9.92875337 -9.56583731 -8.66341768 -7.69156260 -7.12818283 
8.11130831e+00 -9.92875337 -9.56583731 -8.66341768 -7.69156260 -7.12818283 
6.57933225e+00 -9.92875337 -9.56583731 -8.66341768 -7.69156260 -7.12818283 
5.33669923e+00 -9.92875337 -9.56583731 -8.66341768 -7.69156260 -7.12818283 
4.32876128e+00 -9.92875337 -9.56583731 -8.66341768 -7.69156260 -7.12818283 
3.51119173e+00 -9.92875337 -9.56583731 -8.66341768 -7.69156260 -7.12818283 
2.84803587e+00 -9.92875337 -9.56583731 -8.66341768 -7.69156260 -7.12818283 
2.31012970e+00 -9.92875337 -9.56583731 -8.66341768 -7.69156260 -7.12818283 
1.87381742e+00 -9.92875337 -9.56583731 -8.66341768 -7.69156260 -7.12818283 
1.51991108e+00 -9.92875337 -9.56583731 -8.66341768 -7.69156260 -7.12818283 
1.23284674e+00 -9.92875337 -9.56583731 -8.66341768 -7.69156260 -7.12818283 
1.00000000e+00 -9.92875337 -9.56583731 -8.66341768 -7.69156260 -7.12818283 
8.11130831e-01 -9.92875337 -9.56583731 -8.66341768 -7.69156260 -7.12818283 
6.57933225e-01 -9.92875337 -9.56583731 -8.66341768 -7.69156260 -7.12818283 
5.33669923e-01 -9.92875337 -9.56583731 -8.66341768 -7.69156260 -7.12818283 
4.32876128e-01 -9.92875337 -9.56583731 -8.66341768 -7.69156260 -7.12818283 
3.51119173e-01 -9.92875337 -9.56583731 -8.66341768 -7.69156260 -7.12818283 
2.84803587e-01 -9.92875337 -9.56583731 -8.66341768 -7.69156260 -7.12818283 
2.31012970e-01 -9.92875337 -9.56583731 -8.66341768 -7.69156260 -7.12818283 
1.87381742e-01 -9.92875337 -9.56583731 -8.66341768 -7.69156260 -7.12818283 
1.51991108e-01 -9.92875337 -9.56583731 -8.66341768 -7.69156260 -7.12818283 
1.23284674e-01 -9.92875337 -9.56583731 -8.66341768 -7.69156260 -7.12818283 
1.00000000e-01 -9.92875337 -9.56583731 -8.66341768 -7.69156260 -7.12818283 
8.11130831e-02 -9.92875337 -9.56583731 -8.66341768 -7.69156260 -7.12818283 
6.57933225e-02 -9.92875337 -9.56583731 -8.66341768 -7.69156260 -7.12818283 
5.33669923e-02 -9.92875337 -9.56583731 -8.66341768 -7.69156260 -7.12818283 
4.32876128e-02 -9.92875337 -9.56583731 -8.66341768 -7.69156260 -7.12818283 
3.51119173e-02 -9.92875337 -9.56583731 -8.66341768 -7.69156260 -7.12818283 
2.84803587e-02 -9.92875337 -9.56583731 -8.66341768 -7.69156260 -7.12818283 
2.31012970e-02 -9.92875337 -9.56583731 -8.66341768 -7.69156260 -7.12818283 
1.87381742e-02 -9.92875337 -9.56583731 -8.66341768 -7.69156260 -7.12818283 
1.51991108e-02 -9.92875337 -9.56583731 -8.66341768 -7.69156260 -7.12818283 
1.23284674e-02 -9.92875337 -9.56583731 -8.66341768 -7.69156260 -7.12818283 
1.00000000e-02 -9.92875337 -9.56583731 -8.66341768 -7.69156260 -7.12818283 
8.11130831e-03 -9.92875337 -9.56583731 -8.66341768 -7.69156260 -7.12818283 
6.57933225e-03 -9.92875337 -9.56583731 -8.66341768 -7.69156260 -7.12818283 
5.33669923e-03 -9.92875337 -9.56583731 -8.66341768 -7.69156260 -7.12818283 
4.32876128e-03 -9.92875337 -9.56583731 -8.66341768 -7.69156260 -7.12818283 
3.51119173e-03 -9.92875337 -9.56583731 -8.66341768 -7.69156260 -7.12818283 
2.84803587e-03 -9.92875337 -9.56583731 -8.66341768 -7.69156260 -7.12818283 
2.31012970e-03 -9.92875337 -9.56583731 -8.66341768 -7.69156260 -7.12818283 
1.87381742e-03 -9.92875337 -9.56583731 -8.66341768 -7.69156260 -7.12818283 
1.51991108e-03 -9.92875337 -9.56583731 -8.66341768 -7.69156260 -7.12818283 
1.23284674e-03 -9.92875337 -9.56583731 -8.66341768 -7.69156260 -7.12818283 
1.00000000e-03 -9.92875337 -9.56583731 -8.66341768 -7.69156260 -7.12818283 
8.11130831e-04 -9.92875337 -9.56583731 -8.66341768 -7.69156260 -7.12818283 
6.57933225e-04 -9.92875337 -9.56583731 -8.66341768 -7.69156260 -7.12818283 
5.33669923e-04 -9.92875337 -9.56583731 -8.66341768 -7.69156260 -7.12818283 
4.32876128e-04 -9.92875337 -9.56583731 -8.66341768 -7.69156260 -7.12818283 
3.51119173e-04 -9.92875337 -9.56583731 -8.66341768 -7.69156260 -7.12818283 
2.84803587e-04 -9.92875337 -9.56583731 -8.66341768 -7.69156260 -7.12818283 
2.31012970e-04 -9.92875337 -9.56583731 -8.66341768 -7.69156260 -7.12818283 
1.87381742e-04 -9.92875337 -9.56583731 -8.66341768 -7.69156260 -7.12818283 
1.51991108e-04 -9.92875337 -9.56583731 -8.66341768 -7.69156260 -7.12818283 
1.23284674e-04 -9.92875337 -9.56583731 -8.66341768 -7.69156260 -7.12818283 
1.00000000e-04 -9.92875337 -9.56583731 -8.66341768 -7.69156260 -7.12818283 
8.11130831e-05 -9.92875337 -9.56583731 -8.66341768 -7.69156260 -7.12818283 
6.57933225e-05 -9.92875337 -9.56583731 -8.66341768 -7.69156260 -7.12818283 
5.33669923e-05 -9.92875337 -9.56583731 -8.66341768 -7.69156260 -7.12818283 
4.32876128e-05 -9.92875337 -9.56583731 -8.66341768 -7.69156260 -7.12818283 
3.51119173e-05 -9.92875337 -9.56583731 -8.66341768 -7.69156260 -7.12818283 
2.84803587e-05 -9.92875337 -9.56583731 -8.66341768 -7.69156260 -7.12818283 
2.31012970e-05 -9.92875337 -9.56583731 -8.66341768 -7.69156260 -7.12818283 
1.87381742e-05 -9.92875337 -9.56583731 -8.66341768 -7.69156260 -7.12818283 
1.51991108e-05 -9.92875337 -9.56583731 -8.66341768 -7.69156260 -7.12818283 
1.23284674e-05 -9.92875337 -9.56583731 -8.66341768 -7.69156260 -7.12818283 
1.00000000e-05 -9.92875337 -9.56583731 -8.66341768 -7.69156260 -7.12818283 
8.11130831e-06 -9.92875337 -9.56583731 -8.66341768 -7.69156260 -7.12818283 
6.57933225e-06 -9.92875337 -9.56583731 -8.66341768 -7.69156260 -7.12818283 
5.33669923e-06 -9.92875337 -9.56583731 -8.66341768 -7.69156260 -7.12818283 
4.32876128e-06 -9.92875337 -9.56583731 -8.66341768 -7.69156260 -7.12818283 
3.51119173e-06 -9.92875337 -9.56583731 -8.66341768 -7.69156260 -7.12818283 
2.84803587e-06 -9.92875337 -9.56583731 -8.66341768 -7.69156260 -7.12818283 
2.31012970e-06 -9.92875337 -9.56583731 -8.66341768 -7.69156260 -7.12818283 
1.87381742e-06 -9.92875337 -9.56583731 -8.66341768 -7.69156260 -7.12818283 
1.51991108e-06 -9.92875337 -9.56583731 -8.66341768 -7.69156260 -7.12818283 
1.23284674e-06 -9.92875337 -9.56583731 -8.66341768 -7.69156260 -7.12818283 
1.00000000e-06 -9.92875337 -9.56583731 -8.66341768 -7.69156260 -7.12818283 
8.11130831e-07 -9.92875337 -9.56583731 -8.66341768 -7.69156260 -7.12818283 
6.57933225e-07 -9.92875337 -9.56583731 -8.66341768 -7.69156260 -7.12818283 
5.33669923e-07 -9.92875337 -9.56583731 -8.66341768 -7.69156260 -7.12818283 
4.32876128e-07 -9.92875337 -9.56583731 -8.66341768 -7.69156260 -7.12818283 
3.51119173e-07 -9.92875337 -9.56583731 -8.66341768 -7.69156260 -7.12818283 
2.84803587e-07 -9.92875337 -9.56583731 -8.66341768 -7.69156260 -7.12818283 
2.31012970e-07 -9.92875337 -9.56583731 -8.66341768 -7.69156260 -7.12818283 
1.87381742e-07 -9.92875337 -9.56583731 -8.66341768 -7.69156260 -7.12818283 
1.51991108e-07 -9.92875337 -9.56583731 -8.66341768 -7.69156260 -7.12818283 
1.23284674e-07 -9.92875337 -9.56583731 -8.66341768 -7.69156260 -7.12818283 
1.00000000e-07 -9.92875337 -9.56583731 -8.66341768 -7.69156260 -7.12818283 
P (bar) | log_H2S: -2σ | log_H2S: -1σ | log_H2S: median | log_H2S: +1σ | log_H2S: +2σ 
1.00000000e+02 -5.15250296 -3.59352098 -2.95641623 -2.78606873 -2.64423743 
8.11130831e+01 -5.15250296 -3.59352098 -2.95641623 -2.78606873 -2.64423743 
6.57933225e+01 -5.15250296 -3.59352098 -2.95641623 -2.78606873 -2.64423743 
5.33669923e+01 -5.15250296 -3.59352098 -2.95641623 -2.78606873 -2.64423743 
4.32876128e+01 -5.15250296 -3.59352098 -2.95641623 -2.78606873 -2.64423743 
3.51119173e+01 -5.15250296 -3.59352098 -2.95641623 -2.78606873 -2.64423743 
2.84803587e+01 -5.15250296 -3.59352098 -2.95641623 -2.78606873 -2.64423743 
2.31012970e+01 -5.15250296 -3.59352098 -2.95641623 -2.78606873 -2.64423743 
1.87381742e+01 -5.15250296 -3.59352098 -2.95641623 -2.78606873 -2.64423743 
1.51991108e+01 -5.15250296 -3.59352098 -2.95641623 -2.78606873 -2.64423743 
1.23284674e+01 -5.15250296 -3.59352098 -2.95641623 -2.78606873 -2.64423743 
1.00000000e+01 -5.15250296 -3.59352098 -2.95641623 -2.78606873 -2.64423743 
8.11130831e+00 -5.15250296 -3.59352098 -2.95641623 -2.78606873 -2.64423743 
6.57933225e+00 -5.15250296 -3.59352098 -2.95641623 -2.78606873 -2.64423743 
5.33669923e+00 -5.15250296 -3.59352098 -2.95641623 -2.78606873 -2.64423743 
4.32876128e+00 -5.15250296 -3.59352098 -2.95641623 -2.78606873 -2.64423743 
3.51119173e+00 -5.15250296 -3.59352098 -2.95641623 -2.78606873 -2.64423743 
2.84803587e+00 -5.15250296 -3.59352098 -2.95641623 -2.78606873 -2.64423743 
2.31012970e+00 -5.15250296 -3.59352098 -2.95641623 -2.78606873 -2.64423743 
1.87381742e+00 -5.15250296 -3.59352098 -2.95641623 -2.78606873 -2.64423743 
1.51991108e+00 -5.15250296 -3.59352098 -2.95641623 -2.78606873 -2.64423743 
1.23284674e+00 -5.15250296 -3.59352098 -2.95641623 -2.78606873 -2.64423743 
1.00000000e+00 -5.15250296 -3.59352098 -2.95641623 -2.78606873 -2.64423743 
8.11130831e-01 -5.15250296 -3.59352098 -2.95641623 -2.78606873 -2.64423743 
6.57933225e-01 -5.15250296 -3.59352098 -2.95641623 -2.78606873 -2.64423743 
5.33669923e-01 -5.15250296 -3.59352098 -2.95641623 -2.78606873 -2.64423743 
4.32876128e-01 -5.15250296 -3.59352098 -2.95641623 -2.78606873 -2.64423743 
3.51119173e-01 -5.15250296 -3.59352098 -2.95641623 -2.78606873 -2.64423743 
2.84803587e-01 -5.15250296 -3.59352098 -2.95641623 -2.78606873 -2.64423743 
2.31012970e-01 -5.15250296 -3.59352098 -2.95641623 -2.78606873 -2.64423743 
1.87381742e-01 -5.15250296 -3.59352098 -2.95641623 -2.78606873 -2.64423743 
1.51991108e-01 -5.15250296 -3.59352098 -2.95641623 -2.78606873 -2.64423743 
1.23284674e-01 -5.15250296 -3.59352098 -2.95641623 -2.78606873 -2.64423743 
1.00000000e-01 -5.15250296 -3.59352098 -2.95641623 -2.78606873 -2.64423743 
8.11130831e-02 -5.15250296 -3.59352098 -2.95641623 -2.78606873 -2.64423743 
6.57933225e-02 -5.15250296 -3.59352098 -2.95641623 -2.78606873 -2.64423743 
5.33669923e-02 -5.15250296 -3.59352098 -2.95641623 -2.78606873 -2.64423743 
4.32876128e-02 -5.15250296 -3.59352098 -2.95641623 -2.78606873 -2.64423743 
3.51119173e-02 -5.15250296 -3.59352098 -2.95641623 -2.78606873 -2.64423743 
2.84803587e-02 -5.15250296 -3.59352098 -2.95641623 -2.78606873 -2.64423743 
2.31012970e-02 -5.15250296 -3.59352098 -2.95641623 -2.78606873 -2.64423743 
1.87381742e-02 -5.15250296 -3.59352098 -2.95641623 -2.78606873 -2.64423743 
1.51991108e-02 -5.15250296 -3.59352098 -2.95641623 -2.78606873 -2.64423743 
1.23284674e-02 -5.15250296 -3.59352098 -2.95641623 -2.78606873 -2.64423743 
1.00000000e-02 -5.15250296 -3.59352098 -2.95641623 -2.78606873 -2.64423743 
8.11130831e-03 -5.15250296 -3.59352098 -2.95641623 -2.78606873 -2.64423743 
6.57933225e-03 -5.15250296 -3.59352098 -2.95641623 -2.78606873 -2.64423743 
5.33669923e-03 -5.15250296 -3.59352098 -2.95641623 -2.78606873 -2.64423743 
4.32876128e-03 -5.15250296 -3.59352098 -2.95641623 -2.78606873 -2.64423743 
3.51119173e-03 -5.15250296 -3.59352098 -2.95641623 -2.78606873 -2.64423743 
2.84803587e-03 -5.15250296 -3.59352098 -2.95641623 -2.78606873 -2.64423743 
2.31012970e-03 -5.15250296 -3.59352098 -2.95641623 -2.78606873 -2.64423743 
1.87381742e-03 -5.15250296 -3.59352098 -2.95641623 -2.78606873 -2.64423743 
1.51991108e-03 -5.15250296 -3.59352098 -2.95641623 -2.78606873 -2.64423743 
1.23284674e-03 -5.15250296 -3.59352098 -2.95641623 -2.78606873 -2.64423743 
1.00000000e-03 -5.15250296 -3.59352098 -2.95641623 -2.78606873 -2.64423743 
8.11130831e-04 -5.15250296 -3.59352098 -2.95641623 -2.78606873 -2.64423743 
6.57933225e-04 -5.15250296 -3.59352098 -2.95641623 -2.78606873 -2.64423743 
5.33669923e-04 -5.15250296 -3.59352098 -2.95641623 -2.78606873 -2.64423743 
4.32876128e-04 -5.15250296 -3.59352098 -2.95641623 -2.78606873 -2.64423743 
3.51119173e-04 -5.15250296 -3.59352098 -2.95641623 -2.78606873 -2.64423743 
2.84803587e-04 -5.15250296 -3.59352098 -2.95641623 -2.78606873 -2.64423743 
2.31012970e-04 -5.15250296 -3.59352098 -2.95641623 -2.78606873 -2.64423743 
1.87381742e-04 -5.15250296 -3.59352098 -2.95641623 -2.78606873 -2.64423743 
1.51991108e-04 -5.15250296 -3.59352098 -2.95641623 -2.78606873 -2.64423743 
1.23284674e-04 -5.15250296 -3.59352098 -2.95641623 -2.78606873 -2.64423743 
1.00000000e-04 -5.15250296 -3.59352098 -2.95641623 -2.78606873 -2.64423743 
8.11130831e-05 -5.15250296 -3.59352098 -2.95641623 -2.78606873 -2.64423743 
6.57933225e-05 -5.15250296 -3.59352098 -2.95641623 -2.78606873 -2.64423743 
5.33669923e-05 -5.15250296 -3.59352098 -2.95641623 -2.78606873 -2.64423743 
4.32876128e-05 -5.15250296 -3.59352098 -2.95641623 -2.78606873 -2.64423743 
3.51119173e-05 -5.15250296 -3.59352098 -2.95641623 -2.78606873 -2.64423743 
2.84803587e-05 -5.15250296 -3.59352098 -2.95641623 -2.78606873 -2.64423743 
2.31012970e-05 -5.15250296 -3.59352098 -2.95641623 -2.78606873 -2.64423743 
1.87381742e-05 -5.15250296 -3.59352098 -2.95641623 -2.78606873 -2.64423743 
1.51991108e-05 -5.15250296 -3.59352098 -2.95641623 -2.78606873 -2.64423743 
1.23284674e-05 -5.15250296 -3.59352098 -2.95641623 -2.78606873 -2.64423743 
1.00000000e-05 -5.15250296 -3.59352098 -2.95641623 -2.78606873 -2.64423743 
8.11130831e-06 -5.15250296 -3.59352098 -2.95641623 -2.78606873 -2.64423743 
6.57933225e-06 -5.15250296 -3.59352098 -2.95641623 -2.78606873 -2.64423743 
5.33669923e-06 -5.15250296 -3.59352098 -2.95641623 -2.78606873 -2.64423743 
4.32876128e-06 -5.15250296 -3.59352098 -2.95641623 -2.78606873 -2.64423743 
3.51119173e-06 -5.15250296 -3.59352098 -2.95641623 -2.78606873 -2.64423743 
2.84803587e-06 -5.15250296 -3.59352098 -2.95641623 -2.78606873 -2.64423743 
2.31012970e-06 -5.15250296 -3.59352098 -2.95641623 -2.78606873 -2.64423743 
1.87381742e-06 -5.15250296 -3.59352098 -2.95641623 -2.78606873 -2.64423743 
1.51991108e-06 -5.15250296 -3.59352098 -2.95641623 -2.78606873 -2.64423743 
1.23284674e-06 -5.15250296 -3.59352098 -2.95641623 -2.78606873 -2.64423743 
1.00000000e-06 -5.15250296 -3.59352098 -2.95641623 -2.78606873 -2.64423743 
8.11130831e-07 -5.15250296 -3.59352098 -2.95641623 -2.78606873 -2.64423743 
6.57933225e-07 -5.15250296 -3.59352098 -2.95641623 -2.78606873 -2.64423743 
5.33669923e-07 -5.15250296 -3.59352098 -2.95641623 -2.78606873 -2.64423743 
4.32876128e-07 -5.15250296 -3.59352098 -2.95641623 -2.78606873 -2.64423743 
3.51119173e-07 -5.15250296 -3.59352098 -2.95641623 -2.78606873 -2.64423743 
2.84803587e-07 -5.15250296 -3.59352098 -2.95641623 -2.78606873 -2.64423743 
2.31012970e-07 -5.15250296 -3.59352098 -2.95641623 -2.78606873 -2.64423743 
1.87381742e-07 -5.15250296 -3.59352098 -2.95641623 -2.78606873 -2.64423743 
1.51991108e-07 -5.15250296 -3.59352098 -2.95641623 -2.78606873 -2.64423743 
1.23284674e-07 -5.15250296 -3.59352098 -2.95641623 -2.78606873 -2.64423743 
1.00000000e-07 -5.15250296 -3.59352098 -2.95641623 -2.78606873 -2.64423743 
